10,136,[42134, 42187, 42207, 42252, 44139, 44157, 44214, 51988, 52026, 52036, 52049, 52052, 54439, 54458, 70171, 73770, 73778, 73916, 74018, 74040, 74266, 74391, 74411, 74568, 74574, 74801, 75143, 75172, 75177, 75218, 90247, 98997, 99027, 108926, 108950, 109034, 221910, 227555, 227597, 227668, 227675, 231308, 244517, 267443, 267573, 267580, 277313, 288635, 289643, 289652, 291758, 291780, 291808, 291833, 291862, 291875, 291892, 291905, 291945, 291966, 388018, 388133, 389094, 389104, 392687, 403016, 403031, 403039, 403083, 403088, 403188, 403200, 460033, 460127, 460361, 480257, 502477, 502513, 502572, 502580, 502621, 502650, 502677, 502697, 511371, 515178, 515873, 516804, 516826, 516892, 516902, 516910, 516935, 516961, 519027, 527571, 527668, 531348, 531633, 532694, 532731, 532797, 532803, 532831, 532876, 540161, 540229, 540252, 540269, 540302, 540708, 540739, 540775, 548212, 548247, 552057, 552068, 552180, 552205, 554239, 554245, 554266, 555884, 555932, 562979, 562983, 564686, 573296, 573565, 573829, 573858, 575000, 575591, 576183, 576930, 610675]
15,4,[3526, 8708, 93720, 93724]
17,5,[52947, 66564, 66582, 66637, 70029]
20,2,[38184, 39746]
22,3,[103129, 160290, 161612]
23,11,[15422, 15467, 17439, 21210, 21279, 21343, 21360, 21451, 21509, 21585, 21609]
26,2,[39104, 40685]
30,136,[42036, 42089, 42109, 42154, 44041, 44059, 44116, 51890, 51928, 51938, 51951, 51954, 54340, 54359, 70068, 73667, 73675, 73813, 73915, 73937, 74163, 74288, 74308, 74465, 74471, 74698, 75040, 75069, 75074, 75115, 90140, 98890, 98920, 108815, 108839, 108923, 221760, 227405, 227447, 227518, 227525, 231158, 244364, 267287, 267417, 267424, 277157, 288479, 289487, 289496, 291602, 291624, 291652, 291677, 291706, 291719, 291736, 291749, 291789, 291810, 387855, 387970, 388931, 388941, 392524, 402850, 402865, 402873, 402917, 402922, 403022, 403034, 459863, 459957, 460191, 480089, 502308, 502344, 502403, 502411, 502452, 502481, 502508, 502528, 511202, 515009, 515701, 516632, 516654, 516720, 516730, 516738, 516763, 516789, 518855, 527399, 527496, 531173, 531458, 532519, 532556, 532622, 532628, 532656, 532701, 539986, 540054, 540077, 540094, 540127, 540533, 540564, 540600, 548037, 548072, 551879, 551890, 552002, 552027, 554061, 554067, 554088, 555706, 555754, 562801, 562805, 564506, 573116, 573385, 573649, 573678, 574820, 575411, 576003, 576750, 610458]
10,136,[42134, 42187, 42207, 42252, 44139, 44157, 44214, 51988, 52026, 52036, 52049, 52052, 54439, 54458, 70171, 73770, 73778, 73916, 74018, 74040, 74266, 74391, 74411, 74568, 74574, 74801, 75143, 75172, 75177, 75218, 90247, 98997, 99027, 108926, 108950, 109034, 221910, 227555, 227597, 227668, 227675, 231308, 244517, 267443, 267573, 267580, 277313, 288635, 289643, 289652, 291758, 291780, 291808, 291833, 291862, 291875, 291892, 291905, 291945, 291966, 388018, 388133, 389094, 389104, 392687, 403016, 403031, 403039, 403083, 403088, 403188, 403200, 460033, 460127, 460361, 480257, 502477, 502513, 502572, 502580, 502621, 502650, 502677, 502697, 511371, 515178, 515873, 516804, 516826, 516892, 516902, 516910, 516935, 516961, 519027, 527571, 527668, 531348, 531633, 532694, 532731, 532797, 532803, 532831, 532876, 540161, 540229, 540252, 540269, 540302, 540708, 540739, 540775, 548212, 548247, 552057, 552068, 552180, 552205, 554239, 554245, 554266, 555884, 555932, 562979, 562983, 564686, 573296, 573565, 573829, 573858, 575000, 575591, 576183, 576930, 610675]
15,4,[3526, 8708, 93720, 93724]
17,5,[52947, 66564, 66582, 66637, 70029]
20,2,[38184, 39746]
22,3,[103129, 160290, 161612]
23,11,[15422, 15467, 17439, 21210, 21279, 21343, 21360, 21451, 21509, 21585, 21609]
26,2,[39104, 40685]
30,136,[42036, 42089, 42109, 42154, 44041, 44059, 44116, 51890, 51928, 51938, 51951, 51954, 54340, 54359, 70068, 73667, 73675, 73813, 73915, 73937, 74163, 74288, 74308, 74465, 74471, 74698, 75040, 75069, 75074, 75115, 90140, 98890, 98920, 108815, 108839, 108923, 221760, 227405, 227447, 227518, 227525, 231158, 244364, 267287, 267417, 267424, 277157, 288479, 289487, 289496, 291602, 291624, 291652, 291677, 291706, 291719, 291736, 291749, 291789, 291810, 387855, 387970, 388931, 388941, 392524, 402850, 402865, 402873, 402917, 402922, 403022, 403034, 459863, 459957, 460191, 480089, 502308, 502344, 502403, 502411, 502452, 502481, 502508, 502528, 511202, 515009, 515701, 516632, 516654, 516720, 516730, 516738, 516763, 516789, 518855, 527399, 527496, 531173, 531458, 532519, 532556, 532622, 532628, 532656, 532701, 539986, 540054, 540077, 540094, 540127, 540533, 540564, 540600, 548037, 548072, 551879, 551890, 552002, 552027, 554061, 554067, 554088, 555706, 555754, 562801, 562805, 564506, 573116, 573385, 573649, 573678, 574820, 575411, 576003, 576750, 610458]
