10,79,[28714, 38093, 43054, 62642, 62684, 64517, 64557, 70373, 70442, 86346, 96810, 98843, 113418, 113563, 114018, 127248, 127997, 136799, 142531, 142584, 142615, 165237, 167304, 168166, 171308, 191740, 227101, 247847, 252004, 255529, 255558, 259217, 259301, 262545, 271948, 271961, 280156, 280359, 291228, 311578, 316256, 321874, 322293, 322324, 324945, 335944, 336516, 350938, 363318, 374912, 382505, 382533, 388157, 396509, 397145, 397170, 403166, 403174, 441413, 456311, 473088, 474098, 474222, 478681, 479433, 524709, 540013, 569049, 595739, 619194, 620278, 620706, 620989, 621119, 621153, 621195, 621279, 623252, 625762]
17,3,[175118, 175131, 194712]
18,3,[21420, 78346, 97440]
22,2,[160788, 160792]
30,79,[28620, 37995, 42956, 62539, 62581, 64414, 64454, 70270, 70339, 86239, 96703, 98736, 113307, 113452, 113907, 127137, 127886, 136687, 142419, 142472, 142503, 165114, 167181, 168043, 171185, 191608, 226951, 247694, 251851, 255376, 255405, 259061, 259145, 262389, 271792, 271805, 280001, 280204, 291072, 311419, 316097, 321715, 322134, 322165, 324786, 335785, 336357, 350779, 363155, 374749, 382342, 382370, 387994, 396343, 396979, 397004, 403000, 403008, 441243, 456141, 472918, 473928, 474052, 478513, 479265, 524537, 539838, 568869, 595548, 618942, 620026, 620454, 620737, 620867, 620901, 620943, 621027, 623000, 625505]
10,79,[28714, 38093, 43054, 62642, 62684, 64517, 64557, 70373, 70442, 86346, 96810, 98843, 113418, 113563, 114018, 127248, 127997, 136799, 142531, 142584, 142615, 165237, 167304, 168166, 171308, 191740, 227101, 247847, 252004, 255529, 255558, 259217, 259301, 262545, 271948, 271961, 280156, 280359, 291228, 311578, 316256, 321874, 322293, 322324, 324945, 335944, 336516, 350938, 363318, 374912, 382505, 382533, 388157, 396509, 397145, 397170, 403166, 403174, 441413, 456311, 473088, 474098, 474222, 478681, 479433, 524709, 540013, 569049, 595739, 619194, 620278, 620706, 620989, 621119, 621153, 621195, 621279, 623252, 625762]
17,3,[175118, 175131, 194712]
18,3,[21420, 78346, 97440]
22,2,[160788, 160792]
30,79,[28620, 37995, 42956, 62539, 62581, 64414, 64454, 70270, 70339, 86239, 96703, 98736, 113307, 113452, 113907, 127137, 127886, 136687, 142419, 142472, 142503, 165114, 167181, 168043, 171185, 191608, 226951, 247694, 251851, 255376, 255405, 259061, 259145, 262389, 271792, 271805, 280001, 280204, 291072, 311419, 316097, 321715, 322134, 322165, 324786, 335785, 336357, 350779, 363155, 374749, 382342, 382370, 387994, 396343, 396979, 397004, 403000, 403008, 441243, 456141, 472918, 473928, 474052, 478513, 479265, 524537, 539838, 568869, 595548, 618942, 620026, 620454, 620737, 620867, 620901, 620943, 621027, 623000, 625505]
