10,3,[75656, 76189, 117285]
13,1,[1117]
14,12,[56251, 104035, 119513, 130214, 141545, 141551, 151437, 177545, 184083, 184094, 185780, 189328]
18,2,[53499, 140944]
21,3,[13048, 24413, 26813]
22,15,[119178, 119208, 120111, 121793, 123189, 123327, 123394, 123395, 123417, 123449, 123452, 123468, 123722, 123724, 126302]
23,1,[23655]
25,13,[53887, 54600, 99894, 114458, 124676, 135630, 135636, 145131, 170306, 176565, 176576, 178159, 181493]
27,1,[63101]
28,1,[11265]
30,3,[75553, 76086, 117174]
10,3,[75656, 76189, 117285]
13,1,[1117]
14,12,[56251, 104035, 119513, 130214, 141545, 141551, 151437, 177545, 184083, 184094, 185780, 189328]
18,2,[53499, 140944]
21,3,[13048, 24413, 26813]
22,15,[119178, 119208, 120111, 121793, 123189, 123327, 123394, 123395, 123417, 123449, 123452, 123468, 123722, 123724, 126302]
23,1,[23655]
25,13,[53887, 54600, 99894, 114458, 124676, 135630, 135636, 145131, 170306, 176565, 176576, 178159, 181493]
27,1,[63101]
28,1,[11265]
30,3,[75553, 76086, 117174]
