10,40,[6980, 10047, 59333, 59339, 59356, 92390, 103419, 103591, 107186, 124950, 130033, 136190, 137615, 137684, 138427, 139730, 151286, 187130, 220575, 220592, 229410, 249399, 262379, 269064, 280336, 281200, 298870, 402712, 458396, 461003, 498028, 498033, 522389, 522390, 522394, 522403, 541309, 541313, 611217, 624459]
11,2,[2681, 4075]
13,1,[3047]
14,43,[2916, 7912, 7938, 8254, 8277, 14617, 15129, 23140, 23723, 33173, 33733, 33776, 40337, 43997, 44991, 47224, 64067, 94518, 96192, 98582, 99622, 105765, 109635, 110391, 115979, 119337, 121022, 124449, 134589, 140041, 141736, 146123, 148240, 148913, 157317, 158184, 167706, 168765, 174798, 177158, 177764, 179538, 190146]
15,12,[4153, 21895, 22726, 30007, 35906, 47348, 47759, 54054, 101472, 136021, 147068, 167544]
16,1,[7319]
17,4,[177397, 177402, 177413, 180441]
20,1,[61686]
21,7,[303, 9519, 10278, 10290, 10331, 10384, 35650]
22,24,[36088, 44650, 45045, 51340, 51389, 51407, 51458, 56100, 56776, 62802, 66251, 70494, 71773, 92924, 93687, 94251, 99328, 124031, 127855, 134115, 134117, 141878, 148791, 155008]
24,1,[6752]
25,43,[3314, 8162, 8187, 8483, 8501, 14596, 15073, 22604, 23127, 32021, 32541, 32583, 38809, 42198, 43177, 45384, 61653, 90559, 92142, 94493, 95488, 101450, 105056, 105945, 111049, 114291, 115934, 119239, 128823, 134209, 135793, 140041, 142185, 142810, 150602, 151458, 160788, 161828, 167755, 169973, 170490, 172136, 182429]
26,1,[62989]
27,3,[665, 16746, 27703]
30,40,[6886, 9953, 59230, 59236, 59253, 92283, 103312, 103484, 107075, 124839, 129921, 136078, 137503, 137572, 138315, 139618, 151173, 186998, 220425, 220442, 229260, 249246, 262223, 268908, 280181, 281045, 298712, 402546, 458226, 460833, 497859, 497864, 522217, 522218, 522222, 522231, 541134, 541138, 611000, 624205]
10,40,[6980, 10047, 59333, 59339, 59356, 92390, 103419, 103591, 107186, 124950, 130033, 136190, 137615, 137684, 138427, 139730, 151286, 187130, 220575, 220592, 229410, 249399, 262379, 269064, 280336, 281200, 298870, 402712, 458396, 461003, 498028, 498033, 522389, 522390, 522394, 522403, 541309, 541313, 611217, 624459]
11,2,[2681, 4075]
13,1,[3047]
14,43,[2916, 7912, 7938, 8254, 8277, 14617, 15129, 23140, 23723, 33173, 33733, 33776, 40337, 43997, 44991, 47224, 64067, 94518, 96192, 98582, 99622, 105765, 109635, 110391, 115979, 119337, 121022, 124449, 134589, 140041, 141736, 146123, 148240, 148913, 157317, 158184, 167706, 168765, 174798, 177158, 177764, 179538, 190146]
15,12,[4153, 21895, 22726, 30007, 35906, 47348, 47759, 54054, 101472, 136021, 147068, 167544]
16,1,[7319]
17,4,[177397, 177402, 177413, 180441]
20,1,[61686]
21,7,[303, 9519, 10278, 10290, 10331, 10384, 35650]
22,24,[36088, 44650, 45045, 51340, 51389, 51407, 51458, 56100, 56776, 62802, 66251, 70494, 71773, 92924, 93687, 94251, 99328, 124031, 127855, 134115, 134117, 141878, 148791, 155008]
24,1,[6752]
25,43,[3314, 8162, 8187, 8483, 8501, 14596, 15073, 22604, 23127, 32021, 32541, 32583, 38809, 42198, 43177, 45384, 61653, 90559, 92142, 94493, 95488, 101450, 105056, 105945, 111049, 114291, 115934, 119239, 128823, 134209, 135793, 140041, 142185, 142810, 150602, 151458, 160788, 161828, 167755, 169973, 170490, 172136, 182429]
26,1,[62989]
27,3,[665, 16746, 27703]
30,40,[6886, 9953, 59230, 59236, 59253, 92283, 103312, 103484, 107075, 124839, 129921, 136078, 137503, 137572, 138315, 139618, 151173, 186998, 220425, 220442, 229260, 249246, 262223, 268908, 280181, 281045, 298712, 402546, 458226, 460833, 497859, 497864, 522217, 522218, 522222, 522231, 541134, 541138, 611000, 624205]
