6,1,[203]
10,164,[31010, 40477, 41015, 126825, 162513, 168130, 170589, 174402, 197260, 197695, 197866, 197920, 198037, 248164, 248335, 259175, 265933, 301175, 311492, 312543, 313222, 313334, 313851, 314295, 314468, 314795, 314877, 314931, 315683, 315798, 316147, 316314, 318000, 318098, 319135, 319420, 319778, 319888, 322087, 322235, 322260, 322582, 324074, 324078, 324136, 324142, 324595, 325416, 325423, 325858, 326090, 326251, 326465, 327449, 328513, 329345, 330478, 330517, 330545, 330945, 331551, 332367, 332946, 333106, 333468, 333497, 335634, 338338, 338613, 338618, 338698, 339220, 339658, 340112, 340444, 340568, 340650, 341857, 343225, 343897, 344898, 368465, 368480, 368490, 370462, 373432, 373516, 376973, 377035, 383472, 383692, 384153, 384160, 385185, 385247, 386107, 386165, 386215, 386773, 386848, 387996, 389396, 389505, 389519, 390112, 390464, 390537, 390773, 390911, 394570, 394587, 428928, 482058, 484759, 487130, 487213, 487218, 487354, 492568, 529184, 529284, 529861, 530372, 544027, 551350, 566531, 573540, 573944, 575709, 584416, 584726, 589019, 589431, 590395, 599169, 599186, 600798, 600811, 601216, 606101, 608122, 608536, 608690, 608898, 612672, 612681, 613359, 616014, 616502, 617305, 618211, 618252, 618433, 619324, 619565, 621099, 625320, 625395, 625399, 628336, 630872, 634363, 636372, 639353]
14,2,[29883, 113377]
15,5,[17409, 33404, 79574, 115606, 120184]
17,88,[10356, 12189, 17713, 17926, 18939, 18994, 22096, 22137, 23713, 24854, 27132, 27190, 27240, 29222, 29291, 35515, 35531, 35541, 39096, 39156, 41807, 47203, 51720, 52248, 52827, 54326, 57882, 57989, 58172, 58222, 58812, 58852, 58890, 58896, 60100, 60367, 65810, 65885, 66059, 66072, 66771, 66811, 67791, 67887, 68057, 68161, 68203, 68283, 68314, 69176, 78610, 85252, 90553, 92732, 95260, 97181, 98825, 107210, 107805, 108449, 108474, 108984, 109150, 109737, 109759, 111483, 117444, 117738, 118113, 118367, 120246, 120287, 122666, 122693, 124431, 125024, 154158, 164173, 164640, 165397, 171574, 180561, 182166, 184343, 184475, 189591, 199220, 215929]
20,3,[60874, 64871, 64914]
22,5,[99248, 99525, 158802, 160126, 160711]
23,1,[29525]
24,1,[25251]
25,8,[5509, 28933, 34431, 34905, 38363, 38423, 108656, 140354]
26,3,[62171, 66273, 66318]
27,4,[38068, 38920, 40621, 87684]
30,164,[30916, 40379, 40917, 126714, 162390, 168007, 170466, 174279, 197128, 197563, 197734, 197788, 197905, 248011, 248182, 259019, 265777, 301017, 311333, 312384, 313063, 313175, 313692, 314136, 314309, 314636, 314718, 314772, 315524, 315639, 315988, 316155, 317841, 317939, 318976, 319261, 319619, 319729, 321928, 322076, 322101, 322423, 323915, 323919, 323977, 323983, 324436, 325257, 325264, 325699, 325931, 326092, 326306, 327290, 328354, 329186, 330319, 330358, 330386, 330786, 331392, 332208, 332787, 332947, 333309, 333338, 335475, 338179, 338454, 338459, 338539, 339061, 339499, 339953, 340285, 340409, 340491, 341698, 343066, 343738, 344739, 368302, 368317, 368327, 370299, 373269, 373353, 376810, 376872, 383309, 383529, 383990, 383997, 385022, 385084, 385944, 386002, 386052, 386610, 386685, 387833, 389233, 389342, 389356, 389949, 390301, 390374, 390610, 390748, 394404, 394421, 428761, 481892, 484594, 486967, 487050, 487055, 487191, 492408, 529009, 529109, 529686, 530197, 543852, 551172, 566351, 573360, 573764, 575529, 584236, 584541, 588834, 589246, 590210, 598972, 598989, 600601, 600614, 601019, 605894, 607915, 608324, 608478, 608686, 612449, 612458, 613130, 615775, 616263, 617062, 617959, 618000, 618181, 619072, 619313, 620847, 625063, 625138, 625142, 628076, 630601, 634088, 636097, 639078]
6,1,[203]
10,164,[31010, 40477, 41015, 126825, 162513, 168130, 170589, 174402, 197260, 197695, 197866, 197920, 198037, 248164, 248335, 259175, 265933, 301175, 311492, 312543, 313222, 313334, 313851, 314295, 314468, 314795, 314877, 314931, 315683, 315798, 316147, 316314, 318000, 318098, 319135, 319420, 319778, 319888, 322087, 322235, 322260, 322582, 324074, 324078, 324136, 324142, 324595, 325416, 325423, 325858, 326090, 326251, 326465, 327449, 328513, 329345, 330478, 330517, 330545, 330945, 331551, 332367, 332946, 333106, 333468, 333497, 335634, 338338, 338613, 338618, 338698, 339220, 339658, 340112, 340444, 340568, 340650, 341857, 343225, 343897, 344898, 368465, 368480, 368490, 370462, 373432, 373516, 376973, 377035, 383472, 383692, 384153, 384160, 385185, 385247, 386107, 386165, 386215, 386773, 386848, 387996, 389396, 389505, 389519, 390112, 390464, 390537, 390773, 390911, 394570, 394587, 428928, 482058, 484759, 487130, 487213, 487218, 487354, 492568, 529184, 529284, 529861, 530372, 544027, 551350, 566531, 573540, 573944, 575709, 584416, 584726, 589019, 589431, 590395, 599169, 599186, 600798, 600811, 601216, 606101, 608122, 608536, 608690, 608898, 612672, 612681, 613359, 616014, 616502, 617305, 618211, 618252, 618433, 619324, 619565, 621099, 625320, 625395, 625399, 628336, 630872, 634363, 636372, 639353]
14,2,[29883, 113377]
15,5,[17409, 33404, 79574, 115606, 120184]
17,88,[10356, 12189, 17713, 17926, 18939, 18994, 22096, 22137, 23713, 24854, 27132, 27190, 27240, 29222, 29291, 35515, 35531, 35541, 39096, 39156, 41807, 47203, 51720, 52248, 52827, 54326, 57882, 57989, 58172, 58222, 58812, 58852, 58890, 58896, 60100, 60367, 65810, 65885, 66059, 66072, 66771, 66811, 67791, 67887, 68057, 68161, 68203, 68283, 68314, 69176, 78610, 85252, 90553, 92732, 95260, 97181, 98825, 107210, 107805, 108449, 108474, 108984, 109150, 109737, 109759, 111483, 117444, 117738, 118113, 118367, 120246, 120287, 122666, 122693, 124431, 125024, 154158, 164173, 164640, 165397, 171574, 180561, 182166, 184343, 184475, 189591, 199220, 215929]
20,3,[60874, 64871, 64914]
22,5,[99248, 99525, 158802, 160126, 160711]
23,1,[29525]
24,1,[25251]
25,8,[5509, 28933, 34431, 34905, 38363, 38423, 108656, 140354]
26,3,[62171, 66273, 66318]
27,4,[38068, 38920, 40621, 87684]
30,164,[30916, 40379, 40917, 126714, 162390, 168007, 170466, 174279, 197128, 197563, 197734, 197788, 197905, 248011, 248182, 259019, 265777, 301017, 311333, 312384, 313063, 313175, 313692, 314136, 314309, 314636, 314718, 314772, 315524, 315639, 315988, 316155, 317841, 317939, 318976, 319261, 319619, 319729, 321928, 322076, 322101, 322423, 323915, 323919, 323977, 323983, 324436, 325257, 325264, 325699, 325931, 326092, 326306, 327290, 328354, 329186, 330319, 330358, 330386, 330786, 331392, 332208, 332787, 332947, 333309, 333338, 335475, 338179, 338454, 338459, 338539, 339061, 339499, 339953, 340285, 340409, 340491, 341698, 343066, 343738, 344739, 368302, 368317, 368327, 370299, 373269, 373353, 376810, 376872, 383309, 383529, 383990, 383997, 385022, 385084, 385944, 386002, 386052, 386610, 386685, 387833, 389233, 389342, 389356, 389949, 390301, 390374, 390610, 390748, 394404, 394421, 428761, 481892, 484594, 486967, 487050, 487055, 487191, 492408, 529009, 529109, 529686, 530197, 543852, 551172, 566351, 573360, 573764, 575529, 584236, 584541, 588834, 589246, 590210, 598972, 598989, 600601, 600614, 601019, 605894, 607915, 608324, 608478, 608686, 612449, 612458, 613130, 615775, 616263, 617062, 617959, 618000, 618181, 619072, 619313, 620847, 625063, 625138, 625142, 628076, 630601, 634088, 636097, 639078]
