11,1,[17362]
12,1,[8132]
14,5,[12480, 12669, 82275, 105768, 162762]
15,3,[13210, 13691, 131570]
16,1,[1598]
17,1,[82847]
19,3,[10113, 18801, 19160]
20,3,[2217, 10570, 17705]
22,6,[5250, 13490, 13948, 19768, 98864, 98869]
25,5,[12568, 12745, 78581, 101453, 155967]
26,3,[2611, 11129, 18382]
27,1,[69764]
11,1,[17362]
12,1,[8132]
14,5,[12480, 12669, 82275, 105768, 162762]
15,3,[13210, 13691, 131570]
16,1,[1598]
17,1,[82847]
19,3,[10113, 18801, 19160]
20,3,[2217, 10570, 17705]
22,6,[5250, 13490, 13948, 19768, 98864, 98869]
25,5,[12568, 12745, 78581, 101453, 155967]
26,3,[2611, 11129, 18382]
27,1,[69764]
