10,192,[8714, 9412, 11014, 11038, 18842, 22839, 23342, 27384, 30213, 32610, 39165, 41633, 42688, 43080, 52260, 68668, 69046, 127620, 147749, 153532, 157219, 157488, 158557, 160650, 161344, 161370, 161387, 162045, 164167, 174496, 175411, 175419, 175435, 180932, 183292, 186172, 186543, 194421, 194915, 198098, 200947, 201093, 201107, 211259, 213506, 215801, 217865, 218475, 219725, 221843, 223989, 223995, 228007, 228919, 248532, 248863, 255601, 264612, 264622, 282291, 282317, 282934, 283133, 283535, 288194, 292211, 292532, 293372, 293407, 293933, 294402, 297658, 297791, 306162, 316046, 342572, 361384, 394033, 401850, 401858, 408170, 412404, 415456, 415710, 417417, 431288, 431291, 433590, 433597, 433934, 436768, 440757, 463937, 482185, 482373, 482385, 497670, 497678, 500688, 500699, 503420, 503437, 504346, 504671, 505588, 511104, 512816, 513020, 513646, 513712, 513903, 515222, 516584, 516592, 517409, 517440, 517482, 519450, 519541, 519810, 522113, 523278, 523441, 523528, 524840, 524973, 525641, 525922, 526543, 527918, 528024, 531426, 531961, 532497, 533965, 534376, 534392, 534635, 537782, 538551, 540970, 543767, 544411, 546389, 547071, 547080, 548765, 551063, 552732, 552841, 554734, 555813, 557298, 558019, 558229, 562597, 565022, 565963, 568205, 570944, 572926, 573299, 574172, 575604, 578394, 582089, 582910, 595564, 618008, 621298, 633073, 633078, 633260, 633279, 633331, 633474, 633717, 633763, 633807, 633870, 635240, 636042, 637388, 637417, 637440, 639424, 639583, 639780, 639841, 639935, 640146, 640369]
11,17,[1533, 1980, 3531, 3986, 4238, 6570, 10568, 10844, 15373, 15549, 15630, 15706, 16436, 17420, 19001, 20697, 20905]
12,13,[611, 1251, 1990, 2526, 5094, 9103, 12366, 13885, 15618, 16387, 16742, 19675, 21764]
13,2,[1747, 3447]
15,45,[2465, 7010, 9153, 11336, 12346, 12389, 13337, 17823, 18227, 18298, 18462, 19619, 25596, 25601, 26599, 26637, 28223, 28253, 28355, 29892, 31293, 32457, 32530, 32728, 40539, 57176, 68149, 69837, 69988, 70000, 76583, 76848, 127527, 127595, 134571, 134619, 145386, 147704, 150460, 150879, 151829, 157769, 161301, 167913, 169875]
16,35,[521, 1014, 2090, 2357, 2920, 4566, 5291, 5302, 5797, 5886, 12591, 16183, 16401, 17132, 17522, 17779, 18723, 20238, 21145, 21390, 21701, 22047, 22355, 22524, 27487, 27981, 28465, 33054, 33686, 34137, 34975, 36971, 37195, 37568, 37613]
17,12,[2461, 7416, 11123, 11165, 84761, 117304, 131448, 150143, 155992, 206131, 211433, 214738]
18,1,[142059]
19,48,[1957, 2665, 3098, 3797, 4250, 4880, 5016, 5024, 5392, 6147, 6931, 7568, 7988, 9024, 9045, 9197, 11971, 11992, 11996, 12020, 12114, 12590, 12796, 13574, 13582, 14070, 14075, 14744, 14762, 14788, 15098, 16294, 16946, 18316, 18321, 19637, 20099, 21048, 23058, 23158, 23186, 23463, 24145, 24625, 24664, 24667, 24844, 26622]
20,32,[2249, 3660, 3902, 4494, 4879, 4931, 6759, 6775, 7484, 7502, 8351, 8908, 9409, 9764, 9768, 10937, 11897, 14117, 16393, 17437, 17447, 18253, 18295, 18412, 19678, 22490, 24613, 25484, 26457, 31152, 38445, 53060]
21,13,[13058, 14547, 17244, 21787, 22350, 25693, 28501, 29319, 29391, 29578, 29729, 30676, 32236]
22,3,[60047, 99128, 104325]
23,1,[30709]
24,52,[416, 518, 1154, 4253, 4767, 4822, 6516, 6728, 7143, 7337, 8245, 8506, 8861, 9536, 9862, 10747, 10809, 11794, 12059, 12069, 12962, 14670, 14850, 16785, 18526, 18915, 19028, 20245, 21275, 22027, 23579, 24431, 24677, 25779, 25852, 25983, 28575, 29000, 29136, 29505, 29952, 31665, 32019, 33528, 33944, 34837, 34870, 36073, 36959, 37961, 42712, 44229]
26,49,[511, 2643, 4159, 4401, 5007, 5398, 5447, 7280, 7296, 8007, 8025, 8881, 9456, 9962, 10315, 10319, 11499, 12483, 14703, 17043, 18104, 18114, 18957, 19000, 19121, 20388, 22186, 23252, 25391, 26278, 27257, 29831, 32019, 33923, 34015, 38805, 39387, 40957, 49839, 50205, 52111, 52813, 53362, 53478, 54170, 54408, 56119, 58101, 60109]
27,40,[451, 1261, 1345, 5908, 10991, 11590, 12145, 12840, 17259, 18061, 19306, 21315, 26494, 30487, 30688, 37772, 41327, 42047, 50286, 56138, 59643, 61507, 64582, 65341, 70687, 70703, 71142, 78646, 83206, 83630, 86338, 88937, 93013, 101538, 102251, 102797, 107094, 107395, 107398, 109196]
28,3,[3553, 4523, 11140]
30,192,[8620, 9318, 10920, 10944, 18748, 22745, 23248, 27290, 30119, 32512, 39067, 41535, 42590, 42982, 52162, 68565, 68943, 127509, 147636, 153419, 157106, 157375, 158444, 160536, 161230, 161256, 161273, 161922, 164044, 174373, 175288, 175296, 175312, 180809, 183160, 186040, 186411, 194289, 194783, 197966, 200805, 200951, 200965, 211117, 213364, 215659, 217725, 218335, 219575, 221693, 223839, 223845, 227857, 228769, 248379, 248710, 255448, 264456, 264466, 282136, 282162, 282779, 282978, 283379, 288038, 292054, 292375, 293215, 293250, 293776, 294245, 297500, 297633, 306004, 315887, 342413, 361224, 393867, 401684, 401692, 408004, 412238, 415290, 415544, 417251, 431118, 431121, 433420, 433427, 433764, 436598, 440587, 463766, 482019, 482207, 482219, 497501, 497509, 500519, 500530, 503251, 503268, 504177, 504502, 505419, 510935, 512647, 512851, 513477, 513543, 513734, 515053, 516412, 516420, 517237, 517268, 517310, 519278, 519369, 519638, 521941, 523106, 523269, 523356, 524668, 524801, 525469, 525750, 526371, 527746, 527852, 531251, 531786, 532322, 533790, 534201, 534217, 534460, 537607, 538376, 540795, 543592, 544236, 546214, 546896, 546905, 548590, 550885, 552554, 552663, 554556, 555635, 557120, 557841, 558051, 562419, 564842, 565783, 568025, 570764, 572746, 573119, 573992, 575424, 578214, 581909, 582730, 595373, 617756, 621046, 632798, 632803, 632985, 633004, 633056, 633199, 633442, 633488, 633532, 633595, 634965, 635767, 637113, 637142, 637165, 639149, 639308, 639505, 639566, 639660, 639871, 640094]
10,192,[8714, 9412, 11014, 11038, 18842, 22839, 23342, 27384, 30213, 32610, 39165, 41633, 42688, 43080, 52260, 68668, 69046, 127620, 147749, 153532, 157219, 157488, 158557, 160650, 161344, 161370, 161387, 162045, 164167, 174496, 175411, 175419, 175435, 180932, 183292, 186172, 186543, 194421, 194915, 198098, 200947, 201093, 201107, 211259, 213506, 215801, 217865, 218475, 219725, 221843, 223989, 223995, 228007, 228919, 248532, 248863, 255601, 264612, 264622, 282291, 282317, 282934, 283133, 283535, 288194, 292211, 292532, 293372, 293407, 293933, 294402, 297658, 297791, 306162, 316046, 342572, 361384, 394033, 401850, 401858, 408170, 412404, 415456, 415710, 417417, 431288, 431291, 433590, 433597, 433934, 436768, 440757, 463937, 482185, 482373, 482385, 497670, 497678, 500688, 500699, 503420, 503437, 504346, 504671, 505588, 511104, 512816, 513020, 513646, 513712, 513903, 515222, 516584, 516592, 517409, 517440, 517482, 519450, 519541, 519810, 522113, 523278, 523441, 523528, 524840, 524973, 525641, 525922, 526543, 527918, 528024, 531426, 531961, 532497, 533965, 534376, 534392, 534635, 537782, 538551, 540970, 543767, 544411, 546389, 547071, 547080, 548765, 551063, 552732, 552841, 554734, 555813, 557298, 558019, 558229, 562597, 565022, 565963, 568205, 570944, 572926, 573299, 574172, 575604, 578394, 582089, 582910, 595564, 618008, 621298, 633073, 633078, 633260, 633279, 633331, 633474, 633717, 633763, 633807, 633870, 635240, 636042, 637388, 637417, 637440, 639424, 639583, 639780, 639841, 639935, 640146, 640369]
11,17,[1533, 1980, 3531, 3986, 4238, 6570, 10568, 10844, 15373, 15549, 15630, 15706, 16436, 17420, 19001, 20697, 20905]
12,13,[611, 1251, 1990, 2526, 5094, 9103, 12366, 13885, 15618, 16387, 16742, 19675, 21764]
13,2,[1747, 3447]
15,45,[2465, 7010, 9153, 11336, 12346, 12389, 13337, 17823, 18227, 18298, 18462, 19619, 25596, 25601, 26599, 26637, 28223, 28253, 28355, 29892, 31293, 32457, 32530, 32728, 40539, 57176, 68149, 69837, 69988, 70000, 76583, 76848, 127527, 127595, 134571, 134619, 145386, 147704, 150460, 150879, 151829, 157769, 161301, 167913, 169875]
16,35,[521, 1014, 2090, 2357, 2920, 4566, 5291, 5302, 5797, 5886, 12591, 16183, 16401, 17132, 17522, 17779, 18723, 20238, 21145, 21390, 21701, 22047, 22355, 22524, 27487, 27981, 28465, 33054, 33686, 34137, 34975, 36971, 37195, 37568, 37613]
17,12,[2461, 7416, 11123, 11165, 84761, 117304, 131448, 150143, 155992, 206131, 211433, 214738]
18,1,[142059]
19,48,[1957, 2665, 3098, 3797, 4250, 4880, 5016, 5024, 5392, 6147, 6931, 7568, 7988, 9024, 9045, 9197, 11971, 11992, 11996, 12020, 12114, 12590, 12796, 13574, 13582, 14070, 14075, 14744, 14762, 14788, 15098, 16294, 16946, 18316, 18321, 19637, 20099, 21048, 23058, 23158, 23186, 23463, 24145, 24625, 24664, 24667, 24844, 26622]
20,32,[2249, 3660, 3902, 4494, 4879, 4931, 6759, 6775, 7484, 7502, 8351, 8908, 9409, 9764, 9768, 10937, 11897, 14117, 16393, 17437, 17447, 18253, 18295, 18412, 19678, 22490, 24613, 25484, 26457, 31152, 38445, 53060]
21,13,[13058, 14547, 17244, 21787, 22350, 25693, 28501, 29319, 29391, 29578, 29729, 30676, 32236]
22,3,[60047, 99128, 104325]
23,1,[30709]
24,52,[416, 518, 1154, 4253, 4767, 4822, 6516, 6728, 7143, 7337, 8245, 8506, 8861, 9536, 9862, 10747, 10809, 11794, 12059, 12069, 12962, 14670, 14850, 16785, 18526, 18915, 19028, 20245, 21275, 22027, 23579, 24431, 24677, 25779, 25852, 25983, 28575, 29000, 29136, 29505, 29952, 31665, 32019, 33528, 33944, 34837, 34870, 36073, 36959, 37961, 42712, 44229]
26,49,[511, 2643, 4159, 4401, 5007, 5398, 5447, 7280, 7296, 8007, 8025, 8881, 9456, 9962, 10315, 10319, 11499, 12483, 14703, 17043, 18104, 18114, 18957, 19000, 19121, 20388, 22186, 23252, 25391, 26278, 27257, 29831, 32019, 33923, 34015, 38805, 39387, 40957, 49839, 50205, 52111, 52813, 53362, 53478, 54170, 54408, 56119, 58101, 60109]
27,40,[451, 1261, 1345, 5908, 10991, 11590, 12145, 12840, 17259, 18061, 19306, 21315, 26494, 30487, 30688, 37772, 41327, 42047, 50286, 56138, 59643, 61507, 64582, 65341, 70687, 70703, 71142, 78646, 83206, 83630, 86338, 88937, 93013, 101538, 102251, 102797, 107094, 107395, 107398, 109196]
28,3,[3553, 4523, 11140]
30,192,[8620, 9318, 10920, 10944, 18748, 22745, 23248, 27290, 30119, 32512, 39067, 41535, 42590, 42982, 52162, 68565, 68943, 127509, 147636, 153419, 157106, 157375, 158444, 160536, 161230, 161256, 161273, 161922, 164044, 174373, 175288, 175296, 175312, 180809, 183160, 186040, 186411, 194289, 194783, 197966, 200805, 200951, 200965, 211117, 213364, 215659, 217725, 218335, 219575, 221693, 223839, 223845, 227857, 228769, 248379, 248710, 255448, 264456, 264466, 282136, 282162, 282779, 282978, 283379, 288038, 292054, 292375, 293215, 293250, 293776, 294245, 297500, 297633, 306004, 315887, 342413, 361224, 393867, 401684, 401692, 408004, 412238, 415290, 415544, 417251, 431118, 431121, 433420, 433427, 433764, 436598, 440587, 463766, 482019, 482207, 482219, 497501, 497509, 500519, 500530, 503251, 503268, 504177, 504502, 505419, 510935, 512647, 512851, 513477, 513543, 513734, 515053, 516412, 516420, 517237, 517268, 517310, 519278, 519369, 519638, 521941, 523106, 523269, 523356, 524668, 524801, 525469, 525750, 526371, 527746, 527852, 531251, 531786, 532322, 533790, 534201, 534217, 534460, 537607, 538376, 540795, 543592, 544236, 546214, 546896, 546905, 548590, 550885, 552554, 552663, 554556, 555635, 557120, 557841, 558051, 562419, 564842, 565783, 568025, 570764, 572746, 573119, 573992, 575424, 578214, 581909, 582730, 595373, 617756, 621046, 632798, 632803, 632985, 633004, 633056, 633199, 633442, 633488, 633532, 633595, 634965, 635767, 637113, 637142, 637165, 639149, 639308, 639505, 639566, 639660, 639871, 640094]
