12,1,[13466]
14,4,[118936, 141381, 148060, 179923]
15,5,[5050, 8319, 8702, 93019, 93716]
16,4,[22271, 22278, 22302, 22309]
23,9,[9804, 18622, 18758, 22410, 22734, 25384, 26428, 26465, 26639]
24,2,[36447, 36507]
25,4,[113888, 135477, 142019, 172513]
27,10,[24702, 31261, 69563, 74793, 75054, 79260, 83780, 88335, 88353, 105277]
12,1,[13466]
14,4,[118936, 141381, 148060, 179923]
15,5,[5050, 8319, 8702, 93019, 93716]
16,4,[22271, 22278, 22302, 22309]
23,9,[9804, 18622, 18758, 22410, 22734, 25384, 26428, 26465, 26639]
24,2,[36447, 36507]
25,4,[113888, 135477, 142019, 172513]
27,10,[24702, 31261, 69563, 74793, 75054, 79260, 83780, 88335, 88353, 105277]
