10,104,[30014, 32153, 32177, 40928, 86316, 95480, 100981, 128199, 131838, 148628, 149808, 159466, 167547, 170010, 176998, 180248, 194804, 194963, 197278, 223440, 229898, 245320, 274072, 289048, 313864, 317594, 317741, 320514, 329483, 329534, 329711, 335690, 335720, 336397, 355384, 375797, 382290, 383687, 383828, 391000, 391348, 394959, 398035, 402874, 405871, 410599, 413679, 501598, 508030, 511270, 511400, 514738, 522866, 525195, 525312, 527354, 527960, 529206, 534656, 534882, 540413, 543617, 543861, 547905, 550669, 552514, 556522, 565329, 565813, 566546, 572119, 574603, 574820, 575960, 575972, 583322, 583531, 586519, 586540, 587996, 588741, 588858, 589003, 589062, 589712, 592134, 592892, 593474, 595977, 597873, 599748, 606374, 606407, 611935, 613308, 614119, 614257, 615696, 617446, 626507, 626887, 627638, 630944, 640802]
12,1,[919]
13,1,[717]
15,6,[21394, 31749, 35362, 80066, 112441, 126770]
16,5,[13960, 17039, 21368, 28044, 36195]
17,81,[4713, 5612, 10395, 10592, 12169, 20251, 20742, 22322, 26474, 28608, 30356, 37387, 37817, 37922, 40910, 43347, 43370, 43585, 44336, 50639, 54358, 58132, 58911, 66090, 66405, 66957, 68720, 80904, 85235, 85244, 85361, 85563, 85582, 85587, 85930, 90042, 90278, 92648, 92656, 96263, 102414, 103180, 104707, 105188, 107332, 107775, 114564, 115650, 122019, 123997, 124982, 145616, 154063, 162608, 162616, 162643, 162677, 163180, 164241, 165130, 175242, 175608, 176849, 177563, 186091, 187813, 196659, 199049, 203073, 205953, 213187, 214683, 214970, 215049, 215088, 215735, 215797, 216918, 217559, 217565, 217682]
18,5,[14686, 19614, 39906, 66869, 120885]
19,1,[9947]
21,3,[22299, 22623, 29222]
22,1,[99564]
23,1,[3235]
24,1,[20692]
27,7,[6404, 6423, 24594, 37175, 62460, 66012, 105624]
30,104,[29920, 32055, 32079, 40830, 86209, 95373, 100874, 128088, 131726, 148515, 149695, 159353, 167424, 169887, 176875, 180125, 194672, 194831, 197146, 223290, 229748, 245167, 273916, 288892, 313705, 317435, 317582, 320355, 329324, 329375, 329552, 335531, 335561, 336238, 355225, 375634, 382127, 383524, 383665, 390837, 391185, 394793, 397869, 402708, 405705, 410433, 413513, 501429, 507861, 511101, 511231, 514569, 522694, 525023, 525140, 527182, 527788, 529031, 534481, 534707, 540238, 543442, 543686, 547730, 550491, 552336, 556344, 565149, 565633, 566366, 571939, 574423, 574640, 575780, 575792, 583142, 583351, 586334, 586355, 587811, 588556, 588673, 588818, 588877, 589527, 591943, 592701, 593283, 595786, 597682, 599551, 606167, 606200, 611712, 613079, 613885, 614023, 615457, 617203, 626250, 626630, 627378, 630673, 640527]
10,104,[30014, 32153, 32177, 40928, 86316, 95480, 100981, 128199, 131838, 148628, 149808, 159466, 167547, 170010, 176998, 180248, 194804, 194963, 197278, 223440, 229898, 245320, 274072, 289048, 313864, 317594, 317741, 320514, 329483, 329534, 329711, 335690, 335720, 336397, 355384, 375797, 382290, 383687, 383828, 391000, 391348, 394959, 398035, 402874, 405871, 410599, 413679, 501598, 508030, 511270, 511400, 514738, 522866, 525195, 525312, 527354, 527960, 529206, 534656, 534882, 540413, 543617, 543861, 547905, 550669, 552514, 556522, 565329, 565813, 566546, 572119, 574603, 574820, 575960, 575972, 583322, 583531, 586519, 586540, 587996, 588741, 588858, 589003, 589062, 589712, 592134, 592892, 593474, 595977, 597873, 599748, 606374, 606407, 611935, 613308, 614119, 614257, 615696, 617446, 626507, 626887, 627638, 630944, 640802]
12,1,[919]
13,1,[717]
15,6,[21394, 31749, 35362, 80066, 112441, 126770]
16,5,[13960, 17039, 21368, 28044, 36195]
17,81,[4713, 5612, 10395, 10592, 12169, 20251, 20742, 22322, 26474, 28608, 30356, 37387, 37817, 37922, 40910, 43347, 43370, 43585, 44336, 50639, 54358, 58132, 58911, 66090, 66405, 66957, 68720, 80904, 85235, 85244, 85361, 85563, 85582, 85587, 85930, 90042, 90278, 92648, 92656, 96263, 102414, 103180, 104707, 105188, 107332, 107775, 114564, 115650, 122019, 123997, 124982, 145616, 154063, 162608, 162616, 162643, 162677, 163180, 164241, 165130, 175242, 175608, 176849, 177563, 186091, 187813, 196659, 199049, 203073, 205953, 213187, 214683, 214970, 215049, 215088, 215735, 215797, 216918, 217559, 217565, 217682]
18,5,[14686, 19614, 39906, 66869, 120885]
19,1,[9947]
21,3,[22299, 22623, 29222]
22,1,[99564]
23,1,[3235]
24,1,[20692]
27,7,[6404, 6423, 24594, 37175, 62460, 66012, 105624]
30,104,[29920, 32055, 32079, 40830, 86209, 95373, 100874, 128088, 131726, 148515, 149695, 159353, 167424, 169887, 176875, 180125, 194672, 194831, 197146, 223290, 229748, 245167, 273916, 288892, 313705, 317435, 317582, 320355, 329324, 329375, 329552, 335531, 335561, 336238, 355225, 375634, 382127, 383524, 383665, 390837, 391185, 394793, 397869, 402708, 405705, 410433, 413513, 501429, 507861, 511101, 511231, 514569, 522694, 525023, 525140, 527182, 527788, 529031, 534481, 534707, 540238, 543442, 543686, 547730, 550491, 552336, 556344, 565149, 565633, 566366, 571939, 574423, 574640, 575780, 575792, 583142, 583351, 586334, 586355, 587811, 588556, 588673, 588818, 588877, 589527, 591943, 592701, 593283, 595786, 597682, 599551, 606167, 606200, 611712, 613079, 613885, 614023, 615457, 617203, 626250, 626630, 627378, 630673, 640527]
