8,1,[160]
10,12,[9909, 285673, 314828, 316514, 325032, 358535, 480739, 498462, 531568, 621712, 621844, 632268]
12,1,[909]
15,1,[144456]
16,1,[8544]
17,4,[109539, 109553, 140098, 177835]
18,6,[30733, 75291, 75368, 146603, 146798, 146846]
22,6,[290, 62691, 97062, 126789, 151006, 151009]
23,1,[16588]
27,6,[12328, 15999, 37028, 48286, 94894, 100180]
30,12,[9815, 285517, 314669, 316355, 324873, 358375, 480571, 498293, 531393, 621460, 621592, 631993]
8,1,[160]
10,12,[9909, 285673, 314828, 316514, 325032, 358535, 480739, 498462, 531568, 621712, 621844, 632268]
12,1,[909]
15,1,[144456]
16,1,[8544]
17,4,[109539, 109553, 140098, 177835]
18,6,[30733, 75291, 75368, 146603, 146798, 146846]
22,6,[290, 62691, 97062, 126789, 151006, 151009]
23,1,[16588]
27,6,[12328, 15999, 37028, 48286, 94894, 100180]
30,12,[9815, 285517, 314669, 316355, 324873, 358375, 480571, 498293, 531393, 621460, 621592, 631993]
