9,4,[1501, 1513, 1524, 2313]
10,1056,[6378, 6392, 7406, 10629, 12610, 12623, 13248, 13260, 14533, 19682, 19720, 20596, 20611, 22677, 22733, 25050, 26801, 27522, 27722, 28284, 28451, 29276, 29328, 29334, 31652, 33122, 33136, 33142, 33156, 33174, 33215, 33301, 33438, 33721, 33949, 33961, 34465, 34487, 34721, 35208, 35387, 35531, 35620, 35822, 35911, 36168, 36291, 36881, 39089, 39098, 39951, 40214, 41811, 43489, 44391, 44558, 52405, 53106, 58667, 68590, 70295, 70464, 70728, 71267, 71970, 72634, 73113, 73439, 73743, 73872, 75127, 75529, 77324, 82236, 82432, 82499, 82548, 82786, 85002, 87098, 87247, 89221, 89606, 89904, 92552, 92656, 94503, 95114, 95142, 95600, 95997, 97026, 98836, 98860, 103205, 103370, 104106, 105875, 107616, 109281, 109365, 109902, 110480, 111116, 111244, 111961, 113829, 114501, 115713, 116913, 117545, 118162, 118310, 118819, 119157, 119569, 119611, 121271, 121303, 121336, 121641, 121691, 121902, 122429, 122468, 122483, 122496, 122512, 122529, 122548, 122562, 122583, 122597, 122610, 122624, 122641, 124341, 124350, 124925, 124985, 125005, 125456, 125475, 126154, 127069, 127232, 127293, 128165, 132137, 132266, 132851, 133928, 142078, 142542, 142558, 142565, 146769, 146777, 148693, 148707, 148897, 149128, 151505, 153133, 155392, 156451, 156861, 159636, 160022, 163366, 163568, 165966, 167113, 167998, 168903, 169630, 169650, 170296, 171164, 171655, 174059, 174120, 174839, 174992, 175012, 175333, 175359, 178235, 186308, 186593, 188556, 188603, 188689, 189729, 190293, 190878, 191415, 191696, 192115, 192295, 192694, 193191, 194731, 195054, 196331, 196699, 198653, 198933, 199647, 199953, 200158, 200206, 200984, 200990, 201037, 201050, 201121, 201135, 207705, 210154, 211328, 211788, 213631, 215664, 218451, 218884, 219557, 219634, 220538, 221692, 221972, 222044, 224165, 224520, 225029, 225560, 225933, 226445, 232960, 233533, 233604, 235968, 241054, 248277, 248331, 248647, 250708, 259762, 261227, 264586, 264770, 265019, 265781, 266065, 275765, 281670, 282494, 286869, 288490, 292636, 299062, 299194, 299310, 299853, 299946, 300027, 300136, 303143, 303248, 303717, 303901, 304375, 304442, 305792, 307204, 307224, 307658, 307721, 307936, 308708, 309059, 309580, 311415, 311589, 312925, 313201, 316380, 317996, 318102, 318339, 318347, 318387, 319870, 319889, 320014, 320128, 320248, 320271, 323525, 323633, 324440, 324770, 326233, 326252, 327057, 327101, 329366, 332148, 332714, 333201, 336223, 336246, 337995, 338462, 338474, 338488, 340923, 341022, 341456, 341527, 341600, 342932, 345151, 346062, 346629, 347242, 352091, 352255, 353579, 353967, 356016, 356125, 358424, 358804, 359091, 359502, 360835, 363734, 364341, 365193, 365893, 366569, 366578, 366694, 367008, 368446, 368495, 369123, 369230, 371039, 371507, 372135, 375279, 375300, 375310, 375677, 375990, 377382, 377883, 378129, 378146, 378196, 378735, 378804, 379605, 379811, 380360, 381423, 381445, 381865, 382161, 382250, 382677, 383055, 383102, 383502, 383866, 384656, 384719, 385006, 385273, 385521, 385538, 386427, 388055, 388258, 388583, 388796, 388982, 390767, 391565, 392846, 393638, 393769, 393847, 393973, 394266, 394384, 394750, 394760, 395369, 395699, 395774, 395894, 396744, 396895, 397303, 397619, 397714, 398920, 399256, 400503, 400519, 400656, 400724, 400748, 401128, 401202, 401261, 401462, 402234, 402264, 402522, 402881, 402983, 403766, 404012, 404454, 404704, 404862, 404949, 405005, 405059, 405227, 405900, 406169, 406184, 406465, 406526, 406550, 406565, 406617, 406634, 406645, 406660, 407614, 407656, 407707, 408006, 408650, 408664, 411189, 411281, 411753, 412155, 413016, 413179, 413472, 413520, 415886, 416170, 417176, 417266, 417298, 417657, 419241, 419473, 419590, 419768, 420912, 420930, 421303, 422107, 422164, 422218, 423778, 425776, 425785, 426378, 426426, 428326, 428466, 430848, 430942, 431336, 431604, 432585, 432823, 433891, 434362, 435023, 435297, 435332, 435733, 435757, 435941, 436057, 436106, 436130, 436148, 436193, 436299, 436395, 436515, 436571, 436806, 436869, 437164, 437524, 439097, 439243, 439312, 440080, 440271, 440455, 440775, 440813, 441361, 441455, 441527, 441908, 441974, 442009, 442108, 442166, 442171, 442510, 442582, 442596, 442740, 443194, 444617, 445197, 445374, 446041, 446209, 446966, 447128, 447181, 447440, 447653, 448202, 449382, 450273, 450420, 450504, 450544, 450593, 450625, 450691, 450736, 450848, 450893, 451127, 451910, 452229, 452261, 452391, 452570, 452763, 453073, 453241, 453351, 453407, 453425, 453581, 453640, 453905, 454115, 454192, 454225, 454518, 458604, 458636, 465751, 466134, 472010, 472165, 472553, 472565, 474579, 474689, 475378, 475683, 475710, 475797, 476666, 476687, 476712, 477287, 478436, 478617, 479280, 479679, 479694, 479697, 479758, 480475, 480786, 482991, 483025, 483470, 483540, 483819, 485845, 486534, 486648, 487672, 488743, 489630, 493205, 493644, 493971, 494028, 494041, 494147, 494152, 494769, 494852, 494889, 494902, 494908, 495046, 495434, 495537, 495543, 495765, 495881, 497231, 497239, 497693, 497999, 498118, 498173, 498216, 498234, 498245, 498324, 498354, 498452, 498504, 498573, 498653, 498784, 498851, 499027, 499185, 499279, 499432, 499732, 500028, 500053, 500064, 500601, 500606, 501459, 501611, 501933, 502042, 502087, 502112, 502227, 502239, 502302, 502350, 502585, 502993, 503112, 503702, 503982, 504401, 504803, 505200, 505203, 505685, 505818, 506017, 506026, 506046, 506089, 506316, 506510, 506535, 506686, 506695, 506891, 507053, 507110, 507211, 507230, 507288, 507659, 507696, 507726, 507984, 507999, 508074, 508245, 508550, 508743, 508818, 508823, 509060, 509155, 509175, 509272, 509276, 509286, 509367, 509377, 509562, 509619, 510014, 510062, 510326, 510421, 510627, 510874, 510984, 511037, 511046, 511086, 511414, 511456, 511626, 511831, 511849, 512062, 512500, 512593, 512597, 512614, 512689, 512885, 512984, 513031, 513049, 513158, 513248, 513825, 514402, 514608, 514818, 515135, 515409, 516255, 516466, 516475, 516501, 516675, 517351, 518137, 518967, 519235, 519763, 519791, 520141, 520313, 520316, 520322, 520989, 521103, 521244, 521254, 521267, 521469, 521577, 521673, 521709, 522231, 522631, 522890, 522906, 523294, 523450, 523455, 523818, 523824, 523858, 523930, 523985, 523989, 523998, 524279, 524378, 524747, 524887, 525013, 525330, 525476, 525585, 525588, 525747, 525859, 525929, 525944, 526040, 526121, 526597, 526727, 526803, 530403, 530411, 531442, 531480, 531499, 532374, 532379, 532403, 533199, 533469, 533597, 533795, 533811, 533845, 533957, 534190, 534215, 534331, 534342, 534475, 534481, 534602, 534640, 536205, 536217, 536221, 536234, 537117, 537182, 537211, 537236, 537883, 537941, 537966, 537983, 538008, 538172, 538366, 538817, 538900, 538950, 538988, 539028, 539104, 539117, 539212, 539269, 539364, 539542, 539670, 539686, 539896, 539908, 540425, 540464, 540475, 540490, 540674, 540686, 540835, 540868, 541006, 541147, 541432, 541506, 541649, 542089, 542632, 542659, 542676, 542727, 542894, 542930, 543455, 543645, 544320, 544428, 544818, 544822, 544830, 545449, 545562, 546074, 546336, 546413, 546443, 546754, 547307, 547792, 547814, 548022, 549682, 549927, 550428, 550465, 550556, 551313, 551528, 551540, 552228, 552332, 552360, 552511, 553175, 553294, 553554, 553645, 554293, 554759, 555145, 555268, 555464, 555491, 555525, 555590, 555604, 555655, 555950, 556003, 556371, 556379, 556493, 556914, 557116, 558385, 558448, 558830, 559085, 559115, 559176, 559205, 559394, 559478, 559674, 560631, 560790, 560872, 560929, 563423, 563518, 563534, 563902, 564252, 564845, 566240, 566590, 567826, 568185, 571665, 573328, 576535, 579404, 580621, 580888, 581144, 581577, 582758, 584352, 585612, 585656, 585899, 585978, 586095, 586780, 587307, 588134, 588279, 588494, 588575, 588603, 588783, 588931, 589145, 589168, 589226, 589415, 589567, 589917, 590965, 592042, 592080, 594119, 594425, 594473, 595070, 595690, 595744, 595759, 595882, 595911, 596311, 596557, 596723, 596739, 596807, 597452, 597594, 598030, 598364, 598594, 600514, 601862, 601903, 602233, 602649, 602999, 603691, 604611, 604824, 605293, 605475, 607202, 609602, 610231, 610466, 611410, 612468, 612581, 613826, 615963, 617263, 617866, 617903, 619343, 619904, 620757, 621402, 621997, 622288, 623081, 623608, 623887, 623896, 624061, 624082, 624115, 624762, 624805, 628544, 628580, 628604, 629907, 630260, 631895, 632045, 632415, 632722, 633744, 633796, 633822, 633856, 637885, 637927, 641209, 641216]
11,51,[176, 452, 537, 567, 864, 1212, 1999, 2331, 2465, 3476, 3816, 3857, 4187, 5563, 6135, 7042, 7145, 7942, 8197, 9253, 9775, 10321, 10741, 10756, 10775, 10790, 10809, 10976, 11188, 11743, 11824, 12096, 12370, 12411, 13237, 14290, 14693, 14886, 14891, 14902, 14940, 15082, 15261, 15898, 16049, 16258, 17078, 17090, 17396, 18039, 18910]
12,55,[183, 775, 815, 1141, 1198, 4110, 4159, 4189, 4219, 4528, 4829, 4926, 4953, 5150, 5416, 5653, 5910, 6359, 6753, 7077, 7393, 7571, 7741, 7955, 8253, 8715, 9009, 10337, 10686, 11235, 11335, 11378, 11380, 11463, 12339, 12789, 13028, 13340, 13375, 14037, 14400, 14897, 15049, 15526, 16379, 17676, 17699, 17749, 19793, 20359, 20871, 20923, 22028, 22933, 22966]
13,12,[488, 513, 525, 539, 577, 1604, 1694, 2003, 2963, 3086, 3874, 4143]
14,1,[1656]
15,244,[822, 1613, 1769, 3710, 4091, 4239, 5711, 7870, 8310, 9330, 10265, 10637, 10734, 11442, 12120, 12180, 12253, 12403, 13048, 13073, 13603, 13942, 14617, 17600, 18835, 19007, 20604, 21099, 21104, 22325, 23164, 24149, 24368, 24450, 25410, 25470, 26067, 26138, 26239, 26326, 26501, 26683, 27094, 27100, 27504, 27573, 27633, 28370, 29575, 29604, 29745, 29823, 29997, 30590, 30641, 30781, 30951, 33266, 33461, 33480, 33783, 33874, 33960, 34284, 34586, 35127, 35475, 35698, 37377, 38184, 38940, 39244, 39960, 40284, 40885, 41207, 43829, 44023, 44242, 44561, 45667, 46528, 46908, 47556, 48053, 49356, 49647, 50716, 51097, 52662, 53179, 53467, 53501, 53562, 53595, 53664, 54719, 60693, 61275, 61487, 62739, 62811, 63110, 64784, 64926, 66231, 67097, 67300, 67562, 68932, 68941, 68975, 69147, 70456, 70699, 71318, 73746, 74065, 74368, 74791, 74857, 76486, 78170, 78251, 78273, 78361, 79274, 79299, 79308, 82065, 82213, 83925, 86015, 87205, 87411, 90859, 91189, 91321, 91339, 91522, 91777, 91842, 91903, 92103, 92426, 93072, 93320, 94551, 94587, 94886, 94909, 95030, 97121, 98694, 98740, 99298, 100308, 100445, 100617, 100929, 101015, 102984, 103263, 103368, 104091, 106080, 107202, 108248, 108656, 108676, 108677, 110723, 111732, 112647, 113604, 113673, 113834, 114179, 114189, 114656, 116404, 116425, 118027, 118872, 120546, 121328, 122175, 122833, 123749, 124210, 124688, 125541, 125561, 126047, 127777, 132145, 132628, 132961, 133229, 134174, 134270, 134369, 134690, 134698, 135935, 136165, 136710, 136724, 136858, 136953, 138246, 140816, 141102, 142587, 142733, 143350, 143541, 143600, 144011, 144535, 145258, 145446, 146322, 148102, 148720, 151078, 154186, 154217, 154562, 155235, 155382, 155389, 155424, 155698, 158292, 158958, 159078, 160245, 160832, 161310, 167415, 167450, 170238, 172754]
16,61,[592, 653, 734, 1526, 1636, 2844, 2889, 3339, 4106, 4122, 5016, 6447, 6532, 7685, 7745, 7958, 8911, 8983, 9173, 9217, 9262, 9397, 9540, 9685, 9795, 9819, 9824, 10536, 12471, 12789, 14062, 14979, 15120, 15141, 16268, 16781, 17917, 19219, 20748, 21458, 22820, 24454, 26362, 30232, 30997, 31173, 31200, 31257, 31285, 33439, 33453, 33513, 33889, 34697, 34762, 35242, 35519, 36015, 36147, 36970, 37386]
17,515,[4656, 5200, 5863, 11989, 12216, 12808, 13018, 13640, 15321, 15340, 15952, 15962, 17512, 18329, 18401, 18714, 19021, 19306, 19320, 20256, 20361, 20640, 21202, 21759, 21764, 22485, 22490, 22494, 22499, 24839, 25147, 25953, 27449, 29021, 30704, 31306, 31393, 32237, 32937, 33620, 33628, 33743, 34053, 35496, 35546, 36212, 36319, 36441, 37787, 38123, 38224, 39050, 39106, 39143, 39158, 39195, 40024, 40059, 40080, 40092, 40103, 40134, 40142, 40293, 40383, 40392, 40423, 40433, 40704, 40715, 40723, 40775, 40813, 40840, 40859, 41142, 41279, 41467, 41537, 41736, 41857, 42329, 43497, 43745, 43799, 43808, 43900, 44169, 45519, 45687, 49265, 50874, 51147, 51256, 51562, 52601, 52744, 52828, 55364, 55716, 55767, 56447, 56603, 56707, 56755, 56796, 56911, 56918, 57016, 57059, 57252, 57351, 57398, 57494, 57905, 58134, 58156, 58305, 58770, 58845, 58994, 59087, 59253, 59288, 59513, 59528, 59543, 59571, 59586, 60058, 60222, 60299, 60322, 61561, 62280, 64091, 64813, 65915, 66065, 66157, 66174, 66746, 66776, 66789, 66807, 66847, 66911, 66929, 67066, 67604, 67613, 67633, 67640, 67664, 67695, 67766, 67849, 67911, 68193, 68988, 69595, 73872, 73962, 76832, 76857, 76915, 76936, 77686, 77721, 78081, 79375, 79557, 79640, 79787, 79892, 80105, 83748, 84974, 85008, 85042, 85081, 85184, 85210, 85229, 85314, 85428, 85474, 85529, 85543, 85557, 85573, 85713, 85758, 85787, 85826, 85854, 85863, 85898, 86077, 86135, 86154, 86166, 86342, 86395, 86428, 86437, 86446, 86492, 86528, 86585, 86630, 86646, 86696, 86824, 86846, 86935, 86938, 86995, 87687, 87723, 87971, 88028, 88102, 88134, 88290, 89066, 89394, 89812, 89952, 90056, 90116, 90332, 90358, 91101, 91418, 91446, 91479, 91528, 91718, 91739, 92326, 92379, 92541, 92619, 92939, 93191, 93194, 93199, 93661, 93735, 93912, 94393, 96282, 96459, 96490, 100459, 100543, 101357, 101363, 101566, 104739, 106355, 107121, 108545, 108551, 109041, 109059, 109063, 109165, 109322, 109570, 109626, 109638, 109695, 109791, 110061, 112284, 112318, 112357, 112645, 112652, 112656, 112664, 112672, 112685, 112695, 112702, 112711, 112828, 113157, 113181, 113314, 113513, 113548, 113709, 114918, 114935, 115492, 115543, 115567, 115752, 115772, 115817, 115862, 116099, 116131, 116155, 116184, 116205, 116308, 116337, 116373, 116702, 117491, 117634, 117988, 118026, 118209, 118225, 119255, 119667, 119683, 120196, 120291, 120403, 121357, 121584, 121694, 121770, 122120, 122132, 122187, 122378, 122556, 122638, 122647, 122733, 122796, 122811, 122818, 123403, 123447, 123451, 123476, 123512, 123516, 123699, 123740, 124035, 124052, 124990, 125250, 128288, 128366, 128380, 132191, 132586, 138338, 139474, 141832, 141840, 145407, 145456, 145769, 145779, 145838, 146074, 146228, 146808, 157863, 158323, 158484, 158625, 159307, 159674, 159689, 159727, 159768, 159779, 159809, 159815, 159831, 159870, 159900, 159944, 160389, 160400, 160415, 160976, 161019, 162422, 162429, 162480, 162491, 162520, 162537, 162562, 162578, 162597, 162714, 162911, 163690, 163760, 163786, 163798, 163825, 163831, 164004, 164025, 165455, 165711, 165797, 166973, 174984, 175740, 176586, 176627, 176675, 176737, 176789, 176871, 176940, 176959, 176979, 177356, 177390, 177429, 177501, 177566, 177616, 177632, 177643, 177715, 177742, 177758, 177825, 177872, 177930, 178009, 178095, 178146, 178212, 178378, 178574, 178668, 178798, 178844, 179141, 179392, 179440, 179679, 179690, 179722, 179747, 179864, 180189, 180234, 180464, 180493, 181698, 181765, 181986, 183366, 183643, 183726, 183980, 184004, 184425, 184447, 184596, 184641, 184691, 184752, 185451, 185991, 186177, 186573, 186585, 186700, 187761, 187782, 187876, 187938, 188245, 188381, 188392, 189775, 189844, 189962, 189983, 193568, 197195, 197567, 197623, 197746, 197922, 197961, 198363, 198412, 198512, 198537, 198821, 198855, 198893, 198931, 198977, 202058, 205296, 214806, 215051, 215183, 215230, 215696, 215807, 217723]
18,30,[7708, 8832, 14691, 37715, 38026, 39517, 43875, 46990, 47159, 56334, 60362, 61204, 62432, 71051, 71915, 77412, 79008, 94055, 95100, 95349, 97932, 100667, 109633, 113055, 122767, 131782, 139819, 142071, 145459, 147890]
19,3,[5886, 5899, 12510]
20,28,[179, 193, 2345, 5881, 12841, 16781, 21944, 22233, 25943, 34328, 38226, 39636, 41364, 41632, 45697, 45716, 46023, 46151, 48113, 50581, 53170, 53759, 53786, 54275, 54608, 61995, 64502, 65114]
21,11,[6981, 7537, 12976, 16050, 16096, 17156, 22033, 26466, 30186, 30658, 31900]
22,61,[5204, 11019, 13671, 17359, 18397, 39906, 63192, 63275, 63821, 66020, 66604, 66606, 66609, 66877, 67475, 68540, 70406, 70413, 72065, 72669, 73248, 73444, 75267, 75961, 76180, 76181, 76355, 76364, 76410, 77695, 77993, 82601, 82664, 82741, 82742, 82744, 83187, 83237, 83525, 83529, 86672, 86879, 87894, 116408, 117438, 131910, 137034, 137514, 138229, 138299, 140110, 140210, 140216, 142274, 148087, 151635, 152242, 153006, 153273, 160669, 160679]
23,30,[2915, 3039, 3087, 3099, 3651, 7521, 7590, 8619, 8854, 11006, 11191, 11315, 11795, 11822, 11974, 19383, 19964, 20448, 21717, 22306, 23925, 24283, 24310, 24805, 25020, 27347, 27447, 28578, 29170, 29176]
24,45,[1372, 2261, 2375, 4832, 4874, 4954, 5052, 5357, 8870, 10425, 10646, 10829, 13739, 13753, 13845, 14134, 14165, 15076, 15408, 16959, 19315, 20580, 22796, 22876, 23274, 24620, 24899, 25564, 26193, 26264, 27554, 27573, 28782, 29988, 33110, 33849, 34328, 35152, 36109, 41966, 42842, 42944, 43948, 43962, 44422]
25,1,[1947]
26,28,[543, 557, 2738, 6399, 13428, 17434, 22699, 22988, 26741, 35211, 39146, 40576, 42301, 42569, 46699, 46718, 47025, 47153, 49126, 51631, 54283, 54891, 54918, 55437, 55770, 63296, 65901, 66525]
27,217,[6543, 6864, 7946, 8221, 8612, 8674, 13058, 13193, 13275, 13726, 14093, 15355, 16202, 16206, 16257, 17318, 17344, 17564, 17822, 18106, 20616, 20634, 20729, 20912, 20946, 20977, 21060, 21126, 21539, 21665, 23885, 23893, 24544, 24651, 25335, 25338, 25956, 27492, 27811, 28510, 28750, 28849, 28944, 29792, 31199, 34091, 34097, 34294, 34365, 34426, 34431, 34435, 34506, 34527, 34566, 34577, 34723, 34761, 34793, 34807, 35687, 35781, 35845, 36181, 37390, 37395, 38728, 40591, 40609, 40804, 41607, 41685, 42643, 42676, 42929, 44320, 44489, 45344, 45533, 45786, 45928, 46275, 46283, 46320, 46398, 46428, 46460, 46689, 46793, 47262, 47266, 47968, 51183, 51196, 51228, 51443, 51517, 51661, 51662, 52033, 52128, 52172, 52758, 52954, 53016, 53032, 53169, 53176, 53191, 53254, 53260, 53265, 53269, 53273, 54209, 54278, 54517, 54536, 54583, 55153, 55163, 55427, 55538, 55549, 59235, 59736, 59813, 59880, 59902, 60300, 60428, 60490, 60646, 61200, 61396, 61811, 62055, 62104, 62349, 62626, 63118, 63667, 63944, 64032, 64037, 64925, 68216, 69326, 69374, 70043, 71922, 72604, 72787, 72791, 73343, 73423, 73550, 74464, 74500, 74713, 74918, 75088, 75215, 75329, 76317, 76969, 77093, 77794, 77841, 78802, 79094, 79513, 80743, 81269, 81286, 82318, 88931, 90454, 90470, 90629, 90671, 92725, 93478, 96012, 96204, 96250, 96339, 96470, 96478, 96517, 96607, 96696, 97902, 98719, 98722, 99145, 99413, 100019, 100399, 100511, 101121, 101296, 101679, 101710, 101943, 101962, 102084, 102511, 102520, 102852, 105409, 105464, 105519, 107740, 108486, 108659, 109504]
28,6,[424, 689, 1296, 4242, 8816, 10533]
30,1056,[6284, 6298, 7312, 10535, 12516, 12529, 13154, 13166, 14439, 19588, 19626, 20502, 20517, 22583, 22639, 24956, 26707, 27428, 27628, 28190, 28357, 29182, 29234, 29240, 31558, 33024, 33038, 33044, 33058, 33076, 33117, 33203, 33340, 33623, 33851, 33863, 34367, 34389, 34623, 35110, 35289, 35433, 35522, 35724, 35813, 36070, 36193, 36783, 38991, 39000, 39853, 40116, 41713, 43391, 44293, 44460, 52307, 53007, 58564, 68487, 70192, 70361, 70625, 71164, 71867, 72531, 73010, 73336, 73640, 73769, 75024, 75426, 77221, 82129, 82325, 82392, 82441, 82679, 84895, 86991, 87140, 89114, 89499, 89797, 92445, 92549, 94396, 95007, 95035, 95493, 95890, 96919, 98729, 98753, 103098, 103263, 103999, 105764, 107505, 109170, 109254, 109791, 110369, 111005, 111133, 111850, 113718, 114390, 115602, 116802, 117434, 118051, 118199, 118708, 119046, 119458, 119500, 121160, 121192, 121225, 121530, 121580, 121791, 122318, 122357, 122372, 122385, 122401, 122418, 122437, 122451, 122472, 122486, 122499, 122513, 122530, 124230, 124239, 124814, 124874, 124894, 125345, 125364, 126043, 126958, 127121, 127182, 128054, 132025, 132154, 132739, 133816, 141966, 142430, 142446, 142453, 146656, 146664, 148580, 148594, 148784, 149015, 151392, 153020, 155279, 156338, 156748, 159523, 159908, 163243, 163445, 165843, 166990, 167875, 168780, 169507, 169527, 170173, 171041, 171532, 173936, 173997, 174716, 174869, 174889, 175210, 175236, 178112, 186176, 186461, 188424, 188471, 188557, 189597, 190161, 190746, 191283, 191564, 191983, 192163, 192562, 193059, 194599, 194922, 196199, 196567, 198521, 198801, 199505, 199811, 200016, 200064, 200842, 200848, 200895, 200908, 200979, 200993, 207563, 210012, 211186, 211646, 213489, 215522, 218311, 218744, 219407, 219484, 220388, 221542, 221822, 221894, 224015, 224370, 224879, 225410, 225783, 226295, 232810, 233383, 233454, 235818, 240901, 248124, 248178, 248494, 250555, 259606, 261071, 264430, 264614, 264863, 265625, 265909, 275609, 281515, 282339, 286713, 288334, 292479, 298904, 299036, 299152, 299695, 299788, 299869, 299978, 302985, 303090, 303559, 303743, 304217, 304284, 305634, 307046, 307066, 307500, 307563, 307778, 308550, 308901, 309422, 311256, 311430, 312766, 313042, 316221, 317837, 317943, 318180, 318188, 318228, 319711, 319730, 319855, 319969, 320089, 320112, 323366, 323474, 324281, 324611, 326074, 326093, 326898, 326942, 329207, 331989, 332555, 333042, 336064, 336087, 337836, 338303, 338315, 338329, 340764, 340863, 341297, 341368, 341441, 342773, 344992, 345903, 346470, 347083, 351932, 352096, 353420, 353808, 355857, 355966, 358264, 358644, 358931, 359342, 360675, 363571, 364178, 365030, 365730, 366406, 366415, 366531, 366845, 368283, 368332, 368960, 369067, 370876, 371344, 371972, 375116, 375137, 375147, 375514, 375827, 377219, 377720, 377966, 377983, 378033, 378572, 378641, 379442, 379648, 380197, 381260, 381282, 381702, 381998, 382087, 382514, 382892, 382939, 383339, 383703, 384493, 384556, 384843, 385110, 385358, 385375, 386264, 387892, 388095, 388420, 388633, 388819, 390604, 391402, 392680, 393472, 393603, 393681, 393807, 394100, 394218, 394584, 394594, 395203, 395533, 395608, 395728, 396578, 396729, 397137, 397453, 397548, 398754, 399090, 400337, 400353, 400490, 400558, 400582, 400962, 401036, 401095, 401296, 402068, 402098, 402356, 402715, 402817, 403600, 403846, 404288, 404538, 404696, 404783, 404839, 404893, 405061, 405734, 406003, 406018, 406299, 406360, 406384, 406399, 406451, 406468, 406479, 406494, 407448, 407490, 407541, 407840, 408484, 408498, 411023, 411115, 411587, 411989, 412850, 413013, 413306, 413354, 415720, 416004, 417010, 417100, 417132, 417491, 419075, 419307, 419424, 419602, 420746, 420764, 421137, 421941, 421998, 422052, 423612, 425610, 425619, 426212, 426260, 428159, 428299, 430678, 430772, 431166, 431434, 432415, 432653, 433721, 434192, 434853, 435127, 435162, 435563, 435587, 435771, 435887, 435936, 435960, 435978, 436023, 436129, 436225, 436345, 436401, 436636, 436699, 436994, 437354, 438927, 439073, 439142, 439910, 440101, 440285, 440605, 440643, 441191, 441285, 441357, 441738, 441804, 441839, 441938, 441996, 442001, 442340, 442412, 442426, 442570, 443024, 444447, 445027, 445204, 445871, 446039, 446796, 446958, 447011, 447270, 447483, 448032, 449212, 450103, 450250, 450334, 450374, 450423, 450455, 450521, 450566, 450678, 450723, 450957, 451740, 452059, 452091, 452221, 452400, 452593, 452903, 453071, 453181, 453237, 453255, 453411, 453470, 453735, 453945, 454022, 454055, 454348, 458434, 458466, 465580, 465963, 471840, 471995, 472383, 472395, 474409, 474519, 475208, 475513, 475540, 475627, 476497, 476518, 476543, 477118, 478268, 478449, 479112, 479511, 479526, 479529, 479590, 480307, 480618, 482826, 482860, 483305, 483375, 483654, 485681, 486371, 486485, 487510, 488582, 489470, 493045, 493484, 493811, 493868, 493881, 493987, 493992, 494610, 494693, 494730, 494743, 494749, 494887, 495275, 495378, 495384, 495606, 495722, 497062, 497070, 497524, 497830, 497949, 498004, 498047, 498065, 498076, 498155, 498185, 498283, 498335, 498404, 498484, 498615, 498682, 498858, 499016, 499110, 499263, 499563, 499859, 499884, 499895, 500432, 500437, 501290, 501442, 501764, 501873, 501918, 501943, 502058, 502070, 502133, 502181, 502416, 502824, 502943, 503533, 503813, 504232, 504634, 505031, 505034, 505516, 505649, 505848, 505857, 505877, 505920, 506147, 506341, 506366, 506517, 506526, 506722, 506884, 506941, 507042, 507061, 507119, 507490, 507527, 507557, 507815, 507830, 507905, 508076, 508381, 508574, 508649, 508654, 508891, 508986, 509006, 509103, 509107, 509117, 509198, 509208, 509393, 509450, 509845, 509893, 510157, 510252, 510458, 510705, 510815, 510868, 510877, 510917, 511245, 511287, 511457, 511662, 511680, 511893, 512331, 512424, 512428, 512445, 512520, 512716, 512815, 512862, 512880, 512989, 513079, 513656, 514233, 514439, 514649, 514966, 515240, 516083, 516294, 516303, 516329, 516503, 517179, 517965, 518795, 519063, 519591, 519619, 519969, 520141, 520144, 520150, 520817, 520931, 521072, 521082, 521095, 521297, 521405, 521501, 521537, 522059, 522459, 522718, 522734, 523122, 523278, 523283, 523646, 523652, 523686, 523758, 523813, 523817, 523826, 524107, 524206, 524575, 524715, 524841, 525158, 525304, 525413, 525416, 525575, 525687, 525757, 525772, 525868, 525949, 526425, 526555, 526631, 530228, 530236, 531267, 531305, 531324, 532199, 532204, 532228, 533024, 533294, 533422, 533620, 533636, 533670, 533782, 534015, 534040, 534156, 534167, 534300, 534306, 534427, 534465, 536030, 536042, 536046, 536059, 536942, 537007, 537036, 537061, 537708, 537766, 537791, 537808, 537833, 537997, 538191, 538642, 538725, 538775, 538813, 538853, 538929, 538942, 539037, 539094, 539189, 539367, 539495, 539511, 539721, 539733, 540250, 540289, 540300, 540315, 540499, 540511, 540660, 540693, 540831, 540972, 541257, 541331, 541474, 541914, 542457, 542484, 542501, 542552, 542719, 542755, 543280, 543470, 544145, 544253, 544643, 544647, 544655, 545274, 545387, 545899, 546161, 546238, 546268, 546579, 547132, 547617, 547639, 547847, 549504, 549749, 550250, 550287, 550378, 551135, 551350, 551362, 552050, 552154, 552182, 552333, 552997, 553116, 553376, 553467, 554115, 554581, 554967, 555090, 555286, 555313, 555347, 555412, 555426, 555477, 555772, 555825, 556193, 556201, 556315, 556736, 556938, 558207, 558270, 558652, 558907, 558937, 558998, 559027, 559216, 559300, 559496, 560453, 560612, 560694, 560751, 563245, 563340, 563356, 563724, 564074, 564665, 566060, 566410, 567646, 568005, 571485, 573148, 576355, 579224, 580441, 580708, 580964, 581397, 582578, 584172, 585427, 585471, 585714, 585793, 585910, 586595, 587122, 587949, 588094, 588309, 588390, 588418, 588598, 588746, 588960, 588983, 589041, 589230, 589382, 589732, 590780, 591851, 591889, 593928, 594234, 594282, 594879, 595499, 595553, 595568, 595691, 595720, 596120, 596366, 596532, 596548, 596616, 597261, 597403, 597839, 598173, 598403, 600317, 601665, 601706, 602036, 602452, 602802, 603489, 604409, 604622, 605091, 605273, 606995, 609390, 610014, 610249, 611193, 612245, 612358, 613592, 615724, 617020, 617619, 617656, 619091, 619652, 620505, 621150, 621745, 622036, 622829, 623354, 623633, 623642, 623807, 623828, 623861, 624508, 624551, 628281, 628317, 628341, 629644, 629997, 631620, 631770, 632140, 632447, 633469, 633521, 633547, 633581, 637610, 637652, 640934, 640941]
9,4,[1501, 1513, 1524, 2313]
10,1056,[6378, 6392, 7406, 10629, 12610, 12623, 13248, 13260, 14533, 19682, 19720, 20596, 20611, 22677, 22733, 25050, 26801, 27522, 27722, 28284, 28451, 29276, 29328, 29334, 31652, 33122, 33136, 33142, 33156, 33174, 33215, 33301, 33438, 33721, 33949, 33961, 34465, 34487, 34721, 35208, 35387, 35531, 35620, 35822, 35911, 36168, 36291, 36881, 39089, 39098, 39951, 40214, 41811, 43489, 44391, 44558, 52405, 53106, 58667, 68590, 70295, 70464, 70728, 71267, 71970, 72634, 73113, 73439, 73743, 73872, 75127, 75529, 77324, 82236, 82432, 82499, 82548, 82786, 85002, 87098, 87247, 89221, 89606, 89904, 92552, 92656, 94503, 95114, 95142, 95600, 95997, 97026, 98836, 98860, 103205, 103370, 104106, 105875, 107616, 109281, 109365, 109902, 110480, 111116, 111244, 111961, 113829, 114501, 115713, 116913, 117545, 118162, 118310, 118819, 119157, 119569, 119611, 121271, 121303, 121336, 121641, 121691, 121902, 122429, 122468, 122483, 122496, 122512, 122529, 122548, 122562, 122583, 122597, 122610, 122624, 122641, 124341, 124350, 124925, 124985, 125005, 125456, 125475, 126154, 127069, 127232, 127293, 128165, 132137, 132266, 132851, 133928, 142078, 142542, 142558, 142565, 146769, 146777, 148693, 148707, 148897, 149128, 151505, 153133, 155392, 156451, 156861, 159636, 160022, 163366, 163568, 165966, 167113, 167998, 168903, 169630, 169650, 170296, 171164, 171655, 174059, 174120, 174839, 174992, 175012, 175333, 175359, 178235, 186308, 186593, 188556, 188603, 188689, 189729, 190293, 190878, 191415, 191696, 192115, 192295, 192694, 193191, 194731, 195054, 196331, 196699, 198653, 198933, 199647, 199953, 200158, 200206, 200984, 200990, 201037, 201050, 201121, 201135, 207705, 210154, 211328, 211788, 213631, 215664, 218451, 218884, 219557, 219634, 220538, 221692, 221972, 222044, 224165, 224520, 225029, 225560, 225933, 226445, 232960, 233533, 233604, 235968, 241054, 248277, 248331, 248647, 250708, 259762, 261227, 264586, 264770, 265019, 265781, 266065, 275765, 281670, 282494, 286869, 288490, 292636, 299062, 299194, 299310, 299853, 299946, 300027, 300136, 303143, 303248, 303717, 303901, 304375, 304442, 305792, 307204, 307224, 307658, 307721, 307936, 308708, 309059, 309580, 311415, 311589, 312925, 313201, 316380, 317996, 318102, 318339, 318347, 318387, 319870, 319889, 320014, 320128, 320248, 320271, 323525, 323633, 324440, 324770, 326233, 326252, 327057, 327101, 329366, 332148, 332714, 333201, 336223, 336246, 337995, 338462, 338474, 338488, 340923, 341022, 341456, 341527, 341600, 342932, 345151, 346062, 346629, 347242, 352091, 352255, 353579, 353967, 356016, 356125, 358424, 358804, 359091, 359502, 360835, 363734, 364341, 365193, 365893, 366569, 366578, 366694, 367008, 368446, 368495, 369123, 369230, 371039, 371507, 372135, 375279, 375300, 375310, 375677, 375990, 377382, 377883, 378129, 378146, 378196, 378735, 378804, 379605, 379811, 380360, 381423, 381445, 381865, 382161, 382250, 382677, 383055, 383102, 383502, 383866, 384656, 384719, 385006, 385273, 385521, 385538, 386427, 388055, 388258, 388583, 388796, 388982, 390767, 391565, 392846, 393638, 393769, 393847, 393973, 394266, 394384, 394750, 394760, 395369, 395699, 395774, 395894, 396744, 396895, 397303, 397619, 397714, 398920, 399256, 400503, 400519, 400656, 400724, 400748, 401128, 401202, 401261, 401462, 402234, 402264, 402522, 402881, 402983, 403766, 404012, 404454, 404704, 404862, 404949, 405005, 405059, 405227, 405900, 406169, 406184, 406465, 406526, 406550, 406565, 406617, 406634, 406645, 406660, 407614, 407656, 407707, 408006, 408650, 408664, 411189, 411281, 411753, 412155, 413016, 413179, 413472, 413520, 415886, 416170, 417176, 417266, 417298, 417657, 419241, 419473, 419590, 419768, 420912, 420930, 421303, 422107, 422164, 422218, 423778, 425776, 425785, 426378, 426426, 428326, 428466, 430848, 430942, 431336, 431604, 432585, 432823, 433891, 434362, 435023, 435297, 435332, 435733, 435757, 435941, 436057, 436106, 436130, 436148, 436193, 436299, 436395, 436515, 436571, 436806, 436869, 437164, 437524, 439097, 439243, 439312, 440080, 440271, 440455, 440775, 440813, 441361, 441455, 441527, 441908, 441974, 442009, 442108, 442166, 442171, 442510, 442582, 442596, 442740, 443194, 444617, 445197, 445374, 446041, 446209, 446966, 447128, 447181, 447440, 447653, 448202, 449382, 450273, 450420, 450504, 450544, 450593, 450625, 450691, 450736, 450848, 450893, 451127, 451910, 452229, 452261, 452391, 452570, 452763, 453073, 453241, 453351, 453407, 453425, 453581, 453640, 453905, 454115, 454192, 454225, 454518, 458604, 458636, 465751, 466134, 472010, 472165, 472553, 472565, 474579, 474689, 475378, 475683, 475710, 475797, 476666, 476687, 476712, 477287, 478436, 478617, 479280, 479679, 479694, 479697, 479758, 480475, 480786, 482991, 483025, 483470, 483540, 483819, 485845, 486534, 486648, 487672, 488743, 489630, 493205, 493644, 493971, 494028, 494041, 494147, 494152, 494769, 494852, 494889, 494902, 494908, 495046, 495434, 495537, 495543, 495765, 495881, 497231, 497239, 497693, 497999, 498118, 498173, 498216, 498234, 498245, 498324, 498354, 498452, 498504, 498573, 498653, 498784, 498851, 499027, 499185, 499279, 499432, 499732, 500028, 500053, 500064, 500601, 500606, 501459, 501611, 501933, 502042, 502087, 502112, 502227, 502239, 502302, 502350, 502585, 502993, 503112, 503702, 503982, 504401, 504803, 505200, 505203, 505685, 505818, 506017, 506026, 506046, 506089, 506316, 506510, 506535, 506686, 506695, 506891, 507053, 507110, 507211, 507230, 507288, 507659, 507696, 507726, 507984, 507999, 508074, 508245, 508550, 508743, 508818, 508823, 509060, 509155, 509175, 509272, 509276, 509286, 509367, 509377, 509562, 509619, 510014, 510062, 510326, 510421, 510627, 510874, 510984, 511037, 511046, 511086, 511414, 511456, 511626, 511831, 511849, 512062, 512500, 512593, 512597, 512614, 512689, 512885, 512984, 513031, 513049, 513158, 513248, 513825, 514402, 514608, 514818, 515135, 515409, 516255, 516466, 516475, 516501, 516675, 517351, 518137, 518967, 519235, 519763, 519791, 520141, 520313, 520316, 520322, 520989, 521103, 521244, 521254, 521267, 521469, 521577, 521673, 521709, 522231, 522631, 522890, 522906, 523294, 523450, 523455, 523818, 523824, 523858, 523930, 523985, 523989, 523998, 524279, 524378, 524747, 524887, 525013, 525330, 525476, 525585, 525588, 525747, 525859, 525929, 525944, 526040, 526121, 526597, 526727, 526803, 530403, 530411, 531442, 531480, 531499, 532374, 532379, 532403, 533199, 533469, 533597, 533795, 533811, 533845, 533957, 534190, 534215, 534331, 534342, 534475, 534481, 534602, 534640, 536205, 536217, 536221, 536234, 537117, 537182, 537211, 537236, 537883, 537941, 537966, 537983, 538008, 538172, 538366, 538817, 538900, 538950, 538988, 539028, 539104, 539117, 539212, 539269, 539364, 539542, 539670, 539686, 539896, 539908, 540425, 540464, 540475, 540490, 540674, 540686, 540835, 540868, 541006, 541147, 541432, 541506, 541649, 542089, 542632, 542659, 542676, 542727, 542894, 542930, 543455, 543645, 544320, 544428, 544818, 544822, 544830, 545449, 545562, 546074, 546336, 546413, 546443, 546754, 547307, 547792, 547814, 548022, 549682, 549927, 550428, 550465, 550556, 551313, 551528, 551540, 552228, 552332, 552360, 552511, 553175, 553294, 553554, 553645, 554293, 554759, 555145, 555268, 555464, 555491, 555525, 555590, 555604, 555655, 555950, 556003, 556371, 556379, 556493, 556914, 557116, 558385, 558448, 558830, 559085, 559115, 559176, 559205, 559394, 559478, 559674, 560631, 560790, 560872, 560929, 563423, 563518, 563534, 563902, 564252, 564845, 566240, 566590, 567826, 568185, 571665, 573328, 576535, 579404, 580621, 580888, 581144, 581577, 582758, 584352, 585612, 585656, 585899, 585978, 586095, 586780, 587307, 588134, 588279, 588494, 588575, 588603, 588783, 588931, 589145, 589168, 589226, 589415, 589567, 589917, 590965, 592042, 592080, 594119, 594425, 594473, 595070, 595690, 595744, 595759, 595882, 595911, 596311, 596557, 596723, 596739, 596807, 597452, 597594, 598030, 598364, 598594, 600514, 601862, 601903, 602233, 602649, 602999, 603691, 604611, 604824, 605293, 605475, 607202, 609602, 610231, 610466, 611410, 612468, 612581, 613826, 615963, 617263, 617866, 617903, 619343, 619904, 620757, 621402, 621997, 622288, 623081, 623608, 623887, 623896, 624061, 624082, 624115, 624762, 624805, 628544, 628580, 628604, 629907, 630260, 631895, 632045, 632415, 632722, 633744, 633796, 633822, 633856, 637885, 637927, 641209, 641216]
11,51,[176, 452, 537, 567, 864, 1212, 1999, 2331, 2465, 3476, 3816, 3857, 4187, 5563, 6135, 7042, 7145, 7942, 8197, 9253, 9775, 10321, 10741, 10756, 10775, 10790, 10809, 10976, 11188, 11743, 11824, 12096, 12370, 12411, 13237, 14290, 14693, 14886, 14891, 14902, 14940, 15082, 15261, 15898, 16049, 16258, 17078, 17090, 17396, 18039, 18910]
12,55,[183, 775, 815, 1141, 1198, 4110, 4159, 4189, 4219, 4528, 4829, 4926, 4953, 5150, 5416, 5653, 5910, 6359, 6753, 7077, 7393, 7571, 7741, 7955, 8253, 8715, 9009, 10337, 10686, 11235, 11335, 11378, 11380, 11463, 12339, 12789, 13028, 13340, 13375, 14037, 14400, 14897, 15049, 15526, 16379, 17676, 17699, 17749, 19793, 20359, 20871, 20923, 22028, 22933, 22966]
13,12,[488, 513, 525, 539, 577, 1604, 1694, 2003, 2963, 3086, 3874, 4143]
14,1,[1656]
15,244,[822, 1613, 1769, 3710, 4091, 4239, 5711, 7870, 8310, 9330, 10265, 10637, 10734, 11442, 12120, 12180, 12253, 12403, 13048, 13073, 13603, 13942, 14617, 17600, 18835, 19007, 20604, 21099, 21104, 22325, 23164, 24149, 24368, 24450, 25410, 25470, 26067, 26138, 26239, 26326, 26501, 26683, 27094, 27100, 27504, 27573, 27633, 28370, 29575, 29604, 29745, 29823, 29997, 30590, 30641, 30781, 30951, 33266, 33461, 33480, 33783, 33874, 33960, 34284, 34586, 35127, 35475, 35698, 37377, 38184, 38940, 39244, 39960, 40284, 40885, 41207, 43829, 44023, 44242, 44561, 45667, 46528, 46908, 47556, 48053, 49356, 49647, 50716, 51097, 52662, 53179, 53467, 53501, 53562, 53595, 53664, 54719, 60693, 61275, 61487, 62739, 62811, 63110, 64784, 64926, 66231, 67097, 67300, 67562, 68932, 68941, 68975, 69147, 70456, 70699, 71318, 73746, 74065, 74368, 74791, 74857, 76486, 78170, 78251, 78273, 78361, 79274, 79299, 79308, 82065, 82213, 83925, 86015, 87205, 87411, 90859, 91189, 91321, 91339, 91522, 91777, 91842, 91903, 92103, 92426, 93072, 93320, 94551, 94587, 94886, 94909, 95030, 97121, 98694, 98740, 99298, 100308, 100445, 100617, 100929, 101015, 102984, 103263, 103368, 104091, 106080, 107202, 108248, 108656, 108676, 108677, 110723, 111732, 112647, 113604, 113673, 113834, 114179, 114189, 114656, 116404, 116425, 118027, 118872, 120546, 121328, 122175, 122833, 123749, 124210, 124688, 125541, 125561, 126047, 127777, 132145, 132628, 132961, 133229, 134174, 134270, 134369, 134690, 134698, 135935, 136165, 136710, 136724, 136858, 136953, 138246, 140816, 141102, 142587, 142733, 143350, 143541, 143600, 144011, 144535, 145258, 145446, 146322, 148102, 148720, 151078, 154186, 154217, 154562, 155235, 155382, 155389, 155424, 155698, 158292, 158958, 159078, 160245, 160832, 161310, 167415, 167450, 170238, 172754]
16,61,[592, 653, 734, 1526, 1636, 2844, 2889, 3339, 4106, 4122, 5016, 6447, 6532, 7685, 7745, 7958, 8911, 8983, 9173, 9217, 9262, 9397, 9540, 9685, 9795, 9819, 9824, 10536, 12471, 12789, 14062, 14979, 15120, 15141, 16268, 16781, 17917, 19219, 20748, 21458, 22820, 24454, 26362, 30232, 30997, 31173, 31200, 31257, 31285, 33439, 33453, 33513, 33889, 34697, 34762, 35242, 35519, 36015, 36147, 36970, 37386]
17,515,[4656, 5200, 5863, 11989, 12216, 12808, 13018, 13640, 15321, 15340, 15952, 15962, 17512, 18329, 18401, 18714, 19021, 19306, 19320, 20256, 20361, 20640, 21202, 21759, 21764, 22485, 22490, 22494, 22499, 24839, 25147, 25953, 27449, 29021, 30704, 31306, 31393, 32237, 32937, 33620, 33628, 33743, 34053, 35496, 35546, 36212, 36319, 36441, 37787, 38123, 38224, 39050, 39106, 39143, 39158, 39195, 40024, 40059, 40080, 40092, 40103, 40134, 40142, 40293, 40383, 40392, 40423, 40433, 40704, 40715, 40723, 40775, 40813, 40840, 40859, 41142, 41279, 41467, 41537, 41736, 41857, 42329, 43497, 43745, 43799, 43808, 43900, 44169, 45519, 45687, 49265, 50874, 51147, 51256, 51562, 52601, 52744, 52828, 55364, 55716, 55767, 56447, 56603, 56707, 56755, 56796, 56911, 56918, 57016, 57059, 57252, 57351, 57398, 57494, 57905, 58134, 58156, 58305, 58770, 58845, 58994, 59087, 59253, 59288, 59513, 59528, 59543, 59571, 59586, 60058, 60222, 60299, 60322, 61561, 62280, 64091, 64813, 65915, 66065, 66157, 66174, 66746, 66776, 66789, 66807, 66847, 66911, 66929, 67066, 67604, 67613, 67633, 67640, 67664, 67695, 67766, 67849, 67911, 68193, 68988, 69595, 73872, 73962, 76832, 76857, 76915, 76936, 77686, 77721, 78081, 79375, 79557, 79640, 79787, 79892, 80105, 83748, 84974, 85008, 85042, 85081, 85184, 85210, 85229, 85314, 85428, 85474, 85529, 85543, 85557, 85573, 85713, 85758, 85787, 85826, 85854, 85863, 85898, 86077, 86135, 86154, 86166, 86342, 86395, 86428, 86437, 86446, 86492, 86528, 86585, 86630, 86646, 86696, 86824, 86846, 86935, 86938, 86995, 87687, 87723, 87971, 88028, 88102, 88134, 88290, 89066, 89394, 89812, 89952, 90056, 90116, 90332, 90358, 91101, 91418, 91446, 91479, 91528, 91718, 91739, 92326, 92379, 92541, 92619, 92939, 93191, 93194, 93199, 93661, 93735, 93912, 94393, 96282, 96459, 96490, 100459, 100543, 101357, 101363, 101566, 104739, 106355, 107121, 108545, 108551, 109041, 109059, 109063, 109165, 109322, 109570, 109626, 109638, 109695, 109791, 110061, 112284, 112318, 112357, 112645, 112652, 112656, 112664, 112672, 112685, 112695, 112702, 112711, 112828, 113157, 113181, 113314, 113513, 113548, 113709, 114918, 114935, 115492, 115543, 115567, 115752, 115772, 115817, 115862, 116099, 116131, 116155, 116184, 116205, 116308, 116337, 116373, 116702, 117491, 117634, 117988, 118026, 118209, 118225, 119255, 119667, 119683, 120196, 120291, 120403, 121357, 121584, 121694, 121770, 122120, 122132, 122187, 122378, 122556, 122638, 122647, 122733, 122796, 122811, 122818, 123403, 123447, 123451, 123476, 123512, 123516, 123699, 123740, 124035, 124052, 124990, 125250, 128288, 128366, 128380, 132191, 132586, 138338, 139474, 141832, 141840, 145407, 145456, 145769, 145779, 145838, 146074, 146228, 146808, 157863, 158323, 158484, 158625, 159307, 159674, 159689, 159727, 159768, 159779, 159809, 159815, 159831, 159870, 159900, 159944, 160389, 160400, 160415, 160976, 161019, 162422, 162429, 162480, 162491, 162520, 162537, 162562, 162578, 162597, 162714, 162911, 163690, 163760, 163786, 163798, 163825, 163831, 164004, 164025, 165455, 165711, 165797, 166973, 174984, 175740, 176586, 176627, 176675, 176737, 176789, 176871, 176940, 176959, 176979, 177356, 177390, 177429, 177501, 177566, 177616, 177632, 177643, 177715, 177742, 177758, 177825, 177872, 177930, 178009, 178095, 178146, 178212, 178378, 178574, 178668, 178798, 178844, 179141, 179392, 179440, 179679, 179690, 179722, 179747, 179864, 180189, 180234, 180464, 180493, 181698, 181765, 181986, 183366, 183643, 183726, 183980, 184004, 184425, 184447, 184596, 184641, 184691, 184752, 185451, 185991, 186177, 186573, 186585, 186700, 187761, 187782, 187876, 187938, 188245, 188381, 188392, 189775, 189844, 189962, 189983, 193568, 197195, 197567, 197623, 197746, 197922, 197961, 198363, 198412, 198512, 198537, 198821, 198855, 198893, 198931, 198977, 202058, 205296, 214806, 215051, 215183, 215230, 215696, 215807, 217723]
18,30,[7708, 8832, 14691, 37715, 38026, 39517, 43875, 46990, 47159, 56334, 60362, 61204, 62432, 71051, 71915, 77412, 79008, 94055, 95100, 95349, 97932, 100667, 109633, 113055, 122767, 131782, 139819, 142071, 145459, 147890]
19,3,[5886, 5899, 12510]
20,28,[179, 193, 2345, 5881, 12841, 16781, 21944, 22233, 25943, 34328, 38226, 39636, 41364, 41632, 45697, 45716, 46023, 46151, 48113, 50581, 53170, 53759, 53786, 54275, 54608, 61995, 64502, 65114]
21,11,[6981, 7537, 12976, 16050, 16096, 17156, 22033, 26466, 30186, 30658, 31900]
22,61,[5204, 11019, 13671, 17359, 18397, 39906, 63192, 63275, 63821, 66020, 66604, 66606, 66609, 66877, 67475, 68540, 70406, 70413, 72065, 72669, 73248, 73444, 75267, 75961, 76180, 76181, 76355, 76364, 76410, 77695, 77993, 82601, 82664, 82741, 82742, 82744, 83187, 83237, 83525, 83529, 86672, 86879, 87894, 116408, 117438, 131910, 137034, 137514, 138229, 138299, 140110, 140210, 140216, 142274, 148087, 151635, 152242, 153006, 153273, 160669, 160679]
23,30,[2915, 3039, 3087, 3099, 3651, 7521, 7590, 8619, 8854, 11006, 11191, 11315, 11795, 11822, 11974, 19383, 19964, 20448, 21717, 22306, 23925, 24283, 24310, 24805, 25020, 27347, 27447, 28578, 29170, 29176]
24,45,[1372, 2261, 2375, 4832, 4874, 4954, 5052, 5357, 8870, 10425, 10646, 10829, 13739, 13753, 13845, 14134, 14165, 15076, 15408, 16959, 19315, 20580, 22796, 22876, 23274, 24620, 24899, 25564, 26193, 26264, 27554, 27573, 28782, 29988, 33110, 33849, 34328, 35152, 36109, 41966, 42842, 42944, 43948, 43962, 44422]
25,1,[1947]
26,28,[543, 557, 2738, 6399, 13428, 17434, 22699, 22988, 26741, 35211, 39146, 40576, 42301, 42569, 46699, 46718, 47025, 47153, 49126, 51631, 54283, 54891, 54918, 55437, 55770, 63296, 65901, 66525]
27,217,[6543, 6864, 7946, 8221, 8612, 8674, 13058, 13193, 13275, 13726, 14093, 15355, 16202, 16206, 16257, 17318, 17344, 17564, 17822, 18106, 20616, 20634, 20729, 20912, 20946, 20977, 21060, 21126, 21539, 21665, 23885, 23893, 24544, 24651, 25335, 25338, 25956, 27492, 27811, 28510, 28750, 28849, 28944, 29792, 31199, 34091, 34097, 34294, 34365, 34426, 34431, 34435, 34506, 34527, 34566, 34577, 34723, 34761, 34793, 34807, 35687, 35781, 35845, 36181, 37390, 37395, 38728, 40591, 40609, 40804, 41607, 41685, 42643, 42676, 42929, 44320, 44489, 45344, 45533, 45786, 45928, 46275, 46283, 46320, 46398, 46428, 46460, 46689, 46793, 47262, 47266, 47968, 51183, 51196, 51228, 51443, 51517, 51661, 51662, 52033, 52128, 52172, 52758, 52954, 53016, 53032, 53169, 53176, 53191, 53254, 53260, 53265, 53269, 53273, 54209, 54278, 54517, 54536, 54583, 55153, 55163, 55427, 55538, 55549, 59235, 59736, 59813, 59880, 59902, 60300, 60428, 60490, 60646, 61200, 61396, 61811, 62055, 62104, 62349, 62626, 63118, 63667, 63944, 64032, 64037, 64925, 68216, 69326, 69374, 70043, 71922, 72604, 72787, 72791, 73343, 73423, 73550, 74464, 74500, 74713, 74918, 75088, 75215, 75329, 76317, 76969, 77093, 77794, 77841, 78802, 79094, 79513, 80743, 81269, 81286, 82318, 88931, 90454, 90470, 90629, 90671, 92725, 93478, 96012, 96204, 96250, 96339, 96470, 96478, 96517, 96607, 96696, 97902, 98719, 98722, 99145, 99413, 100019, 100399, 100511, 101121, 101296, 101679, 101710, 101943, 101962, 102084, 102511, 102520, 102852, 105409, 105464, 105519, 107740, 108486, 108659, 109504]
28,6,[424, 689, 1296, 4242, 8816, 10533]
30,1056,[6284, 6298, 7312, 10535, 12516, 12529, 13154, 13166, 14439, 19588, 19626, 20502, 20517, 22583, 22639, 24956, 26707, 27428, 27628, 28190, 28357, 29182, 29234, 29240, 31558, 33024, 33038, 33044, 33058, 33076, 33117, 33203, 33340, 33623, 33851, 33863, 34367, 34389, 34623, 35110, 35289, 35433, 35522, 35724, 35813, 36070, 36193, 36783, 38991, 39000, 39853, 40116, 41713, 43391, 44293, 44460, 52307, 53007, 58564, 68487, 70192, 70361, 70625, 71164, 71867, 72531, 73010, 73336, 73640, 73769, 75024, 75426, 77221, 82129, 82325, 82392, 82441, 82679, 84895, 86991, 87140, 89114, 89499, 89797, 92445, 92549, 94396, 95007, 95035, 95493, 95890, 96919, 98729, 98753, 103098, 103263, 103999, 105764, 107505, 109170, 109254, 109791, 110369, 111005, 111133, 111850, 113718, 114390, 115602, 116802, 117434, 118051, 118199, 118708, 119046, 119458, 119500, 121160, 121192, 121225, 121530, 121580, 121791, 122318, 122357, 122372, 122385, 122401, 122418, 122437, 122451, 122472, 122486, 122499, 122513, 122530, 124230, 124239, 124814, 124874, 124894, 125345, 125364, 126043, 126958, 127121, 127182, 128054, 132025, 132154, 132739, 133816, 141966, 142430, 142446, 142453, 146656, 146664, 148580, 148594, 148784, 149015, 151392, 153020, 155279, 156338, 156748, 159523, 159908, 163243, 163445, 165843, 166990, 167875, 168780, 169507, 169527, 170173, 171041, 171532, 173936, 173997, 174716, 174869, 174889, 175210, 175236, 178112, 186176, 186461, 188424, 188471, 188557, 189597, 190161, 190746, 191283, 191564, 191983, 192163, 192562, 193059, 194599, 194922, 196199, 196567, 198521, 198801, 199505, 199811, 200016, 200064, 200842, 200848, 200895, 200908, 200979, 200993, 207563, 210012, 211186, 211646, 213489, 215522, 218311, 218744, 219407, 219484, 220388, 221542, 221822, 221894, 224015, 224370, 224879, 225410, 225783, 226295, 232810, 233383, 233454, 235818, 240901, 248124, 248178, 248494, 250555, 259606, 261071, 264430, 264614, 264863, 265625, 265909, 275609, 281515, 282339, 286713, 288334, 292479, 298904, 299036, 299152, 299695, 299788, 299869, 299978, 302985, 303090, 303559, 303743, 304217, 304284, 305634, 307046, 307066, 307500, 307563, 307778, 308550, 308901, 309422, 311256, 311430, 312766, 313042, 316221, 317837, 317943, 318180, 318188, 318228, 319711, 319730, 319855, 319969, 320089, 320112, 323366, 323474, 324281, 324611, 326074, 326093, 326898, 326942, 329207, 331989, 332555, 333042, 336064, 336087, 337836, 338303, 338315, 338329, 340764, 340863, 341297, 341368, 341441, 342773, 344992, 345903, 346470, 347083, 351932, 352096, 353420, 353808, 355857, 355966, 358264, 358644, 358931, 359342, 360675, 363571, 364178, 365030, 365730, 366406, 366415, 366531, 366845, 368283, 368332, 368960, 369067, 370876, 371344, 371972, 375116, 375137, 375147, 375514, 375827, 377219, 377720, 377966, 377983, 378033, 378572, 378641, 379442, 379648, 380197, 381260, 381282, 381702, 381998, 382087, 382514, 382892, 382939, 383339, 383703, 384493, 384556, 384843, 385110, 385358, 385375, 386264, 387892, 388095, 388420, 388633, 388819, 390604, 391402, 392680, 393472, 393603, 393681, 393807, 394100, 394218, 394584, 394594, 395203, 395533, 395608, 395728, 396578, 396729, 397137, 397453, 397548, 398754, 399090, 400337, 400353, 400490, 400558, 400582, 400962, 401036, 401095, 401296, 402068, 402098, 402356, 402715, 402817, 403600, 403846, 404288, 404538, 404696, 404783, 404839, 404893, 405061, 405734, 406003, 406018, 406299, 406360, 406384, 406399, 406451, 406468, 406479, 406494, 407448, 407490, 407541, 407840, 408484, 408498, 411023, 411115, 411587, 411989, 412850, 413013, 413306, 413354, 415720, 416004, 417010, 417100, 417132, 417491, 419075, 419307, 419424, 419602, 420746, 420764, 421137, 421941, 421998, 422052, 423612, 425610, 425619, 426212, 426260, 428159, 428299, 430678, 430772, 431166, 431434, 432415, 432653, 433721, 434192, 434853, 435127, 435162, 435563, 435587, 435771, 435887, 435936, 435960, 435978, 436023, 436129, 436225, 436345, 436401, 436636, 436699, 436994, 437354, 438927, 439073, 439142, 439910, 440101, 440285, 440605, 440643, 441191, 441285, 441357, 441738, 441804, 441839, 441938, 441996, 442001, 442340, 442412, 442426, 442570, 443024, 444447, 445027, 445204, 445871, 446039, 446796, 446958, 447011, 447270, 447483, 448032, 449212, 450103, 450250, 450334, 450374, 450423, 450455, 450521, 450566, 450678, 450723, 450957, 451740, 452059, 452091, 452221, 452400, 452593, 452903, 453071, 453181, 453237, 453255, 453411, 453470, 453735, 453945, 454022, 454055, 454348, 458434, 458466, 465580, 465963, 471840, 471995, 472383, 472395, 474409, 474519, 475208, 475513, 475540, 475627, 476497, 476518, 476543, 477118, 478268, 478449, 479112, 479511, 479526, 479529, 479590, 480307, 480618, 482826, 482860, 483305, 483375, 483654, 485681, 486371, 486485, 487510, 488582, 489470, 493045, 493484, 493811, 493868, 493881, 493987, 493992, 494610, 494693, 494730, 494743, 494749, 494887, 495275, 495378, 495384, 495606, 495722, 497062, 497070, 497524, 497830, 497949, 498004, 498047, 498065, 498076, 498155, 498185, 498283, 498335, 498404, 498484, 498615, 498682, 498858, 499016, 499110, 499263, 499563, 499859, 499884, 499895, 500432, 500437, 501290, 501442, 501764, 501873, 501918, 501943, 502058, 502070, 502133, 502181, 502416, 502824, 502943, 503533, 503813, 504232, 504634, 505031, 505034, 505516, 505649, 505848, 505857, 505877, 505920, 506147, 506341, 506366, 506517, 506526, 506722, 506884, 506941, 507042, 507061, 507119, 507490, 507527, 507557, 507815, 507830, 507905, 508076, 508381, 508574, 508649, 508654, 508891, 508986, 509006, 509103, 509107, 509117, 509198, 509208, 509393, 509450, 509845, 509893, 510157, 510252, 510458, 510705, 510815, 510868, 510877, 510917, 511245, 511287, 511457, 511662, 511680, 511893, 512331, 512424, 512428, 512445, 512520, 512716, 512815, 512862, 512880, 512989, 513079, 513656, 514233, 514439, 514649, 514966, 515240, 516083, 516294, 516303, 516329, 516503, 517179, 517965, 518795, 519063, 519591, 519619, 519969, 520141, 520144, 520150, 520817, 520931, 521072, 521082, 521095, 521297, 521405, 521501, 521537, 522059, 522459, 522718, 522734, 523122, 523278, 523283, 523646, 523652, 523686, 523758, 523813, 523817, 523826, 524107, 524206, 524575, 524715, 524841, 525158, 525304, 525413, 525416, 525575, 525687, 525757, 525772, 525868, 525949, 526425, 526555, 526631, 530228, 530236, 531267, 531305, 531324, 532199, 532204, 532228, 533024, 533294, 533422, 533620, 533636, 533670, 533782, 534015, 534040, 534156, 534167, 534300, 534306, 534427, 534465, 536030, 536042, 536046, 536059, 536942, 537007, 537036, 537061, 537708, 537766, 537791, 537808, 537833, 537997, 538191, 538642, 538725, 538775, 538813, 538853, 538929, 538942, 539037, 539094, 539189, 539367, 539495, 539511, 539721, 539733, 540250, 540289, 540300, 540315, 540499, 540511, 540660, 540693, 540831, 540972, 541257, 541331, 541474, 541914, 542457, 542484, 542501, 542552, 542719, 542755, 543280, 543470, 544145, 544253, 544643, 544647, 544655, 545274, 545387, 545899, 546161, 546238, 546268, 546579, 547132, 547617, 547639, 547847, 549504, 549749, 550250, 550287, 550378, 551135, 551350, 551362, 552050, 552154, 552182, 552333, 552997, 553116, 553376, 553467, 554115, 554581, 554967, 555090, 555286, 555313, 555347, 555412, 555426, 555477, 555772, 555825, 556193, 556201, 556315, 556736, 556938, 558207, 558270, 558652, 558907, 558937, 558998, 559027, 559216, 559300, 559496, 560453, 560612, 560694, 560751, 563245, 563340, 563356, 563724, 564074, 564665, 566060, 566410, 567646, 568005, 571485, 573148, 576355, 579224, 580441, 580708, 580964, 581397, 582578, 584172, 585427, 585471, 585714, 585793, 585910, 586595, 587122, 587949, 588094, 588309, 588390, 588418, 588598, 588746, 588960, 588983, 589041, 589230, 589382, 589732, 590780, 591851, 591889, 593928, 594234, 594282, 594879, 595499, 595553, 595568, 595691, 595720, 596120, 596366, 596532, 596548, 596616, 597261, 597403, 597839, 598173, 598403, 600317, 601665, 601706, 602036, 602452, 602802, 603489, 604409, 604622, 605091, 605273, 606995, 609390, 610014, 610249, 611193, 612245, 612358, 613592, 615724, 617020, 617619, 617656, 619091, 619652, 620505, 621150, 621745, 622036, 622829, 623354, 623633, 623642, 623807, 623828, 623861, 624508, 624551, 628281, 628317, 628341, 629644, 629997, 631620, 631770, 632140, 632447, 633469, 633521, 633547, 633581, 637610, 637652, 640934, 640941]
