10,38,[5746, 30823, 76953, 91241, 108153, 124250, 127037, 212091, 283664, 323679, 325590, 335931, 343841, 374806, 381177, 398419, 400790, 403518, 405745, 423567, 423658, 432121, 432333, 432404, 432656, 434470, 435839, 435871, 441271, 443018, 447930, 448682, 448766, 465070, 470820, 471605, 487253, 490103]
14,16,[9942, 15271, 16015, 17924, 46044, 52754, 62612, 75598, 103555, 103582, 145297, 174565, 179356, 188842, 190899, 191656]
15,3,[54338, 76465, 167705]
16,1,[12361]
17,8,[77336, 99586, 99611, 99697, 100030, 100188, 157550, 195322]
20,1,[2031]
22,10,[9019, 10530, 10575, 22722, 32824, 39570, 60250, 64632, 69890, 118414]
25,14,[10161, 15209, 15884, 17624, 44184, 50597, 60188, 72000, 99466, 99493, 139264, 167561, 171983, 181076]
30,38,[5652, 30729, 76850, 91134, 108042, 124139, 126926, 211949, 283508, 323520, 325431, 335772, 343682, 374643, 381014, 398253, 400624, 403352, 405579, 423401, 423492, 431951, 432163, 432234, 432486, 434300, 435669, 435701, 441101, 442848, 447760, 448512, 448596, 464899, 470649, 471434, 487090, 489943]
10,38,[5746, 30823, 76953, 91241, 108153, 124250, 127037, 212091, 283664, 323679, 325590, 335931, 343841, 374806, 381177, 398419, 400790, 403518, 405745, 423567, 423658, 432121, 432333, 432404, 432656, 434470, 435839, 435871, 441271, 443018, 447930, 448682, 448766, 465070, 470820, 471605, 487253, 490103]
14,16,[9942, 15271, 16015, 17924, 46044, 52754, 62612, 75598, 103555, 103582, 145297, 174565, 179356, 188842, 190899, 191656]
15,3,[54338, 76465, 167705]
16,1,[12361]
17,8,[77336, 99586, 99611, 99697, 100030, 100188, 157550, 195322]
20,1,[2031]
22,10,[9019, 10530, 10575, 22722, 32824, 39570, 60250, 64632, 69890, 118414]
25,14,[10161, 15209, 15884, 17624, 44184, 50597, 60188, 72000, 99466, 99493, 139264, 167561, 171983, 181076]
30,38,[5652, 30729, 76850, 91134, 108042, 124139, 126926, 211949, 283508, 323520, 325431, 335772, 343682, 374643, 381014, 398253, 400624, 403352, 405579, 423401, 423492, 431951, 432163, 432234, 432486, 434300, 435669, 435701, 441101, 442848, 447760, 448512, 448596, 464899, 470649, 471434, 487090, 489943]
