10,3,[301438, 422062, 475789]
12,1,[11699]
15,1,[15728]
17,3,[97992, 211812, 211838]
19,1,[25305]
20,1,[45846]
22,25,[38375, 51852, 51863, 51895, 51897, 51956, 52030, 61089, 61430, 61433, 63673, 63729, 65066, 66141, 67009, 68410, 68413, 71396, 74435, 76966, 76970, 79275, 79870, 89996, 90254]
24,1,[35869]
26,3,[46848, 52334, 52392]
30,3,[301280, 421896, 475619]
10,3,[301438, 422062, 475789]
12,1,[11699]
15,1,[15728]
17,3,[97992, 211812, 211838]
19,1,[25305]
20,1,[45846]
22,25,[38375, 51852, 51863, 51895, 51897, 51956, 52030, 61089, 61430, 61433, 63673, 63729, 65066, 66141, 67009, 68410, 68413, 71396, 74435, 76966, 76970, 79275, 79870, 89996, 90254]
24,1,[35869]
26,3,[46848, 52334, 52392]
30,3,[301280, 421896, 475619]
