10,1,[577593]
11,6,[15653, 15739, 15778, 15783, 15823, 17291]
14,3,[97188, 114378, 131128]
15,10,[543, 596, 23526, 66608, 120460, 121024, 121030, 121045, 121346, 139753]
16,13,[793, 966, 1008, 1505, 11228, 16383, 28725, 28761, 28839, 35561, 35576, 35958, 35985]
22,54,[10258, 16455, 16773, 65684, 67034, 75187, 76733, 76837, 77136, 77154, 77160, 77162, 77170, 77176, 77179, 77283, 77387, 77400, 77401, 77416, 77418, 77420, 77422, 77424, 77426, 77428, 77431, 77433, 77435, 77437, 77441, 77443, 77445, 77447, 77449, 77452, 77454, 77457, 77459, 77462, 77464, 77466, 77468, 77473, 77475, 77477, 77478, 77479, 77504, 77530, 80491, 86913, 87999, 159872]
23,14,[503, 12962, 15423, 15468, 21211, 21344, 21361, 21384, 21510, 21528, 21575, 21586, 21610, 24346]
24,15,[334, 8127, 9956, 10637, 12336, 12822, 16629, 17903, 21401, 21734, 22929, 25866, 33980, 33998, 34437]
25,16,[17112, 18874, 32897, 47065, 66422, 71282, 74199, 86637, 93077, 109583, 113826, 125477, 142467, 143079, 144231, 169671]
27,6,[20765, 22244, 36838, 44573, 69647, 76852]
28,1,[1360]
30,1,[577413]
10,1,[577593]
11,6,[15653, 15739, 15778, 15783, 15823, 17291]
14,3,[97188, 114378, 131128]
15,10,[543, 596, 23526, 66608, 120460, 121024, 121030, 121045, 121346, 139753]
16,13,[793, 966, 1008, 1505, 11228, 16383, 28725, 28761, 28839, 35561, 35576, 35958, 35985]
22,54,[10258, 16455, 16773, 65684, 67034, 75187, 76733, 76837, 77136, 77154, 77160, 77162, 77170, 77176, 77179, 77283, 77387, 77400, 77401, 77416, 77418, 77420, 77422, 77424, 77426, 77428, 77431, 77433, 77435, 77437, 77441, 77443, 77445, 77447, 77449, 77452, 77454, 77457, 77459, 77462, 77464, 77466, 77468, 77473, 77475, 77477, 77478, 77479, 77504, 77530, 80491, 86913, 87999, 159872]
23,14,[503, 12962, 15423, 15468, 21211, 21344, 21361, 21384, 21510, 21528, 21575, 21586, 21610, 24346]
24,15,[334, 8127, 9956, 10637, 12336, 12822, 16629, 17903, 21401, 21734, 22929, 25866, 33980, 33998, 34437]
25,16,[17112, 18874, 32897, 47065, 66422, 71282, 74199, 86637, 93077, 109583, 113826, 125477, 142467, 143079, 144231, 169671]
27,6,[20765, 22244, 36838, 44573, 69647, 76852]
28,1,[1360]
30,1,[577413]
