15,15,[21294, 64804, 72623, 72723, 90405, 110335, 110373, 125328, 128908, 142056, 148884, 149955, 152705, 161943, 166578]
17,1,[72587]
18,12,[4636, 9191, 31712, 36889, 72969, 86490, 86980, 87171, 91054, 112831, 133186, 144103]
21,3,[2416, 7101, 19685]
23,2,[208, 9341]
24,1,[36049]
26,2,[19245, 24892]
27,2,[66516, 83565]
15,15,[21294, 64804, 72623, 72723, 90405, 110335, 110373, 125328, 128908, 142056, 148884, 149955, 152705, 161943, 166578]
17,1,[72587]
18,12,[4636, 9191, 31712, 36889, 72969, 86490, 86980, 87171, 91054, 112831, 133186, 144103]
21,3,[2416, 7101, 19685]
23,2,[208, 9341]
24,1,[36049]
26,2,[19245, 24892]
27,2,[66516, 83565]
