6,2,[30, 189]
8,1,[547]
10,597,[1398, 4240, 5649, 6373, 9116, 9946, 11031, 15139, 15622, 18235, 18364, 19201, 19741, 20392, 22610, 22742, 24077, 25528, 26062, 26101, 26712, 26747, 27897, 27937, 28097, 28362, 28612, 28696, 30391, 30412, 32123, 32860, 32877, 33854, 33922, 34516, 34630, 35232, 37536, 38159, 38179, 38735, 40066, 40475, 40493, 41743, 42243, 42325, 45304, 45771, 51769, 53311, 53498, 53504, 53551, 53816, 54981, 66062, 66093, 66202, 66234, 66529, 68124, 68140, 72335, 72340, 81329, 87167, 87400, 88251, 89125, 89139, 95658, 95826, 95925, 95929, 95938, 96617, 98581, 101894, 101956, 105717, 105733, 107376, 107468, 108186, 117448, 119261, 119354, 120291, 122850, 123477, 124373, 124393, 124499, 124928, 125504, 126898, 127265, 127541, 128317, 129652, 131147, 132709, 132902, 142072, 151071, 154103, 155120, 159595, 163238, 163424, 164235, 165038, 165168, 167677, 168601, 168631, 169845, 170172, 170437, 171574, 172819, 174342, 174620, 175536, 176235, 177364, 177382, 177834, 177836, 177857, 177939, 179042, 179719, 184043, 184055, 186196, 189727, 189748, 189766, 191226, 191359, 191431, 191540, 192158, 198720, 198993, 207822, 210322, 211755, 214579, 216487, 216884, 218850, 220301, 221042, 221081, 221085, 222684, 223597, 223698, 224015, 224136, 224536, 224554, 224708, 225486, 225902, 225919, 226363, 226893, 233776, 236052, 236691, 261393, 264782, 264986, 265931, 267131, 268091, 269283, 271306, 272303, 275843, 279351, 284208, 285339, 288504, 293571, 294720, 295617, 295628, 297944, 299055, 299243, 299252, 299835, 300012, 300314, 302549, 303122, 303126, 303272, 303374, 303804, 304125, 304224, 304496, 304618, 304831, 305849, 306592, 307641, 307683, 308144, 308268, 308390, 308725, 309082, 312805, 313264, 313565, 315162, 316360, 317007, 317763, 317827, 318540, 319079, 319653, 319990, 321588, 321752, 322414, 322506, 323485, 323668, 324252, 324443, 324486, 324810, 326007, 326124, 327400, 330843, 331821, 332246, 332504, 332719, 332749, 333351, 335637, 336535, 336767, 337729, 337755, 338032, 338527, 339570, 341426, 341438, 342193, 343015, 343125, 353819, 355737, 356934, 357128, 357912, 358007, 359122, 359776, 361557, 362572, 362578, 362608, 362799, 365204, 365691, 365713, 368554, 369339, 370650, 373692, 373696, 375352, 375680, 375939, 376612, 377226, 377259, 377286, 377864, 378978, 379727, 380274, 381277, 381879, 382805, 383037, 384674, 385215, 386797, 386846, 386944, 386986, 387176, 387193, 389710, 389735, 390434, 390546, 391433, 392418, 392541, 392897, 392937, 392971, 393372, 393381, 393537, 393646, 393834, 394021, 395083, 395341, 395627, 395827, 396408, 396931, 399740, 399934, 401133, 402700, 402746, 404525, 404633, 405284, 405331, 406326, 410559, 410567, 419264, 419421, 426368, 427664, 427678, 433765, 433912, 433955, 435557, 435559, 435662, 435803, 435832, 436336, 436535, 436741, 437300, 437330, 438406, 441960, 442613, 450202, 450361, 455052, 462453, 462863, 464577, 466533, 476980, 479502, 482391, 484436, 484814, 484945, 486157, 486531, 488561, 489117, 490128, 490800, 490918, 491027, 492446, 492452, 492993, 494849, 497960, 498092, 499464, 499940, 501098, 502001, 502054, 502065, 502084, 503154, 503608, 503636, 503664, 503693, 503713, 503717, 505639, 506330, 509860, 511042, 511080, 511164, 511295, 511554, 511615, 513716, 513830, 514103, 514456, 514864, 515194, 515271, 515298, 515363, 516253, 517654, 518451, 518462, 518778, 519785, 521078, 521180, 524328, 524939, 525199, 525403, 525464, 526673, 527371, 527455, 527801, 529592, 529804, 530370, 533507, 534107, 534154, 534165, 534187, 534841, 534981, 535058, 535394, 535999, 536370, 537475, 537479, 537490, 537494, 538476, 539889, 539903, 540511, 540679, 541040, 542916, 542926, 542932, 542934, 543910, 543932, 544966, 545840, 546002, 546048, 546061, 547446, 548910, 548918, 549606, 549694, 549838, 549916, 549932, 550436, 550987, 551458, 551782, 553015, 553265, 553775, 553965, 555533, 555624, 555918, 556011, 556122, 556330, 556333, 556338, 556372, 557548, 557637, 558149, 558355, 558678, 559777, 560618, 560704, 560711, 560732, 560739, 560780, 560787, 560849, 562063, 563706, 565256, 565437, 565521, 565555, 566107, 569280, 570027, 573711, 575287, 577830, 577898, 578729, 578943, 580067, 580136, 580996, 582229, 584214, 584363, 584389, 584636, 587536, 588017, 589373, 589408, 591219, 591266, 592252, 594907, 597156, 598821, 598856, 601489, 603841, 605767, 606765, 607621, 607874, 608655, 609050, 609132, 611964, 612118, 612120, 612170, 612760, 615459, 615608, 618373, 618382, 618858, 620325, 621477, 621787, 622709, 622908, 623393, 624213, 625376, 625640, 626308, 627307, 629234, 630232, 630812, 631525, 631653, 632963, 633708, 633747, 633799, 633834, 633859, 635350, 635860, 638123, 638883, 638936, 639551, 640941, 641048]
11,67,[254, 358, 494, 504, 657, 749, 1127, 1228, 1394, 1499, 1869, 2051, 2221, 2279, 2515, 3063, 4002, 4588, 4690, 5018, 5128, 5986, 6664, 6699, 6743, 6878, 6880, 7787, 7826, 8053, 8103, 9330, 9356, 9690, 9742, 9845, 10135, 10189, 10258, 10474, 10599, 10777, 10785, 12104, 12517, 12547, 12593, 12768, 12866, 13043, 13278, 13965, 14062, 14368, 15319, 15330, 15561, 16456, 16546, 18012, 18042, 18180, 18882, 19348, 19725, 20302, 20768]
12,85,[369, 689, 706, 944, 1306, 1351, 1369, 1384, 1484, 1508, 1672, 1732, 1850, 1871, 1886, 2123, 2315, 2790, 2952, 3546, 3793, 4164, 4772, 5250, 5792, 5968, 6402, 7513, 8139, 8168, 8575, 8591, 9029, 9514, 9528, 10487, 10817, 11848, 11867, 12087, 12659, 13160, 13463, 13494, 13612, 13623, 13910, 14350, 14658, 14661, 14678, 14687, 14711, 15016, 15252, 15361, 15470, 16271, 16470, 16624, 17015, 17133, 17150, 17335, 17446, 17499, 18039, 18070, 18074, 18170, 18330, 19331, 19361, 19410, 19667, 19789, 19803, 20245, 20954, 21612, 21946, 22592, 22626, 23052, 23271]
13,3,[1178, 2896, 4161]
14,19,[127, 239, 261, 612, 8387, 8393, 37301, 37624, 47378, 59350, 86708, 86805, 93342, 151522, 156001, 183885, 196990, 196993, 199663]
15,271,[553, 1628, 1632, 2734, 3344, 3540, 3947, 4073, 4261, 4822, 6146, 8277, 8280, 8835, 8949, 9076, 9387, 10065, 11494, 11577, 11805, 12616, 12666, 12818, 13068, 13094, 13480, 14382, 14498, 15339, 15440, 16513, 18317, 19278, 19481, 21415, 21566, 24131, 24175, 24292, 24296, 24300, 24344, 24488, 24595, 24623, 24697, 24709, 24737, 24741, 26238, 26920, 26962, 27223, 27686, 28142, 28335, 28868, 29665, 29673, 31092, 31754, 32029, 32180, 32202, 32233, 32270, 34224, 34402, 34837, 35633, 36225, 36456, 36854, 38355, 40477, 41227, 41271, 41312, 42956, 44929, 45314, 45791, 46344, 47498, 47629, 49788, 50152, 50206, 50429, 50560, 50575, 50737, 51373, 51491, 51541, 51544, 51601, 51955, 52441, 52698, 52778, 52821, 54164, 57571, 59647, 60044, 60724, 64893, 66696, 68379, 68514, 68544, 69013, 69014, 70553, 71563, 73054, 74109, 74267, 77845, 77846, 78298, 79310, 81262, 84344, 84383, 84496, 84670, 87497, 87514, 90688, 91206, 92121, 92237, 92253, 92933, 93022, 93285, 95170, 96427, 100314, 100364, 100386, 100647, 100684, 100714, 100734, 100806, 100916, 100969, 101061, 101534, 101564, 101644, 101751, 101931, 102167, 102370, 103527, 105677, 106640, 107113, 107730, 108522, 108562, 110084, 113159, 114564, 114884, 114897, 115837, 116399, 120464, 123597, 124282, 124873, 129815, 130416, 131942, 132281, 132636, 132867, 133389, 133676, 133677, 133844, 133854, 134064, 134196, 134603, 134845, 134965, 135152, 138925, 141565, 142025, 143200, 143453, 143457, 145190, 145544, 148259, 150536, 150592, 151024, 152068, 152165, 152351, 152477, 153070, 153112, 153113, 153566, 153654, 154061, 154284, 154353, 154597, 154743, 155158, 155691, 157237, 157286, 157375, 157565, 157637, 158222, 158578, 158690, 159187, 159291, 159874, 159877, 160276, 160863, 161078, 161737, 162265, 162501, 162620, 163618, 163648, 163725, 163824, 163825, 163985, 164309, 164517, 166417, 166665, 166925, 166963, 167033, 167120, 167141, 167153, 167953, 169132, 169369, 169596, 169923, 170325, 170336, 170949, 171267, 171313, 171337, 171731, 171902, 172617]
16,108,[961, 1172, 1193, 1276, 1296, 2689, 3148, 3561, 4660, 4969, 5308, 6221, 6276, 6478, 6677, 6915, 6921, 7160, 7978, 8048, 8244, 8673, 8787, 8989, 9219, 9264, 9291, 9647, 9932, 10129, 11855, 12151, 12864, 13245, 13497, 13750, 13758, 13892, 13948, 13969, 14293, 14354, 14553, 14889, 15174, 15213, 16105, 16600, 16608, 16683, 17318, 17357, 17378, 17455, 17539, 17739, 17867, 18307, 18858, 19006, 20963, 20990, 21212, 21468, 21982, 22466, 22884, 23199, 23256, 23368, 23424, 24100, 27556, 27563, 28035, 29371, 29688, 29829, 29929, 30008, 30156, 30471, 32330, 33180, 33431, 34043, 34193, 34415, 34476, 34486, 34724, 34920, 34953, 35098, 35314, 35686, 36216, 36492, 36520, 36759, 36763, 36784, 36896, 37183, 37436, 37710, 37778, 37817]
17,155,[5927, 6484, 7234, 11446, 11558, 11565, 13798, 14288, 16733, 17924, 18968, 27816, 28896, 30627, 32247, 32730, 32753, 35607, 36428, 40242, 40487, 40523, 52737, 54178, 58989, 59671, 65834, 65883, 66359, 67098, 67288, 67305, 67627, 68232, 68281, 68312, 68325, 71663, 72496, 77964, 83825, 88396, 89923, 90952, 92559, 92983, 93858, 93882, 93898, 93954, 96246, 96351, 98445, 101338, 101483, 102137, 102644, 103506, 107453, 107480, 107797, 109561, 109805, 111289, 111318, 111331, 111586, 111640, 112307, 112320, 113970, 113982, 117030, 120909, 121662, 121670, 122060, 122068, 122086, 122097, 124151, 124328, 124374, 124473, 124493, 124681, 127220, 127228, 127236, 127420, 127430, 128329, 129073, 129097, 129114, 129453, 131171, 131185, 134202, 134276, 135451, 146717, 147372, 151517, 152429, 152449, 152471, 156737, 156778, 156799, 156954, 159761, 162052, 162073, 162178, 165083, 165330, 165598, 165838, 175702, 176415, 177313, 177475, 178874, 180510, 180559, 180780, 181254, 181272, 181909, 181921, 181942, 182317, 184278, 184341, 184583, 184976, 189783, 189890, 195500, 198444, 199261, 199267, 199276, 203015, 203283, 205787, 209098, 210897, 211879, 214475, 215424, 217006, 217012, 217714]
18,42,[1311, 4902, 5070, 5622, 5789, 6703, 11234, 14273, 16600, 17016, 19865, 24972, 34001, 35296, 37003, 45392, 47355, 47641, 55069, 56641, 57393, 66213, 82910, 85777, 98985, 106584, 106925, 112200, 117095, 119487, 122042, 125592, 127790, 128071, 128904, 132099, 132854, 141155, 146478, 148047, 148309, 148770]
19,38,[3220, 3383, 3939, 3964, 4662, 5842, 5845, 8173, 8987, 8997, 9007, 9178, 10245, 10260, 10416, 10422, 10809, 14262, 15290, 15296, 16195, 16436, 17902, 23755, 24461, 24972, 25910, 26397, 26443, 26495, 26613, 26662, 26759, 26943, 26950, 27009, 27695, 27781]
20,53,[854, 1065, 1364, 5322, 11836, 13170, 13657, 14606, 15667, 19309, 19860, 22864, 23197, 25340, 27339, 28183, 29405, 29623, 31736, 31853, 33324, 34976, 39626, 39661, 40500, 40720, 40995, 41296, 42979, 46680, 47277, 48518, 48966, 52912, 53426, 55199, 55569, 56585, 57529, 58991, 59294, 60381, 61359, 62177, 62448, 62506, 62917, 62965, 63094, 63832, 63911, 64742, 65814]
21,42,[2189, 6143, 6778, 7355, 7385, 7508, 7580, 8408, 9534, 9544, 10959, 11474, 14063, 16309, 17361, 18090, 18145, 20112, 21234, 21676, 22677, 23305, 23829, 25222, 25230, 25712, 26790, 26882, 27265, 27638, 28633, 29036, 31376, 32248, 32942, 33290, 33990, 33999, 34287, 34301, 34413, 34423]
22,107,[5639, 5847, 8055, 8411, 8661, 10585, 21184, 24822, 26481, 27278, 27843, 38185, 46735, 55031, 55037, 55839, 56944, 56986, 56989, 57049, 57193, 57413, 57429, 57432, 57505, 57877, 58010, 58040, 58041, 59324, 59539, 59579, 60005, 60417, 60418, 61278, 61641, 61661, 61666, 61729, 61736, 65075, 65077, 65079, 65083, 65328, 65714, 66499, 67142, 67176, 67448, 67745, 68785, 68787, 68789, 68793, 68796, 69121, 70977, 71411, 71414, 71424, 71432, 71493, 72849, 72853, 72855, 73014, 73895, 75652, 76108, 83355, 83926, 85323, 85829, 87290, 87296, 103945, 104670, 104673, 104678, 105013, 106668, 107255, 110792, 111563, 113118, 119664, 120459, 122180, 122319, 124410, 133752, 136816, 138678, 138685, 139776, 143176, 144198, 144705, 149788, 149791, 149794, 156175, 157673, 161095, 161137]
23,33,[2683, 3854, 4244, 5261, 6374, 6701, 8999, 9707, 11541, 12876, 13092, 15407, 16792, 17823, 18762, 20052, 20218, 20772, 21298, 21304, 22047, 23045, 23785, 24404, 24931, 25701, 25719, 25918, 26143, 28483, 29403, 29606, 30357]
24,130,[647, 734, 873, 1452, 1682, 2396, 2554, 2841, 3968, 4542, 4676, 4828, 5104, 5714, 6041, 6390, 6526, 6576, 7017, 7196, 8031, 8351, 8919, 8982, 9071, 9230, 10363, 10712, 10729, 10873, 10910, 11922, 12127, 12298, 14641, 15165, 15282, 16000, 16078, 16119, 16304, 16448, 16487, 16597, 16658, 16676, 16949, 17471, 17481, 17615, 18007, 18160, 18179, 18198, 18245, 18355, 18669, 19008, 19291, 19506, 19779, 19830, 20080, 20478, 20596, 20727, 21101, 21126, 21428, 21560, 22158, 22453, 22501, 23033, 23815, 24127, 24236, 24641, 25035, 25420, 25444, 25717, 25803, 25965, 26172, 27034, 27785, 28422, 29368, 29411, 30858, 30896, 31304, 31779, 31852, 31991, 32560, 32787, 33620, 33717, 33785, 34254, 34991, 35354, 35561, 35970, 37558, 38181, 38190, 38325, 38408, 38634, 38660, 38819, 39965, 40116, 40378, 40716, 41098, 41255, 41501, 41552, 41940, 42018, 42270, 42423, 42547, 43247, 43868, 44780]
25,84,[345, 448, 470, 771, 8594, 8597, 8603, 35935, 36224, 45533, 56999, 83035, 83131, 89390, 145212, 149378, 176378, 188601, 188641, 188652, 188665, 188680, 188695, 188711, 188749, 188762, 188789, 188803, 188879, 188901, 188937, 189023, 189069, 189090, 189144, 189204, 189245, 189330, 189350, 189419, 189439, 189581, 189809, 190358, 190423, 190434, 190489, 190499, 190513, 190524, 190713, 191111, 191123, 191137, 191161, 191224, 191264, 191704, 191877, 191914, 192031, 192099, 192205, 192586, 192673, 193452, 193474, 193485, 196206, 196836, 196857, 196872, 197159, 197237, 197655, 197809, 197856, 198068, 198087, 198107, 198117, 199274, 199420, 202007]
26,54,[100, 1220, 1429, 1736, 5838, 12422, 13754, 14242, 15215, 16312, 20014, 20578, 23633, 23965, 26134, 28162, 29019, 30247, 30465, 32608, 32726, 34203, 35868, 40566, 40601, 41439, 41659, 41931, 42233, 43928, 47684, 48279, 49539, 49997, 54019, 54552, 56359, 56727, 57738, 58697, 60241, 60553, 61677, 62662, 63514, 63786, 63844, 64259, 64310, 64452, 65218, 65298, 66142, 67230]
27,184,[3885, 5518, 6331, 6482, 7004, 7720, 7894, 9169, 13017, 15019, 15143, 15361, 15966, 16686, 16709, 17328, 17346, 18511, 18520, 18649, 18792, 18803, 18988, 19479, 19505, 19569, 20373, 20420, 20485, 20572, 20600, 20636, 21713, 21850, 22159, 23806, 23837, 23899, 24023, 25241, 25862, 26263, 28687, 28794, 29378, 31052, 31740, 31964, 33165, 33246, 35354, 36142, 36161, 36501, 39269, 40200, 40316, 40435, 40635, 40727, 41112, 41188, 41627, 42662, 42901, 43111, 44376, 44426, 46741, 47539, 47905, 48818, 48826, 48837, 48909, 49479, 49910, 49969, 50466, 51476, 51594, 51607, 52148, 52311, 53000, 53052, 53113, 53198, 53391, 53833, 54101, 54626, 56408, 56642, 57243, 57864, 58120, 58207, 58400, 59151, 59597, 59697, 59827, 59958, 60292, 60353, 61026, 61145, 61489, 61610, 62038, 62362, 62551, 62670, 66766, 67087, 67614, 67939, 68208, 69704, 69752, 69795, 69969, 69999, 70197, 70333, 70476, 74323, 76399, 76717, 77081, 77507, 77708, 79085, 79688, 82268, 82700, 83096, 83330, 83458, 84104, 86513, 86595, 86829, 89861, 89955, 90417, 90925, 92587, 92682, 92794, 92822, 92830, 92880, 93190, 93383, 93445, 94179, 94763, 95778, 96871, 97758, 97865, 98056, 98085, 98569, 98972, 99078, 99849, 100203, 101023, 101203, 101279, 101299, 103169, 104245, 104737, 105334, 106415, 106419, 106452, 107625, 107997, 108480]
28,29,[1104, 2384, 2684, 3503, 4178, 4953, 5180, 5371, 5405, 5951, 7052, 7322, 7464, 8945, 8968, 9050, 9394, 9680, 9803, 9857, 9888, 10564, 10727, 10851, 10856, 11145, 11181, 11196, 11595]
30,597,[1305, 4146, 5555, 6279, 9022, 9852, 10937, 15045, 15528, 18141, 18270, 19107, 19647, 20298, 22516, 22648, 23983, 25434, 25968, 26007, 26618, 26653, 27803, 27843, 28003, 28268, 28518, 28602, 30297, 30318, 32025, 32762, 32779, 33756, 33824, 34418, 34532, 35134, 37438, 38061, 38081, 38637, 39968, 40377, 40395, 41645, 42145, 42227, 45206, 45673, 51671, 53212, 53399, 53405, 53452, 53717, 54882, 65959, 65990, 66099, 66131, 66426, 68021, 68037, 72232, 72237, 81222, 87060, 87293, 88144, 89018, 89032, 95551, 95719, 95818, 95822, 95831, 96510, 98474, 101787, 101849, 105606, 105622, 107265, 107357, 108075, 117337, 119150, 119243, 120180, 122739, 123366, 124262, 124282, 124388, 124817, 125393, 126787, 127154, 127430, 128206, 129540, 131035, 132597, 132790, 141960, 150958, 153990, 155007, 159482, 163115, 163301, 164112, 164915, 165045, 167554, 168478, 168508, 169722, 170049, 170314, 171451, 172696, 174219, 174497, 175413, 176112, 177241, 177259, 177711, 177713, 177734, 177816, 178919, 179596, 183911, 183923, 186064, 189595, 189616, 189634, 191094, 191227, 191299, 191408, 192026, 198588, 198861, 207680, 210180, 211613, 214437, 216345, 216743, 218710, 220151, 220892, 220931, 220935, 222534, 223447, 223548, 223865, 223986, 224386, 224404, 224558, 225336, 225752, 225769, 226213, 226743, 233626, 235902, 236541, 261237, 264626, 264830, 265775, 266975, 267935, 269127, 271150, 272147, 275687, 279196, 284052, 285183, 288348, 293414, 294563, 295460, 295471, 297786, 298897, 299085, 299094, 299677, 299854, 300156, 302391, 302964, 302968, 303114, 303216, 303646, 303967, 304066, 304338, 304460, 304673, 305691, 306434, 307483, 307525, 307986, 308110, 308232, 308567, 308924, 312646, 313105, 313406, 315003, 316201, 316848, 317604, 317668, 318381, 318920, 319494, 319831, 321429, 321593, 322255, 322347, 323326, 323509, 324093, 324284, 324327, 324651, 325848, 325965, 327241, 330684, 331662, 332087, 332345, 332560, 332590, 333192, 335478, 336376, 336608, 337570, 337596, 337873, 338368, 339411, 341267, 341279, 342034, 342856, 342966, 353660, 355578, 356774, 356968, 357752, 357847, 358962, 359616, 361397, 362412, 362418, 362448, 362639, 365041, 365528, 365550, 368391, 369176, 370487, 373529, 373533, 375189, 375517, 375776, 376449, 377063, 377096, 377123, 377701, 378815, 379564, 380111, 381114, 381716, 382642, 382874, 384511, 385052, 386634, 386683, 386781, 386823, 387013, 387030, 389547, 389572, 390271, 390383, 391270, 392255, 392378, 392731, 392771, 392805, 393206, 393215, 393371, 393480, 393668, 393855, 394917, 395175, 395461, 395661, 396242, 396765, 399574, 399768, 400967, 402534, 402580, 404359, 404467, 405118, 405165, 406160, 410393, 410401, 419098, 419255, 426202, 427497, 427511, 433595, 433742, 433785, 435387, 435389, 435492, 435633, 435662, 436166, 436365, 436571, 437130, 437160, 438236, 441790, 442443, 450032, 450191, 454882, 462282, 462692, 464406, 466362, 476811, 479334, 482225, 484271, 484649, 484780, 485994, 486368, 488399, 488956, 489968, 490640, 490758, 490867, 492286, 492292, 492833, 494690, 497791, 497923, 499295, 499771, 500929, 501832, 501885, 501896, 501915, 502985, 503439, 503467, 503495, 503524, 503544, 503548, 505470, 506161, 509691, 510873, 510911, 510995, 511126, 511385, 511446, 513547, 513661, 513934, 514287, 514695, 515025, 515102, 515129, 515194, 516081, 517482, 518279, 518290, 518606, 519613, 520906, 521008, 524156, 524767, 525027, 525231, 525292, 526501, 527199, 527283, 527629, 529417, 529629, 530195, 533332, 533932, 533979, 533990, 534012, 534666, 534806, 534883, 535219, 535824, 536195, 537300, 537304, 537315, 537319, 538301, 539714, 539728, 540336, 540504, 540865, 542741, 542751, 542757, 542759, 543735, 543757, 544791, 545665, 545827, 545873, 545886, 547271, 548735, 548743, 549428, 549516, 549660, 549738, 549754, 550258, 550809, 551280, 551604, 552837, 553087, 553597, 553787, 555355, 555446, 555740, 555833, 555944, 556152, 556155, 556160, 556194, 557370, 557459, 557971, 558177, 558500, 559599, 560440, 560526, 560533, 560554, 560561, 560602, 560609, 560671, 561885, 563528, 565076, 565257, 565341, 565375, 565927, 569100, 569847, 573531, 575107, 577650, 577718, 578549, 578763, 579887, 579956, 580816, 582049, 584034, 584183, 584209, 584451, 587351, 587832, 589188, 589223, 591034, 591081, 592061, 594716, 596965, 598630, 598665, 601292, 603639, 605565, 606558, 607414, 607667, 608443, 608838, 608920, 611741, 611895, 611897, 611947, 612537, 615225, 615369, 618121, 618130, 618606, 620073, 621225, 621535, 622457, 622656, 623141, 623959, 625119, 625383, 626051, 627047, 628971, 629969, 630543, 631250, 631378, 632688, 633433, 633472, 633524, 633559, 633584, 635075, 635585, 637848, 638608, 638661, 639276, 640666, 640773]
6,2,[30, 189]
8,1,[547]
10,597,[1398, 4240, 5649, 6373, 9116, 9946, 11031, 15139, 15622, 18235, 18364, 19201, 19741, 20392, 22610, 22742, 24077, 25528, 26062, 26101, 26712, 26747, 27897, 27937, 28097, 28362, 28612, 28696, 30391, 30412, 32123, 32860, 32877, 33854, 33922, 34516, 34630, 35232, 37536, 38159, 38179, 38735, 40066, 40475, 40493, 41743, 42243, 42325, 45304, 45771, 51769, 53311, 53498, 53504, 53551, 53816, 54981, 66062, 66093, 66202, 66234, 66529, 68124, 68140, 72335, 72340, 81329, 87167, 87400, 88251, 89125, 89139, 95658, 95826, 95925, 95929, 95938, 96617, 98581, 101894, 101956, 105717, 105733, 107376, 107468, 108186, 117448, 119261, 119354, 120291, 122850, 123477, 124373, 124393, 124499, 124928, 125504, 126898, 127265, 127541, 128317, 129652, 131147, 132709, 132902, 142072, 151071, 154103, 155120, 159595, 163238, 163424, 164235, 165038, 165168, 167677, 168601, 168631, 169845, 170172, 170437, 171574, 172819, 174342, 174620, 175536, 176235, 177364, 177382, 177834, 177836, 177857, 177939, 179042, 179719, 184043, 184055, 186196, 189727, 189748, 189766, 191226, 191359, 191431, 191540, 192158, 198720, 198993, 207822, 210322, 211755, 214579, 216487, 216884, 218850, 220301, 221042, 221081, 221085, 222684, 223597, 223698, 224015, 224136, 224536, 224554, 224708, 225486, 225902, 225919, 226363, 226893, 233776, 236052, 236691, 261393, 264782, 264986, 265931, 267131, 268091, 269283, 271306, 272303, 275843, 279351, 284208, 285339, 288504, 293571, 294720, 295617, 295628, 297944, 299055, 299243, 299252, 299835, 300012, 300314, 302549, 303122, 303126, 303272, 303374, 303804, 304125, 304224, 304496, 304618, 304831, 305849, 306592, 307641, 307683, 308144, 308268, 308390, 308725, 309082, 312805, 313264, 313565, 315162, 316360, 317007, 317763, 317827, 318540, 319079, 319653, 319990, 321588, 321752, 322414, 322506, 323485, 323668, 324252, 324443, 324486, 324810, 326007, 326124, 327400, 330843, 331821, 332246, 332504, 332719, 332749, 333351, 335637, 336535, 336767, 337729, 337755, 338032, 338527, 339570, 341426, 341438, 342193, 343015, 343125, 353819, 355737, 356934, 357128, 357912, 358007, 359122, 359776, 361557, 362572, 362578, 362608, 362799, 365204, 365691, 365713, 368554, 369339, 370650, 373692, 373696, 375352, 375680, 375939, 376612, 377226, 377259, 377286, 377864, 378978, 379727, 380274, 381277, 381879, 382805, 383037, 384674, 385215, 386797, 386846, 386944, 386986, 387176, 387193, 389710, 389735, 390434, 390546, 391433, 392418, 392541, 392897, 392937, 392971, 393372, 393381, 393537, 393646, 393834, 394021, 395083, 395341, 395627, 395827, 396408, 396931, 399740, 399934, 401133, 402700, 402746, 404525, 404633, 405284, 405331, 406326, 410559, 410567, 419264, 419421, 426368, 427664, 427678, 433765, 433912, 433955, 435557, 435559, 435662, 435803, 435832, 436336, 436535, 436741, 437300, 437330, 438406, 441960, 442613, 450202, 450361, 455052, 462453, 462863, 464577, 466533, 476980, 479502, 482391, 484436, 484814, 484945, 486157, 486531, 488561, 489117, 490128, 490800, 490918, 491027, 492446, 492452, 492993, 494849, 497960, 498092, 499464, 499940, 501098, 502001, 502054, 502065, 502084, 503154, 503608, 503636, 503664, 503693, 503713, 503717, 505639, 506330, 509860, 511042, 511080, 511164, 511295, 511554, 511615, 513716, 513830, 514103, 514456, 514864, 515194, 515271, 515298, 515363, 516253, 517654, 518451, 518462, 518778, 519785, 521078, 521180, 524328, 524939, 525199, 525403, 525464, 526673, 527371, 527455, 527801, 529592, 529804, 530370, 533507, 534107, 534154, 534165, 534187, 534841, 534981, 535058, 535394, 535999, 536370, 537475, 537479, 537490, 537494, 538476, 539889, 539903, 540511, 540679, 541040, 542916, 542926, 542932, 542934, 543910, 543932, 544966, 545840, 546002, 546048, 546061, 547446, 548910, 548918, 549606, 549694, 549838, 549916, 549932, 550436, 550987, 551458, 551782, 553015, 553265, 553775, 553965, 555533, 555624, 555918, 556011, 556122, 556330, 556333, 556338, 556372, 557548, 557637, 558149, 558355, 558678, 559777, 560618, 560704, 560711, 560732, 560739, 560780, 560787, 560849, 562063, 563706, 565256, 565437, 565521, 565555, 566107, 569280, 570027, 573711, 575287, 577830, 577898, 578729, 578943, 580067, 580136, 580996, 582229, 584214, 584363, 584389, 584636, 587536, 588017, 589373, 589408, 591219, 591266, 592252, 594907, 597156, 598821, 598856, 601489, 603841, 605767, 606765, 607621, 607874, 608655, 609050, 609132, 611964, 612118, 612120, 612170, 612760, 615459, 615608, 618373, 618382, 618858, 620325, 621477, 621787, 622709, 622908, 623393, 624213, 625376, 625640, 626308, 627307, 629234, 630232, 630812, 631525, 631653, 632963, 633708, 633747, 633799, 633834, 633859, 635350, 635860, 638123, 638883, 638936, 639551, 640941, 641048]
11,67,[254, 358, 494, 504, 657, 749, 1127, 1228, 1394, 1499, 1869, 2051, 2221, 2279, 2515, 3063, 4002, 4588, 4690, 5018, 5128, 5986, 6664, 6699, 6743, 6878, 6880, 7787, 7826, 8053, 8103, 9330, 9356, 9690, 9742, 9845, 10135, 10189, 10258, 10474, 10599, 10777, 10785, 12104, 12517, 12547, 12593, 12768, 12866, 13043, 13278, 13965, 14062, 14368, 15319, 15330, 15561, 16456, 16546, 18012, 18042, 18180, 18882, 19348, 19725, 20302, 20768]
12,85,[369, 689, 706, 944, 1306, 1351, 1369, 1384, 1484, 1508, 1672, 1732, 1850, 1871, 1886, 2123, 2315, 2790, 2952, 3546, 3793, 4164, 4772, 5250, 5792, 5968, 6402, 7513, 8139, 8168, 8575, 8591, 9029, 9514, 9528, 10487, 10817, 11848, 11867, 12087, 12659, 13160, 13463, 13494, 13612, 13623, 13910, 14350, 14658, 14661, 14678, 14687, 14711, 15016, 15252, 15361, 15470, 16271, 16470, 16624, 17015, 17133, 17150, 17335, 17446, 17499, 18039, 18070, 18074, 18170, 18330, 19331, 19361, 19410, 19667, 19789, 19803, 20245, 20954, 21612, 21946, 22592, 22626, 23052, 23271]
13,3,[1178, 2896, 4161]
14,19,[127, 239, 261, 612, 8387, 8393, 37301, 37624, 47378, 59350, 86708, 86805, 93342, 151522, 156001, 183885, 196990, 196993, 199663]
15,271,[553, 1628, 1632, 2734, 3344, 3540, 3947, 4073, 4261, 4822, 6146, 8277, 8280, 8835, 8949, 9076, 9387, 10065, 11494, 11577, 11805, 12616, 12666, 12818, 13068, 13094, 13480, 14382, 14498, 15339, 15440, 16513, 18317, 19278, 19481, 21415, 21566, 24131, 24175, 24292, 24296, 24300, 24344, 24488, 24595, 24623, 24697, 24709, 24737, 24741, 26238, 26920, 26962, 27223, 27686, 28142, 28335, 28868, 29665, 29673, 31092, 31754, 32029, 32180, 32202, 32233, 32270, 34224, 34402, 34837, 35633, 36225, 36456, 36854, 38355, 40477, 41227, 41271, 41312, 42956, 44929, 45314, 45791, 46344, 47498, 47629, 49788, 50152, 50206, 50429, 50560, 50575, 50737, 51373, 51491, 51541, 51544, 51601, 51955, 52441, 52698, 52778, 52821, 54164, 57571, 59647, 60044, 60724, 64893, 66696, 68379, 68514, 68544, 69013, 69014, 70553, 71563, 73054, 74109, 74267, 77845, 77846, 78298, 79310, 81262, 84344, 84383, 84496, 84670, 87497, 87514, 90688, 91206, 92121, 92237, 92253, 92933, 93022, 93285, 95170, 96427, 100314, 100364, 100386, 100647, 100684, 100714, 100734, 100806, 100916, 100969, 101061, 101534, 101564, 101644, 101751, 101931, 102167, 102370, 103527, 105677, 106640, 107113, 107730, 108522, 108562, 110084, 113159, 114564, 114884, 114897, 115837, 116399, 120464, 123597, 124282, 124873, 129815, 130416, 131942, 132281, 132636, 132867, 133389, 133676, 133677, 133844, 133854, 134064, 134196, 134603, 134845, 134965, 135152, 138925, 141565, 142025, 143200, 143453, 143457, 145190, 145544, 148259, 150536, 150592, 151024, 152068, 152165, 152351, 152477, 153070, 153112, 153113, 153566, 153654, 154061, 154284, 154353, 154597, 154743, 155158, 155691, 157237, 157286, 157375, 157565, 157637, 158222, 158578, 158690, 159187, 159291, 159874, 159877, 160276, 160863, 161078, 161737, 162265, 162501, 162620, 163618, 163648, 163725, 163824, 163825, 163985, 164309, 164517, 166417, 166665, 166925, 166963, 167033, 167120, 167141, 167153, 167953, 169132, 169369, 169596, 169923, 170325, 170336, 170949, 171267, 171313, 171337, 171731, 171902, 172617]
16,108,[961, 1172, 1193, 1276, 1296, 2689, 3148, 3561, 4660, 4969, 5308, 6221, 6276, 6478, 6677, 6915, 6921, 7160, 7978, 8048, 8244, 8673, 8787, 8989, 9219, 9264, 9291, 9647, 9932, 10129, 11855, 12151, 12864, 13245, 13497, 13750, 13758, 13892, 13948, 13969, 14293, 14354, 14553, 14889, 15174, 15213, 16105, 16600, 16608, 16683, 17318, 17357, 17378, 17455, 17539, 17739, 17867, 18307, 18858, 19006, 20963, 20990, 21212, 21468, 21982, 22466, 22884, 23199, 23256, 23368, 23424, 24100, 27556, 27563, 28035, 29371, 29688, 29829, 29929, 30008, 30156, 30471, 32330, 33180, 33431, 34043, 34193, 34415, 34476, 34486, 34724, 34920, 34953, 35098, 35314, 35686, 36216, 36492, 36520, 36759, 36763, 36784, 36896, 37183, 37436, 37710, 37778, 37817]
17,155,[5927, 6484, 7234, 11446, 11558, 11565, 13798, 14288, 16733, 17924, 18968, 27816, 28896, 30627, 32247, 32730, 32753, 35607, 36428, 40242, 40487, 40523, 52737, 54178, 58989, 59671, 65834, 65883, 66359, 67098, 67288, 67305, 67627, 68232, 68281, 68312, 68325, 71663, 72496, 77964, 83825, 88396, 89923, 90952, 92559, 92983, 93858, 93882, 93898, 93954, 96246, 96351, 98445, 101338, 101483, 102137, 102644, 103506, 107453, 107480, 107797, 109561, 109805, 111289, 111318, 111331, 111586, 111640, 112307, 112320, 113970, 113982, 117030, 120909, 121662, 121670, 122060, 122068, 122086, 122097, 124151, 124328, 124374, 124473, 124493, 124681, 127220, 127228, 127236, 127420, 127430, 128329, 129073, 129097, 129114, 129453, 131171, 131185, 134202, 134276, 135451, 146717, 147372, 151517, 152429, 152449, 152471, 156737, 156778, 156799, 156954, 159761, 162052, 162073, 162178, 165083, 165330, 165598, 165838, 175702, 176415, 177313, 177475, 178874, 180510, 180559, 180780, 181254, 181272, 181909, 181921, 181942, 182317, 184278, 184341, 184583, 184976, 189783, 189890, 195500, 198444, 199261, 199267, 199276, 203015, 203283, 205787, 209098, 210897, 211879, 214475, 215424, 217006, 217012, 217714]
18,42,[1311, 4902, 5070, 5622, 5789, 6703, 11234, 14273, 16600, 17016, 19865, 24972, 34001, 35296, 37003, 45392, 47355, 47641, 55069, 56641, 57393, 66213, 82910, 85777, 98985, 106584, 106925, 112200, 117095, 119487, 122042, 125592, 127790, 128071, 128904, 132099, 132854, 141155, 146478, 148047, 148309, 148770]
19,38,[3220, 3383, 3939, 3964, 4662, 5842, 5845, 8173, 8987, 8997, 9007, 9178, 10245, 10260, 10416, 10422, 10809, 14262, 15290, 15296, 16195, 16436, 17902, 23755, 24461, 24972, 25910, 26397, 26443, 26495, 26613, 26662, 26759, 26943, 26950, 27009, 27695, 27781]
20,53,[854, 1065, 1364, 5322, 11836, 13170, 13657, 14606, 15667, 19309, 19860, 22864, 23197, 25340, 27339, 28183, 29405, 29623, 31736, 31853, 33324, 34976, 39626, 39661, 40500, 40720, 40995, 41296, 42979, 46680, 47277, 48518, 48966, 52912, 53426, 55199, 55569, 56585, 57529, 58991, 59294, 60381, 61359, 62177, 62448, 62506, 62917, 62965, 63094, 63832, 63911, 64742, 65814]
21,42,[2189, 6143, 6778, 7355, 7385, 7508, 7580, 8408, 9534, 9544, 10959, 11474, 14063, 16309, 17361, 18090, 18145, 20112, 21234, 21676, 22677, 23305, 23829, 25222, 25230, 25712, 26790, 26882, 27265, 27638, 28633, 29036, 31376, 32248, 32942, 33290, 33990, 33999, 34287, 34301, 34413, 34423]
22,107,[5639, 5847, 8055, 8411, 8661, 10585, 21184, 24822, 26481, 27278, 27843, 38185, 46735, 55031, 55037, 55839, 56944, 56986, 56989, 57049, 57193, 57413, 57429, 57432, 57505, 57877, 58010, 58040, 58041, 59324, 59539, 59579, 60005, 60417, 60418, 61278, 61641, 61661, 61666, 61729, 61736, 65075, 65077, 65079, 65083, 65328, 65714, 66499, 67142, 67176, 67448, 67745, 68785, 68787, 68789, 68793, 68796, 69121, 70977, 71411, 71414, 71424, 71432, 71493, 72849, 72853, 72855, 73014, 73895, 75652, 76108, 83355, 83926, 85323, 85829, 87290, 87296, 103945, 104670, 104673, 104678, 105013, 106668, 107255, 110792, 111563, 113118, 119664, 120459, 122180, 122319, 124410, 133752, 136816, 138678, 138685, 139776, 143176, 144198, 144705, 149788, 149791, 149794, 156175, 157673, 161095, 161137]
23,33,[2683, 3854, 4244, 5261, 6374, 6701, 8999, 9707, 11541, 12876, 13092, 15407, 16792, 17823, 18762, 20052, 20218, 20772, 21298, 21304, 22047, 23045, 23785, 24404, 24931, 25701, 25719, 25918, 26143, 28483, 29403, 29606, 30357]
24,130,[647, 734, 873, 1452, 1682, 2396, 2554, 2841, 3968, 4542, 4676, 4828, 5104, 5714, 6041, 6390, 6526, 6576, 7017, 7196, 8031, 8351, 8919, 8982, 9071, 9230, 10363, 10712, 10729, 10873, 10910, 11922, 12127, 12298, 14641, 15165, 15282, 16000, 16078, 16119, 16304, 16448, 16487, 16597, 16658, 16676, 16949, 17471, 17481, 17615, 18007, 18160, 18179, 18198, 18245, 18355, 18669, 19008, 19291, 19506, 19779, 19830, 20080, 20478, 20596, 20727, 21101, 21126, 21428, 21560, 22158, 22453, 22501, 23033, 23815, 24127, 24236, 24641, 25035, 25420, 25444, 25717, 25803, 25965, 26172, 27034, 27785, 28422, 29368, 29411, 30858, 30896, 31304, 31779, 31852, 31991, 32560, 32787, 33620, 33717, 33785, 34254, 34991, 35354, 35561, 35970, 37558, 38181, 38190, 38325, 38408, 38634, 38660, 38819, 39965, 40116, 40378, 40716, 41098, 41255, 41501, 41552, 41940, 42018, 42270, 42423, 42547, 43247, 43868, 44780]
25,84,[345, 448, 470, 771, 8594, 8597, 8603, 35935, 36224, 45533, 56999, 83035, 83131, 89390, 145212, 149378, 176378, 188601, 188641, 188652, 188665, 188680, 188695, 188711, 188749, 188762, 188789, 188803, 188879, 188901, 188937, 189023, 189069, 189090, 189144, 189204, 189245, 189330, 189350, 189419, 189439, 189581, 189809, 190358, 190423, 190434, 190489, 190499, 190513, 190524, 190713, 191111, 191123, 191137, 191161, 191224, 191264, 191704, 191877, 191914, 192031, 192099, 192205, 192586, 192673, 193452, 193474, 193485, 196206, 196836, 196857, 196872, 197159, 197237, 197655, 197809, 197856, 198068, 198087, 198107, 198117, 199274, 199420, 202007]
26,54,[100, 1220, 1429, 1736, 5838, 12422, 13754, 14242, 15215, 16312, 20014, 20578, 23633, 23965, 26134, 28162, 29019, 30247, 30465, 32608, 32726, 34203, 35868, 40566, 40601, 41439, 41659, 41931, 42233, 43928, 47684, 48279, 49539, 49997, 54019, 54552, 56359, 56727, 57738, 58697, 60241, 60553, 61677, 62662, 63514, 63786, 63844, 64259, 64310, 64452, 65218, 65298, 66142, 67230]
27,184,[3885, 5518, 6331, 6482, 7004, 7720, 7894, 9169, 13017, 15019, 15143, 15361, 15966, 16686, 16709, 17328, 17346, 18511, 18520, 18649, 18792, 18803, 18988, 19479, 19505, 19569, 20373, 20420, 20485, 20572, 20600, 20636, 21713, 21850, 22159, 23806, 23837, 23899, 24023, 25241, 25862, 26263, 28687, 28794, 29378, 31052, 31740, 31964, 33165, 33246, 35354, 36142, 36161, 36501, 39269, 40200, 40316, 40435, 40635, 40727, 41112, 41188, 41627, 42662, 42901, 43111, 44376, 44426, 46741, 47539, 47905, 48818, 48826, 48837, 48909, 49479, 49910, 49969, 50466, 51476, 51594, 51607, 52148, 52311, 53000, 53052, 53113, 53198, 53391, 53833, 54101, 54626, 56408, 56642, 57243, 57864, 58120, 58207, 58400, 59151, 59597, 59697, 59827, 59958, 60292, 60353, 61026, 61145, 61489, 61610, 62038, 62362, 62551, 62670, 66766, 67087, 67614, 67939, 68208, 69704, 69752, 69795, 69969, 69999, 70197, 70333, 70476, 74323, 76399, 76717, 77081, 77507, 77708, 79085, 79688, 82268, 82700, 83096, 83330, 83458, 84104, 86513, 86595, 86829, 89861, 89955, 90417, 90925, 92587, 92682, 92794, 92822, 92830, 92880, 93190, 93383, 93445, 94179, 94763, 95778, 96871, 97758, 97865, 98056, 98085, 98569, 98972, 99078, 99849, 100203, 101023, 101203, 101279, 101299, 103169, 104245, 104737, 105334, 106415, 106419, 106452, 107625, 107997, 108480]
28,29,[1104, 2384, 2684, 3503, 4178, 4953, 5180, 5371, 5405, 5951, 7052, 7322, 7464, 8945, 8968, 9050, 9394, 9680, 9803, 9857, 9888, 10564, 10727, 10851, 10856, 11145, 11181, 11196, 11595]
30,597,[1305, 4146, 5555, 6279, 9022, 9852, 10937, 15045, 15528, 18141, 18270, 19107, 19647, 20298, 22516, 22648, 23983, 25434, 25968, 26007, 26618, 26653, 27803, 27843, 28003, 28268, 28518, 28602, 30297, 30318, 32025, 32762, 32779, 33756, 33824, 34418, 34532, 35134, 37438, 38061, 38081, 38637, 39968, 40377, 40395, 41645, 42145, 42227, 45206, 45673, 51671, 53212, 53399, 53405, 53452, 53717, 54882, 65959, 65990, 66099, 66131, 66426, 68021, 68037, 72232, 72237, 81222, 87060, 87293, 88144, 89018, 89032, 95551, 95719, 95818, 95822, 95831, 96510, 98474, 101787, 101849, 105606, 105622, 107265, 107357, 108075, 117337, 119150, 119243, 120180, 122739, 123366, 124262, 124282, 124388, 124817, 125393, 126787, 127154, 127430, 128206, 129540, 131035, 132597, 132790, 141960, 150958, 153990, 155007, 159482, 163115, 163301, 164112, 164915, 165045, 167554, 168478, 168508, 169722, 170049, 170314, 171451, 172696, 174219, 174497, 175413, 176112, 177241, 177259, 177711, 177713, 177734, 177816, 178919, 179596, 183911, 183923, 186064, 189595, 189616, 189634, 191094, 191227, 191299, 191408, 192026, 198588, 198861, 207680, 210180, 211613, 214437, 216345, 216743, 218710, 220151, 220892, 220931, 220935, 222534, 223447, 223548, 223865, 223986, 224386, 224404, 224558, 225336, 225752, 225769, 226213, 226743, 233626, 235902, 236541, 261237, 264626, 264830, 265775, 266975, 267935, 269127, 271150, 272147, 275687, 279196, 284052, 285183, 288348, 293414, 294563, 295460, 295471, 297786, 298897, 299085, 299094, 299677, 299854, 300156, 302391, 302964, 302968, 303114, 303216, 303646, 303967, 304066, 304338, 304460, 304673, 305691, 306434, 307483, 307525, 307986, 308110, 308232, 308567, 308924, 312646, 313105, 313406, 315003, 316201, 316848, 317604, 317668, 318381, 318920, 319494, 319831, 321429, 321593, 322255, 322347, 323326, 323509, 324093, 324284, 324327, 324651, 325848, 325965, 327241, 330684, 331662, 332087, 332345, 332560, 332590, 333192, 335478, 336376, 336608, 337570, 337596, 337873, 338368, 339411, 341267, 341279, 342034, 342856, 342966, 353660, 355578, 356774, 356968, 357752, 357847, 358962, 359616, 361397, 362412, 362418, 362448, 362639, 365041, 365528, 365550, 368391, 369176, 370487, 373529, 373533, 375189, 375517, 375776, 376449, 377063, 377096, 377123, 377701, 378815, 379564, 380111, 381114, 381716, 382642, 382874, 384511, 385052, 386634, 386683, 386781, 386823, 387013, 387030, 389547, 389572, 390271, 390383, 391270, 392255, 392378, 392731, 392771, 392805, 393206, 393215, 393371, 393480, 393668, 393855, 394917, 395175, 395461, 395661, 396242, 396765, 399574, 399768, 400967, 402534, 402580, 404359, 404467, 405118, 405165, 406160, 410393, 410401, 419098, 419255, 426202, 427497, 427511, 433595, 433742, 433785, 435387, 435389, 435492, 435633, 435662, 436166, 436365, 436571, 437130, 437160, 438236, 441790, 442443, 450032, 450191, 454882, 462282, 462692, 464406, 466362, 476811, 479334, 482225, 484271, 484649, 484780, 485994, 486368, 488399, 488956, 489968, 490640, 490758, 490867, 492286, 492292, 492833, 494690, 497791, 497923, 499295, 499771, 500929, 501832, 501885, 501896, 501915, 502985, 503439, 503467, 503495, 503524, 503544, 503548, 505470, 506161, 509691, 510873, 510911, 510995, 511126, 511385, 511446, 513547, 513661, 513934, 514287, 514695, 515025, 515102, 515129, 515194, 516081, 517482, 518279, 518290, 518606, 519613, 520906, 521008, 524156, 524767, 525027, 525231, 525292, 526501, 527199, 527283, 527629, 529417, 529629, 530195, 533332, 533932, 533979, 533990, 534012, 534666, 534806, 534883, 535219, 535824, 536195, 537300, 537304, 537315, 537319, 538301, 539714, 539728, 540336, 540504, 540865, 542741, 542751, 542757, 542759, 543735, 543757, 544791, 545665, 545827, 545873, 545886, 547271, 548735, 548743, 549428, 549516, 549660, 549738, 549754, 550258, 550809, 551280, 551604, 552837, 553087, 553597, 553787, 555355, 555446, 555740, 555833, 555944, 556152, 556155, 556160, 556194, 557370, 557459, 557971, 558177, 558500, 559599, 560440, 560526, 560533, 560554, 560561, 560602, 560609, 560671, 561885, 563528, 565076, 565257, 565341, 565375, 565927, 569100, 569847, 573531, 575107, 577650, 577718, 578549, 578763, 579887, 579956, 580816, 582049, 584034, 584183, 584209, 584451, 587351, 587832, 589188, 589223, 591034, 591081, 592061, 594716, 596965, 598630, 598665, 601292, 603639, 605565, 606558, 607414, 607667, 608443, 608838, 608920, 611741, 611895, 611897, 611947, 612537, 615225, 615369, 618121, 618130, 618606, 620073, 621225, 621535, 622457, 622656, 623141, 623959, 625119, 625383, 626051, 627047, 628971, 629969, 630543, 631250, 631378, 632688, 633433, 633472, 633524, 633559, 633584, 635075, 635585, 637848, 638608, 638661, 639276, 640666, 640773]
