9,2,[1245, 1893]
10,244,[22656, 27060, 66709, 71850, 90382, 90664, 96268, 108198, 108208, 113403, 119308, 120115, 160918, 166382, 167121, 167445, 171972, 177225, 177448, 177593, 178788, 178852, 179321, 179837, 180008, 180448, 185412, 201712, 214801, 215979, 216123, 220474, 223672, 240888, 247030, 248019, 248022, 248028, 251444, 254508, 254568, 259585, 261708, 262219, 262884, 263236, 263463, 263482, 265315, 265594, 265620, 272623, 273479, 275078, 279027, 280677, 280895, 281775, 281823, 282555, 284053, 298541, 299429, 299485, 303286, 311535, 312482, 312687, 312865, 313272, 315432, 315689, 315692, 316200, 316282, 316292, 317796, 317845, 318008, 319290, 319299, 319848, 319878, 322515, 322626, 324236, 324334, 325766, 326134, 326211, 326240, 326443, 326627, 330222, 334847, 335088, 335091, 335097, 337066, 338821, 339263, 340451, 340674, 340935, 345385, 347375, 347711, 352440, 353515, 353594, 355189, 355663, 355856, 356974, 359346, 359819, 361644, 362418, 363436, 366697, 366715, 367092, 368241, 370873, 373643, 375263, 376339, 377768, 381075, 381197, 383745, 386006, 387789, 388766, 393684, 393876, 395294, 395346, 399759, 403915, 403991, 404834, 405614, 409816, 409945, 410759, 414505, 414545, 417009, 420849, 420963, 421558, 423687, 423850, 427651, 433500, 433519, 451260, 451372, 451390, 451491, 468931, 472155, 472672, 473200, 473369, 473375, 473756, 474781, 479018, 479023, 479045, 479076, 479220, 480447, 485855, 485950, 487879, 487891, 487893, 492301, 492315, 493467, 493764, 495268, 495480, 495575, 496886, 499337, 499350, 499506, 515260, 516155, 517424, 520985, 527769, 538016, 538371, 539402, 539421, 539434, 540429, 541476, 543100, 544040, 548332, 549675, 552461, 552652, 553178, 554286, 554427, 554468, 555066, 555307, 555351, 555512, 559384, 561653, 561690, 561703, 571321, 571355, 572335, 574917, 576715, 585163, 589284, 592203, 594435, 594443, 595831, 597382, 603161, 603371, 603714, 604258, 609018, 610795, 621827, 622004, 623222, 626333, 635018]
13,5,[1891, 1895, 2216, 2217, 2220]
14,3,[51245, 148210, 175271]
15,15,[12708, 15656, 16693, 51514, 59298, 61031, 62082, 63568, 72789, 79687, 119754, 146165, 150684, 167939, 169735]
17,66,[692, 1557, 2289, 7255, 10363, 20480, 23653, 25076, 25151, 25769, 33746, 33763, 34137, 35288, 38882, 39245, 40367, 40938, 44879, 45608, 45611, 45625, 45629, 45787, 46183, 47061, 52416, 62620, 70967, 71267, 77728, 102709, 107292, 109870, 109899, 119359, 119417, 122616, 127370, 129137, 134034, 136783, 139281, 139285, 139291, 139674, 146728, 146735, 147076, 154764, 154864, 156076, 159748, 159765, 160602, 161329, 163751, 164519, 170832, 172230, 178731, 178916, 186398, 191296, 205999, 210156]
18,7,[2310, 10156, 34815, 88640, 120830, 145209, 146384]
19,1,[10291]
20,34,[1027, 2392, 2929, 6459, 7758, 11011, 12973, 14524, 17359, 17923, 18569, 19290, 20871, 21114, 25978, 30742, 31857, 39375, 39438, 40659, 40879, 43005, 43019, 44475, 44607, 49283, 49294, 49362, 55788, 55958, 56205, 58508, 61274, 65349]
21,7,[1677, 1719, 8785, 10778, 19122, 31903, 32254]
22,15,[60999, 61074, 61076, 74794, 78587, 89906, 90258, 93821, 98238, 98822, 98828, 119196, 119570, 132041, 133383]
23,5,[1344, 6143, 18470, 26771, 29833]
25,2,[142161, 160412]
26,34,[1392, 2785, 3388, 6979, 8280, 11580, 13560, 15130, 18026, 18608, 19278, 19995, 21608, 21853, 26775, 31605, 32730, 33782, 40317, 40380, 41597, 43954, 43968, 45445, 45577, 50327, 50338, 50407, 56946, 57118, 57362, 59699, 62578, 66762]
27,4,[12148, 33549, 61768, 87160]
30,244,[22562, 26966, 66606, 71747, 90275, 90557, 96161, 108087, 108097, 113292, 119197, 120004, 160804, 166259, 166998, 167322, 171849, 177102, 177325, 177470, 178665, 178729, 179198, 179714, 179885, 180325, 185280, 201570, 214659, 215837, 215981, 220324, 223522, 240735, 246877, 247866, 247869, 247875, 251291, 254355, 254415, 259429, 261552, 262063, 262728, 263080, 263307, 263326, 265159, 265438, 265464, 272467, 273323, 274922, 278872, 280522, 280740, 281620, 281668, 282400, 283897, 298383, 299271, 299327, 303128, 311376, 312323, 312528, 312706, 313113, 315273, 315530, 315533, 316041, 316123, 316133, 317637, 317686, 317849, 319131, 319140, 319689, 319719, 322356, 322467, 324077, 324175, 325607, 325975, 326052, 326081, 326284, 326468, 330063, 334688, 334929, 334932, 334938, 336907, 338662, 339104, 340292, 340515, 340776, 345226, 347216, 347552, 352281, 353356, 353435, 355030, 355504, 355697, 356814, 359186, 359659, 361484, 362258, 363273, 366534, 366552, 366929, 368078, 370710, 373480, 375100, 376176, 377605, 380912, 381034, 383582, 385843, 387626, 388603, 393518, 393710, 395128, 395180, 399593, 403749, 403825, 404668, 405448, 409650, 409779, 410593, 414339, 414379, 416843, 420683, 420797, 421392, 423521, 423684, 427484, 433330, 433349, 451090, 451202, 451220, 451321, 468760, 471985, 472502, 473030, 473199, 473205, 473586, 474611, 478850, 478855, 478877, 478908, 479052, 480279, 485691, 485786, 487717, 487729, 487731, 492141, 492155, 493307, 493604, 495109, 495321, 495416, 496717, 499168, 499181, 499337, 515091, 515983, 517252, 520813, 527597, 537841, 538196, 539227, 539246, 539259, 540254, 541301, 542925, 543865, 548157, 549497, 552283, 552474, 553000, 554108, 554249, 554290, 554888, 555129, 555173, 555334, 559206, 561475, 561512, 561525, 571141, 571175, 572155, 574737, 576535, 584978, 589099, 592012, 594244, 594252, 595640, 597191, 602964, 603174, 603512, 604056, 608806, 610578, 621575, 621752, 622970, 626076, 634743]
9,2,[1245, 1893]
10,244,[22656, 27060, 66709, 71850, 90382, 90664, 96268, 108198, 108208, 113403, 119308, 120115, 160918, 166382, 167121, 167445, 171972, 177225, 177448, 177593, 178788, 178852, 179321, 179837, 180008, 180448, 185412, 201712, 214801, 215979, 216123, 220474, 223672, 240888, 247030, 248019, 248022, 248028, 251444, 254508, 254568, 259585, 261708, 262219, 262884, 263236, 263463, 263482, 265315, 265594, 265620, 272623, 273479, 275078, 279027, 280677, 280895, 281775, 281823, 282555, 284053, 298541, 299429, 299485, 303286, 311535, 312482, 312687, 312865, 313272, 315432, 315689, 315692, 316200, 316282, 316292, 317796, 317845, 318008, 319290, 319299, 319848, 319878, 322515, 322626, 324236, 324334, 325766, 326134, 326211, 326240, 326443, 326627, 330222, 334847, 335088, 335091, 335097, 337066, 338821, 339263, 340451, 340674, 340935, 345385, 347375, 347711, 352440, 353515, 353594, 355189, 355663, 355856, 356974, 359346, 359819, 361644, 362418, 363436, 366697, 366715, 367092, 368241, 370873, 373643, 375263, 376339, 377768, 381075, 381197, 383745, 386006, 387789, 388766, 393684, 393876, 395294, 395346, 399759, 403915, 403991, 404834, 405614, 409816, 409945, 410759, 414505, 414545, 417009, 420849, 420963, 421558, 423687, 423850, 427651, 433500, 433519, 451260, 451372, 451390, 451491, 468931, 472155, 472672, 473200, 473369, 473375, 473756, 474781, 479018, 479023, 479045, 479076, 479220, 480447, 485855, 485950, 487879, 487891, 487893, 492301, 492315, 493467, 493764, 495268, 495480, 495575, 496886, 499337, 499350, 499506, 515260, 516155, 517424, 520985, 527769, 538016, 538371, 539402, 539421, 539434, 540429, 541476, 543100, 544040, 548332, 549675, 552461, 552652, 553178, 554286, 554427, 554468, 555066, 555307, 555351, 555512, 559384, 561653, 561690, 561703, 571321, 571355, 572335, 574917, 576715, 585163, 589284, 592203, 594435, 594443, 595831, 597382, 603161, 603371, 603714, 604258, 609018, 610795, 621827, 622004, 623222, 626333, 635018]
13,5,[1891, 1895, 2216, 2217, 2220]
14,3,[51245, 148210, 175271]
15,15,[12708, 15656, 16693, 51514, 59298, 61031, 62082, 63568, 72789, 79687, 119754, 146165, 150684, 167939, 169735]
17,66,[692, 1557, 2289, 7255, 10363, 20480, 23653, 25076, 25151, 25769, 33746, 33763, 34137, 35288, 38882, 39245, 40367, 40938, 44879, 45608, 45611, 45625, 45629, 45787, 46183, 47061, 52416, 62620, 70967, 71267, 77728, 102709, 107292, 109870, 109899, 119359, 119417, 122616, 127370, 129137, 134034, 136783, 139281, 139285, 139291, 139674, 146728, 146735, 147076, 154764, 154864, 156076, 159748, 159765, 160602, 161329, 163751, 164519, 170832, 172230, 178731, 178916, 186398, 191296, 205999, 210156]
18,7,[2310, 10156, 34815, 88640, 120830, 145209, 146384]
19,1,[10291]
20,34,[1027, 2392, 2929, 6459, 7758, 11011, 12973, 14524, 17359, 17923, 18569, 19290, 20871, 21114, 25978, 30742, 31857, 39375, 39438, 40659, 40879, 43005, 43019, 44475, 44607, 49283, 49294, 49362, 55788, 55958, 56205, 58508, 61274, 65349]
21,7,[1677, 1719, 8785, 10778, 19122, 31903, 32254]
22,15,[60999, 61074, 61076, 74794, 78587, 89906, 90258, 93821, 98238, 98822, 98828, 119196, 119570, 132041, 133383]
23,5,[1344, 6143, 18470, 26771, 29833]
25,2,[142161, 160412]
26,34,[1392, 2785, 3388, 6979, 8280, 11580, 13560, 15130, 18026, 18608, 19278, 19995, 21608, 21853, 26775, 31605, 32730, 33782, 40317, 40380, 41597, 43954, 43968, 45445, 45577, 50327, 50338, 50407, 56946, 57118, 57362, 59699, 62578, 66762]
27,4,[12148, 33549, 61768, 87160]
30,244,[22562, 26966, 66606, 71747, 90275, 90557, 96161, 108087, 108097, 113292, 119197, 120004, 160804, 166259, 166998, 167322, 171849, 177102, 177325, 177470, 178665, 178729, 179198, 179714, 179885, 180325, 185280, 201570, 214659, 215837, 215981, 220324, 223522, 240735, 246877, 247866, 247869, 247875, 251291, 254355, 254415, 259429, 261552, 262063, 262728, 263080, 263307, 263326, 265159, 265438, 265464, 272467, 273323, 274922, 278872, 280522, 280740, 281620, 281668, 282400, 283897, 298383, 299271, 299327, 303128, 311376, 312323, 312528, 312706, 313113, 315273, 315530, 315533, 316041, 316123, 316133, 317637, 317686, 317849, 319131, 319140, 319689, 319719, 322356, 322467, 324077, 324175, 325607, 325975, 326052, 326081, 326284, 326468, 330063, 334688, 334929, 334932, 334938, 336907, 338662, 339104, 340292, 340515, 340776, 345226, 347216, 347552, 352281, 353356, 353435, 355030, 355504, 355697, 356814, 359186, 359659, 361484, 362258, 363273, 366534, 366552, 366929, 368078, 370710, 373480, 375100, 376176, 377605, 380912, 381034, 383582, 385843, 387626, 388603, 393518, 393710, 395128, 395180, 399593, 403749, 403825, 404668, 405448, 409650, 409779, 410593, 414339, 414379, 416843, 420683, 420797, 421392, 423521, 423684, 427484, 433330, 433349, 451090, 451202, 451220, 451321, 468760, 471985, 472502, 473030, 473199, 473205, 473586, 474611, 478850, 478855, 478877, 478908, 479052, 480279, 485691, 485786, 487717, 487729, 487731, 492141, 492155, 493307, 493604, 495109, 495321, 495416, 496717, 499168, 499181, 499337, 515091, 515983, 517252, 520813, 527597, 537841, 538196, 539227, 539246, 539259, 540254, 541301, 542925, 543865, 548157, 549497, 552283, 552474, 553000, 554108, 554249, 554290, 554888, 555129, 555173, 555334, 559206, 561475, 561512, 561525, 571141, 571175, 572155, 574737, 576535, 584978, 589099, 592012, 594244, 594252, 595640, 597191, 602964, 603174, 603512, 604056, 608806, 610578, 621575, 621752, 622970, 626076, 634743]
