9,2,[60, 2229]
11,5,[2385, 4672, 4979, 7961, 19877]
12,7,[2777, 2804, 8485, 12078, 13190, 16870, 16890]
13,2,[446, 467]
14,1,[3979]
15,87,[1447, 7608, 13862, 14060, 18083, 20386, 20460, 25105, 25432, 30815, 31378, 36313, 41260, 43214, 43267, 45394, 46378, 49929, 51294, 52471, 56657, 59973, 60216, 61967, 64539, 64672, 68690, 70248, 70350, 75032, 79905, 80433, 82841, 83486, 83525, 83892, 86208, 90721, 92428, 93362, 94923, 100216, 102313, 102339, 104904, 106911, 107073, 109554, 111411, 112255, 112449, 113792, 114049, 114703, 114842, 115105, 115253, 115673, 115979, 116403, 116591, 117289, 122636, 123269, 123306, 130814, 131724, 132012, 136625, 139752, 139816, 140885, 141130, 141672, 142130, 147003, 147768, 149140, 151270, 153533, 154487, 154506, 154576, 157247, 157506, 159129, 159275]
16,3,[10049, 33103, 36258]
18,67,[963, 3591, 6159, 13451, 13611, 14652, 19199, 20506, 24322, 25000, 27335, 28212, 38044, 42240, 42301, 48632, 53892, 53967, 55187, 55271, 55495, 55855, 57779, 59532, 63122, 66466, 68870, 69014, 69095, 70389, 70719, 70929, 71262, 71517, 72047, 72898, 73206, 74342, 77246, 79600, 80479, 83314, 88491, 91410, 91833, 94154, 96744, 99069, 100119, 101583, 104834, 107158, 109585, 113836, 121818, 125498, 126236, 126910, 127937, 128218, 130574, 133628, 135583, 139040, 139480, 140832, 145513]
20,29,[5352, 8551, 9846, 12025, 14205, 14570, 15841, 15896, 16700, 19456, 21744, 21821, 23125, 24431, 24683, 31050, 36733, 41619, 41633, 42891, 46996, 48344, 49469, 53325, 54273, 55869, 60166, 60189, 61802]
21,2,[3679, 25841]
22,2,[58282, 85418]
23,2,[1857, 20032]
24,15,[7840, 11419, 13150, 22925, 28736, 29269, 31868, 33419, 34649, 34815, 37451, 37461, 40131, 40694, 44805]
25,1,[4347]
26,29,[5869, 9086, 10399, 12612, 14794, 15180, 16486, 16542, 17351, 20165, 22494, 22573, 23894, 25205, 25465, 31917, 37644, 42557, 42570, 43839, 47999, 49359, 50516, 54448, 55435, 57029, 61460, 61483, 63105]
27,26,[4337, 8828, 28320, 29956, 30953, 32723, 35500, 45401, 45944, 53616, 59833, 61910, 67819, 70805, 72859, 75174, 83548, 96929, 96962, 97135, 98467, 101451, 101922, 106473, 106634, 108016]
28,3,[857, 1155, 1332]
9,2,[60, 2229]
11,5,[2385, 4672, 4979, 7961, 19877]
12,7,[2777, 2804, 8485, 12078, 13190, 16870, 16890]
13,2,[446, 467]
14,1,[3979]
15,87,[1447, 7608, 13862, 14060, 18083, 20386, 20460, 25105, 25432, 30815, 31378, 36313, 41260, 43214, 43267, 45394, 46378, 49929, 51294, 52471, 56657, 59973, 60216, 61967, 64539, 64672, 68690, 70248, 70350, 75032, 79905, 80433, 82841, 83486, 83525, 83892, 86208, 90721, 92428, 93362, 94923, 100216, 102313, 102339, 104904, 106911, 107073, 109554, 111411, 112255, 112449, 113792, 114049, 114703, 114842, 115105, 115253, 115673, 115979, 116403, 116591, 117289, 122636, 123269, 123306, 130814, 131724, 132012, 136625, 139752, 139816, 140885, 141130, 141672, 142130, 147003, 147768, 149140, 151270, 153533, 154487, 154506, 154576, 157247, 157506, 159129, 159275]
16,3,[10049, 33103, 36258]
18,67,[963, 3591, 6159, 13451, 13611, 14652, 19199, 20506, 24322, 25000, 27335, 28212, 38044, 42240, 42301, 48632, 53892, 53967, 55187, 55271, 55495, 55855, 57779, 59532, 63122, 66466, 68870, 69014, 69095, 70389, 70719, 70929, 71262, 71517, 72047, 72898, 73206, 74342, 77246, 79600, 80479, 83314, 88491, 91410, 91833, 94154, 96744, 99069, 100119, 101583, 104834, 107158, 109585, 113836, 121818, 125498, 126236, 126910, 127937, 128218, 130574, 133628, 135583, 139040, 139480, 140832, 145513]
20,29,[5352, 8551, 9846, 12025, 14205, 14570, 15841, 15896, 16700, 19456, 21744, 21821, 23125, 24431, 24683, 31050, 36733, 41619, 41633, 42891, 46996, 48344, 49469, 53325, 54273, 55869, 60166, 60189, 61802]
21,2,[3679, 25841]
22,2,[58282, 85418]
23,2,[1857, 20032]
24,15,[7840, 11419, 13150, 22925, 28736, 29269, 31868, 33419, 34649, 34815, 37451, 37461, 40131, 40694, 44805]
25,1,[4347]
26,29,[5869, 9086, 10399, 12612, 14794, 15180, 16486, 16542, 17351, 20165, 22494, 22573, 23894, 25205, 25465, 31917, 37644, 42557, 42570, 43839, 47999, 49359, 50516, 54448, 55435, 57029, 61460, 61483, 63105]
27,26,[4337, 8828, 28320, 29956, 30953, 32723, 35500, 45401, 45944, 53616, 59833, 61910, 67819, 70805, 72859, 75174, 83548, 96929, 96962, 97135, 98467, 101451, 101922, 106473, 106634, 108016]
28,3,[857, 1155, 1332]
