8,1,[56]
10,16,[9773, 16998, 184173, 184178, 360190, 403269, 408692, 502400, 528087, 537429, 548419, 575090, 575138, 604008, 604022, 604070]
11,27,[199, 1150, 1745, 1810, 2929, 2995, 3443, 3511, 3855, 4819, 5307, 6590, 7026, 7797, 7837, 7848, 8903, 8991, 9371, 10814, 11055, 13700, 14033, 14778, 17942, 19618, 20790]
12,26,[1717, 3236, 3396, 4556, 4573, 4671, 5504, 5775, 6139, 6194, 6817, 7808, 7823, 8917, 9882, 10873, 11028, 14452, 14533, 16440, 16524, 16946, 17104, 17210, 18530, 19255]
13,3,[3313, 3660, 4067]
15,283,[1897, 5371, 5598, 6430, 7321, 7448, 8122, 8249, 9791, 9829, 10121, 10176, 11065, 11084, 11090, 11359, 11384, 12154, 13309, 13504, 14152, 14221, 14283, 14376, 14616, 14830, 16926, 16938, 16952, 17014, 17873, 18162, 18496, 18545, 18650, 19303, 20163, 20867, 21227, 21243, 21254, 21528, 23341, 23873, 23973, 24805, 25633, 25743, 26607, 26614, 26631, 27400, 27556, 28303, 28514, 29099, 31106, 31237, 31632, 32383, 32680, 32718, 33067, 33128, 33284, 33676, 34260, 36077, 36142, 36151, 36192, 36224, 36277, 36403, 37460, 38091, 38421, 38559, 38784, 38830, 39000, 39385, 39464, 39603, 39734, 40771, 40800, 41234, 46693, 46881, 47285, 47558, 47825, 50223, 50622, 50952, 51132, 52024, 54523, 56178, 56739, 57431, 57465, 57497, 60922, 61445, 61597, 62178, 62410, 63796, 63971, 65290, 66166, 66256, 66304, 66883, 66898, 67578, 68015, 68332, 68596, 68854, 68922, 69348, 69521, 69758, 69857, 70344, 71746, 71770, 72195, 72211, 72331, 72541, 72784, 73065, 73238, 73343, 73391, 74958, 75946, 79584, 80090, 80832, 84718, 85612, 85692, 87608, 87707, 88711, 90032, 90177, 90302, 91810, 93537, 93569, 93736, 96062, 96203, 96826, 97382, 97414, 97418, 98618, 98982, 99806, 99841, 101281, 102025, 105392, 107668, 108044, 108059, 108127, 108392, 109026, 110689, 110697, 112837, 115355, 116054, 117577, 117724, 117872, 117905, 118059, 118515, 118780, 119046, 119144, 119213, 119285, 119297, 119320, 119455, 119492, 119786, 119846, 119953, 120233, 123558, 124355, 129490, 129676, 129684, 129820, 129835, 131488, 134146, 136260, 137312, 137484, 137661, 141448, 141564, 142597, 144600, 144615, 145301, 145325, 145369, 145478, 146432, 146640, 148498, 150054, 150301, 150350, 150418, 150870, 150931, 151726, 151734, 151801, 152099, 152923, 153125, 153826, 154928, 155659, 155737, 155968, 156263, 157693, 158234, 159502, 159583, 160986, 161159, 161258, 161547, 161566, 161578, 161658, 161669, 161763, 161775, 162104, 162134, 162239, 162264, 162892, 162910, 163194, 164294, 164409, 164498, 164745, 164751, 165214, 165973, 166076, 166491, 167771, 168432, 168788, 169002, 171143, 171572, 171872, 172033, 172110, 172268]
16,23,[414, 2165, 2834, 6731, 7373, 9578, 10239, 14905, 16700, 17885, 18152, 21568, 24617, 26732, 27262, 29067, 29255, 31884, 31904, 33599, 35862, 35951, 36276]
18,3,[9501, 28466, 101776]
19,14,[3195, 4786, 4792, 7062, 11880, 12486, 12671, 17893, 20663, 20829, 23175, 26228, 26231, 27143]
23,36,[4579, 5801, 5946, 6841, 7814, 7946, 8227, 8425, 10424, 11531, 11535, 11545, 12583, 13657, 15645, 16897, 17144, 18459, 18681, 19076, 19118, 20407, 20424, 21627, 23926, 24403, 24409, 24420, 24683, 26142, 26204, 26785, 27594, 27848, 28350, 28385]
24,58,[646, 2116, 2132, 2193, 2531, 3705, 5277, 5843, 8712, 10124, 11533, 13282, 13600, 14609, 17217, 18079, 19089, 20391, 20398, 23708, 24265, 24390, 25541, 26159, 26501, 27525, 29300, 29321, 29477, 29581, 29924, 29967, 32069, 32786, 33810, 34771, 35948, 35998, 37128, 37168, 37614, 38302, 38985, 39008, 39440, 39505, 40448, 40881, 41012, 41631, 41656, 42731, 42815, 42832, 43106, 43671, 44030, 44264]
26,58,[5285, 6097, 6449, 7288, 8566, 9416, 9463, 9596, 9599, 9614, 10757, 14792, 15506, 15691, 15697, 15876, 16095, 17808, 18728, 18733, 18768, 19819, 20485, 22353, 23260, 23786, 27378, 27382, 29776, 30114, 30664, 30676, 30747, 31121, 32352, 32818, 33084, 33422, 35476, 37050, 39377, 41073, 41522, 42089, 42094, 45647, 46012, 48130, 48955, 50569, 51525, 51611, 53987, 57538, 57663, 60682, 61300, 61565]
27,115,[1074, 2011, 2464, 2719, 3658, 3693, 4684, 4701, 4940, 5029, 5585, 5963, 6049, 6398, 7110, 7168, 7345, 8553, 8782, 8863, 9456, 9975, 10327, 10958, 11066, 11567, 12111, 12307, 12998, 13237, 13965, 14008, 14617, 16644, 19515, 19612, 23368, 24209, 24530, 25493, 25989, 27762, 27866, 29486, 31475, 32344, 33178, 34001, 34271, 34309, 38620, 39868, 41062, 41366, 42034, 42822, 44014, 45032, 48461, 49786, 50350, 53993, 55865, 58318, 59690, 60751, 61237, 61356, 64164, 65557, 67594, 67633, 68617, 68990, 70240, 70588, 71845, 71923, 72054, 74230, 75513, 78436, 79403, 79596, 79716, 79791, 80759, 81017, 81183, 81973, 82041, 84666, 85038, 85967, 86994, 87297, 89544, 89718, 91647, 93508, 95135, 95434, 97377, 97676, 99545, 102439, 102948, 104023, 105120, 106193, 107146, 107478, 108349, 109151, 109258]
28,4,[596, 4599, 7017, 10799]
30,16,[9679, 16904, 184041, 184046, 360030, 403103, 408526, 502231, 527912, 537254, 548244, 574910, 574958, 603806, 603820, 603868]
8,1,[56]
10,16,[9773, 16998, 184173, 184178, 360190, 403269, 408692, 502400, 528087, 537429, 548419, 575090, 575138, 604008, 604022, 604070]
11,27,[199, 1150, 1745, 1810, 2929, 2995, 3443, 3511, 3855, 4819, 5307, 6590, 7026, 7797, 7837, 7848, 8903, 8991, 9371, 10814, 11055, 13700, 14033, 14778, 17942, 19618, 20790]
12,26,[1717, 3236, 3396, 4556, 4573, 4671, 5504, 5775, 6139, 6194, 6817, 7808, 7823, 8917, 9882, 10873, 11028, 14452, 14533, 16440, 16524, 16946, 17104, 17210, 18530, 19255]
13,3,[3313, 3660, 4067]
15,283,[1897, 5371, 5598, 6430, 7321, 7448, 8122, 8249, 9791, 9829, 10121, 10176, 11065, 11084, 11090, 11359, 11384, 12154, 13309, 13504, 14152, 14221, 14283, 14376, 14616, 14830, 16926, 16938, 16952, 17014, 17873, 18162, 18496, 18545, 18650, 19303, 20163, 20867, 21227, 21243, 21254, 21528, 23341, 23873, 23973, 24805, 25633, 25743, 26607, 26614, 26631, 27400, 27556, 28303, 28514, 29099, 31106, 31237, 31632, 32383, 32680, 32718, 33067, 33128, 33284, 33676, 34260, 36077, 36142, 36151, 36192, 36224, 36277, 36403, 37460, 38091, 38421, 38559, 38784, 38830, 39000, 39385, 39464, 39603, 39734, 40771, 40800, 41234, 46693, 46881, 47285, 47558, 47825, 50223, 50622, 50952, 51132, 52024, 54523, 56178, 56739, 57431, 57465, 57497, 60922, 61445, 61597, 62178, 62410, 63796, 63971, 65290, 66166, 66256, 66304, 66883, 66898, 67578, 68015, 68332, 68596, 68854, 68922, 69348, 69521, 69758, 69857, 70344, 71746, 71770, 72195, 72211, 72331, 72541, 72784, 73065, 73238, 73343, 73391, 74958, 75946, 79584, 80090, 80832, 84718, 85612, 85692, 87608, 87707, 88711, 90032, 90177, 90302, 91810, 93537, 93569, 93736, 96062, 96203, 96826, 97382, 97414, 97418, 98618, 98982, 99806, 99841, 101281, 102025, 105392, 107668, 108044, 108059, 108127, 108392, 109026, 110689, 110697, 112837, 115355, 116054, 117577, 117724, 117872, 117905, 118059, 118515, 118780, 119046, 119144, 119213, 119285, 119297, 119320, 119455, 119492, 119786, 119846, 119953, 120233, 123558, 124355, 129490, 129676, 129684, 129820, 129835, 131488, 134146, 136260, 137312, 137484, 137661, 141448, 141564, 142597, 144600, 144615, 145301, 145325, 145369, 145478, 146432, 146640, 148498, 150054, 150301, 150350, 150418, 150870, 150931, 151726, 151734, 151801, 152099, 152923, 153125, 153826, 154928, 155659, 155737, 155968, 156263, 157693, 158234, 159502, 159583, 160986, 161159, 161258, 161547, 161566, 161578, 161658, 161669, 161763, 161775, 162104, 162134, 162239, 162264, 162892, 162910, 163194, 164294, 164409, 164498, 164745, 164751, 165214, 165973, 166076, 166491, 167771, 168432, 168788, 169002, 171143, 171572, 171872, 172033, 172110, 172268]
16,23,[414, 2165, 2834, 6731, 7373, 9578, 10239, 14905, 16700, 17885, 18152, 21568, 24617, 26732, 27262, 29067, 29255, 31884, 31904, 33599, 35862, 35951, 36276]
18,3,[9501, 28466, 101776]
19,14,[3195, 4786, 4792, 7062, 11880, 12486, 12671, 17893, 20663, 20829, 23175, 26228, 26231, 27143]
23,36,[4579, 5801, 5946, 6841, 7814, 7946, 8227, 8425, 10424, 11531, 11535, 11545, 12583, 13657, 15645, 16897, 17144, 18459, 18681, 19076, 19118, 20407, 20424, 21627, 23926, 24403, 24409, 24420, 24683, 26142, 26204, 26785, 27594, 27848, 28350, 28385]
24,58,[646, 2116, 2132, 2193, 2531, 3705, 5277, 5843, 8712, 10124, 11533, 13282, 13600, 14609, 17217, 18079, 19089, 20391, 20398, 23708, 24265, 24390, 25541, 26159, 26501, 27525, 29300, 29321, 29477, 29581, 29924, 29967, 32069, 32786, 33810, 34771, 35948, 35998, 37128, 37168, 37614, 38302, 38985, 39008, 39440, 39505, 40448, 40881, 41012, 41631, 41656, 42731, 42815, 42832, 43106, 43671, 44030, 44264]
26,58,[5285, 6097, 6449, 7288, 8566, 9416, 9463, 9596, 9599, 9614, 10757, 14792, 15506, 15691, 15697, 15876, 16095, 17808, 18728, 18733, 18768, 19819, 20485, 22353, 23260, 23786, 27378, 27382, 29776, 30114, 30664, 30676, 30747, 31121, 32352, 32818, 33084, 33422, 35476, 37050, 39377, 41073, 41522, 42089, 42094, 45647, 46012, 48130, 48955, 50569, 51525, 51611, 53987, 57538, 57663, 60682, 61300, 61565]
27,115,[1074, 2011, 2464, 2719, 3658, 3693, 4684, 4701, 4940, 5029, 5585, 5963, 6049, 6398, 7110, 7168, 7345, 8553, 8782, 8863, 9456, 9975, 10327, 10958, 11066, 11567, 12111, 12307, 12998, 13237, 13965, 14008, 14617, 16644, 19515, 19612, 23368, 24209, 24530, 25493, 25989, 27762, 27866, 29486, 31475, 32344, 33178, 34001, 34271, 34309, 38620, 39868, 41062, 41366, 42034, 42822, 44014, 45032, 48461, 49786, 50350, 53993, 55865, 58318, 59690, 60751, 61237, 61356, 64164, 65557, 67594, 67633, 68617, 68990, 70240, 70588, 71845, 71923, 72054, 74230, 75513, 78436, 79403, 79596, 79716, 79791, 80759, 81017, 81183, 81973, 82041, 84666, 85038, 85967, 86994, 87297, 89544, 89718, 91647, 93508, 95135, 95434, 97377, 97676, 99545, 102439, 102948, 104023, 105120, 106193, 107146, 107478, 108349, 109151, 109258]
28,4,[596, 4599, 7017, 10799]
30,16,[9679, 16904, 184041, 184046, 360030, 403103, 408526, 502231, 527912, 537254, 548244, 574910, 574958, 603806, 603820, 603868]
