15,5,[15462, 16305, 16450, 81133, 171358]
17,1,[80163]
18,1,[60370]
19,8,[5640, 5648, 5658, 5866, 6685, 15709, 22893, 26161]
20,7,[4800, 4802, 6078, 24354, 41813, 45132, 45590]
23,1,[4169]
26,7,[5319, 5321, 6597, 25123, 42747, 46121, 46591]
27,2,[15129, 25310]
15,5,[15462, 16305, 16450, 81133, 171358]
17,1,[80163]
18,1,[60370]
19,8,[5640, 5648, 5658, 5866, 6685, 15709, 22893, 26161]
20,7,[4800, 4802, 6078, 24354, 41813, 45132, 45590]
23,1,[4169]
26,7,[5319, 5321, 6597, 25123, 42747, 46121, 46591]
27,2,[15129, 25310]
