10,4,[132869, 297888, 322870, 509533]
15,8,[51599, 59193, 74858, 78810, 89320, 122816, 137030, 158083]
16,1,[18971]
17,2,[3799, 157941]
18,2,[39841, 103107]
19,2,[21794, 21799]
21,4,[21572, 21689, 24298, 24911]
22,9,[14004, 17763, 17779, 17797, 101507, 101819, 122528, 122886, 148539]
23,2,[30434, 30602]
26,3,[2374, 9821, 19483]
27,2,[39202, 68270]
28,1,[2401]
30,4,[132757, 297730, 322711, 509364]
10,4,[132869, 297888, 322870, 509533]
15,8,[51599, 59193, 74858, 78810, 89320, 122816, 137030, 158083]
16,1,[18971]
17,2,[3799, 157941]
18,2,[39841, 103107]
19,2,[21794, 21799]
21,4,[21572, 21689, 24298, 24911]
22,9,[14004, 17763, 17779, 17797, 101507, 101819, 122528, 122886, 148539]
23,2,[30434, 30602]
26,3,[2374, 9821, 19483]
27,2,[39202, 68270]
28,1,[2401]
30,4,[132757, 297730, 322711, 509364]
