10,15,[3817, 8638, 8676, 38859, 39437, 39621, 73989, 74179, 127460, 130991, 455289, 500127, 596659, 600479, 601229]
17,5,[45718, 102548, 106791, 114687, 126980]
20,1,[51559]
22,1,[2254]
30,15,[3723, 8544, 8582, 38761, 39339, 39523, 73886, 74076, 127349, 130879, 455119, 499958, 596468, 600282, 601032]
10,15,[3817, 8638, 8676, 38859, 39437, 39621, 73989, 74179, 127460, 130991, 455289, 500127, 596659, 600479, 601229]
17,5,[45718, 102548, 106791, 114687, 126980]
20,1,[51559]
22,1,[2254]
30,15,[3723, 8544, 8582, 38761, 39339, 39523, 73886, 74076, 127349, 130879, 455119, 499958, 596468, 600282, 601032]
