10,1,[335300]
14,3,[6087, 49045, 150519]
15,1,[17544]
18,34,[4564, 28036, 75482, 95549, 95766, 96542, 96607, 97562, 97587, 98169, 98244, 98446, 98475, 98496, 101798, 101813, 101831, 101974, 102450, 105977, 106057, 106120, 106278, 106499, 109548, 109855, 110428, 111599, 111833, 111876, 111999, 112875, 114483, 125863]
22,1,[48437]
25,8,[6398, 21858, 47205, 132211, 132297, 144361, 174977, 175095]
30,1,[335141]
10,1,[335300]
14,3,[6087, 49045, 150519]
15,1,[17544]
18,34,[4564, 28036, 75482, 95549, 95766, 96542, 96607, 97562, 97587, 98169, 98244, 98446, 98475, 98496, 101798, 101813, 101831, 101974, 102450, 105977, 106057, 106120, 106278, 106499, 109548, 109855, 110428, 111599, 111833, 111876, 111999, 112875, 114483, 125863]
22,1,[48437]
25,8,[6398, 21858, 47205, 132211, 132297, 144361, 174977, 175095]
30,1,[335141]
