6,1,[740]
10,234,[12459, 12573, 13170, 13536, 13573, 16076, 17718, 22597, 23415, 23430, 26164, 26721, 26735, 26813, 26952, 28209, 33042, 33725, 33734, 35261, 36312, 36901, 37006, 39265, 46095, 46250, 46277, 53036, 53327, 69919, 76727, 76802, 77021, 88066, 88087, 95571, 100740, 105452, 110562, 112865, 117893, 120593, 123092, 123768, 127000, 139282, 153502, 164752, 164837, 164843, 164850, 165033, 166716, 167020, 167836, 168623, 171625, 171865, 172060, 175144, 175167, 175325, 175599, 175913, 178752, 188223, 191411, 192373, 193383, 206847, 214628, 214983, 216437, 216542, 217291, 220499, 220509, 221879, 222594, 222673, 223507, 224534, 225927, 230792, 233559, 246646, 256264, 256364, 256403, 256621, 258733, 258951, 259570, 270832, 273699, 280084, 283897, 283932, 287982, 288033, 303682, 309574, 314760, 320336, 323229, 323244, 325250, 325634, 337394, 338738, 343850, 348494, 353035, 354225, 360286, 365670, 365678, 367395, 367630, 369927, 371256, 376910, 378761, 388468, 392551, 392855, 393374, 397966, 398435, 398460, 402414, 402429, 406975, 407200, 407404, 407420, 407640, 408614, 410053, 410396, 419077, 419092, 419781, 422075, 423704, 424959, 430811, 430841, 432500, 432515, 432532, 432989, 437079, 437199, 437253, 447475, 454631, 474139, 476718, 477620, 477700, 477778, 477835, 477946, 478039, 480411, 495151, 495563, 496120, 501228, 501479, 501798, 501803, 502099, 502816, 504213, 504775, 505485, 505673, 508832, 510922, 511569, 515549, 517164, 518361, 518386, 519153, 519729, 520819, 523465, 524260, 525418, 534202, 536070, 537084, 537093, 538769, 539797, 542383, 542463, 544956, 549051, 559182, 559901, 560438, 560593, 561229, 563641, 566179, 568861, 568881, 571067, 571390, 571568, 572097, 572415, 575012, 575048, 575098, 580262, 581790, 582162, 582271, 582304, 582647, 598776, 608991, 609046, 609067, 613315, 617547, 624435, 631623, 635893]
11,1,[13467]
12,2,[12584, 14624]
15,14,[2939, 21633, 39498, 40676, 50294, 50312, 57961, 93251, 135729, 153996, 154074, 154105, 160171, 167025]
16,2,[9975, 35560]
17,42,[30441, 30467, 32708, 32716, 34439, 34676, 46177, 64665, 65345, 66003, 73418, 73548, 79868, 81818, 95783, 99992, 122772, 124209, 139505, 142660, 142826, 143646, 143808, 144735, 145440, 146269, 146675, 146796, 147315, 151422, 151894, 154187, 161143, 170669, 174874, 174900, 182427, 186386, 186941, 205262, 207083, 208871]
18,6,[4556, 21481, 54043, 68733, 68807, 68928]
19,5,[1495, 17282, 17293, 20367, 20372]
20,17,[7391, 7473, 13569, 18614, 26159, 31033, 31397, 35093, 37789, 43439, 44757, 49937, 52127, 57063, 57179, 58082, 65168]
21,2,[20897, 23380]
22,51,[657, 28681, 36239, 39104, 39105, 39115, 39121, 39446, 39460, 39462, 40331, 40388, 40437, 40439, 40442, 40457, 40459, 40463, 40489, 40495, 42259, 47591, 61635, 61638, 74340, 75531, 75613, 76836, 78540, 83984, 87780, 92674, 115988, 117903, 118297, 118436, 118438, 118440, 118442, 119318, 119320, 119324, 119547, 134008, 141128, 142365, 144977, 145384, 145634, 151407, 158197]
23,4,[7536, 20298, 24035, 24039]
24,10,[14348, 14439, 15099, 21743, 27340, 27794, 28059, 28069, 33083, 33182]
26,17,[7914, 7996, 14154, 19323, 26955, 31900, 32267, 35986, 38706, 44392, 45740, 50983, 53210, 58214, 58332, 59268, 66580]
27,15,[4182, 8008, 13634, 26137, 26276, 37264, 37316, 52693, 65121, 74403, 74460, 87936, 100599, 102587, 109442]
28,2,[3942, 3954]
30,234,[12365, 12479, 13076, 13442, 13479, 15982, 17624, 22503, 23321, 23336, 26070, 26627, 26641, 26719, 26858, 28115, 32944, 33627, 33636, 35163, 36214, 36803, 36908, 39167, 45997, 46152, 46179, 52937, 53228, 69816, 76624, 76699, 76918, 87959, 87980, 95464, 100633, 105341, 110451, 112754, 117782, 120482, 122981, 123657, 126889, 139170, 153389, 164629, 164714, 164720, 164727, 164910, 166593, 166897, 167713, 168500, 171502, 171742, 171937, 175021, 175044, 175202, 175476, 175790, 178629, 188091, 191279, 192241, 193251, 206705, 214486, 214841, 216295, 216400, 217151, 220349, 220359, 221729, 222444, 222523, 223357, 224384, 225777, 230642, 233409, 246493, 256108, 256208, 256247, 256465, 258577, 258795, 259414, 270676, 273543, 279929, 283741, 283776, 287826, 287877, 303524, 309416, 314601, 320177, 323070, 323085, 325091, 325475, 337235, 338579, 343691, 348335, 352876, 354066, 360126, 365507, 365515, 367232, 367467, 369764, 371093, 376747, 378598, 388305, 392388, 392689, 393208, 397800, 398269, 398294, 402248, 402263, 406809, 407034, 407238, 407254, 407474, 408448, 409887, 410230, 418911, 418926, 419615, 421909, 423538, 424793, 430641, 430671, 432330, 432345, 432362, 432819, 436909, 437029, 437083, 447305, 454461, 473969, 476549, 477452, 477532, 477610, 477667, 477778, 477871, 480243, 494992, 495404, 495961, 501059, 501310, 501629, 501634, 501930, 502647, 504044, 504606, 505316, 505504, 508663, 510753, 511400, 515377, 516992, 518189, 518214, 518981, 519557, 520647, 523293, 524088, 525246, 534027, 535895, 536909, 536918, 538594, 539622, 542208, 542288, 544781, 548876, 559004, 559723, 560260, 560415, 561051, 563463, 565999, 568681, 568701, 570887, 571210, 571388, 571917, 572235, 574832, 574868, 574918, 580082, 581610, 581982, 582091, 582124, 582467, 598585, 608779, 608834, 608855, 613086, 617304, 624181, 631348, 635618]
6,1,[740]
10,234,[12459, 12573, 13170, 13536, 13573, 16076, 17718, 22597, 23415, 23430, 26164, 26721, 26735, 26813, 26952, 28209, 33042, 33725, 33734, 35261, 36312, 36901, 37006, 39265, 46095, 46250, 46277, 53036, 53327, 69919, 76727, 76802, 77021, 88066, 88087, 95571, 100740, 105452, 110562, 112865, 117893, 120593, 123092, 123768, 127000, 139282, 153502, 164752, 164837, 164843, 164850, 165033, 166716, 167020, 167836, 168623, 171625, 171865, 172060, 175144, 175167, 175325, 175599, 175913, 178752, 188223, 191411, 192373, 193383, 206847, 214628, 214983, 216437, 216542, 217291, 220499, 220509, 221879, 222594, 222673, 223507, 224534, 225927, 230792, 233559, 246646, 256264, 256364, 256403, 256621, 258733, 258951, 259570, 270832, 273699, 280084, 283897, 283932, 287982, 288033, 303682, 309574, 314760, 320336, 323229, 323244, 325250, 325634, 337394, 338738, 343850, 348494, 353035, 354225, 360286, 365670, 365678, 367395, 367630, 369927, 371256, 376910, 378761, 388468, 392551, 392855, 393374, 397966, 398435, 398460, 402414, 402429, 406975, 407200, 407404, 407420, 407640, 408614, 410053, 410396, 419077, 419092, 419781, 422075, 423704, 424959, 430811, 430841, 432500, 432515, 432532, 432989, 437079, 437199, 437253, 447475, 454631, 474139, 476718, 477620, 477700, 477778, 477835, 477946, 478039, 480411, 495151, 495563, 496120, 501228, 501479, 501798, 501803, 502099, 502816, 504213, 504775, 505485, 505673, 508832, 510922, 511569, 515549, 517164, 518361, 518386, 519153, 519729, 520819, 523465, 524260, 525418, 534202, 536070, 537084, 537093, 538769, 539797, 542383, 542463, 544956, 549051, 559182, 559901, 560438, 560593, 561229, 563641, 566179, 568861, 568881, 571067, 571390, 571568, 572097, 572415, 575012, 575048, 575098, 580262, 581790, 582162, 582271, 582304, 582647, 598776, 608991, 609046, 609067, 613315, 617547, 624435, 631623, 635893]
11,1,[13467]
12,2,[12584, 14624]
15,14,[2939, 21633, 39498, 40676, 50294, 50312, 57961, 93251, 135729, 153996, 154074, 154105, 160171, 167025]
16,2,[9975, 35560]
17,42,[30441, 30467, 32708, 32716, 34439, 34676, 46177, 64665, 65345, 66003, 73418, 73548, 79868, 81818, 95783, 99992, 122772, 124209, 139505, 142660, 142826, 143646, 143808, 144735, 145440, 146269, 146675, 146796, 147315, 151422, 151894, 154187, 161143, 170669, 174874, 174900, 182427, 186386, 186941, 205262, 207083, 208871]
18,6,[4556, 21481, 54043, 68733, 68807, 68928]
19,5,[1495, 17282, 17293, 20367, 20372]
20,17,[7391, 7473, 13569, 18614, 26159, 31033, 31397, 35093, 37789, 43439, 44757, 49937, 52127, 57063, 57179, 58082, 65168]
21,2,[20897, 23380]
22,51,[657, 28681, 36239, 39104, 39105, 39115, 39121, 39446, 39460, 39462, 40331, 40388, 40437, 40439, 40442, 40457, 40459, 40463, 40489, 40495, 42259, 47591, 61635, 61638, 74340, 75531, 75613, 76836, 78540, 83984, 87780, 92674, 115988, 117903, 118297, 118436, 118438, 118440, 118442, 119318, 119320, 119324, 119547, 134008, 141128, 142365, 144977, 145384, 145634, 151407, 158197]
23,4,[7536, 20298, 24035, 24039]
24,10,[14348, 14439, 15099, 21743, 27340, 27794, 28059, 28069, 33083, 33182]
26,17,[7914, 7996, 14154, 19323, 26955, 31900, 32267, 35986, 38706, 44392, 45740, 50983, 53210, 58214, 58332, 59268, 66580]
27,15,[4182, 8008, 13634, 26137, 26276, 37264, 37316, 52693, 65121, 74403, 74460, 87936, 100599, 102587, 109442]
28,2,[3942, 3954]
30,234,[12365, 12479, 13076, 13442, 13479, 15982, 17624, 22503, 23321, 23336, 26070, 26627, 26641, 26719, 26858, 28115, 32944, 33627, 33636, 35163, 36214, 36803, 36908, 39167, 45997, 46152, 46179, 52937, 53228, 69816, 76624, 76699, 76918, 87959, 87980, 95464, 100633, 105341, 110451, 112754, 117782, 120482, 122981, 123657, 126889, 139170, 153389, 164629, 164714, 164720, 164727, 164910, 166593, 166897, 167713, 168500, 171502, 171742, 171937, 175021, 175044, 175202, 175476, 175790, 178629, 188091, 191279, 192241, 193251, 206705, 214486, 214841, 216295, 216400, 217151, 220349, 220359, 221729, 222444, 222523, 223357, 224384, 225777, 230642, 233409, 246493, 256108, 256208, 256247, 256465, 258577, 258795, 259414, 270676, 273543, 279929, 283741, 283776, 287826, 287877, 303524, 309416, 314601, 320177, 323070, 323085, 325091, 325475, 337235, 338579, 343691, 348335, 352876, 354066, 360126, 365507, 365515, 367232, 367467, 369764, 371093, 376747, 378598, 388305, 392388, 392689, 393208, 397800, 398269, 398294, 402248, 402263, 406809, 407034, 407238, 407254, 407474, 408448, 409887, 410230, 418911, 418926, 419615, 421909, 423538, 424793, 430641, 430671, 432330, 432345, 432362, 432819, 436909, 437029, 437083, 447305, 454461, 473969, 476549, 477452, 477532, 477610, 477667, 477778, 477871, 480243, 494992, 495404, 495961, 501059, 501310, 501629, 501634, 501930, 502647, 504044, 504606, 505316, 505504, 508663, 510753, 511400, 515377, 516992, 518189, 518214, 518981, 519557, 520647, 523293, 524088, 525246, 534027, 535895, 536909, 536918, 538594, 539622, 542208, 542288, 544781, 548876, 559004, 559723, 560260, 560415, 561051, 563463, 565999, 568681, 568701, 570887, 571210, 571388, 571917, 572235, 574832, 574868, 574918, 580082, 581610, 581982, 582091, 582124, 582467, 598585, 608779, 608834, 608855, 613086, 617304, 624181, 631348, 635618]
