6,1,[54]
9,3,[257, 1626, 1679]
18,22,[1452, 2352, 2583, 12724, 14247, 14452, 15770, 45207, 45691, 52375, 65214, 74083, 77646, 78645, 83007, 94784, 94901, 111265, 116604, 118996, 127729, 132087]
22,2,[150845, 160086]
23,3,[10222, 10660, 20429]
27,3,[6845, 29258, 93303]
6,1,[54]
9,3,[257, 1626, 1679]
18,22,[1452, 2352, 2583, 12724, 14247, 14452, 15770, 45207, 45691, 52375, 65214, 74083, 77646, 78645, 83007, 94784, 94901, 111265, 116604, 118996, 127729, 132087]
22,2,[150845, 160086]
23,3,[10222, 10660, 20429]
27,3,[6845, 29258, 93303]
