10,33,[6783, 6830, 14189, 53415, 72535, 72574, 90624, 112186, 126659, 127930, 245930, 251681, 252509, 269024, 280666, 281848, 282208, 282896, 283131, 285587, 288282, 289550, 291461, 351288, 351631, 388047, 389184, 473000, 474377, 577587, 584492, 603793, 604143]
14,17,[7226, 20732, 26073, 43095, 44949, 46142, 48177, 54020, 86864, 96169, 99576, 121370, 146089, 146100, 168679, 183425, 189639]
15,6,[84767, 102257, 118246, 140877, 149588, 160041]
16,1,[26980]
17,11,[9374, 12599, 83688, 98871, 99035, 103699, 113936, 114509, 179704, 179733, 182554]
18,11,[535, 1618, 11974, 57976, 68372, 80078, 81665, 84487, 86555, 130796, 131003]
23,3,[3723, 23942, 26907]
25,17,[7445, 20367, 25292, 41349, 43138, 44278, 46303, 51865, 83183, 92120, 95445, 116348, 140008, 140019, 161745, 175952, 181861]
27,2,[1152, 45140]
30,33,[6689, 6736, 14095, 53316, 72432, 72471, 90517, 112075, 126548, 127819, 245777, 251528, 252356, 268868, 280511, 281693, 282053, 282741, 282976, 285431, 288126, 289394, 291305, 351129, 351472, 387884, 389021, 472830, 474207, 577407, 584307, 603591, 603941]
10,33,[6783, 6830, 14189, 53415, 72535, 72574, 90624, 112186, 126659, 127930, 245930, 251681, 252509, 269024, 280666, 281848, 282208, 282896, 283131, 285587, 288282, 289550, 291461, 351288, 351631, 388047, 389184, 473000, 474377, 577587, 584492, 603793, 604143]
14,17,[7226, 20732, 26073, 43095, 44949, 46142, 48177, 54020, 86864, 96169, 99576, 121370, 146089, 146100, 168679, 183425, 189639]
15,6,[84767, 102257, 118246, 140877, 149588, 160041]
16,1,[26980]
17,11,[9374, 12599, 83688, 98871, 99035, 103699, 113936, 114509, 179704, 179733, 182554]
18,11,[535, 1618, 11974, 57976, 68372, 80078, 81665, 84487, 86555, 130796, 131003]
23,3,[3723, 23942, 26907]
25,17,[7445, 20367, 25292, 41349, 43138, 44278, 46303, 51865, 83183, 92120, 95445, 116348, 140008, 140019, 161745, 175952, 181861]
27,2,[1152, 45140]
30,33,[6689, 6736, 14095, 53316, 72432, 72471, 90517, 112075, 126548, 127819, 245777, 251528, 252356, 268868, 280511, 281693, 282053, 282741, 282976, 285431, 288126, 289394, 291305, 351129, 351472, 387884, 389021, 472830, 474207, 577407, 584307, 603591, 603941]
