10,13,[35463, 94067, 94107, 111070, 127009, 397967, 501488, 510911, 527990, 537358, 595598, 624381, 635303]
11,3,[7992, 8031, 8179]
15,4,[62681, 69723, 94288, 106237]
17,9,[15538, 37755, 197720, 199079, 206926, 206949, 206992, 207021, 207837]
19,12,[5568, 10237, 10248, 10253, 10419, 10469, 10474, 10561, 10589, 11466, 18648, 19427]
20,4,[52814, 52927, 55979, 63051]
26,2,[53913, 54034]
30,13,[35365, 93960, 94000, 110959, 126898, 397801, 501319, 510742, 527818, 537183, 595407, 624127, 635028]
10,13,[35463, 94067, 94107, 111070, 127009, 397967, 501488, 510911, 527990, 537358, 595598, 624381, 635303]
11,3,[7992, 8031, 8179]
15,4,[62681, 69723, 94288, 106237]
17,9,[15538, 37755, 197720, 199079, 206926, 206949, 206992, 207021, 207837]
19,12,[5568, 10237, 10248, 10253, 10419, 10469, 10474, 10561, 10589, 11466, 18648, 19427]
20,4,[52814, 52927, 55979, 63051]
26,2,[53913, 54034]
30,13,[35365, 93960, 94000, 110959, 126898, 397801, 501319, 510742, 527818, 537183, 595407, 624127, 635028]
