10,74,[6985, 16991, 17170, 17735, 17788, 18257, 19003, 23826, 24350, 113324, 116582, 125033, 143251, 143347, 143670, 143703, 144052, 145106, 145211, 145257, 145671, 145691, 145718, 145846, 149376, 151666, 151698, 151798, 151851, 151909, 165530, 166010, 168444, 188068, 192895, 202879, 207750, 213998, 219468, 226939, 231635, 231790, 232218, 232400, 232576, 234957, 235384, 235390, 249615, 253595, 259804, 268467, 274454, 274967, 289308, 292430, 336035, 342669, 358499, 395794, 397555, 402283, 405261, 414304, 426747, 448103, 448151, 451799, 475297, 529980, 558012, 573717, 584896, 609039]
12,1,[168]
13,2,[1433, 1487]
14,4,[8090, 57457, 117972, 124706]
15,10,[4466, 22672, 24201, 40115, 46682, 72151, 129513, 134982, 142665, 147231]
17,3,[56974, 60271, 208136]
18,6,[29845, 37296, 40243, 106231, 133548, 141918]
19,4,[2660, 8778, 8783, 13147]
21,8,[7300, 16951, 17450, 19555, 22614, 24360, 24994, 29814]
22,2,[87647, 158254]
23,7,[7884, 8884, 10797, 10862, 13725, 13747, 13785]
25,4,[8322, 55091, 112899, 119474]
26,8,[780, 1741, 19423, 32981, 39341, 46604, 57978, 60914]
27,2,[25375, 90844]
28,1,[1283]
30,74,[6891, 16897, 17076, 17641, 17694, 18163, 18909, 23732, 24256, 113213, 116471, 124922, 143139, 143235, 143558, 143591, 143940, 144993, 145098, 145144, 145558, 145578, 145605, 145733, 149263, 151553, 151585, 151685, 151738, 151796, 165407, 165887, 168321, 187936, 192763, 202737, 207608, 213856, 219328, 226789, 231485, 231640, 232068, 232250, 232426, 234807, 235234, 235240, 249462, 253442, 259648, 268311, 274298, 274811, 289152, 292273, 335876, 342510, 358339, 395628, 397389, 402117, 405095, 414138, 426581, 447933, 447981, 451629, 475127, 529805, 557834, 573537, 584711, 608827]
10,74,[6985, 16991, 17170, 17735, 17788, 18257, 19003, 23826, 24350, 113324, 116582, 125033, 143251, 143347, 143670, 143703, 144052, 145106, 145211, 145257, 145671, 145691, 145718, 145846, 149376, 151666, 151698, 151798, 151851, 151909, 165530, 166010, 168444, 188068, 192895, 202879, 207750, 213998, 219468, 226939, 231635, 231790, 232218, 232400, 232576, 234957, 235384, 235390, 249615, 253595, 259804, 268467, 274454, 274967, 289308, 292430, 336035, 342669, 358499, 395794, 397555, 402283, 405261, 414304, 426747, 448103, 448151, 451799, 475297, 529980, 558012, 573717, 584896, 609039]
12,1,[168]
13,2,[1433, 1487]
14,4,[8090, 57457, 117972, 124706]
15,10,[4466, 22672, 24201, 40115, 46682, 72151, 129513, 134982, 142665, 147231]
17,3,[56974, 60271, 208136]
18,6,[29845, 37296, 40243, 106231, 133548, 141918]
19,4,[2660, 8778, 8783, 13147]
21,8,[7300, 16951, 17450, 19555, 22614, 24360, 24994, 29814]
22,2,[87647, 158254]
23,7,[7884, 8884, 10797, 10862, 13725, 13747, 13785]
25,4,[8322, 55091, 112899, 119474]
26,8,[780, 1741, 19423, 32981, 39341, 46604, 57978, 60914]
27,2,[25375, 90844]
28,1,[1283]
30,74,[6891, 16897, 17076, 17641, 17694, 18163, 18909, 23732, 24256, 113213, 116471, 124922, 143139, 143235, 143558, 143591, 143940, 144993, 145098, 145144, 145558, 145578, 145605, 145733, 149263, 151553, 151585, 151685, 151738, 151796, 165407, 165887, 168321, 187936, 192763, 202737, 207608, 213856, 219328, 226789, 231485, 231640, 232068, 232250, 232426, 234807, 235234, 235240, 249462, 253442, 259648, 268311, 274298, 274811, 289152, 292273, 335876, 342510, 358339, 395628, 397389, 402117, 405095, 414138, 426581, 447933, 447981, 451629, 475127, 529805, 557834, 573537, 584711, 608827]
