9,1,[2460]
10,480,[5069, 7210, 7231, 10502, 11229, 14691, 14704, 14789, 14930, 15062, 15878, 19633, 19641, 24704, 24718, 24941, 25467, 25473, 26081, 26092, 26112, 27568, 27602, 27739, 27743, 27812, 27851, 27887, 28027, 28445, 29336, 29429, 29450, 29469, 29851, 30026, 31320, 31437, 31680, 31709, 34456, 34462, 34471, 34575, 35426, 35699, 35876, 35904, 36021, 36076, 36320, 36403, 36524, 36572, 36910, 37055, 37059, 37077, 37305, 37403, 37438, 37578, 37617, 38264, 38373, 39190, 40275, 52442, 75989, 76296, 76299, 95078, 95191, 101604, 101821, 101838, 102257, 102279, 102390, 111936, 124468, 127218, 127357, 128466, 133841, 133863, 133933, 134228, 134494, 146069, 148182, 157617, 164080, 166151, 166168, 166199, 166377, 168680, 171949, 171967, 172006, 172021, 172324, 172344, 172355, 173687, 174052, 174069, 174080, 174106, 174150, 174265, 174282, 175923, 176046, 176156, 176234, 176430, 176440, 176517, 176638, 176737, 177719, 178315, 178342, 178354, 178576, 179186, 179226, 180447, 180462, 180915, 180968, 181269, 183263, 183280, 183346, 183394, 183718, 183725, 184251, 184653, 186088, 186904, 186981, 187002, 187150, 187458, 187496, 187545, 187607, 187613, 187652, 187667, 188053, 188099, 188293, 188353, 188429, 188511, 188665, 188670, 189235, 189282, 189296, 189347, 190214, 190281, 190312, 190377, 190522, 191358, 191373, 191394, 191773, 191812, 191819, 191872, 192564, 192706, 193494, 193964, 194005, 194799, 194846, 194875, 195102, 195163, 196044, 197021, 197211, 199173, 199375, 199575, 200120, 200467, 201682, 201699, 201714, 201721, 202265, 203166, 203291, 203295, 203304, 203383, 206257, 206502, 206617, 208038, 208156, 208165, 208286, 208367, 208525, 209248, 210058, 212847, 216438, 216455, 216629, 216902, 217153, 218309, 219383, 219386, 219883, 220465, 220934, 222829, 223146, 223307, 223391, 223462, 223478, 224446, 224490, 225666, 225674, 225753, 226245, 226565, 226958, 227088, 228564, 228590, 229349, 231687, 231943, 233029, 233073, 233521, 233551, 235119, 235410, 235700, 237066, 237333, 237486, 237508, 237526, 238394, 249172, 249247, 249267, 249412, 249532, 249569, 249586, 249994, 250013, 250261, 250317, 256418, 256426, 256430, 256449, 256624, 258344, 258593, 258715, 259980, 260224, 260227, 260238, 260345, 260433, 260510, 260515, 260593, 260777, 261132, 262049, 268684, 268824, 273701, 273899, 274990, 275497, 276685, 276692, 277280, 278217, 278256, 278395, 279265, 279874, 282507, 283607, 283713, 283744, 284314, 285488, 285660, 285779, 285901, 286086, 286112, 287321, 287360, 288527, 289340, 289363, 290038, 291895, 292234, 292815, 293343, 293510, 293538, 294187, 294679, 294842, 294886, 297282, 297317, 297357, 298395, 317950, 326185, 329230, 329383, 331851, 332065, 332101, 334077, 334265, 335335, 337776, 339773, 340951, 341954, 341994, 342110, 342168, 355682, 357178, 357183, 360371, 360377, 369062, 378261, 378305, 378723, 378753, 379135, 387652, 388127, 391195, 391651, 391677, 391771, 391778, 391785, 391792, 391829, 392440, 397245, 404796, 405076, 405141, 407092, 407470, 408026, 410128, 414227, 414243, 414381, 414938, 415776, 415966, 416065, 416449, 419987, 421573, 429890, 454317, 460477, 462491, 462531, 462769, 462842, 464617, 464699, 469000, 469113, 476986, 478405, 484316, 489710, 490268, 503915, 503945, 504556, 507313, 509462, 509476, 509489, 509714, 509731, 509775, 509807, 509831, 509892, 512096, 512175, 513715, 515860, 525549, 526546, 526733, 539532, 539578, 541632, 541670, 541725, 541794, 542730, 544089, 544134, 550004, 550081, 551831, 560208, 561897, 562048, 562243, 565266, 566875, 571108, 575699, 587019, 587022, 587039, 587062, 587079, 587090, 587098, 587129, 594386, 600178, 607928, 607953, 608262, 611092, 611154, 615165, 617266, 625981, 625994, 627939, 631377, 632341, 634210, 635546, 636105, 639392, 639442, 640934, 641000]
12,2,[6746, 21241]
14,1,[73251]
15,1,[47243]
16,5,[4422, 4436, 14388, 14391, 33200]
17,75,[2832, 2847, 2872, 36144, 49707, 50066, 50134, 50303, 50548, 56808, 68853, 69296, 70335, 77652, 99294, 99318, 99350, 99381, 99396, 99461, 99478, 99925, 100150, 100220, 100245, 100319, 100371, 100396, 100508, 100536, 101016, 101185, 101308, 101545, 101766, 101873, 101967, 102042, 102537, 102851, 104590, 104611, 105210, 105261, 105263, 105274, 105328, 105346, 105431, 114828, 130978, 131068, 131140, 131146, 131153, 131220, 131246, 131252, 131353, 131462, 131512, 134634, 136378, 139729, 148731, 150152, 151251, 154522, 154767, 154867, 159107, 166617, 166622, 177134, 185977]
18,5,[65877, 95373, 108175, 115430, 144779]
20,1,[50965]
21,2,[9977, 23401]
23,4,[7242, 7262, 7301, 29826]
25,1,[69740]
26,2,[52021, 64105]
27,1,[14507]
28,3,[3560, 3622, 10665]
30,480,[4975, 7116, 7137, 10408, 11135, 14597, 14610, 14695, 14836, 14968, 15784, 19539, 19547, 24610, 24624, 24847, 25373, 25379, 25987, 25998, 26018, 27474, 27508, 27645, 27649, 27718, 27757, 27793, 27933, 28351, 29242, 29335, 29356, 29375, 29757, 29932, 31226, 31343, 31586, 31615, 34358, 34364, 34373, 34477, 35328, 35601, 35778, 35806, 35923, 35978, 36222, 36305, 36426, 36474, 36812, 36957, 36961, 36979, 37207, 37305, 37340, 37480, 37519, 38166, 38275, 39092, 40177, 52344, 75886, 76193, 76196, 94971, 95084, 101497, 101714, 101731, 102150, 102172, 102283, 111825, 124357, 127107, 127246, 128355, 133729, 133751, 133821, 134116, 134382, 145956, 148069, 157504, 163957, 166028, 166045, 166076, 166254, 168557, 171826, 171844, 171883, 171898, 172201, 172221, 172232, 173564, 173929, 173946, 173957, 173983, 174027, 174142, 174159, 175800, 175923, 176033, 176111, 176307, 176317, 176394, 176515, 176614, 177596, 178192, 178219, 178231, 178453, 179063, 179103, 180324, 180339, 180792, 180845, 181146, 183131, 183148, 183214, 183262, 183586, 183593, 184119, 184521, 185956, 186772, 186849, 186870, 187018, 187326, 187364, 187413, 187475, 187481, 187520, 187535, 187921, 187967, 188161, 188221, 188297, 188379, 188533, 188538, 189103, 189150, 189164, 189215, 190082, 190149, 190180, 190245, 190390, 191226, 191241, 191262, 191641, 191680, 191687, 191740, 192432, 192574, 193362, 193832, 193873, 194667, 194714, 194743, 194970, 195031, 195912, 196889, 197079, 199041, 199233, 199433, 199978, 200325, 201540, 201557, 201572, 201579, 202123, 203024, 203149, 203153, 203162, 203241, 206115, 206360, 206475, 207896, 208014, 208023, 208144, 208225, 208383, 209106, 209916, 212705, 216296, 216313, 216488, 216761, 217012, 218169, 219243, 219246, 219733, 220315, 220784, 222679, 222996, 223157, 223241, 223312, 223328, 224296, 224340, 225516, 225524, 225603, 226095, 226415, 226808, 226938, 228414, 228440, 229199, 231537, 231793, 232879, 232923, 233371, 233401, 234969, 235260, 235550, 236916, 237183, 237336, 237358, 237376, 238244, 249019, 249094, 249114, 249259, 249379, 249416, 249433, 249841, 249860, 250108, 250164, 256262, 256270, 256274, 256293, 256468, 258188, 258437, 258559, 259824, 260068, 260071, 260082, 260189, 260277, 260354, 260359, 260437, 260621, 260976, 261893, 268528, 268668, 273545, 273743, 274834, 275341, 276529, 276536, 277124, 278062, 278101, 278240, 279110, 279719, 282352, 283451, 283557, 283588, 284158, 285332, 285504, 285623, 285745, 285930, 285956, 287165, 287204, 288371, 289184, 289207, 289882, 291739, 292077, 292658, 293186, 293353, 293381, 294030, 294522, 294685, 294729, 297124, 297159, 297199, 298237, 317791, 326026, 329071, 329224, 331692, 331906, 331942, 333918, 334106, 335176, 337617, 339614, 340792, 341795, 341835, 341951, 342009, 355523, 357018, 357023, 360211, 360217, 368899, 378098, 378142, 378560, 378590, 378972, 387489, 387964, 391032, 391488, 391514, 391608, 391615, 391622, 391629, 391666, 392277, 397079, 404630, 404910, 404975, 406926, 407304, 407860, 409962, 414061, 414077, 414215, 414772, 415610, 415800, 415899, 416283, 419821, 421407, 429723, 454147, 460307, 462320, 462360, 462598, 462671, 464446, 464528, 468829, 468942, 476817, 478237, 484151, 489550, 490108, 503746, 503776, 504387, 507144, 509293, 509307, 509320, 509545, 509562, 509606, 509638, 509662, 509723, 511927, 512006, 513546, 515688, 525377, 526374, 526561, 539357, 539403, 541457, 541495, 541550, 541619, 542555, 543914, 543959, 549826, 549903, 551653, 560030, 561719, 561870, 562065, 565086, 566695, 570928, 575519, 586834, 586837, 586854, 586877, 586894, 586905, 586913, 586944, 594195, 599981, 607721, 607746, 608050, 610875, 610937, 614931, 617023, 625724, 625737, 627679, 631102, 632066, 633935, 635271, 635830, 639117, 639167, 640659, 640725]
9,1,[2460]
10,480,[5069, 7210, 7231, 10502, 11229, 14691, 14704, 14789, 14930, 15062, 15878, 19633, 19641, 24704, 24718, 24941, 25467, 25473, 26081, 26092, 26112, 27568, 27602, 27739, 27743, 27812, 27851, 27887, 28027, 28445, 29336, 29429, 29450, 29469, 29851, 30026, 31320, 31437, 31680, 31709, 34456, 34462, 34471, 34575, 35426, 35699, 35876, 35904, 36021, 36076, 36320, 36403, 36524, 36572, 36910, 37055, 37059, 37077, 37305, 37403, 37438, 37578, 37617, 38264, 38373, 39190, 40275, 52442, 75989, 76296, 76299, 95078, 95191, 101604, 101821, 101838, 102257, 102279, 102390, 111936, 124468, 127218, 127357, 128466, 133841, 133863, 133933, 134228, 134494, 146069, 148182, 157617, 164080, 166151, 166168, 166199, 166377, 168680, 171949, 171967, 172006, 172021, 172324, 172344, 172355, 173687, 174052, 174069, 174080, 174106, 174150, 174265, 174282, 175923, 176046, 176156, 176234, 176430, 176440, 176517, 176638, 176737, 177719, 178315, 178342, 178354, 178576, 179186, 179226, 180447, 180462, 180915, 180968, 181269, 183263, 183280, 183346, 183394, 183718, 183725, 184251, 184653, 186088, 186904, 186981, 187002, 187150, 187458, 187496, 187545, 187607, 187613, 187652, 187667, 188053, 188099, 188293, 188353, 188429, 188511, 188665, 188670, 189235, 189282, 189296, 189347, 190214, 190281, 190312, 190377, 190522, 191358, 191373, 191394, 191773, 191812, 191819, 191872, 192564, 192706, 193494, 193964, 194005, 194799, 194846, 194875, 195102, 195163, 196044, 197021, 197211, 199173, 199375, 199575, 200120, 200467, 201682, 201699, 201714, 201721, 202265, 203166, 203291, 203295, 203304, 203383, 206257, 206502, 206617, 208038, 208156, 208165, 208286, 208367, 208525, 209248, 210058, 212847, 216438, 216455, 216629, 216902, 217153, 218309, 219383, 219386, 219883, 220465, 220934, 222829, 223146, 223307, 223391, 223462, 223478, 224446, 224490, 225666, 225674, 225753, 226245, 226565, 226958, 227088, 228564, 228590, 229349, 231687, 231943, 233029, 233073, 233521, 233551, 235119, 235410, 235700, 237066, 237333, 237486, 237508, 237526, 238394, 249172, 249247, 249267, 249412, 249532, 249569, 249586, 249994, 250013, 250261, 250317, 256418, 256426, 256430, 256449, 256624, 258344, 258593, 258715, 259980, 260224, 260227, 260238, 260345, 260433, 260510, 260515, 260593, 260777, 261132, 262049, 268684, 268824, 273701, 273899, 274990, 275497, 276685, 276692, 277280, 278217, 278256, 278395, 279265, 279874, 282507, 283607, 283713, 283744, 284314, 285488, 285660, 285779, 285901, 286086, 286112, 287321, 287360, 288527, 289340, 289363, 290038, 291895, 292234, 292815, 293343, 293510, 293538, 294187, 294679, 294842, 294886, 297282, 297317, 297357, 298395, 317950, 326185, 329230, 329383, 331851, 332065, 332101, 334077, 334265, 335335, 337776, 339773, 340951, 341954, 341994, 342110, 342168, 355682, 357178, 357183, 360371, 360377, 369062, 378261, 378305, 378723, 378753, 379135, 387652, 388127, 391195, 391651, 391677, 391771, 391778, 391785, 391792, 391829, 392440, 397245, 404796, 405076, 405141, 407092, 407470, 408026, 410128, 414227, 414243, 414381, 414938, 415776, 415966, 416065, 416449, 419987, 421573, 429890, 454317, 460477, 462491, 462531, 462769, 462842, 464617, 464699, 469000, 469113, 476986, 478405, 484316, 489710, 490268, 503915, 503945, 504556, 507313, 509462, 509476, 509489, 509714, 509731, 509775, 509807, 509831, 509892, 512096, 512175, 513715, 515860, 525549, 526546, 526733, 539532, 539578, 541632, 541670, 541725, 541794, 542730, 544089, 544134, 550004, 550081, 551831, 560208, 561897, 562048, 562243, 565266, 566875, 571108, 575699, 587019, 587022, 587039, 587062, 587079, 587090, 587098, 587129, 594386, 600178, 607928, 607953, 608262, 611092, 611154, 615165, 617266, 625981, 625994, 627939, 631377, 632341, 634210, 635546, 636105, 639392, 639442, 640934, 641000]
12,2,[6746, 21241]
14,1,[73251]
15,1,[47243]
16,5,[4422, 4436, 14388, 14391, 33200]
17,75,[2832, 2847, 2872, 36144, 49707, 50066, 50134, 50303, 50548, 56808, 68853, 69296, 70335, 77652, 99294, 99318, 99350, 99381, 99396, 99461, 99478, 99925, 100150, 100220, 100245, 100319, 100371, 100396, 100508, 100536, 101016, 101185, 101308, 101545, 101766, 101873, 101967, 102042, 102537, 102851, 104590, 104611, 105210, 105261, 105263, 105274, 105328, 105346, 105431, 114828, 130978, 131068, 131140, 131146, 131153, 131220, 131246, 131252, 131353, 131462, 131512, 134634, 136378, 139729, 148731, 150152, 151251, 154522, 154767, 154867, 159107, 166617, 166622, 177134, 185977]
18,5,[65877, 95373, 108175, 115430, 144779]
20,1,[50965]
21,2,[9977, 23401]
23,4,[7242, 7262, 7301, 29826]
25,1,[69740]
26,2,[52021, 64105]
27,1,[14507]
28,3,[3560, 3622, 10665]
30,480,[4975, 7116, 7137, 10408, 11135, 14597, 14610, 14695, 14836, 14968, 15784, 19539, 19547, 24610, 24624, 24847, 25373, 25379, 25987, 25998, 26018, 27474, 27508, 27645, 27649, 27718, 27757, 27793, 27933, 28351, 29242, 29335, 29356, 29375, 29757, 29932, 31226, 31343, 31586, 31615, 34358, 34364, 34373, 34477, 35328, 35601, 35778, 35806, 35923, 35978, 36222, 36305, 36426, 36474, 36812, 36957, 36961, 36979, 37207, 37305, 37340, 37480, 37519, 38166, 38275, 39092, 40177, 52344, 75886, 76193, 76196, 94971, 95084, 101497, 101714, 101731, 102150, 102172, 102283, 111825, 124357, 127107, 127246, 128355, 133729, 133751, 133821, 134116, 134382, 145956, 148069, 157504, 163957, 166028, 166045, 166076, 166254, 168557, 171826, 171844, 171883, 171898, 172201, 172221, 172232, 173564, 173929, 173946, 173957, 173983, 174027, 174142, 174159, 175800, 175923, 176033, 176111, 176307, 176317, 176394, 176515, 176614, 177596, 178192, 178219, 178231, 178453, 179063, 179103, 180324, 180339, 180792, 180845, 181146, 183131, 183148, 183214, 183262, 183586, 183593, 184119, 184521, 185956, 186772, 186849, 186870, 187018, 187326, 187364, 187413, 187475, 187481, 187520, 187535, 187921, 187967, 188161, 188221, 188297, 188379, 188533, 188538, 189103, 189150, 189164, 189215, 190082, 190149, 190180, 190245, 190390, 191226, 191241, 191262, 191641, 191680, 191687, 191740, 192432, 192574, 193362, 193832, 193873, 194667, 194714, 194743, 194970, 195031, 195912, 196889, 197079, 199041, 199233, 199433, 199978, 200325, 201540, 201557, 201572, 201579, 202123, 203024, 203149, 203153, 203162, 203241, 206115, 206360, 206475, 207896, 208014, 208023, 208144, 208225, 208383, 209106, 209916, 212705, 216296, 216313, 216488, 216761, 217012, 218169, 219243, 219246, 219733, 220315, 220784, 222679, 222996, 223157, 223241, 223312, 223328, 224296, 224340, 225516, 225524, 225603, 226095, 226415, 226808, 226938, 228414, 228440, 229199, 231537, 231793, 232879, 232923, 233371, 233401, 234969, 235260, 235550, 236916, 237183, 237336, 237358, 237376, 238244, 249019, 249094, 249114, 249259, 249379, 249416, 249433, 249841, 249860, 250108, 250164, 256262, 256270, 256274, 256293, 256468, 258188, 258437, 258559, 259824, 260068, 260071, 260082, 260189, 260277, 260354, 260359, 260437, 260621, 260976, 261893, 268528, 268668, 273545, 273743, 274834, 275341, 276529, 276536, 277124, 278062, 278101, 278240, 279110, 279719, 282352, 283451, 283557, 283588, 284158, 285332, 285504, 285623, 285745, 285930, 285956, 287165, 287204, 288371, 289184, 289207, 289882, 291739, 292077, 292658, 293186, 293353, 293381, 294030, 294522, 294685, 294729, 297124, 297159, 297199, 298237, 317791, 326026, 329071, 329224, 331692, 331906, 331942, 333918, 334106, 335176, 337617, 339614, 340792, 341795, 341835, 341951, 342009, 355523, 357018, 357023, 360211, 360217, 368899, 378098, 378142, 378560, 378590, 378972, 387489, 387964, 391032, 391488, 391514, 391608, 391615, 391622, 391629, 391666, 392277, 397079, 404630, 404910, 404975, 406926, 407304, 407860, 409962, 414061, 414077, 414215, 414772, 415610, 415800, 415899, 416283, 419821, 421407, 429723, 454147, 460307, 462320, 462360, 462598, 462671, 464446, 464528, 468829, 468942, 476817, 478237, 484151, 489550, 490108, 503746, 503776, 504387, 507144, 509293, 509307, 509320, 509545, 509562, 509606, 509638, 509662, 509723, 511927, 512006, 513546, 515688, 525377, 526374, 526561, 539357, 539403, 541457, 541495, 541550, 541619, 542555, 543914, 543959, 549826, 549903, 551653, 560030, 561719, 561870, 562065, 565086, 566695, 570928, 575519, 586834, 586837, 586854, 586877, 586894, 586905, 586913, 586944, 594195, 599981, 607721, 607746, 608050, 610875, 610937, 614931, 617023, 625724, 625737, 627679, 631102, 632066, 633935, 635271, 635830, 639117, 639167, 640659, 640725]
