10,12,[73836, 73856, 74188, 74273, 74448, 74482, 99204, 99337, 99361, 99460, 99686, 100150]
15,1,[156485]
18,1,[120658]
20,2,[6424, 6488]
21,1,[4922]
22,6,[3290, 3292, 142384, 143789, 150978, 152608]
23,1,[8073]
26,3,[6944, 7006, 65393]
30,12,[73733, 73753, 74085, 74170, 74345, 74379, 99097, 99230, 99254, 99353, 99579, 100043]
10,12,[73836, 73856, 74188, 74273, 74448, 74482, 99204, 99337, 99361, 99460, 99686, 100150]
15,1,[156485]
18,1,[120658]
20,2,[6424, 6488]
21,1,[4922]
22,6,[3290, 3292, 142384, 143789, 150978, 152608]
23,1,[8073]
26,3,[6944, 7006, 65393]
30,12,[73733, 73753, 74085, 74170, 74345, 74379, 99097, 99230, 99254, 99353, 99579, 100043]
