9,5,[329, 345, 365, 375, 2299]
10,132,[17121, 17742, 32078, 32083, 39080, 39095, 39746, 48765, 51323, 51911, 54707, 54708, 54773, 54866, 55119, 55175, 55226, 56843, 57117, 57118, 57880, 57890, 57891, 79902, 79923, 80264, 80372, 80901, 81321, 81379, 81388, 81462, 81481, 81492, 81504, 81563, 81579, 81623, 81636, 81645, 81699, 81735, 81787, 81830, 81880, 81967, 81972, 82008, 83493, 83510, 83537, 83552, 83571, 85202, 85283, 85380, 85475, 85524, 85541, 85562, 90635, 91952, 92006, 92041, 92447, 92453, 92481, 92694, 142519, 209971, 241874, 242111, 244130, 244249, 251853, 251901, 251928, 251948, 252054, 252113, 252323, 252511, 252536, 252657, 253089, 253498, 254679, 254689, 254705, 254718, 254898, 254920, 254940, 255123, 255157, 260128, 262054, 262057, 268298, 272083, 272930, 273346, 273469, 275416, 276069, 276295, 276467, 276478, 280597, 281117, 281748, 289682, 334742, 405351, 448077, 448100, 458869, 560497, 588335, 589892, 591399, 602008, 602532, 604930, 607966, 608968, 609171, 615204, 620541, 620641, 620715, 632306]
14,274,[858, 3874, 4725, 5674, 5725, 7854, 9364, 9652, 11383, 13536, 13551, 13580, 14557, 16044, 16232, 17176, 17182, 17185, 17218, 17955, 19097, 19900, 20659, 20666, 20681, 22041, 23069, 23852, 25210, 25960, 26670, 26678, 26728, 27387, 27826, 28628, 29542, 29544, 29576, 29583, 29597, 30337, 31195, 31208, 31255, 32121, 32680, 32963, 33069, 33117, 33633, 33950, 34115, 35395, 36239, 36265, 37290, 38605, 39459, 40574, 41346, 42228, 43871, 43905, 44873, 44880, 45703, 46082, 47085, 48122, 48541, 48827, 50498, 51541, 51794, 52782, 53630, 53928, 54479, 54717, 55718, 56480, 57984, 58966, 58980, 59006, 60362, 61036, 62643, 63373, 63704, 63962, 65052, 65063, 66098, 66140, 66625, 66645, 66977, 68782, 69440, 72610, 73832, 74693, 75628, 75635, 76505, 77338, 77669, 78510, 78579, 78791, 79828, 80674, 80703, 80707, 81575, 81886, 81933, 83390, 83393, 83434, 84572, 85657, 86685, 86695, 88107, 88114, 88128, 89259, 90201, 91006, 91439, 92267, 92323, 92507, 93249, 94300, 95282, 95290, 96989, 97956, 98737, 99496, 99506, 99541, 100983, 101795, 102689, 102720, 103618, 104025, 105056, 105690, 105923, 106682, 107482, 108734, 108753, 108812, 109516, 110286, 110329, 111082, 112511, 112884, 113906, 114723, 114760, 116477, 117315, 118719, 120194, 120937, 121688, 122313, 123334, 123340, 123344, 123363, 123373, 124376, 125284, 126840, 127027, 127997, 128826, 129778, 129966, 130183, 130905, 132554, 133276, 135569, 135580, 135612, 136880, 137688, 138852, 139935, 141112, 141158, 141661, 142860, 143932, 145334, 146016, 147045, 147830, 148009, 152173, 152214, 152409, 153329, 154205, 154969, 155679, 155705, 156167, 156477, 156523, 156992, 158033, 158078, 159262, 159269, 159276, 159281, 161306, 162510, 163639, 163675, 164584, 165483, 166650, 167481, 167625, 168632, 169736, 170729, 171791, 171796, 171865, 172678, 173154, 174562, 174572, 174592, 174599, 175578, 176660, 177170, 177176, 178263, 178538, 179381, 180821, 183018, 185155, 186062, 186181, 186755, 187071, 188035, 189037, 190922, 191675, 192873, 193834, 193864, 194599, 195371, 196407, 198105]
15,11,[5410, 24163, 24168, 24190, 24193, 24523, 33073, 33447, 71175, 124902, 135753]
16,2,[3974, 26639]
17,10,[22072, 56457, 56616, 56625, 56644, 56651, 56687, 56693, 73359, 99309]
18,24,[38463, 44602, 44694, 45458, 46553, 66604, 87048, 88896, 88914, 88918, 89356, 89502, 89543, 94597, 97046, 111732, 113870, 113989, 122710, 123554, 125115, 127921, 128202, 133216]
19,2,[11334, 11356]
20,5,[952, 16494, 18859, 26042, 43188]
21,5,[9132, 16462, 19436, 23186, 30905]
22,42,[12322, 75866, 75872, 76088, 76091, 77811, 85798, 89116, 90486, 90553, 93566, 93627, 93630, 93633, 100491, 100567, 100571, 107453, 107512, 107546, 107586, 107619, 110613, 110616, 110793, 110794, 110796, 114985, 116275, 117396, 119198, 120848, 124390, 142448, 148003, 160259, 160511, 160611, 160636, 160714, 161469, 161672]
23,3,[3130, 13776, 19648]
24,6,[15736, 35575, 36481, 37118, 37285, 39838]
25,297,[111, 211, 244, 258, 4256, 5130, 6021, 6072, 8120, 9623, 9896, 11538, 13555, 13570, 13596, 14549, 15242, 15910, 16077, 16956, 16962, 16965, 16995, 17653, 18701, 19443, 20311, 20318, 20333, 21584, 22544, 23250, 24511, 25196, 25850, 25858, 25899, 26514, 26970, 27722, 28579, 28581, 28610, 28617, 28631, 29369, 30151, 30164, 30218, 31022, 31550, 31826, 31925, 31978, 32454, 32747, 32753, 32899, 34065, 34893, 34920, 35925, 37196, 37936, 39030, 39763, 40592, 42087, 42118, 43073, 43080, 43894, 44231, 45260, 46261, 46639, 46935, 48507, 49452, 49688, 50621, 51783, 52305, 52539, 53440, 54108, 55628, 56634, 56648, 56675, 57975, 58586, 59182, 60220, 60892, 61196, 61466, 61481, 62352, 63127, 63178, 63643, 63917, 65589, 66272, 67668, 69183, 70287, 71113, 72031, 72038, 72946, 73725, 74066, 74970, 75036, 75226, 76229, 76994, 77035, 77039, 77887, 77910, 78208, 78254, 79654, 79657, 79695, 80867, 82065, 83013, 83025, 84450, 84457, 84471, 85572, 86482, 87229, 87616, 88421, 88474, 88636, 89297, 90385, 91281, 91290, 92891, 93848, 94677, 95381, 95391, 95420, 96885, 97650, 98559, 98593, 99523, 99884, 100831, 101391, 101601, 102318, 103078, 104235, 104254, 104315, 104940, 104949, 105852, 105894, 106594, 107855, 108204, 108395, 109181, 109895, 109932, 111538, 112311, 113699, 115122, 115859, 116654, 117195, 118207, 118213, 118217, 118234, 118243, 119164, 119179, 120011, 120620, 121533, 121704, 122582, 123365, 124284, 124442, 125281, 126837, 127590, 129843, 129854, 129882, 131027, 131058, 131070, 131865, 132929, 134115, 135252, 135295, 135731, 136950, 137984, 138702, 139297, 139955, 141007, 141022, 141804, 141978, 142937, 143530, 144696, 145847, 145888, 146064, 146867, 147683, 148396, 149082, 149106, 149536, 149827, 149873, 150301, 150519, 151323, 151362, 151368, 152432, 152439, 152446, 152451, 154540, 155757, 156832, 156858, 157750, 158643, 159701, 159876, 160587, 160719, 161708, 162804, 163759, 164974, 164979, 165034, 165829, 166238, 167558, 167568, 167591, 167597, 168489, 169537, 169984, 169990, 170952, 171207, 172002, 173420, 174708, 175566, 176241, 177587, 177842, 178458, 178571, 179367, 180278, 180609, 181248, 181700, 182311, 183630, 184749, 185696, 185722, 186437, 187161, 188225, 200447]
26,5,[1317, 17144, 19567, 26838, 44138]
27,8,[7415, 13203, 25900, 30527, 45683, 51734, 52388, 95595]
30,132,[17027, 17648, 31980, 31985, 38982, 38997, 39648, 48667, 51225, 51813, 54608, 54609, 54674, 54767, 55020, 55076, 55127, 56744, 57018, 57019, 57781, 57791, 57792, 79795, 79816, 80157, 80265, 80794, 81214, 81272, 81281, 81355, 81374, 81385, 81397, 81456, 81472, 81516, 81529, 81538, 81592, 81628, 81680, 81723, 81773, 81860, 81865, 81901, 83386, 83403, 83430, 83445, 83464, 85095, 85176, 85273, 85368, 85417, 85434, 85455, 90528, 91845, 91899, 91934, 92340, 92346, 92374, 92587, 142407, 209829, 241721, 241958, 243977, 244096, 251700, 251748, 251775, 251795, 251901, 251960, 252170, 252358, 252383, 252504, 252936, 253345, 254526, 254536, 254552, 254565, 254745, 254767, 254787, 254970, 255004, 259972, 261898, 261901, 268142, 271927, 272774, 273190, 273313, 275260, 275913, 276139, 276311, 276322, 280442, 280962, 281593, 289526, 334583, 405185, 447907, 447930, 458699, 560319, 588150, 589707, 591214, 601811, 602335, 604728, 607759, 608756, 608959, 614970, 620289, 620389, 620463, 632031]
9,5,[329, 345, 365, 375, 2299]
10,132,[17121, 17742, 32078, 32083, 39080, 39095, 39746, 48765, 51323, 51911, 54707, 54708, 54773, 54866, 55119, 55175, 55226, 56843, 57117, 57118, 57880, 57890, 57891, 79902, 79923, 80264, 80372, 80901, 81321, 81379, 81388, 81462, 81481, 81492, 81504, 81563, 81579, 81623, 81636, 81645, 81699, 81735, 81787, 81830, 81880, 81967, 81972, 82008, 83493, 83510, 83537, 83552, 83571, 85202, 85283, 85380, 85475, 85524, 85541, 85562, 90635, 91952, 92006, 92041, 92447, 92453, 92481, 92694, 142519, 209971, 241874, 242111, 244130, 244249, 251853, 251901, 251928, 251948, 252054, 252113, 252323, 252511, 252536, 252657, 253089, 253498, 254679, 254689, 254705, 254718, 254898, 254920, 254940, 255123, 255157, 260128, 262054, 262057, 268298, 272083, 272930, 273346, 273469, 275416, 276069, 276295, 276467, 276478, 280597, 281117, 281748, 289682, 334742, 405351, 448077, 448100, 458869, 560497, 588335, 589892, 591399, 602008, 602532, 604930, 607966, 608968, 609171, 615204, 620541, 620641, 620715, 632306]
14,274,[858, 3874, 4725, 5674, 5725, 7854, 9364, 9652, 11383, 13536, 13551, 13580, 14557, 16044, 16232, 17176, 17182, 17185, 17218, 17955, 19097, 19900, 20659, 20666, 20681, 22041, 23069, 23852, 25210, 25960, 26670, 26678, 26728, 27387, 27826, 28628, 29542, 29544, 29576, 29583, 29597, 30337, 31195, 31208, 31255, 32121, 32680, 32963, 33069, 33117, 33633, 33950, 34115, 35395, 36239, 36265, 37290, 38605, 39459, 40574, 41346, 42228, 43871, 43905, 44873, 44880, 45703, 46082, 47085, 48122, 48541, 48827, 50498, 51541, 51794, 52782, 53630, 53928, 54479, 54717, 55718, 56480, 57984, 58966, 58980, 59006, 60362, 61036, 62643, 63373, 63704, 63962, 65052, 65063, 66098, 66140, 66625, 66645, 66977, 68782, 69440, 72610, 73832, 74693, 75628, 75635, 76505, 77338, 77669, 78510, 78579, 78791, 79828, 80674, 80703, 80707, 81575, 81886, 81933, 83390, 83393, 83434, 84572, 85657, 86685, 86695, 88107, 88114, 88128, 89259, 90201, 91006, 91439, 92267, 92323, 92507, 93249, 94300, 95282, 95290, 96989, 97956, 98737, 99496, 99506, 99541, 100983, 101795, 102689, 102720, 103618, 104025, 105056, 105690, 105923, 106682, 107482, 108734, 108753, 108812, 109516, 110286, 110329, 111082, 112511, 112884, 113906, 114723, 114760, 116477, 117315, 118719, 120194, 120937, 121688, 122313, 123334, 123340, 123344, 123363, 123373, 124376, 125284, 126840, 127027, 127997, 128826, 129778, 129966, 130183, 130905, 132554, 133276, 135569, 135580, 135612, 136880, 137688, 138852, 139935, 141112, 141158, 141661, 142860, 143932, 145334, 146016, 147045, 147830, 148009, 152173, 152214, 152409, 153329, 154205, 154969, 155679, 155705, 156167, 156477, 156523, 156992, 158033, 158078, 159262, 159269, 159276, 159281, 161306, 162510, 163639, 163675, 164584, 165483, 166650, 167481, 167625, 168632, 169736, 170729, 171791, 171796, 171865, 172678, 173154, 174562, 174572, 174592, 174599, 175578, 176660, 177170, 177176, 178263, 178538, 179381, 180821, 183018, 185155, 186062, 186181, 186755, 187071, 188035, 189037, 190922, 191675, 192873, 193834, 193864, 194599, 195371, 196407, 198105]
15,11,[5410, 24163, 24168, 24190, 24193, 24523, 33073, 33447, 71175, 124902, 135753]
16,2,[3974, 26639]
17,10,[22072, 56457, 56616, 56625, 56644, 56651, 56687, 56693, 73359, 99309]
18,24,[38463, 44602, 44694, 45458, 46553, 66604, 87048, 88896, 88914, 88918, 89356, 89502, 89543, 94597, 97046, 111732, 113870, 113989, 122710, 123554, 125115, 127921, 128202, 133216]
19,2,[11334, 11356]
20,5,[952, 16494, 18859, 26042, 43188]
21,5,[9132, 16462, 19436, 23186, 30905]
22,42,[12322, 75866, 75872, 76088, 76091, 77811, 85798, 89116, 90486, 90553, 93566, 93627, 93630, 93633, 100491, 100567, 100571, 107453, 107512, 107546, 107586, 107619, 110613, 110616, 110793, 110794, 110796, 114985, 116275, 117396, 119198, 120848, 124390, 142448, 148003, 160259, 160511, 160611, 160636, 160714, 161469, 161672]
23,3,[3130, 13776, 19648]
24,6,[15736, 35575, 36481, 37118, 37285, 39838]
25,297,[111, 211, 244, 258, 4256, 5130, 6021, 6072, 8120, 9623, 9896, 11538, 13555, 13570, 13596, 14549, 15242, 15910, 16077, 16956, 16962, 16965, 16995, 17653, 18701, 19443, 20311, 20318, 20333, 21584, 22544, 23250, 24511, 25196, 25850, 25858, 25899, 26514, 26970, 27722, 28579, 28581, 28610, 28617, 28631, 29369, 30151, 30164, 30218, 31022, 31550, 31826, 31925, 31978, 32454, 32747, 32753, 32899, 34065, 34893, 34920, 35925, 37196, 37936, 39030, 39763, 40592, 42087, 42118, 43073, 43080, 43894, 44231, 45260, 46261, 46639, 46935, 48507, 49452, 49688, 50621, 51783, 52305, 52539, 53440, 54108, 55628, 56634, 56648, 56675, 57975, 58586, 59182, 60220, 60892, 61196, 61466, 61481, 62352, 63127, 63178, 63643, 63917, 65589, 66272, 67668, 69183, 70287, 71113, 72031, 72038, 72946, 73725, 74066, 74970, 75036, 75226, 76229, 76994, 77035, 77039, 77887, 77910, 78208, 78254, 79654, 79657, 79695, 80867, 82065, 83013, 83025, 84450, 84457, 84471, 85572, 86482, 87229, 87616, 88421, 88474, 88636, 89297, 90385, 91281, 91290, 92891, 93848, 94677, 95381, 95391, 95420, 96885, 97650, 98559, 98593, 99523, 99884, 100831, 101391, 101601, 102318, 103078, 104235, 104254, 104315, 104940, 104949, 105852, 105894, 106594, 107855, 108204, 108395, 109181, 109895, 109932, 111538, 112311, 113699, 115122, 115859, 116654, 117195, 118207, 118213, 118217, 118234, 118243, 119164, 119179, 120011, 120620, 121533, 121704, 122582, 123365, 124284, 124442, 125281, 126837, 127590, 129843, 129854, 129882, 131027, 131058, 131070, 131865, 132929, 134115, 135252, 135295, 135731, 136950, 137984, 138702, 139297, 139955, 141007, 141022, 141804, 141978, 142937, 143530, 144696, 145847, 145888, 146064, 146867, 147683, 148396, 149082, 149106, 149536, 149827, 149873, 150301, 150519, 151323, 151362, 151368, 152432, 152439, 152446, 152451, 154540, 155757, 156832, 156858, 157750, 158643, 159701, 159876, 160587, 160719, 161708, 162804, 163759, 164974, 164979, 165034, 165829, 166238, 167558, 167568, 167591, 167597, 168489, 169537, 169984, 169990, 170952, 171207, 172002, 173420, 174708, 175566, 176241, 177587, 177842, 178458, 178571, 179367, 180278, 180609, 181248, 181700, 182311, 183630, 184749, 185696, 185722, 186437, 187161, 188225, 200447]
26,5,[1317, 17144, 19567, 26838, 44138]
27,8,[7415, 13203, 25900, 30527, 45683, 51734, 52388, 95595]
30,132,[17027, 17648, 31980, 31985, 38982, 38997, 39648, 48667, 51225, 51813, 54608, 54609, 54674, 54767, 55020, 55076, 55127, 56744, 57018, 57019, 57781, 57791, 57792, 79795, 79816, 80157, 80265, 80794, 81214, 81272, 81281, 81355, 81374, 81385, 81397, 81456, 81472, 81516, 81529, 81538, 81592, 81628, 81680, 81723, 81773, 81860, 81865, 81901, 83386, 83403, 83430, 83445, 83464, 85095, 85176, 85273, 85368, 85417, 85434, 85455, 90528, 91845, 91899, 91934, 92340, 92346, 92374, 92587, 142407, 209829, 241721, 241958, 243977, 244096, 251700, 251748, 251775, 251795, 251901, 251960, 252170, 252358, 252383, 252504, 252936, 253345, 254526, 254536, 254552, 254565, 254745, 254767, 254787, 254970, 255004, 259972, 261898, 261901, 268142, 271927, 272774, 273190, 273313, 275260, 275913, 276139, 276311, 276322, 280442, 280962, 281593, 289526, 334583, 405185, 447907, 447930, 458699, 560319, 588150, 589707, 591214, 601811, 602335, 604728, 607759, 608756, 608959, 614970, 620289, 620389, 620463, 632031]
