10,695,[637, 2418, 3423, 4843, 8587, 8864, 9845, 10754, 11271, 11292, 13050, 16331, 16355, 16524, 16588, 17977, 18020, 18069, 18477, 18556, 18919, 19121, 21318, 21429, 25373, 25530, 26850, 27344, 27348, 27858, 29531, 30653, 32014, 33893, 34418, 35774, 36687, 39881, 43688, 43958, 44495, 46337, 46891, 47366, 47936, 48295, 49091, 49203, 49251, 51812, 52681, 54544, 54917, 55027, 55887, 57298, 57805, 57965, 57995, 58001, 58018, 58041, 58059, 58078, 58270, 58313, 58335, 58368, 58431, 58467, 58532, 70528, 72005, 72057, 72103, 74765, 74803, 76325, 76505, 76621, 79005, 79257, 79396, 79407, 79422, 79759, 81191, 82353, 82388, 82743, 83399, 85243, 86483, 86494, 86539, 86548, 86562, 86612, 86673, 86818, 87432, 94126, 94171, 94692, 96272, 98649, 98708, 98797, 100227, 105140, 105422, 107662, 108597, 110188, 113136, 113279, 115149, 116514, 116915, 116929, 116948, 116955, 117944, 121677, 121816, 122169, 122230, 122674, 123515, 124020, 125141, 125506, 125618, 126663, 126967, 127406, 130313, 131903, 132892, 132991, 133007, 133207, 134786, 139218, 143936, 143957, 144325, 147929, 148746, 149160, 149241, 150756, 150960, 151390, 154579, 155720, 157022, 157051, 158450, 158634, 158841, 159145, 160375, 160387, 162633, 162654, 164472, 164501, 165320, 165722, 166104, 166830, 166924, 166938, 166948, 167563, 168530, 169024, 171019, 171060, 172192, 172317, 173668, 174272, 176514, 179930, 179938, 180889, 183974, 185640, 185977, 186438, 188007, 188458, 189337, 189554, 191369, 191374, 191395, 192065, 193783, 194161, 195449, 196019, 198500, 201004, 201100, 201223, 203268, 204033, 204193, 204790, 204921, 204929, 204940, 205052, 205402, 206193, 207644, 208386, 210628, 211760, 212549, 214054, 216630, 216635, 217776, 217783, 217851, 221503, 221638, 222303, 222451, 222477, 223755, 225082, 226511, 228132, 228254, 228484, 231593, 233012, 234354, 235021, 238226, 238518, 241871, 244328, 244387, 244493, 245305, 245589, 247833, 249754, 249787, 249943, 250091, 250714, 251029, 251438, 251536, 252015, 255029, 255047, 256683, 256704, 256828, 257214, 257293, 257350, 257542, 258224, 258296, 259704, 260451, 261705, 262307, 262324, 262552, 263046, 264049, 265343, 265406, 265592, 265926, 266084, 267613, 267764, 267910, 267969, 268179, 268336, 269164, 271771, 272089, 272988, 273309, 273395, 273619, 274529, 274887, 275387, 276060, 278472, 278588, 278655, 278793, 278818, 278848, 279233, 279299, 279319, 279422, 279897, 280395, 280585, 281269, 282472, 283706, 283934, 284347, 284393, 284475, 284628, 284663, 284692, 285301, 285382, 285394, 285835, 286233, 286683, 289374, 289709, 291664, 291896, 293318, 293495, 294971, 295511, 298572, 298847, 299358, 299402, 299936, 301511, 302254, 302914, 306189, 306338, 307383, 307886, 308041, 308619, 309251, 309553, 311246, 311300, 311465, 311545, 312204, 312756, 313105, 313529, 313744, 314578, 314802, 316237, 316953, 319633, 322053, 322632, 323261, 324197, 326092, 327029, 327134, 327334, 327513, 328285, 328310, 330604, 330797, 331529, 331732, 331977, 332325, 332334, 333823, 334072, 334663, 337014, 337860, 338504, 340888, 341794, 343204, 343347, 343359, 345338, 347772, 347832, 353122, 353178, 357757, 359168, 359651, 360360, 361020, 362341, 362362, 362378, 362652, 362936, 364599, 365948, 367040, 368257, 368300, 369020, 370480, 370827, 371626, 371662, 371965, 372600, 374002, 374164, 378244, 379543, 381260, 381552, 382018, 382734, 383772, 384033, 385583, 385890, 388405, 388423, 390639, 392545, 392901, 393019, 394769, 395953, 396066, 396437, 396587, 396658, 396926, 397365, 398366, 399121, 399547, 404868, 404915, 405817, 406713, 406851, 408020, 411566, 411573, 411766, 411787, 412570, 412802, 412951, 414368, 414698, 417180, 418220, 419299, 419347, 419791, 420173, 420191, 420210, 423715, 423772, 423974, 425201, 425212, 425561, 427289, 428515, 428727, 428787, 430797, 431530, 431658, 431664, 431678, 431688, 431796, 432179, 432573, 433394, 433410, 434202, 435668, 436551, 436783, 436939, 437466, 437489, 437938, 437963, 439137, 439154, 439593, 439718, 440575, 441886, 441989, 442294, 442331, 442845, 442914, 443932, 443944, 443958, 444375, 444602, 444625, 444627, 444710, 444732, 444778, 445124, 445186, 445253, 445804, 446142, 446164, 446384, 447002, 447070, 447258, 447431, 447636, 448349, 448501, 448525, 448854, 449550, 449901, 449975, 450291, 450401, 451669, 451900, 453188, 453838, 453886, 454705, 454910, 455042, 455309, 455365, 458699, 462482, 463760, 463924, 463959, 464004, 464039, 464049, 464089, 464148, 464227, 464258, 464300, 464410, 466385, 466667, 466723, 467035, 467727, 468672, 468925, 469110, 469874, 469927, 469999, 470467, 470510, 470620, 471688, 472053, 472066, 472858, 473550, 473890, 473934, 474993, 476386, 479942, 480260, 480615, 481015, 485826, 485991, 486524, 486729, 490452, 490459, 491150, 491369, 492048, 495922, 497887, 498060, 501809, 506883, 508890, 512485, 514325, 514665, 516066, 517843, 519840, 520887, 520893, 520908, 521706, 522139, 524046, 528060, 529906, 531230, 531404, 533804, 536167, 536754, 536831, 537171, 537680, 537957, 544491, 547067, 547491, 550012, 550103, 550935, 552866, 554754, 559069, 562927, 566438, 566519, 567612, 568034, 568162, 568303, 568707, 572920, 573179, 573935, 574911, 576018, 576259, 577054, 577935, 578993, 580472, 581040, 582941, 585877, 590642, 593174, 593679, 595870, 596513, 596772, 596928, 604359, 606227, 608507, 610808, 616966, 618341, 619708, 620246, 622476, 622493, 622503, 623386, 624371, 631004, 632691, 633009, 633069, 635407, 639907]
11,14,[1756, 6097, 6364, 6599, 7726, 8312, 9208, 9836, 10486, 16211, 16341, 19604, 19927, 20157]
12,16,[1275, 1976, 2282, 3102, 3955, 12049, 15634, 16914, 17484, 19034, 19129, 19583, 20449, 20627, 21795, 22231]
13,1,[1741]
14,15,[2493, 2573, 4747, 27846, 47107, 65085, 79850, 101384, 117803, 142882, 147067, 150098, 161023, 164461, 192896]
15,76,[1599, 3076, 3756, 4788, 4837, 6508, 7295, 7890, 12064, 12317, 23310, 33526, 35215, 36942, 37762, 38298, 38583, 39787, 40060, 42207, 42468, 44737, 45398, 47832, 48324, 48630, 52983, 57219, 60870, 61638, 61661, 64118, 64520, 65030, 67719, 69543, 70483, 71960, 73050, 81429, 87944, 88583, 89226, 90901, 90905, 93236, 95513, 96426, 96960, 102516, 104662, 111425, 111962, 119526, 121759, 122038, 123102, 128564, 131643, 135440, 135462, 136946, 137884, 138117, 139897, 141784, 142016, 146621, 150219, 154864, 155610, 158888, 164338, 164691, 164782, 166437]
16,7,[6012, 10079, 18482, 21092, 26597, 28109, 28706]
17,74,[5036, 7443, 17494, 17523, 19365, 19759, 26200, 26555, 26912, 28805, 31644, 32993, 34085, 35304, 35347, 36085, 37570, 39227, 41657, 43102, 46511, 50529, 63370, 64425, 65977, 70074, 71208, 74609, 81842, 83421, 83467, 83559, 83642, 83647, 83679, 83716, 83735, 84390, 85524, 87645, 89232, 89313, 93165, 98935, 99291, 110547, 110910, 114786, 114908, 122217, 137917, 146977, 149519, 153540, 156067, 157592, 160027, 162246, 162321, 163464, 163473, 163549, 167093, 171151, 172718, 177441, 180904, 181736, 184786, 186741, 196824, 203438, 203713, 205163]
18,21,[720, 1232, 7201, 9225, 13742, 16746, 17733, 41004, 51608, 65804, 66500, 66518, 66972, 67167, 78821, 100199, 109230, 122840, 135909, 140673, 149057]
19,7,[9818, 9995, 10163, 12310, 23371, 23530, 27082]
20,37,[263, 471, 4372, 10053, 12899, 14884, 15189, 16532, 20074, 20419, 23086, 25930, 26672, 28920, 30332, 31620, 33094, 36293, 36470, 36534, 36824, 37856, 38614, 38890, 39631, 40247, 40618, 48069, 50524, 52687, 53736, 58261, 58849, 61552, 61621, 62115, 63651]
21,24,[5458, 5917, 5998, 6176, 9012, 9382, 9689, 10597, 13816, 14410, 14976, 15148, 17885, 18962, 19368, 20794, 22504, 27436, 27668, 29431, 29918, 31992, 32607, 33468]
22,288,[1497, 3352, 3354, 4294, 4331, 6650, 6701, 6835, 6856, 7173, 8173, 8836, 8840, 8869, 9075, 9426, 9433, 9473, 9474, 9477, 9479, 9495, 9499, 9501, 9830, 10300, 10568, 10676, 19959, 19970, 20619, 20620, 20622, 20890, 21771, 21779, 22284, 22994, 23732, 24253, 24311, 25043, 25177, 29210, 29752, 29964, 29966, 32258, 32323, 32426, 32984, 34000, 34114, 34355, 35140, 35655, 35813, 37364, 37876, 38077, 39130, 39132, 39141, 39229, 39803, 39805, 39835, 39879, 40029, 41849, 41940, 41964, 43633, 43635, 44429, 45161, 45165, 45653, 50484, 50486, 51816, 53095, 54004, 54766, 55424, 56980, 58861, 58865, 60150, 60437, 60632, 61418, 61778, 62234, 62431, 62999, 63416, 64488, 64881, 65473, 65563, 65565, 65718, 65890, 69556, 72375, 73629, 73640, 73881, 74314, 74422, 74503, 74505, 75302, 75442, 75625, 76198, 76508, 76762, 78471, 80053, 80070, 81470, 81524, 81527, 81529, 81531, 81976, 84284, 86264, 86270, 86306, 86336, 86340, 86420, 87469, 87565, 87724, 87738, 88175, 88578, 88738, 88740, 89364, 89414, 89708, 89900, 90096, 90869, 91840, 91843, 93006, 93009, 96514, 96793, 97282, 97310, 97312, 97314, 97316, 98520, 99687, 99802, 99859, 100400, 100403, 100405, 100409, 100415, 100508, 100510, 100657, 102828, 105590, 106119, 106125, 106459, 106486, 107386, 107387, 107389, 107404, 107671, 107683, 107685, 107688, 107705, 108255, 108640, 108642, 108646, 108912, 108914, 109053, 109116, 109221, 109224, 110162, 110346, 110756, 111079, 112350, 112400, 113114, 114067, 114618, 115949, 115953, 115959, 116155, 116158, 117245, 117588, 117590, 117592, 118293, 118378, 119276, 119292, 120005, 120400, 120429, 121667, 122946, 126083, 126288, 127383, 127959, 128203, 128232, 129122, 129126, 130600, 131005, 131008, 131012, 131016, 131020, 131505, 133685, 134006, 134282, 134689, 134700, 136048, 136056, 136097, 139035, 139054, 139057, 139061, 139207, 139258, 139263, 139442, 142035, 142218, 142313, 142830, 142947, 143988, 145974, 146076, 146318, 146322, 146337, 146833, 146879, 147443, 150746, 150748, 150799, 151112, 151131, 151329, 151336, 151549, 151552, 151919, 152033, 152156, 152290, 152955, 154283, 154285, 155500, 156998, 157730]
23,15,[1402, 4271, 7640, 8782, 9293, 10765, 11303, 12410, 12432, 15676, 23657, 25165, 25312, 27762, 29087]
24,25,[194, 1472, 5530, 5653, 6582, 9188, 9691, 10118, 11565, 13659, 14524, 15012, 17931, 19500, 20978, 21411, 22025, 27855, 29247, 30650, 32838, 33125, 39235, 40001, 42514]
25,17,[2847, 2927, 5149, 45279, 61552, 61604, 76248, 112741, 136969, 141042, 143906, 153166, 153215, 153586, 154241, 164149, 184769]
26,38,[627, 835, 4878, 10485, 10605, 13486, 15510, 15822, 17182, 20799, 21146, 23857, 26728, 27474, 29756, 31181, 32491, 33972, 37198, 37377, 37441, 37736, 38773, 39558, 39833, 40571, 41188, 41556, 49082, 51574, 53785, 54868, 59450, 60049, 62856, 62924, 63418, 65031]
27,30,[8872, 11371, 12685, 39098, 41914, 43685, 44948, 50403, 55367, 56317, 57034, 58406, 65703, 69107, 73033, 74300, 74849, 80259, 84030, 84148, 84535, 85684, 89174, 91975, 96218, 98773, 99609, 105188, 106734, 109318]
28,5,[3112, 4114, 5594, 7819, 8785]
30,695,[544, 2325, 3329, 4749, 8493, 8770, 9751, 10660, 11177, 11198, 12956, 16237, 16261, 16430, 16494, 17883, 17926, 17975, 18383, 18462, 18825, 19027, 21224, 21335, 25279, 25436, 26756, 27250, 27254, 27764, 29437, 30559, 31916, 33795, 34320, 35676, 36589, 39783, 43590, 43860, 44397, 46239, 46793, 47268, 47838, 48197, 48993, 49105, 49153, 51714, 52583, 54445, 54818, 54928, 55788, 57199, 57706, 57866, 57896, 57902, 57919, 57942, 57960, 57979, 58171, 58214, 58236, 58269, 58332, 58368, 58433, 70425, 71902, 71954, 72000, 74662, 74700, 76222, 76402, 76518, 78898, 79150, 79289, 79300, 79315, 79652, 81084, 82246, 82281, 82636, 83292, 85136, 86376, 86387, 86432, 86441, 86455, 86505, 86566, 86711, 87325, 94019, 94064, 94585, 96165, 98542, 98601, 98690, 100120, 105029, 105311, 107551, 108486, 110077, 113025, 113168, 115038, 116403, 116804, 116818, 116837, 116844, 117833, 121566, 121705, 122058, 122119, 122563, 123404, 123909, 125030, 125395, 125507, 126552, 126856, 127295, 130201, 131791, 132780, 132879, 132895, 133095, 134674, 139106, 143824, 143845, 144212, 147816, 148633, 149047, 149128, 150643, 150847, 151277, 154466, 155607, 156909, 156938, 158337, 158521, 158728, 159032, 160261, 160273, 162510, 162531, 164349, 164378, 165197, 165599, 165981, 166707, 166801, 166815, 166825, 167440, 168407, 168901, 170896, 170937, 172069, 172194, 173545, 174149, 176391, 179807, 179815, 180766, 183842, 185508, 185845, 186306, 187875, 188326, 189205, 189422, 191237, 191242, 191263, 191933, 193651, 194029, 195317, 195887, 198368, 200862, 200958, 201081, 203126, 203891, 204051, 204648, 204779, 204787, 204798, 204910, 205260, 206051, 207502, 208244, 210486, 211618, 212407, 213912, 216489, 216494, 217636, 217643, 217711, 221353, 221488, 222153, 222301, 222327, 223605, 224932, 226361, 227982, 228104, 228334, 231443, 232862, 234204, 234871, 238076, 238368, 241718, 244175, 244234, 244340, 245152, 245436, 247680, 249601, 249634, 249790, 249938, 250561, 250876, 251285, 251383, 251862, 254876, 254894, 256527, 256548, 256672, 257058, 257137, 257194, 257386, 258068, 258140, 259548, 260295, 261549, 262151, 262168, 262396, 262890, 263893, 265187, 265250, 265436, 265770, 265928, 267457, 267608, 267754, 267813, 268023, 268180, 269008, 271615, 271933, 272832, 273153, 273239, 273463, 274373, 274731, 275231, 275904, 278317, 278433, 278500, 278638, 278663, 278693, 279078, 279144, 279164, 279267, 279742, 280240, 280430, 281114, 282317, 283550, 283778, 284191, 284237, 284319, 284472, 284507, 284536, 285145, 285226, 285238, 285679, 286077, 286527, 289218, 289553, 291508, 291740, 293161, 293338, 294814, 295354, 298414, 298689, 299200, 299244, 299778, 301353, 302096, 302756, 306031, 306180, 307225, 307728, 307883, 308461, 309093, 309395, 311087, 311141, 311306, 311386, 312045, 312597, 312946, 313370, 313585, 314419, 314643, 316078, 316794, 319474, 321894, 322473, 323102, 324038, 325933, 326870, 326975, 327175, 327354, 328126, 328151, 330445, 330638, 331370, 331573, 331818, 332166, 332175, 333664, 333913, 334504, 336855, 337701, 338345, 340729, 341635, 343045, 343188, 343200, 345179, 347613, 347673, 352963, 353019, 357597, 359008, 359491, 360200, 360860, 362181, 362202, 362218, 362492, 362776, 364436, 365785, 366877, 368094, 368137, 368857, 370317, 370664, 371463, 371499, 371802, 372437, 373839, 374001, 378081, 379380, 381097, 381389, 381855, 382571, 383609, 383870, 385420, 385727, 388242, 388260, 390476, 392382, 392735, 392853, 394603, 395787, 395900, 396271, 396421, 396492, 396760, 397199, 398200, 398955, 399381, 404702, 404749, 405651, 406547, 406685, 407854, 411400, 411407, 411600, 411621, 412404, 412636, 412785, 414202, 414532, 417014, 418054, 419133, 419181, 419625, 420007, 420025, 420044, 423549, 423606, 423808, 425035, 425046, 425395, 427123, 428348, 428560, 428620, 430627, 431360, 431488, 431494, 431508, 431518, 431626, 432009, 432403, 433224, 433240, 434032, 435498, 436381, 436613, 436769, 437296, 437319, 437768, 437793, 438967, 438984, 439423, 439548, 440405, 441716, 441819, 442124, 442161, 442675, 442744, 443762, 443774, 443788, 444205, 444432, 444455, 444457, 444540, 444562, 444608, 444954, 445016, 445083, 445634, 445972, 445994, 446214, 446832, 446900, 447088, 447261, 447466, 448179, 448331, 448355, 448684, 449380, 449731, 449805, 450121, 450231, 451499, 451730, 453018, 453668, 453716, 454535, 454740, 454872, 455139, 455195, 458529, 462311, 463589, 463753, 463788, 463833, 463868, 463878, 463918, 463977, 464056, 464087, 464129, 464239, 466214, 466496, 466552, 466864, 467556, 468501, 468754, 468939, 469703, 469756, 469828, 470296, 470339, 470449, 471517, 471883, 471896, 472688, 473380, 473720, 473764, 474823, 476217, 479774, 480092, 480447, 480848, 485662, 485827, 486361, 486566, 490292, 490299, 490990, 491209, 491888, 495763, 497718, 497891, 501640, 506714, 508721, 512316, 514156, 514496, 515894, 517671, 519668, 520715, 520721, 520736, 521534, 521967, 523874, 527885, 529731, 531055, 531229, 533629, 535992, 536579, 536656, 536996, 537505, 537782, 544316, 546892, 547316, 549834, 549925, 550757, 552688, 554576, 558891, 562749, 566258, 566339, 567432, 567854, 567982, 568123, 568527, 572740, 572999, 573755, 574731, 575838, 576079, 576874, 577755, 578813, 580292, 580860, 582761, 585692, 590457, 592983, 593488, 595679, 596322, 596581, 596737, 604157, 606020, 608295, 610591, 616723, 618089, 619456, 619994, 622224, 622241, 622251, 623134, 624117, 630733, 632416, 632734, 632794, 635132, 639632]
10,695,[637, 2418, 3423, 4843, 8587, 8864, 9845, 10754, 11271, 11292, 13050, 16331, 16355, 16524, 16588, 17977, 18020, 18069, 18477, 18556, 18919, 19121, 21318, 21429, 25373, 25530, 26850, 27344, 27348, 27858, 29531, 30653, 32014, 33893, 34418, 35774, 36687, 39881, 43688, 43958, 44495, 46337, 46891, 47366, 47936, 48295, 49091, 49203, 49251, 51812, 52681, 54544, 54917, 55027, 55887, 57298, 57805, 57965, 57995, 58001, 58018, 58041, 58059, 58078, 58270, 58313, 58335, 58368, 58431, 58467, 58532, 70528, 72005, 72057, 72103, 74765, 74803, 76325, 76505, 76621, 79005, 79257, 79396, 79407, 79422, 79759, 81191, 82353, 82388, 82743, 83399, 85243, 86483, 86494, 86539, 86548, 86562, 86612, 86673, 86818, 87432, 94126, 94171, 94692, 96272, 98649, 98708, 98797, 100227, 105140, 105422, 107662, 108597, 110188, 113136, 113279, 115149, 116514, 116915, 116929, 116948, 116955, 117944, 121677, 121816, 122169, 122230, 122674, 123515, 124020, 125141, 125506, 125618, 126663, 126967, 127406, 130313, 131903, 132892, 132991, 133007, 133207, 134786, 139218, 143936, 143957, 144325, 147929, 148746, 149160, 149241, 150756, 150960, 151390, 154579, 155720, 157022, 157051, 158450, 158634, 158841, 159145, 160375, 160387, 162633, 162654, 164472, 164501, 165320, 165722, 166104, 166830, 166924, 166938, 166948, 167563, 168530, 169024, 171019, 171060, 172192, 172317, 173668, 174272, 176514, 179930, 179938, 180889, 183974, 185640, 185977, 186438, 188007, 188458, 189337, 189554, 191369, 191374, 191395, 192065, 193783, 194161, 195449, 196019, 198500, 201004, 201100, 201223, 203268, 204033, 204193, 204790, 204921, 204929, 204940, 205052, 205402, 206193, 207644, 208386, 210628, 211760, 212549, 214054, 216630, 216635, 217776, 217783, 217851, 221503, 221638, 222303, 222451, 222477, 223755, 225082, 226511, 228132, 228254, 228484, 231593, 233012, 234354, 235021, 238226, 238518, 241871, 244328, 244387, 244493, 245305, 245589, 247833, 249754, 249787, 249943, 250091, 250714, 251029, 251438, 251536, 252015, 255029, 255047, 256683, 256704, 256828, 257214, 257293, 257350, 257542, 258224, 258296, 259704, 260451, 261705, 262307, 262324, 262552, 263046, 264049, 265343, 265406, 265592, 265926, 266084, 267613, 267764, 267910, 267969, 268179, 268336, 269164, 271771, 272089, 272988, 273309, 273395, 273619, 274529, 274887, 275387, 276060, 278472, 278588, 278655, 278793, 278818, 278848, 279233, 279299, 279319, 279422, 279897, 280395, 280585, 281269, 282472, 283706, 283934, 284347, 284393, 284475, 284628, 284663, 284692, 285301, 285382, 285394, 285835, 286233, 286683, 289374, 289709, 291664, 291896, 293318, 293495, 294971, 295511, 298572, 298847, 299358, 299402, 299936, 301511, 302254, 302914, 306189, 306338, 307383, 307886, 308041, 308619, 309251, 309553, 311246, 311300, 311465, 311545, 312204, 312756, 313105, 313529, 313744, 314578, 314802, 316237, 316953, 319633, 322053, 322632, 323261, 324197, 326092, 327029, 327134, 327334, 327513, 328285, 328310, 330604, 330797, 331529, 331732, 331977, 332325, 332334, 333823, 334072, 334663, 337014, 337860, 338504, 340888, 341794, 343204, 343347, 343359, 345338, 347772, 347832, 353122, 353178, 357757, 359168, 359651, 360360, 361020, 362341, 362362, 362378, 362652, 362936, 364599, 365948, 367040, 368257, 368300, 369020, 370480, 370827, 371626, 371662, 371965, 372600, 374002, 374164, 378244, 379543, 381260, 381552, 382018, 382734, 383772, 384033, 385583, 385890, 388405, 388423, 390639, 392545, 392901, 393019, 394769, 395953, 396066, 396437, 396587, 396658, 396926, 397365, 398366, 399121, 399547, 404868, 404915, 405817, 406713, 406851, 408020, 411566, 411573, 411766, 411787, 412570, 412802, 412951, 414368, 414698, 417180, 418220, 419299, 419347, 419791, 420173, 420191, 420210, 423715, 423772, 423974, 425201, 425212, 425561, 427289, 428515, 428727, 428787, 430797, 431530, 431658, 431664, 431678, 431688, 431796, 432179, 432573, 433394, 433410, 434202, 435668, 436551, 436783, 436939, 437466, 437489, 437938, 437963, 439137, 439154, 439593, 439718, 440575, 441886, 441989, 442294, 442331, 442845, 442914, 443932, 443944, 443958, 444375, 444602, 444625, 444627, 444710, 444732, 444778, 445124, 445186, 445253, 445804, 446142, 446164, 446384, 447002, 447070, 447258, 447431, 447636, 448349, 448501, 448525, 448854, 449550, 449901, 449975, 450291, 450401, 451669, 451900, 453188, 453838, 453886, 454705, 454910, 455042, 455309, 455365, 458699, 462482, 463760, 463924, 463959, 464004, 464039, 464049, 464089, 464148, 464227, 464258, 464300, 464410, 466385, 466667, 466723, 467035, 467727, 468672, 468925, 469110, 469874, 469927, 469999, 470467, 470510, 470620, 471688, 472053, 472066, 472858, 473550, 473890, 473934, 474993, 476386, 479942, 480260, 480615, 481015, 485826, 485991, 486524, 486729, 490452, 490459, 491150, 491369, 492048, 495922, 497887, 498060, 501809, 506883, 508890, 512485, 514325, 514665, 516066, 517843, 519840, 520887, 520893, 520908, 521706, 522139, 524046, 528060, 529906, 531230, 531404, 533804, 536167, 536754, 536831, 537171, 537680, 537957, 544491, 547067, 547491, 550012, 550103, 550935, 552866, 554754, 559069, 562927, 566438, 566519, 567612, 568034, 568162, 568303, 568707, 572920, 573179, 573935, 574911, 576018, 576259, 577054, 577935, 578993, 580472, 581040, 582941, 585877, 590642, 593174, 593679, 595870, 596513, 596772, 596928, 604359, 606227, 608507, 610808, 616966, 618341, 619708, 620246, 622476, 622493, 622503, 623386, 624371, 631004, 632691, 633009, 633069, 635407, 639907]
11,14,[1756, 6097, 6364, 6599, 7726, 8312, 9208, 9836, 10486, 16211, 16341, 19604, 19927, 20157]
12,16,[1275, 1976, 2282, 3102, 3955, 12049, 15634, 16914, 17484, 19034, 19129, 19583, 20449, 20627, 21795, 22231]
13,1,[1741]
14,15,[2493, 2573, 4747, 27846, 47107, 65085, 79850, 101384, 117803, 142882, 147067, 150098, 161023, 164461, 192896]
15,76,[1599, 3076, 3756, 4788, 4837, 6508, 7295, 7890, 12064, 12317, 23310, 33526, 35215, 36942, 37762, 38298, 38583, 39787, 40060, 42207, 42468, 44737, 45398, 47832, 48324, 48630, 52983, 57219, 60870, 61638, 61661, 64118, 64520, 65030, 67719, 69543, 70483, 71960, 73050, 81429, 87944, 88583, 89226, 90901, 90905, 93236, 95513, 96426, 96960, 102516, 104662, 111425, 111962, 119526, 121759, 122038, 123102, 128564, 131643, 135440, 135462, 136946, 137884, 138117, 139897, 141784, 142016, 146621, 150219, 154864, 155610, 158888, 164338, 164691, 164782, 166437]
16,7,[6012, 10079, 18482, 21092, 26597, 28109, 28706]
17,74,[5036, 7443, 17494, 17523, 19365, 19759, 26200, 26555, 26912, 28805, 31644, 32993, 34085, 35304, 35347, 36085, 37570, 39227, 41657, 43102, 46511, 50529, 63370, 64425, 65977, 70074, 71208, 74609, 81842, 83421, 83467, 83559, 83642, 83647, 83679, 83716, 83735, 84390, 85524, 87645, 89232, 89313, 93165, 98935, 99291, 110547, 110910, 114786, 114908, 122217, 137917, 146977, 149519, 153540, 156067, 157592, 160027, 162246, 162321, 163464, 163473, 163549, 167093, 171151, 172718, 177441, 180904, 181736, 184786, 186741, 196824, 203438, 203713, 205163]
18,21,[720, 1232, 7201, 9225, 13742, 16746, 17733, 41004, 51608, 65804, 66500, 66518, 66972, 67167, 78821, 100199, 109230, 122840, 135909, 140673, 149057]
19,7,[9818, 9995, 10163, 12310, 23371, 23530, 27082]
20,37,[263, 471, 4372, 10053, 12899, 14884, 15189, 16532, 20074, 20419, 23086, 25930, 26672, 28920, 30332, 31620, 33094, 36293, 36470, 36534, 36824, 37856, 38614, 38890, 39631, 40247, 40618, 48069, 50524, 52687, 53736, 58261, 58849, 61552, 61621, 62115, 63651]
21,24,[5458, 5917, 5998, 6176, 9012, 9382, 9689, 10597, 13816, 14410, 14976, 15148, 17885, 18962, 19368, 20794, 22504, 27436, 27668, 29431, 29918, 31992, 32607, 33468]
22,288,[1497, 3352, 3354, 4294, 4331, 6650, 6701, 6835, 6856, 7173, 8173, 8836, 8840, 8869, 9075, 9426, 9433, 9473, 9474, 9477, 9479, 9495, 9499, 9501, 9830, 10300, 10568, 10676, 19959, 19970, 20619, 20620, 20622, 20890, 21771, 21779, 22284, 22994, 23732, 24253, 24311, 25043, 25177, 29210, 29752, 29964, 29966, 32258, 32323, 32426, 32984, 34000, 34114, 34355, 35140, 35655, 35813, 37364, 37876, 38077, 39130, 39132, 39141, 39229, 39803, 39805, 39835, 39879, 40029, 41849, 41940, 41964, 43633, 43635, 44429, 45161, 45165, 45653, 50484, 50486, 51816, 53095, 54004, 54766, 55424, 56980, 58861, 58865, 60150, 60437, 60632, 61418, 61778, 62234, 62431, 62999, 63416, 64488, 64881, 65473, 65563, 65565, 65718, 65890, 69556, 72375, 73629, 73640, 73881, 74314, 74422, 74503, 74505, 75302, 75442, 75625, 76198, 76508, 76762, 78471, 80053, 80070, 81470, 81524, 81527, 81529, 81531, 81976, 84284, 86264, 86270, 86306, 86336, 86340, 86420, 87469, 87565, 87724, 87738, 88175, 88578, 88738, 88740, 89364, 89414, 89708, 89900, 90096, 90869, 91840, 91843, 93006, 93009, 96514, 96793, 97282, 97310, 97312, 97314, 97316, 98520, 99687, 99802, 99859, 100400, 100403, 100405, 100409, 100415, 100508, 100510, 100657, 102828, 105590, 106119, 106125, 106459, 106486, 107386, 107387, 107389, 107404, 107671, 107683, 107685, 107688, 107705, 108255, 108640, 108642, 108646, 108912, 108914, 109053, 109116, 109221, 109224, 110162, 110346, 110756, 111079, 112350, 112400, 113114, 114067, 114618, 115949, 115953, 115959, 116155, 116158, 117245, 117588, 117590, 117592, 118293, 118378, 119276, 119292, 120005, 120400, 120429, 121667, 122946, 126083, 126288, 127383, 127959, 128203, 128232, 129122, 129126, 130600, 131005, 131008, 131012, 131016, 131020, 131505, 133685, 134006, 134282, 134689, 134700, 136048, 136056, 136097, 139035, 139054, 139057, 139061, 139207, 139258, 139263, 139442, 142035, 142218, 142313, 142830, 142947, 143988, 145974, 146076, 146318, 146322, 146337, 146833, 146879, 147443, 150746, 150748, 150799, 151112, 151131, 151329, 151336, 151549, 151552, 151919, 152033, 152156, 152290, 152955, 154283, 154285, 155500, 156998, 157730]
23,15,[1402, 4271, 7640, 8782, 9293, 10765, 11303, 12410, 12432, 15676, 23657, 25165, 25312, 27762, 29087]
24,25,[194, 1472, 5530, 5653, 6582, 9188, 9691, 10118, 11565, 13659, 14524, 15012, 17931, 19500, 20978, 21411, 22025, 27855, 29247, 30650, 32838, 33125, 39235, 40001, 42514]
25,17,[2847, 2927, 5149, 45279, 61552, 61604, 76248, 112741, 136969, 141042, 143906, 153166, 153215, 153586, 154241, 164149, 184769]
26,38,[627, 835, 4878, 10485, 10605, 13486, 15510, 15822, 17182, 20799, 21146, 23857, 26728, 27474, 29756, 31181, 32491, 33972, 37198, 37377, 37441, 37736, 38773, 39558, 39833, 40571, 41188, 41556, 49082, 51574, 53785, 54868, 59450, 60049, 62856, 62924, 63418, 65031]
27,30,[8872, 11371, 12685, 39098, 41914, 43685, 44948, 50403, 55367, 56317, 57034, 58406, 65703, 69107, 73033, 74300, 74849, 80259, 84030, 84148, 84535, 85684, 89174, 91975, 96218, 98773, 99609, 105188, 106734, 109318]
28,5,[3112, 4114, 5594, 7819, 8785]
30,695,[544, 2325, 3329, 4749, 8493, 8770, 9751, 10660, 11177, 11198, 12956, 16237, 16261, 16430, 16494, 17883, 17926, 17975, 18383, 18462, 18825, 19027, 21224, 21335, 25279, 25436, 26756, 27250, 27254, 27764, 29437, 30559, 31916, 33795, 34320, 35676, 36589, 39783, 43590, 43860, 44397, 46239, 46793, 47268, 47838, 48197, 48993, 49105, 49153, 51714, 52583, 54445, 54818, 54928, 55788, 57199, 57706, 57866, 57896, 57902, 57919, 57942, 57960, 57979, 58171, 58214, 58236, 58269, 58332, 58368, 58433, 70425, 71902, 71954, 72000, 74662, 74700, 76222, 76402, 76518, 78898, 79150, 79289, 79300, 79315, 79652, 81084, 82246, 82281, 82636, 83292, 85136, 86376, 86387, 86432, 86441, 86455, 86505, 86566, 86711, 87325, 94019, 94064, 94585, 96165, 98542, 98601, 98690, 100120, 105029, 105311, 107551, 108486, 110077, 113025, 113168, 115038, 116403, 116804, 116818, 116837, 116844, 117833, 121566, 121705, 122058, 122119, 122563, 123404, 123909, 125030, 125395, 125507, 126552, 126856, 127295, 130201, 131791, 132780, 132879, 132895, 133095, 134674, 139106, 143824, 143845, 144212, 147816, 148633, 149047, 149128, 150643, 150847, 151277, 154466, 155607, 156909, 156938, 158337, 158521, 158728, 159032, 160261, 160273, 162510, 162531, 164349, 164378, 165197, 165599, 165981, 166707, 166801, 166815, 166825, 167440, 168407, 168901, 170896, 170937, 172069, 172194, 173545, 174149, 176391, 179807, 179815, 180766, 183842, 185508, 185845, 186306, 187875, 188326, 189205, 189422, 191237, 191242, 191263, 191933, 193651, 194029, 195317, 195887, 198368, 200862, 200958, 201081, 203126, 203891, 204051, 204648, 204779, 204787, 204798, 204910, 205260, 206051, 207502, 208244, 210486, 211618, 212407, 213912, 216489, 216494, 217636, 217643, 217711, 221353, 221488, 222153, 222301, 222327, 223605, 224932, 226361, 227982, 228104, 228334, 231443, 232862, 234204, 234871, 238076, 238368, 241718, 244175, 244234, 244340, 245152, 245436, 247680, 249601, 249634, 249790, 249938, 250561, 250876, 251285, 251383, 251862, 254876, 254894, 256527, 256548, 256672, 257058, 257137, 257194, 257386, 258068, 258140, 259548, 260295, 261549, 262151, 262168, 262396, 262890, 263893, 265187, 265250, 265436, 265770, 265928, 267457, 267608, 267754, 267813, 268023, 268180, 269008, 271615, 271933, 272832, 273153, 273239, 273463, 274373, 274731, 275231, 275904, 278317, 278433, 278500, 278638, 278663, 278693, 279078, 279144, 279164, 279267, 279742, 280240, 280430, 281114, 282317, 283550, 283778, 284191, 284237, 284319, 284472, 284507, 284536, 285145, 285226, 285238, 285679, 286077, 286527, 289218, 289553, 291508, 291740, 293161, 293338, 294814, 295354, 298414, 298689, 299200, 299244, 299778, 301353, 302096, 302756, 306031, 306180, 307225, 307728, 307883, 308461, 309093, 309395, 311087, 311141, 311306, 311386, 312045, 312597, 312946, 313370, 313585, 314419, 314643, 316078, 316794, 319474, 321894, 322473, 323102, 324038, 325933, 326870, 326975, 327175, 327354, 328126, 328151, 330445, 330638, 331370, 331573, 331818, 332166, 332175, 333664, 333913, 334504, 336855, 337701, 338345, 340729, 341635, 343045, 343188, 343200, 345179, 347613, 347673, 352963, 353019, 357597, 359008, 359491, 360200, 360860, 362181, 362202, 362218, 362492, 362776, 364436, 365785, 366877, 368094, 368137, 368857, 370317, 370664, 371463, 371499, 371802, 372437, 373839, 374001, 378081, 379380, 381097, 381389, 381855, 382571, 383609, 383870, 385420, 385727, 388242, 388260, 390476, 392382, 392735, 392853, 394603, 395787, 395900, 396271, 396421, 396492, 396760, 397199, 398200, 398955, 399381, 404702, 404749, 405651, 406547, 406685, 407854, 411400, 411407, 411600, 411621, 412404, 412636, 412785, 414202, 414532, 417014, 418054, 419133, 419181, 419625, 420007, 420025, 420044, 423549, 423606, 423808, 425035, 425046, 425395, 427123, 428348, 428560, 428620, 430627, 431360, 431488, 431494, 431508, 431518, 431626, 432009, 432403, 433224, 433240, 434032, 435498, 436381, 436613, 436769, 437296, 437319, 437768, 437793, 438967, 438984, 439423, 439548, 440405, 441716, 441819, 442124, 442161, 442675, 442744, 443762, 443774, 443788, 444205, 444432, 444455, 444457, 444540, 444562, 444608, 444954, 445016, 445083, 445634, 445972, 445994, 446214, 446832, 446900, 447088, 447261, 447466, 448179, 448331, 448355, 448684, 449380, 449731, 449805, 450121, 450231, 451499, 451730, 453018, 453668, 453716, 454535, 454740, 454872, 455139, 455195, 458529, 462311, 463589, 463753, 463788, 463833, 463868, 463878, 463918, 463977, 464056, 464087, 464129, 464239, 466214, 466496, 466552, 466864, 467556, 468501, 468754, 468939, 469703, 469756, 469828, 470296, 470339, 470449, 471517, 471883, 471896, 472688, 473380, 473720, 473764, 474823, 476217, 479774, 480092, 480447, 480848, 485662, 485827, 486361, 486566, 490292, 490299, 490990, 491209, 491888, 495763, 497718, 497891, 501640, 506714, 508721, 512316, 514156, 514496, 515894, 517671, 519668, 520715, 520721, 520736, 521534, 521967, 523874, 527885, 529731, 531055, 531229, 533629, 535992, 536579, 536656, 536996, 537505, 537782, 544316, 546892, 547316, 549834, 549925, 550757, 552688, 554576, 558891, 562749, 566258, 566339, 567432, 567854, 567982, 568123, 568527, 572740, 572999, 573755, 574731, 575838, 576079, 576874, 577755, 578813, 580292, 580860, 582761, 585692, 590457, 592983, 593488, 595679, 596322, 596581, 596737, 604157, 606020, 608295, 610591, 616723, 618089, 619456, 619994, 622224, 622241, 622251, 623134, 624117, 630733, 632416, 632734, 632794, 635132, 639632]
