10,3,[457920, 515173, 531803]
11,1,[20710]
12,1,[18820]
15,13,[2355, 21786, 63199, 64349, 68741, 80674, 80800, 83842, 93414, 96494, 104675, 140306, 171914]
16,2,[11293, 16373]
17,2,[86733, 164361]
19,1,[6887]
20,2,[4551, 19628]
23,3,[8453, 9826, 26148]
24,4,[1675, 4223, 30453, 31094]
26,2,[5067, 20337]
27,10,[14484, 48011, 52710, 76458, 80095, 87746, 89113, 89771, 99136, 103658]
30,3,[457750, 515004, 531628]
10,3,[457920, 515173, 531803]
11,1,[20710]
12,1,[18820]
15,13,[2355, 21786, 63199, 64349, 68741, 80674, 80800, 83842, 93414, 96494, 104675, 140306, 171914]
16,2,[11293, 16373]
17,2,[86733, 164361]
19,1,[6887]
20,2,[4551, 19628]
23,3,[8453, 9826, 26148]
24,4,[1675, 4223, 30453, 31094]
26,2,[5067, 20337]
27,10,[14484, 48011, 52710, 76458, 80095, 87746, 89113, 89771, 99136, 103658]
30,3,[457750, 515004, 531628]
