10,463,[2750, 2979, 2990, 3074, 3078, 3643, 3762, 4298, 4339, 4401, 5906, 11272, 11286, 11298, 11906, 14065, 16965, 16992, 17128, 17174, 18584, 20030, 24778, 24790, 24823, 24840, 24852, 24866, 24871, 25090, 25102, 25136, 25167, 25177, 25196, 25228, 25232, 25236, 25240, 25247, 25258, 25262, 25271, 25291, 25306, 25399, 25438, 25662, 25676, 25777, 25789, 29143, 30090, 31516, 32618, 34976, 35052, 35801, 38779, 38901, 39749, 39768, 45685, 45984, 47527, 50601, 50718, 50753, 53971, 56294, 56921, 56945, 57021, 59955, 60256, 63005, 63590, 63599, 63628, 65663, 65964, 65995, 66339, 66459, 66592, 66641, 66975, 67066, 67329, 67382, 67623, 67927, 68183, 68481, 68836, 68990, 69090, 69193, 69690, 69846, 73634, 73822, 73848, 74029, 74087, 74436, 74451, 74562, 74606, 74615, 74633, 75270, 75275, 75277, 75283, 76659, 76716, 76776, 76871, 78550, 78739, 79227, 79596, 79681, 80179, 81718, 85011, 88009, 88018, 88035, 88355, 91524, 92808, 92975, 93066, 93096, 95671, 95676, 95679, 95734, 95958, 96231, 96236, 96239, 97292, 97732, 98032, 99055, 99190, 99226, 99270, 99304, 99380, 99413, 99485, 99521, 99609, 99647, 99695, 100087, 100170, 101055, 101407, 101524, 101687, 110037, 115320, 115965, 116016, 116135, 116145, 116269, 116316, 122785, 123236, 125920, 131183, 131190, 131202, 131279, 131282, 131324, 131328, 131447, 131450, 131531, 131540, 139238, 139308, 139333, 139442, 147522, 148122, 149979, 153213, 154203, 154355, 155176, 155196, 155346, 155540, 158311, 158321, 161754, 162588, 164815, 167307, 167831, 169020, 171821, 182406, 183251, 185155, 186932, 188027, 196727, 196838, 198636, 198963, 200935, 203750, 204443, 204831, 204837, 207452, 207455, 208938, 213610, 215641, 216199, 216735, 217094, 217133, 220876, 221340, 222230, 222754, 222868, 224770, 224796, 224802, 228035, 237651, 238476, 238489, 240001, 240253, 241229, 241331, 242819, 244119, 244371, 244969, 246307, 246334, 246470, 247725, 247728, 249199, 249974, 253480, 253547, 255086, 255683, 259431, 259464, 259469, 262493, 263451, 263455, 264258, 264261, 264265, 264268, 268000, 269846, 271632, 271635, 271638, 271641, 272660, 272705, 272726, 272732, 272747, 276520, 277772, 277811, 277931, 278000, 278051, 278402, 278408, 278424, 278447, 280690, 280985, 282146, 286937, 286974, 286982, 287054, 287125, 287167, 287504, 287510, 287526, 287547, 287622, 288243, 292200, 292294, 292427, 292520, 293044, 295751, 296782, 296952, 296961, 297798, 297801, 298679, 310877, 310880, 311054, 313125, 340541, 346966, 347965, 353790, 354602, 354712, 360603, 364641, 368409, 376098, 401660, 414287, 427097, 427224, 427243, 431298, 431305, 448048, 454735, 454826, 454890, 455850, 455936, 456633, 458410, 458434, 459191, 459903, 459931, 459941, 459944, 459950, 459991, 464439, 465138, 465404, 465460, 465619, 469553, 479081, 484024, 490560, 490639, 490643, 490646, 490808, 503303, 505710, 505726, 505763, 505953, 507282, 507293, 507299, 510093, 510137, 520864, 520876, 520928, 521110, 521123, 524418, 524446, 524472, 527852, 529959, 534702, 538290, 542596, 542600, 545269, 545298, 545320, 567973, 573387, 577682, 578349, 579024, 579129, 579524, 584073, 589297, 622263, 631435, 631457, 631626, 631663, 631670, 631731, 631812, 631821, 631825, 631831, 631835, 631842, 631857, 631867, 632519, 632524, 633142, 633152, 633342, 633420, 633445, 633448, 633453, 634563, 634573, 634659, 634664, 635432, 635440, 635461, 635979, 636205, 636211, 636595, 637567, 637571, 637700, 637708, 637731, 637733, 637771, 637774, 637787, 638268, 638273, 638338, 638440, 638503, 638506, 638515, 638547, 640468, 640473, 640477]
11,6,[2292, 12387, 12391, 12431, 12449, 12503]
12,9,[8180, 8183, 10680, 12798, 12837, 12857, 12906, 14612, 15581]
13,4,[793, 1528, 2880, 3769]
14,12,[13180, 13206, 69883, 69929, 69933, 83846, 93898, 93902, 93908, 106045, 184782, 195002]
15,16,[892, 1813, 26154, 26175, 26222, 26226, 26242, 26253, 26257, 26284, 26383, 33407, 34916, 46806, 78735, 168131]
16,15,[608, 618, 624, 628, 656, 661, 670, 6653, 12187, 12201, 12360, 12783, 17594, 22903, 31868]
17,6,[31688, 35456, 76134, 100514, 169902, 212925]
18,22,[20994, 21032, 28950, 30608, 34265, 34363, 35971, 67384, 84843, 87028, 87448, 87522, 87787, 91773, 91800, 91807, 91818, 93913, 101863, 105561, 113458, 148998]
19,4,[6006, 7166, 18318, 24659]
20,2,[14546, 42629]
21,2,[2644, 12560]
22,6,[13034, 37478, 52491, 133511, 137565, 161546]
23,13,[3640, 3966, 5476, 5532, 9354, 11262, 14504, 14582, 16784, 18197, 18383, 25207, 28549]
24,3,[25670, 28306, 31228]
25,18,[9037, 13224, 13250, 50271, 66683, 66729, 66733, 74399, 86612, 89954, 89958, 89964, 177233, 186816, 190554, 192333, 192969, 192974]
26,7,[15155, 16220, 16262, 43569, 54935, 64456, 65074]
27,21,[561, 4604, 6906, 17939, 38218, 49322, 65656, 68694, 68800, 83583, 83590, 84057, 90642, 90846, 95593, 96063, 97105, 98388, 98433, 108785, 108883]
28,1,[459]
30,463,[2656, 2885, 2896, 2980, 2984, 3549, 3668, 4204, 4245, 4307, 5812, 11178, 11192, 11204, 11812, 13971, 16871, 16898, 17034, 17080, 18490, 19936, 24684, 24696, 24729, 24746, 24758, 24772, 24777, 24996, 25008, 25042, 25073, 25083, 25102, 25134, 25138, 25142, 25146, 25153, 25164, 25168, 25177, 25197, 25212, 25305, 25344, 25568, 25582, 25683, 25695, 29049, 29996, 31422, 32520, 34878, 34954, 35703, 38681, 38803, 39651, 39670, 45587, 45886, 47429, 50503, 50620, 50655, 53872, 56195, 56822, 56846, 56922, 59852, 60153, 62902, 63487, 63496, 63525, 65560, 65861, 65892, 66236, 66356, 66489, 66538, 66872, 66963, 67226, 67279, 67520, 67824, 68080, 68378, 68733, 68887, 68987, 69090, 69587, 69743, 73531, 73719, 73745, 73926, 73984, 74333, 74348, 74459, 74503, 74512, 74530, 75167, 75172, 75174, 75180, 76556, 76613, 76673, 76768, 78443, 78632, 79120, 79489, 79574, 80072, 81611, 84904, 87902, 87911, 87928, 88248, 91417, 92701, 92868, 92959, 92989, 95564, 95569, 95572, 95627, 95851, 96124, 96129, 96132, 97185, 97625, 97925, 98948, 99083, 99119, 99163, 99197, 99273, 99306, 99378, 99414, 99502, 99540, 99588, 99980, 100063, 100948, 101300, 101417, 101580, 109926, 115209, 115854, 115905, 116024, 116034, 116158, 116205, 122674, 123125, 125809, 131071, 131078, 131090, 131167, 131170, 131212, 131216, 131335, 131338, 131419, 131428, 139126, 139196, 139221, 139330, 147409, 148009, 149866, 153100, 154090, 154242, 155063, 155083, 155233, 155427, 158198, 158208, 161640, 162465, 164692, 167184, 167708, 168897, 171698, 182283, 183119, 185023, 186800, 187895, 196595, 196706, 198504, 198831, 200793, 203608, 204301, 204689, 204695, 207310, 207313, 208796, 213468, 215499, 216057, 216594, 216953, 216992, 220726, 221190, 222080, 222604, 222718, 224620, 224646, 224652, 227885, 237501, 238326, 238339, 239848, 240100, 241076, 241178, 242666, 243966, 244218, 244816, 246154, 246181, 246317, 247572, 247575, 249046, 249821, 253327, 253394, 254933, 255530, 259275, 259308, 259313, 262337, 263295, 263299, 264102, 264105, 264109, 264112, 267844, 269690, 271476, 271479, 271482, 271485, 272504, 272549, 272570, 272576, 272591, 276364, 277617, 277656, 277776, 277845, 277896, 278247, 278253, 278269, 278292, 280535, 280830, 281991, 286781, 286818, 286826, 286898, 286969, 287011, 287348, 287354, 287370, 287391, 287466, 288087, 292043, 292137, 292270, 292363, 292887, 295594, 296625, 296794, 296803, 297640, 297643, 298521, 310719, 310722, 310896, 312966, 340382, 346807, 347806, 353631, 354443, 354553, 360443, 364478, 368246, 375935, 401494, 414121, 426931, 427058, 427077, 431128, 431135, 447878, 454565, 454656, 454720, 455680, 455766, 456463, 458240, 458264, 459021, 459733, 459761, 459771, 459774, 459780, 459821, 464268, 464967, 465233, 465289, 465448, 469382, 478913, 483859, 490400, 490479, 490483, 490486, 490648, 503134, 505541, 505557, 505594, 505784, 507113, 507124, 507130, 509924, 509968, 520692, 520704, 520756, 520938, 520951, 524246, 524274, 524300, 527680, 529784, 534527, 538115, 542421, 542425, 545094, 545123, 545145, 567793, 573207, 577502, 578169, 578844, 578949, 579344, 583893, 589112, 622011, 631160, 631182, 631351, 631388, 631395, 631456, 631537, 631546, 631550, 631556, 631560, 631567, 631582, 631592, 632244, 632249, 632867, 632877, 633067, 633145, 633170, 633173, 633178, 634288, 634298, 634384, 634389, 635157, 635165, 635186, 635704, 635930, 635936, 636320, 637292, 637296, 637425, 637433, 637456, 637458, 637496, 637499, 637512, 637993, 637998, 638063, 638165, 638228, 638231, 638240, 638272, 640193, 640198, 640202]
10,463,[2750, 2979, 2990, 3074, 3078, 3643, 3762, 4298, 4339, 4401, 5906, 11272, 11286, 11298, 11906, 14065, 16965, 16992, 17128, 17174, 18584, 20030, 24778, 24790, 24823, 24840, 24852, 24866, 24871, 25090, 25102, 25136, 25167, 25177, 25196, 25228, 25232, 25236, 25240, 25247, 25258, 25262, 25271, 25291, 25306, 25399, 25438, 25662, 25676, 25777, 25789, 29143, 30090, 31516, 32618, 34976, 35052, 35801, 38779, 38901, 39749, 39768, 45685, 45984, 47527, 50601, 50718, 50753, 53971, 56294, 56921, 56945, 57021, 59955, 60256, 63005, 63590, 63599, 63628, 65663, 65964, 65995, 66339, 66459, 66592, 66641, 66975, 67066, 67329, 67382, 67623, 67927, 68183, 68481, 68836, 68990, 69090, 69193, 69690, 69846, 73634, 73822, 73848, 74029, 74087, 74436, 74451, 74562, 74606, 74615, 74633, 75270, 75275, 75277, 75283, 76659, 76716, 76776, 76871, 78550, 78739, 79227, 79596, 79681, 80179, 81718, 85011, 88009, 88018, 88035, 88355, 91524, 92808, 92975, 93066, 93096, 95671, 95676, 95679, 95734, 95958, 96231, 96236, 96239, 97292, 97732, 98032, 99055, 99190, 99226, 99270, 99304, 99380, 99413, 99485, 99521, 99609, 99647, 99695, 100087, 100170, 101055, 101407, 101524, 101687, 110037, 115320, 115965, 116016, 116135, 116145, 116269, 116316, 122785, 123236, 125920, 131183, 131190, 131202, 131279, 131282, 131324, 131328, 131447, 131450, 131531, 131540, 139238, 139308, 139333, 139442, 147522, 148122, 149979, 153213, 154203, 154355, 155176, 155196, 155346, 155540, 158311, 158321, 161754, 162588, 164815, 167307, 167831, 169020, 171821, 182406, 183251, 185155, 186932, 188027, 196727, 196838, 198636, 198963, 200935, 203750, 204443, 204831, 204837, 207452, 207455, 208938, 213610, 215641, 216199, 216735, 217094, 217133, 220876, 221340, 222230, 222754, 222868, 224770, 224796, 224802, 228035, 237651, 238476, 238489, 240001, 240253, 241229, 241331, 242819, 244119, 244371, 244969, 246307, 246334, 246470, 247725, 247728, 249199, 249974, 253480, 253547, 255086, 255683, 259431, 259464, 259469, 262493, 263451, 263455, 264258, 264261, 264265, 264268, 268000, 269846, 271632, 271635, 271638, 271641, 272660, 272705, 272726, 272732, 272747, 276520, 277772, 277811, 277931, 278000, 278051, 278402, 278408, 278424, 278447, 280690, 280985, 282146, 286937, 286974, 286982, 287054, 287125, 287167, 287504, 287510, 287526, 287547, 287622, 288243, 292200, 292294, 292427, 292520, 293044, 295751, 296782, 296952, 296961, 297798, 297801, 298679, 310877, 310880, 311054, 313125, 340541, 346966, 347965, 353790, 354602, 354712, 360603, 364641, 368409, 376098, 401660, 414287, 427097, 427224, 427243, 431298, 431305, 448048, 454735, 454826, 454890, 455850, 455936, 456633, 458410, 458434, 459191, 459903, 459931, 459941, 459944, 459950, 459991, 464439, 465138, 465404, 465460, 465619, 469553, 479081, 484024, 490560, 490639, 490643, 490646, 490808, 503303, 505710, 505726, 505763, 505953, 507282, 507293, 507299, 510093, 510137, 520864, 520876, 520928, 521110, 521123, 524418, 524446, 524472, 527852, 529959, 534702, 538290, 542596, 542600, 545269, 545298, 545320, 567973, 573387, 577682, 578349, 579024, 579129, 579524, 584073, 589297, 622263, 631435, 631457, 631626, 631663, 631670, 631731, 631812, 631821, 631825, 631831, 631835, 631842, 631857, 631867, 632519, 632524, 633142, 633152, 633342, 633420, 633445, 633448, 633453, 634563, 634573, 634659, 634664, 635432, 635440, 635461, 635979, 636205, 636211, 636595, 637567, 637571, 637700, 637708, 637731, 637733, 637771, 637774, 637787, 638268, 638273, 638338, 638440, 638503, 638506, 638515, 638547, 640468, 640473, 640477]
11,6,[2292, 12387, 12391, 12431, 12449, 12503]
12,9,[8180, 8183, 10680, 12798, 12837, 12857, 12906, 14612, 15581]
13,4,[793, 1528, 2880, 3769]
14,12,[13180, 13206, 69883, 69929, 69933, 83846, 93898, 93902, 93908, 106045, 184782, 195002]
15,16,[892, 1813, 26154, 26175, 26222, 26226, 26242, 26253, 26257, 26284, 26383, 33407, 34916, 46806, 78735, 168131]
16,15,[608, 618, 624, 628, 656, 661, 670, 6653, 12187, 12201, 12360, 12783, 17594, 22903, 31868]
17,6,[31688, 35456, 76134, 100514, 169902, 212925]
18,22,[20994, 21032, 28950, 30608, 34265, 34363, 35971, 67384, 84843, 87028, 87448, 87522, 87787, 91773, 91800, 91807, 91818, 93913, 101863, 105561, 113458, 148998]
19,4,[6006, 7166, 18318, 24659]
20,2,[14546, 42629]
21,2,[2644, 12560]
22,6,[13034, 37478, 52491, 133511, 137565, 161546]
23,13,[3640, 3966, 5476, 5532, 9354, 11262, 14504, 14582, 16784, 18197, 18383, 25207, 28549]
24,3,[25670, 28306, 31228]
25,18,[9037, 13224, 13250, 50271, 66683, 66729, 66733, 74399, 86612, 89954, 89958, 89964, 177233, 186816, 190554, 192333, 192969, 192974]
26,7,[15155, 16220, 16262, 43569, 54935, 64456, 65074]
27,21,[561, 4604, 6906, 17939, 38218, 49322, 65656, 68694, 68800, 83583, 83590, 84057, 90642, 90846, 95593, 96063, 97105, 98388, 98433, 108785, 108883]
28,1,[459]
30,463,[2656, 2885, 2896, 2980, 2984, 3549, 3668, 4204, 4245, 4307, 5812, 11178, 11192, 11204, 11812, 13971, 16871, 16898, 17034, 17080, 18490, 19936, 24684, 24696, 24729, 24746, 24758, 24772, 24777, 24996, 25008, 25042, 25073, 25083, 25102, 25134, 25138, 25142, 25146, 25153, 25164, 25168, 25177, 25197, 25212, 25305, 25344, 25568, 25582, 25683, 25695, 29049, 29996, 31422, 32520, 34878, 34954, 35703, 38681, 38803, 39651, 39670, 45587, 45886, 47429, 50503, 50620, 50655, 53872, 56195, 56822, 56846, 56922, 59852, 60153, 62902, 63487, 63496, 63525, 65560, 65861, 65892, 66236, 66356, 66489, 66538, 66872, 66963, 67226, 67279, 67520, 67824, 68080, 68378, 68733, 68887, 68987, 69090, 69587, 69743, 73531, 73719, 73745, 73926, 73984, 74333, 74348, 74459, 74503, 74512, 74530, 75167, 75172, 75174, 75180, 76556, 76613, 76673, 76768, 78443, 78632, 79120, 79489, 79574, 80072, 81611, 84904, 87902, 87911, 87928, 88248, 91417, 92701, 92868, 92959, 92989, 95564, 95569, 95572, 95627, 95851, 96124, 96129, 96132, 97185, 97625, 97925, 98948, 99083, 99119, 99163, 99197, 99273, 99306, 99378, 99414, 99502, 99540, 99588, 99980, 100063, 100948, 101300, 101417, 101580, 109926, 115209, 115854, 115905, 116024, 116034, 116158, 116205, 122674, 123125, 125809, 131071, 131078, 131090, 131167, 131170, 131212, 131216, 131335, 131338, 131419, 131428, 139126, 139196, 139221, 139330, 147409, 148009, 149866, 153100, 154090, 154242, 155063, 155083, 155233, 155427, 158198, 158208, 161640, 162465, 164692, 167184, 167708, 168897, 171698, 182283, 183119, 185023, 186800, 187895, 196595, 196706, 198504, 198831, 200793, 203608, 204301, 204689, 204695, 207310, 207313, 208796, 213468, 215499, 216057, 216594, 216953, 216992, 220726, 221190, 222080, 222604, 222718, 224620, 224646, 224652, 227885, 237501, 238326, 238339, 239848, 240100, 241076, 241178, 242666, 243966, 244218, 244816, 246154, 246181, 246317, 247572, 247575, 249046, 249821, 253327, 253394, 254933, 255530, 259275, 259308, 259313, 262337, 263295, 263299, 264102, 264105, 264109, 264112, 267844, 269690, 271476, 271479, 271482, 271485, 272504, 272549, 272570, 272576, 272591, 276364, 277617, 277656, 277776, 277845, 277896, 278247, 278253, 278269, 278292, 280535, 280830, 281991, 286781, 286818, 286826, 286898, 286969, 287011, 287348, 287354, 287370, 287391, 287466, 288087, 292043, 292137, 292270, 292363, 292887, 295594, 296625, 296794, 296803, 297640, 297643, 298521, 310719, 310722, 310896, 312966, 340382, 346807, 347806, 353631, 354443, 354553, 360443, 364478, 368246, 375935, 401494, 414121, 426931, 427058, 427077, 431128, 431135, 447878, 454565, 454656, 454720, 455680, 455766, 456463, 458240, 458264, 459021, 459733, 459761, 459771, 459774, 459780, 459821, 464268, 464967, 465233, 465289, 465448, 469382, 478913, 483859, 490400, 490479, 490483, 490486, 490648, 503134, 505541, 505557, 505594, 505784, 507113, 507124, 507130, 509924, 509968, 520692, 520704, 520756, 520938, 520951, 524246, 524274, 524300, 527680, 529784, 534527, 538115, 542421, 542425, 545094, 545123, 545145, 567793, 573207, 577502, 578169, 578844, 578949, 579344, 583893, 589112, 622011, 631160, 631182, 631351, 631388, 631395, 631456, 631537, 631546, 631550, 631556, 631560, 631567, 631582, 631592, 632244, 632249, 632867, 632877, 633067, 633145, 633170, 633173, 633178, 634288, 634298, 634384, 634389, 635157, 635165, 635186, 635704, 635930, 635936, 636320, 637292, 637296, 637425, 637433, 637456, 637458, 637496, 637499, 637512, 637993, 637998, 638063, 638165, 638228, 638231, 638240, 638272, 640193, 640198, 640202]
