10,3,[361602, 361940, 396130]
12,1,[18856]
15,15,[6231, 7539, 32034, 43177, 51730, 60281, 60914, 66580, 67965, 69503, 69929, 109672, 146880, 155036, 162888]
16,5,[9360, 11792, 17857, 22723, 22728]
17,1,[58081]
19,19,[3781, 3792, 3905, 6940, 13459, 13780, 18988, 20794, 22557, 23105, 23167, 23195, 23309, 23359, 23392, 23543, 23639, 23679, 23836]
22,2,[71652, 71698]
24,3,[26722, 39554, 44507]
26,1,[64946]
27,12,[12648, 12967, 14490, 26985, 26992, 38706, 42155, 43888, 58550, 63285, 67293, 83778]
30,3,[361442, 361780, 395964]
10,3,[361602, 361940, 396130]
12,1,[18856]
15,15,[6231, 7539, 32034, 43177, 51730, 60281, 60914, 66580, 67965, 69503, 69929, 109672, 146880, 155036, 162888]
16,5,[9360, 11792, 17857, 22723, 22728]
17,1,[58081]
19,19,[3781, 3792, 3905, 6940, 13459, 13780, 18988, 20794, 22557, 23105, 23167, 23195, 23309, 23359, 23392, 23543, 23639, 23679, 23836]
22,2,[71652, 71698]
24,3,[26722, 39554, 44507]
26,1,[64946]
27,12,[12648, 12967, 14490, 26985, 26992, 38706, 42155, 43888, 58550, 63285, 67293, 83778]
30,3,[361442, 361780, 395964]
