10,1616,[1343, 1354, 1860, 1864, 1894, 1912, 1950, 1960, 1978, 1988, 2010, 2231, 2252, 2349, 3366, 3372, 3385, 3405, 3412, 3421, 3433, 3471, 3498, 3552, 3601, 6138, 7708, 7713, 8052, 8056, 8211, 8310, 8437, 8524, 10472, 10483, 10621, 11206, 11301, 12359, 12374, 12466, 12483, 13126, 13140, 13181, 13191, 13208, 15293, 15943, 15947, 15957, 15963, 16133, 16252, 16410, 16598, 17124, 17837, 19189, 19193, 19242, 19681, 21389, 22470, 22475, 24539, 25504, 26840, 28305, 28312, 30141, 30754, 31399, 33154, 33172, 33288, 33631, 33720, 33774, 33814, 33820, 33828, 33948, 34628, 35246, 35386, 35509, 35523, 35530, 35565, 36943, 38169, 39527, 39743, 39752, 39790, 39845, 39880, 39910, 39921, 39933, 39950, 41284, 42552, 43237, 43244, 43261, 43330, 43339, 43487, 43552, 43687, 43977, 44037, 44043, 44069, 44114, 44145, 44163, 44240, 44244, 44249, 44253, 44262, 44269, 44390, 44421, 44425, 44460, 44475, 44494, 44728, 44888, 45497, 45524, 45589, 45594, 45608, 45643, 45655, 45671, 45676, 45695, 45717, 45732, 45738, 45748, 45764, 45788, 45794, 45825, 45842, 45861, 45866, 45876, 45902, 45914, 45922, 45966, 45973, 45980, 46052, 46077, 46087, 46132, 46184, 46199, 46262, 46369, 46376, 46958, 46966, 46970, 46979, 47007, 47019, 47051, 47064, 47087, 47094, 47164, 47177, 47225, 47251, 47265, 47275, 47286, 47321, 47341, 47359, 47365, 47375, 47524, 47581, 47601, 47648, 47665, 47679, 47688, 47710, 47729, 47740, 47767, 47777, 47788, 47814, 47889, 47906, 47942, 47953, 47968, 48034, 48041, 48104, 48159, 48177, 48185, 48201, 48221, 48242, 48278, 48294, 48317, 48326, 48348, 48369, 48378, 48403, 48419, 48425, 48449, 48454, 48464, 48476, 48495, 48531, 48544, 48782, 48875, 48890, 49035, 49075, 49088, 49096, 49130, 49143, 49156, 49170, 49182, 49202, 49286, 49300, 49309, 49321, 49347, 49362, 49369, 49393, 49396, 49484, 49523, 49562, 49625, 49642, 49696, 49704, 49712, 49722, 49727, 49734, 49746, 49759, 49778, 49848, 49884, 49890, 49914, 49924, 49931, 49963, 49979, 49995, 50006, 50031, 50039, 50064, 50079, 50107, 50150, 50161, 50182, 50188, 50201, 50226, 50249, 50269, 50322, 50371, 50434, 50446, 50457, 50485, 50507, 50616, 50691, 50704, 50720, 50726, 50738, 50750, 50756, 50780, 50797, 50806, 50839, 50843, 50966, 50974, 51004, 51024, 51035, 51049, 51064, 51077, 51310, 51319, 51351, 51365, 51377, 51504, 51522, 51568, 51583, 51602, 51684, 51700, 51730, 53516, 53550, 53894, 53959, 53968, 53974, 54015, 54025, 54036, 54047, 54054, 54061, 54065, 54117, 54128, 54155, 54165, 57963, 57974, 57990, 58006, 58017, 58040, 58058, 58071, 58077, 58092, 58106, 58118, 58140, 58151, 58171, 58193, 58204, 59183, 59208, 59329, 59335, 59354, 59368, 59390, 61791, 61800, 61917, 63702, 67095, 67149, 67168, 70463, 70809, 70817, 70827, 70855, 70870, 70891, 70897, 70911, 70926, 70935, 70944, 70957, 70963, 70975, 70985, 71005, 71024, 71041, 71055, 71067, 71077, 71086, 71385, 71394, 71403, 71409, 71417, 71446, 71456, 71480, 71492, 71502, 71517, 71523, 71532, 71543, 71551, 71564, 71578, 71589, 71599, 71791, 71860, 71906, 71969, 72305, 72401, 72783, 74209, 74222, 74230, 74747, 74764, 74780, 74951, 75150, 75158, 75182, 75200, 75268, 75294, 75432, 75453, 75464, 75488, 75860, 75889, 75937, 76003, 76011, 76023, 78927, 78944, 79928, 79949, 80066, 80616, 80747, 80760, 80770, 81370, 81532, 81553, 83500, 85087, 85135, 85143, 85154, 85165, 85219, 85242, 85261, 85290, 85564, 86155, 87399, 88963, 89679, 89693, 89714, 89762, 91594, 91615, 91783, 92135, 92266, 92275, 92286, 92316, 92323, 92331, 92410, 92416, 92655, 93448, 93457, 93692, 93735, 94654, 94962, 94967, 95146, 95532, 95760, 95928, 95936, 98057, 98065, 98468, 98480, 98491, 98598, 98727, 98859, 98890, 98899, 98953, 98970, 98985, 99262, 100701, 101294, 105765, 106567, 106846, 107438, 107467, 108080, 108197, 108204, 108242, 108491, 108823, 108830, 108855, 108901, 108939, 108956, 109070, 109074, 109079, 109083, 109092, 109099, 109395, 109563, 109596, 109604, 109629, 109646, 109717, 109742, 109752, 109829, 109901, 110056, 110064, 110075, 110084, 110093, 110299, 110395, 110446, 110467, 110479, 110493, 110498, 110579, 110653, 110682, 110705, 110719, 110724, 110759, 110854, 110872, 110927, 110933, 110960, 111131, 111279, 112051, 112440, 112447, 112452, 112506, 112987, 113207, 113407, 113644, 113652, 113785, 113828, 113867, 113885, 113902, 113938, 113942, 113949, 113965, 113984, 113997, 114031, 114133, 114174, 114219, 114326, 114405, 114421, 114425, 114431, 114453, 114499, 114545, 114568, 114597, 114609, 114675, 114752, 115028, 115055, 115063, 115080, 115162, 115174, 115187, 115213, 115223, 115237, 115253, 115265, 115323, 115427, 115434, 115439, 115473, 115488, 115496, 115548, 115600, 115635, 115651, 115658, 115683, 115689, 115733, 115756, 115808, 115816, 115830, 115862, 115871, 115892, 115899, 115933, 115960, 115967, 116070, 116090, 116105, 116116, 116132, 116137, 116159, 116177, 116194, 116249, 116258, 116264, 116283, 116318, 116354, 116415, 116442, 116447, 116472, 116491, 116508, 116512, 116525, 116623, 116646, 116694, 116730, 116748, 116775, 116793, 116821, 116823, 116872, 116905, 116908, 116912, 116926, 116946, 117198, 117303, 117369, 117381, 117589, 117623, 117642, 117775, 117807, 117829, 117918, 117933, 117949, 118056, 118409, 118423, 118453, 118460, 118475, 118511, 118519, 118571, 118581, 118598, 118627, 118635, 118858, 118871, 118925, 118970, 118989, 118997, 119005, 119190, 119232, 119259, 119273, 119295, 119312, 119318, 119324, 119343, 119352, 119369, 119429, 119439, 119469, 119489, 119513, 119521, 119532, 119755, 119787, 119849, 119887, 120113, 120127, 120135, 120224, 120233, 120238, 120253, 120257, 120301, 120336, 120352, 120383, 120413, 120440, 120449, 120468, 120481, 120523, 120549, 120667, 120748, 120806, 120815, 120838, 120847, 120878, 120902, 120959, 120976, 121011, 121046, 121071, 121088, 121180, 121400, 121412, 121423, 121435, 121445, 121550, 121560, 121588, 121599, 121611, 121615, 121632, 121688, 121815, 121831, 121901, 122036, 122168, 122180, 122242, 122249, 122261, 122270, 122282, 122294, 122299, 122311, 122352, 122648, 122693, 122703, 122709, 122746, 122753, 122832, 122925, 122932, 122949, 122954, 122977, 123038, 123044, 123076, 123083, 123228, 123241, 123311, 123320, 123327, 123339, 123350, 123355, 123360, 123364, 123378, 123406, 123459, 123467, 123476, 123514, 123530, 123540, 123556, 123565, 123575, 123582, 123598, 123608, 123623, 123630, 123663, 123673, 123682, 123759, 123814, 123912, 124268, 124288, 124325, 124331, 124340, 124349, 124362, 124372, 124392, 125146, 125163, 125171, 125269, 125336, 125397, 125572, 125720, 125743, 125860, 125946, 126087, 126337, 127540, 127548, 128222, 128323, 128624, 128684, 128702, 128710, 129414, 129429, 129780, 131178, 132728, 135634, 139168, 139183, 139193, 146776, 147850, 147892, 148080, 148173, 148744, 148893, 150956, 150982, 152005, 152682, 153362, 153387, 153457, 160851, 160984, 160993, 161008, 162856, 163237, 163567, 166725, 167100, 167143, 167150, 167193, 167200, 167223, 167258, 167263, 167288, 167309, 167320, 170571, 171671, 171674, 171999, 174039, 174570, 174879, 175031, 175185, 175202, 175272, 175288, 175306, 175591, 176691, 176887, 177268, 178050, 179959, 179965, 180322, 180336, 180786, 181497, 184041, 185103, 185109, 185202, 185526, 185558, 186244, 186306, 186432, 187405, 187467, 187853, 188687, 189132, 189940, 192286, 192340, 192347, 193843, 194323, 194331, 194340, 195323, 195713, 196689, 197083, 201633, 201639, 201778, 203309, 203404, 203414, 203419, 206136, 206846, 209755, 209764, 210129, 210152, 211192, 211786, 214133, 216153, 216165, 216422, 216672, 217278, 217445, 218000, 218018, 218514, 218788, 218849, 218855, 219579, 219591, 219657, 219669, 219964, 219976, 221482, 221493, 221502, 221769, 222765, 223735, 224135, 224141, 224707, 224713, 225127, 225654, 226571, 229036, 229098, 233663, 234360, 234457, 234543, 234798, 236041, 245060, 245066, 245127, 247169, 247181, 248589, 248645, 249803, 250798, 251162, 251281, 254378, 256633, 256644, 258186, 258950, 259666, 261202, 261225, 263892, 264656, 264921, 264926, 264985, 264991, 266830, 275834, 279332, 279372, 279426, 281141, 294262, 295152, 295158, 298699, 298707, 298717, 298720, 298729, 298747, 298756, 298761, 298765, 298781, 299428, 300064, 300603, 300612, 300615, 300620, 300639, 300643, 300648, 300655, 300661, 300668, 301531, 302412, 304279, 304282, 304291, 304312, 304318, 304326, 304333, 304345, 304350, 304374, 308388, 309258, 311343, 311350, 311653, 311697, 313128, 313133, 313632, 314993, 315017, 315048, 315057, 317137, 317149, 317324, 317329, 317346, 318523, 318617, 318625, 318731, 319078, 321965, 322167, 322319, 323003, 323640, 323644, 324556, 325059, 326550, 326554, 326563, 327166, 327196, 327892, 329829, 330028, 331200, 332182, 332193, 332242, 332305, 332318, 332488, 334058, 334232, 334243, 339126, 341373, 341380, 341425, 341437, 342789, 343591, 345502, 345548, 345756, 345995, 346012, 346017, 346304, 348100, 348109, 352149, 353075, 353234, 353305, 353312, 353560, 353577, 353648, 354338, 355102, 360596, 360834, 363601, 368445, 369114, 369329, 369426, 370473, 370479, 370486, 370495, 372194, 372562, 372576, 373298, 374950, 374954, 375012, 375894, 375982, 375989, 376004, 376940, 376944, 376949, 377257, 378865, 379549, 380150, 381074, 381078, 381148, 381157, 381163, 381181, 381186, 382087, 383125, 383244, 383282, 384184, 384253, 384410, 384423, 384437, 384459, 385465, 385512, 385536, 385634, 386581, 387168, 387316, 387342, 387350, 387356, 387363, 387563, 387567, 387573, 387646, 387757, 388969, 388978, 389045, 389069, 389077, 389112, 389131, 389734, 390036, 390044, 390051, 390108, 390556, 390568, 390584, 390598, 390799, 392851, 392862, 393940, 393949, 393968, 394497, 394501, 394665, 394671, 395282, 395786, 397275, 397289, 397302, 397618, 400482, 400517, 401260, 401470, 401901, 401914, 401988, 401994, 402168, 402224, 402262, 402636, 403670, 403998, 404011, 404351, 404357, 404360, 404861, 405383, 405553, 405572, 406524, 406615, 407613, 407654, 408005, 408114, 409546, 409635, 410260, 411108, 411113, 411120, 411129, 413984, 413991, 414018, 414035, 414042, 414309, 415280, 415885, 416428, 417051, 417083, 417213, 417220, 417229, 417248, 417297, 417771, 417790, 418362, 420928, 421235, 421242, 421885, 421951, 423084, 423089, 425554, 426367, 426370, 426376, 426414, 426425, 429791, 429794, 430847, 430918, 431341, 431563, 431580, 431583, 431603, 431697, 431729, 431733, 431756, 431777, 431795, 431810, 431822, 431871, 431881, 431890, 431900, 431904, 431916, 431921, 431927, 432003, 432088, 432107, 432120, 432132, 433764, 433911, 433954, 435589, 435607, 435621, 435644, 435656, 438523, 438578, 439004, 439012, 439041, 442116, 442689, 442702, 442733, 443037, 443048, 444032, 444146, 444155, 444164, 444183, 444191, 444836, 444907, 445158, 445165, 445359, 445946, 445952, 446176, 446183, 446902, 446949, 446953, 447113, 447137, 447148, 447413, 447417, 447738, 447745, 449314, 449329, 450104, 450111, 450410, 450427, 450630, 451943, 451947, 452129, 452203, 452552, 452557, 452584, 452611, 452621, 454019, 454025, 454064, 454071, 454108, 454114, 454240, 454246, 454273, 454583, 454616, 458262, 458288, 458311, 458317, 458341, 458370, 458385, 458412, 458635, 459377, 459823, 459870, 460377, 460392, 460398, 465500, 466291, 466303, 471720, 472392, 472396, 472490, 472618, 472624, 472631, 472786, 472823, 475428, 480150, 481162, 482854, 483011, 483778, 483786, 483792, 483796, 483871, 484192, 484213, 484512, 484527, 484531, 484544, 484548, 484552, 484558, 484568, 485942, 485945, 485949, 486684, 488441, 488470, 488559, 490314, 490501, 490506, 490736, 490776, 493975, 496506, 497529, 497585, 497594, 498204, 498328, 498349, 498491, 498496, 498530, 498644, 498828, 499462, 502326, 503135, 503141, 506125, 506134, 506847, 507890, 507893, 507898, 507902, 507915, 507954, 510263, 510295, 513259, 514018, 519473, 522764, 524605, 524641, 526136, 526872, 528275, 528282, 528406, 528605, 528614, 529265, 529273, 531213, 531222, 531283, 532115, 533505, 537304, 537540, 537580, 539983, 540151, 540874, 540950, 540959, 542609, 542697, 543554, 546699, 547184, 548026, 549605, 549764, 549915, 558988, 558996, 559445, 564270, 564273, 565447, 573220, 573705, 575971, 580149, 580559, 581990, 582179, 585104, 587333, 588980, 588989, 589002, 589628, 590155, 590227, 590331, 590336, 590340, 590344, 590350, 590364, 594276, 594286, 595087, 597439, 605456, 614598, 614750, 615043, 618162, 623976, 630678, 632063, 632574, 632583, 637895, 639080]
12,1,[240]
15,3,[36853, 116398, 160580]
17,105,[2155, 2159, 2327, 3892, 7342, 7536, 7570, 11556, 11564, 11568, 14485, 19248, 19294, 19318, 19416, 22059, 24323, 24397, 24412, 25875, 26251, 27601, 35495, 36203, 36418, 36519, 40163, 40221, 51992, 58359, 59252, 59733, 59739, 65515, 65535, 65643, 66122, 66128, 66493, 66539, 66570, 66588, 66663, 66667, 66672, 66676, 66685, 66692, 67280, 68965, 75229, 76664, 76670, 76676, 89187, 90971, 90997, 91051, 92454, 93950, 102699, 102714, 103149, 105111, 113465, 113475, 113480, 113489, 113542, 157771, 157776, 160312, 162434, 162569, 162583, 177603, 177709, 177719, 177753, 177857, 177862, 177890, 178000, 178190, 178872, 183845, 185217, 185238, 185635, 185661, 185669, 185675, 185682, 185690, 185887, 185891, 185897, 185971, 200214, 200937, 201191, 201203, 201208, 202191, 210061]
20,31,[13137, 13431, 13504, 13509, 13562, 13609, 13676, 19204, 21547, 27824, 27829, 28116, 28288, 32947, 40284, 40294, 43672, 46628, 47997, 50704, 50708, 50817, 50855, 50867, 50886, 50894, 50919, 51951, 58735, 64475, 65790]
26,31,[13721, 14016, 14089, 14094, 14147, 14194, 14261, 19905, 19910, 22293, 28652, 28657, 28950, 29125, 33823, 41225, 41235, 44631, 49010, 51756, 51759, 51870, 51908, 51920, 51939, 51949, 51974, 53030, 59933, 65874, 67206]
28,1,[8797]
30,1616,[1250, 1261, 1767, 1771, 1801, 1819, 1857, 1867, 1885, 1895, 1917, 2138, 2159, 2256, 3272, 3278, 3291, 3311, 3318, 3327, 3339, 3377, 3404, 3458, 3507, 6044, 7614, 7619, 7958, 7962, 8117, 8216, 8343, 8430, 10378, 10389, 10527, 11112, 11207, 12265, 12280, 12372, 12389, 13032, 13046, 13087, 13097, 13114, 15199, 15849, 15853, 15863, 15869, 16039, 16158, 16316, 16504, 17030, 17743, 19095, 19099, 19148, 19587, 21295, 22376, 22381, 24445, 25410, 26746, 28211, 28218, 30047, 30660, 31305, 33056, 33074, 33190, 33533, 33622, 33676, 33716, 33722, 33730, 33850, 34530, 35148, 35288, 35411, 35425, 35432, 35467, 36845, 38071, 39429, 39645, 39654, 39692, 39747, 39782, 39812, 39823, 39835, 39852, 41186, 42454, 43139, 43146, 43163, 43232, 43241, 43389, 43454, 43589, 43879, 43939, 43945, 43971, 44016, 44047, 44065, 44142, 44146, 44151, 44155, 44164, 44171, 44292, 44323, 44327, 44362, 44377, 44396, 44630, 44790, 45399, 45426, 45491, 45496, 45510, 45545, 45557, 45573, 45578, 45597, 45619, 45634, 45640, 45650, 45666, 45690, 45696, 45727, 45744, 45763, 45768, 45778, 45804, 45816, 45824, 45868, 45875, 45882, 45954, 45979, 45989, 46034, 46086, 46101, 46164, 46271, 46278, 46860, 46868, 46872, 46881, 46909, 46921, 46953, 46966, 46989, 46996, 47066, 47079, 47127, 47153, 47167, 47177, 47188, 47223, 47243, 47261, 47267, 47277, 47426, 47483, 47503, 47550, 47567, 47581, 47590, 47612, 47631, 47642, 47669, 47679, 47690, 47716, 47791, 47808, 47844, 47855, 47870, 47936, 47943, 48006, 48061, 48079, 48087, 48103, 48123, 48144, 48180, 48196, 48219, 48228, 48250, 48271, 48280, 48305, 48321, 48327, 48351, 48356, 48366, 48378, 48397, 48433, 48446, 48684, 48777, 48792, 48937, 48977, 48990, 48998, 49032, 49045, 49058, 49072, 49084, 49104, 49188, 49202, 49211, 49223, 49249, 49264, 49271, 49295, 49298, 49386, 49425, 49464, 49527, 49544, 49598, 49606, 49614, 49624, 49629, 49636, 49648, 49661, 49680, 49750, 49786, 49792, 49816, 49826, 49833, 49865, 49881, 49897, 49908, 49933, 49941, 49966, 49981, 50009, 50052, 50063, 50084, 50090, 50103, 50128, 50151, 50171, 50224, 50273, 50336, 50348, 50359, 50387, 50409, 50518, 50593, 50606, 50622, 50628, 50640, 50652, 50658, 50682, 50699, 50708, 50741, 50745, 50868, 50876, 50906, 50926, 50937, 50951, 50966, 50979, 51212, 51221, 51253, 51267, 51279, 51406, 51424, 51470, 51485, 51504, 51586, 51602, 51632, 53417, 53451, 53795, 53860, 53869, 53875, 53916, 53926, 53937, 53948, 53955, 53962, 53966, 54018, 54029, 54056, 54066, 57864, 57875, 57891, 57907, 57918, 57941, 57959, 57972, 57978, 57993, 58007, 58019, 58041, 58052, 58072, 58094, 58105, 59080, 59105, 59226, 59232, 59251, 59265, 59287, 61688, 61697, 61814, 63599, 66992, 67046, 67065, 70360, 70706, 70714, 70724, 70752, 70767, 70788, 70794, 70808, 70823, 70832, 70841, 70854, 70860, 70872, 70882, 70902, 70921, 70938, 70952, 70964, 70974, 70983, 71282, 71291, 71300, 71306, 71314, 71343, 71353, 71377, 71389, 71399, 71414, 71420, 71429, 71440, 71448, 71461, 71475, 71486, 71496, 71688, 71757, 71803, 71866, 72202, 72298, 72680, 74106, 74119, 74127, 74644, 74661, 74677, 74848, 75047, 75055, 75079, 75097, 75165, 75191, 75329, 75350, 75361, 75385, 75757, 75786, 75834, 75900, 75908, 75920, 78820, 78837, 79821, 79842, 79959, 80509, 80640, 80653, 80663, 81263, 81425, 81446, 83393, 84980, 85028, 85036, 85047, 85058, 85112, 85135, 85154, 85183, 85457, 86048, 87292, 88856, 89572, 89586, 89607, 89655, 91487, 91508, 91676, 92028, 92159, 92168, 92179, 92209, 92216, 92224, 92303, 92309, 92548, 93341, 93350, 93585, 93628, 94547, 94855, 94860, 95039, 95425, 95653, 95821, 95829, 97950, 97958, 98361, 98373, 98384, 98491, 98620, 98752, 98783, 98792, 98846, 98863, 98878, 99155, 100594, 101187, 105654, 106456, 106735, 107327, 107356, 107969, 108086, 108093, 108131, 108380, 108712, 108719, 108744, 108790, 108828, 108845, 108959, 108963, 108968, 108972, 108981, 108988, 109284, 109452, 109485, 109493, 109518, 109535, 109606, 109631, 109641, 109718, 109790, 109945, 109953, 109964, 109973, 109982, 110188, 110284, 110335, 110356, 110368, 110382, 110387, 110468, 110542, 110571, 110594, 110608, 110613, 110648, 110743, 110761, 110816, 110822, 110849, 111020, 111168, 111940, 112329, 112336, 112341, 112395, 112876, 113096, 113296, 113533, 113541, 113674, 113717, 113756, 113774, 113791, 113827, 113831, 113838, 113854, 113873, 113886, 113920, 114022, 114063, 114108, 114215, 114294, 114310, 114314, 114320, 114342, 114388, 114434, 114457, 114486, 114498, 114564, 114641, 114917, 114944, 114952, 114969, 115051, 115063, 115076, 115102, 115112, 115126, 115142, 115154, 115212, 115316, 115323, 115328, 115362, 115377, 115385, 115437, 115489, 115524, 115540, 115547, 115572, 115578, 115622, 115645, 115697, 115705, 115719, 115751, 115760, 115781, 115788, 115822, 115849, 115856, 115959, 115979, 115994, 116005, 116021, 116026, 116048, 116066, 116083, 116138, 116147, 116153, 116172, 116207, 116243, 116304, 116331, 116336, 116361, 116380, 116397, 116401, 116414, 116512, 116535, 116583, 116619, 116637, 116664, 116682, 116710, 116712, 116761, 116794, 116797, 116801, 116815, 116835, 117087, 117192, 117258, 117270, 117478, 117512, 117531, 117664, 117696, 117718, 117807, 117822, 117838, 117945, 118298, 118312, 118342, 118349, 118364, 118400, 118408, 118460, 118470, 118487, 118516, 118524, 118747, 118760, 118814, 118859, 118878, 118886, 118894, 119079, 119121, 119148, 119162, 119184, 119201, 119207, 119213, 119232, 119241, 119258, 119318, 119328, 119358, 119378, 119402, 119410, 119421, 119644, 119676, 119738, 119776, 120002, 120016, 120024, 120113, 120122, 120127, 120142, 120146, 120190, 120225, 120241, 120272, 120302, 120329, 120338, 120357, 120370, 120412, 120438, 120556, 120637, 120695, 120704, 120727, 120736, 120767, 120791, 120848, 120865, 120900, 120935, 120960, 120977, 121069, 121289, 121301, 121312, 121324, 121334, 121439, 121449, 121477, 121488, 121500, 121504, 121521, 121577, 121704, 121720, 121790, 121925, 122057, 122069, 122131, 122138, 122150, 122159, 122171, 122183, 122188, 122200, 122241, 122537, 122582, 122592, 122598, 122635, 122642, 122721, 122814, 122821, 122838, 122843, 122866, 122927, 122933, 122965, 122972, 123117, 123130, 123200, 123209, 123216, 123228, 123239, 123244, 123249, 123253, 123267, 123295, 123348, 123356, 123365, 123403, 123419, 123429, 123445, 123454, 123464, 123471, 123487, 123497, 123512, 123519, 123552, 123562, 123571, 123648, 123703, 123801, 124157, 124177, 124214, 124220, 124229, 124238, 124251, 124261, 124281, 125035, 125052, 125060, 125158, 125225, 125286, 125461, 125609, 125632, 125749, 125835, 125976, 126226, 127429, 127437, 128111, 128212, 128512, 128572, 128590, 128598, 129302, 129317, 129668, 131066, 132616, 135522, 139056, 139071, 139081, 146663, 147737, 147779, 147967, 148060, 148631, 148780, 150843, 150869, 151892, 152569, 153249, 153274, 153344, 160737, 160870, 160879, 160894, 162733, 163114, 163444, 166602, 166977, 167020, 167027, 167070, 167077, 167100, 167135, 167140, 167165, 167186, 167197, 170448, 171548, 171551, 171876, 173916, 174447, 174756, 174908, 175062, 175079, 175149, 175165, 175183, 175468, 176568, 176764, 177145, 177927, 179836, 179842, 180199, 180213, 180663, 181374, 183909, 184971, 184977, 185070, 185394, 185426, 186112, 186174, 186300, 187273, 187335, 187721, 188555, 189000, 189808, 192154, 192208, 192215, 193711, 194191, 194199, 194208, 195191, 195581, 196557, 196951, 201491, 201497, 201636, 203167, 203262, 203272, 203277, 205994, 206704, 209613, 209622, 209987, 210010, 211050, 211644, 213991, 216011, 216023, 216280, 216531, 217138, 217305, 217860, 217878, 218374, 218648, 218709, 218715, 219429, 219441, 219507, 219519, 219814, 219826, 221332, 221343, 221352, 221619, 222615, 223585, 223985, 223991, 224557, 224563, 224977, 225504, 226421, 228886, 228948, 233513, 234210, 234307, 234393, 234648, 235891, 244907, 244913, 244974, 247016, 247028, 248436, 248492, 249650, 250645, 251009, 251128, 254225, 256477, 256488, 258030, 258794, 259510, 261046, 261069, 263736, 264500, 264765, 264770, 264829, 264835, 266674, 275678, 279177, 279217, 279271, 280986, 294105, 294995, 295001, 298541, 298549, 298559, 298562, 298571, 298589, 298598, 298603, 298607, 298623, 299270, 299906, 300445, 300454, 300457, 300462, 300481, 300485, 300490, 300497, 300503, 300510, 301373, 302254, 304121, 304124, 304133, 304154, 304160, 304168, 304175, 304187, 304192, 304216, 308230, 309100, 311184, 311191, 311494, 311538, 312969, 312974, 313473, 314834, 314858, 314889, 314898, 316978, 316990, 317165, 317170, 317187, 318364, 318458, 318466, 318572, 318919, 321806, 322008, 322160, 322844, 323481, 323485, 324397, 324900, 326391, 326395, 326404, 327007, 327037, 327733, 329670, 329869, 331041, 332023, 332034, 332083, 332146, 332159, 332329, 333899, 334073, 334084, 338967, 341214, 341221, 341266, 341278, 342630, 343432, 345343, 345389, 345597, 345836, 345853, 345858, 346145, 347941, 347950, 351990, 352916, 353075, 353146, 353153, 353401, 353418, 353489, 354179, 354943, 360436, 360674, 363438, 368282, 368951, 369166, 369263, 370310, 370316, 370323, 370332, 372031, 372399, 372413, 373135, 374787, 374791, 374849, 375731, 375819, 375826, 375841, 376777, 376781, 376786, 377094, 378702, 379386, 379987, 380911, 380915, 380985, 380994, 381000, 381018, 381023, 381924, 382962, 383081, 383119, 384021, 384090, 384247, 384260, 384274, 384296, 385302, 385349, 385373, 385471, 386418, 387005, 387153, 387179, 387187, 387193, 387200, 387400, 387404, 387410, 387483, 387594, 388806, 388815, 388882, 388906, 388914, 388949, 388968, 389571, 389873, 389881, 389888, 389945, 390393, 390405, 390421, 390435, 390636, 392685, 392696, 393774, 393783, 393802, 394331, 394335, 394499, 394505, 395116, 395620, 397109, 397123, 397136, 397452, 400316, 400351, 401094, 401304, 401735, 401748, 401822, 401828, 402002, 402058, 402096, 402470, 403504, 403832, 403845, 404185, 404191, 404194, 404695, 405217, 405387, 405406, 406358, 406449, 407447, 407488, 407839, 407948, 409380, 409469, 410094, 410942, 410947, 410954, 410963, 413818, 413825, 413852, 413869, 413876, 414143, 415114, 415719, 416262, 416885, 416917, 417047, 417054, 417063, 417082, 417131, 417605, 417624, 418196, 420762, 421069, 421076, 421719, 421785, 422918, 422923, 425388, 426201, 426204, 426210, 426248, 426259, 429624, 429627, 430677, 430748, 431171, 431393, 431410, 431413, 431433, 431527, 431559, 431563, 431586, 431607, 431625, 431640, 431652, 431701, 431711, 431720, 431730, 431734, 431746, 431751, 431757, 431833, 431918, 431937, 431950, 431962, 433594, 433741, 433784, 435419, 435437, 435451, 435474, 435486, 438353, 438408, 438834, 438842, 438871, 441946, 442519, 442532, 442563, 442867, 442878, 443862, 443976, 443985, 443994, 444013, 444021, 444666, 444737, 444988, 444995, 445189, 445776, 445782, 446006, 446013, 446732, 446779, 446783, 446943, 446967, 446978, 447243, 447247, 447568, 447575, 449144, 449159, 449934, 449941, 450240, 450257, 450460, 451773, 451777, 451959, 452033, 452382, 452387, 452414, 452441, 452451, 453849, 453855, 453894, 453901, 453938, 453944, 454070, 454076, 454103, 454413, 454446, 458092, 458118, 458141, 458147, 458171, 458200, 458215, 458242, 458465, 459207, 459653, 459700, 460207, 460222, 460228, 465329, 466120, 466132, 471549, 472222, 472226, 472320, 472448, 472454, 472461, 472616, 472653, 475258, 479982, 480995, 482689, 482846, 483613, 483621, 483627, 483631, 483706, 484027, 484048, 484347, 484362, 484366, 484379, 484383, 484387, 484393, 484403, 485778, 485781, 485785, 486521, 488279, 488308, 488397, 490154, 490341, 490346, 490576, 490616, 493815, 496337, 497360, 497416, 497425, 498035, 498159, 498180, 498322, 498327, 498361, 498475, 498659, 499293, 502157, 502966, 502972, 505956, 505965, 506678, 507721, 507724, 507729, 507733, 507746, 507785, 510094, 510126, 513090, 513849, 519301, 522592, 524433, 524469, 525964, 526700, 528100, 528107, 528231, 528430, 528439, 529090, 529098, 531038, 531047, 531108, 531940, 533330, 537129, 537365, 537405, 539808, 539976, 540699, 540775, 540784, 542434, 542522, 543379, 546524, 547009, 547851, 549427, 549586, 549737, 558810, 558818, 559267, 564092, 564095, 565267, 573040, 573525, 575791, 579969, 580379, 581810, 581999, 584919, 587148, 588795, 588804, 588817, 589443, 589970, 590042, 590146, 590151, 590155, 590159, 590165, 590179, 594085, 594095, 594896, 597248, 605254, 614364, 614516, 614809, 617910, 623722, 630409, 631788, 632299, 632308, 637620, 638805]
10,1616,[1343, 1354, 1860, 1864, 1894, 1912, 1950, 1960, 1978, 1988, 2010, 2231, 2252, 2349, 3366, 3372, 3385, 3405, 3412, 3421, 3433, 3471, 3498, 3552, 3601, 6138, 7708, 7713, 8052, 8056, 8211, 8310, 8437, 8524, 10472, 10483, 10621, 11206, 11301, 12359, 12374, 12466, 12483, 13126, 13140, 13181, 13191, 13208, 15293, 15943, 15947, 15957, 15963, 16133, 16252, 16410, 16598, 17124, 17837, 19189, 19193, 19242, 19681, 21389, 22470, 22475, 24539, 25504, 26840, 28305, 28312, 30141, 30754, 31399, 33154, 33172, 33288, 33631, 33720, 33774, 33814, 33820, 33828, 33948, 34628, 35246, 35386, 35509, 35523, 35530, 35565, 36943, 38169, 39527, 39743, 39752, 39790, 39845, 39880, 39910, 39921, 39933, 39950, 41284, 42552, 43237, 43244, 43261, 43330, 43339, 43487, 43552, 43687, 43977, 44037, 44043, 44069, 44114, 44145, 44163, 44240, 44244, 44249, 44253, 44262, 44269, 44390, 44421, 44425, 44460, 44475, 44494, 44728, 44888, 45497, 45524, 45589, 45594, 45608, 45643, 45655, 45671, 45676, 45695, 45717, 45732, 45738, 45748, 45764, 45788, 45794, 45825, 45842, 45861, 45866, 45876, 45902, 45914, 45922, 45966, 45973, 45980, 46052, 46077, 46087, 46132, 46184, 46199, 46262, 46369, 46376, 46958, 46966, 46970, 46979, 47007, 47019, 47051, 47064, 47087, 47094, 47164, 47177, 47225, 47251, 47265, 47275, 47286, 47321, 47341, 47359, 47365, 47375, 47524, 47581, 47601, 47648, 47665, 47679, 47688, 47710, 47729, 47740, 47767, 47777, 47788, 47814, 47889, 47906, 47942, 47953, 47968, 48034, 48041, 48104, 48159, 48177, 48185, 48201, 48221, 48242, 48278, 48294, 48317, 48326, 48348, 48369, 48378, 48403, 48419, 48425, 48449, 48454, 48464, 48476, 48495, 48531, 48544, 48782, 48875, 48890, 49035, 49075, 49088, 49096, 49130, 49143, 49156, 49170, 49182, 49202, 49286, 49300, 49309, 49321, 49347, 49362, 49369, 49393, 49396, 49484, 49523, 49562, 49625, 49642, 49696, 49704, 49712, 49722, 49727, 49734, 49746, 49759, 49778, 49848, 49884, 49890, 49914, 49924, 49931, 49963, 49979, 49995, 50006, 50031, 50039, 50064, 50079, 50107, 50150, 50161, 50182, 50188, 50201, 50226, 50249, 50269, 50322, 50371, 50434, 50446, 50457, 50485, 50507, 50616, 50691, 50704, 50720, 50726, 50738, 50750, 50756, 50780, 50797, 50806, 50839, 50843, 50966, 50974, 51004, 51024, 51035, 51049, 51064, 51077, 51310, 51319, 51351, 51365, 51377, 51504, 51522, 51568, 51583, 51602, 51684, 51700, 51730, 53516, 53550, 53894, 53959, 53968, 53974, 54015, 54025, 54036, 54047, 54054, 54061, 54065, 54117, 54128, 54155, 54165, 57963, 57974, 57990, 58006, 58017, 58040, 58058, 58071, 58077, 58092, 58106, 58118, 58140, 58151, 58171, 58193, 58204, 59183, 59208, 59329, 59335, 59354, 59368, 59390, 61791, 61800, 61917, 63702, 67095, 67149, 67168, 70463, 70809, 70817, 70827, 70855, 70870, 70891, 70897, 70911, 70926, 70935, 70944, 70957, 70963, 70975, 70985, 71005, 71024, 71041, 71055, 71067, 71077, 71086, 71385, 71394, 71403, 71409, 71417, 71446, 71456, 71480, 71492, 71502, 71517, 71523, 71532, 71543, 71551, 71564, 71578, 71589, 71599, 71791, 71860, 71906, 71969, 72305, 72401, 72783, 74209, 74222, 74230, 74747, 74764, 74780, 74951, 75150, 75158, 75182, 75200, 75268, 75294, 75432, 75453, 75464, 75488, 75860, 75889, 75937, 76003, 76011, 76023, 78927, 78944, 79928, 79949, 80066, 80616, 80747, 80760, 80770, 81370, 81532, 81553, 83500, 85087, 85135, 85143, 85154, 85165, 85219, 85242, 85261, 85290, 85564, 86155, 87399, 88963, 89679, 89693, 89714, 89762, 91594, 91615, 91783, 92135, 92266, 92275, 92286, 92316, 92323, 92331, 92410, 92416, 92655, 93448, 93457, 93692, 93735, 94654, 94962, 94967, 95146, 95532, 95760, 95928, 95936, 98057, 98065, 98468, 98480, 98491, 98598, 98727, 98859, 98890, 98899, 98953, 98970, 98985, 99262, 100701, 101294, 105765, 106567, 106846, 107438, 107467, 108080, 108197, 108204, 108242, 108491, 108823, 108830, 108855, 108901, 108939, 108956, 109070, 109074, 109079, 109083, 109092, 109099, 109395, 109563, 109596, 109604, 109629, 109646, 109717, 109742, 109752, 109829, 109901, 110056, 110064, 110075, 110084, 110093, 110299, 110395, 110446, 110467, 110479, 110493, 110498, 110579, 110653, 110682, 110705, 110719, 110724, 110759, 110854, 110872, 110927, 110933, 110960, 111131, 111279, 112051, 112440, 112447, 112452, 112506, 112987, 113207, 113407, 113644, 113652, 113785, 113828, 113867, 113885, 113902, 113938, 113942, 113949, 113965, 113984, 113997, 114031, 114133, 114174, 114219, 114326, 114405, 114421, 114425, 114431, 114453, 114499, 114545, 114568, 114597, 114609, 114675, 114752, 115028, 115055, 115063, 115080, 115162, 115174, 115187, 115213, 115223, 115237, 115253, 115265, 115323, 115427, 115434, 115439, 115473, 115488, 115496, 115548, 115600, 115635, 115651, 115658, 115683, 115689, 115733, 115756, 115808, 115816, 115830, 115862, 115871, 115892, 115899, 115933, 115960, 115967, 116070, 116090, 116105, 116116, 116132, 116137, 116159, 116177, 116194, 116249, 116258, 116264, 116283, 116318, 116354, 116415, 116442, 116447, 116472, 116491, 116508, 116512, 116525, 116623, 116646, 116694, 116730, 116748, 116775, 116793, 116821, 116823, 116872, 116905, 116908, 116912, 116926, 116946, 117198, 117303, 117369, 117381, 117589, 117623, 117642, 117775, 117807, 117829, 117918, 117933, 117949, 118056, 118409, 118423, 118453, 118460, 118475, 118511, 118519, 118571, 118581, 118598, 118627, 118635, 118858, 118871, 118925, 118970, 118989, 118997, 119005, 119190, 119232, 119259, 119273, 119295, 119312, 119318, 119324, 119343, 119352, 119369, 119429, 119439, 119469, 119489, 119513, 119521, 119532, 119755, 119787, 119849, 119887, 120113, 120127, 120135, 120224, 120233, 120238, 120253, 120257, 120301, 120336, 120352, 120383, 120413, 120440, 120449, 120468, 120481, 120523, 120549, 120667, 120748, 120806, 120815, 120838, 120847, 120878, 120902, 120959, 120976, 121011, 121046, 121071, 121088, 121180, 121400, 121412, 121423, 121435, 121445, 121550, 121560, 121588, 121599, 121611, 121615, 121632, 121688, 121815, 121831, 121901, 122036, 122168, 122180, 122242, 122249, 122261, 122270, 122282, 122294, 122299, 122311, 122352, 122648, 122693, 122703, 122709, 122746, 122753, 122832, 122925, 122932, 122949, 122954, 122977, 123038, 123044, 123076, 123083, 123228, 123241, 123311, 123320, 123327, 123339, 123350, 123355, 123360, 123364, 123378, 123406, 123459, 123467, 123476, 123514, 123530, 123540, 123556, 123565, 123575, 123582, 123598, 123608, 123623, 123630, 123663, 123673, 123682, 123759, 123814, 123912, 124268, 124288, 124325, 124331, 124340, 124349, 124362, 124372, 124392, 125146, 125163, 125171, 125269, 125336, 125397, 125572, 125720, 125743, 125860, 125946, 126087, 126337, 127540, 127548, 128222, 128323, 128624, 128684, 128702, 128710, 129414, 129429, 129780, 131178, 132728, 135634, 139168, 139183, 139193, 146776, 147850, 147892, 148080, 148173, 148744, 148893, 150956, 150982, 152005, 152682, 153362, 153387, 153457, 160851, 160984, 160993, 161008, 162856, 163237, 163567, 166725, 167100, 167143, 167150, 167193, 167200, 167223, 167258, 167263, 167288, 167309, 167320, 170571, 171671, 171674, 171999, 174039, 174570, 174879, 175031, 175185, 175202, 175272, 175288, 175306, 175591, 176691, 176887, 177268, 178050, 179959, 179965, 180322, 180336, 180786, 181497, 184041, 185103, 185109, 185202, 185526, 185558, 186244, 186306, 186432, 187405, 187467, 187853, 188687, 189132, 189940, 192286, 192340, 192347, 193843, 194323, 194331, 194340, 195323, 195713, 196689, 197083, 201633, 201639, 201778, 203309, 203404, 203414, 203419, 206136, 206846, 209755, 209764, 210129, 210152, 211192, 211786, 214133, 216153, 216165, 216422, 216672, 217278, 217445, 218000, 218018, 218514, 218788, 218849, 218855, 219579, 219591, 219657, 219669, 219964, 219976, 221482, 221493, 221502, 221769, 222765, 223735, 224135, 224141, 224707, 224713, 225127, 225654, 226571, 229036, 229098, 233663, 234360, 234457, 234543, 234798, 236041, 245060, 245066, 245127, 247169, 247181, 248589, 248645, 249803, 250798, 251162, 251281, 254378, 256633, 256644, 258186, 258950, 259666, 261202, 261225, 263892, 264656, 264921, 264926, 264985, 264991, 266830, 275834, 279332, 279372, 279426, 281141, 294262, 295152, 295158, 298699, 298707, 298717, 298720, 298729, 298747, 298756, 298761, 298765, 298781, 299428, 300064, 300603, 300612, 300615, 300620, 300639, 300643, 300648, 300655, 300661, 300668, 301531, 302412, 304279, 304282, 304291, 304312, 304318, 304326, 304333, 304345, 304350, 304374, 308388, 309258, 311343, 311350, 311653, 311697, 313128, 313133, 313632, 314993, 315017, 315048, 315057, 317137, 317149, 317324, 317329, 317346, 318523, 318617, 318625, 318731, 319078, 321965, 322167, 322319, 323003, 323640, 323644, 324556, 325059, 326550, 326554, 326563, 327166, 327196, 327892, 329829, 330028, 331200, 332182, 332193, 332242, 332305, 332318, 332488, 334058, 334232, 334243, 339126, 341373, 341380, 341425, 341437, 342789, 343591, 345502, 345548, 345756, 345995, 346012, 346017, 346304, 348100, 348109, 352149, 353075, 353234, 353305, 353312, 353560, 353577, 353648, 354338, 355102, 360596, 360834, 363601, 368445, 369114, 369329, 369426, 370473, 370479, 370486, 370495, 372194, 372562, 372576, 373298, 374950, 374954, 375012, 375894, 375982, 375989, 376004, 376940, 376944, 376949, 377257, 378865, 379549, 380150, 381074, 381078, 381148, 381157, 381163, 381181, 381186, 382087, 383125, 383244, 383282, 384184, 384253, 384410, 384423, 384437, 384459, 385465, 385512, 385536, 385634, 386581, 387168, 387316, 387342, 387350, 387356, 387363, 387563, 387567, 387573, 387646, 387757, 388969, 388978, 389045, 389069, 389077, 389112, 389131, 389734, 390036, 390044, 390051, 390108, 390556, 390568, 390584, 390598, 390799, 392851, 392862, 393940, 393949, 393968, 394497, 394501, 394665, 394671, 395282, 395786, 397275, 397289, 397302, 397618, 400482, 400517, 401260, 401470, 401901, 401914, 401988, 401994, 402168, 402224, 402262, 402636, 403670, 403998, 404011, 404351, 404357, 404360, 404861, 405383, 405553, 405572, 406524, 406615, 407613, 407654, 408005, 408114, 409546, 409635, 410260, 411108, 411113, 411120, 411129, 413984, 413991, 414018, 414035, 414042, 414309, 415280, 415885, 416428, 417051, 417083, 417213, 417220, 417229, 417248, 417297, 417771, 417790, 418362, 420928, 421235, 421242, 421885, 421951, 423084, 423089, 425554, 426367, 426370, 426376, 426414, 426425, 429791, 429794, 430847, 430918, 431341, 431563, 431580, 431583, 431603, 431697, 431729, 431733, 431756, 431777, 431795, 431810, 431822, 431871, 431881, 431890, 431900, 431904, 431916, 431921, 431927, 432003, 432088, 432107, 432120, 432132, 433764, 433911, 433954, 435589, 435607, 435621, 435644, 435656, 438523, 438578, 439004, 439012, 439041, 442116, 442689, 442702, 442733, 443037, 443048, 444032, 444146, 444155, 444164, 444183, 444191, 444836, 444907, 445158, 445165, 445359, 445946, 445952, 446176, 446183, 446902, 446949, 446953, 447113, 447137, 447148, 447413, 447417, 447738, 447745, 449314, 449329, 450104, 450111, 450410, 450427, 450630, 451943, 451947, 452129, 452203, 452552, 452557, 452584, 452611, 452621, 454019, 454025, 454064, 454071, 454108, 454114, 454240, 454246, 454273, 454583, 454616, 458262, 458288, 458311, 458317, 458341, 458370, 458385, 458412, 458635, 459377, 459823, 459870, 460377, 460392, 460398, 465500, 466291, 466303, 471720, 472392, 472396, 472490, 472618, 472624, 472631, 472786, 472823, 475428, 480150, 481162, 482854, 483011, 483778, 483786, 483792, 483796, 483871, 484192, 484213, 484512, 484527, 484531, 484544, 484548, 484552, 484558, 484568, 485942, 485945, 485949, 486684, 488441, 488470, 488559, 490314, 490501, 490506, 490736, 490776, 493975, 496506, 497529, 497585, 497594, 498204, 498328, 498349, 498491, 498496, 498530, 498644, 498828, 499462, 502326, 503135, 503141, 506125, 506134, 506847, 507890, 507893, 507898, 507902, 507915, 507954, 510263, 510295, 513259, 514018, 519473, 522764, 524605, 524641, 526136, 526872, 528275, 528282, 528406, 528605, 528614, 529265, 529273, 531213, 531222, 531283, 532115, 533505, 537304, 537540, 537580, 539983, 540151, 540874, 540950, 540959, 542609, 542697, 543554, 546699, 547184, 548026, 549605, 549764, 549915, 558988, 558996, 559445, 564270, 564273, 565447, 573220, 573705, 575971, 580149, 580559, 581990, 582179, 585104, 587333, 588980, 588989, 589002, 589628, 590155, 590227, 590331, 590336, 590340, 590344, 590350, 590364, 594276, 594286, 595087, 597439, 605456, 614598, 614750, 615043, 618162, 623976, 630678, 632063, 632574, 632583, 637895, 639080]
12,1,[240]
15,3,[36853, 116398, 160580]
17,105,[2155, 2159, 2327, 3892, 7342, 7536, 7570, 11556, 11564, 11568, 14485, 19248, 19294, 19318, 19416, 22059, 24323, 24397, 24412, 25875, 26251, 27601, 35495, 36203, 36418, 36519, 40163, 40221, 51992, 58359, 59252, 59733, 59739, 65515, 65535, 65643, 66122, 66128, 66493, 66539, 66570, 66588, 66663, 66667, 66672, 66676, 66685, 66692, 67280, 68965, 75229, 76664, 76670, 76676, 89187, 90971, 90997, 91051, 92454, 93950, 102699, 102714, 103149, 105111, 113465, 113475, 113480, 113489, 113542, 157771, 157776, 160312, 162434, 162569, 162583, 177603, 177709, 177719, 177753, 177857, 177862, 177890, 178000, 178190, 178872, 183845, 185217, 185238, 185635, 185661, 185669, 185675, 185682, 185690, 185887, 185891, 185897, 185971, 200214, 200937, 201191, 201203, 201208, 202191, 210061]
20,31,[13137, 13431, 13504, 13509, 13562, 13609, 13676, 19204, 21547, 27824, 27829, 28116, 28288, 32947, 40284, 40294, 43672, 46628, 47997, 50704, 50708, 50817, 50855, 50867, 50886, 50894, 50919, 51951, 58735, 64475, 65790]
26,31,[13721, 14016, 14089, 14094, 14147, 14194, 14261, 19905, 19910, 22293, 28652, 28657, 28950, 29125, 33823, 41225, 41235, 44631, 49010, 51756, 51759, 51870, 51908, 51920, 51939, 51949, 51974, 53030, 59933, 65874, 67206]
28,1,[8797]
30,1616,[1250, 1261, 1767, 1771, 1801, 1819, 1857, 1867, 1885, 1895, 1917, 2138, 2159, 2256, 3272, 3278, 3291, 3311, 3318, 3327, 3339, 3377, 3404, 3458, 3507, 6044, 7614, 7619, 7958, 7962, 8117, 8216, 8343, 8430, 10378, 10389, 10527, 11112, 11207, 12265, 12280, 12372, 12389, 13032, 13046, 13087, 13097, 13114, 15199, 15849, 15853, 15863, 15869, 16039, 16158, 16316, 16504, 17030, 17743, 19095, 19099, 19148, 19587, 21295, 22376, 22381, 24445, 25410, 26746, 28211, 28218, 30047, 30660, 31305, 33056, 33074, 33190, 33533, 33622, 33676, 33716, 33722, 33730, 33850, 34530, 35148, 35288, 35411, 35425, 35432, 35467, 36845, 38071, 39429, 39645, 39654, 39692, 39747, 39782, 39812, 39823, 39835, 39852, 41186, 42454, 43139, 43146, 43163, 43232, 43241, 43389, 43454, 43589, 43879, 43939, 43945, 43971, 44016, 44047, 44065, 44142, 44146, 44151, 44155, 44164, 44171, 44292, 44323, 44327, 44362, 44377, 44396, 44630, 44790, 45399, 45426, 45491, 45496, 45510, 45545, 45557, 45573, 45578, 45597, 45619, 45634, 45640, 45650, 45666, 45690, 45696, 45727, 45744, 45763, 45768, 45778, 45804, 45816, 45824, 45868, 45875, 45882, 45954, 45979, 45989, 46034, 46086, 46101, 46164, 46271, 46278, 46860, 46868, 46872, 46881, 46909, 46921, 46953, 46966, 46989, 46996, 47066, 47079, 47127, 47153, 47167, 47177, 47188, 47223, 47243, 47261, 47267, 47277, 47426, 47483, 47503, 47550, 47567, 47581, 47590, 47612, 47631, 47642, 47669, 47679, 47690, 47716, 47791, 47808, 47844, 47855, 47870, 47936, 47943, 48006, 48061, 48079, 48087, 48103, 48123, 48144, 48180, 48196, 48219, 48228, 48250, 48271, 48280, 48305, 48321, 48327, 48351, 48356, 48366, 48378, 48397, 48433, 48446, 48684, 48777, 48792, 48937, 48977, 48990, 48998, 49032, 49045, 49058, 49072, 49084, 49104, 49188, 49202, 49211, 49223, 49249, 49264, 49271, 49295, 49298, 49386, 49425, 49464, 49527, 49544, 49598, 49606, 49614, 49624, 49629, 49636, 49648, 49661, 49680, 49750, 49786, 49792, 49816, 49826, 49833, 49865, 49881, 49897, 49908, 49933, 49941, 49966, 49981, 50009, 50052, 50063, 50084, 50090, 50103, 50128, 50151, 50171, 50224, 50273, 50336, 50348, 50359, 50387, 50409, 50518, 50593, 50606, 50622, 50628, 50640, 50652, 50658, 50682, 50699, 50708, 50741, 50745, 50868, 50876, 50906, 50926, 50937, 50951, 50966, 50979, 51212, 51221, 51253, 51267, 51279, 51406, 51424, 51470, 51485, 51504, 51586, 51602, 51632, 53417, 53451, 53795, 53860, 53869, 53875, 53916, 53926, 53937, 53948, 53955, 53962, 53966, 54018, 54029, 54056, 54066, 57864, 57875, 57891, 57907, 57918, 57941, 57959, 57972, 57978, 57993, 58007, 58019, 58041, 58052, 58072, 58094, 58105, 59080, 59105, 59226, 59232, 59251, 59265, 59287, 61688, 61697, 61814, 63599, 66992, 67046, 67065, 70360, 70706, 70714, 70724, 70752, 70767, 70788, 70794, 70808, 70823, 70832, 70841, 70854, 70860, 70872, 70882, 70902, 70921, 70938, 70952, 70964, 70974, 70983, 71282, 71291, 71300, 71306, 71314, 71343, 71353, 71377, 71389, 71399, 71414, 71420, 71429, 71440, 71448, 71461, 71475, 71486, 71496, 71688, 71757, 71803, 71866, 72202, 72298, 72680, 74106, 74119, 74127, 74644, 74661, 74677, 74848, 75047, 75055, 75079, 75097, 75165, 75191, 75329, 75350, 75361, 75385, 75757, 75786, 75834, 75900, 75908, 75920, 78820, 78837, 79821, 79842, 79959, 80509, 80640, 80653, 80663, 81263, 81425, 81446, 83393, 84980, 85028, 85036, 85047, 85058, 85112, 85135, 85154, 85183, 85457, 86048, 87292, 88856, 89572, 89586, 89607, 89655, 91487, 91508, 91676, 92028, 92159, 92168, 92179, 92209, 92216, 92224, 92303, 92309, 92548, 93341, 93350, 93585, 93628, 94547, 94855, 94860, 95039, 95425, 95653, 95821, 95829, 97950, 97958, 98361, 98373, 98384, 98491, 98620, 98752, 98783, 98792, 98846, 98863, 98878, 99155, 100594, 101187, 105654, 106456, 106735, 107327, 107356, 107969, 108086, 108093, 108131, 108380, 108712, 108719, 108744, 108790, 108828, 108845, 108959, 108963, 108968, 108972, 108981, 108988, 109284, 109452, 109485, 109493, 109518, 109535, 109606, 109631, 109641, 109718, 109790, 109945, 109953, 109964, 109973, 109982, 110188, 110284, 110335, 110356, 110368, 110382, 110387, 110468, 110542, 110571, 110594, 110608, 110613, 110648, 110743, 110761, 110816, 110822, 110849, 111020, 111168, 111940, 112329, 112336, 112341, 112395, 112876, 113096, 113296, 113533, 113541, 113674, 113717, 113756, 113774, 113791, 113827, 113831, 113838, 113854, 113873, 113886, 113920, 114022, 114063, 114108, 114215, 114294, 114310, 114314, 114320, 114342, 114388, 114434, 114457, 114486, 114498, 114564, 114641, 114917, 114944, 114952, 114969, 115051, 115063, 115076, 115102, 115112, 115126, 115142, 115154, 115212, 115316, 115323, 115328, 115362, 115377, 115385, 115437, 115489, 115524, 115540, 115547, 115572, 115578, 115622, 115645, 115697, 115705, 115719, 115751, 115760, 115781, 115788, 115822, 115849, 115856, 115959, 115979, 115994, 116005, 116021, 116026, 116048, 116066, 116083, 116138, 116147, 116153, 116172, 116207, 116243, 116304, 116331, 116336, 116361, 116380, 116397, 116401, 116414, 116512, 116535, 116583, 116619, 116637, 116664, 116682, 116710, 116712, 116761, 116794, 116797, 116801, 116815, 116835, 117087, 117192, 117258, 117270, 117478, 117512, 117531, 117664, 117696, 117718, 117807, 117822, 117838, 117945, 118298, 118312, 118342, 118349, 118364, 118400, 118408, 118460, 118470, 118487, 118516, 118524, 118747, 118760, 118814, 118859, 118878, 118886, 118894, 119079, 119121, 119148, 119162, 119184, 119201, 119207, 119213, 119232, 119241, 119258, 119318, 119328, 119358, 119378, 119402, 119410, 119421, 119644, 119676, 119738, 119776, 120002, 120016, 120024, 120113, 120122, 120127, 120142, 120146, 120190, 120225, 120241, 120272, 120302, 120329, 120338, 120357, 120370, 120412, 120438, 120556, 120637, 120695, 120704, 120727, 120736, 120767, 120791, 120848, 120865, 120900, 120935, 120960, 120977, 121069, 121289, 121301, 121312, 121324, 121334, 121439, 121449, 121477, 121488, 121500, 121504, 121521, 121577, 121704, 121720, 121790, 121925, 122057, 122069, 122131, 122138, 122150, 122159, 122171, 122183, 122188, 122200, 122241, 122537, 122582, 122592, 122598, 122635, 122642, 122721, 122814, 122821, 122838, 122843, 122866, 122927, 122933, 122965, 122972, 123117, 123130, 123200, 123209, 123216, 123228, 123239, 123244, 123249, 123253, 123267, 123295, 123348, 123356, 123365, 123403, 123419, 123429, 123445, 123454, 123464, 123471, 123487, 123497, 123512, 123519, 123552, 123562, 123571, 123648, 123703, 123801, 124157, 124177, 124214, 124220, 124229, 124238, 124251, 124261, 124281, 125035, 125052, 125060, 125158, 125225, 125286, 125461, 125609, 125632, 125749, 125835, 125976, 126226, 127429, 127437, 128111, 128212, 128512, 128572, 128590, 128598, 129302, 129317, 129668, 131066, 132616, 135522, 139056, 139071, 139081, 146663, 147737, 147779, 147967, 148060, 148631, 148780, 150843, 150869, 151892, 152569, 153249, 153274, 153344, 160737, 160870, 160879, 160894, 162733, 163114, 163444, 166602, 166977, 167020, 167027, 167070, 167077, 167100, 167135, 167140, 167165, 167186, 167197, 170448, 171548, 171551, 171876, 173916, 174447, 174756, 174908, 175062, 175079, 175149, 175165, 175183, 175468, 176568, 176764, 177145, 177927, 179836, 179842, 180199, 180213, 180663, 181374, 183909, 184971, 184977, 185070, 185394, 185426, 186112, 186174, 186300, 187273, 187335, 187721, 188555, 189000, 189808, 192154, 192208, 192215, 193711, 194191, 194199, 194208, 195191, 195581, 196557, 196951, 201491, 201497, 201636, 203167, 203262, 203272, 203277, 205994, 206704, 209613, 209622, 209987, 210010, 211050, 211644, 213991, 216011, 216023, 216280, 216531, 217138, 217305, 217860, 217878, 218374, 218648, 218709, 218715, 219429, 219441, 219507, 219519, 219814, 219826, 221332, 221343, 221352, 221619, 222615, 223585, 223985, 223991, 224557, 224563, 224977, 225504, 226421, 228886, 228948, 233513, 234210, 234307, 234393, 234648, 235891, 244907, 244913, 244974, 247016, 247028, 248436, 248492, 249650, 250645, 251009, 251128, 254225, 256477, 256488, 258030, 258794, 259510, 261046, 261069, 263736, 264500, 264765, 264770, 264829, 264835, 266674, 275678, 279177, 279217, 279271, 280986, 294105, 294995, 295001, 298541, 298549, 298559, 298562, 298571, 298589, 298598, 298603, 298607, 298623, 299270, 299906, 300445, 300454, 300457, 300462, 300481, 300485, 300490, 300497, 300503, 300510, 301373, 302254, 304121, 304124, 304133, 304154, 304160, 304168, 304175, 304187, 304192, 304216, 308230, 309100, 311184, 311191, 311494, 311538, 312969, 312974, 313473, 314834, 314858, 314889, 314898, 316978, 316990, 317165, 317170, 317187, 318364, 318458, 318466, 318572, 318919, 321806, 322008, 322160, 322844, 323481, 323485, 324397, 324900, 326391, 326395, 326404, 327007, 327037, 327733, 329670, 329869, 331041, 332023, 332034, 332083, 332146, 332159, 332329, 333899, 334073, 334084, 338967, 341214, 341221, 341266, 341278, 342630, 343432, 345343, 345389, 345597, 345836, 345853, 345858, 346145, 347941, 347950, 351990, 352916, 353075, 353146, 353153, 353401, 353418, 353489, 354179, 354943, 360436, 360674, 363438, 368282, 368951, 369166, 369263, 370310, 370316, 370323, 370332, 372031, 372399, 372413, 373135, 374787, 374791, 374849, 375731, 375819, 375826, 375841, 376777, 376781, 376786, 377094, 378702, 379386, 379987, 380911, 380915, 380985, 380994, 381000, 381018, 381023, 381924, 382962, 383081, 383119, 384021, 384090, 384247, 384260, 384274, 384296, 385302, 385349, 385373, 385471, 386418, 387005, 387153, 387179, 387187, 387193, 387200, 387400, 387404, 387410, 387483, 387594, 388806, 388815, 388882, 388906, 388914, 388949, 388968, 389571, 389873, 389881, 389888, 389945, 390393, 390405, 390421, 390435, 390636, 392685, 392696, 393774, 393783, 393802, 394331, 394335, 394499, 394505, 395116, 395620, 397109, 397123, 397136, 397452, 400316, 400351, 401094, 401304, 401735, 401748, 401822, 401828, 402002, 402058, 402096, 402470, 403504, 403832, 403845, 404185, 404191, 404194, 404695, 405217, 405387, 405406, 406358, 406449, 407447, 407488, 407839, 407948, 409380, 409469, 410094, 410942, 410947, 410954, 410963, 413818, 413825, 413852, 413869, 413876, 414143, 415114, 415719, 416262, 416885, 416917, 417047, 417054, 417063, 417082, 417131, 417605, 417624, 418196, 420762, 421069, 421076, 421719, 421785, 422918, 422923, 425388, 426201, 426204, 426210, 426248, 426259, 429624, 429627, 430677, 430748, 431171, 431393, 431410, 431413, 431433, 431527, 431559, 431563, 431586, 431607, 431625, 431640, 431652, 431701, 431711, 431720, 431730, 431734, 431746, 431751, 431757, 431833, 431918, 431937, 431950, 431962, 433594, 433741, 433784, 435419, 435437, 435451, 435474, 435486, 438353, 438408, 438834, 438842, 438871, 441946, 442519, 442532, 442563, 442867, 442878, 443862, 443976, 443985, 443994, 444013, 444021, 444666, 444737, 444988, 444995, 445189, 445776, 445782, 446006, 446013, 446732, 446779, 446783, 446943, 446967, 446978, 447243, 447247, 447568, 447575, 449144, 449159, 449934, 449941, 450240, 450257, 450460, 451773, 451777, 451959, 452033, 452382, 452387, 452414, 452441, 452451, 453849, 453855, 453894, 453901, 453938, 453944, 454070, 454076, 454103, 454413, 454446, 458092, 458118, 458141, 458147, 458171, 458200, 458215, 458242, 458465, 459207, 459653, 459700, 460207, 460222, 460228, 465329, 466120, 466132, 471549, 472222, 472226, 472320, 472448, 472454, 472461, 472616, 472653, 475258, 479982, 480995, 482689, 482846, 483613, 483621, 483627, 483631, 483706, 484027, 484048, 484347, 484362, 484366, 484379, 484383, 484387, 484393, 484403, 485778, 485781, 485785, 486521, 488279, 488308, 488397, 490154, 490341, 490346, 490576, 490616, 493815, 496337, 497360, 497416, 497425, 498035, 498159, 498180, 498322, 498327, 498361, 498475, 498659, 499293, 502157, 502966, 502972, 505956, 505965, 506678, 507721, 507724, 507729, 507733, 507746, 507785, 510094, 510126, 513090, 513849, 519301, 522592, 524433, 524469, 525964, 526700, 528100, 528107, 528231, 528430, 528439, 529090, 529098, 531038, 531047, 531108, 531940, 533330, 537129, 537365, 537405, 539808, 539976, 540699, 540775, 540784, 542434, 542522, 543379, 546524, 547009, 547851, 549427, 549586, 549737, 558810, 558818, 559267, 564092, 564095, 565267, 573040, 573525, 575791, 579969, 580379, 581810, 581999, 584919, 587148, 588795, 588804, 588817, 589443, 589970, 590042, 590146, 590151, 590155, 590159, 590165, 590179, 594085, 594095, 594896, 597248, 605254, 614364, 614516, 614809, 617910, 623722, 630409, 631788, 632299, 632308, 637620, 638805]
