10,1,[635036]
13,1,[1244]
15,4,[66361, 127321, 129434, 129723]
18,4,[42186, 45802, 60365, 134406]
19,2,[17343, 17752]
20,9,[2237, 2921, 4844, 15293, 23352, 23387, 33080, 48923, 59348]
22,1,[78708]
23,1,[22234]
26,9,[2631, 3379, 5363, 15928, 24122, 24157, 33958, 49954, 60608]
27,10,[2430, 3681, 7371, 23258, 27341, 32061, 67255, 67264, 68904, 87951]
30,1,[634761]
10,1,[635036]
13,1,[1244]
15,4,[66361, 127321, 129434, 129723]
18,4,[42186, 45802, 60365, 134406]
19,2,[17343, 17752]
20,9,[2237, 2921, 4844, 15293, 23352, 23387, 33080, 48923, 59348]
22,1,[78708]
23,1,[22234]
26,9,[2631, 3379, 5363, 15928, 24122, 24157, 33958, 49954, 60608]
27,10,[2430, 3681, 7371, 23258, 27341, 32061, 67255, 67264, 68904, 87951]
30,1,[634761]
