10,25,[34001, 130732, 130747, 169520, 169526, 310706, 310712, 320844, 322358, 323276, 340712, 346535, 354294, 365433, 381142, 385078, 432062, 575327, 631738, 632127, 637402, 637464, 637488, 637493, 639654]
11,6,[5982, 6377, 7909, 14596, 14661, 14952]
12,3,[2985, 7421, 9613]
14,16,[5352, 11034, 15761, 31815, 53615, 77384, 90711, 93936, 103221, 120633, 122642, 125947, 127675, 132157, 160722, 174298]
15,43,[5793, 11876, 23743, 27210, 29685, 31297, 32262, 33416, 41306, 43135, 43760, 46401, 50733, 51119, 51125, 60697, 67475, 68910, 88168, 88474, 88938, 89059, 89860, 90668, 93353, 93659, 98959, 100535, 100911, 102959, 104402, 104919, 105343, 109362, 109382, 125117, 126724, 128380, 148628, 156183, 161738, 161739, 169077]
16,8,[7290, 11894, 14189, 18140, 19516, 23981, 32917, 35538]
17,6,[18831, 32469, 53108, 102332, 127889, 173920]
18,1,[47627]
19,1,[11016]
20,7,[10562, 15397, 45828, 52758, 55647, 56846, 61470]
21,3,[12695, 24938, 31049]
22,55,[23357, 23741, 33985, 33992, 34008, 34101, 34105, 34109, 34111, 34384, 37860, 49332, 49630, 50099, 51360, 52141, 53134, 53467, 54269, 56897, 56909, 56921, 60423, 60449, 60462, 68822, 68829, 68831, 68833, 68854, 68856, 70867, 71459, 101408, 101410, 101482, 101674, 101797, 104829, 105504, 105506, 105615, 105802, 105803, 105805, 110248, 115588, 127579, 130834, 138903, 139206, 145724, 148421, 152378, 153717]
23,1,[8142]
24,11,[134, 12843, 15856, 17279, 19186, 19394, 22297, 26708, 28783, 41822, 42409]
25,13,[5721, 30727, 73774, 76794, 84105, 86952, 89991, 99124, 115579, 117470, 120668, 123890, 126469]
26,6,[11121, 46830, 53857, 56807, 57994, 62774]
27,5,[37188, 49745, 49818, 66858, 70884]
28,1,[7758]
30,25,[33903, 130620, 130635, 169397, 169403, 310548, 310554, 320685, 322199, 323117, 340553, 346376, 354135, 365270, 380979, 384915, 431892, 575147, 631463, 631852, 637127, 637189, 637213, 637218, 639379]
10,25,[34001, 130732, 130747, 169520, 169526, 310706, 310712, 320844, 322358, 323276, 340712, 346535, 354294, 365433, 381142, 385078, 432062, 575327, 631738, 632127, 637402, 637464, 637488, 637493, 639654]
11,6,[5982, 6377, 7909, 14596, 14661, 14952]
12,3,[2985, 7421, 9613]
14,16,[5352, 11034, 15761, 31815, 53615, 77384, 90711, 93936, 103221, 120633, 122642, 125947, 127675, 132157, 160722, 174298]
15,43,[5793, 11876, 23743, 27210, 29685, 31297, 32262, 33416, 41306, 43135, 43760, 46401, 50733, 51119, 51125, 60697, 67475, 68910, 88168, 88474, 88938, 89059, 89860, 90668, 93353, 93659, 98959, 100535, 100911, 102959, 104402, 104919, 105343, 109362, 109382, 125117, 126724, 128380, 148628, 156183, 161738, 161739, 169077]
16,8,[7290, 11894, 14189, 18140, 19516, 23981, 32917, 35538]
17,6,[18831, 32469, 53108, 102332, 127889, 173920]
18,1,[47627]
19,1,[11016]
20,7,[10562, 15397, 45828, 52758, 55647, 56846, 61470]
21,3,[12695, 24938, 31049]
22,55,[23357, 23741, 33985, 33992, 34008, 34101, 34105, 34109, 34111, 34384, 37860, 49332, 49630, 50099, 51360, 52141, 53134, 53467, 54269, 56897, 56909, 56921, 60423, 60449, 60462, 68822, 68829, 68831, 68833, 68854, 68856, 70867, 71459, 101408, 101410, 101482, 101674, 101797, 104829, 105504, 105506, 105615, 105802, 105803, 105805, 110248, 115588, 127579, 130834, 138903, 139206, 145724, 148421, 152378, 153717]
23,1,[8142]
24,11,[134, 12843, 15856, 17279, 19186, 19394, 22297, 26708, 28783, 41822, 42409]
25,13,[5721, 30727, 73774, 76794, 84105, 86952, 89991, 99124, 115579, 117470, 120668, 123890, 126469]
26,6,[11121, 46830, 53857, 56807, 57994, 62774]
27,5,[37188, 49745, 49818, 66858, 70884]
28,1,[7758]
30,25,[33903, 130620, 130635, 169397, 169403, 310548, 310554, 320685, 322199, 323117, 340553, 346376, 354135, 365270, 380979, 384915, 431892, 575147, 631463, 631852, 637127, 637189, 637213, 637218, 639379]
