11,1,[17374]
14,1,[61491]
15,31,[250, 22916, 24493, 30041, 44964, 58122, 58172, 58268, 58334, 84226, 84263, 85050, 88536, 90720, 91485, 91498, 91525, 92381, 92384, 93193, 93688, 93707, 98937, 98985, 112405, 142457, 147937, 152939, 157484, 165475, 172187]
16,1,[8640]
22,3,[122288, 123001, 123003]
25,1,[59047]
11,1,[17374]
14,1,[61491]
15,31,[250, 22916, 24493, 30041, 44964, 58122, 58172, 58268, 58334, 84226, 84263, 85050, 88536, 90720, 91485, 91498, 91525, 92381, 92384, 93193, 93688, 93707, 98937, 98985, 112405, 142457, 147937, 152939, 157484, 165475, 172187]
16,1,[8640]
22,3,[122288, 123001, 123003]
25,1,[59047]
