10,32,[83359, 297864, 300162, 300640, 302624, 304363, 308808, 309015, 310577, 310732, 317066, 325021, 329458, 329480, 329531, 329708, 334765, 340243, 359459, 368740, 389651, 395979, 469330, 471474, 498086, 504249, 506365, 600163, 600188, 608938, 639291, 640783]
12,1,[19114]
15,3,[927, 128968, 150578]
17,12,[35788, 86608, 120812, 123635, 154990, 177468, 181894, 183076, 197428, 201653, 201659, 203364]
19,3,[3739, 14891, 26436]
20,10,[11814, 12348, 15370, 20373, 20484, 33052, 34750, 39170, 42878, 53666]
21,1,[12862]
22,12,[5352, 54696, 54735, 63581, 83464, 86490, 107528, 134683, 135516, 140552, 140554, 141166]
23,1,[26294]
24,2,[2656, 6837]
26,10,[12400, 12934, 16008, 21099, 21211, 33930, 35638, 40112, 43826, 54793]
27,6,[3582, 17413, 44626, 86317, 91915, 100283]
30,32,[83252, 297706, 300004, 300482, 302466, 304205, 308650, 308857, 310419, 310574, 316907, 324862, 329299, 329321, 329372, 329549, 334606, 340084, 359299, 368577, 389488, 395813, 469159, 471303, 497917, 504080, 506196, 599966, 599991, 608726, 639016, 640508]
10,32,[83359, 297864, 300162, 300640, 302624, 304363, 308808, 309015, 310577, 310732, 317066, 325021, 329458, 329480, 329531, 329708, 334765, 340243, 359459, 368740, 389651, 395979, 469330, 471474, 498086, 504249, 506365, 600163, 600188, 608938, 639291, 640783]
12,1,[19114]
15,3,[927, 128968, 150578]
17,12,[35788, 86608, 120812, 123635, 154990, 177468, 181894, 183076, 197428, 201653, 201659, 203364]
19,3,[3739, 14891, 26436]
20,10,[11814, 12348, 15370, 20373, 20484, 33052, 34750, 39170, 42878, 53666]
21,1,[12862]
22,12,[5352, 54696, 54735, 63581, 83464, 86490, 107528, 134683, 135516, 140552, 140554, 141166]
23,1,[26294]
24,2,[2656, 6837]
26,10,[12400, 12934, 16008, 21099, 21211, 33930, 35638, 40112, 43826, 54793]
27,6,[3582, 17413, 44626, 86317, 91915, 100283]
30,32,[83252, 297706, 300004, 300482, 302466, 304205, 308650, 308857, 310419, 310574, 316907, 324862, 329299, 329321, 329372, 329549, 334606, 340084, 359299, 368577, 389488, 395813, 469159, 471303, 497917, 504080, 506196, 599966, 599991, 608726, 639016, 640508]
