10,11,[198015, 346377, 364768, 476503, 477377, 487191, 521524, 538533, 548314, 552518, 582551]
11,1,[2372]
12,5,[8040, 8068, 8071, 8099, 18827]
15,2,[10926, 36855]
16,1,[15168]
17,1,[31811]
19,37,[3621, 3665, 5986, 6984, 7268, 8181, 8653, 8678, 8701, 8951, 9760, 10130, 10811, 10889, 10916, 13406, 13773, 15032, 15082, 15148, 15501, 15591, 15616, 15672, 16062, 16846, 19143, 20803, 20835, 21411, 25255, 25568, 25834, 26033, 26282, 26355, 26790]
20,6,[9628, 15707, 15721, 17982, 24358, 36647]
21,1,[16340]
22,5,[54769, 69383, 101530, 111541, 134781]
23,1,[23153]
24,10,[937, 3708, 5502, 6578, 23410, 30494, 32755, 41795, 44131, 45054]
25,1,[133521]
26,6,[10181, 16352, 16366, 18685, 25127, 37557]
27,9,[27212, 53511, 59669, 66716, 67240, 76464, 85455, 89935, 101033]
30,11,[197883, 346218, 364605, 476334, 477208, 487028, 521352, 538358, 548139, 552340, 582371]
10,11,[198015, 346377, 364768, 476503, 477377, 487191, 521524, 538533, 548314, 552518, 582551]
11,1,[2372]
12,5,[8040, 8068, 8071, 8099, 18827]
15,2,[10926, 36855]
16,1,[15168]
17,1,[31811]
19,37,[3621, 3665, 5986, 6984, 7268, 8181, 8653, 8678, 8701, 8951, 9760, 10130, 10811, 10889, 10916, 13406, 13773, 15032, 15082, 15148, 15501, 15591, 15616, 15672, 16062, 16846, 19143, 20803, 20835, 21411, 25255, 25568, 25834, 26033, 26282, 26355, 26790]
20,6,[9628, 15707, 15721, 17982, 24358, 36647]
21,1,[16340]
22,5,[54769, 69383, 101530, 111541, 134781]
23,1,[23153]
24,10,[937, 3708, 5502, 6578, 23410, 30494, 32755, 41795, 44131, 45054]
25,1,[133521]
26,6,[10181, 16352, 16366, 18685, 25127, 37557]
27,9,[27212, 53511, 59669, 66716, 67240, 76464, 85455, 89935, 101033]
30,11,[197883, 346218, 364605, 476334, 477208, 487028, 521352, 538358, 548139, 552340, 582371]
