10,39,[30941, 96753, 124384, 147214, 208137, 219359, 219370, 219388, 260225, 260772, 260785, 266437, 266443, 266470, 300020, 321391, 334911, 336529, 356553, 364015, 372376, 372613, 382357, 389843, 446353, 446676, 446788, 448365, 470975, 471270, 518105, 531924, 531945, 532054, 532124, 624309, 634746, 639145, 639196]
12,1,[8362]
14,184,[2314, 2325, 2338, 2344, 2354, 2368, 2402, 2412, 2452, 2475, 2490, 2552, 2557, 2636, 2681, 4673, 5621, 7769, 9885, 10265, 11286, 12389, 13479, 14479, 15200, 17126, 17900, 19002, 21284, 22992, 25118, 27749, 29488, 32063, 32999, 33036, 33042, 33878, 34508, 37192, 38461, 38505, 40491, 43840, 44766, 44794, 45948, 45998, 47030, 47980, 48031, 48052, 50438, 51459, 52665, 54647, 55635, 57099, 57889, 58719, 58914, 60237, 60281, 61586, 61810, 61824, 62578, 64964, 65870, 66032, 66914, 67586, 68664, 68710, 70693, 77581, 78406, 78443, 78455, 79773, 80627, 81831, 82175, 83327, 84467, 85540, 86613, 87870, 88009, 89153, 90121, 90932, 92198, 94200, 96918, 97706, 97866, 98648, 100882, 102597, 102643, 102661, 103503, 104993, 106588, 108670, 109466, 110849, 110991, 111602, 111641, 112272, 114681, 116381, 120068, 120870, 122258, 124245, 124291, 125201, 126755, 127922, 129692, 132231, 132255, 132399, 132457, 132472, 134299, 135530, 136720, 136789, 137603, 138780, 139836, 141010, 141055, 141554, 142782, 143797, 143839, 143868, 145255, 146967, 150083, 150860, 153184, 154141, 156406, 156447, 157999, 159155, 161136, 161177, 161205, 161218, 162415, 163595, 164500, 165408, 167524, 168557, 169649, 170648, 171739, 172604, 173720, 175469, 176551, 179281, 180711, 182039, 182951, 183654, 185056, 186095, 186125, 187053, 189496, 191594, 192757, 192797, 193798, 196299]
15,89,[947, 3153, 3574, 3704, 4192, 20289, 20740, 21854, 22008, 22033, 22063, 23411, 24204, 29322, 31510, 33256, 34867, 34927, 35327, 38049, 41862, 45639, 45787, 46452, 47316, 48543, 48694, 49595, 49753, 55709, 55814, 60881, 63466, 64752, 65053, 65254, 71417, 73752, 74112, 74129, 74206, 74305, 74358, 74495, 74688, 75532, 76028, 76679, 77295, 81023, 81066, 85225, 85297, 85365, 86018, 88579, 90877, 95527, 96441, 97933, 100220, 106674, 109481, 116503, 116657, 117015, 118105, 121410, 125751, 125774, 135537, 135674, 136211, 140501, 140772, 149589, 149748, 150079, 152254, 152557, 154400, 156055, 157678, 159862, 160393, 161042, 162454, 170723, 170889]
17,4,[31037, 31044, 149497, 151997]
18,7,[16301, 16313, 16679, 17338, 17350, 39382, 74276]
22,2,[111723, 111789]
23,3,[17496, 28312, 28372]
25,190,[2668, 2679, 2692, 2698, 2708, 2722, 2756, 2766, 2806, 2829, 2844, 2906, 2911, 2990, 3035, 5085, 5970, 8046, 10108, 10473, 11438, 12479, 13501, 14475, 15141, 16910, 17603, 18614, 20869, 22487, 24410, 26865, 26897, 28524, 30969, 31859, 31896, 32684, 33241, 35826, 37054, 37100, 38950, 42059, 42966, 42994, 44088, 44139, 45209, 46128, 46179, 46200, 48451, 49379, 50510, 52473, 53361, 54741, 55540, 56403, 56587, 57857, 57899, 59129, 59382, 59394, 60157, 63035, 63084, 63101, 63857, 64454, 65475, 65523, 67429, 73971, 74869, 74906, 74918, 76168, 76950, 78156, 78483, 79594, 80752, 81924, 82945, 84198, 84337, 85471, 86406, 87094, 87158, 88343, 88396, 90291, 92823, 93613, 93764, 94550, 94572, 94587, 94610, 96788, 98465, 98514, 98532, 99417, 102222, 104179, 104901, 106368, 106504, 107042, 107078, 107643, 109855, 111445, 115000, 115799, 117143, 119047, 119093, 119923, 121454, 122523, 124203, 126537, 126558, 126685, 126745, 126760, 128550, 129807, 130884, 130953, 131781, 132861, 134024, 135153, 135198, 135639, 136848, 137840, 137882, 137911, 139225, 140948, 143890, 144601, 144637, 146750, 147623, 149757, 149800, 151292, 152338, 154383, 154424, 154447, 154456, 155665, 156793, 157673, 158582, 160625, 161636, 162712, 163683, 164928, 165762, 166758, 168385, 169432, 171910, 173315, 174615, 175494, 176161, 176196, 177495, 178486, 178516, 179351, 181652, 183537, 184638, 184678, 185663, 188120]
27,1,[69827]
30,39,[30847, 96646, 124273, 147101, 207995, 219219, 219230, 219248, 260069, 260616, 260629, 266281, 266287, 266314, 299862, 321232, 334752, 336370, 356394, 363852, 372213, 372450, 382194, 389680, 446183, 446506, 446618, 448195, 470804, 471099, 517933, 531749, 531770, 531879, 531949, 624055, 634471, 638870, 638921]
10,39,[30941, 96753, 124384, 147214, 208137, 219359, 219370, 219388, 260225, 260772, 260785, 266437, 266443, 266470, 300020, 321391, 334911, 336529, 356553, 364015, 372376, 372613, 382357, 389843, 446353, 446676, 446788, 448365, 470975, 471270, 518105, 531924, 531945, 532054, 532124, 624309, 634746, 639145, 639196]
12,1,[8362]
14,184,[2314, 2325, 2338, 2344, 2354, 2368, 2402, 2412, 2452, 2475, 2490, 2552, 2557, 2636, 2681, 4673, 5621, 7769, 9885, 10265, 11286, 12389, 13479, 14479, 15200, 17126, 17900, 19002, 21284, 22992, 25118, 27749, 29488, 32063, 32999, 33036, 33042, 33878, 34508, 37192, 38461, 38505, 40491, 43840, 44766, 44794, 45948, 45998, 47030, 47980, 48031, 48052, 50438, 51459, 52665, 54647, 55635, 57099, 57889, 58719, 58914, 60237, 60281, 61586, 61810, 61824, 62578, 64964, 65870, 66032, 66914, 67586, 68664, 68710, 70693, 77581, 78406, 78443, 78455, 79773, 80627, 81831, 82175, 83327, 84467, 85540, 86613, 87870, 88009, 89153, 90121, 90932, 92198, 94200, 96918, 97706, 97866, 98648, 100882, 102597, 102643, 102661, 103503, 104993, 106588, 108670, 109466, 110849, 110991, 111602, 111641, 112272, 114681, 116381, 120068, 120870, 122258, 124245, 124291, 125201, 126755, 127922, 129692, 132231, 132255, 132399, 132457, 132472, 134299, 135530, 136720, 136789, 137603, 138780, 139836, 141010, 141055, 141554, 142782, 143797, 143839, 143868, 145255, 146967, 150083, 150860, 153184, 154141, 156406, 156447, 157999, 159155, 161136, 161177, 161205, 161218, 162415, 163595, 164500, 165408, 167524, 168557, 169649, 170648, 171739, 172604, 173720, 175469, 176551, 179281, 180711, 182039, 182951, 183654, 185056, 186095, 186125, 187053, 189496, 191594, 192757, 192797, 193798, 196299]
15,89,[947, 3153, 3574, 3704, 4192, 20289, 20740, 21854, 22008, 22033, 22063, 23411, 24204, 29322, 31510, 33256, 34867, 34927, 35327, 38049, 41862, 45639, 45787, 46452, 47316, 48543, 48694, 49595, 49753, 55709, 55814, 60881, 63466, 64752, 65053, 65254, 71417, 73752, 74112, 74129, 74206, 74305, 74358, 74495, 74688, 75532, 76028, 76679, 77295, 81023, 81066, 85225, 85297, 85365, 86018, 88579, 90877, 95527, 96441, 97933, 100220, 106674, 109481, 116503, 116657, 117015, 118105, 121410, 125751, 125774, 135537, 135674, 136211, 140501, 140772, 149589, 149748, 150079, 152254, 152557, 154400, 156055, 157678, 159862, 160393, 161042, 162454, 170723, 170889]
17,4,[31037, 31044, 149497, 151997]
18,7,[16301, 16313, 16679, 17338, 17350, 39382, 74276]
22,2,[111723, 111789]
23,3,[17496, 28312, 28372]
25,190,[2668, 2679, 2692, 2698, 2708, 2722, 2756, 2766, 2806, 2829, 2844, 2906, 2911, 2990, 3035, 5085, 5970, 8046, 10108, 10473, 11438, 12479, 13501, 14475, 15141, 16910, 17603, 18614, 20869, 22487, 24410, 26865, 26897, 28524, 30969, 31859, 31896, 32684, 33241, 35826, 37054, 37100, 38950, 42059, 42966, 42994, 44088, 44139, 45209, 46128, 46179, 46200, 48451, 49379, 50510, 52473, 53361, 54741, 55540, 56403, 56587, 57857, 57899, 59129, 59382, 59394, 60157, 63035, 63084, 63101, 63857, 64454, 65475, 65523, 67429, 73971, 74869, 74906, 74918, 76168, 76950, 78156, 78483, 79594, 80752, 81924, 82945, 84198, 84337, 85471, 86406, 87094, 87158, 88343, 88396, 90291, 92823, 93613, 93764, 94550, 94572, 94587, 94610, 96788, 98465, 98514, 98532, 99417, 102222, 104179, 104901, 106368, 106504, 107042, 107078, 107643, 109855, 111445, 115000, 115799, 117143, 119047, 119093, 119923, 121454, 122523, 124203, 126537, 126558, 126685, 126745, 126760, 128550, 129807, 130884, 130953, 131781, 132861, 134024, 135153, 135198, 135639, 136848, 137840, 137882, 137911, 139225, 140948, 143890, 144601, 144637, 146750, 147623, 149757, 149800, 151292, 152338, 154383, 154424, 154447, 154456, 155665, 156793, 157673, 158582, 160625, 161636, 162712, 163683, 164928, 165762, 166758, 168385, 169432, 171910, 173315, 174615, 175494, 176161, 176196, 177495, 178486, 178516, 179351, 181652, 183537, 184638, 184678, 185663, 188120]
27,1,[69827]
30,39,[30847, 96646, 124273, 147101, 207995, 219219, 219230, 219248, 260069, 260616, 260629, 266281, 266287, 266314, 299862, 321232, 334752, 336370, 356394, 363852, 372213, 372450, 382194, 389680, 446183, 446506, 446618, 448195, 470804, 471099, 517933, 531749, 531770, 531879, 531949, 624055, 634471, 638870, 638921]
