10,12,[185734, 197327, 197335, 285977, 313914, 325228, 328159, 372542, 574013, 576967, 583897, 622941]
11,9,[4479, 5517, 7254, 7572, 11090, 11308, 11383, 18756, 20321]
12,12,[2220, 3138, 4253, 7226, 8248, 14416, 16971, 17226, 18264, 19068, 19395, 22823]
13,1,[2314]
15,13,[11324, 58435, 77044, 77169, 77888, 105378, 108405, 140593, 155651, 161248, 163846, 165531, 173048]
16,3,[7257, 24336, 27372]
17,8,[29250, 77799, 96756, 121948, 154696, 154823, 154874, 154909]
19,17,[2621, 5428, 11255, 16317, 18109, 18577, 18731, 19477, 19518, 19521, 19812, 19866, 20158, 22984, 23442, 24618, 24867]
20,10,[678, 7078, 9057, 10440, 14026, 24521, 29745, 33574, 49189, 59478]
21,3,[9596, 30070, 31341]
23,2,[26957, 30649]
24,15,[6303, 7973, 10869, 11850, 13572, 14375, 15973, 16115, 18393, 19696, 27745, 28752, 32001, 33735, 43930]
26,10,[1044, 7599, 9610, 10994, 14613, 25299, 30590, 34447, 50230, 60756]
27,12,[17620, 22586, 27036, 28003, 29316, 48888, 63173, 63730, 66057, 81835, 93429, 103011]
28,1,[7991]
30,12,[185602, 197195, 197203, 285821, 313755, 325069, 328000, 372379, 573833, 576787, 583717, 622689]
10,12,[185734, 197327, 197335, 285977, 313914, 325228, 328159, 372542, 574013, 576967, 583897, 622941]
11,9,[4479, 5517, 7254, 7572, 11090, 11308, 11383, 18756, 20321]
12,12,[2220, 3138, 4253, 7226, 8248, 14416, 16971, 17226, 18264, 19068, 19395, 22823]
13,1,[2314]
15,13,[11324, 58435, 77044, 77169, 77888, 105378, 108405, 140593, 155651, 161248, 163846, 165531, 173048]
16,3,[7257, 24336, 27372]
17,8,[29250, 77799, 96756, 121948, 154696, 154823, 154874, 154909]
19,17,[2621, 5428, 11255, 16317, 18109, 18577, 18731, 19477, 19518, 19521, 19812, 19866, 20158, 22984, 23442, 24618, 24867]
20,10,[678, 7078, 9057, 10440, 14026, 24521, 29745, 33574, 49189, 59478]
21,3,[9596, 30070, 31341]
23,2,[26957, 30649]
24,15,[6303, 7973, 10869, 11850, 13572, 14375, 15973, 16115, 18393, 19696, 27745, 28752, 32001, 33735, 43930]
26,10,[1044, 7599, 9610, 10994, 14613, 25299, 30590, 34447, 50230, 60756]
27,12,[17620, 22586, 27036, 28003, 29316, 48888, 63173, 63730, 66057, 81835, 93429, 103011]
28,1,[7991]
30,12,[185602, 197195, 197203, 285821, 313755, 325069, 328000, 372379, 573833, 576787, 583717, 622689]
