10,21,[55731, 175313, 175703, 188573, 229018, 234203, 241320, 269898, 312949, 315166, 323460, 324409, 324418, 324424, 324467, 343843, 379395, 424083, 449145, 452447, 546046]
15,5,[49257, 49268, 114923, 115950, 139968]
16,2,[8871, 13311]
17,1,[47495]
19,9,[4194, 4207, 4238, 4265, 4529, 4550, 4554, 15450, 18662]
20,1,[31360]
22,21,[5709, 22985, 22992, 27079, 33582, 38117, 38784, 39112, 41539, 41739, 47555, 47582, 49580, 49670, 54723, 64349, 65307, 76783, 79135, 109291, 158184]
23,5,[8341, 23196, 23197, 23205, 23206]
24,2,[6294, 31969]
26,1,[32229]
30,21,[55632, 175190, 175580, 188441, 228868, 234053, 241167, 269742, 312790, 315007, 323301, 324250, 324259, 324265, 324308, 343684, 379232, 423917, 448975, 452277, 545871]
10,21,[55731, 175313, 175703, 188573, 229018, 234203, 241320, 269898, 312949, 315166, 323460, 324409, 324418, 324424, 324467, 343843, 379395, 424083, 449145, 452447, 546046]
15,5,[49257, 49268, 114923, 115950, 139968]
16,2,[8871, 13311]
17,1,[47495]
19,9,[4194, 4207, 4238, 4265, 4529, 4550, 4554, 15450, 18662]
20,1,[31360]
22,21,[5709, 22985, 22992, 27079, 33582, 38117, 38784, 39112, 41539, 41739, 47555, 47582, 49580, 49670, 54723, 64349, 65307, 76783, 79135, 109291, 158184]
23,5,[8341, 23196, 23197, 23205, 23206]
24,2,[6294, 31969]
26,1,[32229]
30,21,[55632, 175190, 175580, 188441, 228868, 234053, 241167, 269742, 312790, 315007, 323301, 324250, 324259, 324265, 324308, 343684, 379232, 423917, 448975, 452277, 545871]
