10,2,[374701, 457345]
11,2,[7603, 8329]
12,2,[3731, 22860]
14,6,[3432, 51157, 82960, 86334, 86352, 104728]
16,2,[17175, 32068]
17,1,[171305]
18,1,[88027]
20,1,[19957]
24,1,[13603]
25,6,[3844, 49122, 79220, 82687, 82705, 100533]
26,1,[20677]
27,2,[13346, 90831]
28,1,[760]
30,2,[374538, 457175]
10,2,[374701, 457345]
11,2,[7603, 8329]
12,2,[3731, 22860]
14,6,[3432, 51157, 82960, 86334, 86352, 104728]
16,2,[17175, 32068]
17,1,[171305]
18,1,[88027]
20,1,[19957]
24,1,[13603]
25,6,[3844, 49122, 79220, 82687, 82705, 100533]
26,1,[20677]
27,2,[13346, 90831]
28,1,[760]
30,2,[374538, 457175]
