10,17,[11025, 24476, 31060, 43724, 94560, 175320, 175708, 175725, 188658, 229020, 276677, 314031, 398226, 439184, 439210, 448902, 449022]
14,1,[179090]
15,37,[3168, 33690, 38683, 39670, 40712, 49238, 51617, 62187, 69769, 72097, 88714, 88859, 89077, 96586, 97288, 98199, 99178, 108337, 109133, 110177, 117853, 120136, 129626, 131435, 148563, 151641, 155124, 156304, 159366, 166245, 167826, 170789, 171492, 171661, 173099, 173299, 173791]
16,6,[10301, 10326, 11111, 12277, 13416, 13578]
17,1,[166008]
19,12,[7248, 8017, 8651, 10556, 10887, 12038, 13935, 15491, 15493, 16023, 25446, 26863]
20,10,[1083, 5327, 15379, 22769, 23591, 24622, 28465, 33676, 38583, 42686]
21,2,[20890, 22600]
22,51,[15036, 27549, 27551, 27553, 37277, 37373, 37375, 39026, 39054, 39068, 39075, 39077, 56763, 61501, 69335, 72003, 72004, 89560, 89562, 89679, 90146, 91480, 92078, 94021, 97659, 105483, 105485, 105487, 105537, 109192, 109196, 109290, 109310, 110608, 111822, 112104, 112108, 112110, 112112, 112114, 112116, 112118, 112120, 112122, 112126, 113426, 115331, 125024, 125468, 126080, 158366]
23,4,[2110, 2235, 9136, 22301]
24,10,[3050, 19180, 19297, 22193, 24315, 36319, 36815, 37644, 37728, 39347]
25,2,[68925, 171737]
26,10,[1447, 5843, 16019, 23534, 24359, 25400, 29295, 34549, 39525, 43627]
27,5,[10563, 93644, 103094, 103635, 103857]
28,1,[9923]
30,17,[10931, 24382, 30966, 43626, 94453, 175197, 175585, 175602, 188526, 228870, 276521, 313872, 398060, 439014, 439040, 448732, 448852]
10,17,[11025, 24476, 31060, 43724, 94560, 175320, 175708, 175725, 188658, 229020, 276677, 314031, 398226, 439184, 439210, 448902, 449022]
14,1,[179090]
15,37,[3168, 33690, 38683, 39670, 40712, 49238, 51617, 62187, 69769, 72097, 88714, 88859, 89077, 96586, 97288, 98199, 99178, 108337, 109133, 110177, 117853, 120136, 129626, 131435, 148563, 151641, 155124, 156304, 159366, 166245, 167826, 170789, 171492, 171661, 173099, 173299, 173791]
16,6,[10301, 10326, 11111, 12277, 13416, 13578]
17,1,[166008]
19,12,[7248, 8017, 8651, 10556, 10887, 12038, 13935, 15491, 15493, 16023, 25446, 26863]
20,10,[1083, 5327, 15379, 22769, 23591, 24622, 28465, 33676, 38583, 42686]
21,2,[20890, 22600]
22,51,[15036, 27549, 27551, 27553, 37277, 37373, 37375, 39026, 39054, 39068, 39075, 39077, 56763, 61501, 69335, 72003, 72004, 89560, 89562, 89679, 90146, 91480, 92078, 94021, 97659, 105483, 105485, 105487, 105537, 109192, 109196, 109290, 109310, 110608, 111822, 112104, 112108, 112110, 112112, 112114, 112116, 112118, 112120, 112122, 112126, 113426, 115331, 125024, 125468, 126080, 158366]
23,4,[2110, 2235, 9136, 22301]
24,10,[3050, 19180, 19297, 22193, 24315, 36319, 36815, 37644, 37728, 39347]
25,2,[68925, 171737]
26,10,[1447, 5843, 16019, 23534, 24359, 25400, 29295, 34549, 39525, 43627]
27,5,[10563, 93644, 103094, 103635, 103857]
28,1,[9923]
30,17,[10931, 24382, 30966, 43626, 94453, 175197, 175585, 175602, 188526, 228870, 276521, 313872, 398060, 439014, 439040, 448732, 448852]
