10,20,[5026, 39294, 49103, 49125, 57240, 83584, 127835, 155081, 166350, 167668, 172275, 247479, 276109, 368353, 369565, 375610, 385602, 435649, 510436, 541408]
11,4,[1112, 7780, 7819, 18187]
15,13,[1563, 7510, 19340, 20426, 21380, 32056, 40966, 68411, 68486, 87596, 128596, 148195, 168976]
16,2,[7860, 26583]
17,8,[19384, 19779, 19892, 26219, 35400, 36659, 75111, 207299]
19,8,[8182, 9113, 10802, 12181, 12233, 22770, 23265, 26197]
20,4,[1812, 6792, 15443, 18111]
21,6,[6728, 13098, 15830, 18312, 28274, 33466]
22,19,[1903, 1907, 1911, 7870, 11616, 28755, 40481, 41998, 66907, 90647, 91447, 100392, 102534, 111367, 131256, 139624, 150512, 151349, 152013]
23,7,[4881, 7205, 8318, 11081, 11183, 15508, 29896]
24,16,[3989, 7635, 13617, 17043, 17280, 18991, 23018, 26052, 26709, 31805, 33279, 33734, 33793, 36402, 41011, 42410]
26,4,[2187, 7314, 16084, 18813]
27,14,[1099, 5161, 11460, 19332, 28486, 39420, 42022, 45598, 49058, 72094, 85424, 91151, 91984, 99380]
28,1,[9529]
30,20,[4932, 39196, 49005, 49027, 57141, 83477, 127724, 154968, 166227, 167545, 172152, 247326, 275953, 368190, 369402, 375447, 385439, 435479, 510267, 541233]
10,20,[5026, 39294, 49103, 49125, 57240, 83584, 127835, 155081, 166350, 167668, 172275, 247479, 276109, 368353, 369565, 375610, 385602, 435649, 510436, 541408]
11,4,[1112, 7780, 7819, 18187]
15,13,[1563, 7510, 19340, 20426, 21380, 32056, 40966, 68411, 68486, 87596, 128596, 148195, 168976]
16,2,[7860, 26583]
17,8,[19384, 19779, 19892, 26219, 35400, 36659, 75111, 207299]
19,8,[8182, 9113, 10802, 12181, 12233, 22770, 23265, 26197]
20,4,[1812, 6792, 15443, 18111]
21,6,[6728, 13098, 15830, 18312, 28274, 33466]
22,19,[1903, 1907, 1911, 7870, 11616, 28755, 40481, 41998, 66907, 90647, 91447, 100392, 102534, 111367, 131256, 139624, 150512, 151349, 152013]
23,7,[4881, 7205, 8318, 11081, 11183, 15508, 29896]
24,16,[3989, 7635, 13617, 17043, 17280, 18991, 23018, 26052, 26709, 31805, 33279, 33734, 33793, 36402, 41011, 42410]
26,4,[2187, 7314, 16084, 18813]
27,14,[1099, 5161, 11460, 19332, 28486, 39420, 42022, 45598, 49058, 72094, 85424, 91151, 91984, 99380]
28,1,[9529]
30,20,[4932, 39196, 49005, 49027, 57141, 83477, 127724, 154968, 166227, 167545, 172152, 247326, 275953, 368190, 369402, 375447, 385439, 435479, 510267, 541233]
