12,1,[17643]
15,29,[13477, 20903, 20905, 41275, 52064, 66205, 66426, 74744, 79238, 91150, 101598, 104314, 105370, 108906, 110537, 115061, 115611, 118794, 149652, 155527, 157682, 164951, 165782, 165953, 166592, 168903, 171399, 171459, 172342]
19,3,[18919, 22787, 22791]
22,2,[32110, 38343]
27,6,[4755, 24165, 35390, 71282, 72845, 87078]
12,1,[17643]
15,29,[13477, 20903, 20905, 41275, 52064, 66205, 66426, 74744, 79238, 91150, 101598, 104314, 105370, 108906, 110537, 115061, 115611, 118794, 149652, 155527, 157682, 164951, 165782, 165953, 166592, 168903, 171399, 171459, 172342]
19,3,[18919, 22787, 22791]
22,2,[32110, 38343]
27,6,[4755, 24165, 35390, 71282, 72845, 87078]
