10,3,[32750, 520717, 520975]
11,5,[4491, 10910, 11139, 16178, 17670]
12,4,[5988, 6783, 6819, 20718]
15,2,[67319, 98088]
16,3,[22976, 23079, 37776]
19,7,[3050, 3100, 3238, 3258, 18396, 18400, 27185]
21,1,[22015]
24,13,[3884, 8252, 10566, 12115, 18175, 22136, 23182, 23271, 26195, 26911, 28831, 43441, 44343]
26,1,[10385]
27,4,[8688, 51405, 71753, 81060]
28,1,[11374]
30,3,[32652, 520545, 520803]
10,3,[32750, 520717, 520975]
11,5,[4491, 10910, 11139, 16178, 17670]
12,4,[5988, 6783, 6819, 20718]
15,2,[67319, 98088]
16,3,[22976, 23079, 37776]
19,7,[3050, 3100, 3238, 3258, 18396, 18400, 27185]
21,1,[22015]
24,13,[3884, 8252, 10566, 12115, 18175, 22136, 23182, 23271, 26195, 26911, 28831, 43441, 44343]
26,1,[10385]
27,4,[8688, 51405, 71753, 81060]
28,1,[11374]
30,3,[32652, 520545, 520803]
