10,76,[33602, 33611, 36385, 39814, 51968, 52059, 91282, 97365, 109633, 112947, 114191, 114195, 123729, 130209, 147910, 158874, 163294, 169668, 210824, 210831, 210912, 234114, 234521, 234542, 274137, 366018, 366065, 371233, 371453, 379308, 379653, 379956, 387981, 392546, 396067, 420804, 431703, 435671, 435759, 436948, 441018, 441191, 445081, 445166, 454911, 466852, 503155, 503170, 503174, 503178, 505808, 505860, 505864, 505869, 511125, 511537, 513510, 520969, 520987, 520994, 525001, 529531, 529917, 538138, 538372, 538376, 538380, 538387, 545649, 550259, 553259, 584030, 586118, 592199, 597545, 637562]
11,1,[19989]
13,1,[2555]
15,36,[5344, 5581, 5650, 5674, 5755, 8221, 24781, 25965, 28071, 28259, 29828, 33007, 38785, 60194, 61705, 67665, 68775, 68992, 69931, 70002, 79576, 82346, 105627, 115501, 131946, 132812, 132820, 132832, 132838, 132968, 132970, 133189, 153054, 154925, 159233, 165282]
16,3,[1133, 25920, 31260]
17,42,[7553, 17661, 33064, 33111, 51317, 51339, 51366, 113278, 113317, 113407, 113524, 113539, 113613, 113622, 113628, 115757, 151283, 159743, 159759, 164270, 164299, 164350, 164402, 164626, 164631, 164812, 164813, 167109, 167211, 167284, 167372, 167439, 167503, 167958, 168158, 168185, 173819, 175973, 184647, 184688, 184920, 217150]
18,1,[121123]
19,7,[13052, 17499, 17502, 17515, 17540, 23156, 26342]
20,9,[4118, 9652, 18910, 22642, 23951, 33225, 41416, 56362, 56440]
21,1,[25183]
22,35,[334, 47595, 55379, 59948, 62428, 62436, 71872, 73735, 74003, 74706, 79226, 79238, 79296, 79387, 79389, 79397, 79399, 79454, 79606, 79675, 79716, 79789, 80088, 80134, 80438, 80906, 83226, 83606, 83729, 120023, 120223, 140296, 152215, 155404, 157879]
24,2,[10859, 19862]
26,15,[4616, 10205, 19617, 23318, 23408, 24715, 29577, 34103, 41300, 42352, 57518, 57597, 59855, 63173, 66283]
27,11,[33301, 61020, 73948, 74851, 76195, 76228, 76276, 76334, 86367, 87262, 108718]
28,1,[5259]
30,76,[33504, 33513, 36287, 39716, 51870, 51961, 91175, 97258, 109522, 112836, 114080, 114084, 123618, 130097, 147797, 158761, 163171, 169545, 210682, 210689, 210770, 233964, 234371, 234392, 273981, 365855, 365902, 371070, 371290, 379145, 379490, 379793, 387818, 392383, 395901, 420638, 431533, 435501, 435589, 436778, 440848, 441021, 444911, 444996, 454741, 466681, 502986, 503001, 503005, 503009, 505639, 505691, 505695, 505700, 510956, 511368, 513341, 520797, 520815, 520822, 524829, 529356, 529742, 537963, 538197, 538201, 538205, 538212, 545474, 550081, 553081, 583850, 585933, 592008, 597354, 637287]
10,76,[33602, 33611, 36385, 39814, 51968, 52059, 91282, 97365, 109633, 112947, 114191, 114195, 123729, 130209, 147910, 158874, 163294, 169668, 210824, 210831, 210912, 234114, 234521, 234542, 274137, 366018, 366065, 371233, 371453, 379308, 379653, 379956, 387981, 392546, 396067, 420804, 431703, 435671, 435759, 436948, 441018, 441191, 445081, 445166, 454911, 466852, 503155, 503170, 503174, 503178, 505808, 505860, 505864, 505869, 511125, 511537, 513510, 520969, 520987, 520994, 525001, 529531, 529917, 538138, 538372, 538376, 538380, 538387, 545649, 550259, 553259, 584030, 586118, 592199, 597545, 637562]
11,1,[19989]
13,1,[2555]
15,36,[5344, 5581, 5650, 5674, 5755, 8221, 24781, 25965, 28071, 28259, 29828, 33007, 38785, 60194, 61705, 67665, 68775, 68992, 69931, 70002, 79576, 82346, 105627, 115501, 131946, 132812, 132820, 132832, 132838, 132968, 132970, 133189, 153054, 154925, 159233, 165282]
16,3,[1133, 25920, 31260]
17,42,[7553, 17661, 33064, 33111, 51317, 51339, 51366, 113278, 113317, 113407, 113524, 113539, 113613, 113622, 113628, 115757, 151283, 159743, 159759, 164270, 164299, 164350, 164402, 164626, 164631, 164812, 164813, 167109, 167211, 167284, 167372, 167439, 167503, 167958, 168158, 168185, 173819, 175973, 184647, 184688, 184920, 217150]
18,1,[121123]
19,7,[13052, 17499, 17502, 17515, 17540, 23156, 26342]
20,9,[4118, 9652, 18910, 22642, 23951, 33225, 41416, 56362, 56440]
21,1,[25183]
22,35,[334, 47595, 55379, 59948, 62428, 62436, 71872, 73735, 74003, 74706, 79226, 79238, 79296, 79387, 79389, 79397, 79399, 79454, 79606, 79675, 79716, 79789, 80088, 80134, 80438, 80906, 83226, 83606, 83729, 120023, 120223, 140296, 152215, 155404, 157879]
24,2,[10859, 19862]
26,15,[4616, 10205, 19617, 23318, 23408, 24715, 29577, 34103, 41300, 42352, 57518, 57597, 59855, 63173, 66283]
27,11,[33301, 61020, 73948, 74851, 76195, 76228, 76276, 76334, 86367, 87262, 108718]
28,1,[5259]
30,76,[33504, 33513, 36287, 39716, 51870, 51961, 91175, 97258, 109522, 112836, 114080, 114084, 123618, 130097, 147797, 158761, 163171, 169545, 210682, 210689, 210770, 233964, 234371, 234392, 273981, 365855, 365902, 371070, 371290, 379145, 379490, 379793, 387818, 392383, 395901, 420638, 431533, 435501, 435589, 436778, 440848, 441021, 444911, 444996, 454741, 466681, 502986, 503001, 503005, 503009, 505639, 505691, 505695, 505700, 510956, 511368, 513341, 520797, 520815, 520822, 524829, 529356, 529742, 537963, 538197, 538201, 538205, 538212, 545474, 550081, 553081, 583850, 585933, 592008, 597354, 637287]
