10,35,[145958, 298372, 306114, 306955, 317099, 317242, 318308, 319443, 321803, 322039, 330035, 332856, 338189, 357714, 369727, 369737, 380829, 390661, 391591, 397900, 428272, 428944, 479214, 480230, 486973, 510233, 574828, 579844, 579877, 597685, 597757, 614217, 614233, 625965, 634553]
11,14,[3579, 4011, 5725, 6013, 6103, 6185, 6804, 7419, 9783, 10871, 15589, 18160, 19759, 20468]
12,17,[2016, 3402, 3462, 4291, 4640, 12287, 15380, 16532, 17587, 17762, 17978, 20019, 20028, 21593, 21682, 21769, 22074]
13,4,[1761, 1772, 3562, 4084]
15,19,[12305, 13297, 46818, 51612, 52934, 60589, 68946, 71748, 71872, 72768, 88035, 91768, 95950, 106740, 109532, 116108, 155060, 155795, 171409]
16,15,[4356, 4584, 7301, 7342, 10150, 10154, 13448, 13659, 20039, 21788, 24689, 25948, 28221, 29738, 30598]
17,4,[135351, 140064, 175269, 175303]
18,8,[37806, 41261, 56890, 105515, 139656, 139766, 139835, 140000]
19,22,[1700, 7854, 11868, 11907, 12460, 13150, 14249, 14519, 15099, 16168, 16201, 16958, 17978, 18164, 18543, 18546, 22606, 23223, 23573, 24196, 26623, 26798]
20,21,[537, 3421, 4890, 7565, 11119, 12876, 19991, 20019, 22931, 26217, 26890, 28773, 30801, 30933, 34729, 35399, 37934, 47803, 51805, 52456, 60816]
21,2,[17996, 33179]
22,32,[21524, 35216, 47845, 52207, 52208, 52216, 52218, 52220, 52222, 52233, 52241, 52269, 52308, 52317, 52327, 64637, 64639, 64641, 73954, 74583, 74704, 75035, 82472, 82485, 82492, 82509, 82698, 83157, 83173, 83282, 99121, 113003]
23,1,[6521]
24,8,[142, 1446, 5887, 26445, 34600, 34604, 38538, 44066]
26,21,[903, 3906, 5409, 8089, 11691, 13463, 20712, 20740, 23701, 27013, 27715, 29607, 31664, 31797, 35617, 36294, 38851, 48814, 52884, 53556, 62114]
27,28,[4016, 16512, 25209, 25936, 28055, 30828, 30935, 32715, 34067, 35410, 39537, 41443, 43732, 44203, 54148, 57542, 62147, 67404, 69073, 69294, 69446, 76015, 91805, 92291, 93473, 100102, 101407, 102620]
30,35,[145845, 298214, 305956, 306797, 316940, 317083, 318149, 319284, 321644, 321880, 329876, 332697, 338030, 357554, 369564, 369574, 380666, 390498, 391428, 397734, 428105, 428777, 479046, 480062, 486810, 510064, 574648, 579664, 579697, 597494, 597566, 613983, 613999, 625708, 634278]
10,35,[145958, 298372, 306114, 306955, 317099, 317242, 318308, 319443, 321803, 322039, 330035, 332856, 338189, 357714, 369727, 369737, 380829, 390661, 391591, 397900, 428272, 428944, 479214, 480230, 486973, 510233, 574828, 579844, 579877, 597685, 597757, 614217, 614233, 625965, 634553]
11,14,[3579, 4011, 5725, 6013, 6103, 6185, 6804, 7419, 9783, 10871, 15589, 18160, 19759, 20468]
12,17,[2016, 3402, 3462, 4291, 4640, 12287, 15380, 16532, 17587, 17762, 17978, 20019, 20028, 21593, 21682, 21769, 22074]
13,4,[1761, 1772, 3562, 4084]
15,19,[12305, 13297, 46818, 51612, 52934, 60589, 68946, 71748, 71872, 72768, 88035, 91768, 95950, 106740, 109532, 116108, 155060, 155795, 171409]
16,15,[4356, 4584, 7301, 7342, 10150, 10154, 13448, 13659, 20039, 21788, 24689, 25948, 28221, 29738, 30598]
17,4,[135351, 140064, 175269, 175303]
18,8,[37806, 41261, 56890, 105515, 139656, 139766, 139835, 140000]
19,22,[1700, 7854, 11868, 11907, 12460, 13150, 14249, 14519, 15099, 16168, 16201, 16958, 17978, 18164, 18543, 18546, 22606, 23223, 23573, 24196, 26623, 26798]
20,21,[537, 3421, 4890, 7565, 11119, 12876, 19991, 20019, 22931, 26217, 26890, 28773, 30801, 30933, 34729, 35399, 37934, 47803, 51805, 52456, 60816]
21,2,[17996, 33179]
22,32,[21524, 35216, 47845, 52207, 52208, 52216, 52218, 52220, 52222, 52233, 52241, 52269, 52308, 52317, 52327, 64637, 64639, 64641, 73954, 74583, 74704, 75035, 82472, 82485, 82492, 82509, 82698, 83157, 83173, 83282, 99121, 113003]
23,1,[6521]
24,8,[142, 1446, 5887, 26445, 34600, 34604, 38538, 44066]
26,21,[903, 3906, 5409, 8089, 11691, 13463, 20712, 20740, 23701, 27013, 27715, 29607, 31664, 31797, 35617, 36294, 38851, 48814, 52884, 53556, 62114]
27,28,[4016, 16512, 25209, 25936, 28055, 30828, 30935, 32715, 34067, 35410, 39537, 41443, 43732, 44203, 54148, 57542, 62147, 67404, 69073, 69294, 69446, 76015, 91805, 92291, 93473, 100102, 101407, 102620]
30,35,[145845, 298214, 305956, 306797, 316940, 317083, 318149, 319284, 321644, 321880, 329876, 332697, 338030, 357554, 369564, 369574, 380666, 390498, 391428, 397734, 428105, 428777, 479046, 480062, 486810, 510064, 574648, 579664, 579697, 597494, 597566, 613983, 613999, 625708, 634278]
