10,3,[298470, 473764, 616355]
15,5,[1405, 40872, 47180, 74181, 95533]
16,14,[6573, 6891, 7135, 12030, 12858, 13427, 21930, 22625, 27701, 27847, 29342, 33134, 34628, 34685]
17,1,[112960]
19,1,[20132]
21,3,[8835, 11021, 30769]
22,5,[66385, 69273, 69301, 70003, 78115]
27,4,[30037, 30039, 47239, 52932]
28,1,[7915]
30,3,[298312, 473594, 616116]
10,3,[298470, 473764, 616355]
15,5,[1405, 40872, 47180, 74181, 95533]
16,14,[6573, 6891, 7135, 12030, 12858, 13427, 21930, 22625, 27701, 27847, 29342, 33134, 34628, 34685]
17,1,[112960]
19,1,[20132]
21,3,[8835, 11021, 30769]
22,5,[66385, 69273, 69301, 70003, 78115]
27,4,[30037, 30039, 47239, 52932]
28,1,[7915]
30,3,[298312, 473594, 616116]
