10,50,[17247, 20876, 20984, 21487, 26338, 26598, 27174, 28888, 30287, 30768, 31885, 34929, 34949, 78130, 78317, 78361, 79307, 79313, 84035, 86516, 88128, 97374, 103743, 122395, 139853, 139860, 139943, 139958, 139973, 141007, 141130, 144186, 144207, 144516, 239197, 240681, 240962, 242433, 246300, 263403, 275178, 461981, 461988, 462153, 529772, 529894, 530864, 573012, 574862, 634283]
14,1,[148728]
15,1,[42188]
25,1,[142627]
30,50,[17153, 20782, 20890, 21393, 26244, 26504, 27080, 28794, 30193, 30674, 31787, 34831, 34851, 78023, 78210, 78254, 79200, 79206, 83928, 86409, 88021, 97267, 103636, 122284, 139741, 139748, 139831, 139846, 139861, 140895, 141018, 144073, 144094, 144403, 239044, 240528, 240809, 242280, 246147, 263247, 275022, 461811, 461818, 461983, 529597, 529719, 530689, 572832, 574682, 634008]
10,50,[17247, 20876, 20984, 21487, 26338, 26598, 27174, 28888, 30287, 30768, 31885, 34929, 34949, 78130, 78317, 78361, 79307, 79313, 84035, 86516, 88128, 97374, 103743, 122395, 139853, 139860, 139943, 139958, 139973, 141007, 141130, 144186, 144207, 144516, 239197, 240681, 240962, 242433, 246300, 263403, 275178, 461981, 461988, 462153, 529772, 529894, 530864, 573012, 574862, 634283]
14,1,[148728]
15,1,[42188]
25,1,[142627]
30,50,[17153, 20782, 20890, 21393, 26244, 26504, 27080, 28794, 30193, 30674, 31787, 34831, 34851, 78023, 78210, 78254, 79200, 79206, 83928, 86409, 88021, 97267, 103636, 122284, 139741, 139748, 139831, 139846, 139861, 140895, 141018, 144073, 144094, 144403, 239044, 240528, 240809, 242280, 246147, 263247, 275022, 461811, 461818, 461983, 529597, 529719, 530689, 572832, 574682, 634008]
