10,37,[41586, 43446, 43458, 43684, 43833, 43884, 43953, 46749, 52097, 53600, 53653, 54235, 54328, 62790, 62806, 75119, 77307, 78012, 78027, 78260, 79788, 79841, 80046, 85580, 85657, 86396, 98301, 98926, 102838, 102845, 127581, 146964, 288609, 325237, 325372, 605153, 605163]
14,5,[51675, 63401, 86817, 187685, 201322]
17,2,[66103, 66340]
25,6,[49573, 60917, 83143, 179953, 199019, 203685]
26,2,[423, 64915]
30,37,[41488, 43348, 43360, 43586, 43735, 43786, 43855, 46651, 51999, 53501, 53554, 54136, 54229, 62687, 62703, 75016, 77204, 77909, 77920, 78153, 79681, 79734, 79939, 85473, 85550, 86289, 98194, 98819, 102731, 102738, 127470, 146851, 288453, 325078, 325213, 604951, 604961]
10,37,[41586, 43446, 43458, 43684, 43833, 43884, 43953, 46749, 52097, 53600, 53653, 54235, 54328, 62790, 62806, 75119, 77307, 78012, 78027, 78260, 79788, 79841, 80046, 85580, 85657, 86396, 98301, 98926, 102838, 102845, 127581, 146964, 288609, 325237, 325372, 605153, 605163]
14,5,[51675, 63401, 86817, 187685, 201322]
17,2,[66103, 66340]
25,6,[49573, 60917, 83143, 179953, 199019, 203685]
26,2,[423, 64915]
30,37,[41488, 43348, 43360, 43586, 43735, 43786, 43855, 46651, 51999, 53501, 53554, 54136, 54229, 62687, 62703, 75016, 77204, 77909, 77920, 78153, 79681, 79734, 79939, 85473, 85550, 86289, 98194, 98819, 102731, 102738, 127470, 146851, 288453, 325078, 325213, 604951, 604961]
