10,7,[143659, 593533, 599290, 599785, 601506, 608249, 617247]
15,2,[14432, 124591]
17,5,[58976, 76883, 109582, 116903, 152439]
18,2,[28742, 44937]
21,1,[8538]
22,2,[77557, 105857]
23,1,[2804]
30,7,[143547, 593342, 599093, 599588, 601309, 608042, 617004]
10,7,[143659, 593533, 599290, 599785, 601506, 608249, 617247]
15,2,[14432, 124591]
17,5,[58976, 76883, 109582, 116903, 152439]
18,2,[28742, 44937]
21,1,[8538]
22,2,[77557, 105857]
23,1,[2804]
30,7,[143547, 593342, 599093, 599588, 601309, 608042, 617004]
