10,29,[173710, 195616, 195619, 241898, 246791, 267905, 272676, 276738, 276742, 278416, 278419, 287519, 287522, 290892, 333742, 341218, 361508, 369173, 370159, 377850, 383160, 384996, 385364, 386280, 387264, 387945, 488605, 607668, 611027]
11,2,[9399, 11387]
12,4,[7871, 7883, 13918, 21504]
15,12,[9662, 10181, 14978, 33282, 47644, 48345, 53250, 94308, 130589, 152321, 154953, 168753]
16,5,[4740, 17385, 26589, 26611, 31013]
17,9,[1034, 18705, 19127, 27302, 36261, 57052, 119719, 170895, 185583]
19,35,[597, 607, 2357, 2672, 2703, 2782, 2892, 3709, 4402, 7430, 7552, 7588, 7646, 7707, 8322, 8328, 10892, 11948, 13425, 13755, 14955, 16978, 16994, 17080, 17841, 17852, 18351, 18836, 20005, 20077, 20086, 20221, 20241, 25090, 26085]
20,2,[20546, 23973]
21,2,[6273, 24487]
22,1,[48256]
23,5,[6560, 6614, 6625, 6640, 16935]
24,7,[111, 136, 138, 15582, 17836, 30126, 32873]
26,2,[21273, 24736]
27,6,[11192, 41863, 42236, 42268, 60269, 105897]
28,1,[6480]
30,29,[173587, 195484, 195487, 241745, 246638, 267749, 272520, 276582, 276586, 278261, 278264, 287363, 287366, 290736, 333583, 341059, 361348, 369010, 369996, 377687, 382997, 384833, 385201, 386117, 387101, 387782, 488443, 607461, 610810]
10,29,[173710, 195616, 195619, 241898, 246791, 267905, 272676, 276738, 276742, 278416, 278419, 287519, 287522, 290892, 333742, 341218, 361508, 369173, 370159, 377850, 383160, 384996, 385364, 386280, 387264, 387945, 488605, 607668, 611027]
11,2,[9399, 11387]
12,4,[7871, 7883, 13918, 21504]
15,12,[9662, 10181, 14978, 33282, 47644, 48345, 53250, 94308, 130589, 152321, 154953, 168753]
16,5,[4740, 17385, 26589, 26611, 31013]
17,9,[1034, 18705, 19127, 27302, 36261, 57052, 119719, 170895, 185583]
19,35,[597, 607, 2357, 2672, 2703, 2782, 2892, 3709, 4402, 7430, 7552, 7588, 7646, 7707, 8322, 8328, 10892, 11948, 13425, 13755, 14955, 16978, 16994, 17080, 17841, 17852, 18351, 18836, 20005, 20077, 20086, 20221, 20241, 25090, 26085]
20,2,[20546, 23973]
21,2,[6273, 24487]
22,1,[48256]
23,5,[6560, 6614, 6625, 6640, 16935]
24,7,[111, 136, 138, 15582, 17836, 30126, 32873]
26,2,[21273, 24736]
27,6,[11192, 41863, 42236, 42268, 60269, 105897]
28,1,[6480]
30,29,[173587, 195484, 195487, 241745, 246638, 267749, 272520, 276582, 276586, 278261, 278264, 287363, 287366, 290736, 333583, 341059, 361348, 369010, 369996, 377687, 382997, 384833, 385201, 386117, 387101, 387782, 488443, 607461, 610810]
