10,38,[208480, 244522, 247502, 247577, 247748, 247757, 257918, 257962, 260549, 266047, 267735, 271860, 276435, 278072, 278512, 280833, 281242, 283264, 286691, 287188, 287635, 289542, 289953, 290429, 290450, 290903, 290934, 291215, 291310, 291343, 291365, 291525, 291636, 325499, 330933, 357215, 357218, 456378]
11,2,[18746, 19099]
19,6,[7486, 7697, 13602, 18335, 18463, 22229]
27,2,[105906, 106325]
30,38,[208338, 244369, 247349, 247424, 247595, 247604, 257762, 257806, 260393, 265891, 267579, 271704, 276279, 277917, 278357, 280678, 281087, 283109, 286535, 287032, 287479, 289386, 289797, 290273, 290294, 290747, 290778, 291059, 291154, 291187, 291209, 291369, 291480, 325340, 330774, 357055, 357058, 456208]
10,38,[208480, 244522, 247502, 247577, 247748, 247757, 257918, 257962, 260549, 266047, 267735, 271860, 276435, 278072, 278512, 280833, 281242, 283264, 286691, 287188, 287635, 289542, 289953, 290429, 290450, 290903, 290934, 291215, 291310, 291343, 291365, 291525, 291636, 325499, 330933, 357215, 357218, 456378]
11,2,[18746, 19099]
19,6,[7486, 7697, 13602, 18335, 18463, 22229]
27,2,[105906, 106325]
30,38,[208338, 244369, 247349, 247424, 247595, 247604, 257762, 257806, 260393, 265891, 267579, 271704, 276279, 277917, 278357, 280678, 281087, 283109, 286535, 287032, 287479, 289386, 289797, 290273, 290294, 290747, 290778, 291059, 291154, 291187, 291209, 291369, 291480, 325340, 330774, 357055, 357058, 456208]
