11,5,[132, 728, 6818, 12030, 19254]
12,4,[1068, 16045, 20989, 21086]
15,8,[3853, 53485, 75982, 84359, 87801, 123350, 136811, 151988]
16,4,[8452, 8455, 10042, 34853]
19,2,[8647, 22603]
20,1,[5368]
22,4,[102263, 103240, 128033, 134077]
24,1,[2026]
26,1,[5885]
27,1,[19948]
11,5,[132, 728, 6818, 12030, 19254]
12,4,[1068, 16045, 20989, 21086]
15,8,[3853, 53485, 75982, 84359, 87801, 123350, 136811, 151988]
16,4,[8452, 8455, 10042, 34853]
19,2,[8647, 22603]
20,1,[5368]
22,4,[102263, 103240, 128033, 134077]
24,1,[2026]
26,1,[5885]
27,1,[19948]
