10,196,[2279, 2618, 20893, 20899, 23192, 23249, 30797, 32529, 39977, 63086, 63277, 63841, 63918, 63993, 64030, 100799, 100805, 100835, 133275, 134295, 134576, 134641, 135004, 135942, 144228, 144246, 144368, 144521, 146204, 146248, 149338, 149347, 149763, 149780, 149856, 150303, 150738, 151256, 151272, 151508, 153150, 154437, 154877, 155685, 155877, 155885, 159066, 162435, 163871, 168068, 169756, 170246, 170338, 172963, 172967, 173375, 173403, 174177, 174394, 174476, 176775, 181130, 181344, 182136, 182627, 184480, 184878, 184979, 185033, 186963, 188024, 190706, 190736, 194208, 196603, 197113, 197136, 197193, 198118, 198229, 198383, 198422, 198431, 198439, 198465, 199548, 200776, 201481, 201559, 209424, 211380, 213510, 214877, 215578, 216293, 216826, 216862, 217110, 217362, 226306, 226644, 226707, 226711, 226748, 226828, 226908, 227948, 228026, 228570, 229347, 229362, 229406, 229723, 230169, 230255, 230648, 231048, 232018, 235416, 235427, 236782, 237057, 237910, 238290, 239241, 243135, 244736, 245007, 245314, 245467, 245507, 245516, 245522, 245554, 249229, 249394, 249971, 250159, 250184, 250242, 262700, 266564, 267198, 267321, 267816, 267860, 268581, 268697, 268822, 268833, 269555, 270506, 270533, 274063, 274995, 275005, 277179, 288996, 296169, 296206, 296344, 296381, 328624, 328659, 335374, 342116, 342469, 392138, 404610, 408539, 417519, 417531, 418440, 418454, 418571, 418615, 426684, 426691, 428080, 434300, 443604, 456309, 456344, 464511, 466376, 496946, 509547, 509781, 510976, 540054, 567672, 571729, 580254, 587387, 629389, 629394]
15,2,[65369, 111397]
17,26,[64047, 72281, 81109, 82042, 82526, 82966, 83010, 83927, 96296, 99725, 99833, 100513, 100639, 102040, 107816, 131428, 137424, 147918, 148272, 148741, 194245, 196418, 204643, 206798, 211149, 211363]
19,4,[5571, 5575, 10276, 10991]
20,2,[60230, 60685]
21,1,[12448]
24,2,[37242, 37246]
26,2,[61525, 61982]
30,196,[2186, 2525, 20799, 20805, 23098, 23155, 30703, 32431, 39879, 62983, 63174, 63738, 63815, 63890, 63927, 100692, 100698, 100728, 133163, 134183, 134464, 134529, 134892, 135830, 144115, 144133, 144255, 144408, 146091, 146135, 149225, 149234, 149650, 149667, 149743, 150190, 150625, 151143, 151159, 151395, 153037, 154324, 154764, 155572, 155764, 155772, 158953, 162312, 163748, 167945, 169633, 170123, 170215, 172840, 172844, 173252, 173280, 174054, 174271, 174353, 176652, 181007, 181221, 182013, 182495, 184348, 184746, 184847, 184901, 186831, 187892, 190574, 190604, 194076, 196471, 196981, 197004, 197061, 197986, 198097, 198251, 198290, 198299, 198307, 198333, 199406, 200634, 201339, 201417, 209282, 211238, 213368, 214735, 215436, 216151, 216685, 216721, 216969, 217222, 226156, 226494, 226557, 226561, 226598, 226678, 226758, 227798, 227876, 228420, 229197, 229212, 229256, 229573, 230019, 230105, 230498, 230898, 231868, 235266, 235277, 236632, 236907, 237760, 238140, 239088, 242982, 244583, 244854, 245161, 245314, 245354, 245363, 245369, 245401, 249076, 249241, 249818, 250006, 250031, 250089, 262544, 266408, 267042, 267165, 267660, 267704, 268425, 268541, 268666, 268677, 269399, 270350, 270377, 273907, 274839, 274849, 277023, 288840, 296012, 296049, 296187, 296224, 328465, 328500, 335215, 341957, 342310, 391975, 404444, 408373, 417353, 417365, 418274, 418288, 418405, 418449, 426518, 426525, 427913, 434130, 443434, 456139, 456174, 464340, 466205, 496777, 509378, 509612, 510807, 539879, 567492, 571549, 580074, 587202, 629126, 629131]
10,196,[2279, 2618, 20893, 20899, 23192, 23249, 30797, 32529, 39977, 63086, 63277, 63841, 63918, 63993, 64030, 100799, 100805, 100835, 133275, 134295, 134576, 134641, 135004, 135942, 144228, 144246, 144368, 144521, 146204, 146248, 149338, 149347, 149763, 149780, 149856, 150303, 150738, 151256, 151272, 151508, 153150, 154437, 154877, 155685, 155877, 155885, 159066, 162435, 163871, 168068, 169756, 170246, 170338, 172963, 172967, 173375, 173403, 174177, 174394, 174476, 176775, 181130, 181344, 182136, 182627, 184480, 184878, 184979, 185033, 186963, 188024, 190706, 190736, 194208, 196603, 197113, 197136, 197193, 198118, 198229, 198383, 198422, 198431, 198439, 198465, 199548, 200776, 201481, 201559, 209424, 211380, 213510, 214877, 215578, 216293, 216826, 216862, 217110, 217362, 226306, 226644, 226707, 226711, 226748, 226828, 226908, 227948, 228026, 228570, 229347, 229362, 229406, 229723, 230169, 230255, 230648, 231048, 232018, 235416, 235427, 236782, 237057, 237910, 238290, 239241, 243135, 244736, 245007, 245314, 245467, 245507, 245516, 245522, 245554, 249229, 249394, 249971, 250159, 250184, 250242, 262700, 266564, 267198, 267321, 267816, 267860, 268581, 268697, 268822, 268833, 269555, 270506, 270533, 274063, 274995, 275005, 277179, 288996, 296169, 296206, 296344, 296381, 328624, 328659, 335374, 342116, 342469, 392138, 404610, 408539, 417519, 417531, 418440, 418454, 418571, 418615, 426684, 426691, 428080, 434300, 443604, 456309, 456344, 464511, 466376, 496946, 509547, 509781, 510976, 540054, 567672, 571729, 580254, 587387, 629389, 629394]
15,2,[65369, 111397]
17,26,[64047, 72281, 81109, 82042, 82526, 82966, 83010, 83927, 96296, 99725, 99833, 100513, 100639, 102040, 107816, 131428, 137424, 147918, 148272, 148741, 194245, 196418, 204643, 206798, 211149, 211363]
19,4,[5571, 5575, 10276, 10991]
20,2,[60230, 60685]
21,1,[12448]
24,2,[37242, 37246]
26,2,[61525, 61982]
30,196,[2186, 2525, 20799, 20805, 23098, 23155, 30703, 32431, 39879, 62983, 63174, 63738, 63815, 63890, 63927, 100692, 100698, 100728, 133163, 134183, 134464, 134529, 134892, 135830, 144115, 144133, 144255, 144408, 146091, 146135, 149225, 149234, 149650, 149667, 149743, 150190, 150625, 151143, 151159, 151395, 153037, 154324, 154764, 155572, 155764, 155772, 158953, 162312, 163748, 167945, 169633, 170123, 170215, 172840, 172844, 173252, 173280, 174054, 174271, 174353, 176652, 181007, 181221, 182013, 182495, 184348, 184746, 184847, 184901, 186831, 187892, 190574, 190604, 194076, 196471, 196981, 197004, 197061, 197986, 198097, 198251, 198290, 198299, 198307, 198333, 199406, 200634, 201339, 201417, 209282, 211238, 213368, 214735, 215436, 216151, 216685, 216721, 216969, 217222, 226156, 226494, 226557, 226561, 226598, 226678, 226758, 227798, 227876, 228420, 229197, 229212, 229256, 229573, 230019, 230105, 230498, 230898, 231868, 235266, 235277, 236632, 236907, 237760, 238140, 239088, 242982, 244583, 244854, 245161, 245314, 245354, 245363, 245369, 245401, 249076, 249241, 249818, 250006, 250031, 250089, 262544, 266408, 267042, 267165, 267660, 267704, 268425, 268541, 268666, 268677, 269399, 270350, 270377, 273907, 274839, 274849, 277023, 288840, 296012, 296049, 296187, 296224, 328465, 328500, 335215, 341957, 342310, 391975, 404444, 408373, 417353, 417365, 418274, 418288, 418405, 418449, 426518, 426525, 427913, 434130, 443434, 456139, 456174, 464340, 466205, 496777, 509378, 509612, 510807, 539879, 567492, 571549, 580074, 587202, 629126, 629131]
