14,2,[57186, 136932]
15,8,[11256, 16023, 83355, 86968, 89527, 114612, 147304, 165533]
16,2,[4778, 5950]
18,3,[43422, 69942, 111547]
20,2,[17338, 34364]
21,1,[3858]
22,14,[5041, 28302, 28979, 43737, 60675, 65546, 78172, 82020, 93382, 150758, 151057, 151109, 151268, 151297]
24,2,[1195, 35238]
25,3,[54828, 62101, 131113]
26,1,[35250]
27,17,[4073, 8660, 13361, 14307, 18162, 29945, 30598, 30882, 35840, 87607, 87825, 87980, 87984, 100090, 101360, 103756, 108010]
28,1,[5427]
14,2,[57186, 136932]
15,8,[11256, 16023, 83355, 86968, 89527, 114612, 147304, 165533]
16,2,[4778, 5950]
18,3,[43422, 69942, 111547]
20,2,[17338, 34364]
21,1,[3858]
22,14,[5041, 28302, 28979, 43737, 60675, 65546, 78172, 82020, 93382, 150758, 151057, 151109, 151268, 151297]
24,2,[1195, 35238]
25,3,[54828, 62101, 131113]
26,1,[35250]
27,17,[4073, 8660, 13361, 14307, 18162, 29945, 30598, 30882, 35840, 87607, 87825, 87980, 87984, 100090, 101360, 103756, 108010]
28,1,[5427]
