10,5,[197711, 300754, 313662, 314317, 618230]
15,4,[3532, 22964, 50008, 156324]
16,4,[20118, 26220, 26767, 34897]
18,1,[125743]
20,1,[1126]
22,52,[4977, 14362, 18003, 18007, 18037, 18042, 28245, 28488, 31000, 31203, 40017, 40019, 41810, 41841, 60628, 60696, 68189, 68200, 68203, 68207, 68208, 70688, 71211, 74361, 75172, 81568, 81571, 82901, 90177, 90198, 99465, 99466, 99470, 99474, 99490, 103634, 110700, 112553, 113273, 113285, 113401, 113405, 113571, 117614, 117663, 118347, 120787, 120789, 121644, 124287, 154492, 154853]
24,1,[14258]
26,1,[1490]
27,6,[16766, 16769, 24503, 46904, 95100, 99411]
30,5,[197579, 300596, 313503, 314158, 617978]
10,5,[197711, 300754, 313662, 314317, 618230]
15,4,[3532, 22964, 50008, 156324]
16,4,[20118, 26220, 26767, 34897]
18,1,[125743]
20,1,[1126]
22,52,[4977, 14362, 18003, 18007, 18037, 18042, 28245, 28488, 31000, 31203, 40017, 40019, 41810, 41841, 60628, 60696, 68189, 68200, 68203, 68207, 68208, 70688, 71211, 74361, 75172, 81568, 81571, 82901, 90177, 90198, 99465, 99466, 99470, 99474, 99490, 103634, 110700, 112553, 113273, 113285, 113401, 113405, 113571, 117614, 117663, 118347, 120787, 120789, 121644, 124287, 154492, 154853]
24,1,[14258]
26,1,[1490]
27,6,[16766, 16769, 24503, 46904, 95100, 99411]
30,5,[197579, 300596, 313503, 314158, 617978]
