10,15,[33679, 33682, 288734, 334363, 344095, 350014, 350324, 350901, 476578, 482335, 485098, 548687, 617089, 623698, 623700]
12,4,[4764, 18450, 19234, 21378]
14,7,[10241, 10244, 52388, 66690, 72297, 175252, 193571]
15,12,[52409, 59380, 60846, 76870, 89995, 108035, 108107, 124349, 147266, 149040, 155712, 157268]
16,2,[9500, 20838]
17,11,[15700, 62823, 64942, 66874, 72464, 140448, 149176, 157235, 162229, 162272, 162288]
18,1,[33844]
19,2,[8787, 13447]
20,11,[6985, 8495, 10565, 12718, 17289, 31688, 38884, 53907, 55574, 57753, 66185]
21,6,[6306, 6365, 6403, 25705, 25759, 28173]
22,32,[3893, 14475, 14545, 16993, 17633, 17645, 23453, 24067, 27973, 37559, 37561, 37563, 37565, 37567, 37626, 37671, 37686, 37712, 37730, 53744, 53746, 86063, 101998, 102000, 102232, 102660, 105542, 112569, 119262, 134021, 134069, 134459]
23,1,[8827]
24,3,[9588, 19672, 42778]
25,9,[10450, 10453, 18429, 35629, 45885, 50251, 75957, 164648, 168180]
26,11,[7505, 9029, 11124, 13305, 17953, 32559, 39827, 55053, 56732, 58927, 67605]
27,18,[3046, 5708, 16647, 17894, 19678, 27159, 29477, 32393, 42079, 58373, 66637, 72239, 72409, 87631, 87651, 91323, 95022, 104472]
30,15,[33581, 33584, 288578, 334204, 343936, 349855, 350165, 350742, 476409, 482169, 484934, 548512, 616846, 623444, 623446]
10,15,[33679, 33682, 288734, 334363, 344095, 350014, 350324, 350901, 476578, 482335, 485098, 548687, 617089, 623698, 623700]
12,4,[4764, 18450, 19234, 21378]
14,7,[10241, 10244, 52388, 66690, 72297, 175252, 193571]
15,12,[52409, 59380, 60846, 76870, 89995, 108035, 108107, 124349, 147266, 149040, 155712, 157268]
16,2,[9500, 20838]
17,11,[15700, 62823, 64942, 66874, 72464, 140448, 149176, 157235, 162229, 162272, 162288]
18,1,[33844]
19,2,[8787, 13447]
20,11,[6985, 8495, 10565, 12718, 17289, 31688, 38884, 53907, 55574, 57753, 66185]
21,6,[6306, 6365, 6403, 25705, 25759, 28173]
22,32,[3893, 14475, 14545, 16993, 17633, 17645, 23453, 24067, 27973, 37559, 37561, 37563, 37565, 37567, 37626, 37671, 37686, 37712, 37730, 53744, 53746, 86063, 101998, 102000, 102232, 102660, 105542, 112569, 119262, 134021, 134069, 134459]
23,1,[8827]
24,3,[9588, 19672, 42778]
25,9,[10450, 10453, 18429, 35629, 45885, 50251, 75957, 164648, 168180]
26,11,[7505, 9029, 11124, 13305, 17953, 32559, 39827, 55053, 56732, 58927, 67605]
27,18,[3046, 5708, 16647, 17894, 19678, 27159, 29477, 32393, 42079, 58373, 66637, 72239, 72409, 87631, 87651, 91323, 95022, 104472]
30,15,[33581, 33584, 288578, 334204, 343936, 349855, 350165, 350742, 476409, 482169, 484934, 548512, 616846, 623444, 623446]
