10,1,[583053]
11,8,[323, 3311, 4751, 10355, 11553, 15085, 15426, 16528]
12,8,[2083, 2135, 4982, 14720, 18752, 19402, 21329, 22119]
14,6,[6255, 30928, 35980, 70702, 146688, 182693]
15,52,[3220, 10885, 11029, 11360, 14389, 14994, 15699, 17643, 19350, 32114, 50592, 52222, 71683, 72842, 72971, 73100, 77060, 77114, 84780, 85531, 85681, 85887, 85972, 87836, 88934, 90019, 92029, 94247, 95300, 96004, 99250, 100567, 105752, 106063, 110254, 123347, 150505, 153104, 155523, 155963, 158096, 158776, 158788, 163054, 164731, 165108, 165476, 165831, 168873, 171452, 173725, 173753]
16,10,[5973, 7781, 7786, 9885, 12832, 13581, 20791, 25962, 30660, 32484]
19,25,[1088, 1089, 7249, 7839, 8069, 9216, 9364, 9424, 9459, 12420, 12677, 14501, 14974, 15623, 18541, 18544, 18920, 18992, 22590, 23131, 24581, 24909, 26847, 27159, 27160]
20,1,[19630]
21,2,[24475, 25494]
22,6,[17674, 19373, 37578, 37694, 102022, 102646]
24,27,[7587, 7827, 8445, 10847, 15893, 18550, 19245, 19404, 21507, 21545, 22078, 22566, 23328, 23506, 23556, 25857, 26084, 28971, 29922, 33347, 35850, 35927, 35984, 37842, 38130, 41770, 43009]
25,7,[6562, 29890, 62478, 67438, 138551, 140631, 175252]
26,2,[357, 20339]
27,26,[23372, 26642, 43283, 55632, 57406, 60817, 62417, 64319, 67910, 68955, 69141, 70258, 70909, 72141, 75616, 79019, 79610, 79956, 83814, 85372, 86144, 87860, 88357, 88873, 96878, 100717]
28,2,[4465, 11045]
30,1,[582873]
10,1,[583053]
11,8,[323, 3311, 4751, 10355, 11553, 15085, 15426, 16528]
12,8,[2083, 2135, 4982, 14720, 18752, 19402, 21329, 22119]
14,6,[6255, 30928, 35980, 70702, 146688, 182693]
15,52,[3220, 10885, 11029, 11360, 14389, 14994, 15699, 17643, 19350, 32114, 50592, 52222, 71683, 72842, 72971, 73100, 77060, 77114, 84780, 85531, 85681, 85887, 85972, 87836, 88934, 90019, 92029, 94247, 95300, 96004, 99250, 100567, 105752, 106063, 110254, 123347, 150505, 153104, 155523, 155963, 158096, 158776, 158788, 163054, 164731, 165108, 165476, 165831, 168873, 171452, 173725, 173753]
16,10,[5973, 7781, 7786, 9885, 12832, 13581, 20791, 25962, 30660, 32484]
19,25,[1088, 1089, 7249, 7839, 8069, 9216, 9364, 9424, 9459, 12420, 12677, 14501, 14974, 15623, 18541, 18544, 18920, 18992, 22590, 23131, 24581, 24909, 26847, 27159, 27160]
20,1,[19630]
21,2,[24475, 25494]
22,6,[17674, 19373, 37578, 37694, 102022, 102646]
24,27,[7587, 7827, 8445, 10847, 15893, 18550, 19245, 19404, 21507, 21545, 22078, 22566, 23328, 23506, 23556, 25857, 26084, 28971, 29922, 33347, 35850, 35927, 35984, 37842, 38130, 41770, 43009]
25,7,[6562, 29890, 62478, 67438, 138551, 140631, 175252]
26,2,[357, 20339]
27,26,[23372, 26642, 43283, 55632, 57406, 60817, 62417, 64319, 67910, 68955, 69141, 70258, 70909, 72141, 75616, 79019, 79610, 79956, 83814, 85372, 86144, 87860, 88357, 88873, 96878, 100717]
28,2,[4465, 11045]
30,1,[582873]
