10,2,[166860, 593656]
11,2,[6361, 6785]
14,8,[8381, 10023, 12725, 52889, 62741, 117445, 151011, 183798]
15,10,[15041, 15986, 45147, 46697, 90443, 96352, 104167, 138877, 156379, 173426]
16,4,[3068, 4914, 8158, 16573]
17,1,[109065]
18,4,[13579, 66749, 91579, 96484]
20,5,[4776, 4840, 11483, 29217, 37176]
21,1,[19763]
22,1,[5638]
23,2,[16011, 20750]
25,8,[8589, 10237, 12798, 50722, 60302, 112418, 144746, 176299]
26,5,[5294, 5359, 12058, 30060, 38092]
27,3,[4014, 16913, 26681]
30,2,[166737, 593465]
10,2,[166860, 593656]
11,2,[6361, 6785]
14,8,[8381, 10023, 12725, 52889, 62741, 117445, 151011, 183798]
15,10,[15041, 15986, 45147, 46697, 90443, 96352, 104167, 138877, 156379, 173426]
16,4,[3068, 4914, 8158, 16573]
17,1,[109065]
18,4,[13579, 66749, 91579, 96484]
20,5,[4776, 4840, 11483, 29217, 37176]
21,1,[19763]
22,1,[5638]
23,2,[16011, 20750]
25,8,[8589, 10237, 12798, 50722, 60302, 112418, 144746, 176299]
26,5,[5294, 5359, 12058, 30060, 38092]
27,3,[4014, 16913, 26681]
30,2,[166737, 593465]
