6,1,[279]
11,2,[3806, 20464]
12,7,[118, 1084, 9548, 10492, 15922, 18761, 18816]
15,5,[15476, 38535, 39540, 126330, 161146]
16,8,[2051, 12811, 18109, 18122, 20447, 24288, 31993, 37071]
17,2,[183067, 183245]
19,7,[2344, 5023, 13803, 13806, 20694, 24946, 26151]
20,5,[10213, 13141, 21061, 40523, 42068]
21,3,[7646, 11695, 27131]
22,15,[16207, 107526, 131730, 132104, 132138, 132437, 133666, 133775, 134934, 136488, 136560, 145321, 147377, 148114, 151277]
24,5,[12202, 31903, 34923, 42780, 43728]
26,5,[10765, 13725, 21800, 41462, 43001]
27,19,[1589, 1603, 4349, 5321, 6262, 22125, 28161, 34583, 38261, 42978, 45103, 51612, 53510, 63489, 69475, 72954, 80266, 97242, 108923]
6,1,[279]
11,2,[3806, 20464]
12,7,[118, 1084, 9548, 10492, 15922, 18761, 18816]
15,5,[15476, 38535, 39540, 126330, 161146]
16,8,[2051, 12811, 18109, 18122, 20447, 24288, 31993, 37071]
17,2,[183067, 183245]
19,7,[2344, 5023, 13803, 13806, 20694, 24946, 26151]
20,5,[10213, 13141, 21061, 40523, 42068]
21,3,[7646, 11695, 27131]
22,15,[16207, 107526, 131730, 132104, 132138, 132437, 133666, 133775, 134934, 136488, 136560, 145321, 147377, 148114, 151277]
24,5,[12202, 31903, 34923, 42780, 43728]
26,5,[10765, 13725, 21800, 41462, 43001]
27,19,[1589, 1603, 4349, 5321, 6262, 22125, 28161, 34583, 38261, 42978, 45103, 51612, 53510, 63489, 69475, 72954, 80266, 97242, 108923]
