10,1,[367234]
11,2,[5597, 5760]
15,4,[12713, 54285, 69256, 132095]
16,2,[8389, 8398]
17,2,[34278, 78116]
20,1,[60630]
21,1,[30336]
22,10,[4976, 67316, 78432, 89950, 99549, 105726, 122541, 122596, 122617, 134702]
23,3,[11562, 19267, 25816]
24,1,[26929]
30,1,[367071]
10,1,[367234]
11,2,[5597, 5760]
15,4,[12713, 54285, 69256, 132095]
16,2,[8389, 8398]
17,2,[34278, 78116]
20,1,[60630]
21,1,[30336]
22,10,[4976, 67316, 78432, 89950, 99549, 105726, 122541, 122596, 122617, 134702]
23,3,[11562, 19267, 25816]
24,1,[26929]
30,1,[367071]
