10,2,[393625, 495616]
13,6,[1919, 2238, 2517, 3225, 3711, 3961]
14,15,[3650, 19736, 30178, 42028, 49284, 49332, 49382, 63885, 95076, 106455, 120744, 147679, 152296, 164374, 188219]
15,2,[11789, 125275]
16,3,[5278, 5577, 36931]
17,1,[186439]
22,5,[44463, 46358, 46360, 77487, 152497]
25,16,[4048, 27592, 29224, 34781, 40404, 47365, 47421, 47467, 61397, 91091, 102102, 115684, 141659, 145962, 157566, 180490]
30,2,[393459, 495457]
10,2,[393625, 495616]
13,6,[1919, 2238, 2517, 3225, 3711, 3961]
14,15,[3650, 19736, 30178, 42028, 49284, 49332, 49382, 63885, 95076, 106455, 120744, 147679, 152296, 164374, 188219]
15,2,[11789, 125275]
16,3,[5278, 5577, 36931]
17,1,[186439]
22,5,[44463, 46358, 46360, 77487, 152497]
25,16,[4048, 27592, 29224, 34781, 40404, 47365, 47421, 47467, 61397, 91091, 102102, 115684, 141659, 145962, 157566, 180490]
30,2,[393459, 495457]
