14,99,[5385, 18421, 18429, 24439, 24446, 24572, 27138, 36650, 37640, 43333, 47472, 47547, 47572, 49802, 49844, 50797, 53172, 53189, 53341, 53701, 56808, 56847, 58316, 58381, 58408, 59506, 62157, 64364, 64377, 65426, 65437, 65672, 69237, 70678, 71942, 71960, 75963, 76257, 76968, 77899, 79540, 80203, 80255, 80268, 81514, 87373, 88533, 88549, 88586, 88672, 103917, 104557, 105277, 114320, 118868, 127223, 127235, 127284, 127296, 127311, 129228, 142122, 142141, 143115, 143275, 143299, 143335, 143347, 145630, 146484, 146502, 151258, 155405, 161695, 166093, 167020, 167062, 168004, 171165, 174086, 176029, 179991, 179997, 180024, 180053, 180063, 180073, 180088, 180319, 184553, 196520, 196620, 196748, 196758, 196773, 196818, 197049, 197087, 197097]
15,12,[4948, 12262, 12347, 18449, 18566, 45617, 46624, 46698, 74490, 75846, 108069, 127786]
16,2,[1032, 34124]
18,3,[10420, 31946, 74009]
20,1,[40881]
21,2,[1724, 4571]
22,13,[10215, 48835, 115291, 133107, 143889, 144457, 144505, 144514, 144516, 144762, 148113, 148668, 156521]
25,140,[5754, 18060, 18068, 19733, 19769, 19846, 19852, 19869, 23768, 23775, 23901, 26264, 35304, 36247, 38355, 41565, 44750, 45618, 45688, 45713, 47848, 48778, 50974, 50990, 51112, 51148, 51554, 54375, 54424, 54443, 54470, 54627, 55946, 56010, 56036, 57154, 61975, 61988, 62322, 62446, 66019, 68596, 72430, 72704, 73366, 74263, 76566, 76616, 76628, 77825, 84849, 84880, 84922, 85005, 92399, 100360, 101009, 109524, 113230, 113829, 121893, 121905, 121954, 121966, 121981, 123741, 136139, 136158, 137180, 137318, 137342, 137383, 137401, 139552, 139738, 144972, 148801, 154959, 159190, 160052, 160093, 160114, 160368, 161083, 164335, 164359, 164412, 167084, 168902, 172573, 172588, 172629, 172669, 172677, 172691, 172712, 172718, 172940, 177005, 185205, 185212, 188386, 188509, 188519, 188534, 188591, 188882, 188923, 188940, 188966, 188976, 189713, 190098, 190107, 190153, 190373, 190897, 190932, 190937, 190946, 191431, 191726, 191820, 191858, 191870, 191896, 191905, 191917, 192034, 192208, 193439, 193507, 196032, 196106, 197385, 197568, 197872, 197898, 198141, 198492]
26,1,[41816]
27,4,[22352, 26165, 33405, 39882]
14,99,[5385, 18421, 18429, 24439, 24446, 24572, 27138, 36650, 37640, 43333, 47472, 47547, 47572, 49802, 49844, 50797, 53172, 53189, 53341, 53701, 56808, 56847, 58316, 58381, 58408, 59506, 62157, 64364, 64377, 65426, 65437, 65672, 69237, 70678, 71942, 71960, 75963, 76257, 76968, 77899, 79540, 80203, 80255, 80268, 81514, 87373, 88533, 88549, 88586, 88672, 103917, 104557, 105277, 114320, 118868, 127223, 127235, 127284, 127296, 127311, 129228, 142122, 142141, 143115, 143275, 143299, 143335, 143347, 145630, 146484, 146502, 151258, 155405, 161695, 166093, 167020, 167062, 168004, 171165, 174086, 176029, 179991, 179997, 180024, 180053, 180063, 180073, 180088, 180319, 184553, 196520, 196620, 196748, 196758, 196773, 196818, 197049, 197087, 197097]
15,12,[4948, 12262, 12347, 18449, 18566, 45617, 46624, 46698, 74490, 75846, 108069, 127786]
16,2,[1032, 34124]
18,3,[10420, 31946, 74009]
20,1,[40881]
21,2,[1724, 4571]
22,13,[10215, 48835, 115291, 133107, 143889, 144457, 144505, 144514, 144516, 144762, 148113, 148668, 156521]
25,140,[5754, 18060, 18068, 19733, 19769, 19846, 19852, 19869, 23768, 23775, 23901, 26264, 35304, 36247, 38355, 41565, 44750, 45618, 45688, 45713, 47848, 48778, 50974, 50990, 51112, 51148, 51554, 54375, 54424, 54443, 54470, 54627, 55946, 56010, 56036, 57154, 61975, 61988, 62322, 62446, 66019, 68596, 72430, 72704, 73366, 74263, 76566, 76616, 76628, 77825, 84849, 84880, 84922, 85005, 92399, 100360, 101009, 109524, 113230, 113829, 121893, 121905, 121954, 121966, 121981, 123741, 136139, 136158, 137180, 137318, 137342, 137383, 137401, 139552, 139738, 144972, 148801, 154959, 159190, 160052, 160093, 160114, 160368, 161083, 164335, 164359, 164412, 167084, 168902, 172573, 172588, 172629, 172669, 172677, 172691, 172712, 172718, 172940, 177005, 185205, 185212, 188386, 188509, 188519, 188534, 188591, 188882, 188923, 188940, 188966, 188976, 189713, 190098, 190107, 190153, 190373, 190897, 190932, 190937, 190946, 191431, 191726, 191820, 191858, 191870, 191896, 191905, 191917, 192034, 192208, 193439, 193507, 196032, 196106, 197385, 197568, 197872, 197898, 198141, 198492]
26,1,[41816]
27,4,[22352, 26165, 33405, 39882]
