10,7,[20261, 146793, 161060, 218235, 366439, 379821, 583198]
11,1,[3284]
12,2,[12361, 15772]
13,3,[1957, 2043, 4151]
15,11,[10952, 27626, 32226, 67421, 67422, 69118, 69119, 85628, 91309, 149114, 164859]
16,7,[5129, 8087, 8094, 17448, 20111, 26768, 27809]
17,1,[33490]
19,8,[7585, 12499, 13464, 13658, 14545, 23147, 23416, 25182]
22,1,[82489]
24,12,[5915, 8465, 11521, 17808, 18169, 19150, 22543, 28763, 37747, 37944, 38283, 44997]
27,9,[21857, 26829, 42344, 43666, 50296, 60676, 79102, 86292, 94252]
30,7,[20167, 146680, 160946, 218095, 366276, 379658, 583018]
10,7,[20261, 146793, 161060, 218235, 366439, 379821, 583198]
11,1,[3284]
12,2,[12361, 15772]
13,3,[1957, 2043, 4151]
15,11,[10952, 27626, 32226, 67421, 67422, 69118, 69119, 85628, 91309, 149114, 164859]
16,7,[5129, 8087, 8094, 17448, 20111, 26768, 27809]
17,1,[33490]
19,8,[7585, 12499, 13464, 13658, 14545, 23147, 23416, 25182]
22,1,[82489]
24,12,[5915, 8465, 11521, 17808, 18169, 19150, 22543, 28763, 37747, 37944, 38283, 44997]
27,9,[21857, 26829, 42344, 43666, 50296, 60676, 79102, 86292, 94252]
30,7,[20167, 146680, 160946, 218095, 366276, 379658, 583018]
