10,12,[4258, 123496, 124022, 124295, 128542, 191253, 233996, 297644, 363218, 379190, 430208, 430214]
14,4,[29793, 39340, 189143, 190412]
15,9,[39081, 48526, 55265, 77828, 90498, 97170, 103609, 115508, 135624]
16,1,[14921]
17,3,[61481, 92212, 156921]
18,32,[14636, 19392, 28001, 36638, 45098, 45723, 49157, 59345, 61068, 63852, 68116, 80009, 80160, 92529, 96071, 100946, 109948, 112659, 114491, 115286, 115304, 115501, 117476, 119868, 125361, 126472, 127655, 128023, 128304, 128572, 129099, 136385]
20,31,[794, 1011, 1494, 6907, 10088, 12089, 12091, 13254, 16413, 18796, 18799, 20541, 20972, 22090, 22855, 24435, 33417, 33878, 34366, 38514, 40279, 43070, 43642, 43644, 45509, 46248, 52113, 55397, 55438, 55624, 65651]
22,5,[12402, 28049, 29162, 29502, 147791]
23,1,[6918]
25,5,[28805, 37834, 59715, 181341, 185188]
26,31,[1160, 1376, 1869, 7427, 10639, 12676, 12678, 13839, 17063, 19507, 19510, 21268, 21710, 22845, 23624, 25210, 34297, 34754, 35252, 39457, 41220, 44019, 44600, 44603, 46510, 47253, 53196, 56557, 56597, 56784, 67065]
27,3,[65189, 89822, 103592]
30,12,[4164, 123385, 123911, 124184, 128430, 191121, 233846, 297486, 363055, 379027, 430038, 430044]
10,12,[4258, 123496, 124022, 124295, 128542, 191253, 233996, 297644, 363218, 379190, 430208, 430214]
14,4,[29793, 39340, 189143, 190412]
15,9,[39081, 48526, 55265, 77828, 90498, 97170, 103609, 115508, 135624]
16,1,[14921]
17,3,[61481, 92212, 156921]
18,32,[14636, 19392, 28001, 36638, 45098, 45723, 49157, 59345, 61068, 63852, 68116, 80009, 80160, 92529, 96071, 100946, 109948, 112659, 114491, 115286, 115304, 115501, 117476, 119868, 125361, 126472, 127655, 128023, 128304, 128572, 129099, 136385]
20,31,[794, 1011, 1494, 6907, 10088, 12089, 12091, 13254, 16413, 18796, 18799, 20541, 20972, 22090, 22855, 24435, 33417, 33878, 34366, 38514, 40279, 43070, 43642, 43644, 45509, 46248, 52113, 55397, 55438, 55624, 65651]
22,5,[12402, 28049, 29162, 29502, 147791]
23,1,[6918]
25,5,[28805, 37834, 59715, 181341, 185188]
26,31,[1160, 1376, 1869, 7427, 10639, 12676, 12678, 13839, 17063, 19507, 19510, 21268, 21710, 22845, 23624, 25210, 34297, 34754, 35252, 39457, 41220, 44019, 44600, 44603, 46510, 47253, 53196, 56557, 56597, 56784, 67065]
27,3,[65189, 89822, 103592]
30,12,[4164, 123385, 123911, 124184, 128430, 191121, 233846, 297486, 363055, 379027, 430038, 430044]
