11,2,[487, 659]
12,5,[3712, 4364, 4753, 4785, 10340]
15,23,[8841, 23574, 30532, 35983, 52915, 54459, 60204, 64680, 75242, 81837, 89800, 112480, 115956, 123389, 131129, 131558, 132147, 132384, 135866, 150619, 164033, 170146, 170627]
16,2,[6297, 35783]
18,3,[40568, 41016, 97786]
22,2,[5201, 24888]
24,8,[11095, 20658, 23102, 32232, 32241, 36298, 39949, 41605]
26,1,[44786]
27,5,[28195, 35505, 55413, 63468, 70483]
11,2,[487, 659]
12,5,[3712, 4364, 4753, 4785, 10340]
15,23,[8841, 23574, 30532, 35983, 52915, 54459, 60204, 64680, 75242, 81837, 89800, 112480, 115956, 123389, 131129, 131558, 132147, 132384, 135866, 150619, 164033, 170146, 170627]
16,2,[6297, 35783]
18,3,[40568, 41016, 97786]
22,2,[5201, 24888]
24,8,[11095, 20658, 23102, 32232, 32241, 36298, 39949, 41605]
26,1,[44786]
27,5,[28195, 35505, 55413, 63468, 70483]
