10,2392,[2470, 2600, 2626, 2686, 3025, 5059, 6041, 6045, 6048, 6049, 6056, 6196, 7158, 8054, 8132, 8137, 8455, 8520, 8608, 8663, 8684, 8908, 8992, 9703, 10293, 10314, 10749, 10767, 10782, 10800, 10840, 10867, 10889, 10892, 10899, 10913, 10951, 11191, 11194, 11195, 11397, 11400, 11448, 11520, 11548, 11567, 11605, 11626, 11672, 11675, 11709, 11760, 11763, 12038, 12364, 12383, 12405, 12425, 12470, 12491, 12671, 12863, 13106, 13130, 13150, 13185, 13284, 13365, 13411, 13464, 13878, 13938, 13972, 13987, 14107, 15144, 15149, 15212, 15229, 15260, 15348, 15381, 15396, 15432, 15448, 15481, 15488, 15510, 15514, 15561, 15572, 15604, 15625, 15736, 15756, 15893, 16006, 16018, 16037, 16214, 16301, 16701, 16849, 16868, 17198, 17226, 17240, 17254, 17282, 17380, 17395, 17412, 17456, 17475, 17519, 17538, 17552, 17580, 17601, 17629, 17683, 17704, 20401, 20532, 20712, 20741, 20838, 20904, 21392, 21749, 21756, 21779, 21845, 21884, 22136, 22153, 22176, 22220, 22228, 22378, 23006, 23012, 23039, 23065, 23131, 23142, 23156, 23266, 23655, 26636, 27291, 27307, 28290, 28691, 28901, 30104, 30203, 30610, 30855, 31787, 32128, 32245, 32277, 32472, 32723, 33957, 33965, 33978, 34009, 34942, 35110, 37454, 37457, 37458, 39793, 39940, 44170, 44650, 45032, 45933, 50593, 51775, 51778, 51829, 52858, 53296, 54989, 54992, 55049, 56849, 56856, 56859, 56876, 65749, 70861, 70954, 70989, 72666, 74845, 74860, 74875, 76147, 78128, 78133, 78138, 78143, 78148, 78156, 78161, 78166, 78171, 78176, 78181, 78186, 78267, 79139, 79177, 79208, 79280, 79317, 79349, 79451, 79483, 79515, 79579, 79616, 79648, 80206, 80341, 80377, 80451, 81229, 81523, 81655, 83558, 83638, 83729, 83736, 83827, 83834, 83926, 83933, 84023, 84030, 84122, 84129, 84217, 84224, 84315, 84323, 84411, 84418, 84509, 84516, 84607, 84614, 84705, 84712, 84803, 86439, 86453, 86467, 86506, 86520, 86534, 86574, 86588, 86602, 86631, 86645, 86659, 86681, 87542, 88124, 88131, 88138, 88145, 88152, 88159, 88166, 88177, 88184, 88191, 88198, 88205, 88225, 88738, 88743, 89278, 89283, 89433, 89438, 90427, 90430, 90433, 90444, 91229, 93830, 93848, 93889, 94706, 94761, 94775, 94923, 95039, 96037, 96047, 96307, 96575, 96927, 96930, 96996, 96999, 97078, 97172, 97247, 97696, 98324, 98329, 98337, 98340, 98343, 98346, 98352, 98437, 98502, 98695, 100771, 100832, 101977, 101984, 102304, 102433, 102523, 102542, 102550, 103711, 103736, 103746, 103753, 103765, 103780, 103792, 103804, 103816, 103828, 103840, 104625, 104628, 104928, 105649, 105730, 105771, 107105, 108963, 109506, 109509, 109510, 109875, 109905, 110089, 110098, 110105, 110863, 112162, 112641, 113766, 114339, 114343, 116204, 116290, 117322, 119039, 119059, 119065, 119076, 119104, 119165, 120077, 124044, 126326, 127390, 128404, 128509, 128964, 129571, 131263, 131901, 131932, 131935, 131938, 132425, 132428, 132431, 132443, 132582, 136929, 137137, 137207, 137322, 137530, 137542, 137726, 137776, 137933, 138003, 138750, 138757, 138760, 138763, 138766, 138798, 139644, 139694, 140575, 140613, 140918, 141195, 142151, 142344, 142667, 142714, 143522, 143537, 144019, 144121, 144133, 144406, 145138, 145744, 145790, 145869, 146245, 146362, 146533, 146894, 146975, 147106, 147763, 148267, 148284, 149016, 149666, 149884, 149887, 149888, 149910, 150059, 150091, 150099, 150182, 150322, 150605, 150782, 150836, 150850, 150901, 150917, 151008, 151572, 151583, 151586, 151978, 152015, 152554, 152800, 153251, 153278, 153366, 153391, 153461, 153890, 154619, 155969, 155995, 157029, 157032, 157205, 158598, 158601, 161706, 161781, 161862, 161865, 161868, 161871, 162299, 162392, 163501, 163717, 164258, 164397, 165439, 166310, 166313, 166316, 166319, 166327, 166372, 167141, 167395, 167612, 169244, 169405, 169427, 169481, 169486, 169489, 170454, 170480, 170525, 170739, 170756, 172027, 172063, 172085, 172394, 172495, 173509, 173528, 173559, 173569, 173971, 174042, 174076, 174095, 174160, 174200, 174278, 174291, 175485, 175490, 175557, 175569, 175584, 176450, 176480, 176486, 176498, 176523, 176529, 176558, 176583, 176601, 176643, 176823, 177008, 177238, 177967, 178318, 178350, 178528, 179280, 179387, 179416, 179640, 179742, 179852, 179956, 180037, 181463, 182532, 182554, 182696, 182730, 182805, 183178, 183186, 183218, 183259, 183266, 183276, 183341, 183825, 183837, 183844, 184063, 184088, 184299, 184342, 184438, 184645, 184695, 184714, 184762, 184764, 184914, 186473, 186913, 187040, 187113, 187177, 187186, 187193, 187198, 187211, 187305, 187328, 187343, 187351, 187354, 187442, 187474, 187483, 187532, 187579, 187592, 188581, 188757, 189439, 189621, 189633, 189669, 189689, 190224, 190386, 190533, 190542, 190575, 190844, 190856, 190999, 192152, 192156, 192365, 192369, 192480, 192549, 192629, 192646, 192708, 192893, 193667, 193701, 193710, 193811, 194119, 194275, 194298, 194346, 194371, 194392, 194514, 194688, 194690, 194691, 194700, 194701, 194741, 194775, 194778, 194779, 195124, 195192, 195266, 195335, 195902, 195917, 195935, 196033, 196084, 196184, 196263, 196438, 196493, 196530, 196549, 196760, 196763, 196778, 196813, 196922, 196960, 196977, 197063, 197133, 197188, 197944, 198127, 198195, 198369, 198410, 198413, 198476, 198515, 198529, 198547, 198552, 198584, 198590, 198593, 198598, 198610, 198625, 199454, 199505, 199525, 199608, 199638, 199663, 199753, 199851, 199969, 200050, 200102, 200126, 200192, 200240, 200354, 200406, 200652, 200752, 200767, 200773, 200851, 200964, 201191, 201248, 201383, 201494, 201503, 201551, 201575, 201688, 201860, 202031, 202346, 202383, 202396, 202401, 202409, 202413, 202428, 202433, 202443, 202447, 202499, 202583, 202596, 202603, 202619, 202628, 202646, 202682, 202687, 202697, 202709, 202724, 202749, 202758, 202781, 202797, 202805, 202810, 202815, 203265, 203353, 204732, 206143, 209157, 209172, 209324, 209402, 209461, 209714, 209727, 209898, 209921, 210289, 210316, 210461, 210478, 211677, 211780, 212207, 212214, 212478, 212489, 212551, 212648, 212855, 212858, 213042, 213049, 213090, 213227, 213265, 213323, 213383, 213395, 213447, 213559, 213761, 213784, 213864, 213918, 213934, 213942, 213955, 213983, 214060, 214071, 214306, 214340, 214418, 214459, 214466, 214509, 214581, 216151, 216162, 216225, 218108, 218116, 218266, 218426, 218464, 218500, 218822, 218882, 219215, 219222, 219378, 219413, 219419, 219461, 219999, 220005, 220703, 220754, 220941, 221361, 221544, 221771, 221791, 222040, 222258, 222274, 223901, 223910, 223913, 223927, 223937, 223980, 224018, 224739, 224870, 224895, 225012, 225182, 225193, 225362, 225371, 225378, 225431, 225441, 225480, 225489, 225531, 225534, 225717, 225725, 225828, 225831, 226019, 226267, 226852, 227066, 227228, 227397, 227424, 227446, 227539, 227738, 228582, 228587, 228608, 228619, 228625, 228652, 228685, 228829, 228844, 228872, 229214, 229221, 229230, 229259, 229266, 229431, 229433, 229470, 229566, 229569, 229667, 229674, 229683, 229779, 229785, 229816, 229850, 229904, 229957, 229971, 230055, 230104, 230119, 230148, 230157, 230219, 230239, 230251, 230326, 230356, 230451, 230463, 230491, 230500, 230565, 230593, 230635, 230642, 230659, 230687, 230694, 230802, 230824, 230833, 230837, 230884, 230926, 230978, 231367, 231380, 231898, 232425, 232432, 232611, 232865, 232879, 233061, 233368, 233382, 233444, 233859, 234326, 234342, 234612, 234877, 234992, 235039, 235331, 235444, 235478, 235548, 235551, 235776, 235781, 235859, 235862, 236438, 236612, 237091, 237175, 237407, 238324, 238327, 238357, 238362, 238367, 238374, 238419, 238422, 239034, 239050, 239076, 239123, 239398, 239773, 239846, 239968, 239979, 240068, 240073, 240076, 240079, 240082, 240085, 240088, 240091, 240094, 240097, 240100, 240103, 240106, 240109, 240112, 240136, 240139, 240147, 240268, 240371, 240495, 240612, 240692, 240695, 240698, 240705, 240708, 240711, 240814, 240821, 240824, 240827, 240846, 240849, 240852, 240855, 240858, 241025, 241071, 241074, 241077, 241080, 241083, 241086, 241089, 241122, 241125, 241128, 241236, 241239, 241242, 241245, 241248, 241251, 241254, 241258, 241261, 241751, 241754, 241757, 241760, 241763, 241766, 241769, 241775, 241778, 241781, 241784, 241788, 241792, 241795, 241798, 241801, 241805, 241820, 241824, 241827, 241830, 241833, 241849, 241852, 241855, 241858, 241861, 241864, 241933, 241936, 241939, 241942, 241945, 241948, 241951, 241954, 241957, 241960, 241963, 241966, 241969, 241972, 241975, 241978, 241981, 241984, 241987, 241990, 241993, 241996, 242010, 242013, 242016, 242019, 242022, 242025, 242028, 242031, 242034, 242037, 242040, 242043, 242046, 242049, 242063, 242066, 242069, 242072, 242075, 242078, 242081, 242084, 242087, 242090, 242093, 242096, 242099, 242166, 242169, 242172, 242175, 242178, 242181, 242184, 242187, 242190, 242193, 242196, 242247, 243034, 243066, 243069, 243101, 243105, 243109, 243113, 243117, 243121, 243166, 243197, 243203, 243207, 243210, 243213, 243216, 243219, 243222, 243284, 243722, 243773, 243816, 243819, 243822, 243952, 243955, 243958, 243961, 243967, 243996, 243999, 244002, 244007, 244012, 244015, 244020, 244023, 244026, 244062, 244065, 244068, 244071, 244074, 244084, 244087, 244090, 244095, 244098, 244101, 244104, 244107, 244139, 244142, 244145, 244158, 244161, 244164, 244169, 244172, 244175, 244180, 244183, 244227, 244230, 244233, 244271, 244289, 244571, 244627, 244670, 244673, 244676, 245016, 245155, 245267, 245495, 245498, 245565, 245607, 245618, 245636, 245642, 245673, 245679, 245685, 245697, 245705, 245717, 245730, 245734, 245747, 245766, 245811, 246125, 247522, 247529, 247539, 248407, 248810, 249318, 249392, 249437, 249446, 249452, 249457, 249469, 249502, 249515, 250182, 250229, 250238, 251079, 251117, 251132, 251179, 251220, 251237, 251399, 251489, 252187, 252209, 252440, 252967, 253037, 253193, 253336, 253339, 253351, 253355, 253359, 253363, 253367, 253424, 253429, 253434, 253633, 253696, 253727, 253743, 253783, 253934, 253940, 253946, 253960, 253965, 253970, 253977, 253985, 253994, 253999, 254004, 254041, 254074, 254093, 254111, 254181, 254231, 254258, 254447, 254463, 254473, 254537, 254604, 254863, 254962, 255467, 255581, 255667, 255707, 255773, 255875, 255878, 256518, 256548, 258193, 260958, 260986, 261009, 261353, 261383, 261503, 261731, 261755, 261764, 261828, 262268, 262383, 262389, 262416, 262832, 263210, 264031, 264347, 264577, 264602, 264640, 264957, 265017, 265261, 265509, 265841, 265844, 265847, 265850, 266405, 266448, 266497, 266896, 266991, 267013, 267089, 267125, 267134, 267159, 267228, 267256, 267279, 267354, 267359, 267364, 267369, 267374, 267423, 267651, 268511, 268583, 268729, 268735, 268769, 269273, 269276, 269312, 269429, 269432, 269490, 269499, 270113, 270138, 270168, 270366, 270418, 270504, 270537, 270691, 270695, 270700, 270705, 271115, 271378, 271383, 271395, 271400, 271407, 271412, 272812, 273265, 274011, 274339, 274381, 274499, 274548, 274919, 275022, 275235, 275246, 275570, 275575, 275650, 275653, 276098, 276142, 276805, 276963, 278553, 278563, 278755, 278760, 279623, 279646, 279651, 280484, 280732, 280735, 280738, 280741, 280744, 280747, 280750, 280753, 280756, 280759, 280762, 280765, 280768, 280771, 280774, 280777, 281439, 281451, 281465, 281478, 281491, 281503, 281518, 281533, 281548, 281707, 281710, 282074, 282084, 282092, 282097, 282706, 282827, 283085, 283090, 283182, 283453, 284375, 284411, 284414, 284423, 284426, 284435, 284462, 284467, 284519, 284530, 284549, 284564, 284578, 284582, 284587, 284605, 284655, 284682, 284727, 284762, 284784, 284798, 284819, 284845, 284848, 284889, 284892, 284901, 284920, 284949, 285012, 285024, 285036, 285042, 285051, 285063, 286427, 286430, 286638, 286642, 286646, 286654, 288204, 289422, 289457, 289883, 290055, 290058, 290061, 290064, 290067, 290075, 290078, 290081, 290084, 290087, 290090, 290093, 290118, 290121, 290124, 290127, 290130, 290133, 290136, 290151, 290159, 290170, 290175, 290178, 290181, 290184, 290187, 290213, 290216, 290219, 290222, 290225, 290228, 290244, 290247, 290250, 290253, 290271, 290281, 290284, 290287, 290290, 290312, 290315, 290318, 290337, 290340, 290343, 290414, 290417, 290420, 290423, 290458, 290464, 290608, 290791, 290803, 290848, 290851, 291022, 291025, 291028, 291031, 291034, 291037, 291331, 291709, 291712, 292113, 292119, 292908, 292911, 292914, 293487, 293755, 295598, 296200, 296580, 302794, 305065, 307057, 307128, 308316, 311317, 311376, 312258, 322031, 326641, 326936, 329680, 330831, 331496, 338375, 343806, 344306, 345044, 345117, 345143, 345201, 345457, 345715, 345840, 345860, 345971, 346175, 346269, 346399, 346496, 346732, 346784, 346815, 347002, 347212, 348182, 348188, 348237, 348242, 349345, 349639, 350343, 350947, 351236, 351749, 351821, 351943, 351951, 353318, 353366, 353455, 353736, 353855, 354889, 355214, 355742, 355803, 355885, 355954, 356397, 356401, 356406, 356784, 358587, 360516, 361062, 363109, 363691, 365806, 365809, 365821, 365879, 365920, 365927, 365954, 366000, 366072, 366378, 366390, 366445, 366921, 368551, 369271, 369493, 371043, 371047, 371413, 372236, 378108, 378121, 378571, 378585, 378648, 379059, 379514, 379530, 379967, 385404, 386320, 388010, 388032, 392740, 392760, 392775, 392787, 396646, 397386, 397421, 401549, 403748, 403883, 404170, 404660, 404665, 405296, 405458, 405590, 406730, 407014, 407049, 407932, 408452, 408515, 408560, 408585, 408729, 408732, 408733, 409136, 409225, 409300, 409728, 409733, 410168, 410173, 410294, 411539, 412245, 412268, 412319, 412377, 412380, 412387, 412479, 412972, 413777, 414606, 414641, 414644, 414674, 414691, 414726, 414777, 414896, 414992, 415108, 415126, 415216, 415328, 415357, 415403, 415426, 415429, 415465, 415470, 415475, 415480, 415513, 415516, 415519, 415541, 415810, 415815, 415820, 416008, 416044, 416050, 416090, 416095, 416315, 416318, 416553, 416558, 416563, 416568, 416715, 417695, 417698, 417972, 417975, 418018, 418058, 418094, 418106, 418117, 418126, 418129, 418225, 418228, 418261, 418294, 418301, 418309, 418324, 418353, 418359, 418380, 418383, 418402, 418417, 418431, 418434, 418531, 418554, 418569, 418654, 418696, 418701, 418716, 418735, 418751, 418777, 418813, 418818, 418834, 418857, 418867, 418912, 418918, 418937, 418942, 419124, 419564, 419569, 419599, 419624, 419649, 419701, 419704, 419713, 420879, 420895, 421027, 423228, 423606, 424746, 425918, 426313, 426316, 430117, 430777, 430809, 430883, 430938, 430995, 431020, 431048, 431164, 431315, 431546, 431630, 432011, 432058, 432571, 432960, 433701, 433735, 433784, 433853, 433870, 433946, 434018, 434994, 434999, 435007, 435041, 435226, 435259, 435546, 435575, 435717, 435924, 436017, 436123, 436183, 436549, 436778, 437053, 437231, 437361, 437516, 439084, 439748, 439868, 439955, 440085, 440093, 440120, 440136, 440767, 440799, 441353, 441884, 441987, 442090, 442162, 442193, 442217, 442259, 442357, 442578, 442720, 443061, 443192, 443418, 444238, 444587, 444892, 445100, 445184, 445626, 446202, 446964, 447172, 447429, 447634, 448067, 448198, 448626, 448807, 449373, 449789, 450265, 450398, 450480, 450542, 450820, 450986, 451118, 451898, 452221, 452641, 453221, 453348, 453396, 453509, 453884, 454221, 454512, 454936, 455353, 457874, 457975, 458233, 458588, 459168, 460845, 464597, 466474, 467790, 468648, 468880, 471740, 471756, 471803, 471922, 474865, 475559, 475858, 477555, 480074, 480394, 481496, 484337, 484723, 487389, 487392, 487395, 487398, 487404, 488722, 488729, 488944, 488949, 489014, 489023, 489086, 489093, 489134, 489578, 489612, 489615, 489766, 489769, 491358, 491376, 491458, 493810, 494861, 495987, 496178, 496181, 496480, 496503, 496544, 496588, 496928, 497406, 497443, 497492, 497755, 499538, 500256, 500416, 500569, 500616, 501046, 501281, 501297, 501624, 501848, 502231, 502414, 502426, 502430, 502616, 502864, 503023, 503195, 504153, 504210, 504479, 505079, 505465, 506020, 506059, 506295, 506332, 506434, 506495, 506559, 506594, 506732, 507069, 508085, 508440, 508656, 508702, 508725, 508927, 509046, 509329, 509507, 509512, 509519, 509709, 510324, 510330, 510366, 510973, 511488, 511539, 511556, 511675, 511720, 511796, 512080, 512441, 512739, 513069, 513081, 513463, 513815, 513832, 514718, 514771, 514965, 515506, 515543, 515712, 515831, 516412, 516489, 516563, 516905, 517125, 517184, 517212, 518317, 519071, 521295, 521451, 521599, 521641, 521698, 521780, 522046, 523006, 523243, 523276, 523297, 523317, 524139, 524152, 524753, 524786, 525163, 525405, 525518, 525535, 525967, 525979, 526331, 526665, 526675, 527509, 528272, 528612, 528625, 528704, 528715, 529000, 529438, 530177, 530297, 530688, 530704, 530709, 530714, 530719, 530724, 530729, 530734, 530739, 530744, 530749, 530754, 530759, 530764, 530769, 530774, 530779, 530784, 530789, 530794, 530799, 530804, 530809, 530814, 530819, 530824, 530829, 530834, 530838, 530843, 530848, 530853, 530858, 530863, 530868, 530873, 530878, 530883, 530888, 530893, 530898, 530903, 530908, 530913, 530918, 530923, 530928, 530933, 530938, 530943, 530948, 530953, 530958, 530963, 530968, 530973, 530978, 530983, 530988, 530993, 530998, 531003, 531008, 531013, 531018, 531023, 531028, 531033, 531038, 531043, 531048, 531053, 531058, 531063, 531068, 531073, 531078, 531125, 531241, 531473, 531841, 532389, 532792, 532977, 533123, 533910, 534335, 535246, 536255, 536339, 536524, 536585, 536640, 536704, 536909, 536960, 537123, 537443, 537453, 537457, 538042, 538394, 539039, 539065, 539611, 539850, 539853, 541555, 541665, 541702, 541719, 541758, 541775, 541869, 541891, 542403, 542921, 542963, 542987, 543063, 543294, 543700, 543793, 543815, 544033, 544037, 544958, 545454, 545485, 546004, 546157, 546510, 546936, 547284, 547301, 548353, 549363, 549629, 549761, 549817, 549889, 549944, 550600, 550614, 550638, 550655, 550690, 550963, 550975, 550984, 551049, 551743, 551770, 551807, 551839, 551877, 552232, 552250, 552257, 552288, 552304, 552311, 552321, 552376, 552393, 552407, 553211, 553435, 553471, 553653, 553777, 553893, 553913, 555180, 555288, 555292, 556001, 556022, 556285, 556931, 557074, 557394, 558062, 558379, 558557, 558563, 558902, 559274, 559355, 559706, 561081, 561084, 561313, 562482, 562887, 563845, 564159, 564188, 564214, 564717, 566050, 566316, 567039, 568624, 569286, 570054, 570510, 573428, 573460, 573671, 575383, 580590, 580823, 584508, 584525, 584609, 586534, 587640, 588104, 588147, 588431, 591982, 593308, 598258, 599416, 603803, 604317, 604871, 604902, 604915, 604917, 605249, 605252, 605260, 607115, 609034, 610123, 611289, 611628, 613185, 613741, 614024, 615573, 615884, 616937, 617744, 617970, 618041, 618054, 618090, 618318, 618670, 619126, 619258, 619308, 619507, 619805, 620227, 621537, 622064, 622169, 622547, 622571, 622584, 624172, 627139, 627458, 627859, 628511, 628575, 629048, 629052, 629062, 629092, 629315, 629567, 629756, 629777, 629827, 629838, 630026, 630113, 630117, 630140, 630155, 630159, 630167, 630183, 630199, 630309, 630329, 630404, 630524, 631676, 632283, 637392, 640426]
11,1,[7207]
12,1,[2660]
14,19,[15620, 30711, 30750, 47455, 96447, 96475, 101320, 104531, 122801, 123686, 144960, 150557, 170980, 179961, 185490, 185497, 185507, 185523, 199023]
15,20,[15154, 19688, 26525, 29294, 29501, 29946, 37916, 37949, 46851, 63776, 67482, 76331, 87079, 111238, 115381, 128548, 159957, 159961, 160056, 160172]
16,1,[22516]
17,343,[436, 2324, 4416, 7216, 7220, 7529, 7591, 7831, 7892, 7955, 8269, 10573, 19181, 21849, 21934, 21999, 23951, 24305, 27345, 30661, 32851, 32854, 32865, 32923, 32965, 32972, 32999, 33046, 33119, 33424, 33436, 33496, 33968, 35604, 36361, 36587, 37507, 37715, 38497, 42368, 43140, 43146, 43179, 43267, 43365, 43451, 43464, 43606, 44940, 45803, 46882, 46891, 47101, 51814, 53353, 53482, 53665, 53735, 54184, 54493, 54520, 55602, 55807, 57122, 57165, 57856, 58640, 60471, 60915, 60920, 63503, 66595, 67400, 67416, 67427, 67436, 67459, 67530, 67552, 67932, 71156, 72303, 77911, 79104, 79196, 79329, 79388, 79401, 80694, 80702, 86458, 86571, 87388, 87807, 87846, 87850, 87937, 90469, 90763, 90768, 90804, 90819, 92517, 92574, 92666, 92896, 94316, 94343, 94360, 94543, 94559, 94572, 94722, 94766, 94841, 95065, 95785, 98290, 98313, 103153, 103193, 103236, 103431, 103453, 103465, 103528, 103939, 106778, 107041, 107154, 116907, 116936, 116969, 116984, 117026, 117038, 117069, 117189, 117281, 117337, 117422, 117457, 117728, 119130, 119190, 119596, 119616, 119670, 119686, 119798, 119990, 120036, 120436, 120467, 120682, 120847, 120908, 120944, 121164, 121242, 121354, 121512, 121622, 121661, 121685, 121689, 121728, 121773, 121844, 121877, 121999, 122168, 122177, 122183, 122258, 122302, 122315, 122381, 122391, 122436, 122530, 122574, 122636, 122672, 122791, 122848, 123474, 123618, 123696, 123743, 124001, 124044, 124106, 124150, 124236, 124272, 124584, 125036, 125090, 125117, 125168, 125180, 128167, 129713, 129721, 129753, 132236, 134962, 134969, 140666, 144946, 149008, 149637, 149798, 149805, 149837, 150386, 151129, 152468, 152799, 154175, 155806, 156006, 156165, 156397, 157007, 158396, 158428, 158514, 158609, 164281, 164442, 164575, 166504, 166775, 166780, 166786, 166791, 166796, 166804, 166864, 166876, 166882, 166922, 167127, 167265, 167271, 167386, 171384, 171706, 172344, 175019, 176130, 176645, 176683, 178948, 182491, 184251, 185296, 186806, 186882, 188508, 190004, 190097, 190193, 190880, 190954, 195528, 196094, 196233, 196282, 196706, 196793, 197315, 198661, 199015, 199287, 199720, 199726, 199732, 199738, 199744, 199750, 199756, 199762, 199768, 199778, 199784, 199790, 199796, 199802, 199808, 199814, 199825, 199831, 199837, 199843, 199849, 199855, 199861, 199867, 199873, 199878, 201952, 202693, 203229, 204357, 204668, 204723, 204728, 204752, 205266, 206178, 206632, 207200, 208565, 209229, 209381, 213557, 213579, 213598, 213644, 213665, 215406, 215461, 215520, 215557, 215683, 216086, 216177, 216209, 216258, 216280, 216294, 216347, 216439, 216640, 216665, 216710, 216863, 216896, 216907, 217024]
19,16,[43, 3550, 3553, 4152, 5506, 14136, 14276, 14827, 15206, 15399, 15449, 24964, 26688, 27339, 27598, 27635]
20,88,[2120, 3128, 3544, 9100, 9435, 9438, 9540, 9927, 10025, 11900, 11990, 11995, 12371, 12459, 12565, 12571, 12573, 12919, 13325, 13471, 13515, 13701, 13961, 14049, 14085, 14135, 17269, 17957, 20752, 21005, 24518, 25983, 26459, 26494, 26853, 27215, 27218, 27300, 27361, 27781, 27911, 27990, 28035, 32600, 32613, 32621, 32623, 32872, 32909, 33364, 33515, 33921, 34313, 34912, 34929, 35079, 35258, 37438, 42392, 43317, 44947, 49944, 49996, 50029, 50745, 51085, 51702, 51872, 52011, 53548, 53620, 54316, 56580, 56754, 56907, 61524, 62530, 62624, 62747, 63067, 63070, 63109, 63112, 63777, 64133, 64165, 64482, 64531]
21,28,[720, 1512, 3162, 6805, 6977, 9459, 9551, 11550, 12383, 12395, 12712, 14634, 18049, 18056, 18110, 18177, 18232, 18295, 24645, 26256, 26370, 32462, 32470, 32482, 32495, 34025, 35249, 35435]
22,23,[2882, 22042, 22978, 23039, 24036, 25497, 64427, 67534, 93285, 104321, 106267, 106509, 115348, 126995, 135746, 141678, 143297, 155275, 158685, 158720, 158740, 158743, 158746]
23,9,[4247, 5212, 6912, 7136, 9392, 9986, 13060, 13081, 29830]
24,5,[4321, 6461, 29427, 30830, 34914]
25,18,[15529, 29699, 29737, 45602, 92365, 92392, 100335, 117618, 118523, 138940, 144313, 164003, 172547, 177910, 177917, 177929, 177949, 201357]
26,88,[2507, 3602, 4034, 9654, 9988, 9991, 10094, 10481, 10577, 12486, 12577, 12582, 12957, 13046, 13151, 13157, 13159, 13506, 13911, 14056, 14100, 14286, 14548, 14636, 14672, 14721, 17929, 18654, 21484, 21743, 25296, 26780, 27259, 27295, 27676, 28040, 28043, 28125, 28184, 28609, 28740, 28823, 28870, 33475, 33488, 33497, 33499, 33749, 33785, 34244, 34390, 34799, 35197, 35803, 35821, 35972, 36153, 38353, 43328, 44267, 45935, 50990, 51042, 51074, 51797, 52142, 52782, 52951, 53090, 54672, 54747, 55478, 57733, 57902, 58055, 62829, 63869, 63964, 64087, 64422, 64425, 64467, 64470, 65160, 65526, 65559, 65881, 65931]
27,10,[9550, 10544, 14830, 14866, 14884, 44549, 44556, 46035, 60518, 63007]
28,9,[1430, 2874, 2945, 2981, 9346, 9437, 9495, 10673, 10676]
30,2392,[2377, 2507, 2533, 2593, 2931, 4965, 5947, 5951, 5954, 5955, 5962, 6102, 7064, 7960, 8038, 8043, 8361, 8426, 8514, 8569, 8590, 8814, 8898, 9609, 10199, 10220, 10655, 10673, 10688, 10706, 10746, 10773, 10795, 10798, 10805, 10819, 10857, 11097, 11100, 11101, 11303, 11306, 11354, 11426, 11454, 11473, 11511, 11532, 11578, 11581, 11615, 11666, 11669, 11944, 12270, 12289, 12311, 12331, 12376, 12397, 12577, 12769, 13012, 13036, 13056, 13091, 13190, 13271, 13317, 13370, 13784, 13844, 13878, 13893, 14013, 15050, 15055, 15118, 15135, 15166, 15254, 15287, 15302, 15338, 15354, 15387, 15394, 15416, 15420, 15467, 15478, 15510, 15531, 15642, 15662, 15799, 15912, 15924, 15943, 16120, 16207, 16607, 16755, 16774, 17104, 17132, 17146, 17160, 17188, 17286, 17301, 17318, 17362, 17381, 17425, 17444, 17458, 17486, 17507, 17535, 17589, 17610, 20307, 20438, 20618, 20647, 20744, 20810, 21298, 21655, 21662, 21685, 21751, 21790, 22042, 22059, 22082, 22126, 22134, 22284, 22912, 22918, 22945, 22971, 23037, 23048, 23062, 23172, 23561, 26542, 27197, 27213, 28196, 28597, 28807, 30010, 30109, 30516, 30761, 31693, 32030, 32147, 32179, 32374, 32625, 33859, 33867, 33880, 33911, 34844, 35012, 37356, 37359, 37360, 39695, 39842, 44072, 44552, 44934, 45835, 50495, 51677, 51680, 51731, 52760, 53197, 54890, 54893, 54950, 56750, 56757, 56760, 56777, 65646, 70758, 70851, 70886, 72563, 74742, 74757, 74772, 76044, 78021, 78026, 78031, 78036, 78041, 78049, 78054, 78059, 78064, 78069, 78074, 78079, 78160, 79032, 79070, 79101, 79173, 79210, 79242, 79344, 79376, 79408, 79472, 79509, 79541, 80099, 80234, 80270, 80344, 81122, 81416, 81548, 83451, 83531, 83622, 83629, 83720, 83727, 83819, 83826, 83916, 83923, 84015, 84022, 84110, 84117, 84208, 84216, 84304, 84311, 84402, 84409, 84500, 84507, 84598, 84605, 84696, 86332, 86346, 86360, 86399, 86413, 86427, 86467, 86481, 86495, 86524, 86538, 86552, 86574, 87435, 88017, 88024, 88031, 88038, 88045, 88052, 88059, 88070, 88077, 88084, 88091, 88098, 88118, 88631, 88636, 89171, 89176, 89326, 89331, 90320, 90323, 90326, 90337, 91122, 93723, 93741, 93782, 94599, 94654, 94668, 94816, 94932, 95930, 95940, 96200, 96468, 96820, 96823, 96889, 96892, 96971, 97065, 97140, 97589, 98217, 98222, 98230, 98233, 98236, 98239, 98245, 98330, 98395, 98588, 100664, 100725, 101870, 101877, 102197, 102326, 102416, 102435, 102443, 103604, 103629, 103639, 103646, 103658, 103673, 103685, 103697, 103709, 103721, 103733, 104518, 104521, 104821, 105538, 105619, 105660, 106994, 108852, 109395, 109398, 109399, 109764, 109794, 109978, 109987, 109994, 110752, 112051, 112530, 113655, 114228, 114232, 116093, 116179, 117211, 118928, 118948, 118954, 118965, 118993, 119054, 119966, 123933, 126215, 127279, 128293, 128397, 128852, 129459, 131151, 131789, 131820, 131823, 131826, 132313, 132316, 132319, 132331, 132470, 136817, 137025, 137095, 137210, 137418, 137430, 137614, 137664, 137821, 137891, 138638, 138645, 138648, 138651, 138654, 138686, 139532, 139582, 140463, 140501, 140806, 141083, 142039, 142232, 142555, 142602, 143410, 143425, 143907, 144009, 144021, 144293, 145025, 145631, 145677, 145756, 146132, 146249, 146420, 146781, 146862, 146993, 147650, 148154, 148171, 148903, 149553, 149771, 149774, 149775, 149797, 149946, 149978, 149986, 150069, 150209, 150492, 150669, 150723, 150737, 150788, 150804, 150895, 151459, 151470, 151473, 151865, 151902, 152441, 152687, 153138, 153165, 153253, 153278, 153348, 153777, 154506, 155856, 155882, 156916, 156919, 157092, 158485, 158488, 161592, 161667, 161739, 161742, 161745, 161748, 162176, 162269, 163378, 163594, 164135, 164274, 165316, 166187, 166190, 166193, 166196, 166204, 166249, 167018, 167272, 167489, 169121, 169282, 169304, 169358, 169363, 169366, 170331, 170357, 170402, 170616, 170633, 171904, 171940, 171962, 172271, 172372, 173386, 173405, 173436, 173446, 173848, 173919, 173953, 173972, 174037, 174077, 174155, 174168, 175362, 175367, 175434, 175446, 175461, 176327, 176357, 176363, 176375, 176400, 176406, 176435, 176460, 176478, 176520, 176700, 176885, 177115, 177844, 178195, 178227, 178405, 179157, 179264, 179293, 179517, 179619, 179729, 179833, 179914, 181340, 182400, 182422, 182564, 182598, 182673, 183046, 183054, 183086, 183127, 183134, 183144, 183209, 183693, 183705, 183712, 183931, 183956, 184167, 184210, 184306, 184513, 184563, 184582, 184630, 184632, 184782, 186341, 186781, 186908, 186981, 187045, 187054, 187061, 187066, 187079, 187173, 187196, 187211, 187219, 187222, 187310, 187342, 187351, 187400, 187447, 187460, 188449, 188625, 189307, 189489, 189501, 189537, 189557, 190092, 190254, 190401, 190410, 190443, 190712, 190724, 190867, 192020, 192024, 192233, 192237, 192348, 192417, 192497, 192514, 192576, 192761, 193535, 193569, 193578, 193679, 193987, 194143, 194166, 194214, 194239, 194260, 194382, 194556, 194558, 194559, 194568, 194569, 194609, 194643, 194646, 194647, 194992, 195060, 195134, 195203, 195770, 195785, 195803, 195901, 195952, 196052, 196131, 196306, 196361, 196398, 196417, 196628, 196631, 196646, 196681, 196790, 196828, 196845, 196931, 197001, 197056, 197812, 197995, 198063, 198237, 198278, 198281, 198344, 198383, 198397, 198415, 198420, 198452, 198458, 198461, 198466, 198478, 198493, 199312, 199363, 199383, 199466, 199496, 199521, 199611, 199709, 199827, 199908, 199960, 199984, 200050, 200098, 200212, 200264, 200510, 200610, 200625, 200631, 200709, 200822, 201049, 201106, 201241, 201352, 201361, 201409, 201433, 201546, 201718, 201889, 202204, 202241, 202254, 202259, 202267, 202271, 202286, 202291, 202301, 202305, 202357, 202441, 202454, 202461, 202477, 202486, 202504, 202540, 202545, 202555, 202567, 202582, 202607, 202616, 202639, 202655, 202663, 202668, 202673, 203123, 203211, 204590, 206001, 209015, 209030, 209182, 209260, 209319, 209572, 209585, 209756, 209779, 210147, 210174, 210319, 210336, 211535, 211638, 212065, 212072, 212336, 212347, 212409, 212506, 212713, 212716, 212900, 212907, 212948, 213085, 213123, 213181, 213241, 213253, 213305, 213417, 213619, 213642, 213722, 213776, 213792, 213800, 213813, 213841, 213918, 213929, 214164, 214198, 214276, 214317, 214324, 214367, 214439, 216009, 216020, 216083, 217968, 217976, 218126, 218286, 218324, 218360, 218682, 218742, 219075, 219082, 219238, 219273, 219279, 219321, 219849, 219855, 220553, 220604, 220791, 221211, 221394, 221621, 221641, 221890, 222108, 222124, 223751, 223760, 223763, 223777, 223787, 223830, 223868, 224589, 224720, 224745, 224862, 225032, 225043, 225212, 225221, 225228, 225281, 225291, 225330, 225339, 225381, 225384, 225567, 225575, 225678, 225681, 225869, 226117, 226702, 226916, 227078, 227247, 227274, 227296, 227389, 227588, 228432, 228437, 228458, 228469, 228475, 228502, 228535, 228679, 228694, 228722, 229064, 229071, 229080, 229109, 229116, 229281, 229283, 229320, 229416, 229419, 229517, 229524, 229533, 229629, 229635, 229666, 229700, 229754, 229807, 229821, 229905, 229954, 229969, 229998, 230007, 230069, 230089, 230101, 230176, 230206, 230301, 230313, 230341, 230350, 230415, 230443, 230485, 230492, 230509, 230537, 230544, 230652, 230674, 230683, 230687, 230734, 230776, 230828, 231217, 231230, 231748, 232275, 232282, 232461, 232715, 232729, 232911, 233218, 233232, 233294, 233709, 234176, 234192, 234462, 234727, 234842, 234889, 235181, 235294, 235328, 235398, 235401, 235626, 235631, 235709, 235712, 236288, 236462, 236941, 237025, 237257, 238174, 238177, 238207, 238212, 238217, 238224, 238269, 238272, 238881, 238897, 238923, 238970, 239245, 239620, 239693, 239815, 239826, 239915, 239920, 239923, 239926, 239929, 239932, 239935, 239938, 239941, 239944, 239947, 239950, 239953, 239956, 239959, 239983, 239986, 239994, 240115, 240218, 240342, 240459, 240539, 240542, 240545, 240552, 240555, 240558, 240661, 240668, 240671, 240674, 240693, 240696, 240699, 240702, 240705, 240872, 240918, 240921, 240924, 240927, 240930, 240933, 240936, 240969, 240972, 240975, 241083, 241086, 241089, 241092, 241095, 241098, 241101, 241105, 241108, 241598, 241601, 241604, 241607, 241610, 241613, 241616, 241622, 241625, 241628, 241631, 241635, 241639, 241642, 241645, 241648, 241652, 241667, 241671, 241674, 241677, 241680, 241696, 241699, 241702, 241705, 241708, 241711, 241780, 241783, 241786, 241789, 241792, 241795, 241798, 241801, 241804, 241807, 241810, 241813, 241816, 241819, 241822, 241825, 241828, 241831, 241834, 241837, 241840, 241843, 241857, 241860, 241863, 241866, 241869, 241872, 241875, 241878, 241881, 241884, 241887, 241890, 241893, 241896, 241910, 241913, 241916, 241919, 241922, 241925, 241928, 241931, 241934, 241937, 241940, 241943, 241946, 242013, 242016, 242019, 242022, 242025, 242028, 242031, 242034, 242037, 242040, 242043, 242094, 242881, 242913, 242916, 242948, 242952, 242956, 242960, 242964, 242968, 243013, 243044, 243050, 243054, 243057, 243060, 243063, 243066, 243069, 243131, 243569, 243620, 243663, 243666, 243669, 243799, 243802, 243805, 243808, 243814, 243843, 243846, 243849, 243854, 243859, 243862, 243867, 243870, 243873, 243909, 243912, 243915, 243918, 243921, 243931, 243934, 243937, 243942, 243945, 243948, 243951, 243954, 243986, 243989, 243992, 244005, 244008, 244011, 244016, 244019, 244022, 244027, 244030, 244074, 244077, 244080, 244118, 244136, 244418, 244474, 244517, 244520, 244523, 244863, 245002, 245114, 245342, 245345, 245412, 245454, 245465, 245483, 245489, 245520, 245526, 245532, 245544, 245552, 245564, 245577, 245581, 245594, 245613, 245658, 245972, 247369, 247376, 247386, 248254, 248657, 249165, 249239, 249284, 249293, 249299, 249304, 249316, 249349, 249362, 250029, 250076, 250085, 250926, 250964, 250979, 251026, 251067, 251084, 251246, 251336, 252034, 252056, 252287, 252814, 252884, 253040, 253183, 253186, 253198, 253202, 253206, 253210, 253214, 253271, 253276, 253281, 253480, 253543, 253574, 253590, 253630, 253781, 253787, 253793, 253807, 253812, 253817, 253824, 253832, 253841, 253846, 253851, 253888, 253921, 253940, 253958, 254028, 254078, 254105, 254294, 254310, 254320, 254384, 254451, 254710, 254809, 255314, 255428, 255514, 255554, 255617, 255719, 255722, 256362, 256392, 258037, 260802, 260830, 260853, 261197, 261227, 261347, 261575, 261599, 261608, 261672, 262112, 262227, 262233, 262260, 262676, 263054, 263875, 264191, 264421, 264446, 264484, 264801, 264861, 265105, 265353, 265685, 265688, 265691, 265694, 266249, 266292, 266341, 266740, 266835, 266857, 266933, 266969, 266978, 267003, 267072, 267100, 267123, 267198, 267203, 267208, 267213, 267218, 267267, 267495, 268355, 268427, 268573, 268579, 268613, 269117, 269120, 269156, 269273, 269276, 269334, 269343, 269957, 269982, 270012, 270210, 270262, 270348, 270381, 270535, 270539, 270544, 270549, 270959, 271222, 271227, 271239, 271244, 271251, 271256, 272656, 273109, 273855, 274183, 274225, 274343, 274392, 274763, 274866, 275079, 275090, 275414, 275419, 275494, 275497, 275942, 275986, 276649, 276807, 278398, 278408, 278600, 278605, 279468, 279491, 279496, 280329, 280577, 280580, 280583, 280586, 280589, 280592, 280595, 280598, 280601, 280604, 280607, 280610, 280613, 280616, 280619, 280622, 281284, 281296, 281310, 281323, 281336, 281348, 281363, 281378, 281393, 281552, 281555, 281919, 281929, 281937, 281942, 282551, 282672, 282930, 282935, 283027, 283297, 284219, 284255, 284258, 284267, 284270, 284279, 284306, 284311, 284363, 284374, 284393, 284408, 284422, 284426, 284431, 284449, 284499, 284526, 284571, 284606, 284628, 284642, 284663, 284689, 284692, 284733, 284736, 284745, 284764, 284793, 284856, 284868, 284880, 284886, 284895, 284907, 286271, 286274, 286482, 286486, 286490, 286498, 288048, 289266, 289301, 289727, 289899, 289902, 289905, 289908, 289911, 289919, 289922, 289925, 289928, 289931, 289934, 289937, 289962, 289965, 289968, 289971, 289974, 289977, 289980, 289995, 290003, 290014, 290019, 290022, 290025, 290028, 290031, 290057, 290060, 290063, 290066, 290069, 290072, 290088, 290091, 290094, 290097, 290115, 290125, 290128, 290131, 290134, 290156, 290159, 290162, 290181, 290184, 290187, 290258, 290261, 290264, 290267, 290302, 290308, 290452, 290635, 290647, 290692, 290695, 290866, 290869, 290872, 290875, 290878, 290881, 291175, 291553, 291556, 291957, 291963, 292751, 292754, 292757, 293330, 293598, 295441, 296043, 296423, 302636, 304907, 306899, 306970, 308158, 311158, 311217, 312099, 321872, 326482, 326777, 329521, 330672, 331337, 338216, 343647, 344147, 344885, 344958, 344984, 345042, 345298, 345556, 345681, 345701, 345812, 346016, 346110, 346240, 346337, 346573, 346625, 346656, 346843, 347053, 348023, 348029, 348078, 348083, 349186, 349480, 350184, 350788, 351077, 351590, 351662, 351784, 351792, 353159, 353207, 353296, 353577, 353696, 354730, 355055, 355583, 355644, 355726, 355795, 356238, 356242, 356247, 356624, 358427, 360356, 360902, 362946, 363528, 365643, 365646, 365658, 365716, 365757, 365764, 365791, 365837, 365909, 366215, 366227, 366282, 366758, 368388, 369108, 369330, 370880, 370884, 371250, 372073, 377945, 377958, 378408, 378422, 378485, 378896, 379351, 379367, 379804, 385241, 386157, 387847, 387869, 392574, 392594, 392609, 392621, 396480, 397220, 397255, 401383, 403582, 403717, 404004, 404494, 404499, 405130, 405292, 405424, 406564, 406848, 406883, 407766, 408286, 408349, 408394, 408419, 408563, 408566, 408567, 408970, 409059, 409134, 409562, 409567, 410002, 410007, 410128, 411373, 412079, 412102, 412153, 412211, 412214, 412221, 412313, 412806, 413611, 414440, 414475, 414478, 414508, 414525, 414560, 414611, 414730, 414826, 414942, 414960, 415050, 415162, 415191, 415237, 415260, 415263, 415299, 415304, 415309, 415314, 415347, 415350, 415353, 415375, 415644, 415649, 415654, 415842, 415878, 415884, 415924, 415929, 416149, 416152, 416387, 416392, 416397, 416402, 416549, 417529, 417532, 417806, 417809, 417852, 417892, 417928, 417940, 417951, 417960, 417963, 418059, 418062, 418095, 418128, 418135, 418143, 418158, 418187, 418193, 418214, 418217, 418236, 418251, 418265, 418268, 418365, 418388, 418403, 418488, 418530, 418535, 418550, 418569, 418585, 418611, 418647, 418652, 418668, 418691, 418701, 418746, 418752, 418771, 418776, 418958, 419398, 419403, 419433, 419458, 419483, 419535, 419538, 419547, 420713, 420729, 420861, 423062, 423440, 424580, 425752, 426147, 426150, 429947, 430607, 430639, 430713, 430768, 430825, 430850, 430878, 430994, 431145, 431376, 431460, 431841, 431888, 432401, 432790, 433531, 433565, 433614, 433683, 433700, 433776, 433848, 434824, 434829, 434837, 434871, 435056, 435089, 435376, 435405, 435547, 435754, 435847, 435953, 436013, 436379, 436608, 436883, 437061, 437191, 437346, 438914, 439578, 439698, 439785, 439915, 439923, 439950, 439966, 440597, 440629, 441183, 441714, 441817, 441920, 441992, 442023, 442047, 442089, 442187, 442408, 442550, 442891, 443022, 443248, 444068, 444417, 444722, 444930, 445014, 445456, 446032, 446794, 447002, 447259, 447464, 447897, 448028, 448456, 448637, 449203, 449619, 450095, 450228, 450310, 450372, 450650, 450816, 450948, 451728, 452051, 452471, 453051, 453178, 453226, 453339, 453714, 454051, 454342, 454766, 455183, 457704, 457805, 458063, 458418, 458998, 460675, 464426, 466303, 467619, 468477, 468709, 471570, 471586, 471633, 471752, 474695, 475389, 475689, 477387, 479906, 480226, 481330, 484172, 484558, 487227, 487230, 487233, 487236, 487242, 488561, 488568, 488783, 488788, 488853, 488862, 488925, 488932, 488973, 489417, 489452, 489455, 489606, 489609, 491198, 491216, 491298, 493650, 494702, 495828, 496009, 496012, 496311, 496334, 496375, 496419, 496759, 497237, 497274, 497323, 497586, 499369, 500087, 500247, 500400, 500447, 500877, 501112, 501128, 501455, 501679, 502062, 502245, 502257, 502261, 502447, 502695, 502854, 503026, 503984, 504041, 504310, 504910, 505296, 505851, 505890, 506126, 506163, 506265, 506326, 506390, 506425, 506563, 506900, 507916, 508271, 508487, 508533, 508556, 508758, 508877, 509160, 509338, 509343, 509350, 509540, 510155, 510161, 510197, 510804, 511319, 511370, 511387, 511506, 511551, 511627, 511911, 512272, 512570, 512900, 512912, 513294, 513646, 513663, 514549, 514602, 514796, 515337, 515371, 515540, 515659, 516240, 516317, 516391, 516733, 516953, 517012, 517040, 518145, 518899, 521123, 521279, 521427, 521469, 521526, 521608, 521874, 522834, 523071, 523104, 523125, 523145, 523967, 523980, 524581, 524614, 524991, 525233, 525346, 525363, 525795, 525807, 526159, 526493, 526503, 527337, 528097, 528437, 528450, 528529, 528540, 528825, 529263, 530002, 530122, 530513, 530529, 530534, 530539, 530544, 530549, 530554, 530559, 530564, 530569, 530574, 530579, 530584, 530589, 530594, 530599, 530604, 530609, 530614, 530619, 530624, 530629, 530634, 530639, 530644, 530649, 530654, 530659, 530663, 530668, 530673, 530678, 530683, 530688, 530693, 530698, 530703, 530708, 530713, 530718, 530723, 530728, 530733, 530738, 530743, 530748, 530753, 530758, 530763, 530768, 530773, 530778, 530783, 530788, 530793, 530798, 530803, 530808, 530813, 530818, 530823, 530828, 530833, 530838, 530843, 530848, 530853, 530858, 530863, 530868, 530873, 530878, 530883, 530888, 530893, 530898, 530903, 530950, 531066, 531298, 531666, 532214, 532617, 532802, 532948, 533735, 534160, 535071, 536080, 536164, 536349, 536410, 536465, 536529, 536734, 536785, 536948, 537268, 537278, 537282, 537867, 538219, 538864, 538890, 539436, 539675, 539678, 541380, 541490, 541527, 541544, 541583, 541600, 541694, 541716, 542228, 542746, 542788, 542812, 542888, 543119, 543525, 543618, 543640, 543858, 543862, 544783, 545279, 545310, 545829, 545982, 546335, 546761, 547109, 547126, 548178, 549185, 549451, 549583, 549639, 549711, 549766, 550422, 550436, 550460, 550477, 550512, 550785, 550797, 550806, 550871, 551565, 551592, 551629, 551661, 551699, 552054, 552072, 552079, 552110, 552126, 552133, 552143, 552198, 552215, 552229, 553033, 553257, 553293, 553475, 553599, 553715, 553735, 555002, 555110, 555114, 555823, 555844, 556107, 556753, 556896, 557216, 557884, 558201, 558379, 558385, 558724, 559096, 559177, 559528, 560903, 560906, 561135, 562304, 562709, 563667, 563981, 564010, 564036, 564537, 565870, 566136, 566859, 568444, 569106, 569874, 570330, 573248, 573280, 573491, 575203, 580410, 580643, 584323, 584340, 584424, 586349, 587455, 587919, 587962, 588246, 591791, 593117, 598067, 599219, 603601, 604115, 604669, 604700, 604713, 604715, 605047, 605050, 605058, 606908, 608822, 609906, 611072, 611405, 612956, 613507, 613790, 615334, 615645, 616694, 617497, 617718, 617789, 617802, 617838, 618066, 618418, 618874, 619006, 619056, 619255, 619553, 619975, 621285, 621812, 621917, 622295, 622319, 622332, 623918, 626882, 627198, 627599, 628248, 628312, 628785, 628789, 628799, 628829, 629052, 629304, 629493, 629514, 629564, 629575, 629763, 629850, 629854, 629877, 629892, 629896, 629904, 629920, 629936, 630046, 630066, 630138, 630258, 631401, 632008, 637117, 640151]
10,2392,[2470, 2600, 2626, 2686, 3025, 5059, 6041, 6045, 6048, 6049, 6056, 6196, 7158, 8054, 8132, 8137, 8455, 8520, 8608, 8663, 8684, 8908, 8992, 9703, 10293, 10314, 10749, 10767, 10782, 10800, 10840, 10867, 10889, 10892, 10899, 10913, 10951, 11191, 11194, 11195, 11397, 11400, 11448, 11520, 11548, 11567, 11605, 11626, 11672, 11675, 11709, 11760, 11763, 12038, 12364, 12383, 12405, 12425, 12470, 12491, 12671, 12863, 13106, 13130, 13150, 13185, 13284, 13365, 13411, 13464, 13878, 13938, 13972, 13987, 14107, 15144, 15149, 15212, 15229, 15260, 15348, 15381, 15396, 15432, 15448, 15481, 15488, 15510, 15514, 15561, 15572, 15604, 15625, 15736, 15756, 15893, 16006, 16018, 16037, 16214, 16301, 16701, 16849, 16868, 17198, 17226, 17240, 17254, 17282, 17380, 17395, 17412, 17456, 17475, 17519, 17538, 17552, 17580, 17601, 17629, 17683, 17704, 20401, 20532, 20712, 20741, 20838, 20904, 21392, 21749, 21756, 21779, 21845, 21884, 22136, 22153, 22176, 22220, 22228, 22378, 23006, 23012, 23039, 23065, 23131, 23142, 23156, 23266, 23655, 26636, 27291, 27307, 28290, 28691, 28901, 30104, 30203, 30610, 30855, 31787, 32128, 32245, 32277, 32472, 32723, 33957, 33965, 33978, 34009, 34942, 35110, 37454, 37457, 37458, 39793, 39940, 44170, 44650, 45032, 45933, 50593, 51775, 51778, 51829, 52858, 53296, 54989, 54992, 55049, 56849, 56856, 56859, 56876, 65749, 70861, 70954, 70989, 72666, 74845, 74860, 74875, 76147, 78128, 78133, 78138, 78143, 78148, 78156, 78161, 78166, 78171, 78176, 78181, 78186, 78267, 79139, 79177, 79208, 79280, 79317, 79349, 79451, 79483, 79515, 79579, 79616, 79648, 80206, 80341, 80377, 80451, 81229, 81523, 81655, 83558, 83638, 83729, 83736, 83827, 83834, 83926, 83933, 84023, 84030, 84122, 84129, 84217, 84224, 84315, 84323, 84411, 84418, 84509, 84516, 84607, 84614, 84705, 84712, 84803, 86439, 86453, 86467, 86506, 86520, 86534, 86574, 86588, 86602, 86631, 86645, 86659, 86681, 87542, 88124, 88131, 88138, 88145, 88152, 88159, 88166, 88177, 88184, 88191, 88198, 88205, 88225, 88738, 88743, 89278, 89283, 89433, 89438, 90427, 90430, 90433, 90444, 91229, 93830, 93848, 93889, 94706, 94761, 94775, 94923, 95039, 96037, 96047, 96307, 96575, 96927, 96930, 96996, 96999, 97078, 97172, 97247, 97696, 98324, 98329, 98337, 98340, 98343, 98346, 98352, 98437, 98502, 98695, 100771, 100832, 101977, 101984, 102304, 102433, 102523, 102542, 102550, 103711, 103736, 103746, 103753, 103765, 103780, 103792, 103804, 103816, 103828, 103840, 104625, 104628, 104928, 105649, 105730, 105771, 107105, 108963, 109506, 109509, 109510, 109875, 109905, 110089, 110098, 110105, 110863, 112162, 112641, 113766, 114339, 114343, 116204, 116290, 117322, 119039, 119059, 119065, 119076, 119104, 119165, 120077, 124044, 126326, 127390, 128404, 128509, 128964, 129571, 131263, 131901, 131932, 131935, 131938, 132425, 132428, 132431, 132443, 132582, 136929, 137137, 137207, 137322, 137530, 137542, 137726, 137776, 137933, 138003, 138750, 138757, 138760, 138763, 138766, 138798, 139644, 139694, 140575, 140613, 140918, 141195, 142151, 142344, 142667, 142714, 143522, 143537, 144019, 144121, 144133, 144406, 145138, 145744, 145790, 145869, 146245, 146362, 146533, 146894, 146975, 147106, 147763, 148267, 148284, 149016, 149666, 149884, 149887, 149888, 149910, 150059, 150091, 150099, 150182, 150322, 150605, 150782, 150836, 150850, 150901, 150917, 151008, 151572, 151583, 151586, 151978, 152015, 152554, 152800, 153251, 153278, 153366, 153391, 153461, 153890, 154619, 155969, 155995, 157029, 157032, 157205, 158598, 158601, 161706, 161781, 161862, 161865, 161868, 161871, 162299, 162392, 163501, 163717, 164258, 164397, 165439, 166310, 166313, 166316, 166319, 166327, 166372, 167141, 167395, 167612, 169244, 169405, 169427, 169481, 169486, 169489, 170454, 170480, 170525, 170739, 170756, 172027, 172063, 172085, 172394, 172495, 173509, 173528, 173559, 173569, 173971, 174042, 174076, 174095, 174160, 174200, 174278, 174291, 175485, 175490, 175557, 175569, 175584, 176450, 176480, 176486, 176498, 176523, 176529, 176558, 176583, 176601, 176643, 176823, 177008, 177238, 177967, 178318, 178350, 178528, 179280, 179387, 179416, 179640, 179742, 179852, 179956, 180037, 181463, 182532, 182554, 182696, 182730, 182805, 183178, 183186, 183218, 183259, 183266, 183276, 183341, 183825, 183837, 183844, 184063, 184088, 184299, 184342, 184438, 184645, 184695, 184714, 184762, 184764, 184914, 186473, 186913, 187040, 187113, 187177, 187186, 187193, 187198, 187211, 187305, 187328, 187343, 187351, 187354, 187442, 187474, 187483, 187532, 187579, 187592, 188581, 188757, 189439, 189621, 189633, 189669, 189689, 190224, 190386, 190533, 190542, 190575, 190844, 190856, 190999, 192152, 192156, 192365, 192369, 192480, 192549, 192629, 192646, 192708, 192893, 193667, 193701, 193710, 193811, 194119, 194275, 194298, 194346, 194371, 194392, 194514, 194688, 194690, 194691, 194700, 194701, 194741, 194775, 194778, 194779, 195124, 195192, 195266, 195335, 195902, 195917, 195935, 196033, 196084, 196184, 196263, 196438, 196493, 196530, 196549, 196760, 196763, 196778, 196813, 196922, 196960, 196977, 197063, 197133, 197188, 197944, 198127, 198195, 198369, 198410, 198413, 198476, 198515, 198529, 198547, 198552, 198584, 198590, 198593, 198598, 198610, 198625, 199454, 199505, 199525, 199608, 199638, 199663, 199753, 199851, 199969, 200050, 200102, 200126, 200192, 200240, 200354, 200406, 200652, 200752, 200767, 200773, 200851, 200964, 201191, 201248, 201383, 201494, 201503, 201551, 201575, 201688, 201860, 202031, 202346, 202383, 202396, 202401, 202409, 202413, 202428, 202433, 202443, 202447, 202499, 202583, 202596, 202603, 202619, 202628, 202646, 202682, 202687, 202697, 202709, 202724, 202749, 202758, 202781, 202797, 202805, 202810, 202815, 203265, 203353, 204732, 206143, 209157, 209172, 209324, 209402, 209461, 209714, 209727, 209898, 209921, 210289, 210316, 210461, 210478, 211677, 211780, 212207, 212214, 212478, 212489, 212551, 212648, 212855, 212858, 213042, 213049, 213090, 213227, 213265, 213323, 213383, 213395, 213447, 213559, 213761, 213784, 213864, 213918, 213934, 213942, 213955, 213983, 214060, 214071, 214306, 214340, 214418, 214459, 214466, 214509, 214581, 216151, 216162, 216225, 218108, 218116, 218266, 218426, 218464, 218500, 218822, 218882, 219215, 219222, 219378, 219413, 219419, 219461, 219999, 220005, 220703, 220754, 220941, 221361, 221544, 221771, 221791, 222040, 222258, 222274, 223901, 223910, 223913, 223927, 223937, 223980, 224018, 224739, 224870, 224895, 225012, 225182, 225193, 225362, 225371, 225378, 225431, 225441, 225480, 225489, 225531, 225534, 225717, 225725, 225828, 225831, 226019, 226267, 226852, 227066, 227228, 227397, 227424, 227446, 227539, 227738, 228582, 228587, 228608, 228619, 228625, 228652, 228685, 228829, 228844, 228872, 229214, 229221, 229230, 229259, 229266, 229431, 229433, 229470, 229566, 229569, 229667, 229674, 229683, 229779, 229785, 229816, 229850, 229904, 229957, 229971, 230055, 230104, 230119, 230148, 230157, 230219, 230239, 230251, 230326, 230356, 230451, 230463, 230491, 230500, 230565, 230593, 230635, 230642, 230659, 230687, 230694, 230802, 230824, 230833, 230837, 230884, 230926, 230978, 231367, 231380, 231898, 232425, 232432, 232611, 232865, 232879, 233061, 233368, 233382, 233444, 233859, 234326, 234342, 234612, 234877, 234992, 235039, 235331, 235444, 235478, 235548, 235551, 235776, 235781, 235859, 235862, 236438, 236612, 237091, 237175, 237407, 238324, 238327, 238357, 238362, 238367, 238374, 238419, 238422, 239034, 239050, 239076, 239123, 239398, 239773, 239846, 239968, 239979, 240068, 240073, 240076, 240079, 240082, 240085, 240088, 240091, 240094, 240097, 240100, 240103, 240106, 240109, 240112, 240136, 240139, 240147, 240268, 240371, 240495, 240612, 240692, 240695, 240698, 240705, 240708, 240711, 240814, 240821, 240824, 240827, 240846, 240849, 240852, 240855, 240858, 241025, 241071, 241074, 241077, 241080, 241083, 241086, 241089, 241122, 241125, 241128, 241236, 241239, 241242, 241245, 241248, 241251, 241254, 241258, 241261, 241751, 241754, 241757, 241760, 241763, 241766, 241769, 241775, 241778, 241781, 241784, 241788, 241792, 241795, 241798, 241801, 241805, 241820, 241824, 241827, 241830, 241833, 241849, 241852, 241855, 241858, 241861, 241864, 241933, 241936, 241939, 241942, 241945, 241948, 241951, 241954, 241957, 241960, 241963, 241966, 241969, 241972, 241975, 241978, 241981, 241984, 241987, 241990, 241993, 241996, 242010, 242013, 242016, 242019, 242022, 242025, 242028, 242031, 242034, 242037, 242040, 242043, 242046, 242049, 242063, 242066, 242069, 242072, 242075, 242078, 242081, 242084, 242087, 242090, 242093, 242096, 242099, 242166, 242169, 242172, 242175, 242178, 242181, 242184, 242187, 242190, 242193, 242196, 242247, 243034, 243066, 243069, 243101, 243105, 243109, 243113, 243117, 243121, 243166, 243197, 243203, 243207, 243210, 243213, 243216, 243219, 243222, 243284, 243722, 243773, 243816, 243819, 243822, 243952, 243955, 243958, 243961, 243967, 243996, 243999, 244002, 244007, 244012, 244015, 244020, 244023, 244026, 244062, 244065, 244068, 244071, 244074, 244084, 244087, 244090, 244095, 244098, 244101, 244104, 244107, 244139, 244142, 244145, 244158, 244161, 244164, 244169, 244172, 244175, 244180, 244183, 244227, 244230, 244233, 244271, 244289, 244571, 244627, 244670, 244673, 244676, 245016, 245155, 245267, 245495, 245498, 245565, 245607, 245618, 245636, 245642, 245673, 245679, 245685, 245697, 245705, 245717, 245730, 245734, 245747, 245766, 245811, 246125, 247522, 247529, 247539, 248407, 248810, 249318, 249392, 249437, 249446, 249452, 249457, 249469, 249502, 249515, 250182, 250229, 250238, 251079, 251117, 251132, 251179, 251220, 251237, 251399, 251489, 252187, 252209, 252440, 252967, 253037, 253193, 253336, 253339, 253351, 253355, 253359, 253363, 253367, 253424, 253429, 253434, 253633, 253696, 253727, 253743, 253783, 253934, 253940, 253946, 253960, 253965, 253970, 253977, 253985, 253994, 253999, 254004, 254041, 254074, 254093, 254111, 254181, 254231, 254258, 254447, 254463, 254473, 254537, 254604, 254863, 254962, 255467, 255581, 255667, 255707, 255773, 255875, 255878, 256518, 256548, 258193, 260958, 260986, 261009, 261353, 261383, 261503, 261731, 261755, 261764, 261828, 262268, 262383, 262389, 262416, 262832, 263210, 264031, 264347, 264577, 264602, 264640, 264957, 265017, 265261, 265509, 265841, 265844, 265847, 265850, 266405, 266448, 266497, 266896, 266991, 267013, 267089, 267125, 267134, 267159, 267228, 267256, 267279, 267354, 267359, 267364, 267369, 267374, 267423, 267651, 268511, 268583, 268729, 268735, 268769, 269273, 269276, 269312, 269429, 269432, 269490, 269499, 270113, 270138, 270168, 270366, 270418, 270504, 270537, 270691, 270695, 270700, 270705, 271115, 271378, 271383, 271395, 271400, 271407, 271412, 272812, 273265, 274011, 274339, 274381, 274499, 274548, 274919, 275022, 275235, 275246, 275570, 275575, 275650, 275653, 276098, 276142, 276805, 276963, 278553, 278563, 278755, 278760, 279623, 279646, 279651, 280484, 280732, 280735, 280738, 280741, 280744, 280747, 280750, 280753, 280756, 280759, 280762, 280765, 280768, 280771, 280774, 280777, 281439, 281451, 281465, 281478, 281491, 281503, 281518, 281533, 281548, 281707, 281710, 282074, 282084, 282092, 282097, 282706, 282827, 283085, 283090, 283182, 283453, 284375, 284411, 284414, 284423, 284426, 284435, 284462, 284467, 284519, 284530, 284549, 284564, 284578, 284582, 284587, 284605, 284655, 284682, 284727, 284762, 284784, 284798, 284819, 284845, 284848, 284889, 284892, 284901, 284920, 284949, 285012, 285024, 285036, 285042, 285051, 285063, 286427, 286430, 286638, 286642, 286646, 286654, 288204, 289422, 289457, 289883, 290055, 290058, 290061, 290064, 290067, 290075, 290078, 290081, 290084, 290087, 290090, 290093, 290118, 290121, 290124, 290127, 290130, 290133, 290136, 290151, 290159, 290170, 290175, 290178, 290181, 290184, 290187, 290213, 290216, 290219, 290222, 290225, 290228, 290244, 290247, 290250, 290253, 290271, 290281, 290284, 290287, 290290, 290312, 290315, 290318, 290337, 290340, 290343, 290414, 290417, 290420, 290423, 290458, 290464, 290608, 290791, 290803, 290848, 290851, 291022, 291025, 291028, 291031, 291034, 291037, 291331, 291709, 291712, 292113, 292119, 292908, 292911, 292914, 293487, 293755, 295598, 296200, 296580, 302794, 305065, 307057, 307128, 308316, 311317, 311376, 312258, 322031, 326641, 326936, 329680, 330831, 331496, 338375, 343806, 344306, 345044, 345117, 345143, 345201, 345457, 345715, 345840, 345860, 345971, 346175, 346269, 346399, 346496, 346732, 346784, 346815, 347002, 347212, 348182, 348188, 348237, 348242, 349345, 349639, 350343, 350947, 351236, 351749, 351821, 351943, 351951, 353318, 353366, 353455, 353736, 353855, 354889, 355214, 355742, 355803, 355885, 355954, 356397, 356401, 356406, 356784, 358587, 360516, 361062, 363109, 363691, 365806, 365809, 365821, 365879, 365920, 365927, 365954, 366000, 366072, 366378, 366390, 366445, 366921, 368551, 369271, 369493, 371043, 371047, 371413, 372236, 378108, 378121, 378571, 378585, 378648, 379059, 379514, 379530, 379967, 385404, 386320, 388010, 388032, 392740, 392760, 392775, 392787, 396646, 397386, 397421, 401549, 403748, 403883, 404170, 404660, 404665, 405296, 405458, 405590, 406730, 407014, 407049, 407932, 408452, 408515, 408560, 408585, 408729, 408732, 408733, 409136, 409225, 409300, 409728, 409733, 410168, 410173, 410294, 411539, 412245, 412268, 412319, 412377, 412380, 412387, 412479, 412972, 413777, 414606, 414641, 414644, 414674, 414691, 414726, 414777, 414896, 414992, 415108, 415126, 415216, 415328, 415357, 415403, 415426, 415429, 415465, 415470, 415475, 415480, 415513, 415516, 415519, 415541, 415810, 415815, 415820, 416008, 416044, 416050, 416090, 416095, 416315, 416318, 416553, 416558, 416563, 416568, 416715, 417695, 417698, 417972, 417975, 418018, 418058, 418094, 418106, 418117, 418126, 418129, 418225, 418228, 418261, 418294, 418301, 418309, 418324, 418353, 418359, 418380, 418383, 418402, 418417, 418431, 418434, 418531, 418554, 418569, 418654, 418696, 418701, 418716, 418735, 418751, 418777, 418813, 418818, 418834, 418857, 418867, 418912, 418918, 418937, 418942, 419124, 419564, 419569, 419599, 419624, 419649, 419701, 419704, 419713, 420879, 420895, 421027, 423228, 423606, 424746, 425918, 426313, 426316, 430117, 430777, 430809, 430883, 430938, 430995, 431020, 431048, 431164, 431315, 431546, 431630, 432011, 432058, 432571, 432960, 433701, 433735, 433784, 433853, 433870, 433946, 434018, 434994, 434999, 435007, 435041, 435226, 435259, 435546, 435575, 435717, 435924, 436017, 436123, 436183, 436549, 436778, 437053, 437231, 437361, 437516, 439084, 439748, 439868, 439955, 440085, 440093, 440120, 440136, 440767, 440799, 441353, 441884, 441987, 442090, 442162, 442193, 442217, 442259, 442357, 442578, 442720, 443061, 443192, 443418, 444238, 444587, 444892, 445100, 445184, 445626, 446202, 446964, 447172, 447429, 447634, 448067, 448198, 448626, 448807, 449373, 449789, 450265, 450398, 450480, 450542, 450820, 450986, 451118, 451898, 452221, 452641, 453221, 453348, 453396, 453509, 453884, 454221, 454512, 454936, 455353, 457874, 457975, 458233, 458588, 459168, 460845, 464597, 466474, 467790, 468648, 468880, 471740, 471756, 471803, 471922, 474865, 475559, 475858, 477555, 480074, 480394, 481496, 484337, 484723, 487389, 487392, 487395, 487398, 487404, 488722, 488729, 488944, 488949, 489014, 489023, 489086, 489093, 489134, 489578, 489612, 489615, 489766, 489769, 491358, 491376, 491458, 493810, 494861, 495987, 496178, 496181, 496480, 496503, 496544, 496588, 496928, 497406, 497443, 497492, 497755, 499538, 500256, 500416, 500569, 500616, 501046, 501281, 501297, 501624, 501848, 502231, 502414, 502426, 502430, 502616, 502864, 503023, 503195, 504153, 504210, 504479, 505079, 505465, 506020, 506059, 506295, 506332, 506434, 506495, 506559, 506594, 506732, 507069, 508085, 508440, 508656, 508702, 508725, 508927, 509046, 509329, 509507, 509512, 509519, 509709, 510324, 510330, 510366, 510973, 511488, 511539, 511556, 511675, 511720, 511796, 512080, 512441, 512739, 513069, 513081, 513463, 513815, 513832, 514718, 514771, 514965, 515506, 515543, 515712, 515831, 516412, 516489, 516563, 516905, 517125, 517184, 517212, 518317, 519071, 521295, 521451, 521599, 521641, 521698, 521780, 522046, 523006, 523243, 523276, 523297, 523317, 524139, 524152, 524753, 524786, 525163, 525405, 525518, 525535, 525967, 525979, 526331, 526665, 526675, 527509, 528272, 528612, 528625, 528704, 528715, 529000, 529438, 530177, 530297, 530688, 530704, 530709, 530714, 530719, 530724, 530729, 530734, 530739, 530744, 530749, 530754, 530759, 530764, 530769, 530774, 530779, 530784, 530789, 530794, 530799, 530804, 530809, 530814, 530819, 530824, 530829, 530834, 530838, 530843, 530848, 530853, 530858, 530863, 530868, 530873, 530878, 530883, 530888, 530893, 530898, 530903, 530908, 530913, 530918, 530923, 530928, 530933, 530938, 530943, 530948, 530953, 530958, 530963, 530968, 530973, 530978, 530983, 530988, 530993, 530998, 531003, 531008, 531013, 531018, 531023, 531028, 531033, 531038, 531043, 531048, 531053, 531058, 531063, 531068, 531073, 531078, 531125, 531241, 531473, 531841, 532389, 532792, 532977, 533123, 533910, 534335, 535246, 536255, 536339, 536524, 536585, 536640, 536704, 536909, 536960, 537123, 537443, 537453, 537457, 538042, 538394, 539039, 539065, 539611, 539850, 539853, 541555, 541665, 541702, 541719, 541758, 541775, 541869, 541891, 542403, 542921, 542963, 542987, 543063, 543294, 543700, 543793, 543815, 544033, 544037, 544958, 545454, 545485, 546004, 546157, 546510, 546936, 547284, 547301, 548353, 549363, 549629, 549761, 549817, 549889, 549944, 550600, 550614, 550638, 550655, 550690, 550963, 550975, 550984, 551049, 551743, 551770, 551807, 551839, 551877, 552232, 552250, 552257, 552288, 552304, 552311, 552321, 552376, 552393, 552407, 553211, 553435, 553471, 553653, 553777, 553893, 553913, 555180, 555288, 555292, 556001, 556022, 556285, 556931, 557074, 557394, 558062, 558379, 558557, 558563, 558902, 559274, 559355, 559706, 561081, 561084, 561313, 562482, 562887, 563845, 564159, 564188, 564214, 564717, 566050, 566316, 567039, 568624, 569286, 570054, 570510, 573428, 573460, 573671, 575383, 580590, 580823, 584508, 584525, 584609, 586534, 587640, 588104, 588147, 588431, 591982, 593308, 598258, 599416, 603803, 604317, 604871, 604902, 604915, 604917, 605249, 605252, 605260, 607115, 609034, 610123, 611289, 611628, 613185, 613741, 614024, 615573, 615884, 616937, 617744, 617970, 618041, 618054, 618090, 618318, 618670, 619126, 619258, 619308, 619507, 619805, 620227, 621537, 622064, 622169, 622547, 622571, 622584, 624172, 627139, 627458, 627859, 628511, 628575, 629048, 629052, 629062, 629092, 629315, 629567, 629756, 629777, 629827, 629838, 630026, 630113, 630117, 630140, 630155, 630159, 630167, 630183, 630199, 630309, 630329, 630404, 630524, 631676, 632283, 637392, 640426]
11,1,[7207]
12,1,[2660]
14,19,[15620, 30711, 30750, 47455, 96447, 96475, 101320, 104531, 122801, 123686, 144960, 150557, 170980, 179961, 185490, 185497, 185507, 185523, 199023]
15,20,[15154, 19688, 26525, 29294, 29501, 29946, 37916, 37949, 46851, 63776, 67482, 76331, 87079, 111238, 115381, 128548, 159957, 159961, 160056, 160172]
16,1,[22516]
17,343,[436, 2324, 4416, 7216, 7220, 7529, 7591, 7831, 7892, 7955, 8269, 10573, 19181, 21849, 21934, 21999, 23951, 24305, 27345, 30661, 32851, 32854, 32865, 32923, 32965, 32972, 32999, 33046, 33119, 33424, 33436, 33496, 33968, 35604, 36361, 36587, 37507, 37715, 38497, 42368, 43140, 43146, 43179, 43267, 43365, 43451, 43464, 43606, 44940, 45803, 46882, 46891, 47101, 51814, 53353, 53482, 53665, 53735, 54184, 54493, 54520, 55602, 55807, 57122, 57165, 57856, 58640, 60471, 60915, 60920, 63503, 66595, 67400, 67416, 67427, 67436, 67459, 67530, 67552, 67932, 71156, 72303, 77911, 79104, 79196, 79329, 79388, 79401, 80694, 80702, 86458, 86571, 87388, 87807, 87846, 87850, 87937, 90469, 90763, 90768, 90804, 90819, 92517, 92574, 92666, 92896, 94316, 94343, 94360, 94543, 94559, 94572, 94722, 94766, 94841, 95065, 95785, 98290, 98313, 103153, 103193, 103236, 103431, 103453, 103465, 103528, 103939, 106778, 107041, 107154, 116907, 116936, 116969, 116984, 117026, 117038, 117069, 117189, 117281, 117337, 117422, 117457, 117728, 119130, 119190, 119596, 119616, 119670, 119686, 119798, 119990, 120036, 120436, 120467, 120682, 120847, 120908, 120944, 121164, 121242, 121354, 121512, 121622, 121661, 121685, 121689, 121728, 121773, 121844, 121877, 121999, 122168, 122177, 122183, 122258, 122302, 122315, 122381, 122391, 122436, 122530, 122574, 122636, 122672, 122791, 122848, 123474, 123618, 123696, 123743, 124001, 124044, 124106, 124150, 124236, 124272, 124584, 125036, 125090, 125117, 125168, 125180, 128167, 129713, 129721, 129753, 132236, 134962, 134969, 140666, 144946, 149008, 149637, 149798, 149805, 149837, 150386, 151129, 152468, 152799, 154175, 155806, 156006, 156165, 156397, 157007, 158396, 158428, 158514, 158609, 164281, 164442, 164575, 166504, 166775, 166780, 166786, 166791, 166796, 166804, 166864, 166876, 166882, 166922, 167127, 167265, 167271, 167386, 171384, 171706, 172344, 175019, 176130, 176645, 176683, 178948, 182491, 184251, 185296, 186806, 186882, 188508, 190004, 190097, 190193, 190880, 190954, 195528, 196094, 196233, 196282, 196706, 196793, 197315, 198661, 199015, 199287, 199720, 199726, 199732, 199738, 199744, 199750, 199756, 199762, 199768, 199778, 199784, 199790, 199796, 199802, 199808, 199814, 199825, 199831, 199837, 199843, 199849, 199855, 199861, 199867, 199873, 199878, 201952, 202693, 203229, 204357, 204668, 204723, 204728, 204752, 205266, 206178, 206632, 207200, 208565, 209229, 209381, 213557, 213579, 213598, 213644, 213665, 215406, 215461, 215520, 215557, 215683, 216086, 216177, 216209, 216258, 216280, 216294, 216347, 216439, 216640, 216665, 216710, 216863, 216896, 216907, 217024]
19,16,[43, 3550, 3553, 4152, 5506, 14136, 14276, 14827, 15206, 15399, 15449, 24964, 26688, 27339, 27598, 27635]
20,88,[2120, 3128, 3544, 9100, 9435, 9438, 9540, 9927, 10025, 11900, 11990, 11995, 12371, 12459, 12565, 12571, 12573, 12919, 13325, 13471, 13515, 13701, 13961, 14049, 14085, 14135, 17269, 17957, 20752, 21005, 24518, 25983, 26459, 26494, 26853, 27215, 27218, 27300, 27361, 27781, 27911, 27990, 28035, 32600, 32613, 32621, 32623, 32872, 32909, 33364, 33515, 33921, 34313, 34912, 34929, 35079, 35258, 37438, 42392, 43317, 44947, 49944, 49996, 50029, 50745, 51085, 51702, 51872, 52011, 53548, 53620, 54316, 56580, 56754, 56907, 61524, 62530, 62624, 62747, 63067, 63070, 63109, 63112, 63777, 64133, 64165, 64482, 64531]
21,28,[720, 1512, 3162, 6805, 6977, 9459, 9551, 11550, 12383, 12395, 12712, 14634, 18049, 18056, 18110, 18177, 18232, 18295, 24645, 26256, 26370, 32462, 32470, 32482, 32495, 34025, 35249, 35435]
22,23,[2882, 22042, 22978, 23039, 24036, 25497, 64427, 67534, 93285, 104321, 106267, 106509, 115348, 126995, 135746, 141678, 143297, 155275, 158685, 158720, 158740, 158743, 158746]
23,9,[4247, 5212, 6912, 7136, 9392, 9986, 13060, 13081, 29830]
24,5,[4321, 6461, 29427, 30830, 34914]
25,18,[15529, 29699, 29737, 45602, 92365, 92392, 100335, 117618, 118523, 138940, 144313, 164003, 172547, 177910, 177917, 177929, 177949, 201357]
26,88,[2507, 3602, 4034, 9654, 9988, 9991, 10094, 10481, 10577, 12486, 12577, 12582, 12957, 13046, 13151, 13157, 13159, 13506, 13911, 14056, 14100, 14286, 14548, 14636, 14672, 14721, 17929, 18654, 21484, 21743, 25296, 26780, 27259, 27295, 27676, 28040, 28043, 28125, 28184, 28609, 28740, 28823, 28870, 33475, 33488, 33497, 33499, 33749, 33785, 34244, 34390, 34799, 35197, 35803, 35821, 35972, 36153, 38353, 43328, 44267, 45935, 50990, 51042, 51074, 51797, 52142, 52782, 52951, 53090, 54672, 54747, 55478, 57733, 57902, 58055, 62829, 63869, 63964, 64087, 64422, 64425, 64467, 64470, 65160, 65526, 65559, 65881, 65931]
27,10,[9550, 10544, 14830, 14866, 14884, 44549, 44556, 46035, 60518, 63007]
28,9,[1430, 2874, 2945, 2981, 9346, 9437, 9495, 10673, 10676]
30,2392,[2377, 2507, 2533, 2593, 2931, 4965, 5947, 5951, 5954, 5955, 5962, 6102, 7064, 7960, 8038, 8043, 8361, 8426, 8514, 8569, 8590, 8814, 8898, 9609, 10199, 10220, 10655, 10673, 10688, 10706, 10746, 10773, 10795, 10798, 10805, 10819, 10857, 11097, 11100, 11101, 11303, 11306, 11354, 11426, 11454, 11473, 11511, 11532, 11578, 11581, 11615, 11666, 11669, 11944, 12270, 12289, 12311, 12331, 12376, 12397, 12577, 12769, 13012, 13036, 13056, 13091, 13190, 13271, 13317, 13370, 13784, 13844, 13878, 13893, 14013, 15050, 15055, 15118, 15135, 15166, 15254, 15287, 15302, 15338, 15354, 15387, 15394, 15416, 15420, 15467, 15478, 15510, 15531, 15642, 15662, 15799, 15912, 15924, 15943, 16120, 16207, 16607, 16755, 16774, 17104, 17132, 17146, 17160, 17188, 17286, 17301, 17318, 17362, 17381, 17425, 17444, 17458, 17486, 17507, 17535, 17589, 17610, 20307, 20438, 20618, 20647, 20744, 20810, 21298, 21655, 21662, 21685, 21751, 21790, 22042, 22059, 22082, 22126, 22134, 22284, 22912, 22918, 22945, 22971, 23037, 23048, 23062, 23172, 23561, 26542, 27197, 27213, 28196, 28597, 28807, 30010, 30109, 30516, 30761, 31693, 32030, 32147, 32179, 32374, 32625, 33859, 33867, 33880, 33911, 34844, 35012, 37356, 37359, 37360, 39695, 39842, 44072, 44552, 44934, 45835, 50495, 51677, 51680, 51731, 52760, 53197, 54890, 54893, 54950, 56750, 56757, 56760, 56777, 65646, 70758, 70851, 70886, 72563, 74742, 74757, 74772, 76044, 78021, 78026, 78031, 78036, 78041, 78049, 78054, 78059, 78064, 78069, 78074, 78079, 78160, 79032, 79070, 79101, 79173, 79210, 79242, 79344, 79376, 79408, 79472, 79509, 79541, 80099, 80234, 80270, 80344, 81122, 81416, 81548, 83451, 83531, 83622, 83629, 83720, 83727, 83819, 83826, 83916, 83923, 84015, 84022, 84110, 84117, 84208, 84216, 84304, 84311, 84402, 84409, 84500, 84507, 84598, 84605, 84696, 86332, 86346, 86360, 86399, 86413, 86427, 86467, 86481, 86495, 86524, 86538, 86552, 86574, 87435, 88017, 88024, 88031, 88038, 88045, 88052, 88059, 88070, 88077, 88084, 88091, 88098, 88118, 88631, 88636, 89171, 89176, 89326, 89331, 90320, 90323, 90326, 90337, 91122, 93723, 93741, 93782, 94599, 94654, 94668, 94816, 94932, 95930, 95940, 96200, 96468, 96820, 96823, 96889, 96892, 96971, 97065, 97140, 97589, 98217, 98222, 98230, 98233, 98236, 98239, 98245, 98330, 98395, 98588, 100664, 100725, 101870, 101877, 102197, 102326, 102416, 102435, 102443, 103604, 103629, 103639, 103646, 103658, 103673, 103685, 103697, 103709, 103721, 103733, 104518, 104521, 104821, 105538, 105619, 105660, 106994, 108852, 109395, 109398, 109399, 109764, 109794, 109978, 109987, 109994, 110752, 112051, 112530, 113655, 114228, 114232, 116093, 116179, 117211, 118928, 118948, 118954, 118965, 118993, 119054, 119966, 123933, 126215, 127279, 128293, 128397, 128852, 129459, 131151, 131789, 131820, 131823, 131826, 132313, 132316, 132319, 132331, 132470, 136817, 137025, 137095, 137210, 137418, 137430, 137614, 137664, 137821, 137891, 138638, 138645, 138648, 138651, 138654, 138686, 139532, 139582, 140463, 140501, 140806, 141083, 142039, 142232, 142555, 142602, 143410, 143425, 143907, 144009, 144021, 144293, 145025, 145631, 145677, 145756, 146132, 146249, 146420, 146781, 146862, 146993, 147650, 148154, 148171, 148903, 149553, 149771, 149774, 149775, 149797, 149946, 149978, 149986, 150069, 150209, 150492, 150669, 150723, 150737, 150788, 150804, 150895, 151459, 151470, 151473, 151865, 151902, 152441, 152687, 153138, 153165, 153253, 153278, 153348, 153777, 154506, 155856, 155882, 156916, 156919, 157092, 158485, 158488, 161592, 161667, 161739, 161742, 161745, 161748, 162176, 162269, 163378, 163594, 164135, 164274, 165316, 166187, 166190, 166193, 166196, 166204, 166249, 167018, 167272, 167489, 169121, 169282, 169304, 169358, 169363, 169366, 170331, 170357, 170402, 170616, 170633, 171904, 171940, 171962, 172271, 172372, 173386, 173405, 173436, 173446, 173848, 173919, 173953, 173972, 174037, 174077, 174155, 174168, 175362, 175367, 175434, 175446, 175461, 176327, 176357, 176363, 176375, 176400, 176406, 176435, 176460, 176478, 176520, 176700, 176885, 177115, 177844, 178195, 178227, 178405, 179157, 179264, 179293, 179517, 179619, 179729, 179833, 179914, 181340, 182400, 182422, 182564, 182598, 182673, 183046, 183054, 183086, 183127, 183134, 183144, 183209, 183693, 183705, 183712, 183931, 183956, 184167, 184210, 184306, 184513, 184563, 184582, 184630, 184632, 184782, 186341, 186781, 186908, 186981, 187045, 187054, 187061, 187066, 187079, 187173, 187196, 187211, 187219, 187222, 187310, 187342, 187351, 187400, 187447, 187460, 188449, 188625, 189307, 189489, 189501, 189537, 189557, 190092, 190254, 190401, 190410, 190443, 190712, 190724, 190867, 192020, 192024, 192233, 192237, 192348, 192417, 192497, 192514, 192576, 192761, 193535, 193569, 193578, 193679, 193987, 194143, 194166, 194214, 194239, 194260, 194382, 194556, 194558, 194559, 194568, 194569, 194609, 194643, 194646, 194647, 194992, 195060, 195134, 195203, 195770, 195785, 195803, 195901, 195952, 196052, 196131, 196306, 196361, 196398, 196417, 196628, 196631, 196646, 196681, 196790, 196828, 196845, 196931, 197001, 197056, 197812, 197995, 198063, 198237, 198278, 198281, 198344, 198383, 198397, 198415, 198420, 198452, 198458, 198461, 198466, 198478, 198493, 199312, 199363, 199383, 199466, 199496, 199521, 199611, 199709, 199827, 199908, 199960, 199984, 200050, 200098, 200212, 200264, 200510, 200610, 200625, 200631, 200709, 200822, 201049, 201106, 201241, 201352, 201361, 201409, 201433, 201546, 201718, 201889, 202204, 202241, 202254, 202259, 202267, 202271, 202286, 202291, 202301, 202305, 202357, 202441, 202454, 202461, 202477, 202486, 202504, 202540, 202545, 202555, 202567, 202582, 202607, 202616, 202639, 202655, 202663, 202668, 202673, 203123, 203211, 204590, 206001, 209015, 209030, 209182, 209260, 209319, 209572, 209585, 209756, 209779, 210147, 210174, 210319, 210336, 211535, 211638, 212065, 212072, 212336, 212347, 212409, 212506, 212713, 212716, 212900, 212907, 212948, 213085, 213123, 213181, 213241, 213253, 213305, 213417, 213619, 213642, 213722, 213776, 213792, 213800, 213813, 213841, 213918, 213929, 214164, 214198, 214276, 214317, 214324, 214367, 214439, 216009, 216020, 216083, 217968, 217976, 218126, 218286, 218324, 218360, 218682, 218742, 219075, 219082, 219238, 219273, 219279, 219321, 219849, 219855, 220553, 220604, 220791, 221211, 221394, 221621, 221641, 221890, 222108, 222124, 223751, 223760, 223763, 223777, 223787, 223830, 223868, 224589, 224720, 224745, 224862, 225032, 225043, 225212, 225221, 225228, 225281, 225291, 225330, 225339, 225381, 225384, 225567, 225575, 225678, 225681, 225869, 226117, 226702, 226916, 227078, 227247, 227274, 227296, 227389, 227588, 228432, 228437, 228458, 228469, 228475, 228502, 228535, 228679, 228694, 228722, 229064, 229071, 229080, 229109, 229116, 229281, 229283, 229320, 229416, 229419, 229517, 229524, 229533, 229629, 229635, 229666, 229700, 229754, 229807, 229821, 229905, 229954, 229969, 229998, 230007, 230069, 230089, 230101, 230176, 230206, 230301, 230313, 230341, 230350, 230415, 230443, 230485, 230492, 230509, 230537, 230544, 230652, 230674, 230683, 230687, 230734, 230776, 230828, 231217, 231230, 231748, 232275, 232282, 232461, 232715, 232729, 232911, 233218, 233232, 233294, 233709, 234176, 234192, 234462, 234727, 234842, 234889, 235181, 235294, 235328, 235398, 235401, 235626, 235631, 235709, 235712, 236288, 236462, 236941, 237025, 237257, 238174, 238177, 238207, 238212, 238217, 238224, 238269, 238272, 238881, 238897, 238923, 238970, 239245, 239620, 239693, 239815, 239826, 239915, 239920, 239923, 239926, 239929, 239932, 239935, 239938, 239941, 239944, 239947, 239950, 239953, 239956, 239959, 239983, 239986, 239994, 240115, 240218, 240342, 240459, 240539, 240542, 240545, 240552, 240555, 240558, 240661, 240668, 240671, 240674, 240693, 240696, 240699, 240702, 240705, 240872, 240918, 240921, 240924, 240927, 240930, 240933, 240936, 240969, 240972, 240975, 241083, 241086, 241089, 241092, 241095, 241098, 241101, 241105, 241108, 241598, 241601, 241604, 241607, 241610, 241613, 241616, 241622, 241625, 241628, 241631, 241635, 241639, 241642, 241645, 241648, 241652, 241667, 241671, 241674, 241677, 241680, 241696, 241699, 241702, 241705, 241708, 241711, 241780, 241783, 241786, 241789, 241792, 241795, 241798, 241801, 241804, 241807, 241810, 241813, 241816, 241819, 241822, 241825, 241828, 241831, 241834, 241837, 241840, 241843, 241857, 241860, 241863, 241866, 241869, 241872, 241875, 241878, 241881, 241884, 241887, 241890, 241893, 241896, 241910, 241913, 241916, 241919, 241922, 241925, 241928, 241931, 241934, 241937, 241940, 241943, 241946, 242013, 242016, 242019, 242022, 242025, 242028, 242031, 242034, 242037, 242040, 242043, 242094, 242881, 242913, 242916, 242948, 242952, 242956, 242960, 242964, 242968, 243013, 243044, 243050, 243054, 243057, 243060, 243063, 243066, 243069, 243131, 243569, 243620, 243663, 243666, 243669, 243799, 243802, 243805, 243808, 243814, 243843, 243846, 243849, 243854, 243859, 243862, 243867, 243870, 243873, 243909, 243912, 243915, 243918, 243921, 243931, 243934, 243937, 243942, 243945, 243948, 243951, 243954, 243986, 243989, 243992, 244005, 244008, 244011, 244016, 244019, 244022, 244027, 244030, 244074, 244077, 244080, 244118, 244136, 244418, 244474, 244517, 244520, 244523, 244863, 245002, 245114, 245342, 245345, 245412, 245454, 245465, 245483, 245489, 245520, 245526, 245532, 245544, 245552, 245564, 245577, 245581, 245594, 245613, 245658, 245972, 247369, 247376, 247386, 248254, 248657, 249165, 249239, 249284, 249293, 249299, 249304, 249316, 249349, 249362, 250029, 250076, 250085, 250926, 250964, 250979, 251026, 251067, 251084, 251246, 251336, 252034, 252056, 252287, 252814, 252884, 253040, 253183, 253186, 253198, 253202, 253206, 253210, 253214, 253271, 253276, 253281, 253480, 253543, 253574, 253590, 253630, 253781, 253787, 253793, 253807, 253812, 253817, 253824, 253832, 253841, 253846, 253851, 253888, 253921, 253940, 253958, 254028, 254078, 254105, 254294, 254310, 254320, 254384, 254451, 254710, 254809, 255314, 255428, 255514, 255554, 255617, 255719, 255722, 256362, 256392, 258037, 260802, 260830, 260853, 261197, 261227, 261347, 261575, 261599, 261608, 261672, 262112, 262227, 262233, 262260, 262676, 263054, 263875, 264191, 264421, 264446, 264484, 264801, 264861, 265105, 265353, 265685, 265688, 265691, 265694, 266249, 266292, 266341, 266740, 266835, 266857, 266933, 266969, 266978, 267003, 267072, 267100, 267123, 267198, 267203, 267208, 267213, 267218, 267267, 267495, 268355, 268427, 268573, 268579, 268613, 269117, 269120, 269156, 269273, 269276, 269334, 269343, 269957, 269982, 270012, 270210, 270262, 270348, 270381, 270535, 270539, 270544, 270549, 270959, 271222, 271227, 271239, 271244, 271251, 271256, 272656, 273109, 273855, 274183, 274225, 274343, 274392, 274763, 274866, 275079, 275090, 275414, 275419, 275494, 275497, 275942, 275986, 276649, 276807, 278398, 278408, 278600, 278605, 279468, 279491, 279496, 280329, 280577, 280580, 280583, 280586, 280589, 280592, 280595, 280598, 280601, 280604, 280607, 280610, 280613, 280616, 280619, 280622, 281284, 281296, 281310, 281323, 281336, 281348, 281363, 281378, 281393, 281552, 281555, 281919, 281929, 281937, 281942, 282551, 282672, 282930, 282935, 283027, 283297, 284219, 284255, 284258, 284267, 284270, 284279, 284306, 284311, 284363, 284374, 284393, 284408, 284422, 284426, 284431, 284449, 284499, 284526, 284571, 284606, 284628, 284642, 284663, 284689, 284692, 284733, 284736, 284745, 284764, 284793, 284856, 284868, 284880, 284886, 284895, 284907, 286271, 286274, 286482, 286486, 286490, 286498, 288048, 289266, 289301, 289727, 289899, 289902, 289905, 289908, 289911, 289919, 289922, 289925, 289928, 289931, 289934, 289937, 289962, 289965, 289968, 289971, 289974, 289977, 289980, 289995, 290003, 290014, 290019, 290022, 290025, 290028, 290031, 290057, 290060, 290063, 290066, 290069, 290072, 290088, 290091, 290094, 290097, 290115, 290125, 290128, 290131, 290134, 290156, 290159, 290162, 290181, 290184, 290187, 290258, 290261, 290264, 290267, 290302, 290308, 290452, 290635, 290647, 290692, 290695, 290866, 290869, 290872, 290875, 290878, 290881, 291175, 291553, 291556, 291957, 291963, 292751, 292754, 292757, 293330, 293598, 295441, 296043, 296423, 302636, 304907, 306899, 306970, 308158, 311158, 311217, 312099, 321872, 326482, 326777, 329521, 330672, 331337, 338216, 343647, 344147, 344885, 344958, 344984, 345042, 345298, 345556, 345681, 345701, 345812, 346016, 346110, 346240, 346337, 346573, 346625, 346656, 346843, 347053, 348023, 348029, 348078, 348083, 349186, 349480, 350184, 350788, 351077, 351590, 351662, 351784, 351792, 353159, 353207, 353296, 353577, 353696, 354730, 355055, 355583, 355644, 355726, 355795, 356238, 356242, 356247, 356624, 358427, 360356, 360902, 362946, 363528, 365643, 365646, 365658, 365716, 365757, 365764, 365791, 365837, 365909, 366215, 366227, 366282, 366758, 368388, 369108, 369330, 370880, 370884, 371250, 372073, 377945, 377958, 378408, 378422, 378485, 378896, 379351, 379367, 379804, 385241, 386157, 387847, 387869, 392574, 392594, 392609, 392621, 396480, 397220, 397255, 401383, 403582, 403717, 404004, 404494, 404499, 405130, 405292, 405424, 406564, 406848, 406883, 407766, 408286, 408349, 408394, 408419, 408563, 408566, 408567, 408970, 409059, 409134, 409562, 409567, 410002, 410007, 410128, 411373, 412079, 412102, 412153, 412211, 412214, 412221, 412313, 412806, 413611, 414440, 414475, 414478, 414508, 414525, 414560, 414611, 414730, 414826, 414942, 414960, 415050, 415162, 415191, 415237, 415260, 415263, 415299, 415304, 415309, 415314, 415347, 415350, 415353, 415375, 415644, 415649, 415654, 415842, 415878, 415884, 415924, 415929, 416149, 416152, 416387, 416392, 416397, 416402, 416549, 417529, 417532, 417806, 417809, 417852, 417892, 417928, 417940, 417951, 417960, 417963, 418059, 418062, 418095, 418128, 418135, 418143, 418158, 418187, 418193, 418214, 418217, 418236, 418251, 418265, 418268, 418365, 418388, 418403, 418488, 418530, 418535, 418550, 418569, 418585, 418611, 418647, 418652, 418668, 418691, 418701, 418746, 418752, 418771, 418776, 418958, 419398, 419403, 419433, 419458, 419483, 419535, 419538, 419547, 420713, 420729, 420861, 423062, 423440, 424580, 425752, 426147, 426150, 429947, 430607, 430639, 430713, 430768, 430825, 430850, 430878, 430994, 431145, 431376, 431460, 431841, 431888, 432401, 432790, 433531, 433565, 433614, 433683, 433700, 433776, 433848, 434824, 434829, 434837, 434871, 435056, 435089, 435376, 435405, 435547, 435754, 435847, 435953, 436013, 436379, 436608, 436883, 437061, 437191, 437346, 438914, 439578, 439698, 439785, 439915, 439923, 439950, 439966, 440597, 440629, 441183, 441714, 441817, 441920, 441992, 442023, 442047, 442089, 442187, 442408, 442550, 442891, 443022, 443248, 444068, 444417, 444722, 444930, 445014, 445456, 446032, 446794, 447002, 447259, 447464, 447897, 448028, 448456, 448637, 449203, 449619, 450095, 450228, 450310, 450372, 450650, 450816, 450948, 451728, 452051, 452471, 453051, 453178, 453226, 453339, 453714, 454051, 454342, 454766, 455183, 457704, 457805, 458063, 458418, 458998, 460675, 464426, 466303, 467619, 468477, 468709, 471570, 471586, 471633, 471752, 474695, 475389, 475689, 477387, 479906, 480226, 481330, 484172, 484558, 487227, 487230, 487233, 487236, 487242, 488561, 488568, 488783, 488788, 488853, 488862, 488925, 488932, 488973, 489417, 489452, 489455, 489606, 489609, 491198, 491216, 491298, 493650, 494702, 495828, 496009, 496012, 496311, 496334, 496375, 496419, 496759, 497237, 497274, 497323, 497586, 499369, 500087, 500247, 500400, 500447, 500877, 501112, 501128, 501455, 501679, 502062, 502245, 502257, 502261, 502447, 502695, 502854, 503026, 503984, 504041, 504310, 504910, 505296, 505851, 505890, 506126, 506163, 506265, 506326, 506390, 506425, 506563, 506900, 507916, 508271, 508487, 508533, 508556, 508758, 508877, 509160, 509338, 509343, 509350, 509540, 510155, 510161, 510197, 510804, 511319, 511370, 511387, 511506, 511551, 511627, 511911, 512272, 512570, 512900, 512912, 513294, 513646, 513663, 514549, 514602, 514796, 515337, 515371, 515540, 515659, 516240, 516317, 516391, 516733, 516953, 517012, 517040, 518145, 518899, 521123, 521279, 521427, 521469, 521526, 521608, 521874, 522834, 523071, 523104, 523125, 523145, 523967, 523980, 524581, 524614, 524991, 525233, 525346, 525363, 525795, 525807, 526159, 526493, 526503, 527337, 528097, 528437, 528450, 528529, 528540, 528825, 529263, 530002, 530122, 530513, 530529, 530534, 530539, 530544, 530549, 530554, 530559, 530564, 530569, 530574, 530579, 530584, 530589, 530594, 530599, 530604, 530609, 530614, 530619, 530624, 530629, 530634, 530639, 530644, 530649, 530654, 530659, 530663, 530668, 530673, 530678, 530683, 530688, 530693, 530698, 530703, 530708, 530713, 530718, 530723, 530728, 530733, 530738, 530743, 530748, 530753, 530758, 530763, 530768, 530773, 530778, 530783, 530788, 530793, 530798, 530803, 530808, 530813, 530818, 530823, 530828, 530833, 530838, 530843, 530848, 530853, 530858, 530863, 530868, 530873, 530878, 530883, 530888, 530893, 530898, 530903, 530950, 531066, 531298, 531666, 532214, 532617, 532802, 532948, 533735, 534160, 535071, 536080, 536164, 536349, 536410, 536465, 536529, 536734, 536785, 536948, 537268, 537278, 537282, 537867, 538219, 538864, 538890, 539436, 539675, 539678, 541380, 541490, 541527, 541544, 541583, 541600, 541694, 541716, 542228, 542746, 542788, 542812, 542888, 543119, 543525, 543618, 543640, 543858, 543862, 544783, 545279, 545310, 545829, 545982, 546335, 546761, 547109, 547126, 548178, 549185, 549451, 549583, 549639, 549711, 549766, 550422, 550436, 550460, 550477, 550512, 550785, 550797, 550806, 550871, 551565, 551592, 551629, 551661, 551699, 552054, 552072, 552079, 552110, 552126, 552133, 552143, 552198, 552215, 552229, 553033, 553257, 553293, 553475, 553599, 553715, 553735, 555002, 555110, 555114, 555823, 555844, 556107, 556753, 556896, 557216, 557884, 558201, 558379, 558385, 558724, 559096, 559177, 559528, 560903, 560906, 561135, 562304, 562709, 563667, 563981, 564010, 564036, 564537, 565870, 566136, 566859, 568444, 569106, 569874, 570330, 573248, 573280, 573491, 575203, 580410, 580643, 584323, 584340, 584424, 586349, 587455, 587919, 587962, 588246, 591791, 593117, 598067, 599219, 603601, 604115, 604669, 604700, 604713, 604715, 605047, 605050, 605058, 606908, 608822, 609906, 611072, 611405, 612956, 613507, 613790, 615334, 615645, 616694, 617497, 617718, 617789, 617802, 617838, 618066, 618418, 618874, 619006, 619056, 619255, 619553, 619975, 621285, 621812, 621917, 622295, 622319, 622332, 623918, 626882, 627198, 627599, 628248, 628312, 628785, 628789, 628799, 628829, 629052, 629304, 629493, 629514, 629564, 629575, 629763, 629850, 629854, 629877, 629892, 629896, 629904, 629920, 629936, 630046, 630066, 630138, 630258, 631401, 632008, 637117, 640151]
