10,1094,[2713, 2754, 2791, 2828, 2867, 2906, 2946, 2998, 3065, 3115, 3170, 3294, 3479, 3485, 3703, 3709, 3828, 3838, 4426, 4429, 4478, 4484, 4603, 4749, 4948, 4970, 5131, 5141, 5147, 5164, 5173, 5202, 5213, 5226, 5391, 5459, 5510, 5528, 5546, 5784, 5810, 5834, 5860, 5884, 5910, 5932, 5957, 9707, 9752, 9779, 11949, 12108, 12199, 12302, 13824, 13834, 13862, 13925, 13951, 14003, 14036, 15668, 17269, 17649, 17975, 18164, 18479, 18695, 19308, 19776, 20461, 20491, 20620, 20874, 20920, 21163, 21476, 21481, 21497, 21504, 21513, 21523, 21579, 21642, 21659, 21746, 21763, 21788, 21796, 21807, 21815, 21838, 21841, 21875, 21881, 21906, 21914, 21939, 21951, 22347, 22352, 23045, 25725, 25898, 25956, 26087, 26117, 26480, 26619, 27957, 28785, 28833, 28836, 28837, 28844, 28870, 28876, 28887, 28906, 28914, 28933, 28941, 28952, 28961, 28977, 28987, 29002, 29017, 29025, 29043, 29072, 29094, 29107, 29112, 29124, 29160, 29171, 30191, 30265, 30348, 30362, 30704, 30727, 31285, 31550, 31559, 33410, 33891, 34911, 34928, 34956, 34979, 34989, 35012, 35056, 35065, 35094, 37683, 39056, 42832, 42876, 42907, 44539, 45670, 48817, 48848, 48872, 48952, 49720, 49755, 49804, 49912, 49998, 50014, 50036, 50052, 50170, 50258, 50295, 50345, 50351, 50362, 50365, 50444, 50539, 50545, 50583, 50633, 50710, 50922, 51385, 51588, 51924, 52171, 52775, 53942, 53953, 54034, 54723, 57636, 57905, 58156, 58196, 58490, 58749, 58783, 58805, 58886, 59087, 59136, 59267, 59467, 59533, 59605, 59727, 61468, 61612, 61668, 61753, 61813, 61854, 62164, 62628, 62648, 62699, 62718, 62818, 62895, 63040, 63072, 63183, 63267, 63309, 63420, 63509, 63513, 63525, 63528, 63539, 63564, 63644, 63667, 63853, 63924, 64048, 64208, 64287, 64334, 64413, 64477, 64514, 64538, 64550, 64592, 64623, 65888, 69333, 70287, 72631, 73067, 73086, 73431, 74822, 76882, 79344, 79446, 79510, 79795, 79810, 79936, 79954, 80085, 80100, 80109, 80121, 80212, 80318, 80468, 80536, 80784, 80837, 80861, 80866, 80903, 80925, 81176, 81196, 81218, 81313, 81351, 81477, 81483, 81508, 81529, 81640, 81670, 81760, 81825, 81854, 81911, 83335, 83533, 83547, 83565, 85251, 85373, 85485, 86269, 86477, 86481, 88616, 90440, 90446, 90601, 90611, 90659, 90698, 91025, 91840, 91857, 91895, 92015, 92085, 92130, 92169, 92380, 94546, 94671, 97298, 97303, 97373, 97476, 97490, 97513, 97545, 97589, 97627, 97637, 97657, 97699, 97737, 97761, 97773, 97791, 97797, 97829, 97849, 97871, 97930, 97955, 97973, 98422, 104633, 104687, 104771, 104916, 104925, 105595, 106694, 107702, 107705, 107706, 112638, 113592, 114156, 117223, 118758, 119049, 120349, 123412, 123625, 123922, 125896, 126661, 126886, 132596, 137963, 138769, 138854, 138859, 144102, 144598, 145669, 149802, 150073, 150222, 150307, 150592, 150725, 151624, 151989, 151993, 153194, 153209, 153259, 156058, 156186, 157036, 157676, 159772, 159791, 159819, 159862, 160004, 160034, 161755, 161917, 161943, 162028, 162730, 162733, 162959, 162981, 163017, 163157, 163303, 163659, 163949, 164132, 164283, 165859, 165882, 165921, 166072, 168218, 170692, 171636, 171726, 171823, 172405, 172422, 172435, 176820, 180790, 181376, 181443, 181790, 182132, 182143, 182223, 182266, 182301, 182381, 183400, 183799, 184677, 184735, 184809, 184945, 185358, 185661, 187223, 187455, 187493, 187527, 190193, 190273, 190324, 190355, 190407, 190445, 190490, 190507, 190685, 191304, 192147, 192362, 192677, 194811, 195159, 195290, 196730, 196786, 196802, 197038, 197118, 198047, 198576, 199567, 199790, 199934, 200822, 202591, 203091, 209337, 210669, 211055, 211097, 211114, 211481, 211572, 215330, 217309, 217786, 220081, 220149, 220218, 220426, 221402, 221430, 221491, 221521, 222291, 222312, 223106, 223260, 226175, 226452, 226483, 226509, 226605, 226615, 226642, 226672, 227455, 230204, 231796, 234310, 234790, 237912, 238588, 238605, 238614, 238623, 238633, 238646, 238716, 238748, 238800, 238816, 238849, 238853, 238872, 238879, 238894, 238901, 238907, 238918, 238932, 238941, 238958, 238969, 238981, 238987, 238992, 239002, 239010, 239194, 239213, 239255, 239260, 239267, 239283, 239296, 239300, 239375, 239408, 239497, 239521, 239554, 239567, 239575, 239597, 239609, 239614, 239624, 239639, 239647, 239652, 239728, 239744, 239751, 239799, 239843, 239869, 239898, 239944, 240055, 240059, 240115, 240132, 240142, 240160, 240168, 240189, 240195, 240198, 240201, 240204, 240208, 240213, 240227, 240237, 240255, 240315, 240348, 240352, 240463, 240470, 240492, 240503, 240509, 240519, 240563, 240573, 240591, 240602, 240609, 240680, 240701, 240716, 240961, 240981, 241001, 241022, 241053, 241067, 241301, 241560, 241568, 241586, 241704, 241715, 241722, 241733, 241771, 241808, 241816, 241836, 241844, 241927, 242055, 242121, 242162, 242209, 242251, 242325, 242352, 242381, 242454, 242526, 242530, 242703, 242715, 242756, 242761, 242800, 242822, 242832, 242867, 242890, 242916, 242922, 242940, 242971, 242974, 242984, 242987, 243050, 243057, 243063, 243083, 243095, 243287, 243302, 243325, 243339, 243349, 243361, 243385, 243394, 243461, 243485, 243553, 243564, 243616, 243633, 243654, 243679, 243694, 243783, 243827, 243846, 243850, 243867, 243877, 243879, 243880, 243888, 243977, 243980, 243992, 244148, 244471, 244508, 244637, 244681, 244699, 244732, 244743, 244815, 244841, 244876, 244954, 245667, 245760, 245782, 245856, 245865, 245923, 246005, 246976, 247307, 247319, 247332, 247344, 247355, 247365, 247533, 248509, 248789, 249480, 250747, 251579, 251593, 251605, 251622, 251635, 251653, 251664, 251673, 251691, 251715, 251722, 251729, 251737, 251748, 251751, 251757, 251763, 251779, 251789, 251795, 251805, 251812, 251817, 251828, 251924, 252049, 252065, 252068, 252102, 252107, 252122, 252126, 252135, 252150, 252178, 252182, 252348, 252353, 252357, 252363, 252373, 252378, 252393, 252397, 252406, 252410, 252417, 252421, 252436, 252445, 252456, 252473, 252513, 252539, 252549, 252564, 252593, 252616, 252632, 252726, 252733, 252743, 252753, 252763, 252773, 252783, 252793, 252803, 252813, 252823, 252833, 252843, 252853, 252863, 252873, 252883, 252893, 252903, 252915, 252927, 252939, 252951, 252970, 252974, 253000, 253039, 253055, 253074, 253079, 253098, 253110, 253138, 253209, 253264, 253269, 253291, 253294, 253307, 253457, 254237, 254315, 254426, 254436, 254443, 255629, 257926, 261664, 261819, 262377, 262440, 262467, 262524, 262794, 265854, 266505, 266522, 266644, 266887, 266904, 267191, 267288, 267431, 267671, 268044, 268146, 268692, 268741, 269989, 270564, 271319, 271348, 271386, 271391, 271416, 271423, 271430, 271437, 271661, 273385, 273403, 274364, 275377, 275384, 276408, 276431, 276437, 277284, 278806, 278813, 278815, 278826, 278830, 278859, 280375, 281231, 281405, 281409, 281413, 281417, 281420, 281435, 281448, 281460, 281474, 281487, 281499, 281515, 281529, 281544, 281560, 281576, 281614, 281704, 281716, 281728, 281734, 282248, 282546, 282553, 282710, 283166, 283179, 283219, 283226, 283239, 283278, 283295, 283309, 283321, 283331, 283344, 283359, 283371, 283382, 283421, 284383, 285441, 285703, 285775, 289461, 289564, 289632, 289800, 290097, 290114, 290426, 290773, 290901, 291016, 292043, 292050, 292110, 296197, 296255, 296305, 296326, 296636, 296953, 296995, 297053, 297071, 297236, 297380, 297485, 301618, 309214, 309545, 311055, 311109, 311112, 311113, 311520, 317134, 317570, 323265, 323380, 328106, 331256, 336047, 336061, 343930, 344140, 347571, 347897, 356994, 357135, 357223, 357745, 357901, 357923, 359648, 359929, 360171, 361383, 379498, 380142, 382172, 383546, 385592, 386467, 386483, 386514, 386921, 388095, 388110, 388321, 389720, 389848, 389876, 389975, 390332, 390622, 390699, 394606, 395720, 396529, 397390, 399793, 400567, 401247, 401997, 402008, 403847, 403965, 409787, 409795, 409805, 412554, 412976, 414652, 414671, 414701, 414738, 414793, 414901, 414989, 417521, 418101, 418110, 422774, 422809, 426686, 429365, 432311, 432317, 437146, 437190, 437288, 437981, 441486, 443470, 443599, 443989, 444274, 444519, 445022, 445128, 456447, 456451, 458884, 460459, 460465, 460494, 460516, 461576, 466420, 470014, 470415, 471977, 476088, 476964, 477228, 478186, 480134, 484091, 492670, 492674, 495628, 495719, 508486, 508509, 509322, 513310, 517197, 517360, 523060, 532098, 538186, 541527, 549264, 563888, 565245, 568536, 568758, 577683, 587833, 587916, 593270, 601028, 604890, 604894, 605116, 606695, 608926, 618426, 619834, 622108, 622581, 622602, 629199, 629214]
15,6,[33139, 120885, 120893, 135488, 135707, 160018]
16,2,[25304, 29775]
17,166,[662, 4076, 4149, 4229, 4812, 4946, 5383, 13494, 13725, 14035, 16418, 16488, 16820, 19374, 21277, 21482, 21568, 21619, 21858, 21862, 22552, 23065, 23137, 24139, 24148, 24154, 24195, 24275, 24281, 24294, 24300, 24317, 24350, 24467, 26209, 27488, 27501, 27507, 27533, 55205, 55271, 55367, 55439, 55496, 55540, 55559, 55585, 56147, 56153, 60045, 60076, 64089, 64115, 70860, 77381, 77392, 77484, 78061, 78348, 78366, 78479, 78719, 78750, 78805, 79232, 83479, 97694, 97703, 97821, 98418, 98427, 98835, 99009, 99118, 99672, 101050, 101216, 102929, 103017, 111036, 114232, 114237, 114642, 115049, 118974, 119095, 119291, 125225, 125650, 128507, 132243, 132251, 138574, 140643, 140857, 140863, 141069, 141348, 141441, 141682, 141833, 141863, 142478, 143011, 144800, 149845, 149879, 149949, 149980, 152228, 153331, 153890, 153964, 153987, 154042, 154163, 154252, 158628, 166770, 174535, 175075, 184560, 186451, 186539, 196487, 201971, 203775, 203793, 203814, 203919, 203934, 203942, 203991, 204039, 204117, 204218, 204232, 204278, 204508, 204534, 204540, 204634, 204917, 204982, 205062, 205992, 206066, 206250, 206287, 206311, 206599, 206712, 206750, 207194, 207667, 207747, 207779, 208101, 210764, 210770, 210777, 210788, 210840, 210993, 214692, 215413]
18,4,[2408, 29003, 45659, 94450]
19,1,[3284]
20,42,[2207, 2275, 2534, 3021, 3062, 4001, 4772, 7208, 9195, 13348, 14445, 15643, 17538, 18236, 23711, 25204, 25558, 27201, 27629, 28096, 28671, 28961, 31516, 32844, 38135, 42191, 54664, 56956, 56978, 58454, 58638, 58958, 60317, 60797, 61055, 61202, 61970, 63023, 63084, 64330, 64912, 64919]
21,15,[17, 55, 365, 5747, 5751, 5829, 5842, 7224, 11499, 11572, 11582, 11599, 11607, 34897, 34907]
22,3,[158936, 160320, 160322]
23,4,[5073, 7216, 7223, 30630]
24,5,[3216, 3641, 4141, 7582, 17485]
26,42,[2599, 2668, 2941, 3486, 3527, 4500, 5290, 7729, 9748, 13934, 15045, 16288, 18212, 18939, 24478, 25996, 26353, 28026, 28456, 28930, 29503, 29797, 32386, 33720, 39054, 43125, 55825, 58105, 58128, 59644, 59836, 60206, 61612, 62095, 62352, 62503, 63271, 64375, 64439, 65727, 66315, 66323]
27,2,[17782, 29387]
28,2,[10655, 10692]
30,1094,[2619, 2660, 2697, 2734, 2773, 2812, 2852, 2904, 2971, 3021, 3076, 3200, 3385, 3391, 3609, 3615, 3734, 3744, 4332, 4335, 4384, 4390, 4509, 4655, 4854, 4876, 5037, 5047, 5053, 5070, 5079, 5108, 5119, 5132, 5297, 5365, 5416, 5434, 5452, 5690, 5716, 5740, 5766, 5790, 5816, 5838, 5863, 9613, 9658, 9685, 11855, 12014, 12105, 12208, 13730, 13740, 13768, 13831, 13857, 13909, 13942, 15574, 17175, 17555, 17881, 18070, 18385, 18601, 19214, 19682, 20367, 20397, 20526, 20780, 20826, 21069, 21382, 21387, 21403, 21410, 21419, 21429, 21485, 21548, 21565, 21652, 21669, 21694, 21702, 21713, 21721, 21744, 21747, 21781, 21787, 21812, 21820, 21845, 21857, 22253, 22258, 22951, 25631, 25804, 25862, 25993, 26023, 26386, 26525, 27863, 28691, 28739, 28742, 28743, 28750, 28776, 28782, 28793, 28812, 28820, 28839, 28847, 28858, 28867, 28883, 28893, 28908, 28923, 28931, 28949, 28978, 29000, 29013, 29018, 29030, 29066, 29077, 30097, 30171, 30254, 30268, 30610, 30633, 31191, 31456, 31465, 33312, 33793, 34813, 34830, 34858, 34881, 34891, 34914, 34958, 34967, 34996, 37585, 38958, 42734, 42778, 42809, 44441, 45572, 48719, 48750, 48774, 48854, 49622, 49657, 49706, 49814, 49900, 49916, 49938, 49954, 50072, 50160, 50197, 50247, 50253, 50264, 50267, 50346, 50441, 50447, 50485, 50535, 50612, 50824, 51287, 51490, 51826, 52073, 52677, 53843, 53854, 53935, 54624, 57537, 57806, 58057, 58097, 58391, 58646, 58680, 58702, 58783, 58984, 59033, 59164, 59364, 59430, 59502, 59624, 61365, 61509, 61565, 61650, 61710, 61751, 62061, 62525, 62545, 62596, 62615, 62715, 62792, 62937, 62969, 63080, 63164, 63206, 63317, 63406, 63410, 63422, 63425, 63436, 63461, 63541, 63564, 63750, 63821, 63945, 64105, 64184, 64231, 64310, 64374, 64411, 64435, 64447, 64489, 64520, 65785, 69230, 70184, 72528, 72964, 72983, 73328, 74719, 76779, 79237, 79339, 79403, 79688, 79703, 79829, 79847, 79978, 79993, 80002, 80014, 80105, 80211, 80361, 80429, 80677, 80730, 80754, 80759, 80796, 80818, 81069, 81089, 81111, 81206, 81244, 81370, 81376, 81401, 81422, 81533, 81563, 81653, 81718, 81747, 81804, 83228, 83426, 83440, 83458, 85144, 85266, 85378, 86162, 86370, 86374, 88509, 90333, 90339, 90494, 90504, 90552, 90591, 90918, 91733, 91750, 91788, 91908, 91978, 92023, 92062, 92273, 94439, 94564, 97191, 97196, 97266, 97369, 97383, 97406, 97438, 97482, 97520, 97530, 97550, 97592, 97630, 97654, 97666, 97684, 97690, 97722, 97742, 97764, 97823, 97848, 97866, 98315, 104526, 104580, 104664, 104809, 104818, 105484, 106583, 107591, 107594, 107595, 112527, 113481, 114045, 117112, 118647, 118938, 120238, 123301, 123514, 123811, 125785, 126550, 126775, 132484, 137851, 138657, 138742, 138747, 143990, 144485, 145556, 149689, 149960, 150109, 150194, 150479, 150612, 151511, 151876, 151880, 153081, 153096, 153146, 155945, 156073, 156923, 157563, 159658, 159677, 159705, 159748, 159890, 159920, 161641, 161794, 161820, 161905, 162607, 162610, 162836, 162858, 162894, 163034, 163180, 163536, 163826, 164009, 164160, 165736, 165759, 165798, 165949, 168095, 170569, 171513, 171603, 171700, 172282, 172299, 172312, 176697, 180667, 181253, 181320, 181667, 182009, 182020, 182100, 182143, 182178, 182258, 183268, 183667, 184545, 184603, 184677, 184813, 185226, 185529, 187091, 187323, 187361, 187395, 190061, 190141, 190192, 190223, 190275, 190313, 190358, 190375, 190553, 191172, 192015, 192230, 192545, 194679, 195027, 195158, 196598, 196654, 196670, 196906, 196986, 197915, 198444, 199425, 199648, 199792, 200680, 202449, 202949, 209195, 210527, 210913, 210955, 210972, 211339, 211430, 215188, 217169, 217646, 219931, 219999, 220068, 220276, 221252, 221280, 221341, 221371, 222141, 222162, 222956, 223110, 226025, 226302, 226333, 226359, 226455, 226465, 226492, 226522, 227305, 230054, 231646, 234160, 234640, 237762, 238435, 238452, 238461, 238470, 238480, 238493, 238563, 238595, 238647, 238663, 238696, 238700, 238719, 238726, 238741, 238748, 238754, 238765, 238779, 238788, 238805, 238816, 238828, 238834, 238839, 238849, 238857, 239041, 239060, 239102, 239107, 239114, 239130, 239143, 239147, 239222, 239255, 239344, 239368, 239401, 239414, 239422, 239444, 239456, 239461, 239471, 239486, 239494, 239499, 239575, 239591, 239598, 239646, 239690, 239716, 239745, 239791, 239902, 239906, 239962, 239979, 239989, 240007, 240015, 240036, 240042, 240045, 240048, 240051, 240055, 240060, 240074, 240084, 240102, 240162, 240195, 240199, 240310, 240317, 240339, 240350, 240356, 240366, 240410, 240420, 240438, 240449, 240456, 240527, 240548, 240563, 240808, 240828, 240848, 240869, 240900, 240914, 241148, 241407, 241415, 241433, 241551, 241562, 241569, 241580, 241618, 241655, 241663, 241683, 241691, 241774, 241902, 241968, 242009, 242056, 242098, 242172, 242199, 242228, 242301, 242373, 242377, 242550, 242562, 242603, 242608, 242647, 242669, 242679, 242714, 242737, 242763, 242769, 242787, 242818, 242821, 242831, 242834, 242897, 242904, 242910, 242930, 242942, 243134, 243149, 243172, 243186, 243196, 243208, 243232, 243241, 243308, 243332, 243400, 243411, 243463, 243480, 243501, 243526, 243541, 243630, 243674, 243693, 243697, 243714, 243724, 243726, 243727, 243735, 243824, 243827, 243839, 243995, 244318, 244355, 244484, 244528, 244546, 244579, 244590, 244662, 244688, 244723, 244801, 245514, 245607, 245629, 245703, 245712, 245770, 245852, 246823, 247154, 247166, 247179, 247191, 247202, 247212, 247380, 248356, 248636, 249327, 250594, 251426, 251440, 251452, 251469, 251482, 251500, 251511, 251520, 251538, 251562, 251569, 251576, 251584, 251595, 251598, 251604, 251610, 251626, 251636, 251642, 251652, 251659, 251664, 251675, 251771, 251896, 251912, 251915, 251949, 251954, 251969, 251973, 251982, 251997, 252025, 252029, 252195, 252200, 252204, 252210, 252220, 252225, 252240, 252244, 252253, 252257, 252264, 252268, 252283, 252292, 252303, 252320, 252360, 252386, 252396, 252411, 252440, 252463, 252479, 252573, 252580, 252590, 252600, 252610, 252620, 252630, 252640, 252650, 252660, 252670, 252680, 252690, 252700, 252710, 252720, 252730, 252740, 252750, 252762, 252774, 252786, 252798, 252817, 252821, 252847, 252886, 252902, 252921, 252926, 252945, 252957, 252985, 253056, 253111, 253116, 253138, 253141, 253154, 253304, 254084, 254162, 254273, 254283, 254290, 255476, 257770, 261508, 261663, 262221, 262284, 262311, 262368, 262638, 265698, 266349, 266366, 266488, 266731, 266748, 267035, 267132, 267275, 267515, 267888, 267990, 268536, 268585, 269833, 270408, 271163, 271192, 271230, 271235, 271260, 271267, 271274, 271281, 271505, 273229, 273247, 274208, 275221, 275228, 276252, 276275, 276281, 277128, 278651, 278658, 278660, 278671, 278675, 278704, 280220, 281076, 281250, 281254, 281258, 281262, 281265, 281280, 281293, 281305, 281319, 281332, 281344, 281360, 281374, 281389, 281405, 281421, 281459, 281549, 281561, 281573, 281579, 282093, 282391, 282398, 282555, 283011, 283024, 283064, 283071, 283084, 283123, 283140, 283154, 283166, 283176, 283189, 283204, 283216, 283227, 283266, 284227, 285285, 285547, 285619, 289305, 289408, 289476, 289644, 289941, 289958, 290270, 290617, 290745, 290860, 291887, 291894, 291954, 296040, 296098, 296148, 296169, 296479, 296795, 296837, 296895, 296913, 297078, 297222, 297327, 301460, 309056, 309387, 310897, 310951, 310954, 310955, 311361, 316975, 317411, 323106, 323221, 327947, 331097, 335888, 335902, 343771, 343981, 347412, 347738, 356834, 356975, 357063, 357585, 357741, 357763, 359488, 359769, 360011, 361223, 379335, 379979, 382009, 383383, 385429, 386304, 386320, 386351, 386758, 387932, 387947, 388158, 389557, 389685, 389713, 389812, 390169, 390459, 390536, 394440, 395554, 396363, 397224, 399627, 400401, 401081, 401831, 401842, 403681, 403799, 409621, 409629, 409639, 412388, 412810, 414486, 414505, 414535, 414572, 414627, 414735, 414823, 417355, 417935, 417944, 422608, 422643, 426520, 429198, 432141, 432147, 436976, 437020, 437118, 437811, 441316, 443300, 443429, 443819, 444104, 444349, 444852, 444958, 456277, 456281, 458714, 460289, 460295, 460324, 460346, 461406, 466249, 469843, 470244, 471807, 475919, 476795, 477059, 478018, 479966, 483926, 492510, 492514, 495469, 495560, 508317, 508340, 509153, 513141, 517025, 517188, 522888, 531923, 538011, 541352, 549086, 563710, 565065, 568356, 568578, 577503, 587648, 587731, 593079, 600831, 604688, 604692, 604914, 606488, 608714, 618174, 619582, 621856, 622329, 622350, 628936, 628951]
10,1094,[2713, 2754, 2791, 2828, 2867, 2906, 2946, 2998, 3065, 3115, 3170, 3294, 3479, 3485, 3703, 3709, 3828, 3838, 4426, 4429, 4478, 4484, 4603, 4749, 4948, 4970, 5131, 5141, 5147, 5164, 5173, 5202, 5213, 5226, 5391, 5459, 5510, 5528, 5546, 5784, 5810, 5834, 5860, 5884, 5910, 5932, 5957, 9707, 9752, 9779, 11949, 12108, 12199, 12302, 13824, 13834, 13862, 13925, 13951, 14003, 14036, 15668, 17269, 17649, 17975, 18164, 18479, 18695, 19308, 19776, 20461, 20491, 20620, 20874, 20920, 21163, 21476, 21481, 21497, 21504, 21513, 21523, 21579, 21642, 21659, 21746, 21763, 21788, 21796, 21807, 21815, 21838, 21841, 21875, 21881, 21906, 21914, 21939, 21951, 22347, 22352, 23045, 25725, 25898, 25956, 26087, 26117, 26480, 26619, 27957, 28785, 28833, 28836, 28837, 28844, 28870, 28876, 28887, 28906, 28914, 28933, 28941, 28952, 28961, 28977, 28987, 29002, 29017, 29025, 29043, 29072, 29094, 29107, 29112, 29124, 29160, 29171, 30191, 30265, 30348, 30362, 30704, 30727, 31285, 31550, 31559, 33410, 33891, 34911, 34928, 34956, 34979, 34989, 35012, 35056, 35065, 35094, 37683, 39056, 42832, 42876, 42907, 44539, 45670, 48817, 48848, 48872, 48952, 49720, 49755, 49804, 49912, 49998, 50014, 50036, 50052, 50170, 50258, 50295, 50345, 50351, 50362, 50365, 50444, 50539, 50545, 50583, 50633, 50710, 50922, 51385, 51588, 51924, 52171, 52775, 53942, 53953, 54034, 54723, 57636, 57905, 58156, 58196, 58490, 58749, 58783, 58805, 58886, 59087, 59136, 59267, 59467, 59533, 59605, 59727, 61468, 61612, 61668, 61753, 61813, 61854, 62164, 62628, 62648, 62699, 62718, 62818, 62895, 63040, 63072, 63183, 63267, 63309, 63420, 63509, 63513, 63525, 63528, 63539, 63564, 63644, 63667, 63853, 63924, 64048, 64208, 64287, 64334, 64413, 64477, 64514, 64538, 64550, 64592, 64623, 65888, 69333, 70287, 72631, 73067, 73086, 73431, 74822, 76882, 79344, 79446, 79510, 79795, 79810, 79936, 79954, 80085, 80100, 80109, 80121, 80212, 80318, 80468, 80536, 80784, 80837, 80861, 80866, 80903, 80925, 81176, 81196, 81218, 81313, 81351, 81477, 81483, 81508, 81529, 81640, 81670, 81760, 81825, 81854, 81911, 83335, 83533, 83547, 83565, 85251, 85373, 85485, 86269, 86477, 86481, 88616, 90440, 90446, 90601, 90611, 90659, 90698, 91025, 91840, 91857, 91895, 92015, 92085, 92130, 92169, 92380, 94546, 94671, 97298, 97303, 97373, 97476, 97490, 97513, 97545, 97589, 97627, 97637, 97657, 97699, 97737, 97761, 97773, 97791, 97797, 97829, 97849, 97871, 97930, 97955, 97973, 98422, 104633, 104687, 104771, 104916, 104925, 105595, 106694, 107702, 107705, 107706, 112638, 113592, 114156, 117223, 118758, 119049, 120349, 123412, 123625, 123922, 125896, 126661, 126886, 132596, 137963, 138769, 138854, 138859, 144102, 144598, 145669, 149802, 150073, 150222, 150307, 150592, 150725, 151624, 151989, 151993, 153194, 153209, 153259, 156058, 156186, 157036, 157676, 159772, 159791, 159819, 159862, 160004, 160034, 161755, 161917, 161943, 162028, 162730, 162733, 162959, 162981, 163017, 163157, 163303, 163659, 163949, 164132, 164283, 165859, 165882, 165921, 166072, 168218, 170692, 171636, 171726, 171823, 172405, 172422, 172435, 176820, 180790, 181376, 181443, 181790, 182132, 182143, 182223, 182266, 182301, 182381, 183400, 183799, 184677, 184735, 184809, 184945, 185358, 185661, 187223, 187455, 187493, 187527, 190193, 190273, 190324, 190355, 190407, 190445, 190490, 190507, 190685, 191304, 192147, 192362, 192677, 194811, 195159, 195290, 196730, 196786, 196802, 197038, 197118, 198047, 198576, 199567, 199790, 199934, 200822, 202591, 203091, 209337, 210669, 211055, 211097, 211114, 211481, 211572, 215330, 217309, 217786, 220081, 220149, 220218, 220426, 221402, 221430, 221491, 221521, 222291, 222312, 223106, 223260, 226175, 226452, 226483, 226509, 226605, 226615, 226642, 226672, 227455, 230204, 231796, 234310, 234790, 237912, 238588, 238605, 238614, 238623, 238633, 238646, 238716, 238748, 238800, 238816, 238849, 238853, 238872, 238879, 238894, 238901, 238907, 238918, 238932, 238941, 238958, 238969, 238981, 238987, 238992, 239002, 239010, 239194, 239213, 239255, 239260, 239267, 239283, 239296, 239300, 239375, 239408, 239497, 239521, 239554, 239567, 239575, 239597, 239609, 239614, 239624, 239639, 239647, 239652, 239728, 239744, 239751, 239799, 239843, 239869, 239898, 239944, 240055, 240059, 240115, 240132, 240142, 240160, 240168, 240189, 240195, 240198, 240201, 240204, 240208, 240213, 240227, 240237, 240255, 240315, 240348, 240352, 240463, 240470, 240492, 240503, 240509, 240519, 240563, 240573, 240591, 240602, 240609, 240680, 240701, 240716, 240961, 240981, 241001, 241022, 241053, 241067, 241301, 241560, 241568, 241586, 241704, 241715, 241722, 241733, 241771, 241808, 241816, 241836, 241844, 241927, 242055, 242121, 242162, 242209, 242251, 242325, 242352, 242381, 242454, 242526, 242530, 242703, 242715, 242756, 242761, 242800, 242822, 242832, 242867, 242890, 242916, 242922, 242940, 242971, 242974, 242984, 242987, 243050, 243057, 243063, 243083, 243095, 243287, 243302, 243325, 243339, 243349, 243361, 243385, 243394, 243461, 243485, 243553, 243564, 243616, 243633, 243654, 243679, 243694, 243783, 243827, 243846, 243850, 243867, 243877, 243879, 243880, 243888, 243977, 243980, 243992, 244148, 244471, 244508, 244637, 244681, 244699, 244732, 244743, 244815, 244841, 244876, 244954, 245667, 245760, 245782, 245856, 245865, 245923, 246005, 246976, 247307, 247319, 247332, 247344, 247355, 247365, 247533, 248509, 248789, 249480, 250747, 251579, 251593, 251605, 251622, 251635, 251653, 251664, 251673, 251691, 251715, 251722, 251729, 251737, 251748, 251751, 251757, 251763, 251779, 251789, 251795, 251805, 251812, 251817, 251828, 251924, 252049, 252065, 252068, 252102, 252107, 252122, 252126, 252135, 252150, 252178, 252182, 252348, 252353, 252357, 252363, 252373, 252378, 252393, 252397, 252406, 252410, 252417, 252421, 252436, 252445, 252456, 252473, 252513, 252539, 252549, 252564, 252593, 252616, 252632, 252726, 252733, 252743, 252753, 252763, 252773, 252783, 252793, 252803, 252813, 252823, 252833, 252843, 252853, 252863, 252873, 252883, 252893, 252903, 252915, 252927, 252939, 252951, 252970, 252974, 253000, 253039, 253055, 253074, 253079, 253098, 253110, 253138, 253209, 253264, 253269, 253291, 253294, 253307, 253457, 254237, 254315, 254426, 254436, 254443, 255629, 257926, 261664, 261819, 262377, 262440, 262467, 262524, 262794, 265854, 266505, 266522, 266644, 266887, 266904, 267191, 267288, 267431, 267671, 268044, 268146, 268692, 268741, 269989, 270564, 271319, 271348, 271386, 271391, 271416, 271423, 271430, 271437, 271661, 273385, 273403, 274364, 275377, 275384, 276408, 276431, 276437, 277284, 278806, 278813, 278815, 278826, 278830, 278859, 280375, 281231, 281405, 281409, 281413, 281417, 281420, 281435, 281448, 281460, 281474, 281487, 281499, 281515, 281529, 281544, 281560, 281576, 281614, 281704, 281716, 281728, 281734, 282248, 282546, 282553, 282710, 283166, 283179, 283219, 283226, 283239, 283278, 283295, 283309, 283321, 283331, 283344, 283359, 283371, 283382, 283421, 284383, 285441, 285703, 285775, 289461, 289564, 289632, 289800, 290097, 290114, 290426, 290773, 290901, 291016, 292043, 292050, 292110, 296197, 296255, 296305, 296326, 296636, 296953, 296995, 297053, 297071, 297236, 297380, 297485, 301618, 309214, 309545, 311055, 311109, 311112, 311113, 311520, 317134, 317570, 323265, 323380, 328106, 331256, 336047, 336061, 343930, 344140, 347571, 347897, 356994, 357135, 357223, 357745, 357901, 357923, 359648, 359929, 360171, 361383, 379498, 380142, 382172, 383546, 385592, 386467, 386483, 386514, 386921, 388095, 388110, 388321, 389720, 389848, 389876, 389975, 390332, 390622, 390699, 394606, 395720, 396529, 397390, 399793, 400567, 401247, 401997, 402008, 403847, 403965, 409787, 409795, 409805, 412554, 412976, 414652, 414671, 414701, 414738, 414793, 414901, 414989, 417521, 418101, 418110, 422774, 422809, 426686, 429365, 432311, 432317, 437146, 437190, 437288, 437981, 441486, 443470, 443599, 443989, 444274, 444519, 445022, 445128, 456447, 456451, 458884, 460459, 460465, 460494, 460516, 461576, 466420, 470014, 470415, 471977, 476088, 476964, 477228, 478186, 480134, 484091, 492670, 492674, 495628, 495719, 508486, 508509, 509322, 513310, 517197, 517360, 523060, 532098, 538186, 541527, 549264, 563888, 565245, 568536, 568758, 577683, 587833, 587916, 593270, 601028, 604890, 604894, 605116, 606695, 608926, 618426, 619834, 622108, 622581, 622602, 629199, 629214]
15,6,[33139, 120885, 120893, 135488, 135707, 160018]
16,2,[25304, 29775]
17,166,[662, 4076, 4149, 4229, 4812, 4946, 5383, 13494, 13725, 14035, 16418, 16488, 16820, 19374, 21277, 21482, 21568, 21619, 21858, 21862, 22552, 23065, 23137, 24139, 24148, 24154, 24195, 24275, 24281, 24294, 24300, 24317, 24350, 24467, 26209, 27488, 27501, 27507, 27533, 55205, 55271, 55367, 55439, 55496, 55540, 55559, 55585, 56147, 56153, 60045, 60076, 64089, 64115, 70860, 77381, 77392, 77484, 78061, 78348, 78366, 78479, 78719, 78750, 78805, 79232, 83479, 97694, 97703, 97821, 98418, 98427, 98835, 99009, 99118, 99672, 101050, 101216, 102929, 103017, 111036, 114232, 114237, 114642, 115049, 118974, 119095, 119291, 125225, 125650, 128507, 132243, 132251, 138574, 140643, 140857, 140863, 141069, 141348, 141441, 141682, 141833, 141863, 142478, 143011, 144800, 149845, 149879, 149949, 149980, 152228, 153331, 153890, 153964, 153987, 154042, 154163, 154252, 158628, 166770, 174535, 175075, 184560, 186451, 186539, 196487, 201971, 203775, 203793, 203814, 203919, 203934, 203942, 203991, 204039, 204117, 204218, 204232, 204278, 204508, 204534, 204540, 204634, 204917, 204982, 205062, 205992, 206066, 206250, 206287, 206311, 206599, 206712, 206750, 207194, 207667, 207747, 207779, 208101, 210764, 210770, 210777, 210788, 210840, 210993, 214692, 215413]
18,4,[2408, 29003, 45659, 94450]
19,1,[3284]
20,42,[2207, 2275, 2534, 3021, 3062, 4001, 4772, 7208, 9195, 13348, 14445, 15643, 17538, 18236, 23711, 25204, 25558, 27201, 27629, 28096, 28671, 28961, 31516, 32844, 38135, 42191, 54664, 56956, 56978, 58454, 58638, 58958, 60317, 60797, 61055, 61202, 61970, 63023, 63084, 64330, 64912, 64919]
21,15,[17, 55, 365, 5747, 5751, 5829, 5842, 7224, 11499, 11572, 11582, 11599, 11607, 34897, 34907]
22,3,[158936, 160320, 160322]
23,4,[5073, 7216, 7223, 30630]
24,5,[3216, 3641, 4141, 7582, 17485]
26,42,[2599, 2668, 2941, 3486, 3527, 4500, 5290, 7729, 9748, 13934, 15045, 16288, 18212, 18939, 24478, 25996, 26353, 28026, 28456, 28930, 29503, 29797, 32386, 33720, 39054, 43125, 55825, 58105, 58128, 59644, 59836, 60206, 61612, 62095, 62352, 62503, 63271, 64375, 64439, 65727, 66315, 66323]
27,2,[17782, 29387]
28,2,[10655, 10692]
30,1094,[2619, 2660, 2697, 2734, 2773, 2812, 2852, 2904, 2971, 3021, 3076, 3200, 3385, 3391, 3609, 3615, 3734, 3744, 4332, 4335, 4384, 4390, 4509, 4655, 4854, 4876, 5037, 5047, 5053, 5070, 5079, 5108, 5119, 5132, 5297, 5365, 5416, 5434, 5452, 5690, 5716, 5740, 5766, 5790, 5816, 5838, 5863, 9613, 9658, 9685, 11855, 12014, 12105, 12208, 13730, 13740, 13768, 13831, 13857, 13909, 13942, 15574, 17175, 17555, 17881, 18070, 18385, 18601, 19214, 19682, 20367, 20397, 20526, 20780, 20826, 21069, 21382, 21387, 21403, 21410, 21419, 21429, 21485, 21548, 21565, 21652, 21669, 21694, 21702, 21713, 21721, 21744, 21747, 21781, 21787, 21812, 21820, 21845, 21857, 22253, 22258, 22951, 25631, 25804, 25862, 25993, 26023, 26386, 26525, 27863, 28691, 28739, 28742, 28743, 28750, 28776, 28782, 28793, 28812, 28820, 28839, 28847, 28858, 28867, 28883, 28893, 28908, 28923, 28931, 28949, 28978, 29000, 29013, 29018, 29030, 29066, 29077, 30097, 30171, 30254, 30268, 30610, 30633, 31191, 31456, 31465, 33312, 33793, 34813, 34830, 34858, 34881, 34891, 34914, 34958, 34967, 34996, 37585, 38958, 42734, 42778, 42809, 44441, 45572, 48719, 48750, 48774, 48854, 49622, 49657, 49706, 49814, 49900, 49916, 49938, 49954, 50072, 50160, 50197, 50247, 50253, 50264, 50267, 50346, 50441, 50447, 50485, 50535, 50612, 50824, 51287, 51490, 51826, 52073, 52677, 53843, 53854, 53935, 54624, 57537, 57806, 58057, 58097, 58391, 58646, 58680, 58702, 58783, 58984, 59033, 59164, 59364, 59430, 59502, 59624, 61365, 61509, 61565, 61650, 61710, 61751, 62061, 62525, 62545, 62596, 62615, 62715, 62792, 62937, 62969, 63080, 63164, 63206, 63317, 63406, 63410, 63422, 63425, 63436, 63461, 63541, 63564, 63750, 63821, 63945, 64105, 64184, 64231, 64310, 64374, 64411, 64435, 64447, 64489, 64520, 65785, 69230, 70184, 72528, 72964, 72983, 73328, 74719, 76779, 79237, 79339, 79403, 79688, 79703, 79829, 79847, 79978, 79993, 80002, 80014, 80105, 80211, 80361, 80429, 80677, 80730, 80754, 80759, 80796, 80818, 81069, 81089, 81111, 81206, 81244, 81370, 81376, 81401, 81422, 81533, 81563, 81653, 81718, 81747, 81804, 83228, 83426, 83440, 83458, 85144, 85266, 85378, 86162, 86370, 86374, 88509, 90333, 90339, 90494, 90504, 90552, 90591, 90918, 91733, 91750, 91788, 91908, 91978, 92023, 92062, 92273, 94439, 94564, 97191, 97196, 97266, 97369, 97383, 97406, 97438, 97482, 97520, 97530, 97550, 97592, 97630, 97654, 97666, 97684, 97690, 97722, 97742, 97764, 97823, 97848, 97866, 98315, 104526, 104580, 104664, 104809, 104818, 105484, 106583, 107591, 107594, 107595, 112527, 113481, 114045, 117112, 118647, 118938, 120238, 123301, 123514, 123811, 125785, 126550, 126775, 132484, 137851, 138657, 138742, 138747, 143990, 144485, 145556, 149689, 149960, 150109, 150194, 150479, 150612, 151511, 151876, 151880, 153081, 153096, 153146, 155945, 156073, 156923, 157563, 159658, 159677, 159705, 159748, 159890, 159920, 161641, 161794, 161820, 161905, 162607, 162610, 162836, 162858, 162894, 163034, 163180, 163536, 163826, 164009, 164160, 165736, 165759, 165798, 165949, 168095, 170569, 171513, 171603, 171700, 172282, 172299, 172312, 176697, 180667, 181253, 181320, 181667, 182009, 182020, 182100, 182143, 182178, 182258, 183268, 183667, 184545, 184603, 184677, 184813, 185226, 185529, 187091, 187323, 187361, 187395, 190061, 190141, 190192, 190223, 190275, 190313, 190358, 190375, 190553, 191172, 192015, 192230, 192545, 194679, 195027, 195158, 196598, 196654, 196670, 196906, 196986, 197915, 198444, 199425, 199648, 199792, 200680, 202449, 202949, 209195, 210527, 210913, 210955, 210972, 211339, 211430, 215188, 217169, 217646, 219931, 219999, 220068, 220276, 221252, 221280, 221341, 221371, 222141, 222162, 222956, 223110, 226025, 226302, 226333, 226359, 226455, 226465, 226492, 226522, 227305, 230054, 231646, 234160, 234640, 237762, 238435, 238452, 238461, 238470, 238480, 238493, 238563, 238595, 238647, 238663, 238696, 238700, 238719, 238726, 238741, 238748, 238754, 238765, 238779, 238788, 238805, 238816, 238828, 238834, 238839, 238849, 238857, 239041, 239060, 239102, 239107, 239114, 239130, 239143, 239147, 239222, 239255, 239344, 239368, 239401, 239414, 239422, 239444, 239456, 239461, 239471, 239486, 239494, 239499, 239575, 239591, 239598, 239646, 239690, 239716, 239745, 239791, 239902, 239906, 239962, 239979, 239989, 240007, 240015, 240036, 240042, 240045, 240048, 240051, 240055, 240060, 240074, 240084, 240102, 240162, 240195, 240199, 240310, 240317, 240339, 240350, 240356, 240366, 240410, 240420, 240438, 240449, 240456, 240527, 240548, 240563, 240808, 240828, 240848, 240869, 240900, 240914, 241148, 241407, 241415, 241433, 241551, 241562, 241569, 241580, 241618, 241655, 241663, 241683, 241691, 241774, 241902, 241968, 242009, 242056, 242098, 242172, 242199, 242228, 242301, 242373, 242377, 242550, 242562, 242603, 242608, 242647, 242669, 242679, 242714, 242737, 242763, 242769, 242787, 242818, 242821, 242831, 242834, 242897, 242904, 242910, 242930, 242942, 243134, 243149, 243172, 243186, 243196, 243208, 243232, 243241, 243308, 243332, 243400, 243411, 243463, 243480, 243501, 243526, 243541, 243630, 243674, 243693, 243697, 243714, 243724, 243726, 243727, 243735, 243824, 243827, 243839, 243995, 244318, 244355, 244484, 244528, 244546, 244579, 244590, 244662, 244688, 244723, 244801, 245514, 245607, 245629, 245703, 245712, 245770, 245852, 246823, 247154, 247166, 247179, 247191, 247202, 247212, 247380, 248356, 248636, 249327, 250594, 251426, 251440, 251452, 251469, 251482, 251500, 251511, 251520, 251538, 251562, 251569, 251576, 251584, 251595, 251598, 251604, 251610, 251626, 251636, 251642, 251652, 251659, 251664, 251675, 251771, 251896, 251912, 251915, 251949, 251954, 251969, 251973, 251982, 251997, 252025, 252029, 252195, 252200, 252204, 252210, 252220, 252225, 252240, 252244, 252253, 252257, 252264, 252268, 252283, 252292, 252303, 252320, 252360, 252386, 252396, 252411, 252440, 252463, 252479, 252573, 252580, 252590, 252600, 252610, 252620, 252630, 252640, 252650, 252660, 252670, 252680, 252690, 252700, 252710, 252720, 252730, 252740, 252750, 252762, 252774, 252786, 252798, 252817, 252821, 252847, 252886, 252902, 252921, 252926, 252945, 252957, 252985, 253056, 253111, 253116, 253138, 253141, 253154, 253304, 254084, 254162, 254273, 254283, 254290, 255476, 257770, 261508, 261663, 262221, 262284, 262311, 262368, 262638, 265698, 266349, 266366, 266488, 266731, 266748, 267035, 267132, 267275, 267515, 267888, 267990, 268536, 268585, 269833, 270408, 271163, 271192, 271230, 271235, 271260, 271267, 271274, 271281, 271505, 273229, 273247, 274208, 275221, 275228, 276252, 276275, 276281, 277128, 278651, 278658, 278660, 278671, 278675, 278704, 280220, 281076, 281250, 281254, 281258, 281262, 281265, 281280, 281293, 281305, 281319, 281332, 281344, 281360, 281374, 281389, 281405, 281421, 281459, 281549, 281561, 281573, 281579, 282093, 282391, 282398, 282555, 283011, 283024, 283064, 283071, 283084, 283123, 283140, 283154, 283166, 283176, 283189, 283204, 283216, 283227, 283266, 284227, 285285, 285547, 285619, 289305, 289408, 289476, 289644, 289941, 289958, 290270, 290617, 290745, 290860, 291887, 291894, 291954, 296040, 296098, 296148, 296169, 296479, 296795, 296837, 296895, 296913, 297078, 297222, 297327, 301460, 309056, 309387, 310897, 310951, 310954, 310955, 311361, 316975, 317411, 323106, 323221, 327947, 331097, 335888, 335902, 343771, 343981, 347412, 347738, 356834, 356975, 357063, 357585, 357741, 357763, 359488, 359769, 360011, 361223, 379335, 379979, 382009, 383383, 385429, 386304, 386320, 386351, 386758, 387932, 387947, 388158, 389557, 389685, 389713, 389812, 390169, 390459, 390536, 394440, 395554, 396363, 397224, 399627, 400401, 401081, 401831, 401842, 403681, 403799, 409621, 409629, 409639, 412388, 412810, 414486, 414505, 414535, 414572, 414627, 414735, 414823, 417355, 417935, 417944, 422608, 422643, 426520, 429198, 432141, 432147, 436976, 437020, 437118, 437811, 441316, 443300, 443429, 443819, 444104, 444349, 444852, 444958, 456277, 456281, 458714, 460289, 460295, 460324, 460346, 461406, 466249, 469843, 470244, 471807, 475919, 476795, 477059, 478018, 479966, 483926, 492510, 492514, 495469, 495560, 508317, 508340, 509153, 513141, 517025, 517188, 522888, 531923, 538011, 541352, 549086, 563710, 565065, 568356, 568578, 577503, 587648, 587731, 593079, 600831, 604688, 604692, 604914, 606488, 608714, 618174, 619582, 621856, 622329, 622350, 628936, 628951]
