10,22,[32967, 197294, 300040, 303773, 309714, 313471, 313869, 313880, 317376, 338228, 341310, 357543, 368668, 386999, 387025, 400741, 423398, 470033, 475551, 511205, 525079, 615349]
11,1,[21075]
15,2,[14906, 130112]
17,6,[35722, 67111, 67137, 111115, 196508, 205185]
20,1,[57017]
23,1,[6586]
26,1,[58167]
27,1,[28143]
30,22,[32869, 197162, 299882, 303615, 309556, 313312, 313710, 313721, 317217, 338069, 341151, 357383, 368505, 386836, 386862, 400575, 423232, 469862, 475381, 511036, 524907, 615115]
10,22,[32967, 197294, 300040, 303773, 309714, 313471, 313869, 313880, 317376, 338228, 341310, 357543, 368668, 386999, 387025, 400741, 423398, 470033, 475551, 511205, 525079, 615349]
11,1,[21075]
15,2,[14906, 130112]
17,6,[35722, 67111, 67137, 111115, 196508, 205185]
20,1,[57017]
23,1,[6586]
26,1,[58167]
27,1,[28143]
30,22,[32869, 197162, 299882, 303615, 309556, 313312, 313710, 313721, 317217, 338069, 341151, 357383, 368505, 386836, 386862, 400575, 423232, 469862, 475381, 511036, 524907, 615115]
