8,1,[437]
9,1,[2428]
10,143,[6317, 6568, 6584, 10337, 13687, 16423, 47963, 48314, 48552, 55568, 56579, 79260, 86241, 88337, 88512, 93937, 103085, 103399, 103412, 103429, 103444, 103965, 105119, 128091, 128277, 135413, 135523, 135894, 136200, 136336, 136567, 137604, 137608, 137627, 137637, 137676, 137750, 137780, 138053, 139316, 139562, 139608, 139663, 139733, 139739, 139935, 140368, 144346, 144460, 144502, 159580, 175801, 177323, 177440, 180232, 180237, 180243, 181324, 181640, 181653, 182025, 198819, 205041, 205414, 244360, 257203, 257362, 270864, 299820, 308931, 309040, 310017, 327697, 328562, 331348, 336274, 341251, 356843, 360633, 362102, 371535, 375582, 382167, 400681, 403161, 413231, 413601, 441891, 441898, 441905, 441912, 441950, 442064, 455320, 455889, 455895, 455969, 455977, 455986, 455991, 456395, 456417, 456849, 457520, 457549, 457699, 460252, 460260, 460732, 461206, 461224, 461553, 461714, 461755, 462032, 462140, 468458, 470257, 470291, 470400, 470446, 470542, 470577, 470854, 470862, 470965, 471248, 481414, 481469, 491268, 491660, 492710, 494277, 494412, 503233, 538401, 539905, 540547, 569834, 583187, 583195, 584055, 640573]
14,347,[276, 392, 394, 398, 477, 695, 1000, 1035, 1298, 1412, 1416, 1539, 3758, 5679, 5840, 5858, 5862, 7162, 8618, 8683, 8685, 8704, 8723, 8725, 8738, 8871, 8901, 8981, 8982, 10412, 10416, 10440, 10509, 10519, 10522, 12259, 12271, 12374, 12401, 12465, 12642, 12833, 12838, 13313, 13618, 13648, 19156, 19191, 19939, 20071, 22086, 23094, 23189, 23274, 23303, 23929, 23932, 23938, 24079, 24133, 24149, 24156, 26062, 26791, 29754, 32176, 32824, 33221, 34161, 35478, 35491, 35538, 35631, 35651, 36331, 36366, 37432, 39463, 39625, 41529, 42288, 42313, 42316, 43770, 44026, 44983, 55067, 55069, 55071, 57238, 59141, 61906, 64058, 65179, 66205, 66758, 67668, 71036, 74776, 80779, 80787, 80853, 81553, 82024, 82037, 82180, 82208, 82290, 82329, 82339, 86926, 88180, 88193, 88324, 88881, 91287, 91301, 92432, 92435, 92439, 95378, 96123, 96156, 96232, 96719, 96999, 97052, 97651, 97805, 97810, 97817, 98122, 100135, 100154, 101007, 101076, 101087, 101170, 101506, 101619, 101638, 101652, 101710, 101725, 105749, 107254, 107268, 107449, 107524, 107628, 109626, 110425, 111140, 114159, 114566, 115185, 115399, 116285, 119978, 120224, 120279, 120962, 120990, 121064, 121262, 121489, 121502, 121600, 121605, 121611, 121640, 121694, 121777, 122421, 122509, 122517, 124470, 125380, 126190, 126607, 127056, 128092, 128103, 128918, 129605, 130484, 132626, 132636, 132896, 133083, 133965, 134156, 134193, 134235, 134296, 134310, 134465, 135702, 135776, 135862, 137747, 139991, 140353, 141247, 141766, 142947, 142955, 144038, 145862, 146106, 146144, 146155, 148245, 148267, 148396, 149784, 151703, 153351, 154791, 154988, 155137, 156618, 158082, 158130, 158219, 158314, 158317, 158352, 158393, 158773, 158873, 158937, 159299, 159303, 159379, 159390, 159438, 159447, 159451, 159462, 159480, 159493, 159502, 159506, 159519, 159622, 159820, 159902, 162542, 162617, 162754, 163743, 163866, 165947, 166013, 166099, 166155, 166396, 166407, 166461, 166476, 166565, 166686, 167689, 169822, 170032, 170042, 171907, 172046, 172752, 174775, 174784, 177290, 177571, 177896, 178746, 179447, 179451, 179756, 179832, 179882, 179886, 180862, 181235, 181237, 183112, 184329, 185260, 185283, 185817, 187176, 188402, 188937, 190078, 190937, 193005, 193078, 193088, 194390, 194403, 194620, 194821, 195144, 195160, 196248, 197471, 197491, 197495, 197502, 198689, 198835, 198914, 198970, 199200, 199483, 199779, 199930, 200034, 200244, 200848, 200861, 200885, 201262, 201385, 201390, 201401, 201403, 201407, 201410, 201414, 201417, 201418, 201422, 201427, 201430, 201434, 201437, 201441, 201444, 201447, 201451, 201647, 201715, 201728, 201784, 201832, 201931]
15,29,[1796, 2178, 3685, 5314, 8609, 9079, 9575, 9874, 19445, 35189, 35719, 41859, 49504, 72948, 82015, 84317, 116441, 125953, 131690, 135573, 135647, 135739, 135839, 144293, 144679, 146782, 154886, 157647, 167211]
17,36,[13273, 42076, 63117, 77348, 89142, 97777, 97839, 105821, 105948, 110526, 114104, 114114, 126314, 126394, 129380, 129395, 133848, 133923, 134086, 137009, 138276, 138796, 148587, 150983, 151815, 155783, 155791, 155823, 155872, 155883, 167414, 169758, 170735, 171834, 183691, 196386]
18,13,[20186, 20930, 35945, 62255, 62309, 81418, 88383, 88389, 88426, 91629, 110917, 136291, 141656]
19,9,[2155, 3179, 5189, 6289, 13178, 16808, 21555, 21560, 27697]
20,7,[2212, 21167, 53686, 53871, 53965, 58924, 62987]
22,3,[32159, 38097, 39390]
23,14,[651, 2886, 4312, 4338, 4384, 6717, 7363, 20517, 25766, 28167, 28193, 30283, 30313, 30354]
24,6,[273, 2999, 7226, 12468, 22627, 41912]
25,445,[485, 606, 608, 612, 868, 1150, 1514, 1630, 1634, 1757, 4147, 6026, 6172, 6190, 6194, 7386, 8835, 8914, 8920, 8940, 8943, 8961, 8964, 8982, 9116, 9121, 9239, 9240, 10605, 10609, 10631, 10696, 10706, 10709, 12352, 12364, 12465, 12491, 12555, 12720, 12896, 12901, 13346, 13649, 18749, 18781, 19472, 19586, 21620, 22564, 22725, 22748, 23304, 23307, 23313, 23434, 23484, 23499, 23506, 25281, 25948, 28761, 31067, 31692, 32066, 32931, 34131, 34143, 34185, 34268, 34286, 34695, 34977, 35011, 36047, 37940, 38084, 39921, 40643, 40664, 40667, 41999, 42224, 43170, 54875, 56804, 59482, 61641, 63232, 63714, 64532, 67751, 71190, 77100, 77107, 77169, 77864, 78336, 78348, 78488, 78514, 78596, 78632, 78642, 83243, 84525, 84644, 85213, 87102, 87472, 87485, 88567, 88570, 88574, 91364, 92067, 92109, 92179, 92642, 92909, 92957, 93560, 93712, 93717, 93723, 94017, 96009, 96028, 96103, 96118, 96137, 96899, 96961, 96972, 97050, 97370, 97416, 97466, 97470, 97487, 97502, 97567, 97579, 101436, 102863, 102877, 103046, 103111, 103208, 105048, 105976, 106636, 109753, 110304, 110494, 111358, 114919, 115146, 115194, 115877, 115907, 115976, 116130, 116185, 116470, 116485, 116573, 116578, 116583, 116607, 116708, 117285, 117353, 117360, 119258, 120087, 120899, 121318, 121761, 122663, 122673, 123442, 124126, 124906, 126897, 126906, 127012, 127407, 128223, 128408, 128445, 128487, 128547, 128561, 128712, 129957, 130014, 130091, 131908, 134163, 134508, 135368, 135821, 137022, 137029, 138077, 139792, 139815, 140025, 140060, 140071, 141894, 142191, 142212, 142333, 143612, 145364, 146883, 148227, 148409, 148538, 149953, 151420, 151490, 151493, 151579, 151582, 151615, 151651, 151974, 152071, 152135, 152469, 152528, 152539, 152584, 152593, 152597, 152607, 152623, 152636, 152643, 152647, 152657, 152743, 152920, 153012, 155783, 155847, 155960, 156920, 157027, 159058, 159115, 159196, 159243, 159469, 159480, 159524, 159540, 159627, 159729, 160772, 162888, 163083, 163093, 164729, 165066, 165189, 165889, 167734, 167742, 170086, 170332, 170609, 171395, 172056, 172060, 172350, 172426, 172474, 172478, 173454, 173817, 173819, 175646, 176799, 177690, 177712, 178212, 179463, 179768, 180671, 181154, 181845, 182338, 182357, 182363, 182372, 182530, 182544, 182574, 182585, 182652, 182666, 182774, 182843, 182859, 182907, 182927, 183104, 183200, 183282, 183285, 183296, 183320, 183359, 183382, 183443, 183496, 183501, 183511, 183585, 184868, 184937, 184946, 185519, 185535, 186245, 186257, 186452, 186637, 186950, 186965, 188072, 189309, 189337, 189341, 189794, 190285, 190315, 190479, 190916, 191508, 191544, 191610, 191640, 191685, 191769, 192008, 192375, 192618, 192632, 192662, 192757, 192844, 192875, 193332, 193654, 193690, 193798, 193851, 193868, 193932, 194034, 194232, 194372, 194444, 194660, 194708, 194862, 194998, 195111, 195239, 195310, 195455, 195619, 195717, 195737, 195863, 195951, 195991, 196304, 196364, 196563, 196679, 196914, 197158, 197848, 198007, 198027, 198243, 198318, 198470, 198550, 198561, 198683, 198692, 199098, 199106, 199523, 199614, 199711, 199750, 199820, 199839, 199919, 201023, 201169, 201248, 201304, 201534, 201827, 202124, 202275, 202379, 202589, 203196, 203209, 203233, 203625, 203746, 203751, 203762, 203764, 203768, 203771, 203775, 203778, 203779, 203783, 203788, 203791, 203795, 203798, 203802, 203805, 203808, 203812, 204007, 204076, 204089, 204145, 204193, 204304]
26,8,[2604, 21909, 54813, 55015, 55117, 60155, 62366, 64335]
27,13,[2449, 5832, 30820, 30908, 64318, 66293, 66329, 67480, 84741, 84963, 90982, 91417, 98025]
29,4,[9697, 9819, 9947, 10069]
30,143,[6223, 6474, 6490, 10243, 13593, 16329, 47865, 48216, 48454, 55469, 56480, 79153, 86134, 88230, 88405, 93830, 102978, 103292, 103305, 103322, 103337, 103858, 105008, 127980, 128166, 135301, 135411, 135782, 136088, 136224, 136455, 137492, 137496, 137515, 137525, 137564, 137638, 137668, 137941, 139204, 139450, 139496, 139551, 139621, 139627, 139823, 140256, 144233, 144347, 144389, 159467, 175678, 177200, 177317, 180109, 180114, 180120, 181201, 181517, 181530, 181902, 198687, 204899, 205272, 244207, 257047, 257206, 270708, 299662, 308773, 308882, 309859, 327538, 328403, 331189, 336115, 341092, 356683, 360473, 361942, 371372, 375419, 382004, 400515, 402995, 413065, 413435, 441721, 441728, 441735, 441742, 441780, 441894, 455150, 455719, 455725, 455799, 455807, 455816, 455821, 456225, 456247, 456679, 457350, 457379, 457529, 460082, 460090, 460562, 461036, 461054, 461383, 461544, 461585, 461862, 461970, 468287, 470086, 470120, 470229, 470275, 470371, 470406, 470683, 470691, 470794, 471077, 481247, 481302, 491108, 491500, 492550, 494117, 494252, 503064, 538226, 539730, 540372, 569654, 583007, 583015, 583875, 640298]
8,1,[437]
9,1,[2428]
10,143,[6317, 6568, 6584, 10337, 13687, 16423, 47963, 48314, 48552, 55568, 56579, 79260, 86241, 88337, 88512, 93937, 103085, 103399, 103412, 103429, 103444, 103965, 105119, 128091, 128277, 135413, 135523, 135894, 136200, 136336, 136567, 137604, 137608, 137627, 137637, 137676, 137750, 137780, 138053, 139316, 139562, 139608, 139663, 139733, 139739, 139935, 140368, 144346, 144460, 144502, 159580, 175801, 177323, 177440, 180232, 180237, 180243, 181324, 181640, 181653, 182025, 198819, 205041, 205414, 244360, 257203, 257362, 270864, 299820, 308931, 309040, 310017, 327697, 328562, 331348, 336274, 341251, 356843, 360633, 362102, 371535, 375582, 382167, 400681, 403161, 413231, 413601, 441891, 441898, 441905, 441912, 441950, 442064, 455320, 455889, 455895, 455969, 455977, 455986, 455991, 456395, 456417, 456849, 457520, 457549, 457699, 460252, 460260, 460732, 461206, 461224, 461553, 461714, 461755, 462032, 462140, 468458, 470257, 470291, 470400, 470446, 470542, 470577, 470854, 470862, 470965, 471248, 481414, 481469, 491268, 491660, 492710, 494277, 494412, 503233, 538401, 539905, 540547, 569834, 583187, 583195, 584055, 640573]
14,347,[276, 392, 394, 398, 477, 695, 1000, 1035, 1298, 1412, 1416, 1539, 3758, 5679, 5840, 5858, 5862, 7162, 8618, 8683, 8685, 8704, 8723, 8725, 8738, 8871, 8901, 8981, 8982, 10412, 10416, 10440, 10509, 10519, 10522, 12259, 12271, 12374, 12401, 12465, 12642, 12833, 12838, 13313, 13618, 13648, 19156, 19191, 19939, 20071, 22086, 23094, 23189, 23274, 23303, 23929, 23932, 23938, 24079, 24133, 24149, 24156, 26062, 26791, 29754, 32176, 32824, 33221, 34161, 35478, 35491, 35538, 35631, 35651, 36331, 36366, 37432, 39463, 39625, 41529, 42288, 42313, 42316, 43770, 44026, 44983, 55067, 55069, 55071, 57238, 59141, 61906, 64058, 65179, 66205, 66758, 67668, 71036, 74776, 80779, 80787, 80853, 81553, 82024, 82037, 82180, 82208, 82290, 82329, 82339, 86926, 88180, 88193, 88324, 88881, 91287, 91301, 92432, 92435, 92439, 95378, 96123, 96156, 96232, 96719, 96999, 97052, 97651, 97805, 97810, 97817, 98122, 100135, 100154, 101007, 101076, 101087, 101170, 101506, 101619, 101638, 101652, 101710, 101725, 105749, 107254, 107268, 107449, 107524, 107628, 109626, 110425, 111140, 114159, 114566, 115185, 115399, 116285, 119978, 120224, 120279, 120962, 120990, 121064, 121262, 121489, 121502, 121600, 121605, 121611, 121640, 121694, 121777, 122421, 122509, 122517, 124470, 125380, 126190, 126607, 127056, 128092, 128103, 128918, 129605, 130484, 132626, 132636, 132896, 133083, 133965, 134156, 134193, 134235, 134296, 134310, 134465, 135702, 135776, 135862, 137747, 139991, 140353, 141247, 141766, 142947, 142955, 144038, 145862, 146106, 146144, 146155, 148245, 148267, 148396, 149784, 151703, 153351, 154791, 154988, 155137, 156618, 158082, 158130, 158219, 158314, 158317, 158352, 158393, 158773, 158873, 158937, 159299, 159303, 159379, 159390, 159438, 159447, 159451, 159462, 159480, 159493, 159502, 159506, 159519, 159622, 159820, 159902, 162542, 162617, 162754, 163743, 163866, 165947, 166013, 166099, 166155, 166396, 166407, 166461, 166476, 166565, 166686, 167689, 169822, 170032, 170042, 171907, 172046, 172752, 174775, 174784, 177290, 177571, 177896, 178746, 179447, 179451, 179756, 179832, 179882, 179886, 180862, 181235, 181237, 183112, 184329, 185260, 185283, 185817, 187176, 188402, 188937, 190078, 190937, 193005, 193078, 193088, 194390, 194403, 194620, 194821, 195144, 195160, 196248, 197471, 197491, 197495, 197502, 198689, 198835, 198914, 198970, 199200, 199483, 199779, 199930, 200034, 200244, 200848, 200861, 200885, 201262, 201385, 201390, 201401, 201403, 201407, 201410, 201414, 201417, 201418, 201422, 201427, 201430, 201434, 201437, 201441, 201444, 201447, 201451, 201647, 201715, 201728, 201784, 201832, 201931]
15,29,[1796, 2178, 3685, 5314, 8609, 9079, 9575, 9874, 19445, 35189, 35719, 41859, 49504, 72948, 82015, 84317, 116441, 125953, 131690, 135573, 135647, 135739, 135839, 144293, 144679, 146782, 154886, 157647, 167211]
17,36,[13273, 42076, 63117, 77348, 89142, 97777, 97839, 105821, 105948, 110526, 114104, 114114, 126314, 126394, 129380, 129395, 133848, 133923, 134086, 137009, 138276, 138796, 148587, 150983, 151815, 155783, 155791, 155823, 155872, 155883, 167414, 169758, 170735, 171834, 183691, 196386]
18,13,[20186, 20930, 35945, 62255, 62309, 81418, 88383, 88389, 88426, 91629, 110917, 136291, 141656]
19,9,[2155, 3179, 5189, 6289, 13178, 16808, 21555, 21560, 27697]
20,7,[2212, 21167, 53686, 53871, 53965, 58924, 62987]
22,3,[32159, 38097, 39390]
23,14,[651, 2886, 4312, 4338, 4384, 6717, 7363, 20517, 25766, 28167, 28193, 30283, 30313, 30354]
24,6,[273, 2999, 7226, 12468, 22627, 41912]
25,445,[485, 606, 608, 612, 868, 1150, 1514, 1630, 1634, 1757, 4147, 6026, 6172, 6190, 6194, 7386, 8835, 8914, 8920, 8940, 8943, 8961, 8964, 8982, 9116, 9121, 9239, 9240, 10605, 10609, 10631, 10696, 10706, 10709, 12352, 12364, 12465, 12491, 12555, 12720, 12896, 12901, 13346, 13649, 18749, 18781, 19472, 19586, 21620, 22564, 22725, 22748, 23304, 23307, 23313, 23434, 23484, 23499, 23506, 25281, 25948, 28761, 31067, 31692, 32066, 32931, 34131, 34143, 34185, 34268, 34286, 34695, 34977, 35011, 36047, 37940, 38084, 39921, 40643, 40664, 40667, 41999, 42224, 43170, 54875, 56804, 59482, 61641, 63232, 63714, 64532, 67751, 71190, 77100, 77107, 77169, 77864, 78336, 78348, 78488, 78514, 78596, 78632, 78642, 83243, 84525, 84644, 85213, 87102, 87472, 87485, 88567, 88570, 88574, 91364, 92067, 92109, 92179, 92642, 92909, 92957, 93560, 93712, 93717, 93723, 94017, 96009, 96028, 96103, 96118, 96137, 96899, 96961, 96972, 97050, 97370, 97416, 97466, 97470, 97487, 97502, 97567, 97579, 101436, 102863, 102877, 103046, 103111, 103208, 105048, 105976, 106636, 109753, 110304, 110494, 111358, 114919, 115146, 115194, 115877, 115907, 115976, 116130, 116185, 116470, 116485, 116573, 116578, 116583, 116607, 116708, 117285, 117353, 117360, 119258, 120087, 120899, 121318, 121761, 122663, 122673, 123442, 124126, 124906, 126897, 126906, 127012, 127407, 128223, 128408, 128445, 128487, 128547, 128561, 128712, 129957, 130014, 130091, 131908, 134163, 134508, 135368, 135821, 137022, 137029, 138077, 139792, 139815, 140025, 140060, 140071, 141894, 142191, 142212, 142333, 143612, 145364, 146883, 148227, 148409, 148538, 149953, 151420, 151490, 151493, 151579, 151582, 151615, 151651, 151974, 152071, 152135, 152469, 152528, 152539, 152584, 152593, 152597, 152607, 152623, 152636, 152643, 152647, 152657, 152743, 152920, 153012, 155783, 155847, 155960, 156920, 157027, 159058, 159115, 159196, 159243, 159469, 159480, 159524, 159540, 159627, 159729, 160772, 162888, 163083, 163093, 164729, 165066, 165189, 165889, 167734, 167742, 170086, 170332, 170609, 171395, 172056, 172060, 172350, 172426, 172474, 172478, 173454, 173817, 173819, 175646, 176799, 177690, 177712, 178212, 179463, 179768, 180671, 181154, 181845, 182338, 182357, 182363, 182372, 182530, 182544, 182574, 182585, 182652, 182666, 182774, 182843, 182859, 182907, 182927, 183104, 183200, 183282, 183285, 183296, 183320, 183359, 183382, 183443, 183496, 183501, 183511, 183585, 184868, 184937, 184946, 185519, 185535, 186245, 186257, 186452, 186637, 186950, 186965, 188072, 189309, 189337, 189341, 189794, 190285, 190315, 190479, 190916, 191508, 191544, 191610, 191640, 191685, 191769, 192008, 192375, 192618, 192632, 192662, 192757, 192844, 192875, 193332, 193654, 193690, 193798, 193851, 193868, 193932, 194034, 194232, 194372, 194444, 194660, 194708, 194862, 194998, 195111, 195239, 195310, 195455, 195619, 195717, 195737, 195863, 195951, 195991, 196304, 196364, 196563, 196679, 196914, 197158, 197848, 198007, 198027, 198243, 198318, 198470, 198550, 198561, 198683, 198692, 199098, 199106, 199523, 199614, 199711, 199750, 199820, 199839, 199919, 201023, 201169, 201248, 201304, 201534, 201827, 202124, 202275, 202379, 202589, 203196, 203209, 203233, 203625, 203746, 203751, 203762, 203764, 203768, 203771, 203775, 203778, 203779, 203783, 203788, 203791, 203795, 203798, 203802, 203805, 203808, 203812, 204007, 204076, 204089, 204145, 204193, 204304]
26,8,[2604, 21909, 54813, 55015, 55117, 60155, 62366, 64335]
27,13,[2449, 5832, 30820, 30908, 64318, 66293, 66329, 67480, 84741, 84963, 90982, 91417, 98025]
29,4,[9697, 9819, 9947, 10069]
30,143,[6223, 6474, 6490, 10243, 13593, 16329, 47865, 48216, 48454, 55469, 56480, 79153, 86134, 88230, 88405, 93830, 102978, 103292, 103305, 103322, 103337, 103858, 105008, 127980, 128166, 135301, 135411, 135782, 136088, 136224, 136455, 137492, 137496, 137515, 137525, 137564, 137638, 137668, 137941, 139204, 139450, 139496, 139551, 139621, 139627, 139823, 140256, 144233, 144347, 144389, 159467, 175678, 177200, 177317, 180109, 180114, 180120, 181201, 181517, 181530, 181902, 198687, 204899, 205272, 244207, 257047, 257206, 270708, 299662, 308773, 308882, 309859, 327538, 328403, 331189, 336115, 341092, 356683, 360473, 361942, 371372, 375419, 382004, 400515, 402995, 413065, 413435, 441721, 441728, 441735, 441742, 441780, 441894, 455150, 455719, 455725, 455799, 455807, 455816, 455821, 456225, 456247, 456679, 457350, 457379, 457529, 460082, 460090, 460562, 461036, 461054, 461383, 461544, 461585, 461862, 461970, 468287, 470086, 470120, 470229, 470275, 470371, 470406, 470683, 470691, 470794, 471077, 481247, 481302, 491108, 491500, 492550, 494117, 494252, 503064, 538226, 539730, 540372, 569654, 583007, 583015, 583875, 640298]
