10,32,[46017, 65413, 118743, 119505, 124955, 147556, 333418, 370961, 380657, 390498, 393189, 400130, 452475, 474000, 485330, 488789, 503762, 512319, 517708, 517724, 517734, 517776, 517810, 517996, 518009, 595131, 598488, 598492, 598496, 598500, 601986, 624548]
15,1,[125627]
18,1,[14268]
21,3,[7455, 8214, 27836]
22,2,[17219, 149988]
26,1,[57774]
30,32,[45919, 65310, 118632, 119394, 124844, 147443, 333259, 370798, 380494, 390335, 393023, 399964, 452305, 473830, 485166, 488628, 503593, 512150, 517536, 517552, 517562, 517604, 517638, 517824, 517837, 594940, 598297, 598301, 598305, 598309, 601789, 624294]
10,32,[46017, 65413, 118743, 119505, 124955, 147556, 333418, 370961, 380657, 390498, 393189, 400130, 452475, 474000, 485330, 488789, 503762, 512319, 517708, 517724, 517734, 517776, 517810, 517996, 518009, 595131, 598488, 598492, 598496, 598500, 601986, 624548]
15,1,[125627]
18,1,[14268]
21,3,[7455, 8214, 27836]
22,2,[17219, 149988]
26,1,[57774]
30,32,[45919, 65310, 118632, 119394, 124844, 147443, 333259, 370798, 380494, 390335, 393023, 399964, 452305, 473830, 485166, 488628, 503593, 512150, 517536, 517552, 517562, 517604, 517638, 517824, 517837, 594940, 598297, 598301, 598305, 598309, 601789, 624294]
