15,9,[36769, 52942, 87841, 113254, 114442, 117318, 149498, 164484, 168213]
16,1,[9462]
18,1,[111100]
19,2,[10480, 26106]
20,2,[1226, 14712]
22,7,[46272, 54618, 81952, 128455, 129528, 134336, 134784]
24,2,[22278, 29903]
26,2,[1590, 15321]
27,3,[18307, 77332, 85464]
15,9,[36769, 52942, 87841, 113254, 114442, 117318, 149498, 164484, 168213]
16,1,[9462]
18,1,[111100]
19,2,[10480, 26106]
20,2,[1226, 14712]
22,7,[46272, 54618, 81952, 128455, 129528, 134336, 134784]
24,2,[22278, 29903]
26,2,[1590, 15321]
27,3,[18307, 77332, 85464]
