10,6,[107707, 582288, 614672, 614854, 617053, 617825]
14,1,[93679]
15,8,[42827, 44705, 57432, 58009, 84111, 113125, 122604, 157060]
16,4,[1136, 2884, 21908, 24199]
22,1,[10977]
25,1,[89699]
27,3,[43136, 49792, 102413]
30,6,[107596, 582108, 614438, 614620, 616810, 617578]
10,6,[107707, 582288, 614672, 614854, 617053, 617825]
14,1,[93679]
15,8,[42827, 44705, 57432, 58009, 84111, 113125, 122604, 157060]
16,4,[1136, 2884, 21908, 24199]
22,1,[10977]
25,1,[89699]
27,3,[43136, 49792, 102413]
30,6,[107596, 582108, 614438, 614620, 616810, 617578]
