10,49,[2572, 5573, 5703, 33680, 119559, 119628, 126538, 191123, 195029, 202105, 273958, 291999, 300943, 301185, 303587, 304995, 306123, 309066, 313679, 314545, 314553, 347442, 351017, 361889, 374776, 374961, 374981, 376733, 377264, 411628, 430635, 431069, 431081, 486986, 513985, 520684, 526833, 555409, 574231, 578376, 592365, 592398, 593349, 599981, 601086, 602246, 602495, 611211, 617249]
11,3,[4159, 4601, 10668]
12,4,[1236, 19232, 22365, 22456]
13,4,[129, 1157, 1462, 2194]
15,4,[2886, 84026, 97298, 106726]
16,1,[28939]
17,6,[38805, 38841, 45221, 51013, 52612, 199382]
18,2,[35929, 132790]
19,2,[26505, 26648]
20,10,[7303, 11086, 18446, 18787, 25635, 35169, 40587, 45928, 46870, 49240]
21,5,[1763, 16086, 16804, 22438, 24627]
22,29,[9332, 19514, 53870, 72615, 73182, 79083, 80945, 81091, 81220, 81225, 81475, 81540, 81622, 82112, 82580, 82581, 82583, 82602, 82608, 82637, 82725, 82727, 82850, 82870, 82877, 83312, 83348, 104189, 104191]
23,6,[306, 523, 552, 1137, 9714, 23310]
24,3,[13645, 16377, 34459]
26,11,[7826, 11658, 19158, 19498, 26433, 36062, 41526, 46931, 47875, 50282, 63493]
27,18,[7901, 13999, 17895, 21790, 27861, 28068, 29099, 34087, 36763, 36765, 38009, 45230, 46811, 52783, 54380, 70119, 79534, 104794]
28,2,[886, 949]
30,49,[2479, 5479, 5609, 33582, 119448, 119517, 126427, 190991, 194897, 201963, 273802, 291843, 300785, 301027, 303429, 304837, 305965, 308908, 313520, 314386, 314394, 347283, 350858, 361729, 374613, 374798, 374818, 376570, 377101, 411462, 430465, 430899, 430911, 486823, 513816, 520512, 526661, 555231, 574051, 578196, 592174, 592207, 593158, 599784, 600889, 602049, 602298, 610994, 617006]
10,49,[2572, 5573, 5703, 33680, 119559, 119628, 126538, 191123, 195029, 202105, 273958, 291999, 300943, 301185, 303587, 304995, 306123, 309066, 313679, 314545, 314553, 347442, 351017, 361889, 374776, 374961, 374981, 376733, 377264, 411628, 430635, 431069, 431081, 486986, 513985, 520684, 526833, 555409, 574231, 578376, 592365, 592398, 593349, 599981, 601086, 602246, 602495, 611211, 617249]
11,3,[4159, 4601, 10668]
12,4,[1236, 19232, 22365, 22456]
13,4,[129, 1157, 1462, 2194]
15,4,[2886, 84026, 97298, 106726]
16,1,[28939]
17,6,[38805, 38841, 45221, 51013, 52612, 199382]
18,2,[35929, 132790]
19,2,[26505, 26648]
20,10,[7303, 11086, 18446, 18787, 25635, 35169, 40587, 45928, 46870, 49240]
21,5,[1763, 16086, 16804, 22438, 24627]
22,29,[9332, 19514, 53870, 72615, 73182, 79083, 80945, 81091, 81220, 81225, 81475, 81540, 81622, 82112, 82580, 82581, 82583, 82602, 82608, 82637, 82725, 82727, 82850, 82870, 82877, 83312, 83348, 104189, 104191]
23,6,[306, 523, 552, 1137, 9714, 23310]
24,3,[13645, 16377, 34459]
26,11,[7826, 11658, 19158, 19498, 26433, 36062, 41526, 46931, 47875, 50282, 63493]
27,18,[7901, 13999, 17895, 21790, 27861, 28068, 29099, 34087, 36763, 36765, 38009, 45230, 46811, 52783, 54380, 70119, 79534, 104794]
28,2,[886, 949]
30,49,[2479, 5479, 5609, 33582, 119448, 119517, 126427, 190991, 194897, 201963, 273802, 291843, 300785, 301027, 303429, 304837, 305965, 308908, 313520, 314386, 314394, 347283, 350858, 361729, 374613, 374798, 374818, 376570, 377101, 411462, 430465, 430899, 430911, 486823, 513816, 520512, 526661, 555231, 574051, 578196, 592174, 592207, 593158, 599784, 600889, 602049, 602298, 610994, 617006]
