11,1,[18211]
12,1,[15779]
13,1,[3501]
15,11,[10253, 11119, 27206, 53776, 58370, 58611, 87539, 119147, 149357, 160798, 161565]
16,1,[16570]
19,3,[15538, 17801, 17940]
22,18,[104, 129, 13911, 73358, 77095, 81071, 85530, 85600, 88462, 102699, 103375, 119418, 133361, 139141, 160914, 160941, 160942, 161468]
23,2,[10548, 16259]
11,1,[18211]
12,1,[15779]
13,1,[3501]
15,11,[10253, 11119, 27206, 53776, 58370, 58611, 87539, 119147, 149357, 160798, 161565]
16,1,[16570]
19,3,[15538, 17801, 17940]
22,18,[104, 129, 13911, 73358, 77095, 81071, 85530, 85600, 88462, 102699, 103375, 119418, 133361, 139141, 160914, 160941, 160942, 161468]
23,2,[10548, 16259]
