10,31,[26901, 46879, 51463, 51665, 51673, 54530, 56412, 208218, 208416, 208428, 208770, 234651, 244467, 244478, 260280, 260490, 260843, 264015, 274214, 362027, 362086, 362108, 362346, 362430, 363099, 380006, 446628, 527683, 548241, 548270, 563164]
14,3,[69947, 150803, 163489]
15,2,[47321, 116572]
24,1,[30337]
25,4,[66745, 144488, 144547, 156696]
30,31,[26807, 46781, 51365, 51567, 51575, 54431, 56313, 208076, 208274, 208286, 208628, 234501, 244314, 244325, 260124, 260334, 260687, 263859, 274058, 361867, 361926, 361948, 362186, 362270, 362939, 379843, 446458, 527511, 548066, 548095, 562986]
10,31,[26901, 46879, 51463, 51665, 51673, 54530, 56412, 208218, 208416, 208428, 208770, 234651, 244467, 244478, 260280, 260490, 260843, 264015, 274214, 362027, 362086, 362108, 362346, 362430, 363099, 380006, 446628, 527683, 548241, 548270, 563164]
14,3,[69947, 150803, 163489]
15,2,[47321, 116572]
24,1,[30337]
25,4,[66745, 144488, 144547, 156696]
30,31,[26807, 46781, 51365, 51567, 51575, 54431, 56313, 208076, 208274, 208286, 208628, 234501, 244314, 244325, 260124, 260334, 260687, 263859, 274058, 361867, 361926, 361948, 362186, 362270, 362939, 379843, 446458, 527511, 548066, 548095, 562986]
