10,287,[6166, 9093, 9965, 10742, 10759, 13469, 16468, 25279, 27479, 33674, 34099, 36863, 37419, 38176, 43594, 52466, 52963, 53443, 54324, 64459, 78921, 86711, 87765, 87770, 89016, 89230, 89974, 94092, 95686, 96023, 96058, 105256, 109327, 109338, 109871, 114290, 117465, 117470, 117558, 117581, 117586, 122127, 131318, 141747, 160617, 162209, 163631, 175388, 178899, 183642, 184132, 186149, 186573, 186727, 186837, 191104, 193106, 201207, 210103, 210836, 211076, 211992, 215145, 217627, 218815, 218918, 219988, 221712, 224660, 233888, 234556, 234826, 248894, 249033, 256618, 258216, 258437, 261176, 264950, 265054, 277331, 281808, 284251, 295059, 295430, 303601, 307102, 307354, 307416, 308184, 310111, 310841, 310864, 310912, 321772, 323874, 324205, 324936, 330873, 336868, 336976, 338313, 350385, 354198, 359294, 363004, 363136, 363497, 370221, 370232, 371833, 372371, 372430, 372808, 373404, 376417, 379086, 379667, 379814, 380177, 380282, 383733, 384128, 384874, 384895, 389163, 389218, 394100, 395211, 398339, 400593, 406275, 406585, 406631, 407072, 408337, 408935, 410243, 410490, 412712, 413827, 414921, 415041, 415152, 415232, 416576, 420365, 420650, 421992, 426382, 432441, 432497, 432562, 436168, 436295, 436306, 436315, 436972, 439576, 439684, 442709, 443013, 443332, 444204, 444854, 445715, 445959, 447159, 448460, 451703, 452144, 452354, 452410, 453125, 453493, 454314, 454364, 454624, 454693, 465589, 469907, 469995, 470091, 473819, 474593, 475254, 477252, 478292, 478420, 479238, 481233, 481410, 483643, 484489, 492822, 495884, 496529, 496918, 496980, 497102, 497130, 497646, 500195, 502764, 504095, 508843, 510186, 511299, 513853, 514173, 514642, 516230, 518855, 524245, 525203, 525766, 528016, 529891, 529920, 538930, 538940, 543754, 544367, 545092, 548695, 548924, 551818, 555757, 557201, 557694, 558807, 558819, 559882, 560051, 560161, 560365, 560470, 560901, 561045, 561575, 561978, 562001, 563564, 564301, 564615, 565223, 566202, 566276, 569796, 570653, 573785, 573889, 573912, 575641, 578156, 578238, 578912, 580659, 582898, 583154, 583599, 584268, 584315, 584333, 584594, 586297, 590748, 591216, 595930, 597337, 600302, 617967, 618234, 618257, 618666, 619012, 619975, 620237, 620898, 622810, 623103, 625004, 626825, 627585, 628056, 631201, 631233]
11,1,[12424]
12,5,[3612, 5634, 12654, 19752, 19779]
13,2,[2068, 3321]
14,35,[11533, 15485, 21529, 28074, 35659, 43195, 48968, 67159, 71169, 72772, 75799, 80943, 80988, 82543, 85982, 89456, 92723, 98141, 108981, 109745, 111848, 121868, 124588, 131123, 134719, 137066, 137071, 156699, 162871, 162875, 162882, 164781, 178777, 184389, 186395]
15,13,[9333, 34196, 40045, 54434, 61622, 72733, 72866, 73563, 86265, 106725, 137581, 146244, 161022]
16,4,[18590, 21517, 21524, 22159]
17,253,[271, 485, 553, 2023, 2686, 2987, 3130, 3153, 4384, 5148, 5248, 6379, 6509, 6832, 6969, 7174, 7478, 7493, 8041, 11011, 11020, 11774, 11899, 12297, 12849, 12873, 12953, 15723, 15741, 15833, 16118, 16615, 17276, 17428, 18579, 18599, 18611, 19785, 23130, 24062, 24082, 24424, 24489, 26020, 26067, 26169, 27714, 28109, 28126, 28338, 28641, 29024, 29037, 29482, 29623, 29899, 36824, 36910, 37030, 37099, 37666, 37721, 37813, 38072, 38084, 39900, 40641, 42012, 42317, 42392, 42960, 43718, 45658, 50430, 50744, 50750, 51270, 51397, 55244, 56560, 57205, 57307, 57326, 57374, 57528, 57613, 58390, 58396, 58665, 58709, 58902, 59080, 59186, 59615, 59834, 59850, 59869, 59937, 59988, 60018, 64998, 65033, 65558, 66291, 66305, 67001, 68296, 68804, 68888, 68978, 68998, 69946, 73011, 76603, 78165, 85613, 85944, 86260, 86268, 86300, 86331, 86410, 86691, 87054, 87371, 87438, 88169, 88463, 88535, 90223, 90640, 91168, 91705, 91721, 91730, 91766, 91790, 91800, 92922, 93247, 93328, 93495, 93966, 94001, 94048, 94122, 95018, 95447, 95828, 95926, 96662, 100106, 100887, 100991, 103518, 103526, 105024, 105801, 110345, 111887, 112085, 116630, 116654, 116665, 117066, 117073, 117299, 117329, 117372, 117525, 118637, 118689, 119842, 121170, 123347, 123353, 123383, 123436, 123572, 123625, 123706, 124025, 127591, 128216, 143217, 144807, 151492, 152120, 157978, 158357, 158366, 158383, 158914, 158992, 159050, 159074, 159534, 160463, 160504, 161007, 164499, 165026, 165686, 166483, 166513, 166985, 167048, 167232, 167302, 168163, 169631, 171014, 171073, 175595, 176286, 177057, 177072, 178542, 178561, 178780, 179463, 179546, 180573, 180675, 180796, 181747, 181966, 182624, 182633, 183225, 184021, 186703, 187238, 187395, 188701, 188948, 189834, 189867, 197759, 198814, 200139, 202796, 203116, 208089, 209463, 210732, 210905, 212132, 212184, 214985, 216270, 217162, 217512]
18,1,[53860]
19,1,[779]
21,2,[4995, 33889]
22,17,[73821, 74470, 74860, 78091, 82337, 82798, 105946, 105948, 136133, 141305, 145421, 145423, 145425, 145686, 152604, 152606, 152752]
23,4,[12422, 12525, 20821, 29287]
24,1,[37066]
25,35,[11662, 15398, 21087, 27188, 34294, 41434, 47056, 64072, 67868, 69313, 72187, 77247, 77292, 78821, 82338, 85743, 88814, 94034, 104452, 105151, 107254, 116790, 119363, 125472, 128939, 131235, 131240, 150025, 156060, 156064, 156071, 157920, 171424, 176847, 178760]
26,1,[13171]
27,11,[10113, 18750, 23396, 34404, 48232, 49993, 50812, 68054, 97258, 97751, 106391]
30,287,[6072, 8999, 9871, 10648, 10665, 13375, 16374, 25185, 27385, 33576, 34001, 36765, 37321, 38078, 43496, 52368, 52864, 53344, 54225, 64356, 78814, 86604, 87658, 87663, 88909, 89123, 89867, 93985, 95579, 95916, 95951, 105145, 109216, 109227, 109760, 114179, 117354, 117359, 117447, 117470, 117475, 122016, 131206, 141635, 160503, 162086, 163508, 175265, 178776, 183510, 184000, 186017, 186441, 186595, 186705, 190972, 192974, 201065, 209961, 210694, 210934, 211850, 215003, 217487, 218675, 218778, 219838, 221562, 224510, 233738, 234406, 234676, 248741, 248880, 256462, 258060, 258281, 261020, 264794, 264898, 277175, 281653, 284095, 294902, 295273, 303443, 306944, 307196, 307258, 308026, 309953, 310683, 310706, 310754, 321613, 323715, 324046, 324777, 330714, 336709, 336817, 338154, 350226, 354039, 359134, 362844, 362973, 363334, 370058, 370069, 371670, 372208, 372267, 372645, 373241, 376254, 378923, 379504, 379651, 380014, 380119, 383570, 383965, 384711, 384732, 389000, 389055, 393934, 395045, 398173, 400427, 406109, 406419, 406465, 406906, 408171, 408769, 410077, 410324, 412546, 413661, 414755, 414875, 414986, 415066, 416410, 420199, 420484, 421826, 426216, 432271, 432327, 432392, 435998, 436125, 436136, 436145, 436802, 439406, 439514, 442539, 442843, 443162, 444034, 444684, 445545, 445789, 446989, 448290, 451533, 451974, 452184, 452240, 452955, 453323, 454144, 454194, 454454, 454523, 465418, 469736, 469824, 469920, 473649, 474423, 475084, 477083, 478124, 478252, 479070, 481066, 481243, 483478, 484324, 492662, 495725, 496360, 496749, 496811, 496933, 496961, 497477, 500026, 502595, 503926, 508674, 510017, 511130, 513684, 514004, 514473, 516058, 518683, 524073, 525031, 525594, 527844, 529716, 529745, 538755, 538765, 543579, 544192, 544917, 548520, 548749, 551640, 555579, 557023, 557516, 558629, 558641, 559704, 559873, 559983, 560187, 560292, 560723, 560867, 561397, 561800, 561823, 563386, 564123, 564435, 565043, 566022, 566096, 569616, 570473, 573605, 573709, 573732, 575461, 577976, 578058, 578732, 580479, 582718, 582974, 583419, 584088, 584135, 584153, 584409, 586112, 590563, 591031, 595739, 597146, 600105, 617715, 617982, 618005, 618414, 618760, 619723, 619985, 620646, 622558, 622851, 624750, 626568, 627325, 627796, 630930, 630962]
10,287,[6166, 9093, 9965, 10742, 10759, 13469, 16468, 25279, 27479, 33674, 34099, 36863, 37419, 38176, 43594, 52466, 52963, 53443, 54324, 64459, 78921, 86711, 87765, 87770, 89016, 89230, 89974, 94092, 95686, 96023, 96058, 105256, 109327, 109338, 109871, 114290, 117465, 117470, 117558, 117581, 117586, 122127, 131318, 141747, 160617, 162209, 163631, 175388, 178899, 183642, 184132, 186149, 186573, 186727, 186837, 191104, 193106, 201207, 210103, 210836, 211076, 211992, 215145, 217627, 218815, 218918, 219988, 221712, 224660, 233888, 234556, 234826, 248894, 249033, 256618, 258216, 258437, 261176, 264950, 265054, 277331, 281808, 284251, 295059, 295430, 303601, 307102, 307354, 307416, 308184, 310111, 310841, 310864, 310912, 321772, 323874, 324205, 324936, 330873, 336868, 336976, 338313, 350385, 354198, 359294, 363004, 363136, 363497, 370221, 370232, 371833, 372371, 372430, 372808, 373404, 376417, 379086, 379667, 379814, 380177, 380282, 383733, 384128, 384874, 384895, 389163, 389218, 394100, 395211, 398339, 400593, 406275, 406585, 406631, 407072, 408337, 408935, 410243, 410490, 412712, 413827, 414921, 415041, 415152, 415232, 416576, 420365, 420650, 421992, 426382, 432441, 432497, 432562, 436168, 436295, 436306, 436315, 436972, 439576, 439684, 442709, 443013, 443332, 444204, 444854, 445715, 445959, 447159, 448460, 451703, 452144, 452354, 452410, 453125, 453493, 454314, 454364, 454624, 454693, 465589, 469907, 469995, 470091, 473819, 474593, 475254, 477252, 478292, 478420, 479238, 481233, 481410, 483643, 484489, 492822, 495884, 496529, 496918, 496980, 497102, 497130, 497646, 500195, 502764, 504095, 508843, 510186, 511299, 513853, 514173, 514642, 516230, 518855, 524245, 525203, 525766, 528016, 529891, 529920, 538930, 538940, 543754, 544367, 545092, 548695, 548924, 551818, 555757, 557201, 557694, 558807, 558819, 559882, 560051, 560161, 560365, 560470, 560901, 561045, 561575, 561978, 562001, 563564, 564301, 564615, 565223, 566202, 566276, 569796, 570653, 573785, 573889, 573912, 575641, 578156, 578238, 578912, 580659, 582898, 583154, 583599, 584268, 584315, 584333, 584594, 586297, 590748, 591216, 595930, 597337, 600302, 617967, 618234, 618257, 618666, 619012, 619975, 620237, 620898, 622810, 623103, 625004, 626825, 627585, 628056, 631201, 631233]
11,1,[12424]
12,5,[3612, 5634, 12654, 19752, 19779]
13,2,[2068, 3321]
14,35,[11533, 15485, 21529, 28074, 35659, 43195, 48968, 67159, 71169, 72772, 75799, 80943, 80988, 82543, 85982, 89456, 92723, 98141, 108981, 109745, 111848, 121868, 124588, 131123, 134719, 137066, 137071, 156699, 162871, 162875, 162882, 164781, 178777, 184389, 186395]
15,13,[9333, 34196, 40045, 54434, 61622, 72733, 72866, 73563, 86265, 106725, 137581, 146244, 161022]
16,4,[18590, 21517, 21524, 22159]
17,253,[271, 485, 553, 2023, 2686, 2987, 3130, 3153, 4384, 5148, 5248, 6379, 6509, 6832, 6969, 7174, 7478, 7493, 8041, 11011, 11020, 11774, 11899, 12297, 12849, 12873, 12953, 15723, 15741, 15833, 16118, 16615, 17276, 17428, 18579, 18599, 18611, 19785, 23130, 24062, 24082, 24424, 24489, 26020, 26067, 26169, 27714, 28109, 28126, 28338, 28641, 29024, 29037, 29482, 29623, 29899, 36824, 36910, 37030, 37099, 37666, 37721, 37813, 38072, 38084, 39900, 40641, 42012, 42317, 42392, 42960, 43718, 45658, 50430, 50744, 50750, 51270, 51397, 55244, 56560, 57205, 57307, 57326, 57374, 57528, 57613, 58390, 58396, 58665, 58709, 58902, 59080, 59186, 59615, 59834, 59850, 59869, 59937, 59988, 60018, 64998, 65033, 65558, 66291, 66305, 67001, 68296, 68804, 68888, 68978, 68998, 69946, 73011, 76603, 78165, 85613, 85944, 86260, 86268, 86300, 86331, 86410, 86691, 87054, 87371, 87438, 88169, 88463, 88535, 90223, 90640, 91168, 91705, 91721, 91730, 91766, 91790, 91800, 92922, 93247, 93328, 93495, 93966, 94001, 94048, 94122, 95018, 95447, 95828, 95926, 96662, 100106, 100887, 100991, 103518, 103526, 105024, 105801, 110345, 111887, 112085, 116630, 116654, 116665, 117066, 117073, 117299, 117329, 117372, 117525, 118637, 118689, 119842, 121170, 123347, 123353, 123383, 123436, 123572, 123625, 123706, 124025, 127591, 128216, 143217, 144807, 151492, 152120, 157978, 158357, 158366, 158383, 158914, 158992, 159050, 159074, 159534, 160463, 160504, 161007, 164499, 165026, 165686, 166483, 166513, 166985, 167048, 167232, 167302, 168163, 169631, 171014, 171073, 175595, 176286, 177057, 177072, 178542, 178561, 178780, 179463, 179546, 180573, 180675, 180796, 181747, 181966, 182624, 182633, 183225, 184021, 186703, 187238, 187395, 188701, 188948, 189834, 189867, 197759, 198814, 200139, 202796, 203116, 208089, 209463, 210732, 210905, 212132, 212184, 214985, 216270, 217162, 217512]
18,1,[53860]
19,1,[779]
21,2,[4995, 33889]
22,17,[73821, 74470, 74860, 78091, 82337, 82798, 105946, 105948, 136133, 141305, 145421, 145423, 145425, 145686, 152604, 152606, 152752]
23,4,[12422, 12525, 20821, 29287]
24,1,[37066]
25,35,[11662, 15398, 21087, 27188, 34294, 41434, 47056, 64072, 67868, 69313, 72187, 77247, 77292, 78821, 82338, 85743, 88814, 94034, 104452, 105151, 107254, 116790, 119363, 125472, 128939, 131235, 131240, 150025, 156060, 156064, 156071, 157920, 171424, 176847, 178760]
26,1,[13171]
27,11,[10113, 18750, 23396, 34404, 48232, 49993, 50812, 68054, 97258, 97751, 106391]
30,287,[6072, 8999, 9871, 10648, 10665, 13375, 16374, 25185, 27385, 33576, 34001, 36765, 37321, 38078, 43496, 52368, 52864, 53344, 54225, 64356, 78814, 86604, 87658, 87663, 88909, 89123, 89867, 93985, 95579, 95916, 95951, 105145, 109216, 109227, 109760, 114179, 117354, 117359, 117447, 117470, 117475, 122016, 131206, 141635, 160503, 162086, 163508, 175265, 178776, 183510, 184000, 186017, 186441, 186595, 186705, 190972, 192974, 201065, 209961, 210694, 210934, 211850, 215003, 217487, 218675, 218778, 219838, 221562, 224510, 233738, 234406, 234676, 248741, 248880, 256462, 258060, 258281, 261020, 264794, 264898, 277175, 281653, 284095, 294902, 295273, 303443, 306944, 307196, 307258, 308026, 309953, 310683, 310706, 310754, 321613, 323715, 324046, 324777, 330714, 336709, 336817, 338154, 350226, 354039, 359134, 362844, 362973, 363334, 370058, 370069, 371670, 372208, 372267, 372645, 373241, 376254, 378923, 379504, 379651, 380014, 380119, 383570, 383965, 384711, 384732, 389000, 389055, 393934, 395045, 398173, 400427, 406109, 406419, 406465, 406906, 408171, 408769, 410077, 410324, 412546, 413661, 414755, 414875, 414986, 415066, 416410, 420199, 420484, 421826, 426216, 432271, 432327, 432392, 435998, 436125, 436136, 436145, 436802, 439406, 439514, 442539, 442843, 443162, 444034, 444684, 445545, 445789, 446989, 448290, 451533, 451974, 452184, 452240, 452955, 453323, 454144, 454194, 454454, 454523, 465418, 469736, 469824, 469920, 473649, 474423, 475084, 477083, 478124, 478252, 479070, 481066, 481243, 483478, 484324, 492662, 495725, 496360, 496749, 496811, 496933, 496961, 497477, 500026, 502595, 503926, 508674, 510017, 511130, 513684, 514004, 514473, 516058, 518683, 524073, 525031, 525594, 527844, 529716, 529745, 538755, 538765, 543579, 544192, 544917, 548520, 548749, 551640, 555579, 557023, 557516, 558629, 558641, 559704, 559873, 559983, 560187, 560292, 560723, 560867, 561397, 561800, 561823, 563386, 564123, 564435, 565043, 566022, 566096, 569616, 570473, 573605, 573709, 573732, 575461, 577976, 578058, 578732, 580479, 582718, 582974, 583419, 584088, 584135, 584153, 584409, 586112, 590563, 591031, 595739, 597146, 600105, 617715, 617982, 618005, 618414, 618760, 619723, 619985, 620646, 622558, 622851, 624750, 626568, 627325, 627796, 630930, 630962]
