20,1,[37123]
21,31,[325, 516, 927, 1000, 1316, 6124, 10785, 10787, 13984, 13987, 14034, 14065, 14083, 14198, 14210, 21538, 21544, 23105, 23116, 23140, 23162, 23181, 29115, 29118, 29166, 33912, 35192, 35717, 35729, 35733, 35737]
22,7,[48181, 48226, 48878, 123314, 125639, 133064, 144570]
24,1,[27631]
26,1,[38038]
27,1,[5412]
28,8,[184, 2614, 2631, 6151, 6160, 6171, 6181, 6241]
20,1,[37123]
21,31,[325, 516, 927, 1000, 1316, 6124, 10785, 10787, 13984, 13987, 14034, 14065, 14083, 14198, 14210, 21538, 21544, 23105, 23116, 23140, 23162, 23181, 29115, 29118, 29166, 33912, 35192, 35717, 35729, 35733, 35737]
22,7,[48181, 48226, 48878, 123314, 125639, 133064, 144570]
24,1,[27631]
26,1,[38038]
27,1,[5412]
28,8,[184, 2614, 2631, 6151, 6160, 6171, 6181, 6241]
