12,1,[7436]
14,1,[26370]
15,11,[7249, 26395, 30869, 32976, 33383, 33774, 40026, 88987, 129761, 158287, 160370]
19,3,[5447, 10187, 18298]
22,10,[254, 9369, 16497, 16527, 39774, 39776, 44407, 63915, 89000, 132887]
23,2,[16827, 28901]
25,3,[25572, 84316, 180563]
27,11,[5020, 8332, 9907, 18953, 26738, 43505, 57186, 58427, 62014, 84252, 85020]
12,1,[7436]
14,1,[26370]
15,11,[7249, 26395, 30869, 32976, 33383, 33774, 40026, 88987, 129761, 158287, 160370]
19,3,[5447, 10187, 18298]
22,10,[254, 9369, 16497, 16527, 39774, 39776, 44407, 63915, 89000, 132887]
23,2,[16827, 28901]
25,3,[25572, 84316, 180563]
27,11,[5020, 8332, 9907, 18953, 26738, 43505, 57186, 58427, 62014, 84252, 85020]
