10,31,[4295, 4336, 19386, 38078, 42694, 91513, 91550, 96971, 112232, 134687, 175283, 177717, 181528, 193417, 199218, 199341, 219089, 221559, 229068, 230416, 250808, 265229, 309269, 335971, 373545, 429465, 449214, 488886, 488892, 531876, 577846]
15,7,[8700, 33062, 79477, 97174, 130687, 135140, 148448]
16,6,[18569, 20247, 23278, 23564, 27150, 30849]
19,1,[8157]
21,2,[22316, 30475]
22,2,[129157, 132320]
24,8,[9424, 9465, 15748, 17351, 21990, 35703, 41685, 43620]
26,2,[11357, 11793]
27,3,[30000, 65198, 105778]
30,31,[4201, 4242, 19292, 37980, 42596, 91406, 91443, 96864, 112121, 134575, 175160, 177594, 181405, 193285, 199086, 199209, 218949, 221409, 228918, 230266, 250655, 265073, 309111, 335812, 373382, 429298, 449044, 488725, 488731, 531701, 577666]
10,31,[4295, 4336, 19386, 38078, 42694, 91513, 91550, 96971, 112232, 134687, 175283, 177717, 181528, 193417, 199218, 199341, 219089, 221559, 229068, 230416, 250808, 265229, 309269, 335971, 373545, 429465, 449214, 488886, 488892, 531876, 577846]
15,7,[8700, 33062, 79477, 97174, 130687, 135140, 148448]
16,6,[18569, 20247, 23278, 23564, 27150, 30849]
19,1,[8157]
21,2,[22316, 30475]
22,2,[129157, 132320]
24,8,[9424, 9465, 15748, 17351, 21990, 35703, 41685, 43620]
26,2,[11357, 11793]
27,3,[30000, 65198, 105778]
30,31,[4201, 4242, 19292, 37980, 42596, 91406, 91443, 96864, 112121, 134575, 175160, 177594, 181405, 193285, 199086, 199209, 218949, 221409, 228918, 230266, 250655, 265073, 309111, 335812, 373382, 429298, 449044, 488725, 488731, 531701, 577666]
