10,2,[120728, 472725]
15,3,[101650, 115804, 147367]
16,3,[4872, 11606, 30248]
17,5,[77442, 79607, 80284, 98261, 153252]
21,2,[11358, 22320]
22,3,[120598, 122775, 122776]
23,5,[6768, 13903, 14748, 29437, 30706]
27,2,[18973, 18975]
28,1,[7382]
30,2,[120617, 472555]
10,2,[120728, 472725]
15,3,[101650, 115804, 147367]
16,3,[4872, 11606, 30248]
17,5,[77442, 79607, 80284, 98261, 153252]
21,2,[11358, 22320]
22,3,[120598, 122775, 122776]
23,5,[6768, 13903, 14748, 29437, 30706]
27,2,[18973, 18975]
28,1,[7382]
30,2,[120617, 472555]
