10,1,[583482]
15,54,[1510, 3246, 3271, 19622, 21031, 21343, 24184, 41016, 41035, 41279, 45089, 49183, 52357, 67176, 67188, 68234, 68305, 69046, 69681, 73105, 74563, 86517, 88377, 88547, 90266, 96544, 97255, 98149, 100006, 107697, 120066, 129911, 133319, 135418, 147133, 149614, 152133, 152411, 155615, 155824, 156918, 158073, 158266, 158605, 160951, 162752, 165190, 165404, 165563, 165713, 166033, 166745, 170847, 170983]
16,4,[9726, 14030, 28800, 32009]
18,1,[123392]
19,2,[1299, 9023]
20,5,[21785, 22098, 29441, 42375, 54970]
21,1,[26761]
22,9,[28039, 31975, 37063, 58583, 67853, 85497, 115711, 145717, 150707]
23,2,[17387, 22152]
24,1,[2157]
26,5,[22535, 22853, 30284, 43303, 56132]
27,5,[13354, 20733, 32429, 46814, 87803]
30,1,[583302]
10,1,[583482]
15,54,[1510, 3246, 3271, 19622, 21031, 21343, 24184, 41016, 41035, 41279, 45089, 49183, 52357, 67176, 67188, 68234, 68305, 69046, 69681, 73105, 74563, 86517, 88377, 88547, 90266, 96544, 97255, 98149, 100006, 107697, 120066, 129911, 133319, 135418, 147133, 149614, 152133, 152411, 155615, 155824, 156918, 158073, 158266, 158605, 160951, 162752, 165190, 165404, 165563, 165713, 166033, 166745, 170847, 170983]
16,4,[9726, 14030, 28800, 32009]
18,1,[123392]
19,2,[1299, 9023]
20,5,[21785, 22098, 29441, 42375, 54970]
21,1,[26761]
22,9,[28039, 31975, 37063, 58583, 67853, 85497, 115711, 145717, 150707]
23,2,[17387, 22152]
24,1,[2157]
26,5,[22535, 22853, 30284, 43303, 56132]
27,5,[13354, 20733, 32429, 46814, 87803]
30,1,[583302]
