10,13,[7472, 27078, 27434, 27511, 213474, 508276, 534710, 539641, 541936, 541969, 541972, 542070, 616999]
15,18,[31659, 32901, 40229, 46187, 47224, 47426, 47658, 51141, 51913, 66651, 78055, 78446, 99198, 99249, 99344, 99362, 99391, 149824]
18,1,[104016]
22,3,[36146, 104138, 124578]
30,13,[7378, 26984, 27340, 27417, 213332, 508107, 534535, 539466, 541761, 541794, 541797, 541895, 616756]
10,13,[7472, 27078, 27434, 27511, 213474, 508276, 534710, 539641, 541936, 541969, 541972, 542070, 616999]
15,18,[31659, 32901, 40229, 46187, 47224, 47426, 47658, 51141, 51913, 66651, 78055, 78446, 99198, 99249, 99344, 99362, 99391, 149824]
18,1,[104016]
22,3,[36146, 104138, 124578]
30,13,[7378, 26984, 27340, 27417, 213332, 508107, 534535, 539466, 541761, 541794, 541797, 541895, 616756]
