10,22,[43723, 44962, 45004, 45059, 90313, 132641, 132653, 210359, 217899, 217911, 217923, 261430, 268551, 509484, 554779, 567604, 569318, 569336, 574405, 602777, 622380, 622830]
17,11,[1464, 96980, 109502, 117050, 121812, 163709, 164015, 173485, 174446, 175617, 205899]
22,1,[128045]
27,1,[72544]
30,22,[43625, 44864, 44906, 44961, 90206, 132529, 132541, 210217, 217759, 217771, 217783, 261274, 268395, 509315, 554601, 567424, 569138, 569156, 574225, 602580, 622128, 622578]
10,22,[43723, 44962, 45004, 45059, 90313, 132641, 132653, 210359, 217899, 217911, 217923, 261430, 268551, 509484, 554779, 567604, 569318, 569336, 574405, 602777, 622380, 622830]
17,11,[1464, 96980, 109502, 117050, 121812, 163709, 164015, 173485, 174446, 175617, 205899]
22,1,[128045]
27,1,[72544]
30,22,[43625, 44864, 44906, 44961, 90206, 132529, 132541, 210217, 217759, 217771, 217783, 261274, 268395, 509315, 554601, 567424, 569138, 569156, 574225, 602580, 622128, 622578]
