10,339,[8731, 8868, 9146, 10057, 11940, 12007, 12989, 16375, 22452, 22458, 24768, 24804, 25077, 25640, 26984, 28114, 28125, 32329, 32644, 34542, 36805, 40633, 41117, 43087, 43825, 44319, 44368, 52757, 53208, 53237, 53674, 63769, 87646, 87830, 90852, 91015, 91502, 95175, 95240, 95286, 95767, 96004, 98371, 107760, 108780, 126073, 130007, 130059, 130131, 130332, 130347, 131043, 133562, 134682, 134705, 135810, 140897, 141719, 145962, 148310, 149213, 150361, 151013, 151234, 155827, 156629, 156666, 158603, 162453, 163587, 164386, 165179, 167656, 172093, 172202, 172209, 172302, 172719, 173388, 176442, 176709, 179621, 182623, 183551, 183595, 183664, 190378, 191496, 193891, 194612, 196190, 196222, 196245, 196306, 198221, 200018, 202244, 202278, 205021, 206045, 206218, 207165, 208642, 208649, 210011, 210086, 210768, 211392, 211396, 216068, 218756, 220223, 220230, 220383, 221201, 221685, 221756, 222738, 222903, 223178, 225006, 225906, 226532, 226695, 227704, 227796, 229158, 232840, 233134, 236140, 236184, 242003, 242057, 250264, 250609, 254336, 257010, 257183, 257940, 258078, 258260, 258303, 259375, 260717, 261095, 261158, 262342, 264888, 265625, 265824, 265991, 266019, 266109, 267709, 268516, 270707, 271809, 272524, 275930, 276301, 278373, 278550, 278802, 282953, 287476, 287771, 287785, 287838, 287900, 288288, 288300, 288331, 291161, 291166, 294387, 294618, 295339, 295564, 296370, 298355, 298356, 305960, 306524, 307267, 317515, 334630, 335877, 335962, 365533, 378090, 378364, 401440, 403610, 404118, 406204, 406283, 409344, 415703, 420343, 421325, 422729, 428073, 430533, 430535, 430641, 430661, 431512, 433836, 433850, 434150, 434481, 434508, 434577, 434817, 434819, 434850, 434879, 435492, 442409, 453386, 455345, 457870, 460714, 462648, 462736, 463443, 464042, 467721, 467863, 468252, 468607, 468634, 468733, 469911, 470028, 470160, 471521, 474707, 479915, 481277, 487062, 487179, 489784, 489826, 489856, 490407, 490418, 490475, 496772, 503344, 503442, 508729, 513973, 514210, 514828, 523323, 523494, 526420, 526627, 526806, 526818, 527428, 527491, 531351, 531780, 531917, 532862, 533002, 533951, 534402, 536459, 537515, 542765, 543334, 543821, 543993, 544297, 547480, 547894, 548132, 548312, 548865, 549637, 553061, 554487, 557949, 558484, 561669, 561847, 561900, 561916, 561983, 562026, 562851, 563384, 563597, 563751, 563930, 564641, 564752, 565931, 566815, 567728, 570246, 570897, 571291, 571549, 572092, 572381, 572757, 573331, 574419, 575519, 576608, 579827, 580104, 580347, 580504, 580538, 580707, 581585, 581870, 582104, 583332, 583377, 616766, 616783, 620721, 633439, 634341, 634379, 634566, 634580, 635662, 635923, 636235, 636581, 637020, 639152]
11,7,[5094, 8468, 12329, 12471, 12770, 13090, 15010]
12,16,[2694, 2700, 4304, 5245, 5294, 7046, 7123, 7260, 7498, 7929, 8346, 12359, 15678, 15846, 18903, 19417]
13,3,[1458, 3256, 4126]
14,3,[47748, 108397, 194322]
15,90,[5295, 5529, 5792, 6724, 7503, 8823, 8931, 9186, 9700, 10539, 20694, 20927, 21265, 23588, 24627, 29882, 30279, 30864, 32062, 33637, 33868, 38778, 39119, 39210, 39275, 40494, 49214, 51791, 51808, 52174, 53284, 65624, 66473, 66556, 66948, 68210, 71288, 72700, 72777, 72814, 75369, 76193, 76789, 77166, 80376, 80939, 82444, 85761, 89126, 90618, 91715, 96041, 97252, 105163, 108722, 111373, 118438, 126702, 129685, 129856, 133673, 134124, 134532, 134549, 135446, 137418, 141474, 150037, 152892, 153282, 155081, 155797, 156962, 156974, 157768, 159406, 160225, 160755, 161378, 161421, 161607, 161949, 162290, 162980, 163222, 167111, 168203, 169103, 169861, 173341]
16,22,[1631, 1777, 3559, 9161, 12802, 13011, 13636, 13753, 18048, 18095, 18156, 25620, 26779, 26817, 27084, 27219, 28228, 32070, 32540, 32654, 35178, 37700]
17,64,[1096, 2938, 5347, 5645, 5846, 5961, 5979, 6017, 6149, 7773, 32571, 57662, 60889, 66211, 69678, 70206, 73312, 74326, 76421, 77541, 77996, 81133, 81776, 81875, 84598, 89673, 89684, 90717, 96205, 96371, 96604, 96677, 99373, 99585, 99624, 99629, 99696, 99704, 101796, 102061, 102400, 102462, 103141, 105413, 105445, 105493, 119347, 119739, 127699, 154639, 166011, 170334, 175545, 176169, 176531, 180915, 180943, 182536, 182795, 183433, 187710, 196463, 200493, 200864]
18,4,[52850, 65116, 67349, 87879]
19,33,[591, 594, 952, 1272, 3625, 6637, 6661, 6998, 7074, 7260, 8826, 9267, 10134, 11479, 11484, 12188, 12490, 16056, 16826, 19147, 19909, 20629, 20673, 20762, 21467, 21949, 22754, 24757, 25544, 26046, 26115, 26165, 27040]
20,109,[1887, 2232, 2371, 2379, 2723, 3003, 3586, 3723, 3844, 4098, 4418, 5174, 6790, 9049, 9296, 9379, 10450, 10473, 10658, 10949, 11879, 12121, 12135, 12141, 12143, 12873, 14761, 14995, 15978, 15980, 16580, 17570, 18246, 18441, 19088, 20774, 21147, 21202, 21579, 21695, 22111, 22479, 23026, 23531, 24297, 24519, 25163, 26285, 26447, 26669, 27730, 28764, 29027, 29059, 29658, 30274, 30306, 30511, 30706, 30841, 30908, 31161, 31534, 31644, 31831, 31977, 31982, 31990, 32137, 32294, 32324, 32329, 33285, 33335, 33895, 34074, 35363, 36092, 37737, 39842, 40046, 41038, 41100, 43955, 44851, 45092, 45452, 45883, 46376, 47762, 47794, 50943, 51065, 51796, 52718, 52905, 52987, 54027, 56459, 56537, 56901, 58108, 58462, 58868, 59110, 59922, 60469, 61103, 66040]
21,12,[6703, 8365, 15353, 15743, 17231, 20683, 20835, 24111, 24265, 24796, 29383, 29927]
22,3,[55436, 145072, 151044]
23,15,[364, 1654, 4933, 4948, 8313, 8352, 8412, 16439, 17391, 17440, 17923, 22108, 22150, 22197, 22669]
24,35,[1422, 2749, 2780, 3316, 3954, 5848, 7829, 10970, 11464, 12391, 12455, 13584, 15830, 15883, 17111, 19226, 22284, 22508, 23289, 23295, 23313, 23494, 24033, 30390, 31494, 33787, 34902, 35215, 36593, 36861, 37573, 38137, 38641, 38663, 41951]
25,2,[103922, 186182]
26,110,[2266, 2626, 2764, 2772, 3157, 3468, 4087, 4222, 4343, 4596, 4930, 5690, 7311, 9602, 9848, 9932, 11007, 11030, 11219, 11511, 12465, 12706, 12721, 12728, 12730, 13460, 15375, 15622, 16624, 16626, 17231, 18246, 18950, 19153, 19795, 21509, 21887, 21944, 22325, 22442, 22866, 23239, 23796, 24301, 25065, 25297, 25951, 27084, 27247, 27471, 28559, 29598, 29865, 29899, 30503, 31122, 31154, 31364, 31565, 31704, 31772, 32030, 32404, 32515, 32703, 32849, 32854, 32862, 33009, 33167, 33197, 33202, 34164, 34214, 34773, 34953, 36258, 36993, 38654, 39166, 40780, 40985, 41972, 42035, 44916, 45836, 46081, 46452, 46886, 47383, 48772, 48805, 51999, 52121, 52875, 53817, 54012, 54095, 55190, 57609, 57691, 58049, 59295, 59652, 60069, 60365, 61212, 61766, 62403, 67457]
27,87,[417, 627, 1326, 2800, 3035, 3365, 3404, 3524, 3616, 3640, 3905, 7847, 8158, 8402, 10654, 10688, 11050, 12304, 12705, 12759, 12983, 16009, 22336, 30630, 30808, 30904, 32004, 33826, 33836, 34893, 35364, 37256, 38112, 42239, 42321, 47869, 49179, 51019, 52299, 52407, 55858, 59923, 62903, 63444, 63500, 64107, 64297, 64509, 64588, 64645, 65506, 65946, 67797, 68729, 69381, 70889, 71016, 71032, 71717, 72400, 74005, 75424, 75916, 77909, 78956, 79709, 80683, 80818, 80863, 81800, 84043, 84404, 85853, 86040, 86881, 88677, 91868, 94101, 94150, 95177, 100215, 100243, 100672, 102614, 103031, 106008, 106367]
28,4,[3102, 6676, 6945, 11543]
30,339,[8637, 8774, 9052, 9963, 11846, 11913, 12895, 16281, 22358, 22364, 24674, 24710, 24983, 25546, 26890, 28020, 28031, 32231, 32546, 34444, 36707, 40535, 41019, 42989, 43727, 44221, 44270, 52659, 53109, 53138, 53575, 63666, 87539, 87723, 90745, 90908, 91395, 95068, 95133, 95179, 95660, 95897, 98264, 107649, 108669, 125962, 129895, 129947, 130019, 130220, 130235, 130931, 133450, 134570, 134593, 135698, 140785, 141607, 145849, 148197, 149100, 150248, 150900, 151121, 155714, 156516, 156553, 158490, 162330, 163464, 164263, 165056, 167533, 171970, 172079, 172086, 172179, 172596, 173265, 176319, 176586, 179498, 182491, 183419, 183463, 183532, 190246, 191364, 193759, 194480, 196058, 196090, 196113, 196174, 198089, 199876, 202102, 202136, 204879, 205903, 206076, 207023, 208500, 208507, 209869, 209944, 210626, 211250, 211254, 215926, 218616, 220073, 220080, 220233, 221051, 221535, 221606, 222588, 222753, 223028, 224856, 225756, 226382, 226545, 227554, 227646, 229008, 232690, 232984, 235990, 236034, 241850, 241904, 250111, 250456, 254183, 256854, 257027, 257784, 257922, 258104, 258147, 259219, 260561, 260939, 261002, 262186, 264732, 265469, 265668, 265835, 265863, 265953, 267553, 268360, 270551, 271653, 272368, 275774, 276145, 278218, 278395, 278647, 282798, 287320, 287615, 287629, 287682, 287744, 288132, 288144, 288175, 291005, 291010, 294230, 294461, 295182, 295407, 296213, 298197, 298198, 305802, 306366, 307109, 317356, 334471, 335718, 335803, 365370, 377927, 378201, 401274, 403444, 403952, 406038, 406117, 409178, 415537, 420177, 421159, 422563, 427906, 430363, 430365, 430471, 430491, 431342, 433666, 433680, 433980, 434311, 434338, 434407, 434647, 434649, 434680, 434709, 435322, 442239, 453216, 455175, 457700, 460544, 462477, 462565, 463272, 463871, 467550, 467692, 468081, 468436, 468463, 468562, 469740, 469857, 469989, 471350, 474537, 479747, 481110, 486899, 487016, 489624, 489666, 489696, 490247, 490258, 490315, 496603, 503175, 503273, 508560, 513804, 514041, 514659, 523151, 523322, 526248, 526455, 526634, 526646, 527256, 527319, 531176, 531605, 531742, 532687, 532827, 533776, 534227, 536284, 537340, 542590, 543159, 543646, 543818, 544122, 547305, 547719, 547957, 548137, 548690, 549459, 552883, 554309, 557771, 558306, 561491, 561669, 561722, 561738, 561805, 561848, 562673, 563206, 563419, 563573, 563752, 564461, 564572, 565751, 566635, 567548, 570066, 570717, 571111, 571369, 571912, 572201, 572577, 573151, 574239, 575339, 576428, 579647, 579924, 580167, 580324, 580358, 580527, 581405, 581690, 581924, 583152, 583197, 616527, 616544, 620469, 633164, 634066, 634104, 634291, 634305, 635387, 635648, 635960, 636306, 636745, 638877]
10,339,[8731, 8868, 9146, 10057, 11940, 12007, 12989, 16375, 22452, 22458, 24768, 24804, 25077, 25640, 26984, 28114, 28125, 32329, 32644, 34542, 36805, 40633, 41117, 43087, 43825, 44319, 44368, 52757, 53208, 53237, 53674, 63769, 87646, 87830, 90852, 91015, 91502, 95175, 95240, 95286, 95767, 96004, 98371, 107760, 108780, 126073, 130007, 130059, 130131, 130332, 130347, 131043, 133562, 134682, 134705, 135810, 140897, 141719, 145962, 148310, 149213, 150361, 151013, 151234, 155827, 156629, 156666, 158603, 162453, 163587, 164386, 165179, 167656, 172093, 172202, 172209, 172302, 172719, 173388, 176442, 176709, 179621, 182623, 183551, 183595, 183664, 190378, 191496, 193891, 194612, 196190, 196222, 196245, 196306, 198221, 200018, 202244, 202278, 205021, 206045, 206218, 207165, 208642, 208649, 210011, 210086, 210768, 211392, 211396, 216068, 218756, 220223, 220230, 220383, 221201, 221685, 221756, 222738, 222903, 223178, 225006, 225906, 226532, 226695, 227704, 227796, 229158, 232840, 233134, 236140, 236184, 242003, 242057, 250264, 250609, 254336, 257010, 257183, 257940, 258078, 258260, 258303, 259375, 260717, 261095, 261158, 262342, 264888, 265625, 265824, 265991, 266019, 266109, 267709, 268516, 270707, 271809, 272524, 275930, 276301, 278373, 278550, 278802, 282953, 287476, 287771, 287785, 287838, 287900, 288288, 288300, 288331, 291161, 291166, 294387, 294618, 295339, 295564, 296370, 298355, 298356, 305960, 306524, 307267, 317515, 334630, 335877, 335962, 365533, 378090, 378364, 401440, 403610, 404118, 406204, 406283, 409344, 415703, 420343, 421325, 422729, 428073, 430533, 430535, 430641, 430661, 431512, 433836, 433850, 434150, 434481, 434508, 434577, 434817, 434819, 434850, 434879, 435492, 442409, 453386, 455345, 457870, 460714, 462648, 462736, 463443, 464042, 467721, 467863, 468252, 468607, 468634, 468733, 469911, 470028, 470160, 471521, 474707, 479915, 481277, 487062, 487179, 489784, 489826, 489856, 490407, 490418, 490475, 496772, 503344, 503442, 508729, 513973, 514210, 514828, 523323, 523494, 526420, 526627, 526806, 526818, 527428, 527491, 531351, 531780, 531917, 532862, 533002, 533951, 534402, 536459, 537515, 542765, 543334, 543821, 543993, 544297, 547480, 547894, 548132, 548312, 548865, 549637, 553061, 554487, 557949, 558484, 561669, 561847, 561900, 561916, 561983, 562026, 562851, 563384, 563597, 563751, 563930, 564641, 564752, 565931, 566815, 567728, 570246, 570897, 571291, 571549, 572092, 572381, 572757, 573331, 574419, 575519, 576608, 579827, 580104, 580347, 580504, 580538, 580707, 581585, 581870, 582104, 583332, 583377, 616766, 616783, 620721, 633439, 634341, 634379, 634566, 634580, 635662, 635923, 636235, 636581, 637020, 639152]
11,7,[5094, 8468, 12329, 12471, 12770, 13090, 15010]
12,16,[2694, 2700, 4304, 5245, 5294, 7046, 7123, 7260, 7498, 7929, 8346, 12359, 15678, 15846, 18903, 19417]
13,3,[1458, 3256, 4126]
14,3,[47748, 108397, 194322]
15,90,[5295, 5529, 5792, 6724, 7503, 8823, 8931, 9186, 9700, 10539, 20694, 20927, 21265, 23588, 24627, 29882, 30279, 30864, 32062, 33637, 33868, 38778, 39119, 39210, 39275, 40494, 49214, 51791, 51808, 52174, 53284, 65624, 66473, 66556, 66948, 68210, 71288, 72700, 72777, 72814, 75369, 76193, 76789, 77166, 80376, 80939, 82444, 85761, 89126, 90618, 91715, 96041, 97252, 105163, 108722, 111373, 118438, 126702, 129685, 129856, 133673, 134124, 134532, 134549, 135446, 137418, 141474, 150037, 152892, 153282, 155081, 155797, 156962, 156974, 157768, 159406, 160225, 160755, 161378, 161421, 161607, 161949, 162290, 162980, 163222, 167111, 168203, 169103, 169861, 173341]
16,22,[1631, 1777, 3559, 9161, 12802, 13011, 13636, 13753, 18048, 18095, 18156, 25620, 26779, 26817, 27084, 27219, 28228, 32070, 32540, 32654, 35178, 37700]
17,64,[1096, 2938, 5347, 5645, 5846, 5961, 5979, 6017, 6149, 7773, 32571, 57662, 60889, 66211, 69678, 70206, 73312, 74326, 76421, 77541, 77996, 81133, 81776, 81875, 84598, 89673, 89684, 90717, 96205, 96371, 96604, 96677, 99373, 99585, 99624, 99629, 99696, 99704, 101796, 102061, 102400, 102462, 103141, 105413, 105445, 105493, 119347, 119739, 127699, 154639, 166011, 170334, 175545, 176169, 176531, 180915, 180943, 182536, 182795, 183433, 187710, 196463, 200493, 200864]
18,4,[52850, 65116, 67349, 87879]
19,33,[591, 594, 952, 1272, 3625, 6637, 6661, 6998, 7074, 7260, 8826, 9267, 10134, 11479, 11484, 12188, 12490, 16056, 16826, 19147, 19909, 20629, 20673, 20762, 21467, 21949, 22754, 24757, 25544, 26046, 26115, 26165, 27040]
20,109,[1887, 2232, 2371, 2379, 2723, 3003, 3586, 3723, 3844, 4098, 4418, 5174, 6790, 9049, 9296, 9379, 10450, 10473, 10658, 10949, 11879, 12121, 12135, 12141, 12143, 12873, 14761, 14995, 15978, 15980, 16580, 17570, 18246, 18441, 19088, 20774, 21147, 21202, 21579, 21695, 22111, 22479, 23026, 23531, 24297, 24519, 25163, 26285, 26447, 26669, 27730, 28764, 29027, 29059, 29658, 30274, 30306, 30511, 30706, 30841, 30908, 31161, 31534, 31644, 31831, 31977, 31982, 31990, 32137, 32294, 32324, 32329, 33285, 33335, 33895, 34074, 35363, 36092, 37737, 39842, 40046, 41038, 41100, 43955, 44851, 45092, 45452, 45883, 46376, 47762, 47794, 50943, 51065, 51796, 52718, 52905, 52987, 54027, 56459, 56537, 56901, 58108, 58462, 58868, 59110, 59922, 60469, 61103, 66040]
21,12,[6703, 8365, 15353, 15743, 17231, 20683, 20835, 24111, 24265, 24796, 29383, 29927]
22,3,[55436, 145072, 151044]
23,15,[364, 1654, 4933, 4948, 8313, 8352, 8412, 16439, 17391, 17440, 17923, 22108, 22150, 22197, 22669]
24,35,[1422, 2749, 2780, 3316, 3954, 5848, 7829, 10970, 11464, 12391, 12455, 13584, 15830, 15883, 17111, 19226, 22284, 22508, 23289, 23295, 23313, 23494, 24033, 30390, 31494, 33787, 34902, 35215, 36593, 36861, 37573, 38137, 38641, 38663, 41951]
25,2,[103922, 186182]
26,110,[2266, 2626, 2764, 2772, 3157, 3468, 4087, 4222, 4343, 4596, 4930, 5690, 7311, 9602, 9848, 9932, 11007, 11030, 11219, 11511, 12465, 12706, 12721, 12728, 12730, 13460, 15375, 15622, 16624, 16626, 17231, 18246, 18950, 19153, 19795, 21509, 21887, 21944, 22325, 22442, 22866, 23239, 23796, 24301, 25065, 25297, 25951, 27084, 27247, 27471, 28559, 29598, 29865, 29899, 30503, 31122, 31154, 31364, 31565, 31704, 31772, 32030, 32404, 32515, 32703, 32849, 32854, 32862, 33009, 33167, 33197, 33202, 34164, 34214, 34773, 34953, 36258, 36993, 38654, 39166, 40780, 40985, 41972, 42035, 44916, 45836, 46081, 46452, 46886, 47383, 48772, 48805, 51999, 52121, 52875, 53817, 54012, 54095, 55190, 57609, 57691, 58049, 59295, 59652, 60069, 60365, 61212, 61766, 62403, 67457]
27,87,[417, 627, 1326, 2800, 3035, 3365, 3404, 3524, 3616, 3640, 3905, 7847, 8158, 8402, 10654, 10688, 11050, 12304, 12705, 12759, 12983, 16009, 22336, 30630, 30808, 30904, 32004, 33826, 33836, 34893, 35364, 37256, 38112, 42239, 42321, 47869, 49179, 51019, 52299, 52407, 55858, 59923, 62903, 63444, 63500, 64107, 64297, 64509, 64588, 64645, 65506, 65946, 67797, 68729, 69381, 70889, 71016, 71032, 71717, 72400, 74005, 75424, 75916, 77909, 78956, 79709, 80683, 80818, 80863, 81800, 84043, 84404, 85853, 86040, 86881, 88677, 91868, 94101, 94150, 95177, 100215, 100243, 100672, 102614, 103031, 106008, 106367]
28,4,[3102, 6676, 6945, 11543]
30,339,[8637, 8774, 9052, 9963, 11846, 11913, 12895, 16281, 22358, 22364, 24674, 24710, 24983, 25546, 26890, 28020, 28031, 32231, 32546, 34444, 36707, 40535, 41019, 42989, 43727, 44221, 44270, 52659, 53109, 53138, 53575, 63666, 87539, 87723, 90745, 90908, 91395, 95068, 95133, 95179, 95660, 95897, 98264, 107649, 108669, 125962, 129895, 129947, 130019, 130220, 130235, 130931, 133450, 134570, 134593, 135698, 140785, 141607, 145849, 148197, 149100, 150248, 150900, 151121, 155714, 156516, 156553, 158490, 162330, 163464, 164263, 165056, 167533, 171970, 172079, 172086, 172179, 172596, 173265, 176319, 176586, 179498, 182491, 183419, 183463, 183532, 190246, 191364, 193759, 194480, 196058, 196090, 196113, 196174, 198089, 199876, 202102, 202136, 204879, 205903, 206076, 207023, 208500, 208507, 209869, 209944, 210626, 211250, 211254, 215926, 218616, 220073, 220080, 220233, 221051, 221535, 221606, 222588, 222753, 223028, 224856, 225756, 226382, 226545, 227554, 227646, 229008, 232690, 232984, 235990, 236034, 241850, 241904, 250111, 250456, 254183, 256854, 257027, 257784, 257922, 258104, 258147, 259219, 260561, 260939, 261002, 262186, 264732, 265469, 265668, 265835, 265863, 265953, 267553, 268360, 270551, 271653, 272368, 275774, 276145, 278218, 278395, 278647, 282798, 287320, 287615, 287629, 287682, 287744, 288132, 288144, 288175, 291005, 291010, 294230, 294461, 295182, 295407, 296213, 298197, 298198, 305802, 306366, 307109, 317356, 334471, 335718, 335803, 365370, 377927, 378201, 401274, 403444, 403952, 406038, 406117, 409178, 415537, 420177, 421159, 422563, 427906, 430363, 430365, 430471, 430491, 431342, 433666, 433680, 433980, 434311, 434338, 434407, 434647, 434649, 434680, 434709, 435322, 442239, 453216, 455175, 457700, 460544, 462477, 462565, 463272, 463871, 467550, 467692, 468081, 468436, 468463, 468562, 469740, 469857, 469989, 471350, 474537, 479747, 481110, 486899, 487016, 489624, 489666, 489696, 490247, 490258, 490315, 496603, 503175, 503273, 508560, 513804, 514041, 514659, 523151, 523322, 526248, 526455, 526634, 526646, 527256, 527319, 531176, 531605, 531742, 532687, 532827, 533776, 534227, 536284, 537340, 542590, 543159, 543646, 543818, 544122, 547305, 547719, 547957, 548137, 548690, 549459, 552883, 554309, 557771, 558306, 561491, 561669, 561722, 561738, 561805, 561848, 562673, 563206, 563419, 563573, 563752, 564461, 564572, 565751, 566635, 567548, 570066, 570717, 571111, 571369, 571912, 572201, 572577, 573151, 574239, 575339, 576428, 579647, 579924, 580167, 580324, 580358, 580527, 581405, 581690, 581924, 583152, 583197, 616527, 616544, 620469, 633164, 634066, 634104, 634291, 634305, 635387, 635648, 635960, 636306, 636745, 638877]
