10,25,[14690, 25433, 75584, 76495, 122744, 123054, 127174, 207945, 208419, 234774, 255380, 259866, 259892, 261605, 263748, 264282, 273180, 286164, 343955, 380127, 478466, 485576, 598756, 615504, 628158]
14,2,[101083, 199517]
15,4,[33680, 72548, 99167, 106141]
17,2,[170521, 191792]
20,10,[14329, 17820, 21385, 23501, 24763, 24767, 31575, 35462, 46052, 48895]
21,1,[11923]
22,69,[4474, 10234, 10334, 10464, 10626, 17603, 20412, 20420, 26191, 45263, 65564, 67059, 70451, 70470, 70894, 80105, 91743, 91777, 91837, 91847, 91881, 91891, 91945, 91957, 91983, 91997, 92571, 93007, 93010, 97715, 99352, 99986, 111791, 111814, 120692, 120957, 121583, 123549, 123583, 123585, 123587, 123592, 123594, 123603, 123614, 123620, 123624, 123631, 123634, 123636, 123641, 123649, 123657, 123663, 123665, 123669, 123672, 123674, 123677, 123679, 123684, 123707, 123711, 123728, 123731, 126321, 151330, 151551, 151554]
23,3,[14811, 15569, 18392]
24,18,[294, 297, 374, 513, 559, 768, 894, 927, 1114, 1217, 1277, 1459, 1973, 2494, 20749, 20755, 28031, 44326]
25,2,[96968, 201862]
26,10,[14926, 18498, 22131, 24271, 25544, 25548, 32446, 36360, 47054, 49927]
27,1,[37151]
28,1,[4748]
30,25,[14596, 25339, 75481, 76392, 122633, 122943, 127063, 207803, 208277, 234624, 255227, 259710, 259736, 261449, 263592, 264126, 273024, 286008, 343796, 379964, 478298, 485412, 598565, 615270, 627898]
10,25,[14690, 25433, 75584, 76495, 122744, 123054, 127174, 207945, 208419, 234774, 255380, 259866, 259892, 261605, 263748, 264282, 273180, 286164, 343955, 380127, 478466, 485576, 598756, 615504, 628158]
14,2,[101083, 199517]
15,4,[33680, 72548, 99167, 106141]
17,2,[170521, 191792]
20,10,[14329, 17820, 21385, 23501, 24763, 24767, 31575, 35462, 46052, 48895]
21,1,[11923]
22,69,[4474, 10234, 10334, 10464, 10626, 17603, 20412, 20420, 26191, 45263, 65564, 67059, 70451, 70470, 70894, 80105, 91743, 91777, 91837, 91847, 91881, 91891, 91945, 91957, 91983, 91997, 92571, 93007, 93010, 97715, 99352, 99986, 111791, 111814, 120692, 120957, 121583, 123549, 123583, 123585, 123587, 123592, 123594, 123603, 123614, 123620, 123624, 123631, 123634, 123636, 123641, 123649, 123657, 123663, 123665, 123669, 123672, 123674, 123677, 123679, 123684, 123707, 123711, 123728, 123731, 126321, 151330, 151551, 151554]
23,3,[14811, 15569, 18392]
24,18,[294, 297, 374, 513, 559, 768, 894, 927, 1114, 1217, 1277, 1459, 1973, 2494, 20749, 20755, 28031, 44326]
25,2,[96968, 201862]
26,10,[14926, 18498, 22131, 24271, 25544, 25548, 32446, 36360, 47054, 49927]
27,1,[37151]
28,1,[4748]
30,25,[14596, 25339, 75481, 76392, 122633, 122943, 127063, 207803, 208277, 234624, 255227, 259710, 259736, 261449, 263592, 264126, 273024, 286008, 343796, 379964, 478298, 485412, 598565, 615270, 627898]
