10,4,[298309, 367512, 467986, 495875]
13,1,[2453]
15,13,[24011, 33709, 33859, 37450, 51938, 64099, 68290, 75537, 104960, 131978, 147556, 147580, 162630]
16,2,[15642, 26579]
17,2,[34557, 186694]
21,1,[29935]
22,4,[21795, 26692, 138043, 138044]
24,1,[4483]
27,2,[20049, 28342]
30,4,[298151, 367349, 467815, 495716]
10,4,[298309, 367512, 467986, 495875]
13,1,[2453]
15,13,[24011, 33709, 33859, 37450, 51938, 64099, 68290, 75537, 104960, 131978, 147556, 147580, 162630]
16,2,[15642, 26579]
17,2,[34557, 186694]
21,1,[29935]
22,4,[21795, 26692, 138043, 138044]
24,1,[4483]
27,2,[20049, 28342]
30,4,[298151, 367349, 467815, 495716]
