10,131,[7670, 8292, 8379, 8699, 11952, 16198, 22320, 32733, 38926, 39494, 39551, 39598, 44184, 45527, 45845, 45850, 45938, 50668, 51647, 70143, 70587, 70684, 71162, 71424, 71880, 71892, 73279, 73322, 73357, 73596, 74238, 74987, 75069, 75243, 75865, 76105, 76122, 76128, 79008, 79964, 80550, 85860, 85891, 89825, 89858, 89871, 89886, 90100, 90176, 90192, 91318, 91956, 92045, 92957, 104203, 105318, 108984, 112423, 112432, 115032, 115282, 116223, 116304, 116956, 120142, 120402, 120965, 121018, 121055, 121078, 121208, 121855, 121884, 121928, 122520, 123651, 124634, 124917, 125966, 133585, 140874, 157428, 160526, 182731, 191924, 202322, 206755, 206805, 258860, 258907, 301874, 302995, 306926, 319595, 325785, 332707, 338985, 345631, 346614, 346741, 346796, 347264, 348756, 349781, 352183, 354777, 354922, 358771, 388034, 388112, 390701, 396818, 401007, 405105, 436902, 442859, 443355, 458710, 458721, 461313, 481215, 491700, 495702, 512532, 512570, 512646, 512673, 542854, 548543, 556450, 568751]
15,48,[7694, 7701, 9347, 9699, 9752, 10169, 12639, 15458, 27027, 30347, 30516, 30543, 30608, 30863, 31095, 34564, 50154, 69457, 73246, 73269, 73354, 73620, 77757, 84910, 92700, 96393, 96493, 96536, 97846, 102082, 119185, 122848, 123431, 123623, 123881, 124519, 133337, 133445, 135436, 159365, 159445, 159448, 159514, 159795, 159908, 160214, 160242, 162473]
16,3,[5309, 12702, 19193]
17,3,[60274, 66611, 186525]
18,1,[37538]
19,9,[11668, 11793, 12631, 12652, 13921, 20667, 23579, 25045, 25318]
20,4,[11093, 24724, 25258, 64333]
21,4,[12589, 18595, 23131, 26851]
22,4,[8278, 25569, 67197, 67489]
23,4,[100, 4024, 27208, 28593]
24,5,[1518, 12414, 15841, 15878, 15982]
26,4,[11665, 25504, 26052, 65730]
27,14,[13056, 13876, 14192, 15187, 29861, 30479, 44366, 44712, 45808, 45810, 72117, 102588, 102594, 102692]
30,131,[7576, 8198, 8285, 8605, 11858, 16104, 22226, 32635, 38828, 39396, 39453, 39500, 44086, 45429, 45747, 45752, 45840, 50570, 51549, 70040, 70484, 70581, 71059, 71321, 71777, 71789, 73176, 73219, 73254, 73493, 74135, 74884, 74966, 75140, 75762, 76002, 76019, 76025, 78901, 79857, 80443, 85753, 85784, 89718, 89751, 89764, 89779, 89993, 90069, 90085, 91211, 91849, 91938, 92850, 104096, 105207, 108873, 112312, 112321, 114921, 115171, 116112, 116193, 116845, 120031, 120291, 120854, 120907, 120944, 120967, 121097, 121744, 121773, 121817, 122409, 123540, 124523, 124806, 125855, 133473, 140762, 157315, 160412, 182599, 191792, 202180, 206613, 206663, 258704, 258751, 301716, 302837, 306768, 319436, 325626, 332548, 338826, 345472, 346455, 346582, 346637, 347105, 348597, 349622, 352024, 354618, 354763, 358611, 387871, 387949, 390538, 396652, 400841, 404939, 436732, 442689, 443185, 458540, 458551, 461143, 481048, 491540, 495543, 512363, 512401, 512477, 512504, 542679, 548368, 556272, 568571]
10,131,[7670, 8292, 8379, 8699, 11952, 16198, 22320, 32733, 38926, 39494, 39551, 39598, 44184, 45527, 45845, 45850, 45938, 50668, 51647, 70143, 70587, 70684, 71162, 71424, 71880, 71892, 73279, 73322, 73357, 73596, 74238, 74987, 75069, 75243, 75865, 76105, 76122, 76128, 79008, 79964, 80550, 85860, 85891, 89825, 89858, 89871, 89886, 90100, 90176, 90192, 91318, 91956, 92045, 92957, 104203, 105318, 108984, 112423, 112432, 115032, 115282, 116223, 116304, 116956, 120142, 120402, 120965, 121018, 121055, 121078, 121208, 121855, 121884, 121928, 122520, 123651, 124634, 124917, 125966, 133585, 140874, 157428, 160526, 182731, 191924, 202322, 206755, 206805, 258860, 258907, 301874, 302995, 306926, 319595, 325785, 332707, 338985, 345631, 346614, 346741, 346796, 347264, 348756, 349781, 352183, 354777, 354922, 358771, 388034, 388112, 390701, 396818, 401007, 405105, 436902, 442859, 443355, 458710, 458721, 461313, 481215, 491700, 495702, 512532, 512570, 512646, 512673, 542854, 548543, 556450, 568751]
15,48,[7694, 7701, 9347, 9699, 9752, 10169, 12639, 15458, 27027, 30347, 30516, 30543, 30608, 30863, 31095, 34564, 50154, 69457, 73246, 73269, 73354, 73620, 77757, 84910, 92700, 96393, 96493, 96536, 97846, 102082, 119185, 122848, 123431, 123623, 123881, 124519, 133337, 133445, 135436, 159365, 159445, 159448, 159514, 159795, 159908, 160214, 160242, 162473]
16,3,[5309, 12702, 19193]
17,3,[60274, 66611, 186525]
18,1,[37538]
19,9,[11668, 11793, 12631, 12652, 13921, 20667, 23579, 25045, 25318]
20,4,[11093, 24724, 25258, 64333]
21,4,[12589, 18595, 23131, 26851]
22,4,[8278, 25569, 67197, 67489]
23,4,[100, 4024, 27208, 28593]
24,5,[1518, 12414, 15841, 15878, 15982]
26,4,[11665, 25504, 26052, 65730]
27,14,[13056, 13876, 14192, 15187, 29861, 30479, 44366, 44712, 45808, 45810, 72117, 102588, 102594, 102692]
30,131,[7576, 8198, 8285, 8605, 11858, 16104, 22226, 32635, 38828, 39396, 39453, 39500, 44086, 45429, 45747, 45752, 45840, 50570, 51549, 70040, 70484, 70581, 71059, 71321, 71777, 71789, 73176, 73219, 73254, 73493, 74135, 74884, 74966, 75140, 75762, 76002, 76019, 76025, 78901, 79857, 80443, 85753, 85784, 89718, 89751, 89764, 89779, 89993, 90069, 90085, 91211, 91849, 91938, 92850, 104096, 105207, 108873, 112312, 112321, 114921, 115171, 116112, 116193, 116845, 120031, 120291, 120854, 120907, 120944, 120967, 121097, 121744, 121773, 121817, 122409, 123540, 124523, 124806, 125855, 133473, 140762, 157315, 160412, 182599, 191792, 202180, 206613, 206663, 258704, 258751, 301716, 302837, 306768, 319436, 325626, 332548, 338826, 345472, 346455, 346582, 346637, 347105, 348597, 349622, 352024, 354618, 354763, 358611, 387871, 387949, 390538, 396652, 400841, 404939, 436732, 442689, 443185, 458540, 458551, 461143, 481048, 491540, 495543, 512363, 512401, 512477, 512504, 542679, 548368, 556272, 568571]
