8,1,[341]
10,76,[21073, 21116, 26015, 32734, 42845, 44633, 51138, 64225, 79834, 98214, 126732, 126831, 143837, 143895, 151903, 152016, 165492, 208885, 209052, 233991, 262865, 274759, 282725, 282963, 282993, 283053, 283155, 283175, 283435, 292105, 302862, 303009, 306585, 320694, 329825, 329833, 337893, 342615, 343864, 343915, 345626, 346520, 346735, 347072, 347260, 352189, 352458, 352922, 353470, 353549, 354928, 370482, 374734, 374742, 382297, 393611, 395795, 398024, 431068, 431080, 471216, 473225, 474091, 487578, 495371, 532449, 568333, 576541, 576574, 582525, 621886, 623133, 626627, 626772, 626782, 631001]
11,5,[2354, 8354, 20645, 20801, 21056]
12,3,[17093, 18775, 18878]
13,1,[2832]
15,98,[3632, 6985, 7695, 7697, 10164, 10783, 11280, 14519, 16987, 18060, 18064, 18153, 18276, 23862, 27369, 27728, 28337, 38484, 44712, 46476, 46907, 47250, 48350, 49912, 55292, 58449, 58954, 60078, 60245, 65592, 66232, 66456, 68510, 68543, 70209, 70721, 70886, 71398, 71989, 72411, 73164, 73500, 75080, 75120, 76882, 80340, 81679, 84798, 85482, 85636, 87138, 96798, 96895, 98218, 102729, 104475, 105676, 107066, 108122, 110056, 118015, 120660, 122577, 125650, 126395, 127320, 127734, 128459, 129754, 131492, 133549, 133618, 133667, 137364, 139885, 142392, 142736, 144007, 145257, 145332, 145394, 145708, 146255, 147785, 148951, 150473, 150488, 151000, 155143, 155151, 156580, 157695, 158272, 160358, 160400, 162100, 162138, 162746]
16,20,[2247, 2443, 2524, 9172, 11511, 12532, 14091, 17548, 18108, 18841, 20641, 23873, 26222, 26361, 26595, 28174, 28968, 31992, 36360, 36553]
17,7,[6311, 6323, 14109, 95336, 109788, 109801, 131578]
18,1,[50362]
19,9,[12991, 14091, 14124, 15543, 17658, 21511, 23317, 24991, 25584]
20,23,[4331, 5342, 9267, 9495, 9501, 11303, 18008, 23418, 26214, 28036, 28939, 31934, 32202, 34400, 41526, 45921, 47589, 49255, 52568, 53018, 54555, 61032, 62509]
21,7,[3562, 3612, 3677, 4602, 9980, 18337, 18966]
22,8,[1925, 11774, 63336, 108555, 136262, 140092, 140095, 140109]
23,5,[10031, 12146, 16915, 27314, 28419]
24,7,[606, 6112, 6275, 19725, 24266, 41514, 42977]
26,23,[4836, 5859, 9819, 10049, 10055, 11876, 18712, 24188, 27010, 28871, 29775, 32806, 33074, 35287, 42464, 46924, 48596, 50299, 53670, 54128, 55716, 62329, 63847]
27,44,[5496, 6000, 7124, 13582, 19992, 24543, 26986, 28811, 31091, 31640, 40771, 40801, 48359, 48763, 50535, 54219, 58001, 59503, 59769, 61212, 68044, 68250, 71925, 75764, 78747, 78882, 78968, 84662, 85700, 86484, 86491, 88577, 89266, 89663, 92171, 92739, 93067, 95755, 96764, 100317, 100518, 102855, 106951, 107490]
30,76,[20979, 21022, 25921, 32636, 42747, 44535, 51040, 64122, 79727, 98107, 126621, 126720, 143725, 143783, 151790, 151903, 165369, 208743, 208910, 233841, 262709, 274603, 282570, 282808, 282838, 282898, 283000, 283020, 283280, 291949, 302704, 302851, 306427, 320535, 329666, 329674, 337734, 342456, 343705, 343756, 345467, 346361, 346576, 346913, 347101, 352030, 352299, 352763, 353311, 353390, 354769, 370319, 374571, 374579, 382134, 393445, 395629, 397858, 430898, 430910, 471045, 473055, 473921, 487416, 495212, 532274, 568153, 576361, 576394, 582345, 621634, 622881, 626370, 626515, 626525, 630730]
8,1,[341]
10,76,[21073, 21116, 26015, 32734, 42845, 44633, 51138, 64225, 79834, 98214, 126732, 126831, 143837, 143895, 151903, 152016, 165492, 208885, 209052, 233991, 262865, 274759, 282725, 282963, 282993, 283053, 283155, 283175, 283435, 292105, 302862, 303009, 306585, 320694, 329825, 329833, 337893, 342615, 343864, 343915, 345626, 346520, 346735, 347072, 347260, 352189, 352458, 352922, 353470, 353549, 354928, 370482, 374734, 374742, 382297, 393611, 395795, 398024, 431068, 431080, 471216, 473225, 474091, 487578, 495371, 532449, 568333, 576541, 576574, 582525, 621886, 623133, 626627, 626772, 626782, 631001]
11,5,[2354, 8354, 20645, 20801, 21056]
12,3,[17093, 18775, 18878]
13,1,[2832]
15,98,[3632, 6985, 7695, 7697, 10164, 10783, 11280, 14519, 16987, 18060, 18064, 18153, 18276, 23862, 27369, 27728, 28337, 38484, 44712, 46476, 46907, 47250, 48350, 49912, 55292, 58449, 58954, 60078, 60245, 65592, 66232, 66456, 68510, 68543, 70209, 70721, 70886, 71398, 71989, 72411, 73164, 73500, 75080, 75120, 76882, 80340, 81679, 84798, 85482, 85636, 87138, 96798, 96895, 98218, 102729, 104475, 105676, 107066, 108122, 110056, 118015, 120660, 122577, 125650, 126395, 127320, 127734, 128459, 129754, 131492, 133549, 133618, 133667, 137364, 139885, 142392, 142736, 144007, 145257, 145332, 145394, 145708, 146255, 147785, 148951, 150473, 150488, 151000, 155143, 155151, 156580, 157695, 158272, 160358, 160400, 162100, 162138, 162746]
16,20,[2247, 2443, 2524, 9172, 11511, 12532, 14091, 17548, 18108, 18841, 20641, 23873, 26222, 26361, 26595, 28174, 28968, 31992, 36360, 36553]
17,7,[6311, 6323, 14109, 95336, 109788, 109801, 131578]
18,1,[50362]
19,9,[12991, 14091, 14124, 15543, 17658, 21511, 23317, 24991, 25584]
20,23,[4331, 5342, 9267, 9495, 9501, 11303, 18008, 23418, 26214, 28036, 28939, 31934, 32202, 34400, 41526, 45921, 47589, 49255, 52568, 53018, 54555, 61032, 62509]
21,7,[3562, 3612, 3677, 4602, 9980, 18337, 18966]
22,8,[1925, 11774, 63336, 108555, 136262, 140092, 140095, 140109]
23,5,[10031, 12146, 16915, 27314, 28419]
24,7,[606, 6112, 6275, 19725, 24266, 41514, 42977]
26,23,[4836, 5859, 9819, 10049, 10055, 11876, 18712, 24188, 27010, 28871, 29775, 32806, 33074, 35287, 42464, 46924, 48596, 50299, 53670, 54128, 55716, 62329, 63847]
27,44,[5496, 6000, 7124, 13582, 19992, 24543, 26986, 28811, 31091, 31640, 40771, 40801, 48359, 48763, 50535, 54219, 58001, 59503, 59769, 61212, 68044, 68250, 71925, 75764, 78747, 78882, 78968, 84662, 85700, 86484, 86491, 88577, 89266, 89663, 92171, 92739, 93067, 95755, 96764, 100317, 100518, 102855, 106951, 107490]
30,76,[20979, 21022, 25921, 32636, 42747, 44535, 51040, 64122, 79727, 98107, 126621, 126720, 143725, 143783, 151790, 151903, 165369, 208743, 208910, 233841, 262709, 274603, 282570, 282808, 282838, 282898, 283000, 283020, 283280, 291949, 302704, 302851, 306427, 320535, 329666, 329674, 337734, 342456, 343705, 343756, 345467, 346361, 346576, 346913, 347101, 352030, 352299, 352763, 353311, 353390, 354769, 370319, 374571, 374579, 382134, 393445, 395629, 397858, 430898, 430910, 471045, 473055, 473921, 487416, 495212, 532274, 568153, 576361, 576394, 582345, 621634, 622881, 626370, 626515, 626525, 630730]
