10,1,[510763]
15,12,[21178, 49811, 86498, 86654, 94015, 99912, 105389, 109285, 109753, 110589, 110774, 172492]
22,37,[2091, 9981, 21973, 22026, 23181, 23218, 23512, 23675, 40157, 41594, 41597, 44004, 52149, 53240, 53243, 53246, 53664, 57072, 65470, 72379, 73515, 73521, 79050, 79120, 79121, 81615, 82359, 84652, 87356, 95169, 102692, 102955, 103270, 105093, 120450, 147399, 150324]
23,3,[30030, 30117, 30425]
24,1,[10451]
27,3,[17752, 17757, 104392]
30,1,[510594]
10,1,[510763]
15,12,[21178, 49811, 86498, 86654, 94015, 99912, 105389, 109285, 109753, 110589, 110774, 172492]
22,37,[2091, 9981, 21973, 22026, 23181, 23218, 23512, 23675, 40157, 41594, 41597, 44004, 52149, 53240, 53243, 53246, 53664, 57072, 65470, 72379, 73515, 73521, 79050, 79120, 79121, 81615, 82359, 84652, 87356, 95169, 102692, 102955, 103270, 105093, 120450, 147399, 150324]
23,3,[30030, 30117, 30425]
24,1,[10451]
27,3,[17752, 17757, 104392]
30,1,[510594]
