8,1,[249]
10,32,[107450, 155799, 216879, 280710, 286418, 302143, 314767, 316376, 317210, 319952, 325551, 331485, 339083, 372246, 375523, 377357, 377874, 381035, 387311, 406078, 433234, 438737, 448697, 448726, 451513, 470163, 478238, 492935, 493113, 546668, 627094, 632541]
17,21,[14308, 73767, 75170, 82519, 82886, 108460, 116174, 116179, 131906, 136682, 136819, 139906, 140793, 143848, 145031, 146120, 146339, 147374, 148443, 185630, 217835]
18,3,[11115, 97225, 108450]
22,6,[5718, 21331, 21758, 23337, 96500, 103390]
30,32,[107339, 155686, 216738, 280555, 286262, 301985, 314608, 316217, 317051, 319793, 325392, 331326, 338924, 372083, 375360, 377194, 377711, 380872, 387148, 405912, 433064, 438567, 448527, 448556, 451343, 469992, 478070, 492775, 492953, 546493, 626837, 632266]
8,1,[249]
10,32,[107450, 155799, 216879, 280710, 286418, 302143, 314767, 316376, 317210, 319952, 325551, 331485, 339083, 372246, 375523, 377357, 377874, 381035, 387311, 406078, 433234, 438737, 448697, 448726, 451513, 470163, 478238, 492935, 493113, 546668, 627094, 632541]
17,21,[14308, 73767, 75170, 82519, 82886, 108460, 116174, 116179, 131906, 136682, 136819, 139906, 140793, 143848, 145031, 146120, 146339, 147374, 148443, 185630, 217835]
18,3,[11115, 97225, 108450]
22,6,[5718, 21331, 21758, 23337, 96500, 103390]
30,32,[107339, 155686, 216738, 280555, 286262, 301985, 314608, 316217, 317051, 319793, 325392, 331326, 338924, 372083, 375360, 377194, 377711, 380872, 387148, 405912, 433064, 438567, 448527, 448556, 451343, 469992, 478070, 492775, 492953, 546493, 626837, 632266]
