10,71,[11616, 30469, 34751, 35941, 36195, 37120, 37785, 38021, 40671, 40839, 108357, 109022, 110532, 112005, 112558, 133168, 133192, 133394, 199058, 204202, 206783, 214511, 222199, 222222, 232309, 250638, 258882, 309189, 320690, 331063, 342316, 342392, 345330, 364463, 365341, 365376, 367077, 367181, 367283, 367379, 369580, 369599, 370106, 372535, 381574, 383564, 386334, 396134, 398960, 412501, 412616, 425285, 428207, 430306, 430577, 434584, 438128, 441550, 441585, 473657, 479613, 489991, 502708, 503383, 505035, 513559, 516997, 547023, 572443, 582328, 589218]
11,2,[6749, 7657]
12,2,[9743, 17865]
15,10,[1441, 56611, 66502, 74748, 80057, 104980, 138774, 145599, 148809, 156661]
16,3,[15726, 35035, 35608]
17,24,[16095, 27361, 31514, 32377, 32412, 34122, 34225, 34326, 34423, 36674, 36692, 49177, 68299, 91657, 95241, 97151, 101621, 103250, 115498, 127723, 162866, 176212, 177101, 201712]
19,5,[1348, 5151, 10878, 20278, 21793]
21,3,[19189, 27168, 32564]
23,1,[4942]
24,2,[3155, 17407]
26,7,[1684, 18196, 28249, 29709, 37638, 39777, 60028]
27,13,[3298, 3716, 8146, 14421, 14536, 24300, 27601, 68737, 70722, 87226, 87344, 102931, 104532]
30,71,[11522, 30375, 34653, 35843, 36097, 37022, 37687, 37923, 40573, 40741, 108246, 108911, 110421, 111894, 112447, 133056, 133080, 133282, 198926, 204060, 206641, 214369, 222049, 222072, 232159, 250485, 258726, 309031, 320531, 330904, 342157, 342233, 345171, 364300, 365178, 365213, 366914, 367018, 367120, 367216, 369417, 369436, 369943, 372372, 381411, 383401, 386171, 395968, 398794, 412335, 412450, 425119, 428040, 430136, 430407, 434414, 437958, 441380, 441415, 473487, 479445, 489831, 502539, 503214, 504866, 513390, 516825, 546848, 572263, 582148, 589033]
10,71,[11616, 30469, 34751, 35941, 36195, 37120, 37785, 38021, 40671, 40839, 108357, 109022, 110532, 112005, 112558, 133168, 133192, 133394, 199058, 204202, 206783, 214511, 222199, 222222, 232309, 250638, 258882, 309189, 320690, 331063, 342316, 342392, 345330, 364463, 365341, 365376, 367077, 367181, 367283, 367379, 369580, 369599, 370106, 372535, 381574, 383564, 386334, 396134, 398960, 412501, 412616, 425285, 428207, 430306, 430577, 434584, 438128, 441550, 441585, 473657, 479613, 489991, 502708, 503383, 505035, 513559, 516997, 547023, 572443, 582328, 589218]
11,2,[6749, 7657]
12,2,[9743, 17865]
15,10,[1441, 56611, 66502, 74748, 80057, 104980, 138774, 145599, 148809, 156661]
16,3,[15726, 35035, 35608]
17,24,[16095, 27361, 31514, 32377, 32412, 34122, 34225, 34326, 34423, 36674, 36692, 49177, 68299, 91657, 95241, 97151, 101621, 103250, 115498, 127723, 162866, 176212, 177101, 201712]
19,5,[1348, 5151, 10878, 20278, 21793]
21,3,[19189, 27168, 32564]
23,1,[4942]
24,2,[3155, 17407]
26,7,[1684, 18196, 28249, 29709, 37638, 39777, 60028]
27,13,[3298, 3716, 8146, 14421, 14536, 24300, 27601, 68737, 70722, 87226, 87344, 102931, 104532]
30,71,[11522, 30375, 34653, 35843, 36097, 37022, 37687, 37923, 40573, 40741, 108246, 108911, 110421, 111894, 112447, 133056, 133080, 133282, 198926, 204060, 206641, 214369, 222049, 222072, 232159, 250485, 258726, 309031, 320531, 330904, 342157, 342233, 345171, 364300, 365178, 365213, 366914, 367018, 367120, 367216, 369417, 369436, 369943, 372372, 381411, 383401, 386171, 395968, 398794, 412335, 412450, 425119, 428040, 430136, 430407, 434414, 437958, 441380, 441415, 473487, 479445, 489831, 502539, 503214, 504866, 513390, 516825, 546848, 572263, 582148, 589033]
