10,7,[93838, 182291, 244867, 376760, 438456, 444003, 472049]
14,33,[186, 242, 1462, 35445, 51573, 63378, 63399, 63427, 63474, 63622, 63635, 63719, 63736, 63761, 86711, 86751, 86801, 86810, 86853, 86893, 87002, 87028, 87518, 87526, 93384, 93434, 102764, 154276, 187683, 187711, 187758, 193084, 198328]
15,10,[10741, 65850, 93990, 94034, 94214, 94241, 94255, 98510, 106542, 128203]
17,2,[105596, 199232]
19,3,[6728, 6734, 16888]
21,1,[27221]
22,7,[28231, 28486, 31254, 33703, 39615, 122651, 122899]
23,1,[16452]
25,35,[404, 451, 1680, 34103, 49477, 60895, 60915, 60943, 60990, 61125, 61136, 61207, 61224, 61247, 61321, 83038, 83077, 83127, 83136, 83175, 83212, 83315, 83339, 83824, 83832, 89431, 89481, 98625, 147742, 179951, 179979, 180026, 184942, 196649, 200662]
27,1,[67722]
30,7,[93731, 182168, 244714, 376597, 438286, 443833, 471879]
10,7,[93838, 182291, 244867, 376760, 438456, 444003, 472049]
14,33,[186, 242, 1462, 35445, 51573, 63378, 63399, 63427, 63474, 63622, 63635, 63719, 63736, 63761, 86711, 86751, 86801, 86810, 86853, 86893, 87002, 87028, 87518, 87526, 93384, 93434, 102764, 154276, 187683, 187711, 187758, 193084, 198328]
15,10,[10741, 65850, 93990, 94034, 94214, 94241, 94255, 98510, 106542, 128203]
17,2,[105596, 199232]
19,3,[6728, 6734, 16888]
21,1,[27221]
22,7,[28231, 28486, 31254, 33703, 39615, 122651, 122899]
23,1,[16452]
25,35,[404, 451, 1680, 34103, 49477, 60895, 60915, 60943, 60990, 61125, 61136, 61207, 61224, 61247, 61321, 83038, 83077, 83127, 83136, 83175, 83212, 83315, 83339, 83824, 83832, 89431, 89481, 98625, 147742, 179951, 179979, 180026, 184942, 196649, 200662]
27,1,[67722]
30,7,[93731, 182168, 244714, 376597, 438286, 443833, 471879]
