10,12,[38586, 38979, 118746, 222793, 302400, 303495, 337452, 347469, 351253, 353092, 487240, 526735]
12,1,[17211]
14,3,[10491, 46298, 134196]
15,32,[908, 915, 16137, 19243, 29620, 33151, 33178, 38374, 40142, 51340, 51341, 51406, 51566, 53354, 55145, 55955, 79321, 80973, 89185, 109197, 113976, 121330, 121342, 152283, 154015, 154017, 154041, 154100, 155238, 166098, 168311, 171432]
16,7,[8516, 13850, 13854, 13869, 31599, 32947, 37567]
17,1,[137775]
19,1,[11170]
20,1,[59481]
21,2,[20959, 28635]
22,72,[3092, 4026, 4233, 8183, 8185, 17782, 19487, 19977, 22606, 22727, 23223, 23338, 24177, 25093, 36913, 37645, 37919, 37939, 37959, 39895, 40467, 47599, 50492, 53963, 53969, 54763, 58897, 59770, 59805, 59853, 59901, 66584, 71101, 72371, 80164, 82502, 90879, 100871, 107998, 109139, 109170, 109263, 109275, 109351, 109939, 110039, 111236, 111239, 112645, 112856, 116096, 116184, 118466, 119998, 123287, 124773, 125528, 128187, 128390, 130256, 137568, 137571, 137574, 139980, 139981, 139984, 140007, 142328, 146780, 157829, 158062, 158218]
23,5,[4212, 20738, 24218, 24770, 26691]
24,1,[3691]
25,2,[10679, 128448]
26,1,[60759]
27,3,[13238, 26698, 73039]
28,2,[5802, 8082]
30,12,[38488, 38881, 118635, 222643, 302242, 303337, 337293, 347310, 351094, 352933, 487077, 526563]
10,12,[38586, 38979, 118746, 222793, 302400, 303495, 337452, 347469, 351253, 353092, 487240, 526735]
12,1,[17211]
14,3,[10491, 46298, 134196]
15,32,[908, 915, 16137, 19243, 29620, 33151, 33178, 38374, 40142, 51340, 51341, 51406, 51566, 53354, 55145, 55955, 79321, 80973, 89185, 109197, 113976, 121330, 121342, 152283, 154015, 154017, 154041, 154100, 155238, 166098, 168311, 171432]
16,7,[8516, 13850, 13854, 13869, 31599, 32947, 37567]
17,1,[137775]
19,1,[11170]
20,1,[59481]
21,2,[20959, 28635]
22,72,[3092, 4026, 4233, 8183, 8185, 17782, 19487, 19977, 22606, 22727, 23223, 23338, 24177, 25093, 36913, 37645, 37919, 37939, 37959, 39895, 40467, 47599, 50492, 53963, 53969, 54763, 58897, 59770, 59805, 59853, 59901, 66584, 71101, 72371, 80164, 82502, 90879, 100871, 107998, 109139, 109170, 109263, 109275, 109351, 109939, 110039, 111236, 111239, 112645, 112856, 116096, 116184, 118466, 119998, 123287, 124773, 125528, 128187, 128390, 130256, 137568, 137571, 137574, 139980, 139981, 139984, 140007, 142328, 146780, 157829, 158062, 158218]
23,5,[4212, 20738, 24218, 24770, 26691]
24,1,[3691]
25,2,[10679, 128448]
26,1,[60759]
27,3,[13238, 26698, 73039]
28,2,[5802, 8082]
30,12,[38488, 38881, 118635, 222643, 302242, 303337, 337293, 347310, 351094, 352933, 487077, 526563]
