10,1,[280162]
13,1,[1034]
14,3,[6203, 34758, 95911]
15,11,[23143, 36302, 59438, 65063, 66334, 82872, 97077, 98605, 110372, 112791, 156563]
16,1,[8807]
17,1,[136132]
18,5,[33401, 77762, 83715, 108102, 126281]
20,2,[938, 51244]
22,2,[21891, 23385]
23,3,[207, 11756, 29192]
25,3,[6510, 33468, 91853]
26,2,[1303, 52301]
27,5,[45806, 48814, 50358, 54258, 105082]
30,1,[280007]
10,1,[280162]
13,1,[1034]
14,3,[6203, 34758, 95911]
15,11,[23143, 36302, 59438, 65063, 66334, 82872, 97077, 98605, 110372, 112791, 156563]
16,1,[8807]
17,1,[136132]
18,5,[33401, 77762, 83715, 108102, 126281]
20,2,[938, 51244]
22,2,[21891, 23385]
23,3,[207, 11756, 29192]
25,3,[6510, 33468, 91853]
26,2,[1303, 52301]
27,5,[45806, 48814, 50358, 54258, 105082]
30,1,[280007]
