10,4,[164546, 465089, 465370, 465487]
15,12,[27215, 51003, 83982, 84007, 84009, 84023, 84025, 100967, 108232, 111690, 158855, 169602]
22,11,[6167, 7654, 35628, 37590, 80510, 82656, 82731, 82761, 82764, 97006, 115412]
23,1,[16768]
28,1,[9722]
30,4,[164423, 464918, 465199, 465316]
10,4,[164546, 465089, 465370, 465487]
15,12,[27215, 51003, 83982, 84007, 84009, 84023, 84025, 100967, 108232, 111690, 158855, 169602]
22,11,[6167, 7654, 35628, 37590, 80510, 82656, 82731, 82761, 82764, 97006, 115412]
23,1,[16768]
28,1,[9722]
30,4,[164423, 464918, 465199, 465316]
