11,6,[134, 1749, 11976, 18143, 18195, 18212]
12,1,[12435]
13,1,[2451]
15,1,[80124]
16,2,[12424, 30384]
20,1,[62837]
21,1,[26601]
22,7,[65399, 66386, 69227, 69302, 105337, 134055, 134458]
23,1,[15402]
24,2,[10621, 39001]
26,1,[64180]
27,5,[26139, 36817, 90582, 90743, 107311]
11,6,[134, 1749, 11976, 18143, 18195, 18212]
12,1,[12435]
13,1,[2451]
15,1,[80124]
16,2,[12424, 30384]
20,1,[62837]
21,1,[26601]
22,7,[65399, 66386, 69227, 69302, 105337, 134055, 134458]
23,1,[15402]
24,2,[10621, 39001]
26,1,[64180]
27,5,[26139, 36817, 90582, 90743, 107311]
