10,19,[102182, 102344, 118647, 139228, 146225, 146856, 150035, 152765, 165741, 186861, 187096, 197758, 249151, 250170, 251429, 314358, 329889, 598252, 622312]
11,1,[7949]
15,3,[66146, 126387, 151395]
18,3,[10815, 26981, 28699]
22,1,[129206]
26,1,[30842]
27,4,[24072, 65906, 69324, 104318]
30,19,[102075, 102237, 118536, 139116, 146112, 146743, 149922, 152652, 165618, 186729, 186964, 197626, 248998, 250017, 251276, 314199, 329730, 598061, 622060]
10,19,[102182, 102344, 118647, 139228, 146225, 146856, 150035, 152765, 165741, 186861, 187096, 197758, 249151, 250170, 251429, 314358, 329889, 598252, 622312]
11,1,[7949]
15,3,[66146, 126387, 151395]
18,3,[10815, 26981, 28699]
22,1,[129206]
26,1,[30842]
27,4,[24072, 65906, 69324, 104318]
30,19,[102075, 102237, 118536, 139116, 146112, 146743, 149922, 152652, 165618, 186729, 186964, 197626, 248998, 250017, 251276, 314199, 329730, 598061, 622060]
