10,1,[587932]
15,2,[66016, 86382]
16,1,[27039]
17,6,[67404, 68640, 93729, 118268, 130585, 133487]
18,9,[9041, 11671, 19420, 34903, 39094, 46375, 73048, 113625, 130473]
20,2,[43186, 66124]
21,1,[13195]
22,2,[20250, 117508]
23,10,[1533, 11211, 13272, 15939, 18226, 21768, 22477, 25077, 27183, 27331]
26,2,[44136, 67543]
27,2,[24220, 90214]
30,1,[587747]
10,1,[587932]
15,2,[66016, 86382]
16,1,[27039]
17,6,[67404, 68640, 93729, 118268, 130585, 133487]
18,9,[9041, 11671, 19420, 34903, 39094, 46375, 73048, 113625, 130473]
20,2,[43186, 66124]
21,1,[13195]
22,2,[20250, 117508]
23,10,[1533, 11211, 13272, 15939, 18226, 21768, 22477, 25077, 27183, 27331]
26,2,[44136, 67543]
27,2,[24220, 90214]
30,1,[587747]
