10,115,[75838, 103895, 103911, 103928, 103994, 104049, 137290, 140952, 140976, 141108, 141178, 141211, 141221, 141226, 141231, 141236, 141241, 141246, 141251, 141256, 141271, 141275, 141279, 141284, 141300, 141332, 141344, 141349, 141354, 141365, 141369, 141373, 141377, 141389, 141394, 141404, 141434, 141444, 141455, 141459, 141463, 141467, 141478, 141482, 141486, 141491, 141503, 141513, 141518, 141534, 141553, 141558, 141562, 141566, 141577, 141582, 141586, 141591, 141603, 141613, 141617, 141621, 141664, 141672, 236473, 241279, 242230, 242267, 242274, 242279, 242283, 242288, 242293, 242302, 242307, 242312, 242416, 242477, 242484, 242489, 242494, 242499, 242504, 242514, 242519, 242545, 242550, 242559, 242563, 242568, 242573, 242582, 242587, 242592, 242597, 242607, 242612, 242617, 242633, 242637, 242660, 242665, 242670, 242675, 242685, 242690, 242695, 242700, 246673, 261651, 273412, 446760, 459372, 461690, 461741]
14,2,[100107, 117838]
15,1,[139238]
21,1,[10911]
22,2,[27562, 31351]
25,2,[96084, 112776]
30,115,[75735, 103788, 103804, 103821, 103887, 103942, 137178, 140840, 140864, 140996, 141066, 141099, 141109, 141114, 141119, 141124, 141129, 141134, 141139, 141144, 141159, 141163, 141167, 141172, 141188, 141220, 141232, 141237, 141242, 141253, 141257, 141261, 141265, 141277, 141282, 141292, 141322, 141332, 141343, 141347, 141351, 141355, 141366, 141370, 141374, 141379, 141391, 141401, 141406, 141422, 141441, 141446, 141450, 141454, 141465, 141470, 141474, 141479, 141491, 141501, 141505, 141509, 141552, 141560, 236323, 241126, 242077, 242114, 242121, 242126, 242130, 242135, 242140, 242149, 242154, 242159, 242263, 242324, 242331, 242336, 242341, 242346, 242351, 242361, 242366, 242392, 242397, 242406, 242410, 242415, 242420, 242429, 242434, 242439, 242444, 242454, 242459, 242464, 242480, 242484, 242507, 242512, 242517, 242522, 242532, 242537, 242542, 242547, 246520, 261495, 273256, 446590, 459202, 461520, 461571]
10,115,[75838, 103895, 103911, 103928, 103994, 104049, 137290, 140952, 140976, 141108, 141178, 141211, 141221, 141226, 141231, 141236, 141241, 141246, 141251, 141256, 141271, 141275, 141279, 141284, 141300, 141332, 141344, 141349, 141354, 141365, 141369, 141373, 141377, 141389, 141394, 141404, 141434, 141444, 141455, 141459, 141463, 141467, 141478, 141482, 141486, 141491, 141503, 141513, 141518, 141534, 141553, 141558, 141562, 141566, 141577, 141582, 141586, 141591, 141603, 141613, 141617, 141621, 141664, 141672, 236473, 241279, 242230, 242267, 242274, 242279, 242283, 242288, 242293, 242302, 242307, 242312, 242416, 242477, 242484, 242489, 242494, 242499, 242504, 242514, 242519, 242545, 242550, 242559, 242563, 242568, 242573, 242582, 242587, 242592, 242597, 242607, 242612, 242617, 242633, 242637, 242660, 242665, 242670, 242675, 242685, 242690, 242695, 242700, 246673, 261651, 273412, 446760, 459372, 461690, 461741]
14,2,[100107, 117838]
15,1,[139238]
21,1,[10911]
22,2,[27562, 31351]
25,2,[96084, 112776]
30,115,[75735, 103788, 103804, 103821, 103887, 103942, 137178, 140840, 140864, 140996, 141066, 141099, 141109, 141114, 141119, 141124, 141129, 141134, 141139, 141144, 141159, 141163, 141167, 141172, 141188, 141220, 141232, 141237, 141242, 141253, 141257, 141261, 141265, 141277, 141282, 141292, 141322, 141332, 141343, 141347, 141351, 141355, 141366, 141370, 141374, 141379, 141391, 141401, 141406, 141422, 141441, 141446, 141450, 141454, 141465, 141470, 141474, 141479, 141491, 141501, 141505, 141509, 141552, 141560, 236323, 241126, 242077, 242114, 242121, 242126, 242130, 242135, 242140, 242149, 242154, 242159, 242263, 242324, 242331, 242336, 242341, 242346, 242351, 242361, 242366, 242392, 242397, 242406, 242410, 242415, 242420, 242429, 242434, 242439, 242444, 242454, 242459, 242464, 242480, 242484, 242507, 242512, 242517, 242522, 242532, 242537, 242542, 242547, 246520, 261495, 273256, 446590, 459202, 461520, 461571]
