10,7,[87373, 87385, 107407, 216580, 458651, 459585, 626606]
15,2,[3652, 35040]
17,5,[95214, 117658, 120401, 123449, 173402]
18,8,[34865, 45260, 46933, 52019, 92654, 113009, 146246, 146545]
20,6,[946, 7444, 12692, 34780, 34783, 42079]
21,1,[8293]
22,2,[92197, 92388]
26,6,[1311, 7967, 13279, 35669, 35672, 43012]
30,7,[87266, 87278, 107296, 216438, 458481, 459415, 626349]
10,7,[87373, 87385, 107407, 216580, 458651, 459585, 626606]
15,2,[3652, 35040]
17,5,[95214, 117658, 120401, 123449, 173402]
18,8,[34865, 45260, 46933, 52019, 92654, 113009, 146246, 146545]
20,6,[946, 7444, 12692, 34780, 34783, 42079]
21,1,[8293]
22,2,[92197, 92388]
26,6,[1311, 7967, 13279, 35669, 35672, 43012]
30,7,[87266, 87278, 107296, 216438, 458481, 459415, 626349]
