14,215,[3260, 4253, 5168, 6055, 6808, 7455, 8117, 9510, 10794, 11702, 12979, 13986, 14876, 15652, 16717, 17511, 18482, 19431, 20232, 20983, 21691, 22448, 23431, 24468, 25718, 26289, 27152, 28240, 29028, 29945, 30777, 31612, 32490, 33457, 34247, 34944, 35804, 36725, 37897, 39319, 39949, 40843, 41696, 42560, 43377, 44309, 45424, 46514, 47535, 48411, 49100, 49945, 50927, 52025, 53195, 54259, 55221, 56116, 56820, 57523, 58352, 59535, 60678, 61337, 62174, 62979, 64452, 65470, 66476, 67301, 68152, 69124, 69763, 70520, 71264, 72007, 72878, 73419, 74212, 75078, 76028, 76986, 77974, 79286, 80223, 81260, 82801, 83870, 85032, 86177, 87431, 88591, 89664, 90513, 91634, 92824, 93793, 94776, 95771, 96481, 97391, 98289, 99063, 100360, 101371, 102157, 103170, 103921, 104580, 105356, 105376, 105378, 106128, 107023, 108141, 109105, 109900, 110618, 111369, 111975, 112645, 113424, 114325, 115035, 115713, 116872, 117628, 118349, 119003, 119650, 120479, 121306, 121971, 122838, 123737, 124817, 125596, 126359, 127317, 128349, 129237, 130064, 130678, 131245, 131950, 132879, 133681, 134961, 136225, 137239, 138158, 139298, 140477, 141434, 142153, 143306, 144304, 144967, 145636, 146521, 147386, 148115, 148736, 149330, 149962, 150584, 151271, 151937, 152811, 153730, 154549, 155279, 156021, 156862, 157602, 158588, 160320, 161761, 163135, 164100, 164993, 166233, 167045, 168094, 169101, 170188, 171198, 172235, 172954, 173431, 174091, 175069, 176064, 176954, 177432, 178023, 178955, 180038, 181465, 182513, 183338, 183958, 184583, 185663, 186541, 187381, 189177, 189226, 190415, 191281, 192201, 193356, 194167, 194910, 195772]
18,12,[13352, 34054, 59337, 72447, 72955, 86812, 90607, 95183, 95362, 95484, 100155, 104982]
20,1,[7470]
22,1,[115222]
25,3,[101101, 101103, 116168]
26,1,[7993]
14,215,[3260, 4253, 5168, 6055, 6808, 7455, 8117, 9510, 10794, 11702, 12979, 13986, 14876, 15652, 16717, 17511, 18482, 19431, 20232, 20983, 21691, 22448, 23431, 24468, 25718, 26289, 27152, 28240, 29028, 29945, 30777, 31612, 32490, 33457, 34247, 34944, 35804, 36725, 37897, 39319, 39949, 40843, 41696, 42560, 43377, 44309, 45424, 46514, 47535, 48411, 49100, 49945, 50927, 52025, 53195, 54259, 55221, 56116, 56820, 57523, 58352, 59535, 60678, 61337, 62174, 62979, 64452, 65470, 66476, 67301, 68152, 69124, 69763, 70520, 71264, 72007, 72878, 73419, 74212, 75078, 76028, 76986, 77974, 79286, 80223, 81260, 82801, 83870, 85032, 86177, 87431, 88591, 89664, 90513, 91634, 92824, 93793, 94776, 95771, 96481, 97391, 98289, 99063, 100360, 101371, 102157, 103170, 103921, 104580, 105356, 105376, 105378, 106128, 107023, 108141, 109105, 109900, 110618, 111369, 111975, 112645, 113424, 114325, 115035, 115713, 116872, 117628, 118349, 119003, 119650, 120479, 121306, 121971, 122838, 123737, 124817, 125596, 126359, 127317, 128349, 129237, 130064, 130678, 131245, 131950, 132879, 133681, 134961, 136225, 137239, 138158, 139298, 140477, 141434, 142153, 143306, 144304, 144967, 145636, 146521, 147386, 148115, 148736, 149330, 149962, 150584, 151271, 151937, 152811, 153730, 154549, 155279, 156021, 156862, 157602, 158588, 160320, 161761, 163135, 164100, 164993, 166233, 167045, 168094, 169101, 170188, 171198, 172235, 172954, 173431, 174091, 175069, 176064, 176954, 177432, 178023, 178955, 180038, 181465, 182513, 183338, 183958, 184583, 185663, 186541, 187381, 189177, 189226, 190415, 191281, 192201, 193356, 194167, 194910, 195772]
18,12,[13352, 34054, 59337, 72447, 72955, 86812, 90607, 95183, 95362, 95484, 100155, 104982]
20,1,[7470]
22,1,[115222]
25,3,[101101, 101103, 116168]
26,1,[7993]
