10,10,[587891, 599154, 599176, 599197, 609343, 610303, 618436, 625433, 626793, 626929]
15,1,[63884]
17,17,[723, 740, 13502, 14002, 69343, 98293, 101027, 103611, 104027, 104952, 109418, 111111, 145474, 145728, 172416, 216482, 217050]
18,1,[144502]
20,2,[16367, 59587]
23,3,[211, 1041, 17378]
24,1,[5190]
26,2,[17016, 60868]
27,2,[80930, 105539]
30,10,[587706, 598957, 598979, 599000, 609131, 610086, 618184, 625176, 626536, 626672]
10,10,[587891, 599154, 599176, 599197, 609343, 610303, 618436, 625433, 626793, 626929]
15,1,[63884]
17,17,[723, 740, 13502, 14002, 69343, 98293, 101027, 103611, 104027, 104952, 109418, 111111, 145474, 145728, 172416, 216482, 217050]
18,1,[144502]
20,2,[16367, 59587]
23,3,[211, 1041, 17378]
24,1,[5190]
26,2,[17016, 60868]
27,2,[80930, 105539]
30,10,[587706, 598957, 598979, 599000, 609131, 610086, 618184, 625176, 626536, 626672]
