11,2,[14472, 17336]
12,2,[6591, 18151]
14,115,[5528, 7652, 7666, 11201, 14382, 17780, 17830, 18910, 19608, 19627, 19636, 19650, 19679, 19727, 22802, 31115, 37090, 41979, 42024, 43679, 43734, 44457, 44549, 44600, 44642, 44690, 44740, 46922, 47886, 50285, 50328, 51373, 53731, 57645, 57653, 57663, 57707, 57712, 57749, 57787, 57857, 58810, 60105, 60940, 64845, 65901, 68566, 70743, 70785, 70824, 72365, 72409, 75325, 75417, 75460, 75479, 76356, 77464, 79657, 84287, 84304, 86537, 89047, 90645, 90762, 92066, 106412, 106459, 107249, 107294, 110123, 112823, 112980, 114466, 114546, 114589, 118570, 120701, 123192, 124143, 127735, 136566, 136626, 139619, 141583, 144491, 144545, 145826, 145880, 146877, 148871, 148909, 150775, 157797, 157911, 162252, 163426, 164373, 166385, 166450, 166501, 167425, 167435, 168434, 170480, 174389, 175384, 176443, 178349, 182857, 190010, 190704, 192645, 196146, 197314]
16,2,[10740, 12845]
19,1,[16036]
22,18,[26344, 33439, 33873, 51446, 51666, 51681, 51683, 51703, 51718, 51719, 51721, 51742, 51744, 51746, 51781, 130031, 130153, 146424]
23,1,[2617]
24,3,[4566, 27537, 28233]
25,112,[5886, 7936, 7948, 11363, 14387, 17490, 17541, 18536, 19178, 19197, 19226, 19277, 22315, 30081, 35734, 40355, 40400, 41909, 41964, 42638, 42725, 42810, 42850, 42897, 42904, 42944, 45112, 46044, 48312, 48350, 49303, 51593, 55286, 55294, 55304, 55349, 55354, 55374, 55402, 55445, 55512, 56493, 57735, 58494, 62822, 62851, 65387, 67479, 67516, 67552, 68958, 69000, 71740, 71826, 71870, 71888, 72806, 73867, 76062, 80576, 80593, 82877, 85375, 86886, 87004, 88218, 102059, 102106, 102858, 102904, 105701, 108144, 108290, 109671, 109734, 109775, 113549, 115644, 118079, 118955, 122360, 130749, 130801, 133812, 135667, 138521, 139778, 139831, 140868, 142766, 142806, 144524, 151109, 151214, 155509, 157565, 159458, 159517, 159566, 160536, 160546, 161523, 163526, 167396, 168309, 169335, 171032, 175410, 182274, 183347, 184536, 187976]
27,2,[12347, 25044]
11,2,[14472, 17336]
12,2,[6591, 18151]
14,115,[5528, 7652, 7666, 11201, 14382, 17780, 17830, 18910, 19608, 19627, 19636, 19650, 19679, 19727, 22802, 31115, 37090, 41979, 42024, 43679, 43734, 44457, 44549, 44600, 44642, 44690, 44740, 46922, 47886, 50285, 50328, 51373, 53731, 57645, 57653, 57663, 57707, 57712, 57749, 57787, 57857, 58810, 60105, 60940, 64845, 65901, 68566, 70743, 70785, 70824, 72365, 72409, 75325, 75417, 75460, 75479, 76356, 77464, 79657, 84287, 84304, 86537, 89047, 90645, 90762, 92066, 106412, 106459, 107249, 107294, 110123, 112823, 112980, 114466, 114546, 114589, 118570, 120701, 123192, 124143, 127735, 136566, 136626, 139619, 141583, 144491, 144545, 145826, 145880, 146877, 148871, 148909, 150775, 157797, 157911, 162252, 163426, 164373, 166385, 166450, 166501, 167425, 167435, 168434, 170480, 174389, 175384, 176443, 178349, 182857, 190010, 190704, 192645, 196146, 197314]
16,2,[10740, 12845]
19,1,[16036]
22,18,[26344, 33439, 33873, 51446, 51666, 51681, 51683, 51703, 51718, 51719, 51721, 51742, 51744, 51746, 51781, 130031, 130153, 146424]
23,1,[2617]
24,3,[4566, 27537, 28233]
25,112,[5886, 7936, 7948, 11363, 14387, 17490, 17541, 18536, 19178, 19197, 19226, 19277, 22315, 30081, 35734, 40355, 40400, 41909, 41964, 42638, 42725, 42810, 42850, 42897, 42904, 42944, 45112, 46044, 48312, 48350, 49303, 51593, 55286, 55294, 55304, 55349, 55354, 55374, 55402, 55445, 55512, 56493, 57735, 58494, 62822, 62851, 65387, 67479, 67516, 67552, 68958, 69000, 71740, 71826, 71870, 71888, 72806, 73867, 76062, 80576, 80593, 82877, 85375, 86886, 87004, 88218, 102059, 102106, 102858, 102904, 105701, 108144, 108290, 109671, 109734, 109775, 113549, 115644, 118079, 118955, 122360, 130749, 130801, 133812, 135667, 138521, 139778, 139831, 140868, 142766, 142806, 144524, 151109, 151214, 155509, 157565, 159458, 159517, 159566, 160536, 160546, 161523, 163526, 167396, 168309, 169335, 171032, 175410, 182274, 183347, 184536, 187976]
27,2,[12347, 25044]
