15,7,[8322, 8635, 8651, 8832, 13239, 114013, 147453]
16,1,[8001]
22,4,[18417, 135358, 143030, 161624]
23,7,[9925, 17315, 18908, 18966, 26708, 29495, 29516]
24,20,[4696, 5690, 5894, 9459, 9468, 9487, 12228, 14494, 21425, 21573, 22033, 22160, 23562, 23633, 28909, 30107, 35576, 36547, 36585, 44174]
27,13,[7083, 7204, 25450, 25661, 26302, 26601, 28564, 36548, 58798, 72621, 74688, 75002, 76925]
15,7,[8322, 8635, 8651, 8832, 13239, 114013, 147453]
16,1,[8001]
22,4,[18417, 135358, 143030, 161624]
23,7,[9925, 17315, 18908, 18966, 26708, 29495, 29516]
24,20,[4696, 5690, 5894, 9459, 9468, 9487, 12228, 14494, 21425, 21573, 22033, 22160, 23562, 23633, 28909, 30107, 35576, 36547, 36585, 44174]
27,13,[7083, 7204, 25450, 25661, 26302, 26601, 28564, 36548, 58798, 72621, 74688, 75002, 76925]
