15,6,[45957, 46031, 65464, 74036, 74056, 101457]
18,17,[8227, 11157, 11212, 17768, 17802, 26262, 51375, 51748, 72348, 72484, 72570, 82178, 99784, 101318, 105060, 131206, 131493]
21,3,[1794, 1864, 7331]
22,13,[4158, 4763, 5263, 5265, 5277, 9040, 27042, 92852, 94229, 94783, 112955, 143361, 143635]
27,4,[6714, 6727, 10771, 51491]
15,6,[45957, 46031, 65464, 74036, 74056, 101457]
18,17,[8227, 11157, 11212, 17768, 17802, 26262, 51375, 51748, 72348, 72484, 72570, 82178, 99784, 101318, 105060, 131206, 131493]
21,3,[1794, 1864, 7331]
22,13,[4158, 4763, 5263, 5265, 5277, 9040, 27042, 92852, 94229, 94783, 112955, 143361, 143635]
27,4,[6714, 6727, 10771, 51491]
