10,5,[601605, 601614, 608542, 609168, 609846]
14,13,[22676, 39360, 46767, 66669, 67510, 70711, 75334, 112099, 116093, 133029, 139735, 150203, 160579]
15,7,[36043, 44114, 92772, 102462, 107873, 113768, 132355]
17,4,[142453, 142556, 142891, 143638]
18,24,[4859, 4948, 10272, 11093, 16426, 16843, 17433, 19498, 20474, 22840, 32485, 39411, 46348, 49145, 51562, 53011, 53625, 58407, 62549, 69020, 76930, 78945, 87612, 101902]
20,2,[10132, 55793]
22,10,[7759, 19563, 29761, 29771, 91759, 91906, 91958, 107341, 122035, 149174]
25,15,[22192, 37854, 44942, 64387, 66083, 67447, 71749, 79340, 107488, 111160, 127360, 133930, 144008, 153738, 154293]
26,4,[10684, 56950, 57432, 62386]
27,1,[105202]
30,5,[601408, 601417, 608330, 608956, 609634]
10,5,[601605, 601614, 608542, 609168, 609846]
14,13,[22676, 39360, 46767, 66669, 67510, 70711, 75334, 112099, 116093, 133029, 139735, 150203, 160579]
15,7,[36043, 44114, 92772, 102462, 107873, 113768, 132355]
17,4,[142453, 142556, 142891, 143638]
18,24,[4859, 4948, 10272, 11093, 16426, 16843, 17433, 19498, 20474, 22840, 32485, 39411, 46348, 49145, 51562, 53011, 53625, 58407, 62549, 69020, 76930, 78945, 87612, 101902]
20,2,[10132, 55793]
22,10,[7759, 19563, 29761, 29771, 91759, 91906, 91958, 107341, 122035, 149174]
25,15,[22192, 37854, 44942, 64387, 66083, 67447, 71749, 79340, 107488, 111160, 127360, 133930, 144008, 153738, 154293]
26,4,[10684, 56950, 57432, 62386]
27,1,[105202]
30,5,[601408, 601417, 608330, 608956, 609634]
