10,8,[508314, 519970, 530702, 548883, 568676, 579598, 582111, 609065]
13,1,[3332]
15,15,[1879, 41956, 42688, 43184, 67035, 71330, 75268, 81857, 86160, 96891, 99650, 111435, 125524, 127170, 156231]
16,1,[37550]
17,33,[3593, 3726, 4045, 72864, 97030, 97038, 98892, 99647, 100130, 108562, 109072, 109543, 131037, 132607, 132691, 132699, 132744, 133011, 141257, 144433, 145212, 145247, 145752, 145755, 145773, 145776, 150476, 150779, 170146, 179786, 213210, 213281, 213284]
18,51,[7385, 8733, 9361, 11280, 13120, 15097, 19841, 31396, 37513, 37646, 37705, 39602, 39629, 39638, 41364, 41763, 47496, 52619, 53847, 56329, 59786, 63042, 77643, 79577, 82121, 84053, 88511, 92577, 93920, 95675, 100452, 101705, 104711, 108032, 116865, 119257, 123095, 127717, 131367, 133729, 134102, 134637, 136448, 138100, 141140, 141179, 142177, 142694, 145677, 147190, 148694]
21,10,[3625, 20372, 23218, 25779, 26777, 26843, 27652, 28201, 33866, 33932]
22,1,[62747]
23,7,[7807, 11380, 20130, 23875, 28142, 28180, 28655]
24,3,[12863, 13504, 22073]
26,6,[3207, 17672, 18674, 39979, 45042, 55776]
27,14,[14734, 17063, 20696, 33295, 55991, 60977, 74693, 79151, 90635, 95094, 103748, 105049, 106961, 107280]
30,8,[508145, 519798, 530527, 548708, 568496, 579418, 581931, 608853]
10,8,[508314, 519970, 530702, 548883, 568676, 579598, 582111, 609065]
13,1,[3332]
15,15,[1879, 41956, 42688, 43184, 67035, 71330, 75268, 81857, 86160, 96891, 99650, 111435, 125524, 127170, 156231]
16,1,[37550]
17,33,[3593, 3726, 4045, 72864, 97030, 97038, 98892, 99647, 100130, 108562, 109072, 109543, 131037, 132607, 132691, 132699, 132744, 133011, 141257, 144433, 145212, 145247, 145752, 145755, 145773, 145776, 150476, 150779, 170146, 179786, 213210, 213281, 213284]
18,51,[7385, 8733, 9361, 11280, 13120, 15097, 19841, 31396, 37513, 37646, 37705, 39602, 39629, 39638, 41364, 41763, 47496, 52619, 53847, 56329, 59786, 63042, 77643, 79577, 82121, 84053, 88511, 92577, 93920, 95675, 100452, 101705, 104711, 108032, 116865, 119257, 123095, 127717, 131367, 133729, 134102, 134637, 136448, 138100, 141140, 141179, 142177, 142694, 145677, 147190, 148694]
21,10,[3625, 20372, 23218, 25779, 26777, 26843, 27652, 28201, 33866, 33932]
22,1,[62747]
23,7,[7807, 11380, 20130, 23875, 28142, 28180, 28655]
24,3,[12863, 13504, 22073]
26,6,[3207, 17672, 18674, 39979, 45042, 55776]
27,14,[14734, 17063, 20696, 33295, 55991, 60977, 74693, 79151, 90635, 95094, 103748, 105049, 106961, 107280]
30,8,[508145, 519798, 530527, 548708, 568496, 579418, 581931, 608853]
