15,4,[71359, 112555, 113786, 114848]
18,51,[16064, 19910, 19934, 29453, 32002, 34502, 39192, 42140, 42567, 43188, 43763, 45054, 48625, 49921, 51609, 54012, 55267, 56341, 65041, 76147, 78855, 78980, 79337, 79397, 79410, 91816, 92161, 95215, 95917, 99508, 99922, 109058, 110208, 112071, 112094, 115669, 118062, 120958, 123968, 123977, 124539, 125519, 127165, 128729, 128741, 128876, 136264, 137220, 139220, 139931, 143872]
21,1,[3995]
22,10,[62764, 64162, 64272, 68484, 71971, 71972, 72023, 72025, 72027, 72137]
23,1,[6971]
27,3,[12095, 36248, 47048]
15,4,[71359, 112555, 113786, 114848]
18,51,[16064, 19910, 19934, 29453, 32002, 34502, 39192, 42140, 42567, 43188, 43763, 45054, 48625, 49921, 51609, 54012, 55267, 56341, 65041, 76147, 78855, 78980, 79337, 79397, 79410, 91816, 92161, 95215, 95917, 99508, 99922, 109058, 110208, 112071, 112094, 115669, 118062, 120958, 123968, 123977, 124539, 125519, 127165, 128729, 128741, 128876, 136264, 137220, 139220, 139931, 143872]
21,1,[3995]
22,10,[62764, 64162, 64272, 68484, 71971, 71972, 72023, 72025, 72027, 72137]
23,1,[6971]
27,3,[12095, 36248, 47048]
