10,14,[519425, 540909, 540996, 541004, 541159, 546485, 558009, 558888, 558928, 564323, 596275, 596285, 639530, 639720]
15,31,[243, 7003, 7006, 7007, 7125, 7220, 18563, 22192, 22544, 22589, 22660, 22877, 22967, 28436, 28548, 33982, 34315, 60684, 69098, 83303, 89976, 90621, 91012, 91666, 91708, 92343, 92817, 93420, 108546, 130489, 161493]
16,1,[14328]
20,2,[18280, 43634]
21,2,[18719, 27381]
22,4,[40913, 126138, 155813, 161512]
23,1,[18630]
24,25,[4294, 5395, 7125, 7140, 8504, 8863, 9644, 9846, 12276, 12297, 17301, 21295, 24062, 26376, 26378, 28301, 30550, 30631, 31321, 31535, 31653, 32959, 35655, 41730, 41747]
26,2,[18985, 44591]
27,7,[26496, 41295, 41502, 41696, 44241, 64481, 86260]
28,1,[2394]
30,14,[519253, 540734, 540821, 540829, 540984, 546310, 557831, 558710, 558750, 564145, 596084, 596094, 639255, 639445]
10,14,[519425, 540909, 540996, 541004, 541159, 546485, 558009, 558888, 558928, 564323, 596275, 596285, 639530, 639720]
15,31,[243, 7003, 7006, 7007, 7125, 7220, 18563, 22192, 22544, 22589, 22660, 22877, 22967, 28436, 28548, 33982, 34315, 60684, 69098, 83303, 89976, 90621, 91012, 91666, 91708, 92343, 92817, 93420, 108546, 130489, 161493]
16,1,[14328]
20,2,[18280, 43634]
21,2,[18719, 27381]
22,4,[40913, 126138, 155813, 161512]
23,1,[18630]
24,25,[4294, 5395, 7125, 7140, 8504, 8863, 9644, 9846, 12276, 12297, 17301, 21295, 24062, 26376, 26378, 28301, 30550, 30631, 31321, 31535, 31653, 32959, 35655, 41730, 41747]
26,2,[18985, 44591]
27,7,[26496, 41295, 41502, 41696, 44241, 64481, 86260]
28,1,[2394]
30,14,[519253, 540734, 540821, 540829, 540984, 546310, 557831, 558710, 558750, 564145, 596084, 596094, 639255, 639445]
