8,1,[406]
9,1,[2108]
10,10,[190396, 534522, 539816, 540020, 564422, 565210, 594416, 602483, 621527, 627111]
11,14,[2787, 4987, 6229, 6667, 7342, 8153, 10126, 10465, 10534, 11233, 11485, 11508, 15916, 18052]
12,23,[916, 938, 945, 2988, 3005, 5061, 6351, 6655, 7484, 8190, 8792, 8925, 9229, 9550, 10214, 13415, 13689, 15584, 17281, 18076, 18463, 19940, 20173]
15,37,[5713, 7810, 10713, 18698, 20672, 24195, 26964, 27555, 28405, 30407, 30909, 44161, 46296, 46720, 63375, 63405, 66745, 67053, 67538, 70473, 76124, 76454, 99072, 99084, 100381, 100604, 100668, 100680, 100789, 100849, 100895, 100901, 132902, 134836, 148156, 154219, 154410]
16,11,[172, 9654, 15988, 17102, 19883, 20682, 21913, 21938, 33948, 35568, 35896]
17,64,[5603, 15034, 15298, 15315, 15325, 20717, 22682, 42017, 42047, 42054, 42289, 42320, 43624, 45502, 45511, 45689, 85678, 85725, 85732, 86314, 86336, 89571, 108447, 109260, 109270, 115546, 115558, 115664, 115946, 116705, 116717, 117992, 120190, 123377, 123397, 124021, 124260, 124984, 125984, 128664, 130315, 140939, 141059, 141603, 142372, 145731, 145757, 145814, 146151, 146212, 146567, 149535, 151371, 154034, 163891, 168665, 168703, 170427, 189573, 190057, 198378, 198388, 199604, 215846]
18,51,[4896, 5394, 6340, 6720, 10117, 10132, 11571, 16316, 19759, 34787, 34800, 41695, 41963, 42656, 43178, 43552, 43705, 46074, 50946, 50985, 52871, 53263, 54348, 58586, 59762, 60688, 60725, 64073, 64240, 72161, 75278, 92796, 93369, 95170, 98043, 98540, 99485, 99498, 100937, 128863, 131387, 131492, 139883, 139907, 140318, 140391, 141093, 143072, 143569, 146366, 146557]
20,2,[6372, 32223]
21,2,[8929, 17934]
22,2,[71186, 72046]
23,7,[7855, 13600, 18424, 18698, 26820, 27124, 29302]
24,18,[4927, 17006, 18177, 22418, 22445, 22952, 24653, 24911, 25979, 26205, 27947, 28823, 32563, 33228, 34188, 39993, 44475, 44786]
26,2,[6892, 33095]
27,57,[6166, 6659, 18105, 18815, 21809, 22016, 22763, 25140, 28221, 28699, 28918, 32694, 34832, 35868, 36214, 36236, 45837, 45994, 46918, 46986, 48029, 51360, 52137, 52834, 53230, 53452, 58015, 61415, 61492, 63756, 68101, 68215, 72714, 72963, 82481, 82544, 88990, 90464, 92765, 92788, 95703, 95988, 95990, 96748, 96900, 96904, 98566, 99140, 99218, 99225, 101290, 101474, 102302, 107329, 108484, 108539, 109583]
30,10,[190264, 534347, 539641, 539845, 564244, 565030, 594225, 602286, 621275, 626854]
8,1,[406]
9,1,[2108]
10,10,[190396, 534522, 539816, 540020, 564422, 565210, 594416, 602483, 621527, 627111]
11,14,[2787, 4987, 6229, 6667, 7342, 8153, 10126, 10465, 10534, 11233, 11485, 11508, 15916, 18052]
12,23,[916, 938, 945, 2988, 3005, 5061, 6351, 6655, 7484, 8190, 8792, 8925, 9229, 9550, 10214, 13415, 13689, 15584, 17281, 18076, 18463, 19940, 20173]
15,37,[5713, 7810, 10713, 18698, 20672, 24195, 26964, 27555, 28405, 30407, 30909, 44161, 46296, 46720, 63375, 63405, 66745, 67053, 67538, 70473, 76124, 76454, 99072, 99084, 100381, 100604, 100668, 100680, 100789, 100849, 100895, 100901, 132902, 134836, 148156, 154219, 154410]
16,11,[172, 9654, 15988, 17102, 19883, 20682, 21913, 21938, 33948, 35568, 35896]
17,64,[5603, 15034, 15298, 15315, 15325, 20717, 22682, 42017, 42047, 42054, 42289, 42320, 43624, 45502, 45511, 45689, 85678, 85725, 85732, 86314, 86336, 89571, 108447, 109260, 109270, 115546, 115558, 115664, 115946, 116705, 116717, 117992, 120190, 123377, 123397, 124021, 124260, 124984, 125984, 128664, 130315, 140939, 141059, 141603, 142372, 145731, 145757, 145814, 146151, 146212, 146567, 149535, 151371, 154034, 163891, 168665, 168703, 170427, 189573, 190057, 198378, 198388, 199604, 215846]
18,51,[4896, 5394, 6340, 6720, 10117, 10132, 11571, 16316, 19759, 34787, 34800, 41695, 41963, 42656, 43178, 43552, 43705, 46074, 50946, 50985, 52871, 53263, 54348, 58586, 59762, 60688, 60725, 64073, 64240, 72161, 75278, 92796, 93369, 95170, 98043, 98540, 99485, 99498, 100937, 128863, 131387, 131492, 139883, 139907, 140318, 140391, 141093, 143072, 143569, 146366, 146557]
20,2,[6372, 32223]
21,2,[8929, 17934]
22,2,[71186, 72046]
23,7,[7855, 13600, 18424, 18698, 26820, 27124, 29302]
24,18,[4927, 17006, 18177, 22418, 22445, 22952, 24653, 24911, 25979, 26205, 27947, 28823, 32563, 33228, 34188, 39993, 44475, 44786]
26,2,[6892, 33095]
27,57,[6166, 6659, 18105, 18815, 21809, 22016, 22763, 25140, 28221, 28699, 28918, 32694, 34832, 35868, 36214, 36236, 45837, 45994, 46918, 46986, 48029, 51360, 52137, 52834, 53230, 53452, 58015, 61415, 61492, 63756, 68101, 68215, 72714, 72963, 82481, 82544, 88990, 90464, 92765, 92788, 95703, 95988, 95990, 96748, 96900, 96904, 98566, 99140, 99218, 99225, 101290, 101474, 102302, 107329, 108484, 108539, 109583]
30,10,[190264, 534347, 539641, 539845, 564244, 565030, 594225, 602286, 621275, 626854]
