10,2,[598989, 602555]
14,9,[2206, 44494, 63874, 93016, 101651, 117910, 151531, 184108, 188208]
15,12,[538, 668, 3785, 24353, 37820, 71095, 86200, 89937, 107901, 113725, 123175, 142027]
16,1,[25166]
18,16,[14780, 31472, 47090, 47102, 47185, 47548, 56442, 56997, 64990, 70194, 71549, 85331, 85963, 102723, 104614, 127620]
21,1,[17900]
25,12,[2509, 42672, 61387, 89083, 89335, 97501, 112348, 112846, 145217, 176607, 179337, 180480]
27,4,[3415, 4298, 39323, 42335]
30,2,[598798, 602358]
10,2,[598989, 602555]
14,9,[2206, 44494, 63874, 93016, 101651, 117910, 151531, 184108, 188208]
15,12,[538, 668, 3785, 24353, 37820, 71095, 86200, 89937, 107901, 113725, 123175, 142027]
16,1,[25166]
18,16,[14780, 31472, 47090, 47102, 47185, 47548, 56442, 56997, 64990, 70194, 71549, 85331, 85963, 102723, 104614, 127620]
21,1,[17900]
25,12,[2509, 42672, 61387, 89083, 89335, 97501, 112348, 112846, 145217, 176607, 179337, 180480]
27,4,[3415, 4298, 39323, 42335]
30,2,[598798, 602358]
