11,5,[6190, 14983, 15906, 17062, 19366]
12,5,[1775, 3963, 4722, 5638, 16711]
13,1,[1033]
15,10,[9666, 12299, 23113, 26105, 50757, 50949, 55876, 99704, 128498, 146444]
16,10,[6190, 18460, 18602, 19711, 24755, 24766, 25342, 25528, 30165, 33291]
18,2,[69078, 90449]
20,2,[37630, 64950]
21,1,[20395]
22,13,[71000, 71015, 71017, 71021, 71070, 71072, 71084, 105725, 139903, 139971, 140026, 140119, 144552]
23,4,[324, 16698, 19559, 24010]
24,2,[19542, 32238]
26,5,[6244, 29748, 38547, 59000, 66355]
27,20,[4985, 8985, 14730, 23633, 26010, 29848, 30029, 33282, 35446, 54092, 57667, 73156, 74284, 81198, 87982, 94278, 96344, 106545, 107598, 107813]
11,5,[6190, 14983, 15906, 17062, 19366]
12,5,[1775, 3963, 4722, 5638, 16711]
13,1,[1033]
15,10,[9666, 12299, 23113, 26105, 50757, 50949, 55876, 99704, 128498, 146444]
16,10,[6190, 18460, 18602, 19711, 24755, 24766, 25342, 25528, 30165, 33291]
18,2,[69078, 90449]
20,2,[37630, 64950]
21,1,[20395]
22,13,[71000, 71015, 71017, 71021, 71070, 71072, 71084, 105725, 139903, 139971, 140026, 140119, 144552]
23,4,[324, 16698, 19559, 24010]
24,2,[19542, 32238]
26,5,[6244, 29748, 38547, 59000, 66355]
27,20,[4985, 8985, 14730, 23633, 26010, 29848, 30029, 33282, 35446, 54092, 57667, 73156, 74284, 81198, 87982, 94278, 96344, 106545, 107598, 107813]
