12,1,[5229]
14,1,[159486]
15,2,[101599, 107508]
18,6,[37936, 42522, 57045, 61674, 130330, 148193]
20,3,[11930, 38346, 39889]
22,9,[56838, 57012, 61534, 61538, 61543, 61545, 62034, 62255, 87463]
23,1,[22218]
25,1,[152629]
26,2,[12516, 39289]
27,4,[1503, 60668, 63399, 94315]
12,1,[5229]
14,1,[159486]
15,2,[101599, 107508]
18,6,[37936, 42522, 57045, 61674, 130330, 148193]
20,3,[11930, 38346, 39889]
22,9,[56838, 57012, 61534, 61538, 61543, 61545, 62034, 62255, 87463]
23,1,[22218]
25,1,[152629]
26,2,[12516, 39289]
27,4,[1503, 60668, 63399, 94315]
