11,5,[2776, 2814, 3075, 3310, 3385]
15,20,[2211, 42058, 56228, 56384, 70143, 80932, 80986, 84749, 84796, 87887, 87900, 108027, 112438, 112934, 139868, 141283, 141292, 164981, 165945, 166232]
16,2,[17213, 30420]
19,4,[8835, 8888, 20299, 20302]
21,3,[8005, 9347, 13311]
27,2,[33843, 87444]
11,5,[2776, 2814, 3075, 3310, 3385]
15,20,[2211, 42058, 56228, 56384, 70143, 80932, 80986, 84749, 84796, 87887, 87900, 108027, 112438, 112934, 139868, 141283, 141292, 164981, 165945, 166232]
16,2,[17213, 30420]
19,4,[8835, 8888, 20299, 20302]
21,3,[8005, 9347, 13311]
27,2,[33843, 87444]
