10,3,[369511, 374634, 541472]
15,13,[4395, 10825, 46099, 49744, 61362, 67385, 76636, 101880, 116809, 116833, 139203, 165366, 171281]
16,1,[32277]
17,2,[36605, 49968]
22,24,[14314, 19461, 22626, 22706, 24613, 32754, 32806, 35116, 37282, 38318, 40421, 40423, 40524, 40539, 53964, 95078, 95184, 95189, 95193, 95284, 118405, 121749, 121756, 122900]
23,1,[28985]
27,2,[8661, 82281]
30,3,[369348, 374471, 541297]
10,3,[369511, 374634, 541472]
15,13,[4395, 10825, 46099, 49744, 61362, 67385, 76636, 101880, 116809, 116833, 139203, 165366, 171281]
16,1,[32277]
17,2,[36605, 49968]
22,24,[14314, 19461, 22626, 22706, 24613, 32754, 32806, 35116, 37282, 38318, 40421, 40423, 40524, 40539, 53964, 95078, 95184, 95189, 95193, 95284, 118405, 121749, 121756, 122900]
23,1,[28985]
27,2,[8661, 82281]
30,3,[369348, 374471, 541297]
