14,19,[103969, 104098, 104182, 104190, 104200, 167771, 167774, 167784, 167804, 167835, 167924, 168027, 168197, 168454, 168462, 168472, 184190, 199638, 201574]
15,1,[140969]
18,2,[30235, 72101]
21,1,[3338]
22,1,[15146]
24,1,[9870]
25,22,[99832, 99952, 100026, 100034, 100043, 160841, 160844, 160853, 160871, 160907, 160989, 161099, 161122, 161301, 161542, 161550, 161559, 176329, 176680, 193959, 201982, 203934]
14,19,[103969, 104098, 104182, 104190, 104200, 167771, 167774, 167784, 167804, 167835, 167924, 168027, 168197, 168454, 168462, 168472, 184190, 199638, 201574]
15,1,[140969]
18,2,[30235, 72101]
21,1,[3338]
22,1,[15146]
24,1,[9870]
25,22,[99832, 99952, 100026, 100034, 100043, 160841, 160844, 160853, 160871, 160907, 160989, 161099, 161122, 161301, 161542, 161550, 161559, 176329, 176680, 193959, 201982, 203934]
