10,24,[169327, 221345, 285402, 322983, 323627, 356087, 361758, 363787, 371778, 438493, 444514, 447092, 448419, 449635, 450080, 453961, 477278, 483594, 513493, 513641, 526359, 526447, 546784, 547013]
14,2,[72260, 132985]
15,2,[2270, 54011]
16,2,[31846, 31951]
17,42,[25408, 30757, 62242, 63189, 63582, 82338, 98651, 107105, 107113, 107128, 107143, 107239, 107272, 107299, 107356, 125798, 125860, 126472, 126497, 127513, 127544, 127873, 127890, 127908, 133190, 137855, 142576, 143393, 143408, 145428, 145975, 147203, 147552, 150311, 164069, 165622, 204411, 204428, 212811, 212844, 212885, 212901]
20,2,[4059, 30290]
22,5,[110353, 110760, 110766, 111120, 111859]
25,2,[68875, 127319]
26,2,[4557, 31138]
27,2,[35332, 49662]
30,24,[169204, 221195, 285246, 322824, 323468, 355928, 361598, 363624, 371615, 438323, 444344, 446922, 448249, 449465, 449910, 453791, 477109, 483429, 513324, 513472, 526187, 526275, 546609, 546838]
10,24,[169327, 221345, 285402, 322983, 323627, 356087, 361758, 363787, 371778, 438493, 444514, 447092, 448419, 449635, 450080, 453961, 477278, 483594, 513493, 513641, 526359, 526447, 546784, 547013]
14,2,[72260, 132985]
15,2,[2270, 54011]
16,2,[31846, 31951]
17,42,[25408, 30757, 62242, 63189, 63582, 82338, 98651, 107105, 107113, 107128, 107143, 107239, 107272, 107299, 107356, 125798, 125860, 126472, 126497, 127513, 127544, 127873, 127890, 127908, 133190, 137855, 142576, 143393, 143408, 145428, 145975, 147203, 147552, 150311, 164069, 165622, 204411, 204428, 212811, 212844, 212885, 212901]
20,2,[4059, 30290]
22,5,[110353, 110760, 110766, 111120, 111859]
25,2,[68875, 127319]
26,2,[4557, 31138]
27,2,[35332, 49662]
30,24,[169204, 221195, 285246, 322824, 323468, 355928, 361598, 363624, 371615, 438323, 444344, 446922, 448249, 449465, 449910, 453791, 477109, 483429, 513324, 513472, 526187, 526275, 546609, 546838]
