10,3,[527966, 590851, 613328]
15,6,[24169, 52527, 52533, 60656, 150148, 173252]
17,8,[28631, 96478, 119562, 176868, 192957, 198436, 199055, 203079]
22,1,[94700]
23,3,[23193, 23208, 24745]
24,1,[23514]
26,4,[8398, 8492, 9130, 19382]
27,1,[37925]
30,3,[527794, 590666, 613099]
10,3,[527966, 590851, 613328]
15,6,[24169, 52527, 52533, 60656, 150148, 173252]
17,8,[28631, 96478, 119562, 176868, 192957, 198436, 199055, 203079]
22,1,[94700]
23,3,[23193, 23208, 24745]
24,1,[23514]
26,4,[8398, 8492, 9130, 19382]
27,1,[37925]
30,3,[527794, 590666, 613099]
