12,1,[8750]
14,4,[10062, 26779, 36365, 79915]
15,9,[3369, 9119, 11669, 32638, 34157, 97981, 130193, 161433, 170446]
16,4,[12917, 15239, 19415, 29169]
18,1,[28486]
19,2,[379, 14487]
20,6,[3183, 23099, 42522, 51376, 58297, 59795]
22,15,[23994, 44879, 44898, 50655, 51132, 52962, 88928, 97985, 97989, 107188, 131959, 132143, 132163, 132192, 134410]
23,5,[5652, 7195, 9246, 23804, 27192]
24,1,[1981]
25,4,[10274, 25937, 35010, 76303]
26,6,[3666, 23869, 43457, 52433, 59487, 61081]
27,6,[33611, 43869, 81575, 82483, 101468, 108997]
12,1,[8750]
14,4,[10062, 26779, 36365, 79915]
15,9,[3369, 9119, 11669, 32638, 34157, 97981, 130193, 161433, 170446]
16,4,[12917, 15239, 19415, 29169]
18,1,[28486]
19,2,[379, 14487]
20,6,[3183, 23099, 42522, 51376, 58297, 59795]
22,15,[23994, 44879, 44898, 50655, 51132, 52962, 88928, 97985, 97989, 107188, 131959, 132143, 132163, 132192, 134410]
23,5,[5652, 7195, 9246, 23804, 27192]
24,1,[1981]
25,4,[10274, 25937, 35010, 76303]
26,6,[3666, 23869, 43457, 52433, 59487, 61081]
27,6,[33611, 43869, 81575, 82483, 101468, 108997]
