16,1,[13055]
18,43,[17, 30, 42, 54, 62, 75, 2080, 2119, 3463, 3632, 3639, 4269, 4607, 4686, 5927, 6102, 6947, 7037, 7065, 7082, 8792, 12100, 16125, 18954, 22064, 29508, 32187, 32263, 36832, 42091, 46163, 48266, 48720, 52096, 60395, 61282, 61568, 66899, 72826, 74052, 76433, 104393, 148952]
20,3,[1739, 7641, 34244]
21,3,[7963, 14989, 26075]
26,3,[2114, 8164, 35124]
16,1,[13055]
18,43,[17, 30, 42, 54, 62, 75, 2080, 2119, 3463, 3632, 3639, 4269, 4607, 4686, 5927, 6102, 6947, 7037, 7065, 7082, 8792, 12100, 16125, 18954, 22064, 29508, 32187, 32263, 36832, 42091, 46163, 48266, 48720, 52096, 60395, 61282, 61568, 66899, 72826, 74052, 76433, 104393, 148952]
20,3,[1739, 7641, 34244]
21,3,[7963, 14989, 26075]
26,3,[2114, 8164, 35124]
