6,1,[875]
10,7,[411538, 533698, 578690, 607439, 610015, 610122, 611774]
11,29,[178, 179, 692, 1916, 2159, 2160, 2267, 2293, 2460, 2486, 3067, 3257, 3287, 3742, 4351, 4508, 4685, 4771, 6625, 6656, 9755, 12953, 13918, 14372, 14516, 19325, 20403, 20617, 20668]
12,25,[205, 1085, 1127, 1264, 2236, 2366, 2472, 5911, 6058, 7238, 7271, 8429, 9957, 11324, 14593, 15328, 15478, 15504, 15768, 20362, 22919, 23067, 23242, 23255, 23298]
13,3,[14, 1841, 1855]
15,10,[5325, 30983, 67594, 73800, 99100, 114403, 123763, 127778, 143596, 146792]
16,30,[2990, 3117, 3118, 3440, 3472, 3532, 3726, 4404, 6799, 7103, 14082, 15209, 16199, 22030, 22031, 22406, 22975, 23077, 23078, 23369, 24176, 27014, 29757, 33392, 33628, 34002, 34854, 35316, 35502, 36832]
17,2,[127346, 216585]
18,2,[5906, 77826]
19,4,[7684, 7708, 11549, 11698]
20,15,[10015, 10029, 13260, 13398, 14082, 14846, 17594, 19287, 20999, 26918, 41829, 44030, 47391, 51657, 51779]
21,6,[7436, 11508, 12730, 30192, 30826, 31725]
22,17,[93982, 94158, 94415, 105156, 126376, 126407, 126415, 126427, 126456, 126916, 132857, 140161, 145983, 146127, 146161, 146419, 149090]
23,8,[2466, 3224, 11797, 21430, 21505, 21867, 25535, 27143]
24,4,[15206, 26959, 43869, 44392]
26,23,[10567, 10581, 13453, 13845, 13984, 14669, 15465, 17491, 18270, 19992, 21737, 27742, 31863, 42763, 44610, 44992, 48396, 49223, 49260, 52165, 52736, 52859, 55364]
27,32,[7448, 7457, 7966, 20495, 23813, 23941, 24046, 25416, 25957, 28139, 28140, 28782, 28783, 29746, 29845, 31238, 42958, 44275, 47453, 51856, 53433, 53434, 53522, 53630, 54710, 55806, 62274, 74623, 101946, 102001, 103994, 107857]
28,1,[10441]
30,7,[411372, 533523, 578510, 607232, 609798, 609905, 611551]
6,1,[875]
10,7,[411538, 533698, 578690, 607439, 610015, 610122, 611774]
11,29,[178, 179, 692, 1916, 2159, 2160, 2267, 2293, 2460, 2486, 3067, 3257, 3287, 3742, 4351, 4508, 4685, 4771, 6625, 6656, 9755, 12953, 13918, 14372, 14516, 19325, 20403, 20617, 20668]
12,25,[205, 1085, 1127, 1264, 2236, 2366, 2472, 5911, 6058, 7238, 7271, 8429, 9957, 11324, 14593, 15328, 15478, 15504, 15768, 20362, 22919, 23067, 23242, 23255, 23298]
13,3,[14, 1841, 1855]
15,10,[5325, 30983, 67594, 73800, 99100, 114403, 123763, 127778, 143596, 146792]
16,30,[2990, 3117, 3118, 3440, 3472, 3532, 3726, 4404, 6799, 7103, 14082, 15209, 16199, 22030, 22031, 22406, 22975, 23077, 23078, 23369, 24176, 27014, 29757, 33392, 33628, 34002, 34854, 35316, 35502, 36832]
17,2,[127346, 216585]
18,2,[5906, 77826]
19,4,[7684, 7708, 11549, 11698]
20,15,[10015, 10029, 13260, 13398, 14082, 14846, 17594, 19287, 20999, 26918, 41829, 44030, 47391, 51657, 51779]
21,6,[7436, 11508, 12730, 30192, 30826, 31725]
22,17,[93982, 94158, 94415, 105156, 126376, 126407, 126415, 126427, 126456, 126916, 132857, 140161, 145983, 146127, 146161, 146419, 149090]
23,8,[2466, 3224, 11797, 21430, 21505, 21867, 25535, 27143]
24,4,[15206, 26959, 43869, 44392]
26,23,[10567, 10581, 13453, 13845, 13984, 14669, 15465, 17491, 18270, 19992, 21737, 27742, 31863, 42763, 44610, 44992, 48396, 49223, 49260, 52165, 52736, 52859, 55364]
27,32,[7448, 7457, 7966, 20495, 23813, 23941, 24046, 25416, 25957, 28139, 28140, 28782, 28783, 29746, 29845, 31238, 42958, 44275, 47453, 51856, 53433, 53434, 53522, 53630, 54710, 55806, 62274, 74623, 101946, 102001, 103994, 107857]
28,1,[10441]
30,7,[411372, 533523, 578510, 607232, 609798, 609905, 611551]
