6,2,[3, 899]
10,372,[11033, 13790, 13966, 14650, 14772, 15165, 15257, 15307, 37941, 43714, 44695, 44747, 44761, 44772, 45011, 45509, 52001, 52041, 54449, 69330, 71642, 71993, 72150, 72188, 72208, 72226, 72253, 72288, 72316, 72608, 74976, 75000, 75009, 75060, 77917, 79014, 79970, 80556, 90291, 91057, 92051, 95862, 104235, 104253, 104271, 104310, 104409, 104471, 104478, 104513, 104539, 104544, 104566, 114287, 114443, 116663, 116665, 116674, 116685, 117763, 119211, 119214, 119894, 120936, 120945, 120953, 125515, 125623, 126436, 126466, 127574, 128494, 128955, 129307, 140780, 144146, 147235, 148328, 153486, 155435, 155879, 158246, 159270, 160154, 160549, 164382, 168112, 168121, 171533, 171580, 174941, 176865, 182424, 182922, 186165, 186891, 191979, 195275, 195303, 195989, 196843, 197285, 197300, 200880, 201237, 201275, 201283, 209844, 219506, 220611, 222375, 229384, 229392, 229401, 229681, 230046, 234336, 251111, 263489, 267074, 267537, 268439, 269497, 270094, 274124, 274377, 281319, 294218, 297871, 298091, 298690, 299332, 300406, 300414, 300974, 302303, 302723, 304862, 304872, 305416, 305564, 305791, 306457, 308009, 309338, 309350, 311872, 312126, 312527, 313197, 313870, 313886, 315281, 315562, 317636, 320683, 321490, 321663, 322732, 322869, 323177, 325433, 326976, 328899, 331822, 334168, 336353, 336409, 336467, 338229, 338292, 338364, 338665, 345654, 346542, 347529, 347954, 348201, 348621, 348811, 349343, 349526, 349815, 349998, 350063, 350691, 350835, 351529, 352441, 353700, 354631, 358972, 359367, 359568, 362948, 366843, 373373, 374566, 374651, 379524, 379876, 387145, 387236, 393282, 397588, 398543, 400621, 401480, 401481, 403653, 404877, 408285, 408409, 408491, 408578, 416649, 416969, 416998, 417287, 419615, 419821, 419822, 426723, 427160, 427339, 427907, 440433, 449168, 450515, 475583, 475584, 479089, 482494, 486618, 496911, 497683, 501565, 501583, 504610, 505198, 506327, 508457, 513327, 513736, 513873, 514046, 518633, 520311, 521483, 523023, 525158, 525176, 525620, 526200, 526567, 526713, 529314, 529805, 536367, 543726, 545815, 546683, 547581, 547661, 547844, 548596, 551775, 552355, 555534, 555561, 557066, 557195, 557893, 558169, 558535, 562166, 562177, 564294, 565383, 569375, 572872, 573578, 579920, 580247, 581120, 581954, 582262, 582500, 582929, 584188, 585035, 586532, 586570, 586573, 586599, 586682, 586764, 586814, 586822, 586849, 586904, 587029, 587119, 587145, 587280, 587378, 587406, 587417, 587564, 587623, 587695, 588244, 592992, 593181, 596395, 598142, 598219, 598677, 598680, 598690, 599230, 599247, 599758, 599760, 599893, 600270, 600286, 601225, 608570, 608827, 608830, 609106, 609163, 609349, 610259, 615735, 618395, 618407, 618507, 618515, 618525, 619300, 620132, 620838, 620868, 621788, 623649, 625221, 626467, 629418, 629431, 630240, 630254, 630258, 630273, 631790, 632086, 632113, 632388, 633873, 633899, 635019, 635029, 636422, 636655, 638892, 640020, 640213, 640232, 640244, 640349, 640461]
11,1,[4373]
13,1,[1004]
14,221,[931, 946, 2962, 4004, 4886, 5881, 6505, 7240, 7962, 9288, 10540, 11471, 12740, 13731, 14665, 15434, 16416, 17304, 18189, 19223, 20009, 20785, 21471, 22188, 23200, 24172, 25553, 26087, 26849, 28003, 28770, 29697, 30473, 31418, 32261, 33242, 34053, 34687, 35562, 36443, 37529, 38703, 39183, 39646, 40676, 41475, 42328, 43145, 44037, 45052, 46218, 47266, 48227, 48917, 49607, 50616, 51717, 52909, 54030, 54888, 55968, 56621, 57250, 58122, 59203, 60473, 61141, 61941, 62755, 63640, 64124, 65225, 66269, 67098, 67910, 68926, 69556, 70332, 71112, 71719, 72717, 73185, 73966, 74821, 75747, 76743, 77785, 79012, 79979, 80871, 82473, 83634, 84803, 85923, 87037, 88271, 89383, 90299, 91361, 92662, 93547, 94580, 95572, 96245, 97111, 98084, 98839, 99689, 99949, 101098, 101906, 102876, 103714, 104335, 105162, 105816, 106789, 107640, 108928, 109690, 110438, 111191, 111802, 112446, 113204, 114047, 114872, 115444, 116618, 117461, 118090, 118810, 119377, 120290, 121076, 121807, 122584, 123489, 124521, 125392, 126002, 126971, 128154, 128989, 129874, 130496, 131059, 131692, 132714, 133410, 134658, 135888, 136999, 137918, 138984, 140093, 141266, 141793, 143010, 144089, 144810, 145441, 146178, 147173, 147943, 148498, 149148, 149800, 150389, 151024, 151724, 152616, 153486, 154344, 155071, 155807, 156630, 157376, 158283, 159933, 161466, 162811, 163816, 164716, 165692, 166024, 166759, 167741, 168820, 169880, 170861, 171973, 172771, 173283, 173878, 174844, 175779, 176766, 177302, 177799, 178708, 179598, 181090, 182256, 183133, 183974, 184340, 185337, 186322, 187197, 187968, 188461, 188956, 189751, 190210, 191075, 191820, 193100, 193991, 194717, 195510]
15,90,[1262, 2056, 5877, 6558, 6823, 11230, 13729, 13872, 13894, 16179, 30121, 30164, 30202, 30228, 30236, 35804, 37146, 37187, 37193, 39710, 44591, 50919, 51176, 52282, 52293, 55411, 56188, 58332, 63037, 63472, 64598, 69666, 69897, 70297, 70538, 70803, 70841, 72076, 74869, 78085, 79689, 81357, 87197, 87435, 88234, 90360, 95398, 95592, 97998, 98650, 103520, 103553, 104546, 106127, 109733, 110106, 110222, 118190, 129872, 132046, 135895, 137683, 137684, 139953, 144098, 145288, 145424, 145666, 146418, 147592, 147639, 147767, 147778, 147804, 147863, 147889, 148712, 150596, 155190, 155567, 155670, 159227, 162585, 164707, 169351, 172908, 173152, 173171, 173199, 173549]
16,6,[18213, 25138, 27336, 28326, 31020, 31037]
17,221,[12698, 14879, 17664, 20755, 22428, 23045, 23098, 24461, 24499, 27868, 28079, 28085, 28091, 28106, 28118, 28123, 28130, 28137, 28140, 28294, 28498, 28709, 29002, 30318, 30363, 30372, 30572, 33894, 38262, 41341, 41345, 44721, 45067, 46554, 46579, 52576, 54180, 57830, 60992, 61746, 67257, 67348, 67526, 67543, 67549, 67585, 67927, 68032, 68530, 68539, 68559, 68587, 68778, 68944, 68967, 69029, 69131, 69168, 69235, 69261, 69267, 69282, 69345, 69577, 70998, 71011, 72778, 72978, 75034, 78109, 81295, 81395, 84660, 85164, 85197, 85262, 86234, 87888, 87894, 92751, 92775, 92779, 92782, 92790, 92798, 92927, 92951, 92956, 93498, 93666, 93669, 93672, 93681, 93686, 93934, 93956, 93962, 93971, 94111, 94279, 94283, 94446, 95596, 97472, 98295, 104025, 104954, 104971, 104982, 107473, 108128, 108203, 108224, 108238, 108256, 109145, 110820, 110835, 110847, 111341, 111460, 111521, 112158, 117052, 118264, 119630, 119876, 122969, 122987, 123046, 123107, 123521, 123643, 124514, 124538, 124560, 126448, 126478, 126543, 127410, 127971, 128622, 128682, 129690, 129938, 130120, 131415, 131484, 135692, 136369, 136883, 138979, 139132, 139675, 141918, 142729, 142939, 145574, 147724, 147783, 149208, 149634, 149709, 150095, 150123, 150241, 152975, 159581, 159892, 160528, 162196, 164633, 164670, 164682, 164685, 164767, 164770, 164804, 164815, 164822, 164857, 165214, 167106, 168299, 172414, 172482, 172511, 172519, 172530, 172545, 172577, 173488, 175668, 175979, 188592, 188776, 188815, 189317, 189652, 189659, 196122, 196735, 198697, 198749, 198751, 198753, 204632, 206192, 206200, 207372, 207689, 208407, 209353, 211289, 212940, 213246, 215999, 216418, 216614, 217041, 217052]
18,8,[24821, 24827, 29117, 59986, 60843, 64570, 106790, 114324]
19,17,[69, 3752, 5207, 5584, 7668, 10320, 10571, 10577, 11290, 11546, 17417, 17424, 17735, 21195, 22273, 22776, 27626]
20,116,[36, 3382, 8741, 8743, 8757, 10175, 10209, 10259, 11307, 12838, 12840, 12911, 13031, 13057, 13100, 13148, 13408, 17449, 17585, 18888, 18892, 18904, 19482, 37618, 37636, 42358, 43990, 46448, 46514, 46518, 46563, 46636, 46941, 46985, 47037, 47154, 47367, 47381, 47837, 48150, 48154, 48236, 48239, 48284, 48325, 48353, 48380, 49456, 49902, 50932, 51058, 51083, 51176, 51287, 51341, 51437, 51500, 52149, 52537, 52632, 53262, 54000, 54137, 54399, 54484, 54545, 54551, 54610, 54644, 54880, 54894, 54915, 55566, 55668, 55716, 55789, 55812, 55837, 55909, 55934, 55954, 56007, 56088, 56685, 56712, 56836, 56837, 57432, 57497, 57683, 58027, 58133, 59317, 59338, 59349, 59475, 59689, 59748, 59815, 60183, 60673, 60881, 64589, 64592, 64639, 64676, 64725, 64758, 64761, 64785, 64807, 64822, 64831, 64894, 65219, 65690]
21,43,[461, 2470, 4852, 5064, 5112, 5212, 7751, 8480, 9549, 10011, 10115, 10276, 11491, 11526, 11577, 11610, 13027, 13032, 13068, 13070, 14615, 16125, 16192, 17531, 19319, 20243, 20815, 20826, 22132, 22611, 24037, 25393, 25473, 26589, 26784, 27760, 28192, 28919, 30620, 32937, 33437, 34322, 35526]
22,84,[9747, 18124, 18959, 20382, 35390, 39673, 46849, 46850, 46874, 46876, 46878, 46880, 46883, 46885, 46887, 46889, 46891, 46893, 46916, 46917, 46929, 46933, 46935, 46947, 46954, 46962, 47115, 47124, 47135, 47153, 47218, 47221, 47231, 47235, 47236, 47288, 47292, 47335, 47366, 47372, 47488, 47492, 47597, 47601, 47623, 47683, 47805, 50157, 55875, 63508, 86561, 91252, 92872, 95900, 96253, 96318, 98904, 98981, 99553, 103346, 107468, 109389, 110236, 110241, 110243, 110651, 112382, 112437, 132628, 133690, 133969, 133971, 133973, 135050, 137283, 137683, 137690, 143624, 147996, 148394, 149519, 157865, 157881, 158556]
23,32,[2704, 2782, 3945, 3983, 4012, 4023, 5908, 7489, 8765, 9701, 13072, 13682, 13791, 13799, 14192, 14213, 16229, 16366, 18336, 18726, 18732, 19450, 21164, 22229, 22338, 22347, 22353, 22586, 23567, 24773, 27050, 28811]
24,12,[3091, 4704, 7246, 10565, 15201, 21205, 37455, 37505, 39463, 39722, 39954, 41480]
25,3,[1071, 95805, 176459]
26,126,[394, 3867, 9283, 9285, 9299, 10378, 10393, 10480, 10727, 10761, 10811, 11880, 13425, 13427, 13498, 13614, 13640, 13683, 13685, 13732, 13993, 18116, 18261, 19596, 19599, 19611, 20191, 38535, 38553, 43286, 43289, 44950, 47454, 47518, 47522, 47567, 47640, 47945, 47988, 48040, 48157, 48369, 48385, 48848, 49162, 49166, 49250, 49253, 49297, 49339, 49369, 49396, 50503, 50948, 51988, 52114, 52140, 52232, 52343, 52397, 52499, 52565, 53231, 53636, 53734, 54366, 54387, 54676, 55162, 55301, 55561, 55645, 55706, 55712, 55772, 55806, 56042, 56056, 56076, 56724, 56828, 56876, 56947, 56968, 56993, 57069, 57094, 57114, 57168, 57245, 57835, 57861, 57984, 57985, 58599, 58665, 58857, 59213, 59254, 59321, 60576, 60598, 60609, 60753, 60973, 61033, 61101, 61477, 61964, 61971, 62178, 65954, 65989, 65992, 66039, 66076, 66125, 66158, 66161, 66185, 66209, 66224, 66233, 66296, 66632, 67104]
27,45,[6407, 7040, 26267, 30275, 40375, 40619, 41149, 42005, 52793, 53570, 54247, 54867, 59260, 59660, 66644, 67484, 73469, 75067, 75074, 77874, 78933, 80333, 80364, 81465, 87507, 88156, 89035, 89077, 89243, 89292, 89497, 90513, 91665, 93624, 94237, 95697, 95736, 96953, 98392, 98456, 101934, 104263, 105058, 107162, 108168]
28,16,[361, 2979, 3398, 3427, 3483, 4492, 9702, 10219, 10253, 10260, 10652, 10751, 11044, 11400, 11419, 11453]
30,372,[10939, 13696, 13872, 14556, 14678, 15071, 15163, 15213, 37843, 43616, 44597, 44649, 44663, 44674, 44913, 45411, 51903, 51943, 54350, 69227, 71539, 71890, 72047, 72085, 72105, 72123, 72150, 72185, 72213, 72505, 74873, 74897, 74906, 74957, 77814, 78907, 79863, 80449, 90184, 90950, 91944, 95755, 104128, 104146, 104164, 104203, 104302, 104364, 104371, 104406, 104432, 104437, 104459, 114176, 114332, 116552, 116554, 116563, 116574, 117652, 119100, 119103, 119783, 120825, 120834, 120842, 125404, 125512, 126325, 126355, 127463, 128382, 128843, 129195, 140668, 144033, 147122, 148215, 153373, 155322, 155766, 158133, 159157, 160040, 160435, 164259, 167989, 167998, 171410, 171457, 174818, 176742, 182292, 182790, 186033, 186759, 191847, 195143, 195171, 195857, 196711, 197153, 197168, 200738, 201095, 201133, 201141, 209702, 219356, 220461, 222225, 229234, 229242, 229251, 229531, 229896, 234186, 250958, 263333, 266918, 267381, 268283, 269341, 269938, 273968, 274221, 281164, 294061, 297713, 297933, 298532, 299174, 300248, 300256, 300816, 302145, 302565, 304704, 304714, 305258, 305406, 305633, 306299, 307851, 309180, 309192, 311713, 311967, 312368, 313038, 313711, 313727, 315122, 315403, 317477, 320524, 321331, 321504, 322573, 322710, 323018, 325274, 326817, 328740, 331663, 334009, 336194, 336250, 336308, 338070, 338133, 338205, 338506, 345495, 346383, 347370, 347795, 348042, 348462, 348652, 349184, 349367, 349656, 349839, 349904, 350532, 350676, 351370, 352282, 353541, 354472, 358812, 359207, 359408, 362788, 366680, 373210, 374403, 374488, 379361, 379713, 386982, 387073, 393116, 397422, 398377, 400455, 401314, 401315, 403487, 404711, 408119, 408243, 408325, 408412, 416483, 416803, 416832, 417121, 419449, 419655, 419656, 426557, 426994, 427173, 427740, 440263, 448998, 450345, 475413, 475414, 478921, 482328, 486455, 496742, 497514, 501396, 501414, 504441, 505029, 506158, 508288, 513158, 513567, 513704, 513877, 518461, 520139, 521311, 522851, 524986, 525004, 525448, 526028, 526395, 526541, 529139, 529630, 536192, 543551, 545640, 546508, 547406, 547486, 547669, 548421, 551597, 552177, 555356, 555383, 556888, 557017, 557715, 557991, 558357, 561988, 561999, 564116, 565203, 569195, 572692, 573398, 579740, 580067, 580940, 581774, 582082, 582320, 582749, 584008, 584850, 586347, 586385, 586388, 586414, 586497, 586579, 586629, 586637, 586664, 586719, 586844, 586934, 586960, 587095, 587193, 587221, 587232, 587379, 587438, 587510, 588059, 592801, 592990, 596204, 597951, 598028, 598486, 598489, 598499, 599033, 599050, 599561, 599563, 599696, 600073, 600089, 601028, 608358, 608615, 608618, 608894, 608951, 609137, 610042, 615496, 618143, 618155, 618255, 618263, 618273, 619048, 619880, 620586, 620616, 621536, 623395, 624967, 626210, 629155, 629168, 629977, 629991, 629995, 630010, 631515, 631811, 631838, 632113, 633598, 633624, 634744, 634754, 636147, 636380, 638617, 639745, 639938, 639957, 639969, 640074, 640186]
6,2,[3, 899]
10,372,[11033, 13790, 13966, 14650, 14772, 15165, 15257, 15307, 37941, 43714, 44695, 44747, 44761, 44772, 45011, 45509, 52001, 52041, 54449, 69330, 71642, 71993, 72150, 72188, 72208, 72226, 72253, 72288, 72316, 72608, 74976, 75000, 75009, 75060, 77917, 79014, 79970, 80556, 90291, 91057, 92051, 95862, 104235, 104253, 104271, 104310, 104409, 104471, 104478, 104513, 104539, 104544, 104566, 114287, 114443, 116663, 116665, 116674, 116685, 117763, 119211, 119214, 119894, 120936, 120945, 120953, 125515, 125623, 126436, 126466, 127574, 128494, 128955, 129307, 140780, 144146, 147235, 148328, 153486, 155435, 155879, 158246, 159270, 160154, 160549, 164382, 168112, 168121, 171533, 171580, 174941, 176865, 182424, 182922, 186165, 186891, 191979, 195275, 195303, 195989, 196843, 197285, 197300, 200880, 201237, 201275, 201283, 209844, 219506, 220611, 222375, 229384, 229392, 229401, 229681, 230046, 234336, 251111, 263489, 267074, 267537, 268439, 269497, 270094, 274124, 274377, 281319, 294218, 297871, 298091, 298690, 299332, 300406, 300414, 300974, 302303, 302723, 304862, 304872, 305416, 305564, 305791, 306457, 308009, 309338, 309350, 311872, 312126, 312527, 313197, 313870, 313886, 315281, 315562, 317636, 320683, 321490, 321663, 322732, 322869, 323177, 325433, 326976, 328899, 331822, 334168, 336353, 336409, 336467, 338229, 338292, 338364, 338665, 345654, 346542, 347529, 347954, 348201, 348621, 348811, 349343, 349526, 349815, 349998, 350063, 350691, 350835, 351529, 352441, 353700, 354631, 358972, 359367, 359568, 362948, 366843, 373373, 374566, 374651, 379524, 379876, 387145, 387236, 393282, 397588, 398543, 400621, 401480, 401481, 403653, 404877, 408285, 408409, 408491, 408578, 416649, 416969, 416998, 417287, 419615, 419821, 419822, 426723, 427160, 427339, 427907, 440433, 449168, 450515, 475583, 475584, 479089, 482494, 486618, 496911, 497683, 501565, 501583, 504610, 505198, 506327, 508457, 513327, 513736, 513873, 514046, 518633, 520311, 521483, 523023, 525158, 525176, 525620, 526200, 526567, 526713, 529314, 529805, 536367, 543726, 545815, 546683, 547581, 547661, 547844, 548596, 551775, 552355, 555534, 555561, 557066, 557195, 557893, 558169, 558535, 562166, 562177, 564294, 565383, 569375, 572872, 573578, 579920, 580247, 581120, 581954, 582262, 582500, 582929, 584188, 585035, 586532, 586570, 586573, 586599, 586682, 586764, 586814, 586822, 586849, 586904, 587029, 587119, 587145, 587280, 587378, 587406, 587417, 587564, 587623, 587695, 588244, 592992, 593181, 596395, 598142, 598219, 598677, 598680, 598690, 599230, 599247, 599758, 599760, 599893, 600270, 600286, 601225, 608570, 608827, 608830, 609106, 609163, 609349, 610259, 615735, 618395, 618407, 618507, 618515, 618525, 619300, 620132, 620838, 620868, 621788, 623649, 625221, 626467, 629418, 629431, 630240, 630254, 630258, 630273, 631790, 632086, 632113, 632388, 633873, 633899, 635019, 635029, 636422, 636655, 638892, 640020, 640213, 640232, 640244, 640349, 640461]
11,1,[4373]
13,1,[1004]
14,221,[931, 946, 2962, 4004, 4886, 5881, 6505, 7240, 7962, 9288, 10540, 11471, 12740, 13731, 14665, 15434, 16416, 17304, 18189, 19223, 20009, 20785, 21471, 22188, 23200, 24172, 25553, 26087, 26849, 28003, 28770, 29697, 30473, 31418, 32261, 33242, 34053, 34687, 35562, 36443, 37529, 38703, 39183, 39646, 40676, 41475, 42328, 43145, 44037, 45052, 46218, 47266, 48227, 48917, 49607, 50616, 51717, 52909, 54030, 54888, 55968, 56621, 57250, 58122, 59203, 60473, 61141, 61941, 62755, 63640, 64124, 65225, 66269, 67098, 67910, 68926, 69556, 70332, 71112, 71719, 72717, 73185, 73966, 74821, 75747, 76743, 77785, 79012, 79979, 80871, 82473, 83634, 84803, 85923, 87037, 88271, 89383, 90299, 91361, 92662, 93547, 94580, 95572, 96245, 97111, 98084, 98839, 99689, 99949, 101098, 101906, 102876, 103714, 104335, 105162, 105816, 106789, 107640, 108928, 109690, 110438, 111191, 111802, 112446, 113204, 114047, 114872, 115444, 116618, 117461, 118090, 118810, 119377, 120290, 121076, 121807, 122584, 123489, 124521, 125392, 126002, 126971, 128154, 128989, 129874, 130496, 131059, 131692, 132714, 133410, 134658, 135888, 136999, 137918, 138984, 140093, 141266, 141793, 143010, 144089, 144810, 145441, 146178, 147173, 147943, 148498, 149148, 149800, 150389, 151024, 151724, 152616, 153486, 154344, 155071, 155807, 156630, 157376, 158283, 159933, 161466, 162811, 163816, 164716, 165692, 166024, 166759, 167741, 168820, 169880, 170861, 171973, 172771, 173283, 173878, 174844, 175779, 176766, 177302, 177799, 178708, 179598, 181090, 182256, 183133, 183974, 184340, 185337, 186322, 187197, 187968, 188461, 188956, 189751, 190210, 191075, 191820, 193100, 193991, 194717, 195510]
15,90,[1262, 2056, 5877, 6558, 6823, 11230, 13729, 13872, 13894, 16179, 30121, 30164, 30202, 30228, 30236, 35804, 37146, 37187, 37193, 39710, 44591, 50919, 51176, 52282, 52293, 55411, 56188, 58332, 63037, 63472, 64598, 69666, 69897, 70297, 70538, 70803, 70841, 72076, 74869, 78085, 79689, 81357, 87197, 87435, 88234, 90360, 95398, 95592, 97998, 98650, 103520, 103553, 104546, 106127, 109733, 110106, 110222, 118190, 129872, 132046, 135895, 137683, 137684, 139953, 144098, 145288, 145424, 145666, 146418, 147592, 147639, 147767, 147778, 147804, 147863, 147889, 148712, 150596, 155190, 155567, 155670, 159227, 162585, 164707, 169351, 172908, 173152, 173171, 173199, 173549]
16,6,[18213, 25138, 27336, 28326, 31020, 31037]
17,221,[12698, 14879, 17664, 20755, 22428, 23045, 23098, 24461, 24499, 27868, 28079, 28085, 28091, 28106, 28118, 28123, 28130, 28137, 28140, 28294, 28498, 28709, 29002, 30318, 30363, 30372, 30572, 33894, 38262, 41341, 41345, 44721, 45067, 46554, 46579, 52576, 54180, 57830, 60992, 61746, 67257, 67348, 67526, 67543, 67549, 67585, 67927, 68032, 68530, 68539, 68559, 68587, 68778, 68944, 68967, 69029, 69131, 69168, 69235, 69261, 69267, 69282, 69345, 69577, 70998, 71011, 72778, 72978, 75034, 78109, 81295, 81395, 84660, 85164, 85197, 85262, 86234, 87888, 87894, 92751, 92775, 92779, 92782, 92790, 92798, 92927, 92951, 92956, 93498, 93666, 93669, 93672, 93681, 93686, 93934, 93956, 93962, 93971, 94111, 94279, 94283, 94446, 95596, 97472, 98295, 104025, 104954, 104971, 104982, 107473, 108128, 108203, 108224, 108238, 108256, 109145, 110820, 110835, 110847, 111341, 111460, 111521, 112158, 117052, 118264, 119630, 119876, 122969, 122987, 123046, 123107, 123521, 123643, 124514, 124538, 124560, 126448, 126478, 126543, 127410, 127971, 128622, 128682, 129690, 129938, 130120, 131415, 131484, 135692, 136369, 136883, 138979, 139132, 139675, 141918, 142729, 142939, 145574, 147724, 147783, 149208, 149634, 149709, 150095, 150123, 150241, 152975, 159581, 159892, 160528, 162196, 164633, 164670, 164682, 164685, 164767, 164770, 164804, 164815, 164822, 164857, 165214, 167106, 168299, 172414, 172482, 172511, 172519, 172530, 172545, 172577, 173488, 175668, 175979, 188592, 188776, 188815, 189317, 189652, 189659, 196122, 196735, 198697, 198749, 198751, 198753, 204632, 206192, 206200, 207372, 207689, 208407, 209353, 211289, 212940, 213246, 215999, 216418, 216614, 217041, 217052]
18,8,[24821, 24827, 29117, 59986, 60843, 64570, 106790, 114324]
19,17,[69, 3752, 5207, 5584, 7668, 10320, 10571, 10577, 11290, 11546, 17417, 17424, 17735, 21195, 22273, 22776, 27626]
20,116,[36, 3382, 8741, 8743, 8757, 10175, 10209, 10259, 11307, 12838, 12840, 12911, 13031, 13057, 13100, 13148, 13408, 17449, 17585, 18888, 18892, 18904, 19482, 37618, 37636, 42358, 43990, 46448, 46514, 46518, 46563, 46636, 46941, 46985, 47037, 47154, 47367, 47381, 47837, 48150, 48154, 48236, 48239, 48284, 48325, 48353, 48380, 49456, 49902, 50932, 51058, 51083, 51176, 51287, 51341, 51437, 51500, 52149, 52537, 52632, 53262, 54000, 54137, 54399, 54484, 54545, 54551, 54610, 54644, 54880, 54894, 54915, 55566, 55668, 55716, 55789, 55812, 55837, 55909, 55934, 55954, 56007, 56088, 56685, 56712, 56836, 56837, 57432, 57497, 57683, 58027, 58133, 59317, 59338, 59349, 59475, 59689, 59748, 59815, 60183, 60673, 60881, 64589, 64592, 64639, 64676, 64725, 64758, 64761, 64785, 64807, 64822, 64831, 64894, 65219, 65690]
21,43,[461, 2470, 4852, 5064, 5112, 5212, 7751, 8480, 9549, 10011, 10115, 10276, 11491, 11526, 11577, 11610, 13027, 13032, 13068, 13070, 14615, 16125, 16192, 17531, 19319, 20243, 20815, 20826, 22132, 22611, 24037, 25393, 25473, 26589, 26784, 27760, 28192, 28919, 30620, 32937, 33437, 34322, 35526]
22,84,[9747, 18124, 18959, 20382, 35390, 39673, 46849, 46850, 46874, 46876, 46878, 46880, 46883, 46885, 46887, 46889, 46891, 46893, 46916, 46917, 46929, 46933, 46935, 46947, 46954, 46962, 47115, 47124, 47135, 47153, 47218, 47221, 47231, 47235, 47236, 47288, 47292, 47335, 47366, 47372, 47488, 47492, 47597, 47601, 47623, 47683, 47805, 50157, 55875, 63508, 86561, 91252, 92872, 95900, 96253, 96318, 98904, 98981, 99553, 103346, 107468, 109389, 110236, 110241, 110243, 110651, 112382, 112437, 132628, 133690, 133969, 133971, 133973, 135050, 137283, 137683, 137690, 143624, 147996, 148394, 149519, 157865, 157881, 158556]
23,32,[2704, 2782, 3945, 3983, 4012, 4023, 5908, 7489, 8765, 9701, 13072, 13682, 13791, 13799, 14192, 14213, 16229, 16366, 18336, 18726, 18732, 19450, 21164, 22229, 22338, 22347, 22353, 22586, 23567, 24773, 27050, 28811]
24,12,[3091, 4704, 7246, 10565, 15201, 21205, 37455, 37505, 39463, 39722, 39954, 41480]
25,3,[1071, 95805, 176459]
26,126,[394, 3867, 9283, 9285, 9299, 10378, 10393, 10480, 10727, 10761, 10811, 11880, 13425, 13427, 13498, 13614, 13640, 13683, 13685, 13732, 13993, 18116, 18261, 19596, 19599, 19611, 20191, 38535, 38553, 43286, 43289, 44950, 47454, 47518, 47522, 47567, 47640, 47945, 47988, 48040, 48157, 48369, 48385, 48848, 49162, 49166, 49250, 49253, 49297, 49339, 49369, 49396, 50503, 50948, 51988, 52114, 52140, 52232, 52343, 52397, 52499, 52565, 53231, 53636, 53734, 54366, 54387, 54676, 55162, 55301, 55561, 55645, 55706, 55712, 55772, 55806, 56042, 56056, 56076, 56724, 56828, 56876, 56947, 56968, 56993, 57069, 57094, 57114, 57168, 57245, 57835, 57861, 57984, 57985, 58599, 58665, 58857, 59213, 59254, 59321, 60576, 60598, 60609, 60753, 60973, 61033, 61101, 61477, 61964, 61971, 62178, 65954, 65989, 65992, 66039, 66076, 66125, 66158, 66161, 66185, 66209, 66224, 66233, 66296, 66632, 67104]
27,45,[6407, 7040, 26267, 30275, 40375, 40619, 41149, 42005, 52793, 53570, 54247, 54867, 59260, 59660, 66644, 67484, 73469, 75067, 75074, 77874, 78933, 80333, 80364, 81465, 87507, 88156, 89035, 89077, 89243, 89292, 89497, 90513, 91665, 93624, 94237, 95697, 95736, 96953, 98392, 98456, 101934, 104263, 105058, 107162, 108168]
28,16,[361, 2979, 3398, 3427, 3483, 4492, 9702, 10219, 10253, 10260, 10652, 10751, 11044, 11400, 11419, 11453]
30,372,[10939, 13696, 13872, 14556, 14678, 15071, 15163, 15213, 37843, 43616, 44597, 44649, 44663, 44674, 44913, 45411, 51903, 51943, 54350, 69227, 71539, 71890, 72047, 72085, 72105, 72123, 72150, 72185, 72213, 72505, 74873, 74897, 74906, 74957, 77814, 78907, 79863, 80449, 90184, 90950, 91944, 95755, 104128, 104146, 104164, 104203, 104302, 104364, 104371, 104406, 104432, 104437, 104459, 114176, 114332, 116552, 116554, 116563, 116574, 117652, 119100, 119103, 119783, 120825, 120834, 120842, 125404, 125512, 126325, 126355, 127463, 128382, 128843, 129195, 140668, 144033, 147122, 148215, 153373, 155322, 155766, 158133, 159157, 160040, 160435, 164259, 167989, 167998, 171410, 171457, 174818, 176742, 182292, 182790, 186033, 186759, 191847, 195143, 195171, 195857, 196711, 197153, 197168, 200738, 201095, 201133, 201141, 209702, 219356, 220461, 222225, 229234, 229242, 229251, 229531, 229896, 234186, 250958, 263333, 266918, 267381, 268283, 269341, 269938, 273968, 274221, 281164, 294061, 297713, 297933, 298532, 299174, 300248, 300256, 300816, 302145, 302565, 304704, 304714, 305258, 305406, 305633, 306299, 307851, 309180, 309192, 311713, 311967, 312368, 313038, 313711, 313727, 315122, 315403, 317477, 320524, 321331, 321504, 322573, 322710, 323018, 325274, 326817, 328740, 331663, 334009, 336194, 336250, 336308, 338070, 338133, 338205, 338506, 345495, 346383, 347370, 347795, 348042, 348462, 348652, 349184, 349367, 349656, 349839, 349904, 350532, 350676, 351370, 352282, 353541, 354472, 358812, 359207, 359408, 362788, 366680, 373210, 374403, 374488, 379361, 379713, 386982, 387073, 393116, 397422, 398377, 400455, 401314, 401315, 403487, 404711, 408119, 408243, 408325, 408412, 416483, 416803, 416832, 417121, 419449, 419655, 419656, 426557, 426994, 427173, 427740, 440263, 448998, 450345, 475413, 475414, 478921, 482328, 486455, 496742, 497514, 501396, 501414, 504441, 505029, 506158, 508288, 513158, 513567, 513704, 513877, 518461, 520139, 521311, 522851, 524986, 525004, 525448, 526028, 526395, 526541, 529139, 529630, 536192, 543551, 545640, 546508, 547406, 547486, 547669, 548421, 551597, 552177, 555356, 555383, 556888, 557017, 557715, 557991, 558357, 561988, 561999, 564116, 565203, 569195, 572692, 573398, 579740, 580067, 580940, 581774, 582082, 582320, 582749, 584008, 584850, 586347, 586385, 586388, 586414, 586497, 586579, 586629, 586637, 586664, 586719, 586844, 586934, 586960, 587095, 587193, 587221, 587232, 587379, 587438, 587510, 588059, 592801, 592990, 596204, 597951, 598028, 598486, 598489, 598499, 599033, 599050, 599561, 599563, 599696, 600073, 600089, 601028, 608358, 608615, 608618, 608894, 608951, 609137, 610042, 615496, 618143, 618155, 618255, 618263, 618273, 619048, 619880, 620586, 620616, 621536, 623395, 624967, 626210, 629155, 629168, 629977, 629991, 629995, 630010, 631515, 631811, 631838, 632113, 633598, 633624, 634744, 634754, 636147, 636380, 638617, 639745, 639938, 639957, 639969, 640074, 640186]
