10,4,[402038, 447116, 447151, 602759]
14,437,[937, 1723, 2105, 2964, 2989, 4006, 4016, 4888, 4898, 5883, 5893, 6507, 6517, 7242, 7252, 7964, 7974, 9290, 9300, 10542, 10553, 11473, 11483, 12742, 12752, 13733, 13743, 14667, 14677, 15436, 15446, 16418, 16428, 17306, 17316, 18191, 18201, 19225, 19235, 20011, 20022, 20787, 20797, 21473, 21483, 22190, 22200, 23202, 23212, 24174, 24184, 25555, 25565, 26089, 26099, 26851, 26861, 28005, 28015, 28772, 28782, 29699, 29709, 30475, 30485, 31420, 31430, 32263, 32273, 33244, 33254, 34055, 34065, 34689, 34699, 35564, 35575, 36445, 36455, 37531, 37541, 38705, 38715, 39185, 39195, 39648, 39659, 40678, 40688, 41477, 41487, 42330, 42340, 43147, 43157, 44039, 44049, 45054, 45064, 46220, 46231, 47268, 47279, 48229, 48239, 48919, 48929, 49609, 49619, 50618, 50628, 51719, 51730, 52911, 52921, 54032, 54042, 54890, 54900, 55970, 55980, 56623, 56633, 57252, 57262, 58124, 58135, 59205, 59215, 60475, 60485, 61143, 61153, 61943, 61953, 62757, 62767, 63642, 63652, 64126, 64136, 65227, 65237, 66271, 66281, 67100, 67110, 67912, 67922, 68928, 68938, 69558, 69568, 70334, 70344, 71114, 71124, 71721, 71731, 72719, 72729, 73187, 73197, 73968, 73978, 74823, 74833, 75749, 75759, 76745, 76755, 77787, 77797, 79014, 79024, 79981, 79991, 80873, 80883, 82475, 82485, 83636, 83646, 84805, 84815, 85925, 85935, 87039, 87049, 88273, 88283, 89385, 89395, 90301, 90311, 91363, 91373, 92664, 92674, 93549, 93559, 94582, 94592, 95574, 95584, 96247, 96257, 97113, 97123, 98086, 98096, 98841, 98851, 99691, 99701, 101100, 101110, 101908, 101918, 102878, 102888, 103716, 103726, 104337, 104347, 105164, 105174, 105818, 105828, 106791, 106801, 107642, 107652, 108930, 108940, 109692, 109702, 110440, 110450, 111193, 111203, 111804, 111814, 112448, 112458, 113206, 113216, 114049, 114059, 114874, 114884, 115446, 115456, 116620, 116630, 117463, 117473, 118092, 118102, 118812, 118822, 119379, 119389, 120292, 120302, 121078, 121088, 121809, 121820, 122586, 122596, 123491, 123501, 124523, 124533, 125394, 125404, 126004, 126014, 126973, 126983, 128156, 128166, 128991, 129001, 129876, 129886, 130498, 130508, 131061, 131071, 131694, 131704, 132716, 132726, 133412, 133422, 134660, 134670, 135890, 135901, 137001, 137011, 137920, 137931, 138986, 138996, 140095, 140105, 141268, 141278, 141795, 141805, 143012, 143022, 144091, 144101, 144812, 144822, 145443, 145453, 146180, 146190, 147175, 147185, 147945, 147956, 148500, 148510, 149150, 149160, 149802, 149812, 150391, 150401, 151026, 151036, 151726, 151736, 152618, 152628, 153488, 153498, 154346, 154356, 155073, 155083, 155809, 155819, 156632, 156642, 157378, 157388, 158285, 158296, 159935, 159945, 161468, 161478, 162813, 162824, 163818, 163828, 164718, 164728, 165694, 165704, 166026, 166036, 166761, 166771, 167743, 167753, 168822, 168832, 169882, 169893, 170863, 170873, 171975, 171985, 172773, 172783, 173285, 173295, 173880, 173890, 174846, 174856, 175781, 175791, 176768, 176778, 177304, 177314, 177801, 177811, 178710, 178720, 179600, 179610, 181092, 181102, 182258, 182268, 183135, 183145, 184342, 184352, 185339, 185349, 186324, 186334, 187199, 187209, 187970, 187980, 188463, 188473, 188958, 188968, 189753, 189758, 190212, 190222, 191077, 191087, 191822, 191832, 193102, 193113, 193993, 194003, 194719, 194729, 195512, 195523]
15,1,[63358]
17,1,[175707]
18,1,[15086]
20,6,[13102, 42361, 47398, 58068, 60666, 64554]
21,1,[20855]
25,433,[1062, 2029, 2409, 3377, 3400, 4369, 4377, 5271, 5279, 6211, 6219, 6764, 6772, 7457, 7466, 8207, 8215, 9551, 9559, 10725, 10734, 11610, 11618, 12811, 12819, 13726, 13734, 14639, 14647, 15357, 15365, 16235, 16243, 17063, 17071, 17845, 17853, 18810, 18818, 19535, 19543, 20414, 20422, 21039, 21047, 21714, 21722, 22653, 22661, 23520, 23528, 24820, 24828, 25304, 25312, 26000, 26008, 27127, 27135, 27848, 27856, 28712, 28720, 29488, 29496, 30355, 30363, 31145, 31153, 32085, 32093, 32840, 32848, 33406, 33414, 34206, 34215, 35081, 35089, 36139, 36147, 37272, 37280, 37702, 37710, 38103, 38112, 39113, 39121, 39875, 39883, 40677, 40685, 41394, 41402, 42233, 42241, 43234, 43242, 44348, 44357, 45421, 45430, 46347, 46355, 47006, 47014, 47665, 47673, 48614, 48622, 49613, 49622, 50740, 50748, 51873, 51881, 52705, 52714, 53638, 53646, 54240, 54248, 54885, 54893, 55750, 55759, 56860, 56868, 58068, 58076, 58679, 58687, 59512, 59520, 60314, 60322, 61142, 61150, 61714, 61722, 63290, 63298, 64016, 64024, 64729, 64737, 65706, 65714, 66371, 66379, 67098, 67106, 67821, 67829, 68377, 68385, 69268, 69276, 69678, 69686, 70405, 70413, 71230, 71238, 72134, 72142, 73157, 73165, 74155, 74163, 75418, 75426, 76360, 76368, 77185, 77193, 78760, 78768, 79913, 79921, 81141, 81149, 82287, 82295, 83348, 83356, 84596, 84604, 85680, 85688, 86564, 86572, 87538, 87546, 88763, 88771, 89580, 89588, 90614, 90622, 91532, 91540, 92190, 92198, 93010, 93018, 93987, 93995, 94761, 94769, 95550, 95558, 96981, 96989, 97745, 97753, 98729, 98737, 99602, 99610, 100155, 100163, 100915, 100923, 101496, 101504, 102412, 102420, 103218, 103226, 104409, 104417, 105106, 105114, 105987, 105995, 106681, 106689, 107218, 107226, 107794, 107802, 108496, 108504, 109306, 109314, 110023, 110031, 110536, 110544, 111663, 111671, 112432, 112440, 113000, 113008, 113774, 113782, 114326, 114334, 115208, 115216, 115986, 115994, 116739, 116748, 117421, 117429, 118342, 118350, 119306, 119314, 120097, 120105, 120717, 120725, 121651, 121659, 122718, 122726, 123507, 123516, 124363, 124371, 124917, 124925, 125418, 125426, 126008, 126016, 126978, 126986, 127711, 127719, 128887, 128895, 130115, 130124, 131173, 131181, 132065, 132073, 133046, 133054, 134257, 134265, 135385, 135393, 135844, 135852, 137078, 137086, 138125, 138133, 138807, 138815, 139384, 139392, 140091, 140099, 141132, 141140, 141916, 141925, 142419, 142427, 143028, 143036, 143626, 143634, 144168, 144176, 144757, 144765, 145383, 145391, 146247, 146255, 147006, 147014, 147804, 147812, 148482, 148490, 149193, 149201, 149963, 149971, 150656, 150664, 151555, 151564, 153040, 153048, 154723, 154731, 156011, 156019, 156986, 156994, 157865, 157873, 158827, 158835, 159124, 159132, 159795, 159803, 160818, 160826, 161880, 161888, 162941, 162949, 163875, 163883, 165126, 165134, 165906, 165914, 166349, 166357, 166890, 166898, 167796, 167804, 168675, 168683, 169625, 169633, 170096, 170104, 170520, 170528, 171365, 171373, 172200, 172208, 173675, 173683, 174819, 174827, 175665, 175673, 176808, 176816, 177761, 177769, 178697, 178705, 179482, 179490, 180221, 180229, 180725, 180733, 181171, 181179, 181968, 181972, 182498, 182506, 183763, 183771, 184956, 184964, 185832, 185840, 186540, 186548, 187286, 187295]
26,1,[48403]
30,4,[401872, 446946, 446981, 602562]
10,4,[402038, 447116, 447151, 602759]
14,437,[937, 1723, 2105, 2964, 2989, 4006, 4016, 4888, 4898, 5883, 5893, 6507, 6517, 7242, 7252, 7964, 7974, 9290, 9300, 10542, 10553, 11473, 11483, 12742, 12752, 13733, 13743, 14667, 14677, 15436, 15446, 16418, 16428, 17306, 17316, 18191, 18201, 19225, 19235, 20011, 20022, 20787, 20797, 21473, 21483, 22190, 22200, 23202, 23212, 24174, 24184, 25555, 25565, 26089, 26099, 26851, 26861, 28005, 28015, 28772, 28782, 29699, 29709, 30475, 30485, 31420, 31430, 32263, 32273, 33244, 33254, 34055, 34065, 34689, 34699, 35564, 35575, 36445, 36455, 37531, 37541, 38705, 38715, 39185, 39195, 39648, 39659, 40678, 40688, 41477, 41487, 42330, 42340, 43147, 43157, 44039, 44049, 45054, 45064, 46220, 46231, 47268, 47279, 48229, 48239, 48919, 48929, 49609, 49619, 50618, 50628, 51719, 51730, 52911, 52921, 54032, 54042, 54890, 54900, 55970, 55980, 56623, 56633, 57252, 57262, 58124, 58135, 59205, 59215, 60475, 60485, 61143, 61153, 61943, 61953, 62757, 62767, 63642, 63652, 64126, 64136, 65227, 65237, 66271, 66281, 67100, 67110, 67912, 67922, 68928, 68938, 69558, 69568, 70334, 70344, 71114, 71124, 71721, 71731, 72719, 72729, 73187, 73197, 73968, 73978, 74823, 74833, 75749, 75759, 76745, 76755, 77787, 77797, 79014, 79024, 79981, 79991, 80873, 80883, 82475, 82485, 83636, 83646, 84805, 84815, 85925, 85935, 87039, 87049, 88273, 88283, 89385, 89395, 90301, 90311, 91363, 91373, 92664, 92674, 93549, 93559, 94582, 94592, 95574, 95584, 96247, 96257, 97113, 97123, 98086, 98096, 98841, 98851, 99691, 99701, 101100, 101110, 101908, 101918, 102878, 102888, 103716, 103726, 104337, 104347, 105164, 105174, 105818, 105828, 106791, 106801, 107642, 107652, 108930, 108940, 109692, 109702, 110440, 110450, 111193, 111203, 111804, 111814, 112448, 112458, 113206, 113216, 114049, 114059, 114874, 114884, 115446, 115456, 116620, 116630, 117463, 117473, 118092, 118102, 118812, 118822, 119379, 119389, 120292, 120302, 121078, 121088, 121809, 121820, 122586, 122596, 123491, 123501, 124523, 124533, 125394, 125404, 126004, 126014, 126973, 126983, 128156, 128166, 128991, 129001, 129876, 129886, 130498, 130508, 131061, 131071, 131694, 131704, 132716, 132726, 133412, 133422, 134660, 134670, 135890, 135901, 137001, 137011, 137920, 137931, 138986, 138996, 140095, 140105, 141268, 141278, 141795, 141805, 143012, 143022, 144091, 144101, 144812, 144822, 145443, 145453, 146180, 146190, 147175, 147185, 147945, 147956, 148500, 148510, 149150, 149160, 149802, 149812, 150391, 150401, 151026, 151036, 151726, 151736, 152618, 152628, 153488, 153498, 154346, 154356, 155073, 155083, 155809, 155819, 156632, 156642, 157378, 157388, 158285, 158296, 159935, 159945, 161468, 161478, 162813, 162824, 163818, 163828, 164718, 164728, 165694, 165704, 166026, 166036, 166761, 166771, 167743, 167753, 168822, 168832, 169882, 169893, 170863, 170873, 171975, 171985, 172773, 172783, 173285, 173295, 173880, 173890, 174846, 174856, 175781, 175791, 176768, 176778, 177304, 177314, 177801, 177811, 178710, 178720, 179600, 179610, 181092, 181102, 182258, 182268, 183135, 183145, 184342, 184352, 185339, 185349, 186324, 186334, 187199, 187209, 187970, 187980, 188463, 188473, 188958, 188968, 189753, 189758, 190212, 190222, 191077, 191087, 191822, 191832, 193102, 193113, 193993, 194003, 194719, 194729, 195512, 195523]
15,1,[63358]
17,1,[175707]
18,1,[15086]
20,6,[13102, 42361, 47398, 58068, 60666, 64554]
21,1,[20855]
25,433,[1062, 2029, 2409, 3377, 3400, 4369, 4377, 5271, 5279, 6211, 6219, 6764, 6772, 7457, 7466, 8207, 8215, 9551, 9559, 10725, 10734, 11610, 11618, 12811, 12819, 13726, 13734, 14639, 14647, 15357, 15365, 16235, 16243, 17063, 17071, 17845, 17853, 18810, 18818, 19535, 19543, 20414, 20422, 21039, 21047, 21714, 21722, 22653, 22661, 23520, 23528, 24820, 24828, 25304, 25312, 26000, 26008, 27127, 27135, 27848, 27856, 28712, 28720, 29488, 29496, 30355, 30363, 31145, 31153, 32085, 32093, 32840, 32848, 33406, 33414, 34206, 34215, 35081, 35089, 36139, 36147, 37272, 37280, 37702, 37710, 38103, 38112, 39113, 39121, 39875, 39883, 40677, 40685, 41394, 41402, 42233, 42241, 43234, 43242, 44348, 44357, 45421, 45430, 46347, 46355, 47006, 47014, 47665, 47673, 48614, 48622, 49613, 49622, 50740, 50748, 51873, 51881, 52705, 52714, 53638, 53646, 54240, 54248, 54885, 54893, 55750, 55759, 56860, 56868, 58068, 58076, 58679, 58687, 59512, 59520, 60314, 60322, 61142, 61150, 61714, 61722, 63290, 63298, 64016, 64024, 64729, 64737, 65706, 65714, 66371, 66379, 67098, 67106, 67821, 67829, 68377, 68385, 69268, 69276, 69678, 69686, 70405, 70413, 71230, 71238, 72134, 72142, 73157, 73165, 74155, 74163, 75418, 75426, 76360, 76368, 77185, 77193, 78760, 78768, 79913, 79921, 81141, 81149, 82287, 82295, 83348, 83356, 84596, 84604, 85680, 85688, 86564, 86572, 87538, 87546, 88763, 88771, 89580, 89588, 90614, 90622, 91532, 91540, 92190, 92198, 93010, 93018, 93987, 93995, 94761, 94769, 95550, 95558, 96981, 96989, 97745, 97753, 98729, 98737, 99602, 99610, 100155, 100163, 100915, 100923, 101496, 101504, 102412, 102420, 103218, 103226, 104409, 104417, 105106, 105114, 105987, 105995, 106681, 106689, 107218, 107226, 107794, 107802, 108496, 108504, 109306, 109314, 110023, 110031, 110536, 110544, 111663, 111671, 112432, 112440, 113000, 113008, 113774, 113782, 114326, 114334, 115208, 115216, 115986, 115994, 116739, 116748, 117421, 117429, 118342, 118350, 119306, 119314, 120097, 120105, 120717, 120725, 121651, 121659, 122718, 122726, 123507, 123516, 124363, 124371, 124917, 124925, 125418, 125426, 126008, 126016, 126978, 126986, 127711, 127719, 128887, 128895, 130115, 130124, 131173, 131181, 132065, 132073, 133046, 133054, 134257, 134265, 135385, 135393, 135844, 135852, 137078, 137086, 138125, 138133, 138807, 138815, 139384, 139392, 140091, 140099, 141132, 141140, 141916, 141925, 142419, 142427, 143028, 143036, 143626, 143634, 144168, 144176, 144757, 144765, 145383, 145391, 146247, 146255, 147006, 147014, 147804, 147812, 148482, 148490, 149193, 149201, 149963, 149971, 150656, 150664, 151555, 151564, 153040, 153048, 154723, 154731, 156011, 156019, 156986, 156994, 157865, 157873, 158827, 158835, 159124, 159132, 159795, 159803, 160818, 160826, 161880, 161888, 162941, 162949, 163875, 163883, 165126, 165134, 165906, 165914, 166349, 166357, 166890, 166898, 167796, 167804, 168675, 168683, 169625, 169633, 170096, 170104, 170520, 170528, 171365, 171373, 172200, 172208, 173675, 173683, 174819, 174827, 175665, 175673, 176808, 176816, 177761, 177769, 178697, 178705, 179482, 179490, 180221, 180229, 180725, 180733, 181171, 181179, 181968, 181972, 182498, 182506, 183763, 183771, 184956, 184964, 185832, 185840, 186540, 186548, 187286, 187295]
26,1,[48403]
30,4,[401872, 446946, 446981, 602562]
