6,2,[347, 492]
10,27,[184346, 222046, 233162, 233634, 273857, 353962, 378391, 378836, 398167, 409861, 416215, 494025, 511144, 511155, 511247, 511444, 525019, 525030, 591686, 592929, 607152, 607512, 613163, 628584, 629291, 639913, 640053]
15,1,[26212]
17,8,[14098, 37658, 76328, 93159, 103039, 113111, 113491, 168001]
18,3,[4894, 37860, 112104]
20,3,[6060, 7738, 16987]
21,1,[30017]
22,12,[66375, 68271, 68283, 74756, 75445, 76975, 77620, 78042, 78378, 78944, 88688, 98537]
23,4,[6146, 14994, 16874, 16896]
24,3,[18300, 18329, 26869]
26,4,[6579, 8260, 17637, 50675]
27,2,[72883, 98600]
30,27,[184214, 221896, 233012, 233484, 273701, 353803, 378228, 378673, 398001, 409695, 416049, 493865, 510975, 510986, 511078, 511275, 524847, 524858, 591501, 592738, 606945, 607305, 612934, 628321, 629028, 639638, 639778]
6,2,[347, 492]
10,27,[184346, 222046, 233162, 233634, 273857, 353962, 378391, 378836, 398167, 409861, 416215, 494025, 511144, 511155, 511247, 511444, 525019, 525030, 591686, 592929, 607152, 607512, 613163, 628584, 629291, 639913, 640053]
15,1,[26212]
17,8,[14098, 37658, 76328, 93159, 103039, 113111, 113491, 168001]
18,3,[4894, 37860, 112104]
20,3,[6060, 7738, 16987]
21,1,[30017]
22,12,[66375, 68271, 68283, 74756, 75445, 76975, 77620, 78042, 78378, 78944, 88688, 98537]
23,4,[6146, 14994, 16874, 16896]
24,3,[18300, 18329, 26869]
26,4,[6579, 8260, 17637, 50675]
27,2,[72883, 98600]
30,27,[184214, 221896, 233012, 233484, 273701, 353803, 378228, 378673, 398001, 409695, 416049, 493865, 510975, 510986, 511078, 511275, 524847, 524858, 591501, 592738, 606945, 607305, 612934, 628321, 629028, 639638, 639778]
