9,1,[1724]
10,1,[217471]
11,3,[1457, 16162, 18641]
14,1,[74200]
15,5,[23473, 63904, 108750, 122040, 154984]
16,6,[2852, 3564, 9695, 17000, 26900, 30321]
18,24,[1803, 3055, 9101, 9330, 13879, 14625, 15331, 17157, 25669, 26541, 36298, 60781, 66224, 78272, 82676, 84160, 92174, 99742, 99956, 109646, 129494, 137893, 142510, 142945]
21,3,[9059, 21855, 28842]
22,7,[4646, 9826, 63447, 76330, 86389, 87580, 157667]
23,7,[8759, 10781, 13339, 23883, 26493, 27631, 27817]
24,3,[19439, 22310, 30544]
25,1,[70659]
27,8,[3318, 3923, 5928, 10946, 40472, 63537, 63684, 92375]
28,1,[5801]
30,1,[217331]
9,1,[1724]
10,1,[217471]
11,3,[1457, 16162, 18641]
14,1,[74200]
15,5,[23473, 63904, 108750, 122040, 154984]
16,6,[2852, 3564, 9695, 17000, 26900, 30321]
18,24,[1803, 3055, 9101, 9330, 13879, 14625, 15331, 17157, 25669, 26541, 36298, 60781, 66224, 78272, 82676, 84160, 92174, 99742, 99956, 109646, 129494, 137893, 142510, 142945]
21,3,[9059, 21855, 28842]
22,7,[4646, 9826, 63447, 76330, 86389, 87580, 157667]
23,7,[8759, 10781, 13339, 23883, 26493, 27631, 27817]
24,3,[19439, 22310, 30544]
25,1,[70659]
27,8,[3318, 3923, 5928, 10946, 40472, 63537, 63684, 92375]
28,1,[5801]
30,1,[217331]
