9,2,[874, 1030]
10,41,[36966, 74668, 78229, 90275, 107803, 194837, 288047, 305103, 319773, 326498, 328091, 331085, 338926, 339060, 371547, 371710, 381412, 382287, 382769, 383798, 384603, 384646, 384854, 415488, 419483, 535682, 549370, 561553, 570640, 571120, 572808, 574681, 574864, 579312, 582014, 584523, 588557, 592024, 599821, 610025, 635544]
11,1,[3657]
13,3,[962, 1046, 2410]
14,6,[4151, 42952, 45174, 57350, 87248, 163994]
15,14,[21875, 35630, 55750, 69229, 76164, 96979, 106730, 106737, 116323, 139529, 157811, 158189, 162349, 164164]
16,1,[5880]
17,25,[289, 1546, 12933, 18270, 18313, 18395, 18538, 18556, 18609, 42457, 52697, 68058, 68207, 78612, 95348, 95393, 104413, 128742, 133595, 160240, 160575, 160664, 162620, 162988, 214592]
18,25,[27373, 31963, 32121, 38052, 44996, 50650, 61143, 70305, 81467, 82399, 83004, 87389, 96013, 97627, 115494, 115957, 118350, 124934, 131231, 131515, 131523, 132907, 139477, 140227, 140399]
21,5,[16710, 26192, 27215, 29763, 33200]
23,1,[544]
24,3,[17540, 28449, 33203]
25,6,[4526, 41230, 43348, 54990, 75931, 83544]
26,8,[18795, 28312, 36079, 46994, 47288, 53199, 59199, 62252]
28,1,[8921]
30,41,[36868, 74565, 78122, 90168, 107692, 194705, 287891, 304945, 319614, 326339, 327932, 330926, 338767, 338901, 371384, 371547, 381249, 382124, 382606, 383635, 384440, 384483, 384691, 415322, 419317, 535507, 549192, 561375, 570460, 570940, 572628, 574501, 574684, 579132, 581834, 584338, 588372, 591833, 599624, 609808, 635269]
9,2,[874, 1030]
10,41,[36966, 74668, 78229, 90275, 107803, 194837, 288047, 305103, 319773, 326498, 328091, 331085, 338926, 339060, 371547, 371710, 381412, 382287, 382769, 383798, 384603, 384646, 384854, 415488, 419483, 535682, 549370, 561553, 570640, 571120, 572808, 574681, 574864, 579312, 582014, 584523, 588557, 592024, 599821, 610025, 635544]
11,1,[3657]
13,3,[962, 1046, 2410]
14,6,[4151, 42952, 45174, 57350, 87248, 163994]
15,14,[21875, 35630, 55750, 69229, 76164, 96979, 106730, 106737, 116323, 139529, 157811, 158189, 162349, 164164]
16,1,[5880]
17,25,[289, 1546, 12933, 18270, 18313, 18395, 18538, 18556, 18609, 42457, 52697, 68058, 68207, 78612, 95348, 95393, 104413, 128742, 133595, 160240, 160575, 160664, 162620, 162988, 214592]
18,25,[27373, 31963, 32121, 38052, 44996, 50650, 61143, 70305, 81467, 82399, 83004, 87389, 96013, 97627, 115494, 115957, 118350, 124934, 131231, 131515, 131523, 132907, 139477, 140227, 140399]
21,5,[16710, 26192, 27215, 29763, 33200]
23,1,[544]
24,3,[17540, 28449, 33203]
25,6,[4526, 41230, 43348, 54990, 75931, 83544]
26,8,[18795, 28312, 36079, 46994, 47288, 53199, 59199, 62252]
28,1,[8921]
30,41,[36868, 74565, 78122, 90168, 107692, 194705, 287891, 304945, 319614, 326339, 327932, 330926, 338767, 338901, 371384, 371547, 381249, 382124, 382606, 383635, 384440, 384483, 384691, 415322, 419317, 535507, 549192, 561375, 570460, 570940, 572628, 574501, 574684, 579132, 581834, 584338, 588372, 591833, 599624, 609808, 635269]
