10,65,[337, 1447, 3796, 4124, 7648, 31113, 127855, 179604, 298333, 300964, 307491, 309519, 310720, 310739, 318488, 320207, 320210, 324463, 325686, 325693, 325876, 325886, 329557, 332434, 332977, 334625, 336544, 342063, 343278, 347849, 351324, 351777, 352041, 352924, 353467, 359334, 375136, 375264, 376286, 383262, 386256, 391091, 422983, 423510, 444151, 446114, 448853, 449201, 449695, 451577, 463167, 468663, 469861, 479878, 481944, 487166, 531982, 533618, 535319, 551165, 578404, 588951, 592530, 601400, 602787]
11,7,[312, 319, 2029, 15535, 15578, 16982, 19241]
12,6,[11542, 12999, 16060, 18293, 20981, 21345]
14,9,[95368, 96170, 100140, 111728, 114825, 116563, 133353, 134111, 182697]
15,70,[934, 1440, 1840, 3855, 3921, 7538, 15055, 16169, 16465, 16943, 17439, 17469, 17866, 22048, 33596, 34270, 34409, 36291, 39917, 41369, 43933, 45069, 46171, 47586, 48673, 49734, 49902, 52770, 56287, 56396, 65089, 70595, 73401, 83344, 84989, 86781, 90233, 93479, 95736, 96768, 101256, 102874, 105074, 109248, 111518, 113403, 114795, 114829, 116368, 119424, 119502, 119663, 119666, 120791, 130523, 137326, 144029, 144513, 144978, 149489, 150423, 157719, 158155, 162302, 163289, 163778, 164264, 166315, 167442, 171517]
16,3,[400, 21078, 30560]
17,23,[21294, 24646, 27278, 39645, 40368, 40939, 46137, 51931, 75280, 85134, 107305, 107374, 109614, 139978, 140018, 162486, 201381, 201610, 203530, 204949, 205238, 207184, 212069]
18,7,[40725, 59067, 84646, 100018, 117628, 120020, 142130]
19,9,[1378, 8080, 13643, 13962, 16606, 18263, 20611, 21926, 24688]
20,76,[190, 810, 970, 1123, 1971, 3653, 4970, 5405, 5452, 5710, 5926, 6523, 6555, 6770, 7027, 7253, 7326, 7508, 7564, 8475, 8556, 8823, 9733, 10100, 10495, 10765, 10933, 11123, 11574, 15186, 15458, 15957, 16688, 16690, 16826, 16976, 19833, 20482, 26561, 26876, 28147, 30430, 30630, 31341, 31372, 31825, 32024, 32453, 32856, 33760, 33813, 33996, 34394, 34714, 34905, 35100, 35109, 35404, 35587, 35875, 35962, 36726, 42751, 45939, 51149, 51468, 51485, 52530, 53815, 54827, 59000, 59460, 61142, 61634, 61784, 65735]
21,14,[6694, 7086, 7790, 10922, 17307, 17336, 17897, 19012, 19097, 21170, 22056, 29569, 30543, 33010]
22,75,[4548, 9856, 20038, 21868, 23352, 28903, 28906, 28926, 28927, 28945, 28953, 28955, 28982, 28984, 28986, 30198, 30291, 35832, 45043, 45057, 47615, 47954, 50840, 52464, 52519, 52816, 52917, 52919, 52921, 53411, 55757, 55767, 58687, 58972, 59448, 59470, 59492, 59514, 60099, 61137, 65627, 65657, 67078, 67252, 68909, 75044, 75047, 88220, 90726, 98472, 98617, 99349, 103418, 105737, 105770, 105771, 106420, 124708, 125349, 127349, 127407, 127557, 127594, 127597, 127605, 130272, 130912, 132585, 132620, 132627, 139361, 154578, 156074, 156213, 160922]
23,12,[6353, 6394, 6514, 10250, 10656, 13322, 17436, 19456, 27438, 27896, 28374, 28403]
24,14,[724, 3742, 7157, 10883, 11356, 12484, 23346, 25859, 26754, 29358, 32837, 40142, 44690, 44874]
25,9,[91355, 92121, 96123, 107149, 109982, 111613, 127659, 128365, 175256]
26,76,[554, 1176, 1335, 1487, 2357, 4152, 5486, 5922, 5969, 6228, 6444, 7042, 7074, 7291, 7547, 7776, 7849, 8031, 8088, 9007, 9091, 9366, 10284, 10651, 11052, 11327, 11495, 11695, 12142, 15819, 16098, 16603, 17339, 17341, 17479, 17626, 20550, 21209, 27361, 27700, 28983, 31281, 31484, 32210, 32241, 32697, 32896, 33327, 33732, 34634, 34688, 34875, 35281, 35602, 35796, 35993, 36002, 36299, 36486, 36775, 36862, 37637, 43699, 46942, 52206, 52533, 52550, 53629, 54955, 55988, 60250, 60738, 62442, 62937, 63087, 67151]
27,27,[1214, 7863, 8689, 9306, 14302, 17315, 20479, 20668, 23390, 23534, 26619, 31283, 34057, 34754, 38705, 40342, 40763, 50769, 51787, 66265, 81091, 87338, 87757, 87939, 90801, 90874, 99550]
28,2,[5002, 11700]
30,65,[244, 1354, 3702, 4030, 7554, 31019, 127744, 179481, 298175, 300806, 307333, 309361, 310562, 310581, 318329, 320048, 320051, 324304, 325527, 325534, 325717, 325727, 329398, 332275, 332818, 334466, 336385, 341904, 343119, 347690, 351165, 351618, 351882, 352765, 353308, 359174, 374973, 375101, 376123, 383099, 386093, 390928, 422817, 423344, 443981, 445944, 448683, 449031, 449525, 451407, 462996, 468492, 469690, 479710, 481778, 487003, 531807, 533443, 535144, 550987, 578224, 588766, 592339, 601203, 602590]
10,65,[337, 1447, 3796, 4124, 7648, 31113, 127855, 179604, 298333, 300964, 307491, 309519, 310720, 310739, 318488, 320207, 320210, 324463, 325686, 325693, 325876, 325886, 329557, 332434, 332977, 334625, 336544, 342063, 343278, 347849, 351324, 351777, 352041, 352924, 353467, 359334, 375136, 375264, 376286, 383262, 386256, 391091, 422983, 423510, 444151, 446114, 448853, 449201, 449695, 451577, 463167, 468663, 469861, 479878, 481944, 487166, 531982, 533618, 535319, 551165, 578404, 588951, 592530, 601400, 602787]
11,7,[312, 319, 2029, 15535, 15578, 16982, 19241]
12,6,[11542, 12999, 16060, 18293, 20981, 21345]
14,9,[95368, 96170, 100140, 111728, 114825, 116563, 133353, 134111, 182697]
15,70,[934, 1440, 1840, 3855, 3921, 7538, 15055, 16169, 16465, 16943, 17439, 17469, 17866, 22048, 33596, 34270, 34409, 36291, 39917, 41369, 43933, 45069, 46171, 47586, 48673, 49734, 49902, 52770, 56287, 56396, 65089, 70595, 73401, 83344, 84989, 86781, 90233, 93479, 95736, 96768, 101256, 102874, 105074, 109248, 111518, 113403, 114795, 114829, 116368, 119424, 119502, 119663, 119666, 120791, 130523, 137326, 144029, 144513, 144978, 149489, 150423, 157719, 158155, 162302, 163289, 163778, 164264, 166315, 167442, 171517]
16,3,[400, 21078, 30560]
17,23,[21294, 24646, 27278, 39645, 40368, 40939, 46137, 51931, 75280, 85134, 107305, 107374, 109614, 139978, 140018, 162486, 201381, 201610, 203530, 204949, 205238, 207184, 212069]
18,7,[40725, 59067, 84646, 100018, 117628, 120020, 142130]
19,9,[1378, 8080, 13643, 13962, 16606, 18263, 20611, 21926, 24688]
20,76,[190, 810, 970, 1123, 1971, 3653, 4970, 5405, 5452, 5710, 5926, 6523, 6555, 6770, 7027, 7253, 7326, 7508, 7564, 8475, 8556, 8823, 9733, 10100, 10495, 10765, 10933, 11123, 11574, 15186, 15458, 15957, 16688, 16690, 16826, 16976, 19833, 20482, 26561, 26876, 28147, 30430, 30630, 31341, 31372, 31825, 32024, 32453, 32856, 33760, 33813, 33996, 34394, 34714, 34905, 35100, 35109, 35404, 35587, 35875, 35962, 36726, 42751, 45939, 51149, 51468, 51485, 52530, 53815, 54827, 59000, 59460, 61142, 61634, 61784, 65735]
21,14,[6694, 7086, 7790, 10922, 17307, 17336, 17897, 19012, 19097, 21170, 22056, 29569, 30543, 33010]
22,75,[4548, 9856, 20038, 21868, 23352, 28903, 28906, 28926, 28927, 28945, 28953, 28955, 28982, 28984, 28986, 30198, 30291, 35832, 45043, 45057, 47615, 47954, 50840, 52464, 52519, 52816, 52917, 52919, 52921, 53411, 55757, 55767, 58687, 58972, 59448, 59470, 59492, 59514, 60099, 61137, 65627, 65657, 67078, 67252, 68909, 75044, 75047, 88220, 90726, 98472, 98617, 99349, 103418, 105737, 105770, 105771, 106420, 124708, 125349, 127349, 127407, 127557, 127594, 127597, 127605, 130272, 130912, 132585, 132620, 132627, 139361, 154578, 156074, 156213, 160922]
23,12,[6353, 6394, 6514, 10250, 10656, 13322, 17436, 19456, 27438, 27896, 28374, 28403]
24,14,[724, 3742, 7157, 10883, 11356, 12484, 23346, 25859, 26754, 29358, 32837, 40142, 44690, 44874]
25,9,[91355, 92121, 96123, 107149, 109982, 111613, 127659, 128365, 175256]
26,76,[554, 1176, 1335, 1487, 2357, 4152, 5486, 5922, 5969, 6228, 6444, 7042, 7074, 7291, 7547, 7776, 7849, 8031, 8088, 9007, 9091, 9366, 10284, 10651, 11052, 11327, 11495, 11695, 12142, 15819, 16098, 16603, 17339, 17341, 17479, 17626, 20550, 21209, 27361, 27700, 28983, 31281, 31484, 32210, 32241, 32697, 32896, 33327, 33732, 34634, 34688, 34875, 35281, 35602, 35796, 35993, 36002, 36299, 36486, 36775, 36862, 37637, 43699, 46942, 52206, 52533, 52550, 53629, 54955, 55988, 60250, 60738, 62442, 62937, 63087, 67151]
27,27,[1214, 7863, 8689, 9306, 14302, 17315, 20479, 20668, 23390, 23534, 26619, 31283, 34057, 34754, 38705, 40342, 40763, 50769, 51787, 66265, 81091, 87338, 87757, 87939, 90801, 90874, 99550]
28,2,[5002, 11700]
30,65,[244, 1354, 3702, 4030, 7554, 31019, 127744, 179481, 298175, 300806, 307333, 309361, 310562, 310581, 318329, 320048, 320051, 324304, 325527, 325534, 325717, 325727, 329398, 332275, 332818, 334466, 336385, 341904, 343119, 347690, 351165, 351618, 351882, 352765, 353308, 359174, 374973, 375101, 376123, 383099, 386093, 390928, 422817, 423344, 443981, 445944, 448683, 449031, 449525, 451407, 462996, 468492, 469690, 479710, 481778, 487003, 531807, 533443, 535144, 550987, 578224, 588766, 592339, 601203, 602590]
