10,22,[88811, 261555, 304309, 312087, 316874, 323659, 323783, 323796, 324079, 324137, 331435, 332902, 359127, 359130, 364778, 370938, 377210, 485505, 578088, 579857, 608356, 608510]
15,1,[121893]
16,1,[32065]
17,13,[31822, 44784, 53695, 135879, 138502, 140773, 141169, 146477, 146953, 147554, 147715, 168679, 211267]
20,6,[7136, 12558, 27286, 30500, 31281, 44241]
23,3,[8515, 19584, 27393]
26,6,[7657, 13144, 28111, 31353, 32149, 45206]
27,1,[38918]
30,22,[88704, 261399, 304151, 311928, 316715, 323500, 323624, 323637, 323920, 323978, 331276, 332743, 358967, 358970, 364615, 370775, 377047, 485341, 577908, 579677, 608144, 608298]
10,22,[88811, 261555, 304309, 312087, 316874, 323659, 323783, 323796, 324079, 324137, 331435, 332902, 359127, 359130, 364778, 370938, 377210, 485505, 578088, 579857, 608356, 608510]
15,1,[121893]
16,1,[32065]
17,13,[31822, 44784, 53695, 135879, 138502, 140773, 141169, 146477, 146953, 147554, 147715, 168679, 211267]
20,6,[7136, 12558, 27286, 30500, 31281, 44241]
23,3,[8515, 19584, 27393]
26,6,[7657, 13144, 28111, 31353, 32149, 45206]
27,1,[38918]
30,22,[88704, 261399, 304151, 311928, 316715, 323500, 323624, 323637, 323920, 323978, 331276, 332743, 358967, 358970, 364615, 370775, 377047, 485341, 577908, 579677, 608144, 608298]
