14,11,[30393, 108848, 132589, 132600, 139981, 152463, 178569, 178584, 178589, 185219, 190987]
15,4,[84486, 84618, 104392, 115080]
18,9,[23116, 57954, 58466, 68213, 69263, 77064, 86994, 100327, 103286]
22,4,[57939, 58059, 67947, 73762]
25,16,[1270, 29416, 58757, 59330, 104340, 120190, 126862, 126872, 127065, 134153, 146102, 171230, 171249, 171254, 172025, 177640]
27,3,[64135, 87665, 88009]
14,11,[30393, 108848, 132589, 132600, 139981, 152463, 178569, 178584, 178589, 185219, 190987]
15,4,[84486, 84618, 104392, 115080]
18,9,[23116, 57954, 58466, 68213, 69263, 77064, 86994, 100327, 103286]
22,4,[57939, 58059, 67947, 73762]
25,16,[1270, 29416, 58757, 59330, 104340, 120190, 126862, 126872, 127065, 134153, 146102, 171230, 171249, 171254, 172025, 177640]
27,3,[64135, 87665, 88009]
