14,1,[85814]
15,5,[42310, 42332, 42376, 44746, 74475]
18,20,[13448, 57669, 58441, 64111, 68282, 69192, 69204, 69210, 71412, 74572, 79688, 82478, 86809, 115695, 118088, 125210, 126123, 139438, 143225, 145159]
22,3,[67989, 73261, 81658]
25,5,[2614, 14692, 58729, 82190, 171435]
27,1,[38510]
14,1,[85814]
15,5,[42310, 42332, 42376, 44746, 74475]
18,20,[13448, 57669, 58441, 64111, 68282, 69192, 69204, 69210, 71412, 74572, 79688, 82478, 86809, 115695, 118088, 125210, 126123, 139438, 143225, 145159]
22,3,[67989, 73261, 81658]
25,5,[2614, 14692, 58729, 82190, 171435]
27,1,[38510]
