10,5,[123954, 124012, 384189, 396086, 482890]
15,7,[44876, 83627, 103850, 104559, 119353, 120543, 124644]
16,1,[14107]
17,2,[45239, 45324]
18,15,[6643, 13600, 17104, 40440, 57978, 70298, 73077, 73287, 73354, 98610, 113633, 114763, 125548, 126457, 129795]
21,1,[5013]
22,13,[2457, 28307, 44206, 51599, 54265, 55794, 67970, 106050, 106390, 130198, 134721, 139783, 156431]
23,1,[6714]
24,4,[46, 1397, 28219, 44431]
27,1,[1647]
30,5,[123843, 123901, 384026, 395920, 482725]
10,5,[123954, 124012, 384189, 396086, 482890]
15,7,[44876, 83627, 103850, 104559, 119353, 120543, 124644]
16,1,[14107]
17,2,[45239, 45324]
18,15,[6643, 13600, 17104, 40440, 57978, 70298, 73077, 73287, 73354, 98610, 113633, 114763, 125548, 126457, 129795]
21,1,[5013]
22,13,[2457, 28307, 44206, 51599, 54265, 55794, 67970, 106050, 106390, 130198, 134721, 139783, 156431]
23,1,[6714]
24,4,[46, 1397, 28219, 44431]
27,1,[1647]
30,5,[123843, 123901, 384026, 395920, 482725]
