10,16,[28253, 154935, 222514, 229027, 229031, 245323, 262033, 282610, 294285, 314514, 317334, 373850, 477052, 481359, 531396, 622358]
15,5,[15142, 16823, 16833, 16879, 105866]
17,14,[1508, 10978, 28098, 30570, 41335, 63248, 84654, 87962, 90560, 96703, 97008, 97066, 129067, 143915]
20,4,[7759, 31287, 63581, 65875]
22,7,[97176, 99249, 99414, 99515, 99516, 117579, 131458]
23,4,[167, 1621, 6418, 30774]
24,1,[4469]
26,5,[8281, 13236, 32154, 64958, 67290]
27,1,[35068]
30,16,[28159, 154822, 222364, 228877, 228881, 245170, 261877, 282455, 294128, 314355, 317175, 373687, 476883, 481192, 531221, 622106]
10,16,[28253, 154935, 222514, 229027, 229031, 245323, 262033, 282610, 294285, 314514, 317334, 373850, 477052, 481359, 531396, 622358]
15,5,[15142, 16823, 16833, 16879, 105866]
17,14,[1508, 10978, 28098, 30570, 41335, 63248, 84654, 87962, 90560, 96703, 97008, 97066, 129067, 143915]
20,4,[7759, 31287, 63581, 65875]
22,7,[97176, 99249, 99414, 99515, 99516, 117579, 131458]
23,4,[167, 1621, 6418, 30774]
24,1,[4469]
26,5,[8281, 13236, 32154, 64958, 67290]
27,1,[35068]
30,16,[28159, 154822, 222364, 228877, 228881, 245170, 261877, 282455, 294128, 314355, 317175, 373687, 476883, 481192, 531221, 622106]
