10,10,[145734, 145866, 156963, 197249, 313841, 319907, 326269, 343788, 568884, 589720]
15,2,[14952, 96964]
19,1,[1498]
20,3,[31179, 63046, 65116]
21,1,[19378]
26,3,[32048, 64399, 66527]
30,10,[145621, 145753, 156850, 197117, 313682, 319748, 326110, 343629, 568704, 589535]
10,10,[145734, 145866, 156963, 197249, 313841, 319907, 326269, 343788, 568884, 589720]
15,2,[14952, 96964]
19,1,[1498]
20,3,[31179, 63046, 65116]
21,1,[19378]
26,3,[32048, 64399, 66527]
30,10,[145621, 145753, 156850, 197117, 313682, 319748, 326110, 343629, 568704, 589535]
