10,4,[616335, 617312, 627559, 630920]
11,1,[8152]
12,1,[10244]
15,3,[92699, 123331, 145910]
16,1,[7036]
17,7,[38111, 122336, 125136, 147745, 153243, 216070, 216249]
18,4,[59964, 73867, 104343, 122780]
22,2,[76518, 154004]
24,1,[12011]
30,4,[616096, 617069, 627299, 630649]
10,4,[616335, 617312, 627559, 630920]
11,1,[8152]
12,1,[10244]
15,3,[92699, 123331, 145910]
16,1,[7036]
17,7,[38111, 122336, 125136, 147745, 153243, 216070, 216249]
18,4,[59964, 73867, 104343, 122780]
22,2,[76518, 154004]
24,1,[12011]
30,4,[616096, 617069, 627299, 630649]
