8,1,[453]
10,2,[446090, 616636]
14,1,[99935]
15,2,[22314, 47204]
16,1,[24393]
17,4,[72984, 73019, 99095, 166906]
18,7,[32137, 37913, 41349, 88752, 97729, 109574, 132092]
19,2,[83, 26027]
20,1,[58354]
21,3,[16924, 25194, 31789]
22,11,[9351, 39276, 39742, 39743, 39779, 39783, 39802, 40107, 46854, 58306, 90024]
23,7,[9404, 9432, 9554, 10070, 13632, 22573, 22741]
25,1,[95791]
26,1,[59545]
27,8,[92, 9202, 37470, 37865, 42702, 65208, 88338, 101620]
30,2,[445920, 616397]
8,1,[453]
10,2,[446090, 616636]
14,1,[99935]
15,2,[22314, 47204]
16,1,[24393]
17,4,[72984, 73019, 99095, 166906]
18,7,[32137, 37913, 41349, 88752, 97729, 109574, 132092]
19,2,[83, 26027]
20,1,[58354]
21,3,[16924, 25194, 31789]
22,11,[9351, 39276, 39742, 39743, 39779, 39783, 39802, 40107, 46854, 58306, 90024]
23,7,[9404, 9432, 9554, 10070, 13632, 22573, 22741]
25,1,[95791]
26,1,[59545]
27,8,[92, 9202, 37470, 37865, 42702, 65208, 88338, 101620]
30,2,[445920, 616397]
