10,17,[41056, 41122, 110901, 325466, 326559, 328124, 328411, 335715, 336565, 341542, 345961, 347785, 348176, 386261, 446907, 485037, 632432]
14,1,[171713]
15,10,[15050, 17197, 60303, 109522, 112040, 127318, 165293, 168107, 172599, 173334]
17,29,[6300, 8902, 8906, 13676, 15846, 16550, 16714, 16971, 27283, 29178, 33072, 38346, 46974, 59062, 72432, 83326, 128052, 149541, 155645, 173945, 174572, 174633, 174730, 175652, 177216, 189195, 201348, 201419, 203496]
19,3,[8994, 9165, 27183]
21,1,[9333]
23,1,[20043]
24,2,[7649, 17060]
25,1,[164905]
27,7,[32412, 40788, 40792, 56104, 69290, 70713, 70791]
30,17,[40958, 41024, 110790, 325307, 326400, 327965, 328252, 335556, 336406, 341383, 345802, 347626, 348017, 386098, 446737, 484872, 632157]
10,17,[41056, 41122, 110901, 325466, 326559, 328124, 328411, 335715, 336565, 341542, 345961, 347785, 348176, 386261, 446907, 485037, 632432]
14,1,[171713]
15,10,[15050, 17197, 60303, 109522, 112040, 127318, 165293, 168107, 172599, 173334]
17,29,[6300, 8902, 8906, 13676, 15846, 16550, 16714, 16971, 27283, 29178, 33072, 38346, 46974, 59062, 72432, 83326, 128052, 149541, 155645, 173945, 174572, 174633, 174730, 175652, 177216, 189195, 201348, 201419, 203496]
19,3,[8994, 9165, 27183]
21,1,[9333]
23,1,[20043]
24,2,[7649, 17060]
25,1,[164905]
27,7,[32412, 40788, 40792, 56104, 69290, 70713, 70791]
30,17,[40958, 41024, 110790, 325307, 326400, 327965, 328252, 335556, 336406, 341383, 345802, 347626, 348017, 386098, 446737, 484872, 632157]
