10,5,[219354, 573131, 573164, 573247, 577082]
14,102,[3156, 4202, 9435, 9485, 12901, 12948, 14811, 16621, 17443, 18347, 19354, 20913, 20916, 23523, 27025, 27075, 27085, 27095, 27105, 32422, 32467, 33391, 33432, 42471, 42523, 46462, 54191, 54233, 55130, 55171, 55178, 55185, 55192, 55199, 56739, 58272, 58305, 64342, 72840, 74976, 84979, 86082, 87369, 88498, 93699, 97301, 97334, 98241, 101433, 103848, 103895, 104545, 107940, 107945, 107985, 108003, 110561, 110596, 114228, 114266, 116907, 118280, 123700, 126279, 126323, 137174, 137217, 143225, 143267, 148639, 148699, 148773, 152761, 152794, 155932, 155963, 155972, 156821, 161611, 161666, 164075, 164081, 166281, 166996, 168995, 169052, 171095, 171154, 173391, 175980, 176013, 177386, 177420, 177947, 177984, 178941, 179974, 183313, 190341, 191207, 191246, 191256]
18,1,[131284]
22,11,[19545, 91681, 103557, 104137, 114512, 116667, 118247, 118577, 118632, 118633, 118674]
25,94,[3559, 4564, 9684, 12958, 13002, 14773, 17191, 17990, 18931, 20528, 20531, 26166, 26200, 26209, 26218, 28191, 31293, 31340, 32215, 40800, 40848, 44608, 44614, 44620, 44626, 52021, 52062, 52948, 54337, 55079, 55886, 55915, 65018, 69372, 71372, 81304, 81347, 81353, 82438, 84822, 89717, 93186, 93218, 94130, 94170, 99724, 99772, 103491, 103496, 103533, 103551, 106095, 106127, 109438, 109474, 113172, 113181, 113351, 120982, 121020, 131340, 131380, 131388, 137276, 142546, 142598, 142677, 146379, 146409, 149313, 149340, 149348, 150133, 150842, 154880, 154932, 157260, 157266, 162042, 162094, 162102, 162109, 164130, 164219, 164227, 164237, 166442, 168857, 168887, 170163, 170195, 170651, 171588, 175837]
30,5,[219214, 572951, 572984, 573067, 576902]
10,5,[219354, 573131, 573164, 573247, 577082]
14,102,[3156, 4202, 9435, 9485, 12901, 12948, 14811, 16621, 17443, 18347, 19354, 20913, 20916, 23523, 27025, 27075, 27085, 27095, 27105, 32422, 32467, 33391, 33432, 42471, 42523, 46462, 54191, 54233, 55130, 55171, 55178, 55185, 55192, 55199, 56739, 58272, 58305, 64342, 72840, 74976, 84979, 86082, 87369, 88498, 93699, 97301, 97334, 98241, 101433, 103848, 103895, 104545, 107940, 107945, 107985, 108003, 110561, 110596, 114228, 114266, 116907, 118280, 123700, 126279, 126323, 137174, 137217, 143225, 143267, 148639, 148699, 148773, 152761, 152794, 155932, 155963, 155972, 156821, 161611, 161666, 164075, 164081, 166281, 166996, 168995, 169052, 171095, 171154, 173391, 175980, 176013, 177386, 177420, 177947, 177984, 178941, 179974, 183313, 190341, 191207, 191246, 191256]
18,1,[131284]
22,11,[19545, 91681, 103557, 104137, 114512, 116667, 118247, 118577, 118632, 118633, 118674]
25,94,[3559, 4564, 9684, 12958, 13002, 14773, 17191, 17990, 18931, 20528, 20531, 26166, 26200, 26209, 26218, 28191, 31293, 31340, 32215, 40800, 40848, 44608, 44614, 44620, 44626, 52021, 52062, 52948, 54337, 55079, 55886, 55915, 65018, 69372, 71372, 81304, 81347, 81353, 82438, 84822, 89717, 93186, 93218, 94130, 94170, 99724, 99772, 103491, 103496, 103533, 103551, 106095, 106127, 109438, 109474, 113172, 113181, 113351, 120982, 121020, 131340, 131380, 131388, 137276, 142546, 142598, 142677, 146379, 146409, 149313, 149340, 149348, 150133, 150842, 154880, 154932, 157260, 157266, 162042, 162094, 162102, 162109, 164130, 164219, 164227, 164237, 166442, 168857, 168887, 170163, 170195, 170651, 171588, 175837]
30,5,[219214, 572951, 572984, 573067, 576902]
