10,19,[43840, 53235, 53670, 111818, 129560, 138906, 139554, 139655, 139665, 139689, 341933, 355926, 499794, 499843, 515208, 530671, 581237, 607049, 607058]
15,5,[96866, 108772, 130307, 160352, 169787]
16,1,[37698]
17,5,[11250, 43075, 77524, 179203, 179252]
18,1,[2493]
19,6,[10287, 14395, 16343, 16471, 17262, 22621]
20,6,[19631, 50148, 56925, 60004, 65919, 66054]
21,3,[8502, 17419, 23050]
26,6,[20340, 51193, 58073, 61294, 67334, 67471]
27,12,[14290, 27136, 27593, 50006, 67226, 67779, 83947, 87399, 95468, 97578, 102387, 103280]
28,1,[1482]
30,19,[43742, 53136, 53571, 111707, 129448, 138794, 139442, 139543, 139553, 139577, 341774, 355767, 499625, 499674, 515039, 530496, 581057, 606842, 606851]
10,19,[43840, 53235, 53670, 111818, 129560, 138906, 139554, 139655, 139665, 139689, 341933, 355926, 499794, 499843, 515208, 530671, 581237, 607049, 607058]
15,5,[96866, 108772, 130307, 160352, 169787]
16,1,[37698]
17,5,[11250, 43075, 77524, 179203, 179252]
18,1,[2493]
19,6,[10287, 14395, 16343, 16471, 17262, 22621]
20,6,[19631, 50148, 56925, 60004, 65919, 66054]
21,3,[8502, 17419, 23050]
26,6,[20340, 51193, 58073, 61294, 67334, 67471]
27,12,[14290, 27136, 27593, 50006, 67226, 67779, 83947, 87399, 95468, 97578, 102387, 103280]
28,1,[1482]
30,19,[43742, 53136, 53571, 111707, 129448, 138794, 139442, 139543, 139553, 139577, 341774, 355767, 499625, 499674, 515039, 530496, 581057, 606842, 606851]
