9,1,[809]
10,8,[16370, 497392, 515699, 549579, 549609, 549941, 571174, 640511]
15,10,[11916, 39769, 40126, 81692, 81780, 105753, 106586, 113929, 116845, 159458]
17,6,[1045, 7574, 8164, 8659, 176157, 181219]
19,12,[946, 1643, 6342, 6541, 10156, 14133, 14143, 14183, 15554, 15586, 17492, 27081]
20,8,[2046, 13433, 14733, 25031, 30418, 56469, 60629, 63544]
22,2,[41829, 41893]
26,8,[2432, 14018, 15343, 25817, 31269, 57619, 61926, 64921]
27,2,[1810, 37512]
30,8,[16276, 497223, 515527, 549401, 549431, 549763, 570994, 640236]
9,1,[809]
10,8,[16370, 497392, 515699, 549579, 549609, 549941, 571174, 640511]
15,10,[11916, 39769, 40126, 81692, 81780, 105753, 106586, 113929, 116845, 159458]
17,6,[1045, 7574, 8164, 8659, 176157, 181219]
19,12,[946, 1643, 6342, 6541, 10156, 14133, 14143, 14183, 15554, 15586, 17492, 27081]
20,8,[2046, 13433, 14733, 25031, 30418, 56469, 60629, 63544]
22,2,[41829, 41893]
26,8,[2432, 14018, 15343, 25817, 31269, 57619, 61926, 64921]
27,2,[1810, 37512]
30,8,[16276, 497223, 515527, 549401, 549431, 549763, 570994, 640236]
