9,1,[2176]
10,6,[353160, 547445, 560763, 602894, 605618, 611754]
15,1,[7449]
17,63,[3942, 4979, 5776, 5903, 7230, 14022, 14750, 15842, 25549, 26032, 44798, 54383, 60673, 62292, 62332, 62711, 62799, 63058, 69523, 70877, 72222, 72668, 73088, 73130, 73145, 73829, 75954, 75963, 76145, 78608, 78878, 79192, 79284, 86853, 95644, 97309, 97662, 98629, 103532, 106582, 128925, 128935, 129838, 135184, 135223, 135239, 135260, 137583, 138498, 139882, 141172, 141182, 141234, 141425, 144216, 148027, 148333, 148348, 150055, 150113, 171861, 206276, 206282]
18,5,[6858, 6934, 9602, 120620, 142749]
20,4,[26665, 47440, 54237, 55475]
22,5,[21666, 85888, 139007, 139189, 139238]
23,1,[15646]
26,4,[27467, 48446, 55399, 56634]
30,6,[353001, 547270, 560585, 602697, 605416, 611531]
9,1,[2176]
10,6,[353160, 547445, 560763, 602894, 605618, 611754]
15,1,[7449]
17,63,[3942, 4979, 5776, 5903, 7230, 14022, 14750, 15842, 25549, 26032, 44798, 54383, 60673, 62292, 62332, 62711, 62799, 63058, 69523, 70877, 72222, 72668, 73088, 73130, 73145, 73829, 75954, 75963, 76145, 78608, 78878, 79192, 79284, 86853, 95644, 97309, 97662, 98629, 103532, 106582, 128925, 128935, 129838, 135184, 135223, 135239, 135260, 137583, 138498, 139882, 141172, 141182, 141234, 141425, 144216, 148027, 148333, 148348, 150055, 150113, 171861, 206276, 206282]
18,5,[6858, 6934, 9602, 120620, 142749]
20,4,[26665, 47440, 54237, 55475]
22,5,[21666, 85888, 139007, 139189, 139238]
23,1,[15646]
26,4,[27467, 48446, 55399, 56634]
30,6,[353001, 547270, 560585, 602697, 605416, 611531]
