12,1,[19168]
14,16,[8168, 18696, 30048, 35950, 36926, 41871, 47694, 59805, 89813, 102298, 104729, 108328, 144436, 157721, 180270, 181671]
15,4,[6429, 8493, 20003, 84284]
16,1,[26514]
17,9,[125462, 131717, 136510, 139998, 151376, 153454, 170602, 170648, 192253]
18,14,[1216, 2556, 13286, 21960, 23364, 31619, 39443, 41842, 43598, 108056, 114254, 114331, 124055, 138330]
20,7,[3951, 7284, 8793, 10158, 43855, 49970, 51339]
21,5,[1755, 2250, 4705, 17251, 21654]
22,12,[3333, 21180, 80258, 80466, 80641, 88852, 89317, 89380, 89386, 89478, 90717, 90860]
23,2,[5297, 5309]
24,1,[27618]
25,16,[8395, 18335, 29103, 34591, 35556, 40253, 45836, 57456, 86117, 98183, 100534, 103853, 138468, 151035, 172893, 174242]
26,7,[4450, 7807, 9338, 15075, 20230, 23660, 44815]
27,4,[26031, 38684, 44000, 84919]
12,1,[19168]
14,16,[8168, 18696, 30048, 35950, 36926, 41871, 47694, 59805, 89813, 102298, 104729, 108328, 144436, 157721, 180270, 181671]
15,4,[6429, 8493, 20003, 84284]
16,1,[26514]
17,9,[125462, 131717, 136510, 139998, 151376, 153454, 170602, 170648, 192253]
18,14,[1216, 2556, 13286, 21960, 23364, 31619, 39443, 41842, 43598, 108056, 114254, 114331, 124055, 138330]
20,7,[3951, 7284, 8793, 10158, 43855, 49970, 51339]
21,5,[1755, 2250, 4705, 17251, 21654]
22,12,[3333, 21180, 80258, 80466, 80641, 88852, 89317, 89380, 89386, 89478, 90717, 90860]
23,2,[5297, 5309]
24,1,[27618]
25,16,[8395, 18335, 29103, 34591, 35556, 40253, 45836, 57456, 86117, 98183, 100534, 103853, 138468, 151035, 172893, 174242]
26,7,[4450, 7807, 9338, 15075, 20230, 23660, 44815]
27,4,[26031, 38684, 44000, 84919]
