8,1,[171]
9,3,[760, 1246, 2655]
10,261,[3235, 3355, 3445, 3665, 4817, 4894, 9160, 9176, 9270, 9286, 9354, 9381, 9724, 9743, 9769, 36026, 38749, 41150, 46256, 53881, 74370, 76739, 76892, 77248, 93976, 96647, 96677, 102057, 103230, 103235, 105567, 106300, 108259, 109790, 110061, 110123, 110133, 110284, 110635, 110654, 111269, 111285, 111617, 111756, 111899, 111910, 112257, 113314, 113365, 118521, 118583, 118628, 124229, 125735, 127019, 128166, 132122, 132256, 134245, 135991, 136003, 142767, 147630, 159391, 170839, 170906, 170993, 171202, 177099, 178081, 179507, 179689, 182747, 190739, 190838, 190843, 190997, 196404, 196428, 197770, 199064, 208012, 211666, 213532, 225243, 226985, 229198, 233048, 233056, 237324, 250581, 262026, 262156, 266118, 266132, 266625, 269250, 276637, 280418, 280430, 293619, 293854, 294119, 294134, 295604, 295819, 296594, 296606, 297572, 298905, 299655, 300223, 303116, 311698, 311764, 314374, 315019, 316473, 319851, 322386, 322779, 324336, 325725, 327388, 333905, 335870, 335888, 336014, 338559, 338574, 338593, 339809, 343762, 343848, 344257, 345442, 348609, 350405, 352447, 358439, 359220, 364393, 367436, 368206, 368387, 368634, 368707, 370866, 372554, 373352, 376698, 378281, 378290, 381788, 386357, 387628, 391645, 391656, 392075, 392916, 395580, 396142, 399703, 400259, 400581, 401535, 401595, 401615, 402949, 403316, 405743, 407239, 411736, 415913, 421145, 422198, 423014, 423720, 424282, 424388, 425006, 425191, 425396, 428200, 429332, 432516, 432618, 434326, 436989, 442687, 443300, 443379, 445355, 445551, 445578, 445680, 445901, 447321, 448411, 448468, 449664, 451520, 457804, 462979, 463224, 463235, 465366, 468141, 468780, 468789, 468816, 469594, 470892, 471372, 472268, 472803, 475014, 480732, 480744, 481118, 483115, 484164, 484230, 487946, 488129, 489534, 493765, 495835, 496890, 498106, 498113, 501724, 502730, 509567, 513762, 514368, 515923, 517024, 521883, 523753, 524194, 526599, 531677, 532882, 536913, 544726, 545012, 550275, 556540, 568191, 590732, 590796, 592141, 592918, 593850, 613267, 618509, 624753, 629321, 636122, 636125]
15,4,[37480, 63595, 151706, 167945]
16,1,[25642]
17,167,[693, 3145, 3967, 9319, 10095, 10112, 15241, 20209, 22464, 23654, 24794, 25423, 26590, 27384, 30013, 31444, 34480, 35253, 35434, 35689, 35755, 36056, 38468, 38883, 42646, 42656, 42757, 44880, 45581, 46367, 51696, 52271, 52503, 62699, 63386, 63555, 63952, 63991, 64689, 65400, 65492, 69244, 70376, 70599, 70603, 71268, 71446, 71804, 73778, 74500, 74515, 77474, 77487, 77729, 79369, 79387, 79394, 79877, 82146, 82853, 83457, 86991, 89076, 89087, 89839, 90113, 90127, 91270, 92294, 92445, 93036, 95648, 96632, 97612, 97944, 103247, 103419, 106824, 107293, 107325, 109097, 109329, 109341, 109354, 109865, 109922, 110041, 113265, 118603, 119294, 119361, 119419, 120880, 124518, 124664, 125541, 126238, 127223, 129138, 129143, 130555, 132461, 132969, 133161, 133348, 134570, 139282, 139286, 140120, 140436, 143359, 143715, 144064, 144312, 146560, 150102, 151151, 151235, 151246, 151271, 154766, 154866, 156203, 158210, 158900, 159749, 159766, 161330, 161749, 161802, 163246, 163755, 164137, 164520, 165855, 165892, 168734, 169385, 169910, 172695, 172734, 172781, 172825, 173089, 174801, 174815, 174904, 177489, 177496, 179430, 179458, 182113, 185190, 185255, 185953, 186654, 195130, 196060, 197569, 206786, 208271, 208341, 208642, 210723, 210756, 213230, 216353]
18,18,[10984, 16999, 34514, 43008, 65536, 68324, 74633, 79620, 85558, 98246, 110206, 110401, 111983, 116969, 117539, 119361, 119931, 129446]
19,1,[18086]
20,15,[5438, 5479, 8006, 9480, 9822, 12069, 13418, 29788, 33714, 38019, 45180, 48063, 53398, 55826, 62085]
21,6,[10050, 13725, 21646, 30110, 31731, 32920]
22,12,[998, 22520, 22868, 32376, 62613, 64629, 94593, 96898, 100681, 101236, 118367, 137235]
23,1,[3804]
24,1,[4887]
26,12,[8527, 10033, 10373, 12656, 30633, 34588, 38937, 46169, 49076, 54523, 56982, 63388]
27,2,[90113, 94815]
28,1,[3887]
30,261,[3141, 3261, 3351, 3571, 4723, 4800, 9066, 9082, 9176, 9192, 9260, 9287, 9630, 9649, 9675, 35928, 38651, 41052, 46158, 53782, 74267, 76636, 76789, 77145, 93869, 96540, 96570, 101950, 103123, 103128, 105456, 106189, 108148, 109679, 109950, 110012, 110022, 110173, 110524, 110543, 111158, 111174, 111506, 111645, 111788, 111799, 112146, 113203, 113254, 118410, 118472, 118517, 124118, 125624, 126908, 128055, 132010, 132144, 134133, 135879, 135891, 142655, 147517, 159278, 170716, 170783, 170870, 171079, 176976, 177958, 179384, 179566, 182615, 190607, 190706, 190711, 190865, 196272, 196296, 197638, 198932, 207870, 211524, 213390, 225093, 226835, 229048, 232898, 232906, 237174, 250428, 261870, 262000, 265962, 265976, 266469, 269094, 276481, 280263, 280275, 293462, 293697, 293962, 293977, 295447, 295662, 296437, 296449, 297414, 298747, 299497, 300065, 302958, 311539, 311605, 314215, 314860, 316314, 319692, 322227, 322620, 324177, 325566, 327229, 333746, 335711, 335729, 335855, 338400, 338415, 338434, 339650, 343603, 343689, 344098, 345283, 348450, 350246, 352288, 358279, 359060, 364230, 367273, 368043, 368224, 368471, 368544, 370703, 372391, 373189, 376535, 378118, 378127, 381625, 386194, 387465, 391482, 391493, 391912, 392750, 395414, 395976, 399537, 400093, 400415, 401369, 401429, 401449, 402783, 403150, 405577, 407073, 411570, 415747, 420979, 422032, 422848, 423554, 424116, 424222, 424840, 425025, 425230, 428033, 429165, 432346, 432448, 434156, 436819, 442517, 443130, 443209, 445185, 445381, 445408, 445510, 445731, 447151, 448241, 448298, 449494, 451350, 457634, 462808, 463053, 463064, 465195, 467970, 468609, 468618, 468645, 469423, 470721, 471201, 472098, 472633, 474844, 480564, 480576, 480951, 482950, 483999, 484065, 487784, 487967, 489373, 493605, 495676, 496721, 497937, 497944, 501555, 502561, 509398, 513593, 514199, 515751, 516852, 521711, 523581, 524022, 526427, 531502, 532707, 536738, 544551, 544837, 550097, 556362, 568011, 590547, 590611, 591950, 592727, 593659, 613038, 618257, 624499, 629058, 635847, 635850]
8,1,[171]
9,3,[760, 1246, 2655]
10,261,[3235, 3355, 3445, 3665, 4817, 4894, 9160, 9176, 9270, 9286, 9354, 9381, 9724, 9743, 9769, 36026, 38749, 41150, 46256, 53881, 74370, 76739, 76892, 77248, 93976, 96647, 96677, 102057, 103230, 103235, 105567, 106300, 108259, 109790, 110061, 110123, 110133, 110284, 110635, 110654, 111269, 111285, 111617, 111756, 111899, 111910, 112257, 113314, 113365, 118521, 118583, 118628, 124229, 125735, 127019, 128166, 132122, 132256, 134245, 135991, 136003, 142767, 147630, 159391, 170839, 170906, 170993, 171202, 177099, 178081, 179507, 179689, 182747, 190739, 190838, 190843, 190997, 196404, 196428, 197770, 199064, 208012, 211666, 213532, 225243, 226985, 229198, 233048, 233056, 237324, 250581, 262026, 262156, 266118, 266132, 266625, 269250, 276637, 280418, 280430, 293619, 293854, 294119, 294134, 295604, 295819, 296594, 296606, 297572, 298905, 299655, 300223, 303116, 311698, 311764, 314374, 315019, 316473, 319851, 322386, 322779, 324336, 325725, 327388, 333905, 335870, 335888, 336014, 338559, 338574, 338593, 339809, 343762, 343848, 344257, 345442, 348609, 350405, 352447, 358439, 359220, 364393, 367436, 368206, 368387, 368634, 368707, 370866, 372554, 373352, 376698, 378281, 378290, 381788, 386357, 387628, 391645, 391656, 392075, 392916, 395580, 396142, 399703, 400259, 400581, 401535, 401595, 401615, 402949, 403316, 405743, 407239, 411736, 415913, 421145, 422198, 423014, 423720, 424282, 424388, 425006, 425191, 425396, 428200, 429332, 432516, 432618, 434326, 436989, 442687, 443300, 443379, 445355, 445551, 445578, 445680, 445901, 447321, 448411, 448468, 449664, 451520, 457804, 462979, 463224, 463235, 465366, 468141, 468780, 468789, 468816, 469594, 470892, 471372, 472268, 472803, 475014, 480732, 480744, 481118, 483115, 484164, 484230, 487946, 488129, 489534, 493765, 495835, 496890, 498106, 498113, 501724, 502730, 509567, 513762, 514368, 515923, 517024, 521883, 523753, 524194, 526599, 531677, 532882, 536913, 544726, 545012, 550275, 556540, 568191, 590732, 590796, 592141, 592918, 593850, 613267, 618509, 624753, 629321, 636122, 636125]
15,4,[37480, 63595, 151706, 167945]
16,1,[25642]
17,167,[693, 3145, 3967, 9319, 10095, 10112, 15241, 20209, 22464, 23654, 24794, 25423, 26590, 27384, 30013, 31444, 34480, 35253, 35434, 35689, 35755, 36056, 38468, 38883, 42646, 42656, 42757, 44880, 45581, 46367, 51696, 52271, 52503, 62699, 63386, 63555, 63952, 63991, 64689, 65400, 65492, 69244, 70376, 70599, 70603, 71268, 71446, 71804, 73778, 74500, 74515, 77474, 77487, 77729, 79369, 79387, 79394, 79877, 82146, 82853, 83457, 86991, 89076, 89087, 89839, 90113, 90127, 91270, 92294, 92445, 93036, 95648, 96632, 97612, 97944, 103247, 103419, 106824, 107293, 107325, 109097, 109329, 109341, 109354, 109865, 109922, 110041, 113265, 118603, 119294, 119361, 119419, 120880, 124518, 124664, 125541, 126238, 127223, 129138, 129143, 130555, 132461, 132969, 133161, 133348, 134570, 139282, 139286, 140120, 140436, 143359, 143715, 144064, 144312, 146560, 150102, 151151, 151235, 151246, 151271, 154766, 154866, 156203, 158210, 158900, 159749, 159766, 161330, 161749, 161802, 163246, 163755, 164137, 164520, 165855, 165892, 168734, 169385, 169910, 172695, 172734, 172781, 172825, 173089, 174801, 174815, 174904, 177489, 177496, 179430, 179458, 182113, 185190, 185255, 185953, 186654, 195130, 196060, 197569, 206786, 208271, 208341, 208642, 210723, 210756, 213230, 216353]
18,18,[10984, 16999, 34514, 43008, 65536, 68324, 74633, 79620, 85558, 98246, 110206, 110401, 111983, 116969, 117539, 119361, 119931, 129446]
19,1,[18086]
20,15,[5438, 5479, 8006, 9480, 9822, 12069, 13418, 29788, 33714, 38019, 45180, 48063, 53398, 55826, 62085]
21,6,[10050, 13725, 21646, 30110, 31731, 32920]
22,12,[998, 22520, 22868, 32376, 62613, 64629, 94593, 96898, 100681, 101236, 118367, 137235]
23,1,[3804]
24,1,[4887]
26,12,[8527, 10033, 10373, 12656, 30633, 34588, 38937, 46169, 49076, 54523, 56982, 63388]
27,2,[90113, 94815]
28,1,[3887]
30,261,[3141, 3261, 3351, 3571, 4723, 4800, 9066, 9082, 9176, 9192, 9260, 9287, 9630, 9649, 9675, 35928, 38651, 41052, 46158, 53782, 74267, 76636, 76789, 77145, 93869, 96540, 96570, 101950, 103123, 103128, 105456, 106189, 108148, 109679, 109950, 110012, 110022, 110173, 110524, 110543, 111158, 111174, 111506, 111645, 111788, 111799, 112146, 113203, 113254, 118410, 118472, 118517, 124118, 125624, 126908, 128055, 132010, 132144, 134133, 135879, 135891, 142655, 147517, 159278, 170716, 170783, 170870, 171079, 176976, 177958, 179384, 179566, 182615, 190607, 190706, 190711, 190865, 196272, 196296, 197638, 198932, 207870, 211524, 213390, 225093, 226835, 229048, 232898, 232906, 237174, 250428, 261870, 262000, 265962, 265976, 266469, 269094, 276481, 280263, 280275, 293462, 293697, 293962, 293977, 295447, 295662, 296437, 296449, 297414, 298747, 299497, 300065, 302958, 311539, 311605, 314215, 314860, 316314, 319692, 322227, 322620, 324177, 325566, 327229, 333746, 335711, 335729, 335855, 338400, 338415, 338434, 339650, 343603, 343689, 344098, 345283, 348450, 350246, 352288, 358279, 359060, 364230, 367273, 368043, 368224, 368471, 368544, 370703, 372391, 373189, 376535, 378118, 378127, 381625, 386194, 387465, 391482, 391493, 391912, 392750, 395414, 395976, 399537, 400093, 400415, 401369, 401429, 401449, 402783, 403150, 405577, 407073, 411570, 415747, 420979, 422032, 422848, 423554, 424116, 424222, 424840, 425025, 425230, 428033, 429165, 432346, 432448, 434156, 436819, 442517, 443130, 443209, 445185, 445381, 445408, 445510, 445731, 447151, 448241, 448298, 449494, 451350, 457634, 462808, 463053, 463064, 465195, 467970, 468609, 468618, 468645, 469423, 470721, 471201, 472098, 472633, 474844, 480564, 480576, 480951, 482950, 483999, 484065, 487784, 487967, 489373, 493605, 495676, 496721, 497937, 497944, 501555, 502561, 509398, 513593, 514199, 515751, 516852, 521711, 523581, 524022, 526427, 531502, 532707, 536738, 544551, 544837, 550097, 556362, 568011, 590547, 590611, 591950, 592727, 593659, 613038, 618257, 624499, 629058, 635847, 635850]
