10,1,[44881]
14,4,[2534, 63747, 82733, 188076]
15,1,[151252]
17,1,[142818]
18,16,[14561, 32272, 57023, 72413, 76570, 101064, 115128, 117028, 117278, 119420, 119670, 123083, 126912, 129541, 142238, 147473]
20,1,[30377]
22,14,[3806, 9794, 10927, 20657, 38132, 61420, 62224, 63414, 64820, 64967, 85327, 86216, 86230, 157442]
25,5,[2888, 61235, 79007, 165401, 180315]
26,3,[177, 31226, 59053]
30,1,[44783]
10,1,[44881]
14,4,[2534, 63747, 82733, 188076]
15,1,[151252]
17,1,[142818]
18,16,[14561, 32272, 57023, 72413, 76570, 101064, 115128, 117028, 117278, 119420, 119670, 123083, 126912, 129541, 142238, 147473]
20,1,[30377]
22,14,[3806, 9794, 10927, 20657, 38132, 61420, 62224, 63414, 64820, 64967, 85327, 86216, 86230, 157442]
25,5,[2888, 61235, 79007, 165401, 180315]
26,3,[177, 31226, 59053]
30,1,[44783]
