14,199,[682, 3352, 4367, 4435, 5241, 6202, 8203, 10890, 14105, 14937, 15394, 15669, 16777, 16913, 17582, 18618, 22553, 24592, 28299, 28393, 30064, 30907, 31686, 31782, 31854, 31858, 32235, 32537, 35129, 35146, 35858, 36831, 40063, 40203, 40886, 41915, 42666, 42698, 43456, 43481, 47605, 48460, 48590, 50040, 51054, 52149, 53464, 56268, 56306, 58512, 58666, 59696, 62241, 63039, 65545, 72139, 73444, 73532, 74295, 74449, 74458, 75208, 75485, 76024, 76120, 77128, 82789, 82873, 84714, 84771, 85098, 85287, 87542, 88708, 90565, 91716, 93831, 96663, 96722, 97608, 98353, 98472, 100412, 102851, 103234, 103294, 105351, 106341, 106367, 107103, 108237, 109154, 109959, 109980, 110712, 113468, 113486, 114497, 115140, 115876, 117013, 118998, 119694, 123843, 127415, 127434, 128305, 128345, 128369, 128412, 129972, 131358, 132915, 133785, 135061, 136356, 137406, 138276, 139384, 143382, 144999, 145776, 147332, 147375, 147382, 147407, 152186, 152220, 152829, 153796, 153814, 154729, 155344, 157660, 159911, 161945, 164119, 165028, 165127, 167110, 168157, 168705, 169201, 169406, 171462, 171706, 172983, 174188, 175128, 175663, 176111, 176297, 177536, 178088, 178984, 180143, 181070, 181566, 182594, 184674, 187542, 189170, 189687, 190467, 191319, 191395, 192266, 193543, 195884, 196470, 196474, 196521, 196639, 196647, 196654, 196692, 196774, 196806, 196810, 196819, 196881, 196909, 196934, 197004, 197011, 197129, 197157, 197216, 197223, 197227, 197241, 197424, 197439, 197480, 197510, 197530, 197532, 197550, 200715]
15,2,[103830, 137158]
18,1,[85359]
22,6,[5679, 19239, 20729, 22207, 27002, 42583]
23,2,[3794, 14651]
25,197,[855, 1266, 1280, 1310, 3217, 4784, 4873, 6509, 8436, 9392, 15321, 16731, 19745, 19756, 19804, 21386, 27502, 29117, 29869, 30694, 30775, 30779, 31122, 33813, 33830, 38657, 38683, 40295, 40985, 41017, 41688, 46690, 51253, 53950, 56268, 59756, 70009, 70887, 70896, 71894, 72416, 79060, 81059, 81111, 81671, 92571, 92645, 93518, 98706, 99138, 99198, 101078, 102016, 102300, 102701, 105383, 106238, 109691, 110260, 112044, 113476, 113945, 122077, 122891, 124448, 125706, 128068, 131599, 139708, 141301, 141340, 141350, 141373, 145860, 145894, 148173, 153021, 158304, 161771, 162466, 164899, 166086, 168567, 169196, 170297, 173658, 181367, 181907, 183095, 183100, 183226, 185453, 187709, 188269, 188273, 188405, 188413, 188420, 188453, 188535, 188562, 188583, 188592, 188630, 188643, 188657, 188684, 188698, 188714, 188740, 188854, 188862, 189034, 189053, 189104, 189108, 189119, 189130, 189274, 189323, 189382, 189392, 189449, 189504, 189580, 189698, 189714, 189971, 190013, 190031, 190099, 190108, 190221, 190287, 190437, 190491, 190504, 190517, 190527, 190608, 190654, 190664, 190752, 190770, 190803, 190898, 190933, 190947, 191315, 191606, 191710, 191720, 191748, 191837, 191918, 191950, 192051, 192128, 192325, 192482, 193490, 193508, 193563, 193731, 193746, 193772, 194329, 194587, 194742, 194752, 194949, 195287, 195671, 196021, 196033, 196107, 196185, 196193, 197133, 197254, 197265, 197386, 198013, 198023, 198048, 198456, 198480, 198493, 198647, 198660, 199194, 199209, 199237, 199280, 199576, 199857, 203062]
27,1,[108157]
14,199,[682, 3352, 4367, 4435, 5241, 6202, 8203, 10890, 14105, 14937, 15394, 15669, 16777, 16913, 17582, 18618, 22553, 24592, 28299, 28393, 30064, 30907, 31686, 31782, 31854, 31858, 32235, 32537, 35129, 35146, 35858, 36831, 40063, 40203, 40886, 41915, 42666, 42698, 43456, 43481, 47605, 48460, 48590, 50040, 51054, 52149, 53464, 56268, 56306, 58512, 58666, 59696, 62241, 63039, 65545, 72139, 73444, 73532, 74295, 74449, 74458, 75208, 75485, 76024, 76120, 77128, 82789, 82873, 84714, 84771, 85098, 85287, 87542, 88708, 90565, 91716, 93831, 96663, 96722, 97608, 98353, 98472, 100412, 102851, 103234, 103294, 105351, 106341, 106367, 107103, 108237, 109154, 109959, 109980, 110712, 113468, 113486, 114497, 115140, 115876, 117013, 118998, 119694, 123843, 127415, 127434, 128305, 128345, 128369, 128412, 129972, 131358, 132915, 133785, 135061, 136356, 137406, 138276, 139384, 143382, 144999, 145776, 147332, 147375, 147382, 147407, 152186, 152220, 152829, 153796, 153814, 154729, 155344, 157660, 159911, 161945, 164119, 165028, 165127, 167110, 168157, 168705, 169201, 169406, 171462, 171706, 172983, 174188, 175128, 175663, 176111, 176297, 177536, 178088, 178984, 180143, 181070, 181566, 182594, 184674, 187542, 189170, 189687, 190467, 191319, 191395, 192266, 193543, 195884, 196470, 196474, 196521, 196639, 196647, 196654, 196692, 196774, 196806, 196810, 196819, 196881, 196909, 196934, 197004, 197011, 197129, 197157, 197216, 197223, 197227, 197241, 197424, 197439, 197480, 197510, 197530, 197532, 197550, 200715]
15,2,[103830, 137158]
18,1,[85359]
22,6,[5679, 19239, 20729, 22207, 27002, 42583]
23,2,[3794, 14651]
25,197,[855, 1266, 1280, 1310, 3217, 4784, 4873, 6509, 8436, 9392, 15321, 16731, 19745, 19756, 19804, 21386, 27502, 29117, 29869, 30694, 30775, 30779, 31122, 33813, 33830, 38657, 38683, 40295, 40985, 41017, 41688, 46690, 51253, 53950, 56268, 59756, 70009, 70887, 70896, 71894, 72416, 79060, 81059, 81111, 81671, 92571, 92645, 93518, 98706, 99138, 99198, 101078, 102016, 102300, 102701, 105383, 106238, 109691, 110260, 112044, 113476, 113945, 122077, 122891, 124448, 125706, 128068, 131599, 139708, 141301, 141340, 141350, 141373, 145860, 145894, 148173, 153021, 158304, 161771, 162466, 164899, 166086, 168567, 169196, 170297, 173658, 181367, 181907, 183095, 183100, 183226, 185453, 187709, 188269, 188273, 188405, 188413, 188420, 188453, 188535, 188562, 188583, 188592, 188630, 188643, 188657, 188684, 188698, 188714, 188740, 188854, 188862, 189034, 189053, 189104, 189108, 189119, 189130, 189274, 189323, 189382, 189392, 189449, 189504, 189580, 189698, 189714, 189971, 190013, 190031, 190099, 190108, 190221, 190287, 190437, 190491, 190504, 190517, 190527, 190608, 190654, 190664, 190752, 190770, 190803, 190898, 190933, 190947, 191315, 191606, 191710, 191720, 191748, 191837, 191918, 191950, 192051, 192128, 192325, 192482, 193490, 193508, 193563, 193731, 193746, 193772, 194329, 194587, 194742, 194752, 194949, 195287, 195671, 196021, 196033, 196107, 196185, 196193, 197133, 197254, 197265, 197386, 198013, 198023, 198048, 198456, 198480, 198493, 198647, 198660, 199194, 199209, 199237, 199280, 199576, 199857, 203062]
27,1,[108157]
