10,16,[51800, 55014, 55091, 190936, 318019, 318276, 320010, 346078, 349932, 349941, 350882, 403385, 403545, 435014, 482908, 482961]
17,1,[205189]
18,5,[63694, 95047, 142756, 142989, 143834]
20,3,[31511, 39501, 48974]
21,1,[14766]
22,4,[72366, 90866, 121905, 122033]
26,3,[32381, 40442, 50005]
30,16,[51702, 54915, 54992, 190804, 317860, 318117, 319851, 345919, 349773, 349782, 350723, 403219, 403379, 434844, 482743, 482796]
10,16,[51800, 55014, 55091, 190936, 318019, 318276, 320010, 346078, 349932, 349941, 350882, 403385, 403545, 435014, 482908, 482961]
17,1,[205189]
18,5,[63694, 95047, 142756, 142989, 143834]
20,3,[31511, 39501, 48974]
21,1,[14766]
22,4,[72366, 90866, 121905, 122033]
26,3,[32381, 40442, 50005]
30,16,[51702, 54915, 54992, 190804, 317860, 318117, 319851, 345919, 349773, 349782, 350723, 403219, 403379, 434844, 482743, 482796]
