8,1,[158]
10,7,[77743, 77873, 77898, 77906, 77909, 92239, 339189]
14,3,[27669, 125795, 182871]
15,2,[136563, 168508]
16,1,[22515]
18,3,[11353, 54942, 147291]
20,1,[28255]
21,1,[23584]
22,8,[88215, 114390, 116297, 129897, 143917, 146119, 154008, 160190]
23,4,[14150, 16878, 21215, 21587]
25,3,[26787, 120519, 175423]
26,1,[29092]
30,7,[77640, 77770, 77795, 77803, 77806, 92132, 339030]
8,1,[158]
10,7,[77743, 77873, 77898, 77906, 77909, 92239, 339189]
14,3,[27669, 125795, 182871]
15,2,[136563, 168508]
16,1,[22515]
18,3,[11353, 54942, 147291]
20,1,[28255]
21,1,[23584]
22,8,[88215, 114390, 116297, 129897, 143917, 146119, 154008, 160190]
23,4,[14150, 16878, 21215, 21587]
25,3,[26787, 120519, 175423]
26,1,[29092]
30,7,[77640, 77770, 77795, 77803, 77806, 92132, 339030]
