11,1,[12630]
14,40,[7192, 7587, 7647, 12672, 18840, 23137, 23599, 23664, 23719, 34633, 35188, 41980, 66213, 73141, 73605, 74781, 80816, 87698, 87830, 87860, 89341, 101037, 101870, 102461, 121015, 121437, 121479, 150642, 155028, 155499, 155542, 158180, 159053, 169832, 170428, 184290, 193034, 193607, 193635, 193697]
16,1,[21040]
22,1,[133527]
25,40,[7414, 7810, 7867, 7928, 12748, 18466, 22601, 23020, 23069, 23123, 33357, 33867, 40356, 63239, 69638, 70076, 71194, 77135, 83999, 84159, 84188, 85642, 96924, 97713, 98338, 115927, 116407, 116460, 144407, 148443, 148916, 148957, 151454, 162897, 163474, 176763, 184895, 185480, 185509, 185574]
27,3,[76119, 91978, 99616]
11,1,[12630]
14,40,[7192, 7587, 7647, 12672, 18840, 23137, 23599, 23664, 23719, 34633, 35188, 41980, 66213, 73141, 73605, 74781, 80816, 87698, 87830, 87860, 89341, 101037, 101870, 102461, 121015, 121437, 121479, 150642, 155028, 155499, 155542, 158180, 159053, 169832, 170428, 184290, 193034, 193607, 193635, 193697]
16,1,[21040]
22,1,[133527]
25,40,[7414, 7810, 7867, 7928, 12748, 18466, 22601, 23020, 23069, 23123, 33357, 33867, 40356, 63239, 69638, 70076, 71194, 77135, 83999, 84159, 84188, 85642, 96924, 97713, 98338, 115927, 116407, 116460, 144407, 148443, 148916, 148957, 151454, 162897, 163474, 176763, 184895, 185480, 185509, 185574]
27,3,[76119, 91978, 99616]
