9,1,[2404]
10,1,[596578]
14,6,[2529, 2583, 45197, 50023, 86875, 93465]
15,1,[42999]
18,10,[6005, 8697, 8860, 9289, 9309, 10080, 32778, 116722, 119114, 134293]
21,1,[12505]
22,6,[275, 3280, 12081, 111078, 120471, 120504]
23,1,[15728]
24,1,[27278]
25,8,[2883, 2937, 43371, 48034, 83194, 89505, 184172, 184403]
27,2,[15535, 40863]
30,3,[66, 75, 596387]
9,1,[2404]
10,1,[596578]
14,6,[2529, 2583, 45197, 50023, 86875, 93465]
15,1,[42999]
18,10,[6005, 8697, 8860, 9289, 9309, 10080, 32778, 116722, 119114, 134293]
21,1,[12505]
22,6,[275, 3280, 12081, 111078, 120471, 120504]
23,1,[15728]
24,1,[27278]
25,8,[2883, 2937, 43371, 48034, 83194, 89505, 184172, 184403]
27,2,[15535, 40863]
30,3,[66, 75, 596387]
