9,2,[464, 477]
10,12,[38363, 64435, 65617, 72543, 443258, 443268, 459111, 574781, 585852, 589032, 594566, 631303]
12,2,[10302, 18559]
14,1,[93968]
15,18,[4525, 5847, 40828, 42957, 46547, 66341, 73966, 73972, 82516, 101368, 102128, 103893, 110938, 121316, 146528, 154331, 170235, 170678]
16,6,[1026, 10259, 14472, 15515, 19888, 37252]
18,47,[11431, 15173, 15211, 15567, 16030, 16287, 17346, 19108, 23392, 25430, 28165, 30438, 35390, 57251, 58709, 63031, 68824, 88399, 90621, 91194, 91200, 91576, 91603, 93600, 95231, 95264, 95615, 104689, 104729, 104972, 113149, 113964, 116434, 118826, 128051, 128332, 133111, 133145, 134949, 136433, 139764, 140680, 141445, 146267, 146348, 146607, 146782]
21,1,[20114]
22,19,[2435, 2436, 2462, 2905, 3936, 4137, 4145, 4227, 11921, 12126, 18602, 61857, 61859, 61961, 66835, 87705, 87712, 108425, 120483]
23,2,[10895, 29351]
24,2,[33422, 44792]
25,1,[90025]
26,1,[272]
27,26,[1849, 2499, 2623, 5018, 7530, 9509, 19719, 22770, 23003, 24847, 25178, 26736, 29104, 29708, 31645, 42481, 46224, 47404, 49512, 50800, 60632, 60786, 61566, 64638, 89328, 103207]
30,12,[38265, 64332, 65514, 72440, 443088, 443098, 458941, 574601, 585667, 588847, 594375, 631032]
9,2,[464, 477]
10,12,[38363, 64435, 65617, 72543, 443258, 443268, 459111, 574781, 585852, 589032, 594566, 631303]
12,2,[10302, 18559]
14,1,[93968]
15,18,[4525, 5847, 40828, 42957, 46547, 66341, 73966, 73972, 82516, 101368, 102128, 103893, 110938, 121316, 146528, 154331, 170235, 170678]
16,6,[1026, 10259, 14472, 15515, 19888, 37252]
18,47,[11431, 15173, 15211, 15567, 16030, 16287, 17346, 19108, 23392, 25430, 28165, 30438, 35390, 57251, 58709, 63031, 68824, 88399, 90621, 91194, 91200, 91576, 91603, 93600, 95231, 95264, 95615, 104689, 104729, 104972, 113149, 113964, 116434, 118826, 128051, 128332, 133111, 133145, 134949, 136433, 139764, 140680, 141445, 146267, 146348, 146607, 146782]
21,1,[20114]
22,19,[2435, 2436, 2462, 2905, 3936, 4137, 4145, 4227, 11921, 12126, 18602, 61857, 61859, 61961, 66835, 87705, 87712, 108425, 120483]
23,2,[10895, 29351]
24,2,[33422, 44792]
25,1,[90025]
26,1,[272]
27,26,[1849, 2499, 2623, 5018, 7530, 9509, 19719, 22770, 23003, 24847, 25178, 26736, 29104, 29708, 31645, 42481, 46224, 47404, 49512, 50800, 60632, 60786, 61566, 64638, 89328, 103207]
30,12,[38265, 64332, 65514, 72440, 443088, 443098, 458941, 574601, 585667, 588847, 594375, 631032]
