11,1,[406]
16,1,[34742]
17,2,[132622, 136215]
18,1,[37786]
21,3,[9271, 22811, 25816]
22,10,[70998, 71204, 71205, 71220, 71222, 113278, 113799, 131180, 137156, 139941]
24,1,[31122]
27,9,[23846, 25173, 25324, 49118, 60307, 90276, 95123, 97289, 106548]
11,1,[406]
16,1,[34742]
17,2,[132622, 136215]
18,1,[37786]
21,3,[9271, 22811, 25816]
22,10,[70998, 71204, 71205, 71220, 71222, 113278, 113799, 131180, 137156, 139941]
24,1,[31122]
27,9,[23846, 25173, 25324, 49118, 60307, 90276, 95123, 97289, 106548]
