10,2,[346946, 346999]
18,9,[6685, 8638, 12829, 28730, 31021, 33653, 47068, 59491, 60805]
19,1,[1486]
20,6,[10966, 29688, 33985, 35411, 49187, 53994]
22,14,[3597, 3649, 8480, 53059, 53620, 53621, 60963, 66847, 108411, 108413, 108527, 108541, 110184, 144163]
23,1,[10517]
26,6,[11531, 30533, 34863, 36307, 50228, 55155]
27,1,[64237]
30,2,[346787, 346840]
10,2,[346946, 346999]
18,9,[6685, 8638, 12829, 28730, 31021, 33653, 47068, 59491, 60805]
19,1,[1486]
20,6,[10966, 29688, 33985, 35411, 49187, 53994]
22,14,[3597, 3649, 8480, 53059, 53620, 53621, 60963, 66847, 108411, 108413, 108527, 108541, 110184, 144163]
23,1,[10517]
26,6,[11531, 30533, 34863, 36307, 50228, 55155]
27,1,[64237]
30,2,[346787, 346840]
