8,1,[450]
10,17,[18782, 23625, 191023, 195597, 202090, 202153, 278961, 298361, 299150, 459120, 482538, 495995, 505841, 505849, 539917, 539929, 619413]
17,3,[100580, 107867, 186814]
18,9,[6515, 15233, 44581, 93548, 94300, 106749, 108009, 140780, 147840]
20,5,[2043, 14111, 15803, 45766, 51661]
21,1,[28083]
22,3,[56946, 67140, 68800]
26,5,[2429, 16448, 22470, 46582, 47433]
27,8,[894, 11538, 24974, 43297, 56379, 61747, 70200, 81722]
30,17,[18688, 23531, 190891, 195465, 201948, 202011, 278806, 298203, 298992, 458950, 482372, 495836, 505672, 505680, 539742, 539754, 619161]
8,1,[450]
10,17,[18782, 23625, 191023, 195597, 202090, 202153, 278961, 298361, 299150, 459120, 482538, 495995, 505841, 505849, 539917, 539929, 619413]
17,3,[100580, 107867, 186814]
18,9,[6515, 15233, 44581, 93548, 94300, 106749, 108009, 140780, 147840]
20,5,[2043, 14111, 15803, 45766, 51661]
21,1,[28083]
22,3,[56946, 67140, 68800]
26,5,[2429, 16448, 22470, 46582, 47433]
27,8,[894, 11538, 24974, 43297, 56379, 61747, 70200, 81722]
30,17,[18688, 23531, 190891, 195465, 201948, 202011, 278806, 298203, 298992, 458950, 482372, 495836, 505672, 505680, 539742, 539754, 619161]
