10,17,[136087, 136319, 139474, 147178, 147198, 252063, 252959, 253148, 253259, 276150, 276344, 280589, 290591, 591653, 592006, 592703, 596240]
14,445,[721, 730, 3011, 3084, 4038, 4112, 4920, 4983, 5917, 5988, 6539, 6597, 7274, 7318, 7996, 8028, 9322, 9393, 10575, 10628, 11505, 11574, 12072, 12774, 12825, 13765, 13820, 14699, 14749, 15468, 15525, 16450, 16513, 17338, 17386, 18223, 18267, 19257, 19319, 20045, 20124, 20819, 20875, 21506, 21569, 22222, 22289, 23237, 23292, 24206, 24253, 25309, 25591, 25635, 26121, 26182, 26883, 26960, 28037, 28128, 28804, 28879, 28880, 29166, 29731, 29823, 30507, 30568, 31452, 31523, 32295, 32347, 33278, 33339, 34087, 34148, 34723, 34817, 35597, 35688, 36477, 36524, 37564, 37626, 37684, 38739, 38779, 39219, 39253, 39681, 39744, 40710, 40753, 41511, 41594, 42364, 42433, 43181, 43229, 44071, 44137, 45086, 45207, 46253, 46352, 47301, 47351, 47397, 48261, 48313, 48951, 48994, 49231, 49641, 49676, 50650, 50696, 51752, 51827, 52943, 53014, 54068, 54136, 54922, 54994, 56004, 56062, 56656, 56701, 57284, 57357, 57358, 58157, 58213, 59034, 59240, 59299, 60510, 60551, 61177, 61214, 61976, 62056, 62789, 62843, 62844, 63670, 64158, 64231, 65259, 65321, 66303, 66366, 67132, 67202, 67944, 67955, 68004, 68960, 69005, 69590, 69633, 69935, 70366, 70415, 71146, 71193, 71753, 71814, 72753, 72797, 73219, 73279, 74002, 74073, 74856, 74907, 75781, 75831, 76777, 76824, 77818, 77871, 79046, 79112, 80013, 80059, 80905, 81017, 82507, 82574, 83668, 83730, 84837, 84890, 85960, 86016, 87073, 87168, 88305, 88379, 89417, 89527, 90333, 90394, 91396, 91461, 92698, 92749, 93581, 93640, 94614, 94661, 95606, 95647, 96279, 96343, 97145, 97224, 98118, 98189, 98877, 98929, 99724, 100201, 101134, 101201, 101940, 102027, 102910, 102995, 103748, 103798, 104369, 104445, 105198, 105248, 105852, 105949, 106823, 106899, 107674, 107861, 108962, 109006, 109724, 109792, 110474, 110521, 111226, 111275, 111836, 111894, 112482, 112539, 113238, 113310, 114081, 114141, 114940, 115478, 115534, 116656, 116783, 117497, 117530, 118124, 118206, 118844, 118906, 119411, 119472, 120324, 120383, 121110, 121182, 121842, 121899, 122620, 122703, 123526, 123571, 124557, 124619, 125428, 125482, 126038, 126080, 127005, 127045, 128188, 128250, 129023, 129112, 129908, 129993, 130532, 130593, 131090, 131166, 131726, 131790, 132748, 132807, 133444, 133564, 134692, 134781, 135923, 136001, 137037, 137112, 137953, 137999, 139018, 139070, 140127, 140188, 141302, 141354, 141827, 141877, 143046, 143135, 144125, 144182, 144844, 144885, 145477, 145534, 146212, 146309, 147207, 147263, 147978, 148033, 148527, 148568, 149182, 149223, 149837, 149882, 150425, 150471, 151060, 151103, 151760, 151838, 152652, 152692, 153522, 153603, 154380, 154433, 155107, 155187, 155841, 155895, 156666, 156745, 157410, 157473, 158320, 158408, 159525, 159967, 160081, 161500, 161545, 162848, 162928, 163852, 163941, 164750, 164829, 165721, 166058, 166123, 166793, 166866, 167776, 167843, 168854, 168927, 169915, 170014, 170897, 170942, 172009, 172096, 172805, 172871, 173317, 173359, 173914, 173967, 174878, 174939, 175813, 175858, 176799, 176851, 177336, 177363, 177833, 177886, 178742, 178833, 179634, 179700, 181124, 181183, 182290, 182350, 183167, 183224, 183826, 184374, 184416, 185373, 185448, 186358, 186433, 187240, 187277, 187998, 188497, 188607, 188992, 189057, 189783, 190244, 190285, 191109, 191165, 191854, 191926, 193135, 193220, 194025, 194074, 194751, 194809, 195546, 195602]
15,1,[42429]
17,1,[150001]
18,5,[6098, 6652, 16161, 95812, 136202]
22,2,[24821, 48026]
25,449,[905, 914, 3418, 3490, 4395, 4487, 5297, 5359, 6239, 6306, 6790, 6840, 7484, 7538, 8233, 8268, 9577, 9647, 10752, 10805, 11636, 11697, 12182, 12837, 12888, 13752, 13811, 14665, 14716, 15383, 15440, 16261, 16320, 17089, 17139, 17871, 17915, 18836, 18901, 19562, 19642, 20440, 20495, 21066, 21122, 21740, 21807, 22682, 22737, 23546, 23593, 24592, 24850, 24897, 25330, 25389, 26026, 26103, 27153, 27244, 27874, 27956, 27957, 28234, 28738, 28828, 29514, 29571, 30381, 30454, 31171, 31223, 32113, 32169, 32866, 32926, 33434, 33528, 34233, 34327, 35107, 35154, 36166, 36226, 36285, 37300, 37349, 37730, 37760, 38130, 38190, 39139, 39181, 39903, 39984, 40705, 40766, 41422, 41470, 42259, 42325, 43260, 43379, 44375, 44479, 45448, 45506, 45552, 46373, 46427, 47032, 47082, 47312, 47691, 47726, 48640, 48686, 49640, 49715, 50766, 50847, 51903, 51971, 52732, 52841, 53666, 53716, 54267, 54304, 54911, 54995, 54996, 55777, 55832, 56699, 56889, 56948, 58097, 58137, 58707, 58746, 58756, 58764, 59319, 59329, 59539, 59620, 60340, 60394, 60395, 61164, 61740, 61798, 63316, 63379, 64042, 64108, 64755, 64766, 64815, 65732, 65769, 66397, 66439, 66735, 67124, 67171, 67847, 67893, 68403, 68464, 69296, 69334, 69704, 69762, 70433, 70541, 71257, 71308, 72160, 72221, 73183, 73230, 74180, 74234, 75444, 75509, 76386, 76432, 77211, 77323, 78786, 78854, 79939, 80000, 81167, 81220, 82316, 82376, 83374, 83468, 84622, 84699, 85706, 85814, 86590, 86653, 87565, 87633, 88791, 88835, 89606, 89663, 90640, 90697, 91559, 91596, 92216, 92269, 93036, 93114, 94013, 94083, 94791, 94841, 95577, 96180, 97009, 97075, 97771, 97858, 98755, 98840, 99628, 99678, 100181, 100257, 100943, 100981, 101524, 101621, 102438, 102506, 103244, 103417, 104435, 104478, 105132, 105214, 106015, 106060, 106708, 106747, 107244, 107301, 107822, 107877, 108522, 108594, 109332, 109388, 110073, 110562, 110618, 111693, 111813, 112460, 112485, 113026, 113103, 113800, 113861, 114352, 114413, 115234, 115284, 116012, 116077, 116766, 116815, 117449, 117525, 118371, 118416, 119334, 119395, 120125, 120179, 120189, 120745, 120789, 121677, 121716, 122744, 122806, 123534, 123634, 124389, 124476, 124945, 124997, 125441, 125516, 126034, 126102, 127004, 127058, 127064, 127737, 127850, 128913, 129003, 130142, 130219, 131203, 131283, 132091, 132137, 133072, 133124, 134283, 134343, 135413, 135454, 135870, 135919, 137106, 137195, 138153, 138207, 138833, 138873, 139412, 139463, 140117, 140215, 141158, 141238, 141945, 141996, 142441, 142480, 143056, 143096, 143655, 143693, 144198, 144243, 144785, 144827, 145411, 145487, 146275, 146315, 147034, 147115, 147832, 147881, 148510, 148594, 149219, 149281, 149991, 150065, 150682, 150743, 151584, 151663, 152662, 153066, 153233, 154749, 154793, 156039, 156118, 157014, 157103, 157891, 157970, 158849, 159150, 159214, 159821, 159900, 160845, 160912, 161906, 161979, 162967, 163065, 163903, 163965, 165154, 165241, 165932, 165988, 166375, 166415, 166918, 166973, 167822, 167882, 168701, 168746, 169650, 169698, 170122, 170144, 170546, 170599, 171391, 171482, 172228, 172294, 173701, 173765, 174845, 174905, 175694, 175756, 176324, 176834, 176876, 177789, 177869, 178725, 178792, 179517, 179554, 180243, 180753, 180861, 181199, 181263, 181999, 182524, 182604, 183789, 183876, 184982, 185078, 185858, 185929, 186566, 186623, 187314, 187369, 187385, 187425]
27,2,[92062, 93089]
30,17,[135975, 136207, 139362, 147065, 147085, 251910, 252806, 252995, 253106, 275994, 276188, 280434, 290435, 591468, 591815, 592512, 596049]
10,17,[136087, 136319, 139474, 147178, 147198, 252063, 252959, 253148, 253259, 276150, 276344, 280589, 290591, 591653, 592006, 592703, 596240]
14,445,[721, 730, 3011, 3084, 4038, 4112, 4920, 4983, 5917, 5988, 6539, 6597, 7274, 7318, 7996, 8028, 9322, 9393, 10575, 10628, 11505, 11574, 12072, 12774, 12825, 13765, 13820, 14699, 14749, 15468, 15525, 16450, 16513, 17338, 17386, 18223, 18267, 19257, 19319, 20045, 20124, 20819, 20875, 21506, 21569, 22222, 22289, 23237, 23292, 24206, 24253, 25309, 25591, 25635, 26121, 26182, 26883, 26960, 28037, 28128, 28804, 28879, 28880, 29166, 29731, 29823, 30507, 30568, 31452, 31523, 32295, 32347, 33278, 33339, 34087, 34148, 34723, 34817, 35597, 35688, 36477, 36524, 37564, 37626, 37684, 38739, 38779, 39219, 39253, 39681, 39744, 40710, 40753, 41511, 41594, 42364, 42433, 43181, 43229, 44071, 44137, 45086, 45207, 46253, 46352, 47301, 47351, 47397, 48261, 48313, 48951, 48994, 49231, 49641, 49676, 50650, 50696, 51752, 51827, 52943, 53014, 54068, 54136, 54922, 54994, 56004, 56062, 56656, 56701, 57284, 57357, 57358, 58157, 58213, 59034, 59240, 59299, 60510, 60551, 61177, 61214, 61976, 62056, 62789, 62843, 62844, 63670, 64158, 64231, 65259, 65321, 66303, 66366, 67132, 67202, 67944, 67955, 68004, 68960, 69005, 69590, 69633, 69935, 70366, 70415, 71146, 71193, 71753, 71814, 72753, 72797, 73219, 73279, 74002, 74073, 74856, 74907, 75781, 75831, 76777, 76824, 77818, 77871, 79046, 79112, 80013, 80059, 80905, 81017, 82507, 82574, 83668, 83730, 84837, 84890, 85960, 86016, 87073, 87168, 88305, 88379, 89417, 89527, 90333, 90394, 91396, 91461, 92698, 92749, 93581, 93640, 94614, 94661, 95606, 95647, 96279, 96343, 97145, 97224, 98118, 98189, 98877, 98929, 99724, 100201, 101134, 101201, 101940, 102027, 102910, 102995, 103748, 103798, 104369, 104445, 105198, 105248, 105852, 105949, 106823, 106899, 107674, 107861, 108962, 109006, 109724, 109792, 110474, 110521, 111226, 111275, 111836, 111894, 112482, 112539, 113238, 113310, 114081, 114141, 114940, 115478, 115534, 116656, 116783, 117497, 117530, 118124, 118206, 118844, 118906, 119411, 119472, 120324, 120383, 121110, 121182, 121842, 121899, 122620, 122703, 123526, 123571, 124557, 124619, 125428, 125482, 126038, 126080, 127005, 127045, 128188, 128250, 129023, 129112, 129908, 129993, 130532, 130593, 131090, 131166, 131726, 131790, 132748, 132807, 133444, 133564, 134692, 134781, 135923, 136001, 137037, 137112, 137953, 137999, 139018, 139070, 140127, 140188, 141302, 141354, 141827, 141877, 143046, 143135, 144125, 144182, 144844, 144885, 145477, 145534, 146212, 146309, 147207, 147263, 147978, 148033, 148527, 148568, 149182, 149223, 149837, 149882, 150425, 150471, 151060, 151103, 151760, 151838, 152652, 152692, 153522, 153603, 154380, 154433, 155107, 155187, 155841, 155895, 156666, 156745, 157410, 157473, 158320, 158408, 159525, 159967, 160081, 161500, 161545, 162848, 162928, 163852, 163941, 164750, 164829, 165721, 166058, 166123, 166793, 166866, 167776, 167843, 168854, 168927, 169915, 170014, 170897, 170942, 172009, 172096, 172805, 172871, 173317, 173359, 173914, 173967, 174878, 174939, 175813, 175858, 176799, 176851, 177336, 177363, 177833, 177886, 178742, 178833, 179634, 179700, 181124, 181183, 182290, 182350, 183167, 183224, 183826, 184374, 184416, 185373, 185448, 186358, 186433, 187240, 187277, 187998, 188497, 188607, 188992, 189057, 189783, 190244, 190285, 191109, 191165, 191854, 191926, 193135, 193220, 194025, 194074, 194751, 194809, 195546, 195602]
15,1,[42429]
17,1,[150001]
18,5,[6098, 6652, 16161, 95812, 136202]
22,2,[24821, 48026]
25,449,[905, 914, 3418, 3490, 4395, 4487, 5297, 5359, 6239, 6306, 6790, 6840, 7484, 7538, 8233, 8268, 9577, 9647, 10752, 10805, 11636, 11697, 12182, 12837, 12888, 13752, 13811, 14665, 14716, 15383, 15440, 16261, 16320, 17089, 17139, 17871, 17915, 18836, 18901, 19562, 19642, 20440, 20495, 21066, 21122, 21740, 21807, 22682, 22737, 23546, 23593, 24592, 24850, 24897, 25330, 25389, 26026, 26103, 27153, 27244, 27874, 27956, 27957, 28234, 28738, 28828, 29514, 29571, 30381, 30454, 31171, 31223, 32113, 32169, 32866, 32926, 33434, 33528, 34233, 34327, 35107, 35154, 36166, 36226, 36285, 37300, 37349, 37730, 37760, 38130, 38190, 39139, 39181, 39903, 39984, 40705, 40766, 41422, 41470, 42259, 42325, 43260, 43379, 44375, 44479, 45448, 45506, 45552, 46373, 46427, 47032, 47082, 47312, 47691, 47726, 48640, 48686, 49640, 49715, 50766, 50847, 51903, 51971, 52732, 52841, 53666, 53716, 54267, 54304, 54911, 54995, 54996, 55777, 55832, 56699, 56889, 56948, 58097, 58137, 58707, 58746, 58756, 58764, 59319, 59329, 59539, 59620, 60340, 60394, 60395, 61164, 61740, 61798, 63316, 63379, 64042, 64108, 64755, 64766, 64815, 65732, 65769, 66397, 66439, 66735, 67124, 67171, 67847, 67893, 68403, 68464, 69296, 69334, 69704, 69762, 70433, 70541, 71257, 71308, 72160, 72221, 73183, 73230, 74180, 74234, 75444, 75509, 76386, 76432, 77211, 77323, 78786, 78854, 79939, 80000, 81167, 81220, 82316, 82376, 83374, 83468, 84622, 84699, 85706, 85814, 86590, 86653, 87565, 87633, 88791, 88835, 89606, 89663, 90640, 90697, 91559, 91596, 92216, 92269, 93036, 93114, 94013, 94083, 94791, 94841, 95577, 96180, 97009, 97075, 97771, 97858, 98755, 98840, 99628, 99678, 100181, 100257, 100943, 100981, 101524, 101621, 102438, 102506, 103244, 103417, 104435, 104478, 105132, 105214, 106015, 106060, 106708, 106747, 107244, 107301, 107822, 107877, 108522, 108594, 109332, 109388, 110073, 110562, 110618, 111693, 111813, 112460, 112485, 113026, 113103, 113800, 113861, 114352, 114413, 115234, 115284, 116012, 116077, 116766, 116815, 117449, 117525, 118371, 118416, 119334, 119395, 120125, 120179, 120189, 120745, 120789, 121677, 121716, 122744, 122806, 123534, 123634, 124389, 124476, 124945, 124997, 125441, 125516, 126034, 126102, 127004, 127058, 127064, 127737, 127850, 128913, 129003, 130142, 130219, 131203, 131283, 132091, 132137, 133072, 133124, 134283, 134343, 135413, 135454, 135870, 135919, 137106, 137195, 138153, 138207, 138833, 138873, 139412, 139463, 140117, 140215, 141158, 141238, 141945, 141996, 142441, 142480, 143056, 143096, 143655, 143693, 144198, 144243, 144785, 144827, 145411, 145487, 146275, 146315, 147034, 147115, 147832, 147881, 148510, 148594, 149219, 149281, 149991, 150065, 150682, 150743, 151584, 151663, 152662, 153066, 153233, 154749, 154793, 156039, 156118, 157014, 157103, 157891, 157970, 158849, 159150, 159214, 159821, 159900, 160845, 160912, 161906, 161979, 162967, 163065, 163903, 163965, 165154, 165241, 165932, 165988, 166375, 166415, 166918, 166973, 167822, 167882, 168701, 168746, 169650, 169698, 170122, 170144, 170546, 170599, 171391, 171482, 172228, 172294, 173701, 173765, 174845, 174905, 175694, 175756, 176324, 176834, 176876, 177789, 177869, 178725, 178792, 179517, 179554, 180243, 180753, 180861, 181199, 181263, 181999, 182524, 182604, 183789, 183876, 184982, 185078, 185858, 185929, 186566, 186623, 187314, 187369, 187385, 187425]
27,2,[92062, 93089]
30,17,[135975, 136207, 139362, 147065, 147085, 251910, 252806, 252995, 253106, 275994, 276188, 280434, 290435, 591468, 591815, 592512, 596049]
