10,51,[126533, 300463, 346168, 374445, 375486, 398857, 499878, 505997, 510221, 515886, 515978, 517505, 523766, 524799, 531640, 554140, 554155, 561932, 565722, 567642, 573257, 576566, 587049, 591658, 597290, 597649, 607141, 613775, 613898, 614609, 614703, 614743, 615037, 615183, 615237, 616414, 616516, 616573, 616585, 617036, 617170, 617243, 617293, 619423, 619442, 630508, 630516, 630534, 632183, 632209, 632425]
15,2,[122377, 122385]
17,25,[12159, 40633, 40984, 42905, 43594, 43601, 43769, 43775, 44462, 50957, 51111, 124013, 161494, 161529, 168030, 176729, 176767, 176779, 176796, 176799, 176802, 176876, 176984, 177013, 184896]
18,26,[2028, 2322, 27113, 35827, 35865, 39889, 51193, 72706, 73239, 74661, 75987, 76005, 80498, 80690, 88456, 88728, 90090, 95347, 95394, 114543, 131203, 131234, 135852, 138816, 145086, 145958]
20,1,[65291]
22,7,[65685, 66056, 67029, 67031, 117163, 159596, 159680]
26,2,[28875, 66704]
27,1,[76991]
30,51,[126422, 300305, 346009, 374282, 375323, 398691, 499709, 505828, 510052, 515714, 515806, 517333, 523594, 524627, 531465, 553962, 553977, 561754, 565542, 567462, 573077, 576386, 586864, 591473, 597099, 597458, 606934, 613541, 613664, 614375, 614469, 614509, 614803, 614949, 615003, 616175, 616277, 616334, 616346, 616793, 616927, 617000, 617050, 619171, 619190, 630242, 630250, 630268, 631908, 631934, 632150]
10,51,[126533, 300463, 346168, 374445, 375486, 398857, 499878, 505997, 510221, 515886, 515978, 517505, 523766, 524799, 531640, 554140, 554155, 561932, 565722, 567642, 573257, 576566, 587049, 591658, 597290, 597649, 607141, 613775, 613898, 614609, 614703, 614743, 615037, 615183, 615237, 616414, 616516, 616573, 616585, 617036, 617170, 617243, 617293, 619423, 619442, 630508, 630516, 630534, 632183, 632209, 632425]
15,2,[122377, 122385]
17,25,[12159, 40633, 40984, 42905, 43594, 43601, 43769, 43775, 44462, 50957, 51111, 124013, 161494, 161529, 168030, 176729, 176767, 176779, 176796, 176799, 176802, 176876, 176984, 177013, 184896]
18,26,[2028, 2322, 27113, 35827, 35865, 39889, 51193, 72706, 73239, 74661, 75987, 76005, 80498, 80690, 88456, 88728, 90090, 95347, 95394, 114543, 131203, 131234, 135852, 138816, 145086, 145958]
20,1,[65291]
22,7,[65685, 66056, 67029, 67031, 117163, 159596, 159680]
26,2,[28875, 66704]
27,1,[76991]
30,51,[126422, 300305, 346009, 374282, 375323, 398691, 499709, 505828, 510052, 515714, 515806, 517333, 523594, 524627, 531465, 553962, 553977, 561754, 565542, 567462, 573077, 576386, 586864, 591473, 597099, 597458, 606934, 613541, 613664, 614375, 614469, 614509, 614803, 614949, 615003, 616175, 616277, 616334, 616346, 616793, 616927, 617000, 617050, 619171, 619190, 630242, 630250, 630268, 631908, 631934, 632150]
