9,5,[259, 992, 1040, 1383, 1634]
10,39,[18703, 27543, 41183, 93727, 111732, 205429, 213706, 219272, 235276, 251383, 266357, 282215, 286267, 307331, 324508, 324816, 338714, 388026, 389096, 389116, 509613, 511829, 524225, 539668, 571698, 581583, 585162, 590153, 601557, 605743, 607955, 607965, 613646, 614747, 615102, 625962, 626443, 626447, 626912]
11,5,[4863, 9262, 12549, 13025, 18107]
12,6,[749, 4590, 4763, 12687, 20069, 20650]
15,15,[5105, 18367, 34365, 52009, 53166, 54704, 65924, 82829, 105851, 106732, 111511, 114320, 128794, 159776, 168655]
16,13,[1280, 7398, 10059, 16649, 16658, 16685, 17755, 20717, 30439, 30514, 32004, 32012, 33672]
17,20,[15203, 22918, 53254, 73104, 77311, 109003, 126805, 132102, 132152, 132174, 138538, 146267, 157102, 162132, 164203, 164789, 165464, 191276, 198067, 214893]
18,22,[5846, 11120, 29304, 34735, 34769, 40572, 41228, 44442, 48588, 50465, 74078, 74691, 74966, 122316, 122322, 122550, 122714, 124865, 133779, 137697, 139511, 139914]
20,4,[996, 5894, 7001, 50474]
21,5,[8552, 9249, 16221, 29527, 33851]
22,20,[20267, 23247, 74726, 90432, 90631, 94466, 100774, 100932, 101073, 101150, 101239, 101737, 102201, 103064, 117932, 118192, 119030, 147917, 154225, 154376]
23,8,[5613, 7579, 11526, 12693, 19164, 20878, 21565, 28409]
24,11,[8658, 8783, 10653, 16743, 17630, 20417, 23176, 32669, 38036, 38947, 41233]
26,4,[1361, 6412, 7521, 51524]
27,31,[8963, 9597, 9602, 12948, 17286, 21821, 27074, 33431, 40204, 45676, 45831, 46743, 47246, 47626, 53438, 57784, 63548, 68478, 69303, 75016, 80612, 85266, 86663, 87022, 93480, 94841, 97134, 101392, 102379, 107557, 108476]
28,4,[3822, 5782, 5881, 11718]
30,39,[18609, 27449, 41085, 93620, 111621, 205287, 213564, 219132, 235126, 251230, 266201, 282060, 286111, 307173, 324349, 324657, 338555, 387863, 388933, 388953, 509444, 511660, 524053, 539493, 571518, 581403, 584977, 589968, 601360, 605541, 607748, 607758, 613417, 614513, 614868, 625705, 626186, 626190, 626655]
9,5,[259, 992, 1040, 1383, 1634]
10,39,[18703, 27543, 41183, 93727, 111732, 205429, 213706, 219272, 235276, 251383, 266357, 282215, 286267, 307331, 324508, 324816, 338714, 388026, 389096, 389116, 509613, 511829, 524225, 539668, 571698, 581583, 585162, 590153, 601557, 605743, 607955, 607965, 613646, 614747, 615102, 625962, 626443, 626447, 626912]
11,5,[4863, 9262, 12549, 13025, 18107]
12,6,[749, 4590, 4763, 12687, 20069, 20650]
15,15,[5105, 18367, 34365, 52009, 53166, 54704, 65924, 82829, 105851, 106732, 111511, 114320, 128794, 159776, 168655]
16,13,[1280, 7398, 10059, 16649, 16658, 16685, 17755, 20717, 30439, 30514, 32004, 32012, 33672]
17,20,[15203, 22918, 53254, 73104, 77311, 109003, 126805, 132102, 132152, 132174, 138538, 146267, 157102, 162132, 164203, 164789, 165464, 191276, 198067, 214893]
18,22,[5846, 11120, 29304, 34735, 34769, 40572, 41228, 44442, 48588, 50465, 74078, 74691, 74966, 122316, 122322, 122550, 122714, 124865, 133779, 137697, 139511, 139914]
20,4,[996, 5894, 7001, 50474]
21,5,[8552, 9249, 16221, 29527, 33851]
22,20,[20267, 23247, 74726, 90432, 90631, 94466, 100774, 100932, 101073, 101150, 101239, 101737, 102201, 103064, 117932, 118192, 119030, 147917, 154225, 154376]
23,8,[5613, 7579, 11526, 12693, 19164, 20878, 21565, 28409]
24,11,[8658, 8783, 10653, 16743, 17630, 20417, 23176, 32669, 38036, 38947, 41233]
26,4,[1361, 6412, 7521, 51524]
27,31,[8963, 9597, 9602, 12948, 17286, 21821, 27074, 33431, 40204, 45676, 45831, 46743, 47246, 47626, 53438, 57784, 63548, 68478, 69303, 75016, 80612, 85266, 86663, 87022, 93480, 94841, 97134, 101392, 102379, 107557, 108476]
28,4,[3822, 5782, 5881, 11718]
30,39,[18609, 27449, 41085, 93620, 111621, 205287, 213564, 219132, 235126, 251230, 266201, 282060, 286111, 307173, 324349, 324657, 338555, 387863, 388933, 388953, 509444, 511660, 524053, 539493, 571518, 581403, 584977, 589968, 601360, 605541, 607748, 607758, 613417, 614513, 614868, 625705, 626186, 626190, 626655]
