14,87,[2713, 4742, 8307, 8314, 9850, 9857, 13401, 13408, 15175, 17869, 17871, 17879, 19807, 19814, 21254, 26580, 26587, 27841, 32919, 32927, 34482, 34489, 38928, 38935, 39429, 39436, 42802, 42811, 47102, 49430, 49437, 57833, 57840, 65080, 70149, 70156, 75523, 75530, 78362, 78371, 79845, 90895, 90902, 96042, 96049, 102517, 102524, 119217, 119224, 122219, 122226, 126702, 126711, 130351, 130360, 130860, 130867, 141629, 141638, 142877, 147062, 148956, 148963, 149607, 149614, 150833, 150840, 156382, 156389, 157160, 157169, 161032, 173121, 173130, 174492, 174503, 177659, 177668, 177670, 181944, 181956, 188637, 192891, 195257, 195264, 196208, 196217]
15,7,[18594, 31750, 33760, 34925, 57365, 108582, 132662]
18,1,[68775]
22,1,[124083]
23,9,[5477, 25208, 25215, 25970, 26244, 26260, 26280, 26503, 26784]
24,5,[9120, 10419, 10440, 25192, 35482]
25,91,[1880, 1894, 1905, 1937, 1989, 3066, 5144, 8529, 8535, 10079, 10085, 13432, 13438, 15122, 17578, 17580, 17587, 19346, 19352, 20844, 25772, 25778, 26984, 31796, 31803, 33221, 33227, 37487, 37493, 37911, 37917, 41109, 41117, 45274, 47514, 47520, 55492, 55498, 66939, 66945, 71931, 71937, 74832, 74840, 76243, 87129, 87135, 91983, 91989, 98392, 98398, 114167, 114173, 117111, 117117, 121410, 121418, 124801, 124809, 125243, 125249, 135707, 135715, 136964, 141037, 142852, 142858, 143457, 143463, 144576, 144582, 149740, 149746, 150459, 150467, 154249, 166211, 166219, 167498, 167508, 170407, 170415, 170417, 174529, 174540, 180888, 184764, 187058, 187064, 188034, 188042]
29,100,[202, 216, 450, 464, 698, 712, 946, 960, 1194, 1208, 1442, 1456, 1690, 1704, 1938, 1952, 2188, 2202, 2436, 2450, 2684, 2698, 2932, 2946, 3180, 3194, 3428, 3442, 3676, 3690, 3924, 3938, 4172, 4186, 4420, 4434, 4668, 4682, 4916, 4930, 5164, 5178, 5412, 5426, 5660, 5674, 5908, 5922, 6156, 6170, 6404, 6418, 6652, 6666, 6900, 6914, 7150, 7164, 7400, 7414, 7650, 7664, 7900, 7914, 8150, 8164, 8400, 8414, 8648, 8662, 8896, 8910, 9144, 9158, 9392, 9406, 9642, 9656, 9892, 9906, 10142, 10156, 10390, 10404, 10638, 10652, 10886, 10900, 11134, 11148, 11385, 11399, 11633, 11647, 11883, 11897, 12131, 12145, 12379, 12393]
14,87,[2713, 4742, 8307, 8314, 9850, 9857, 13401, 13408, 15175, 17869, 17871, 17879, 19807, 19814, 21254, 26580, 26587, 27841, 32919, 32927, 34482, 34489, 38928, 38935, 39429, 39436, 42802, 42811, 47102, 49430, 49437, 57833, 57840, 65080, 70149, 70156, 75523, 75530, 78362, 78371, 79845, 90895, 90902, 96042, 96049, 102517, 102524, 119217, 119224, 122219, 122226, 126702, 126711, 130351, 130360, 130860, 130867, 141629, 141638, 142877, 147062, 148956, 148963, 149607, 149614, 150833, 150840, 156382, 156389, 157160, 157169, 161032, 173121, 173130, 174492, 174503, 177659, 177668, 177670, 181944, 181956, 188637, 192891, 195257, 195264, 196208, 196217]
15,7,[18594, 31750, 33760, 34925, 57365, 108582, 132662]
18,1,[68775]
22,1,[124083]
23,9,[5477, 25208, 25215, 25970, 26244, 26260, 26280, 26503, 26784]
24,5,[9120, 10419, 10440, 25192, 35482]
25,91,[1880, 1894, 1905, 1937, 1989, 3066, 5144, 8529, 8535, 10079, 10085, 13432, 13438, 15122, 17578, 17580, 17587, 19346, 19352, 20844, 25772, 25778, 26984, 31796, 31803, 33221, 33227, 37487, 37493, 37911, 37917, 41109, 41117, 45274, 47514, 47520, 55492, 55498, 66939, 66945, 71931, 71937, 74832, 74840, 76243, 87129, 87135, 91983, 91989, 98392, 98398, 114167, 114173, 117111, 117117, 121410, 121418, 124801, 124809, 125243, 125249, 135707, 135715, 136964, 141037, 142852, 142858, 143457, 143463, 144576, 144582, 149740, 149746, 150459, 150467, 154249, 166211, 166219, 167498, 167508, 170407, 170415, 170417, 174529, 174540, 180888, 184764, 187058, 187064, 188034, 188042]
29,100,[202, 216, 450, 464, 698, 712, 946, 960, 1194, 1208, 1442, 1456, 1690, 1704, 1938, 1952, 2188, 2202, 2436, 2450, 2684, 2698, 2932, 2946, 3180, 3194, 3428, 3442, 3676, 3690, 3924, 3938, 4172, 4186, 4420, 4434, 4668, 4682, 4916, 4930, 5164, 5178, 5412, 5426, 5660, 5674, 5908, 5922, 6156, 6170, 6404, 6418, 6652, 6666, 6900, 6914, 7150, 7164, 7400, 7414, 7650, 7664, 7900, 7914, 8150, 8164, 8400, 8414, 8648, 8662, 8896, 8910, 9144, 9158, 9392, 9406, 9642, 9656, 9892, 9906, 10142, 10156, 10390, 10404, 10638, 10652, 10886, 10900, 11134, 11148, 11385, 11399, 11633, 11647, 11883, 11897, 12131, 12145, 12379, 12393]
