11,60,[1680, 3043, 3164, 3299, 3783, 3794, 5026, 5739, 5795, 5854, 5863, 6024, 6879, 7128, 7372, 8182, 8251, 9148, 9164, 9381, 9631, 9667, 9987, 10063, 10598, 11064, 11170, 11179, 11527, 11948, 12118, 12375, 13246, 13711, 13734, 13855, 13873, 13879, 13898, 14697, 14899, 14909, 14929, 15219, 15302, 15543, 15560, 15729, 15931, 16769, 17036, 17082, 17597, 18561, 18680, 20045, 20181, 20245, 20286, 20454]
12,80,[779, 844, 1083, 1749, 1832, 2075, 2232, 2257, 2399, 2487, 2567, 2810, 2827, 3308, 3454, 3545, 4055, 4078, 4581, 5263, 5533, 5582, 5651, 5927, 5961, 5980, 6098, 6258, 6295, 6657, 6669, 7875, 8924, 8984, 9463, 9549, 9860, 9918, 10032, 10037, 10048, 10091, 10503, 10602, 10632, 10967, 11493, 12410, 12507, 12548, 12714, 13108, 13260, 13274, 13417, 13906, 13912, 14023, 15651, 16257, 16328, 16607, 16992, 16997, 17294, 17327, 17724, 18087, 18496, 18503, 18669, 19801, 19970, 20125, 20244, 20375, 20547, 21025, 21125, 21430]
13,1,[2258]
15,137,[4139, 5332, 5445, 7168, 7677, 8279, 10447, 10608, 11493, 21088, 21622, 24216, 24524, 24573, 26923, 26929, 26947, 26963, 27355, 27636, 28429, 28740, 29430, 29818, 30538, 30753, 30808, 30811, 32463, 32514, 33459, 34030, 34048, 34057, 34069, 34077, 34107, 40136, 40221, 40290, 40440, 41225, 41258, 52671, 53270, 53486, 53526, 54388, 60648, 63123, 63163, 67281, 67330, 67404, 67406, 67409, 67459, 69144, 70884, 70919, 74265, 75498, 75511, 77289, 77310, 77343, 77514, 77536, 77849, 78254, 78312, 78367, 79945, 80151, 80174, 80210, 81145, 81148, 81185, 81205, 81236, 81270, 81295, 88179, 91170, 91187, 91204, 91463, 91515, 91606, 91793, 91864, 92090, 92143, 92255, 92367, 99481, 100206, 100230, 100313, 100344, 100431, 100666, 100934, 107728, 108271, 108478, 108489, 108557, 108561, 108575, 109122, 110709, 124240, 124715, 126915, 132925, 134640, 134890, 135264, 143085, 143094, 143771, 144002, 144504, 150134, 152430, 154282, 154351, 154440, 154446, 154455, 154673, 158399, 158448, 158454, 158633]
16,69,[570, 629, 715, 728, 1374, 3495, 3500, 3509, 3632, 3863, 5249, 5464, 5475, 5811, 6056, 6123, 6284, 6292, 6346, 6363, 6613, 6804, 6922, 7021, 8717, 9525, 9646, 9665, 9972, 10353, 12049, 12910, 13221, 13583, 15254, 19316, 20819, 20864, 21912, 21937, 22421, 22492, 22946, 23131, 23198, 24087, 26602, 27700, 28014, 29123, 29305, 29373, 29391, 29405, 30227, 33133, 34625, 34797, 35247, 35356, 35366, 35509, 35574, 35584, 36184, 36248, 36761, 37409, 37451]
19,1,[25693]
20,15,[12785, 29875, 33403, 34041, 35086, 37363, 38208, 39474, 41699, 47417, 47759, 47987, 52519, 61411, 62757]
21,2,[7597, 20349]
22,30,[19949, 19951, 31200, 62825, 65422, 66668, 67673, 70068, 71956, 73930, 75018, 77239, 99111, 101287, 109011, 109013, 109016, 119022, 119026, 119134, 119684, 124560, 138403, 138715, 138797, 138854, 140209, 141387, 148094, 156666]
23,5,[7395, 11198, 12872, 19092, 24316]
24,117,[1798, 2310, 2318, 2395, 2451, 3908, 4212, 5006, 5041, 5406, 6096, 9044, 9229, 9245, 9312, 9315, 9817, 9820, 10601, 10623, 10684, 10813, 10816, 10858, 10861, 10926, 11988, 12327, 12951, 13340, 14159, 15159, 15291, 15902, 17972, 18326, 18577, 18630, 19337, 19601, 20460, 20477, 20482, 20565, 21070, 21207, 21656, 21679, 21707, 22362, 22472, 22711, 22766, 22920, 22938, 23020, 23169, 23207, 23278, 23368, 23370, 23756, 23838, 23918, 24484, 24564, 24662, 24693, 24895, 25145, 25862, 25887, 25906, 25930, 26257, 26268, 26310, 26357, 26373, 26841, 26846, 26868, 27923, 27987, 28090, 28110, 28128, 28252, 28399, 28436, 28562, 31471, 32556, 33633, 33748, 33752, 33777, 34647, 34666, 34692, 35065, 35097, 37866, 40017, 40120, 40587, 40642, 42019, 42117, 42644, 42907, 42934, 43041, 43307, 43934, 43972, 44973]
26,2,[117, 244]
27,273,[3997, 6426, 8223, 8529, 8569, 8669, 8685, 8741, 8757, 8934, 9076, 9142, 9153, 9157, 9158, 12067, 13045, 13047, 13153, 13975, 14123, 14695, 15324, 15371, 16406, 17910, 18090, 18592, 18736, 19188, 19406, 21538, 21861, 22117, 22145, 22309, 22734, 22750, 22767, 23712, 23873, 23877, 23940, 23958, 24029, 25288, 25599, 25623, 26273, 27444, 28233, 28248, 28643, 28749, 28904, 29139, 29197, 29444, 29581, 29604, 31213, 34430, 34438, 34505, 34710, 34760, 34762, 34811, 34867, 35583, 35864, 36119, 36151, 36365, 36499, 37218, 40434, 40450, 40985, 41236, 41682, 42630, 42886, 42948, 42952, 44143, 44354, 44597, 45882, 46046, 46300, 46301, 46427, 46916, 47140, 47244, 47302, 47439, 47627, 47950, 47967, 48001, 48835, 48908, 49400, 49529, 49729, 51164, 51373, 51516, 51528, 51541, 51611, 51639, 51889, 51890, 51891, 51995, 52118, 52136, 52146, 52250, 52839, 52939, 52943, 53002, 53083, 53108, 53128, 53220, 53249, 53251, 53262, 53271, 53275, 53276, 53363, 53375, 53390, 53435, 53496, 53626, 54434, 54438, 54478, 54564, 54675, 55008, 55085, 55174, 55223, 55707, 55708, 55709, 56641, 57095, 57816, 59846, 60141, 60482, 60488, 60526, 60626, 61467, 61586, 61613, 62037, 62050, 62558, 62647, 62651, 62678, 63107, 63831, 63902, 64010, 65083, 65087, 65099, 67925, 68352, 69347, 69396, 69702, 69968, 70041, 70059, 70259, 72973, 73218, 73350, 73522, 73530, 73534, 73546, 73688, 73728, 74345, 74715, 74783, 74920, 76478, 76531, 76744, 76931, 76952, 76973, 77262, 77422, 77451, 77509, 78720, 78725, 78795, 79040, 79056, 79068, 80410, 81094, 81095, 81306, 82492, 82858, 82871, 83151, 83465, 89014, 89031, 91897, 93381, 94808, 95923, 95978, 96061, 96139, 96396, 96676, 96776, 96870, 96976, 97187, 97726, 97800, 98218, 98272, 98471, 98568, 98682, 98998, 99184, 99394, 99400, 99965, 100334, 100406, 100545, 100895, 101202, 101280, 101729, 101859, 101886, 101905, 102169, 102172, 102555, 104037, 104779, 106352, 106362, 106614, 107624, 107714]
28,4,[2457, 9201, 11293, 11740]
11,60,[1680, 3043, 3164, 3299, 3783, 3794, 5026, 5739, 5795, 5854, 5863, 6024, 6879, 7128, 7372, 8182, 8251, 9148, 9164, 9381, 9631, 9667, 9987, 10063, 10598, 11064, 11170, 11179, 11527, 11948, 12118, 12375, 13246, 13711, 13734, 13855, 13873, 13879, 13898, 14697, 14899, 14909, 14929, 15219, 15302, 15543, 15560, 15729, 15931, 16769, 17036, 17082, 17597, 18561, 18680, 20045, 20181, 20245, 20286, 20454]
12,80,[779, 844, 1083, 1749, 1832, 2075, 2232, 2257, 2399, 2487, 2567, 2810, 2827, 3308, 3454, 3545, 4055, 4078, 4581, 5263, 5533, 5582, 5651, 5927, 5961, 5980, 6098, 6258, 6295, 6657, 6669, 7875, 8924, 8984, 9463, 9549, 9860, 9918, 10032, 10037, 10048, 10091, 10503, 10602, 10632, 10967, 11493, 12410, 12507, 12548, 12714, 13108, 13260, 13274, 13417, 13906, 13912, 14023, 15651, 16257, 16328, 16607, 16992, 16997, 17294, 17327, 17724, 18087, 18496, 18503, 18669, 19801, 19970, 20125, 20244, 20375, 20547, 21025, 21125, 21430]
13,1,[2258]
15,137,[4139, 5332, 5445, 7168, 7677, 8279, 10447, 10608, 11493, 21088, 21622, 24216, 24524, 24573, 26923, 26929, 26947, 26963, 27355, 27636, 28429, 28740, 29430, 29818, 30538, 30753, 30808, 30811, 32463, 32514, 33459, 34030, 34048, 34057, 34069, 34077, 34107, 40136, 40221, 40290, 40440, 41225, 41258, 52671, 53270, 53486, 53526, 54388, 60648, 63123, 63163, 67281, 67330, 67404, 67406, 67409, 67459, 69144, 70884, 70919, 74265, 75498, 75511, 77289, 77310, 77343, 77514, 77536, 77849, 78254, 78312, 78367, 79945, 80151, 80174, 80210, 81145, 81148, 81185, 81205, 81236, 81270, 81295, 88179, 91170, 91187, 91204, 91463, 91515, 91606, 91793, 91864, 92090, 92143, 92255, 92367, 99481, 100206, 100230, 100313, 100344, 100431, 100666, 100934, 107728, 108271, 108478, 108489, 108557, 108561, 108575, 109122, 110709, 124240, 124715, 126915, 132925, 134640, 134890, 135264, 143085, 143094, 143771, 144002, 144504, 150134, 152430, 154282, 154351, 154440, 154446, 154455, 154673, 158399, 158448, 158454, 158633]
16,69,[570, 629, 715, 728, 1374, 3495, 3500, 3509, 3632, 3863, 5249, 5464, 5475, 5811, 6056, 6123, 6284, 6292, 6346, 6363, 6613, 6804, 6922, 7021, 8717, 9525, 9646, 9665, 9972, 10353, 12049, 12910, 13221, 13583, 15254, 19316, 20819, 20864, 21912, 21937, 22421, 22492, 22946, 23131, 23198, 24087, 26602, 27700, 28014, 29123, 29305, 29373, 29391, 29405, 30227, 33133, 34625, 34797, 35247, 35356, 35366, 35509, 35574, 35584, 36184, 36248, 36761, 37409, 37451]
19,1,[25693]
20,15,[12785, 29875, 33403, 34041, 35086, 37363, 38208, 39474, 41699, 47417, 47759, 47987, 52519, 61411, 62757]
21,2,[7597, 20349]
22,30,[19949, 19951, 31200, 62825, 65422, 66668, 67673, 70068, 71956, 73930, 75018, 77239, 99111, 101287, 109011, 109013, 109016, 119022, 119026, 119134, 119684, 124560, 138403, 138715, 138797, 138854, 140209, 141387, 148094, 156666]
23,5,[7395, 11198, 12872, 19092, 24316]
24,117,[1798, 2310, 2318, 2395, 2451, 3908, 4212, 5006, 5041, 5406, 6096, 9044, 9229, 9245, 9312, 9315, 9817, 9820, 10601, 10623, 10684, 10813, 10816, 10858, 10861, 10926, 11988, 12327, 12951, 13340, 14159, 15159, 15291, 15902, 17972, 18326, 18577, 18630, 19337, 19601, 20460, 20477, 20482, 20565, 21070, 21207, 21656, 21679, 21707, 22362, 22472, 22711, 22766, 22920, 22938, 23020, 23169, 23207, 23278, 23368, 23370, 23756, 23838, 23918, 24484, 24564, 24662, 24693, 24895, 25145, 25862, 25887, 25906, 25930, 26257, 26268, 26310, 26357, 26373, 26841, 26846, 26868, 27923, 27987, 28090, 28110, 28128, 28252, 28399, 28436, 28562, 31471, 32556, 33633, 33748, 33752, 33777, 34647, 34666, 34692, 35065, 35097, 37866, 40017, 40120, 40587, 40642, 42019, 42117, 42644, 42907, 42934, 43041, 43307, 43934, 43972, 44973]
26,2,[117, 244]
27,273,[3997, 6426, 8223, 8529, 8569, 8669, 8685, 8741, 8757, 8934, 9076, 9142, 9153, 9157, 9158, 12067, 13045, 13047, 13153, 13975, 14123, 14695, 15324, 15371, 16406, 17910, 18090, 18592, 18736, 19188, 19406, 21538, 21861, 22117, 22145, 22309, 22734, 22750, 22767, 23712, 23873, 23877, 23940, 23958, 24029, 25288, 25599, 25623, 26273, 27444, 28233, 28248, 28643, 28749, 28904, 29139, 29197, 29444, 29581, 29604, 31213, 34430, 34438, 34505, 34710, 34760, 34762, 34811, 34867, 35583, 35864, 36119, 36151, 36365, 36499, 37218, 40434, 40450, 40985, 41236, 41682, 42630, 42886, 42948, 42952, 44143, 44354, 44597, 45882, 46046, 46300, 46301, 46427, 46916, 47140, 47244, 47302, 47439, 47627, 47950, 47967, 48001, 48835, 48908, 49400, 49529, 49729, 51164, 51373, 51516, 51528, 51541, 51611, 51639, 51889, 51890, 51891, 51995, 52118, 52136, 52146, 52250, 52839, 52939, 52943, 53002, 53083, 53108, 53128, 53220, 53249, 53251, 53262, 53271, 53275, 53276, 53363, 53375, 53390, 53435, 53496, 53626, 54434, 54438, 54478, 54564, 54675, 55008, 55085, 55174, 55223, 55707, 55708, 55709, 56641, 57095, 57816, 59846, 60141, 60482, 60488, 60526, 60626, 61467, 61586, 61613, 62037, 62050, 62558, 62647, 62651, 62678, 63107, 63831, 63902, 64010, 65083, 65087, 65099, 67925, 68352, 69347, 69396, 69702, 69968, 70041, 70059, 70259, 72973, 73218, 73350, 73522, 73530, 73534, 73546, 73688, 73728, 74345, 74715, 74783, 74920, 76478, 76531, 76744, 76931, 76952, 76973, 77262, 77422, 77451, 77509, 78720, 78725, 78795, 79040, 79056, 79068, 80410, 81094, 81095, 81306, 82492, 82858, 82871, 83151, 83465, 89014, 89031, 91897, 93381, 94808, 95923, 95978, 96061, 96139, 96396, 96676, 96776, 96870, 96976, 97187, 97726, 97800, 98218, 98272, 98471, 98568, 98682, 98998, 99184, 99394, 99400, 99965, 100334, 100406, 100545, 100895, 101202, 101280, 101729, 101859, 101886, 101905, 102169, 102172, 102555, 104037, 104779, 106352, 106362, 106614, 107624, 107714]
28,4,[2457, 9201, 11293, 11740]
