10,207,[1620, 16029, 28155, 38361, 51982, 52375, 65270, 65290, 75476, 82516, 90592, 104782, 105413, 105530, 105646, 109219, 110820, 110835, 111330, 111361, 112290, 112412, 116456, 117361, 118505, 125812, 125868, 128936, 140695, 146763, 161154, 166653, 177308, 179293, 179753, 179841, 187636, 190897, 190907, 190929, 190935, 194929, 195242, 198723, 199301, 199610, 199674, 218437, 220440, 222672, 249556, 250320, 258923, 273739, 297148, 298433, 298525, 298851, 299099, 299460, 299464, 300843, 301346, 301781, 302267, 302383, 304150, 304483, 304894, 305024, 306590, 308414, 308499, 310005, 310018, 310576, 311158, 312650, 312748, 312771, 312817, 313020, 316650, 320062, 323635, 325633, 327059, 327277, 328018, 329615, 329623, 332440, 340181, 341581, 344442, 346961, 347530, 349782, 352812, 353712, 353724, 354357, 354576, 354855, 355065, 355615, 356050, 356517, 360290, 361426, 363159, 363163, 363542, 364150, 364317, 367429, 374777, 374784, 374799, 374826, 374831, 376303, 381720, 382942, 386747, 389345, 393403, 398829, 399834, 401063, 401722, 406085, 410562, 411292, 422814, 425916, 427349, 428992, 429052, 429897, 431407, 431462, 440082, 441975, 473012, 473173, 484408, 486208, 486214, 488294, 499080, 499100, 502875, 506772, 507088, 507721, 510337, 511758, 513476, 516430, 516773, 520982, 528868, 533526, 538535, 540263, 540655, 541201, 541386, 541467, 542701, 546586, 550102, 553768, 554672, 556009, 556659, 566506, 570031, 579934, 582803, 588009, 588579, 590561, 595098, 596168, 597063, 598606, 599249, 599937, 607600, 609998, 611829, 613235, 616107, 618158, 622465, 624056, 624102, 624433, 624937, 626515, 627137, 629217, 629329, 630735, 639593]
11,3,[2332, 2366, 7147]
17,128,[12678, 12689, 12702, 14304, 17981, 31193, 31368, 31373, 34473, 37404, 39098, 42925, 45447, 56833, 56844, 56872, 56881, 57089, 57101, 57462, 57472, 58299, 58450, 58947, 59437, 59490, 59729, 60288, 61537, 62599, 66058, 66812, 67063, 71870, 77668, 79295, 79333, 79665, 79760, 79854, 79863, 79883, 79987, 80449, 83835, 85906, 86084, 86092, 86196, 86217, 86960, 86980, 87002, 88042, 88046, 88243, 88273, 88475, 91484, 91491, 91509, 91640, 93393, 95272, 95278, 95290, 96092, 99991, 100328, 101378, 104695, 107203, 108782, 108841, 111562, 111590, 113070, 113257, 113995, 114602, 114609, 114982, 116295, 116301, 118232, 118274, 118323, 118424, 119801, 120214, 120222, 120238, 120416, 120560, 122555, 124242, 138996, 139404, 146487, 147159, 153657, 156590, 156599, 158061, 158805, 159667, 159788, 162060, 162078, 162183, 162192, 162403, 162901, 178431, 178450, 181560, 184441, 186713, 188524, 194157, 198585, 200673, 202934, 205593, 214439, 216559, 216851, 216890]
20,5,[6534, 25325, 25401, 53463, 62032]
22,2,[932, 88290]
26,5,[7053, 26119, 26195, 54588, 63335]
28,1,[3375]
30,207,[1527, 15935, 28061, 38263, 51884, 52277, 65167, 65187, 75373, 82409, 90485, 104675, 105302, 105419, 105535, 109108, 110709, 110724, 111219, 111250, 112179, 112301, 116345, 117250, 118394, 125701, 125757, 128824, 140583, 146650, 161040, 166530, 177185, 179170, 179630, 179718, 187504, 190765, 190775, 190797, 190803, 194797, 195110, 198591, 199169, 199468, 199532, 218297, 220290, 222522, 249403, 250167, 258767, 273583, 296990, 298275, 298367, 298693, 298941, 299302, 299306, 300685, 301188, 301623, 302109, 302225, 303992, 304325, 304736, 304866, 306432, 308256, 308341, 309847, 309860, 310418, 310999, 312491, 312589, 312612, 312658, 312861, 316491, 319903, 323476, 325474, 326900, 327118, 327859, 329456, 329464, 332281, 340022, 341422, 344283, 346802, 347371, 349623, 352653, 353553, 353565, 354198, 354417, 354696, 354906, 355456, 355891, 356358, 360130, 361266, 362996, 363000, 363379, 363987, 364154, 367266, 374614, 374621, 374636, 374663, 374668, 376140, 381557, 382779, 386584, 389182, 393237, 398663, 399668, 400897, 401556, 405919, 410396, 411126, 422648, 425750, 427182, 428825, 428885, 429730, 431237, 431292, 439912, 441805, 472842, 473003, 484243, 486045, 486051, 488132, 498911, 498931, 502706, 506603, 506919, 507552, 510168, 511589, 513307, 516258, 516601, 520810, 528693, 533351, 538360, 540088, 540480, 541026, 541211, 541292, 542526, 546411, 549924, 553590, 554494, 555831, 556481, 566326, 569851, 579754, 582623, 587824, 588394, 590376, 594907, 595977, 596872, 598415, 599052, 599740, 607393, 609781, 611606, 613006, 615868, 617906, 622213, 623802, 623848, 624179, 624683, 626258, 626880, 628954, 629066, 630466, 639318]
10,207,[1620, 16029, 28155, 38361, 51982, 52375, 65270, 65290, 75476, 82516, 90592, 104782, 105413, 105530, 105646, 109219, 110820, 110835, 111330, 111361, 112290, 112412, 116456, 117361, 118505, 125812, 125868, 128936, 140695, 146763, 161154, 166653, 177308, 179293, 179753, 179841, 187636, 190897, 190907, 190929, 190935, 194929, 195242, 198723, 199301, 199610, 199674, 218437, 220440, 222672, 249556, 250320, 258923, 273739, 297148, 298433, 298525, 298851, 299099, 299460, 299464, 300843, 301346, 301781, 302267, 302383, 304150, 304483, 304894, 305024, 306590, 308414, 308499, 310005, 310018, 310576, 311158, 312650, 312748, 312771, 312817, 313020, 316650, 320062, 323635, 325633, 327059, 327277, 328018, 329615, 329623, 332440, 340181, 341581, 344442, 346961, 347530, 349782, 352812, 353712, 353724, 354357, 354576, 354855, 355065, 355615, 356050, 356517, 360290, 361426, 363159, 363163, 363542, 364150, 364317, 367429, 374777, 374784, 374799, 374826, 374831, 376303, 381720, 382942, 386747, 389345, 393403, 398829, 399834, 401063, 401722, 406085, 410562, 411292, 422814, 425916, 427349, 428992, 429052, 429897, 431407, 431462, 440082, 441975, 473012, 473173, 484408, 486208, 486214, 488294, 499080, 499100, 502875, 506772, 507088, 507721, 510337, 511758, 513476, 516430, 516773, 520982, 528868, 533526, 538535, 540263, 540655, 541201, 541386, 541467, 542701, 546586, 550102, 553768, 554672, 556009, 556659, 566506, 570031, 579934, 582803, 588009, 588579, 590561, 595098, 596168, 597063, 598606, 599249, 599937, 607600, 609998, 611829, 613235, 616107, 618158, 622465, 624056, 624102, 624433, 624937, 626515, 627137, 629217, 629329, 630735, 639593]
11,3,[2332, 2366, 7147]
17,128,[12678, 12689, 12702, 14304, 17981, 31193, 31368, 31373, 34473, 37404, 39098, 42925, 45447, 56833, 56844, 56872, 56881, 57089, 57101, 57462, 57472, 58299, 58450, 58947, 59437, 59490, 59729, 60288, 61537, 62599, 66058, 66812, 67063, 71870, 77668, 79295, 79333, 79665, 79760, 79854, 79863, 79883, 79987, 80449, 83835, 85906, 86084, 86092, 86196, 86217, 86960, 86980, 87002, 88042, 88046, 88243, 88273, 88475, 91484, 91491, 91509, 91640, 93393, 95272, 95278, 95290, 96092, 99991, 100328, 101378, 104695, 107203, 108782, 108841, 111562, 111590, 113070, 113257, 113995, 114602, 114609, 114982, 116295, 116301, 118232, 118274, 118323, 118424, 119801, 120214, 120222, 120238, 120416, 120560, 122555, 124242, 138996, 139404, 146487, 147159, 153657, 156590, 156599, 158061, 158805, 159667, 159788, 162060, 162078, 162183, 162192, 162403, 162901, 178431, 178450, 181560, 184441, 186713, 188524, 194157, 198585, 200673, 202934, 205593, 214439, 216559, 216851, 216890]
20,5,[6534, 25325, 25401, 53463, 62032]
22,2,[932, 88290]
26,5,[7053, 26119, 26195, 54588, 63335]
28,1,[3375]
30,207,[1527, 15935, 28061, 38263, 51884, 52277, 65167, 65187, 75373, 82409, 90485, 104675, 105302, 105419, 105535, 109108, 110709, 110724, 111219, 111250, 112179, 112301, 116345, 117250, 118394, 125701, 125757, 128824, 140583, 146650, 161040, 166530, 177185, 179170, 179630, 179718, 187504, 190765, 190775, 190797, 190803, 194797, 195110, 198591, 199169, 199468, 199532, 218297, 220290, 222522, 249403, 250167, 258767, 273583, 296990, 298275, 298367, 298693, 298941, 299302, 299306, 300685, 301188, 301623, 302109, 302225, 303992, 304325, 304736, 304866, 306432, 308256, 308341, 309847, 309860, 310418, 310999, 312491, 312589, 312612, 312658, 312861, 316491, 319903, 323476, 325474, 326900, 327118, 327859, 329456, 329464, 332281, 340022, 341422, 344283, 346802, 347371, 349623, 352653, 353553, 353565, 354198, 354417, 354696, 354906, 355456, 355891, 356358, 360130, 361266, 362996, 363000, 363379, 363987, 364154, 367266, 374614, 374621, 374636, 374663, 374668, 376140, 381557, 382779, 386584, 389182, 393237, 398663, 399668, 400897, 401556, 405919, 410396, 411126, 422648, 425750, 427182, 428825, 428885, 429730, 431237, 431292, 439912, 441805, 472842, 473003, 484243, 486045, 486051, 488132, 498911, 498931, 502706, 506603, 506919, 507552, 510168, 511589, 513307, 516258, 516601, 520810, 528693, 533351, 538360, 540088, 540480, 541026, 541211, 541292, 542526, 546411, 549924, 553590, 554494, 555831, 556481, 566326, 569851, 579754, 582623, 587824, 588394, 590376, 594907, 595977, 596872, 598415, 599052, 599740, 607393, 609781, 611606, 613006, 615868, 617906, 622213, 623802, 623848, 624179, 624683, 626258, 626880, 628954, 629066, 630466, 639318]
