10,13,[23021, 124320, 300709, 505052, 509161, 523839, 538203, 556764, 565162, 583881, 595112, 605098, 628985]
11,4,[6148, 6345, 8879, 9698]
12,3,[435, 8199, 15717]
13,3,[1088, 1271, 1660]
15,32,[1336, 8993, 18185, 23432, 24154, 24451, 25859, 26586, 28414, 28568, 29129, 37215, 42601, 42773, 56337, 58687, 62709, 82045, 82965, 92986, 100356, 102433, 110941, 111355, 114684, 117492, 127171, 141132, 149362, 161776, 162135, 170111]
16,6,[2758, 3713, 3805, 14878, 26889, 27734]
17,9,[3135, 107770, 141946, 141961, 143201, 145282, 155382, 171003, 199198]
18,40,[1738, 1969, 7134, 9169, 9378, 16626, 18619, 19867, 21275, 25561, 32702, 37894, 38393, 41530, 44985, 45758, 46471, 51030, 54827, 55291, 71177, 71845, 74921, 77662, 82507, 85740, 87516, 89473, 107216, 111981, 116369, 118762, 121675, 121679, 123372, 129260, 132708, 138097, 140355, 148592]
20,29,[3401, 5491, 16311, 18896, 21258, 21852, 21875, 21982, 26199, 31880, 32301, 38277, 38595, 38920, 39328, 41741, 42819, 43750, 43793, 43830, 43969, 46014, 54446, 54517, 55918, 57783, 58640, 63882, 65077]
21,3,[22673, 26472, 33826]
22,34,[52348, 54995, 61970, 63475, 63477, 63481, 63532, 63590, 63603, 63698, 63737, 65783, 65784, 66021, 66024, 66078, 66090, 66128, 66131, 66165, 66167, 66180, 66182, 66184, 66186, 66188, 66229, 66480, 66750, 66873, 76484, 137357, 160411, 160466]
23,5,[12344, 15076, 19878, 22606, 28808]
24,3,[5733, 34780, 36664]
26,29,[3886, 6008, 16960, 19603, 22002, 22607, 22629, 22737, 26995, 32753, 33174, 39220, 39539, 39864, 40272, 42676, 43767, 44709, 44753, 44790, 44930, 47016, 55607, 55678, 57078, 58955, 59838, 65269, 66489]
27,22,[22675, 30024, 30036, 33155, 40919, 40923, 43376, 51769, 52339, 56562, 80127, 80282, 85590, 88196, 90084, 93903, 94771, 95734, 97153, 97490, 101932, 102454]
30,13,[22927, 124209, 300551, 504883, 508992, 523667, 538028, 556586, 564982, 583701, 594921, 604896, 628722]
10,13,[23021, 124320, 300709, 505052, 509161, 523839, 538203, 556764, 565162, 583881, 595112, 605098, 628985]
11,4,[6148, 6345, 8879, 9698]
12,3,[435, 8199, 15717]
13,3,[1088, 1271, 1660]
15,32,[1336, 8993, 18185, 23432, 24154, 24451, 25859, 26586, 28414, 28568, 29129, 37215, 42601, 42773, 56337, 58687, 62709, 82045, 82965, 92986, 100356, 102433, 110941, 111355, 114684, 117492, 127171, 141132, 149362, 161776, 162135, 170111]
16,6,[2758, 3713, 3805, 14878, 26889, 27734]
17,9,[3135, 107770, 141946, 141961, 143201, 145282, 155382, 171003, 199198]
18,40,[1738, 1969, 7134, 9169, 9378, 16626, 18619, 19867, 21275, 25561, 32702, 37894, 38393, 41530, 44985, 45758, 46471, 51030, 54827, 55291, 71177, 71845, 74921, 77662, 82507, 85740, 87516, 89473, 107216, 111981, 116369, 118762, 121675, 121679, 123372, 129260, 132708, 138097, 140355, 148592]
20,29,[3401, 5491, 16311, 18896, 21258, 21852, 21875, 21982, 26199, 31880, 32301, 38277, 38595, 38920, 39328, 41741, 42819, 43750, 43793, 43830, 43969, 46014, 54446, 54517, 55918, 57783, 58640, 63882, 65077]
21,3,[22673, 26472, 33826]
22,34,[52348, 54995, 61970, 63475, 63477, 63481, 63532, 63590, 63603, 63698, 63737, 65783, 65784, 66021, 66024, 66078, 66090, 66128, 66131, 66165, 66167, 66180, 66182, 66184, 66186, 66188, 66229, 66480, 66750, 66873, 76484, 137357, 160411, 160466]
23,5,[12344, 15076, 19878, 22606, 28808]
24,3,[5733, 34780, 36664]
26,29,[3886, 6008, 16960, 19603, 22002, 22607, 22629, 22737, 26995, 32753, 33174, 39220, 39539, 39864, 40272, 42676, 43767, 44709, 44753, 44790, 44930, 47016, 55607, 55678, 57078, 58955, 59838, 65269, 66489]
27,22,[22675, 30024, 30036, 33155, 40919, 40923, 43376, 51769, 52339, 56562, 80127, 80282, 85590, 88196, 90084, 93903, 94771, 95734, 97153, 97490, 101932, 102454]
30,13,[22927, 124209, 300551, 504883, 508992, 523667, 538028, 556586, 564982, 583701, 594921, 604896, 628722]
