11,1,[20725]
12,8,[103, 8760, 8768, 8787, 16554, 16586, 23396, 23399]
13,1,[115]
15,6,[8781, 40460, 53428, 124588, 146892, 146893]
16,7,[2177, 2204, 2282, 2288, 2509, 25140, 27952]
19,2,[11643, 14759]
20,1,[14742]
21,1,[32119]
22,2,[60288, 72214]
23,1,[7422]
24,4,[4713, 5592, 32462, 37857]
26,1,[15356]
27,3,[13798, 32507, 74165]
11,1,[20725]
12,8,[103, 8760, 8768, 8787, 16554, 16586, 23396, 23399]
13,1,[115]
15,6,[8781, 40460, 53428, 124588, 146892, 146893]
16,7,[2177, 2204, 2282, 2288, 2509, 25140, 27952]
19,2,[11643, 14759]
20,1,[14742]
21,1,[32119]
22,2,[60288, 72214]
23,1,[7422]
24,4,[4713, 5592, 32462, 37857]
26,1,[15356]
27,3,[13798, 32507, 74165]
