7,1,[22]
10,9,[4621, 41255, 105603, 106504, 113121, 251304, 301123, 301234, 366600]
12,1,[190]
13,1,[2009]
15,12,[1919, 2234, 48165, 54513, 58357, 59815, 59886, 64867, 72261, 104272, 106627, 111933]
16,2,[12533, 23698]
17,2,[33650, 50896]
18,7,[18951, 28490, 42603, 78723, 109826, 125370, 149015]
20,17,[2084, 2533, 3381, 3576, 3941, 4999, 6526, 8052, 13576, 16723, 28749, 32425, 43203, 48241, 55770, 57995, 62216]
21,1,[21017]
22,3,[52520, 137401, 137704]
23,3,[13388, 13448, 26969]
24,4,[10840, 18213, 40680, 42362]
26,17,[2470, 2939, 3866, 4077, 4440, 5515, 7045, 8574, 14161, 17375, 29583, 33299, 44153, 49255, 56929, 59180, 63553]
27,6,[13741, 56085, 63602, 99152, 99155, 102946]
30,9,[4527, 41157, 105492, 106393, 113010, 251151, 300965, 301076, 366437]
7,1,[22]
10,9,[4621, 41255, 105603, 106504, 113121, 251304, 301123, 301234, 366600]
12,1,[190]
13,1,[2009]
15,12,[1919, 2234, 48165, 54513, 58357, 59815, 59886, 64867, 72261, 104272, 106627, 111933]
16,2,[12533, 23698]
17,2,[33650, 50896]
18,7,[18951, 28490, 42603, 78723, 109826, 125370, 149015]
20,17,[2084, 2533, 3381, 3576, 3941, 4999, 6526, 8052, 13576, 16723, 28749, 32425, 43203, 48241, 55770, 57995, 62216]
21,1,[21017]
22,3,[52520, 137401, 137704]
23,3,[13388, 13448, 26969]
24,4,[10840, 18213, 40680, 42362]
26,17,[2470, 2939, 3866, 4077, 4440, 5515, 7045, 8574, 14161, 17375, 29583, 33299, 44153, 49255, 56929, 59180, 63553]
27,6,[13741, 56085, 63602, 99152, 99155, 102946]
30,9,[4527, 41157, 105492, 106393, 113010, 251151, 300965, 301076, 366437]
