10,39,[4229, 4374, 4410, 59379, 82830, 86967, 129196, 130615, 130635, 130695, 155182, 155203, 210890, 214192, 233999, 302758, 305580, 315267, 325702, 335710, 365096, 370926, 370942, 379193, 386249, 405992, 424680, 439670, 440684, 453411, 474493, 475626, 476034, 476057, 476256, 493517, 518724, 523786, 638044]
11,1,[2048]
14,7,[1957, 2054, 110104, 148241, 177078, 179153, 191469]
15,8,[30397, 36132, 94496, 94512, 114543, 124269, 124809, 161455]
16,1,[26640]
17,5,[15892, 26818, 27271, 32141, 162488]
19,1,[27646]
21,3,[12870, 17877, 25961]
22,3,[8914, 45013, 100010]
25,7,[2262, 2359, 105682, 142186, 169905, 171796, 183327]
26,1,[40752]
27,2,[20298, 39791]
30,39,[4135, 4280, 4316, 59276, 82723, 86860, 129084, 130503, 130523, 130583, 155069, 155090, 210748, 214050, 233849, 302600, 305422, 315108, 325543, 335551, 364933, 370763, 370779, 379030, 386086, 405826, 424514, 439500, 440514, 453241, 474323, 475456, 475865, 475888, 476087, 493357, 518552, 523614, 637769]
10,39,[4229, 4374, 4410, 59379, 82830, 86967, 129196, 130615, 130635, 130695, 155182, 155203, 210890, 214192, 233999, 302758, 305580, 315267, 325702, 335710, 365096, 370926, 370942, 379193, 386249, 405992, 424680, 439670, 440684, 453411, 474493, 475626, 476034, 476057, 476256, 493517, 518724, 523786, 638044]
11,1,[2048]
14,7,[1957, 2054, 110104, 148241, 177078, 179153, 191469]
15,8,[30397, 36132, 94496, 94512, 114543, 124269, 124809, 161455]
16,1,[26640]
17,5,[15892, 26818, 27271, 32141, 162488]
19,1,[27646]
21,3,[12870, 17877, 25961]
22,3,[8914, 45013, 100010]
25,7,[2262, 2359, 105682, 142186, 169905, 171796, 183327]
26,1,[40752]
27,2,[20298, 39791]
30,39,[4135, 4280, 4316, 59276, 82723, 86860, 129084, 130503, 130523, 130583, 155069, 155090, 210748, 214050, 233849, 302600, 305422, 315108, 325543, 335551, 364933, 370763, 370779, 379030, 386086, 405826, 424514, 439500, 440514, 453241, 474323, 475456, 475865, 475888, 476087, 493357, 518552, 523614, 637769]
