8,1,[503]
10,15,[126535, 128187, 308763, 324716, 324719, 345967, 346522, 362031, 380494, 383451, 441893, 441995, 477447, 480113, 480866]
11,1,[413]
12,2,[2228, 19213]
14,17,[15759, 19633, 29214, 31816, 43596, 51170, 57698, 84138, 103222, 125020, 127676, 132158, 136471, 156206, 165129, 193579, 194313]
15,25,[3933, 12709, 29668, 38254, 41328, 50036, 63503, 80567, 89309, 92165, 105429, 107861, 124378, 124977, 125494, 126454, 128741, 131123, 133538, 135133, 151578, 152673, 153490, 153742, 163179]
16,4,[2271, 2519, 11207, 28274]
18,1,[23281]
19,1,[13779]
20,6,[8655, 11655, 33614, 47786, 59736, 66158]
21,1,[29566]
22,62,[3888, 3889, 4949, 4997, 5789, 7696, 7697, 13309, 18935, 21481, 21986, 22302, 22664, 33304, 38931, 39689, 41320, 41801, 41834, 41840, 42041, 42271, 45607, 47004, 47021, 47034, 47039, 52291, 52296, 52302, 57186, 60145, 71038, 74383, 75170, 75283, 77157, 78248, 84994, 84995, 85005, 90356, 90362, 93304, 93857, 102157, 102161, 103252, 103333, 112546, 112571, 114016, 121646, 132713, 132717, 144694, 156104, 156105, 156178, 156332, 157824, 158551]
23,1,[5643]
24,1,[14863]
25,14,[28272, 30728, 54591, 55340, 80434, 99125, 122314, 123891, 126470, 136583, 140592, 149575, 158306, 186173]
26,3,[9194, 12228, 61021]
27,16,[13629, 15664, 58585, 66914, 68652, 75899, 76073, 76766, 84674, 94883, 96154, 96160, 102320, 103494, 109443, 109466]
28,1,[9559]
30,15,[126424, 128076, 308605, 324557, 324560, 345808, 346363, 361871, 380331, 383288, 441723, 441825, 477278, 479945, 480698]
8,1,[503]
10,15,[126535, 128187, 308763, 324716, 324719, 345967, 346522, 362031, 380494, 383451, 441893, 441995, 477447, 480113, 480866]
11,1,[413]
12,2,[2228, 19213]
14,17,[15759, 19633, 29214, 31816, 43596, 51170, 57698, 84138, 103222, 125020, 127676, 132158, 136471, 156206, 165129, 193579, 194313]
15,25,[3933, 12709, 29668, 38254, 41328, 50036, 63503, 80567, 89309, 92165, 105429, 107861, 124378, 124977, 125494, 126454, 128741, 131123, 133538, 135133, 151578, 152673, 153490, 153742, 163179]
16,4,[2271, 2519, 11207, 28274]
18,1,[23281]
19,1,[13779]
20,6,[8655, 11655, 33614, 47786, 59736, 66158]
21,1,[29566]
22,62,[3888, 3889, 4949, 4997, 5789, 7696, 7697, 13309, 18935, 21481, 21986, 22302, 22664, 33304, 38931, 39689, 41320, 41801, 41834, 41840, 42041, 42271, 45607, 47004, 47021, 47034, 47039, 52291, 52296, 52302, 57186, 60145, 71038, 74383, 75170, 75283, 77157, 78248, 84994, 84995, 85005, 90356, 90362, 93304, 93857, 102157, 102161, 103252, 103333, 112546, 112571, 114016, 121646, 132713, 132717, 144694, 156104, 156105, 156178, 156332, 157824, 158551]
23,1,[5643]
24,1,[14863]
25,14,[28272, 30728, 54591, 55340, 80434, 99125, 122314, 123891, 126470, 136583, 140592, 149575, 158306, 186173]
26,3,[9194, 12228, 61021]
27,16,[13629, 15664, 58585, 66914, 68652, 75899, 76073, 76766, 84674, 94883, 96154, 96160, 102320, 103494, 109443, 109466]
28,1,[9559]
30,15,[126424, 128076, 308605, 324557, 324560, 345808, 346363, 361871, 380331, 383288, 441723, 441825, 477278, 479945, 480698]
