12,1,[16506]
16,1,[20451]
19,1,[17843]
22,23,[13654, 13684, 26196, 33275, 47768, 52762, 52777, 53974, 54206, 54214, 54216, 74935, 75593, 79783, 99149, 110637, 115930, 116058, 116749, 142758, 143040, 144556, 158213]
27,4,[18259, 22592, 67672, 109337]
12,1,[16506]
16,1,[20451]
19,1,[17843]
22,23,[13654, 13684, 26196, 33275, 47768, 52762, 52777, 53974, 54206, 54214, 54216, 74935, 75593, 79783, 99149, 110637, 115930, 116058, 116749, 142758, 143040, 144556, 158213]
27,4,[18259, 22592, 67672, 109337]
