10,13,[24600, 25021, 39176, 416384, 416712, 416732, 416762, 416804, 416841, 416877, 416914, 429203, 429225]
20,5,[398, 6861, 11171, 52495, 53935]
22,2,[109530, 117975]
26,5,[762, 7381, 11743, 53595, 55083]
27,1,[102868]
30,13,[24506, 24927, 39078, 416218, 416546, 416566, 416596, 416638, 416675, 416711, 416748, 429036, 429058]
10,13,[24600, 25021, 39176, 416384, 416712, 416732, 416762, 416804, 416841, 416877, 416914, 429203, 429225]
20,5,[398, 6861, 11171, 52495, 53935]
22,2,[109530, 117975]
26,5,[762, 7381, 11743, 53595, 55083]
27,1,[102868]
30,13,[24506, 24927, 39078, 416218, 416546, 416566, 416596, 416638, 416675, 416711, 416748, 429036, 429058]
