9,3,[997, 1876, 2370]
10,8,[44669, 121223, 121285, 260141, 278637, 361092, 542737, 591325]
13,3,[1693, 2215, 3513]
14,3,[6949, 6994, 144465]
15,25,[8894, 17154, 17357, 26349, 29949, 49527, 67794, 67795, 75992, 78118, 78132, 78536, 80370, 95277, 98337, 98462, 118469, 127483, 127558, 130319, 130999, 142893, 144244, 146461, 172790]
16,2,[16364, 32878]
17,7,[55915, 66906, 84159, 84826, 88326, 126812, 165431]
18,55,[3142, 9828, 19262, 23517, 24605, 24685, 25083, 25464, 35066, 36491, 36855, 38448, 43235, 43444, 44901, 46178, 49485, 53426, 53456, 55662, 62543, 64982, 68773, 71091, 74272, 82723, 82752, 88116, 95000, 99851, 100364, 109042, 112787, 112813, 116579, 118971, 120850, 122162, 122222, 122552, 123389, 124534, 124602, 126400, 127666, 128024, 128305, 128346, 131159, 131769, 131903, 132109, 132512, 133064, 147731]
20,1,[2079]
21,3,[1725, 29305, 30284]
22,49,[90456, 90600, 100936, 101730, 102758, 102861, 126046, 145180, 145383, 145386, 149779, 150396, 150397, 150408, 150410, 150413, 150439, 150485, 150541, 150558, 150560, 150562, 150564, 150566, 150568, 150571, 150573, 150601, 150603, 150636, 150655, 150701, 150721, 150723, 150875, 153325, 153405, 154210, 154231, 154233, 154235, 154245, 154248, 154251, 154254, 154500, 160613, 161462, 161676]
23,5,[8230, 16943, 20678, 29541, 30301]
24,1,[26660]
25,3,[7155, 7200, 138495]
26,2,[2465, 51308]
27,5,[20256, 31418, 41253, 58159, 74473]
30,8,[44571, 121112, 121174, 259985, 278482, 360932, 542562, 591140]
9,3,[997, 1876, 2370]
10,8,[44669, 121223, 121285, 260141, 278637, 361092, 542737, 591325]
13,3,[1693, 2215, 3513]
14,3,[6949, 6994, 144465]
15,25,[8894, 17154, 17357, 26349, 29949, 49527, 67794, 67795, 75992, 78118, 78132, 78536, 80370, 95277, 98337, 98462, 118469, 127483, 127558, 130319, 130999, 142893, 144244, 146461, 172790]
16,2,[16364, 32878]
17,7,[55915, 66906, 84159, 84826, 88326, 126812, 165431]
18,55,[3142, 9828, 19262, 23517, 24605, 24685, 25083, 25464, 35066, 36491, 36855, 38448, 43235, 43444, 44901, 46178, 49485, 53426, 53456, 55662, 62543, 64982, 68773, 71091, 74272, 82723, 82752, 88116, 95000, 99851, 100364, 109042, 112787, 112813, 116579, 118971, 120850, 122162, 122222, 122552, 123389, 124534, 124602, 126400, 127666, 128024, 128305, 128346, 131159, 131769, 131903, 132109, 132512, 133064, 147731]
20,1,[2079]
21,3,[1725, 29305, 30284]
22,49,[90456, 90600, 100936, 101730, 102758, 102861, 126046, 145180, 145383, 145386, 149779, 150396, 150397, 150408, 150410, 150413, 150439, 150485, 150541, 150558, 150560, 150562, 150564, 150566, 150568, 150571, 150573, 150601, 150603, 150636, 150655, 150701, 150721, 150723, 150875, 153325, 153405, 154210, 154231, 154233, 154235, 154245, 154248, 154251, 154254, 154500, 160613, 161462, 161676]
23,5,[8230, 16943, 20678, 29541, 30301]
24,1,[26660]
25,3,[7155, 7200, 138495]
26,2,[2465, 51308]
27,5,[20256, 31418, 41253, 58159, 74473]
30,8,[44571, 121112, 121174, 259985, 278482, 360932, 542562, 591140]
