10,338,[2517, 5092, 6644, 6655, 8086, 10132, 10659, 12371, 13137, 14433, 17642, 20561, 20569, 20682, 20764, 20798, 20829, 21037, 21706, 28306, 29355, 29470, 29503, 29509, 30932, 32709, 36355, 41303, 46388, 46904, 50929, 50957, 66904, 72478, 74631, 74641, 74653, 75507, 75524, 76402, 76947, 82074, 88273, 88283, 88488, 88508, 88522, 88528, 89273, 95837, 102103, 103256, 103346, 103887, 103908, 104561, 104606, 104610, 106019, 106592, 106598, 113239, 113268, 113510, 113533, 113549, 114513, 116909, 120317, 121190, 123357, 125671, 127817, 127832, 128171, 133825, 134192, 134508, 136783, 137287, 138452, 138660, 139023, 139124, 140735, 140767, 140949, 143641, 143717, 144616, 144776, 144932, 147736, 151169, 156143, 156173, 156234, 168388, 180106, 180113, 186198, 186249, 186379, 201610, 202290, 203910, 206010, 206019, 206356, 214217, 221723, 223271, 223295, 232087, 238397, 248541, 248593, 248721, 251881, 256270, 258043, 258447, 259849, 260041, 265455, 279452, 280416, 288096, 289979, 289987, 290001, 297875, 298407, 300598, 302743, 302988, 306247, 311631, 311681, 313364, 315605, 315625, 315902, 316204, 318619, 318976, 319009, 324573, 324643, 325207, 325351, 325356, 325401, 326036, 326176, 326195, 326741, 328982, 330314, 330395, 330554, 333557, 333880, 333893, 336284, 336674, 336692, 340724, 341836, 341900, 342914, 343327, 343636, 345449, 345692, 347653, 352467, 352599, 354363, 365604, 366838, 368127, 368973, 369984, 372596, 372725, 372860, 373566, 373876, 375890, 376851, 376878, 377161, 377169, 377206, 377387, 377655, 377820, 380636, 385534, 386158, 388610, 389086, 391679, 395251, 396777, 396842, 397961, 398002, 398687, 399920, 404343, 405875, 405942, 406943, 407127, 407559, 408889, 409773, 410365, 410444, 411654, 413063, 413683, 414759, 414801, 414855, 414968, 417989, 418143, 418159, 418182, 419244, 419279, 419642, 419673, 419904, 419909, 420100, 420268, 420313, 420699, 421710, 422011, 422335, 422341, 422822, 422982, 423230, 423509, 423552, 423608, 423813, 424706, 424712, 424748, 424948, 430901, 435987, 438648, 439634, 439646, 447567, 447578, 447591, 449729, 451724, 451820, 452922, 453048, 453779, 453796, 454059, 454127, 454173, 454638, 454697, 457887, 457968, 463592, 464787, 467354, 474191, 475245, 475773, 477509, 478522, 479170, 480641, 483787, 484893, 484911, 485168, 486108, 486717, 486906, 487838, 488769, 490287, 490308, 491858, 491890, 491967, 492478, 494446, 503314, 538301, 546130, 564861, 565196, 566625, 568295, 573545, 576694, 584122, 587739, 587775, 594198, 594218, 600987, 606877, 610214, 611011, 626244, 629809, 632772, 633957, 634495, 635880, 636428, 636737, 636767, 636856, 636887, 636904, 637166, 638466, 640318]
17,57,[423, 2632, 7367, 12796, 12862, 19316, 20628, 20661, 21128, 21952, 22060, 22257, 27183, 30161, 32642, 33889, 35175, 36020, 42678, 55624, 57594, 57760, 57805, 60680, 68013, 72090, 88275, 99213, 99229, 107606, 108325, 111278, 114830, 118324, 119894, 122403, 139508, 147965, 151779, 151835, 153659, 169616, 175395, 188844, 189766, 190746, 196774, 198381, 198392, 198419, 198433, 203101, 208554, 210263, 210508, 216173, 216864]
18,7,[1217, 55201, 66093, 83519, 84002, 117880, 120272]
19,1,[17289]
20,41,[315, 431, 5443, 7357, 10177, 13088, 13650, 15725, 18579, 25102, 25612, 25878, 30213, 30773, 33304, 34126, 35038, 36155, 38146, 39363, 43008, 44229, 46738, 52100, 52642, 53239, 56732, 56765, 57564, 58075, 58632, 60226, 61713, 62157, 62276, 63025, 63660, 63859, 64069, 64247, 65175]
21,1,[30384]
22,8,[18834, 25264, 35322, 70283, 70300, 70309, 81843, 161964]
26,40,[679, 795, 5960, 7880, 10729, 13671, 14235, 16370, 19288, 25888, 26410, 26676, 31060, 31636, 34182, 35930, 37057, 39065, 40306, 43957, 45194, 47743, 53182, 53744, 54361, 57880, 57913, 58732, 59261, 59830, 61521, 63016, 63459, 63613, 64377, 65040, 65245, 65461, 65642, 66587]
27,2,[19619, 58140]
28,2,[8128, 8932]
30,338,[2424, 4998, 6550, 6561, 7992, 10038, 10565, 12277, 13043, 14339, 17548, 20467, 20475, 20588, 20670, 20704, 20735, 20943, 21612, 28212, 29261, 29376, 29409, 29415, 30838, 32611, 36257, 41205, 46290, 46806, 50831, 50859, 66801, 72375, 74528, 74538, 74550, 75404, 75421, 76299, 76844, 81967, 88166, 88176, 88381, 88401, 88415, 88421, 89166, 95730, 101996, 103149, 103239, 103780, 103801, 104454, 104499, 104503, 105908, 106481, 106487, 113128, 113157, 113399, 113422, 113438, 114402, 116798, 120206, 121079, 123246, 125560, 127706, 127721, 128060, 133713, 134080, 134396, 136671, 137175, 138340, 138548, 138911, 139012, 140623, 140655, 140837, 143529, 143605, 144503, 144663, 144819, 147623, 151056, 156030, 156060, 156121, 168265, 179983, 179990, 186066, 186117, 186247, 201468, 202148, 203768, 205868, 205877, 206214, 214075, 221573, 223121, 223145, 231937, 238247, 248388, 248440, 248568, 251728, 256114, 257887, 258291, 259693, 259885, 265299, 279297, 280261, 287940, 289823, 289831, 289845, 297717, 298249, 300440, 302585, 302830, 306089, 311472, 311522, 313205, 315446, 315466, 315743, 316045, 318460, 318817, 318850, 324414, 324484, 325048, 325192, 325197, 325242, 325877, 326017, 326036, 326582, 328823, 330155, 330236, 330395, 333398, 333721, 333734, 336125, 336515, 336533, 340565, 341677, 341741, 342755, 343168, 343477, 345290, 345533, 347494, 352308, 352440, 354204, 365441, 366675, 367964, 368810, 369821, 372433, 372562, 372697, 373403, 373713, 375727, 376688, 376715, 376998, 377006, 377043, 377224, 377492, 377657, 380473, 385371, 385995, 388447, 388923, 391516, 395085, 396611, 396676, 397795, 397836, 398521, 399754, 404177, 405709, 405776, 406777, 406961, 407393, 408723, 409607, 410199, 410278, 411488, 412897, 413517, 414593, 414635, 414689, 414802, 417823, 417977, 417993, 418016, 419078, 419113, 419476, 419507, 419738, 419743, 419934, 420102, 420147, 420533, 421544, 421845, 422169, 422175, 422656, 422816, 423064, 423343, 423386, 423442, 423647, 424540, 424546, 424582, 424782, 430731, 435817, 438478, 439464, 439476, 447397, 447408, 447421, 449559, 451554, 451650, 452752, 452878, 453609, 453626, 453889, 453957, 454003, 454468, 454527, 457717, 457798, 463421, 464616, 467183, 474021, 475075, 475603, 477340, 478354, 479002, 480473, 483622, 484728, 484746, 485004, 485944, 486554, 486743, 487676, 488608, 490127, 490148, 491698, 491730, 491807, 492318, 494286, 503145, 538126, 545955, 564681, 565016, 566445, 568115, 573365, 576514, 583942, 587554, 587590, 594007, 594027, 600790, 606670, 609997, 610794, 625987, 629546, 632497, 633682, 634220, 635605, 636153, 636462, 636492, 636581, 636612, 636629, 636891, 638191, 640043]
10,338,[2517, 5092, 6644, 6655, 8086, 10132, 10659, 12371, 13137, 14433, 17642, 20561, 20569, 20682, 20764, 20798, 20829, 21037, 21706, 28306, 29355, 29470, 29503, 29509, 30932, 32709, 36355, 41303, 46388, 46904, 50929, 50957, 66904, 72478, 74631, 74641, 74653, 75507, 75524, 76402, 76947, 82074, 88273, 88283, 88488, 88508, 88522, 88528, 89273, 95837, 102103, 103256, 103346, 103887, 103908, 104561, 104606, 104610, 106019, 106592, 106598, 113239, 113268, 113510, 113533, 113549, 114513, 116909, 120317, 121190, 123357, 125671, 127817, 127832, 128171, 133825, 134192, 134508, 136783, 137287, 138452, 138660, 139023, 139124, 140735, 140767, 140949, 143641, 143717, 144616, 144776, 144932, 147736, 151169, 156143, 156173, 156234, 168388, 180106, 180113, 186198, 186249, 186379, 201610, 202290, 203910, 206010, 206019, 206356, 214217, 221723, 223271, 223295, 232087, 238397, 248541, 248593, 248721, 251881, 256270, 258043, 258447, 259849, 260041, 265455, 279452, 280416, 288096, 289979, 289987, 290001, 297875, 298407, 300598, 302743, 302988, 306247, 311631, 311681, 313364, 315605, 315625, 315902, 316204, 318619, 318976, 319009, 324573, 324643, 325207, 325351, 325356, 325401, 326036, 326176, 326195, 326741, 328982, 330314, 330395, 330554, 333557, 333880, 333893, 336284, 336674, 336692, 340724, 341836, 341900, 342914, 343327, 343636, 345449, 345692, 347653, 352467, 352599, 354363, 365604, 366838, 368127, 368973, 369984, 372596, 372725, 372860, 373566, 373876, 375890, 376851, 376878, 377161, 377169, 377206, 377387, 377655, 377820, 380636, 385534, 386158, 388610, 389086, 391679, 395251, 396777, 396842, 397961, 398002, 398687, 399920, 404343, 405875, 405942, 406943, 407127, 407559, 408889, 409773, 410365, 410444, 411654, 413063, 413683, 414759, 414801, 414855, 414968, 417989, 418143, 418159, 418182, 419244, 419279, 419642, 419673, 419904, 419909, 420100, 420268, 420313, 420699, 421710, 422011, 422335, 422341, 422822, 422982, 423230, 423509, 423552, 423608, 423813, 424706, 424712, 424748, 424948, 430901, 435987, 438648, 439634, 439646, 447567, 447578, 447591, 449729, 451724, 451820, 452922, 453048, 453779, 453796, 454059, 454127, 454173, 454638, 454697, 457887, 457968, 463592, 464787, 467354, 474191, 475245, 475773, 477509, 478522, 479170, 480641, 483787, 484893, 484911, 485168, 486108, 486717, 486906, 487838, 488769, 490287, 490308, 491858, 491890, 491967, 492478, 494446, 503314, 538301, 546130, 564861, 565196, 566625, 568295, 573545, 576694, 584122, 587739, 587775, 594198, 594218, 600987, 606877, 610214, 611011, 626244, 629809, 632772, 633957, 634495, 635880, 636428, 636737, 636767, 636856, 636887, 636904, 637166, 638466, 640318]
17,57,[423, 2632, 7367, 12796, 12862, 19316, 20628, 20661, 21128, 21952, 22060, 22257, 27183, 30161, 32642, 33889, 35175, 36020, 42678, 55624, 57594, 57760, 57805, 60680, 68013, 72090, 88275, 99213, 99229, 107606, 108325, 111278, 114830, 118324, 119894, 122403, 139508, 147965, 151779, 151835, 153659, 169616, 175395, 188844, 189766, 190746, 196774, 198381, 198392, 198419, 198433, 203101, 208554, 210263, 210508, 216173, 216864]
18,7,[1217, 55201, 66093, 83519, 84002, 117880, 120272]
19,1,[17289]
20,41,[315, 431, 5443, 7357, 10177, 13088, 13650, 15725, 18579, 25102, 25612, 25878, 30213, 30773, 33304, 34126, 35038, 36155, 38146, 39363, 43008, 44229, 46738, 52100, 52642, 53239, 56732, 56765, 57564, 58075, 58632, 60226, 61713, 62157, 62276, 63025, 63660, 63859, 64069, 64247, 65175]
21,1,[30384]
22,8,[18834, 25264, 35322, 70283, 70300, 70309, 81843, 161964]
26,40,[679, 795, 5960, 7880, 10729, 13671, 14235, 16370, 19288, 25888, 26410, 26676, 31060, 31636, 34182, 35930, 37057, 39065, 40306, 43957, 45194, 47743, 53182, 53744, 54361, 57880, 57913, 58732, 59261, 59830, 61521, 63016, 63459, 63613, 64377, 65040, 65245, 65461, 65642, 66587]
27,2,[19619, 58140]
28,2,[8128, 8932]
30,338,[2424, 4998, 6550, 6561, 7992, 10038, 10565, 12277, 13043, 14339, 17548, 20467, 20475, 20588, 20670, 20704, 20735, 20943, 21612, 28212, 29261, 29376, 29409, 29415, 30838, 32611, 36257, 41205, 46290, 46806, 50831, 50859, 66801, 72375, 74528, 74538, 74550, 75404, 75421, 76299, 76844, 81967, 88166, 88176, 88381, 88401, 88415, 88421, 89166, 95730, 101996, 103149, 103239, 103780, 103801, 104454, 104499, 104503, 105908, 106481, 106487, 113128, 113157, 113399, 113422, 113438, 114402, 116798, 120206, 121079, 123246, 125560, 127706, 127721, 128060, 133713, 134080, 134396, 136671, 137175, 138340, 138548, 138911, 139012, 140623, 140655, 140837, 143529, 143605, 144503, 144663, 144819, 147623, 151056, 156030, 156060, 156121, 168265, 179983, 179990, 186066, 186117, 186247, 201468, 202148, 203768, 205868, 205877, 206214, 214075, 221573, 223121, 223145, 231937, 238247, 248388, 248440, 248568, 251728, 256114, 257887, 258291, 259693, 259885, 265299, 279297, 280261, 287940, 289823, 289831, 289845, 297717, 298249, 300440, 302585, 302830, 306089, 311472, 311522, 313205, 315446, 315466, 315743, 316045, 318460, 318817, 318850, 324414, 324484, 325048, 325192, 325197, 325242, 325877, 326017, 326036, 326582, 328823, 330155, 330236, 330395, 333398, 333721, 333734, 336125, 336515, 336533, 340565, 341677, 341741, 342755, 343168, 343477, 345290, 345533, 347494, 352308, 352440, 354204, 365441, 366675, 367964, 368810, 369821, 372433, 372562, 372697, 373403, 373713, 375727, 376688, 376715, 376998, 377006, 377043, 377224, 377492, 377657, 380473, 385371, 385995, 388447, 388923, 391516, 395085, 396611, 396676, 397795, 397836, 398521, 399754, 404177, 405709, 405776, 406777, 406961, 407393, 408723, 409607, 410199, 410278, 411488, 412897, 413517, 414593, 414635, 414689, 414802, 417823, 417977, 417993, 418016, 419078, 419113, 419476, 419507, 419738, 419743, 419934, 420102, 420147, 420533, 421544, 421845, 422169, 422175, 422656, 422816, 423064, 423343, 423386, 423442, 423647, 424540, 424546, 424582, 424782, 430731, 435817, 438478, 439464, 439476, 447397, 447408, 447421, 449559, 451554, 451650, 452752, 452878, 453609, 453626, 453889, 453957, 454003, 454468, 454527, 457717, 457798, 463421, 464616, 467183, 474021, 475075, 475603, 477340, 478354, 479002, 480473, 483622, 484728, 484746, 485004, 485944, 486554, 486743, 487676, 488608, 490127, 490148, 491698, 491730, 491807, 492318, 494286, 503145, 538126, 545955, 564681, 565016, 566445, 568115, 573365, 576514, 583942, 587554, 587590, 594007, 594027, 600790, 606670, 609997, 610794, 625987, 629546, 632497, 633682, 634220, 635605, 636153, 636462, 636492, 636581, 636612, 636629, 636891, 638191, 640043]
