11,1,[14702]
12,1,[12982]
13,1,[1587]
15,11,[18517, 21348, 30292, 43971, 45082, 60545, 72706, 95926, 98515, 120554, 138992]
19,3,[4706, 8700, 8828]
22,1,[28263]
23,1,[4877]
24,1,[27751]
26,5,[9466, 18820, 25265, 31515, 50154]
27,5,[28464, 40127, 73840, 93357, 97975]
11,1,[14702]
12,1,[12982]
13,1,[1587]
15,11,[18517, 21348, 30292, 43971, 45082, 60545, 72706, 95926, 98515, 120554, 138992]
19,3,[4706, 8700, 8828]
22,1,[28263]
23,1,[4877]
24,1,[27751]
26,5,[9466, 18820, 25265, 31515, 50154]
27,5,[28464, 40127, 73840, 93357, 97975]
