10,35,[31007, 217386, 222545, 241911, 241922, 244211, 259334, 264401, 276458, 291306, 299035, 301913, 306111, 306129, 306504, 307098, 307192, 307261, 319612, 335764, 339807, 373414, 373424, 373618, 376964, 440514, 482814, 493364, 527578, 528433, 548170, 571114, 571431, 576480, 626492]
11,11,[1390, 4010, 5802, 5953, 5985, 7551, 10254, 12776, 13652, 15370, 15569]
12,4,[8348, 14348, 19481, 19785]
13,1,[4053]
15,1,[46681]
16,7,[8527, 12454, 14578, 17237, 25482, 34932, 36307]
18,1,[39778]
19,11,[2322, 4305, 4996, 9192, 9991, 13143, 22928, 24137, 26048, 26167, 26344]
20,2,[38577, 44749]
21,5,[6564, 16251, 16301, 22331, 29509]
24,7,[10822, 13580, 13626, 18918, 36076, 36914, 41051]
26,2,[39519, 45732]
27,25,[1407, 4883, 6801, 6810, 24293, 31174, 37851, 49111, 54236, 60888, 62921, 68314, 75920, 78177, 81471, 83504, 83683, 84238, 88328, 101343, 102102, 103964, 104310, 104820, 105263]
28,8,[4185, 4188, 4215, 7603, 7620, 7622, 7624, 10963]
30,35,[30913, 217246, 222395, 241758, 241769, 244058, 259178, 264245, 276302, 291150, 298877, 301755, 305953, 305971, 306346, 306940, 307034, 307103, 319453, 335605, 339648, 373251, 373261, 373455, 376801, 440344, 482649, 493204, 527406, 528258, 547995, 570934, 571251, 576300, 626235]
10,35,[31007, 217386, 222545, 241911, 241922, 244211, 259334, 264401, 276458, 291306, 299035, 301913, 306111, 306129, 306504, 307098, 307192, 307261, 319612, 335764, 339807, 373414, 373424, 373618, 376964, 440514, 482814, 493364, 527578, 528433, 548170, 571114, 571431, 576480, 626492]
11,11,[1390, 4010, 5802, 5953, 5985, 7551, 10254, 12776, 13652, 15370, 15569]
12,4,[8348, 14348, 19481, 19785]
13,1,[4053]
15,1,[46681]
16,7,[8527, 12454, 14578, 17237, 25482, 34932, 36307]
18,1,[39778]
19,11,[2322, 4305, 4996, 9192, 9991, 13143, 22928, 24137, 26048, 26167, 26344]
20,2,[38577, 44749]
21,5,[6564, 16251, 16301, 22331, 29509]
24,7,[10822, 13580, 13626, 18918, 36076, 36914, 41051]
26,2,[39519, 45732]
27,25,[1407, 4883, 6801, 6810, 24293, 31174, 37851, 49111, 54236, 60888, 62921, 68314, 75920, 78177, 81471, 83504, 83683, 84238, 88328, 101343, 102102, 103964, 104310, 104820, 105263]
28,8,[4185, 4188, 4215, 7603, 7620, 7622, 7624, 10963]
30,35,[30913, 217246, 222395, 241758, 241769, 244058, 259178, 264245, 276302, 291150, 298877, 301755, 305953, 305971, 306346, 306940, 307034, 307103, 319453, 335605, 339648, 373251, 373261, 373455, 376801, 440344, 482649, 493204, 527406, 528258, 547995, 570934, 571251, 576300, 626235]
