10,4,[425856, 426260, 477260, 612691]
11,2,[11543, 20615]
12,7,[1033, 8817, 14101, 14154, 14162, 16621, 21156]
14,6,[452, 1457, 99947, 111701, 181282, 186855]
15,40,[2488, 7347, 11294, 26529, 32515, 37906, 52369, 52968, 56058, 61335, 61957, 74133, 83351, 88650, 88821, 98579, 108008, 108021, 108073, 108229, 108841, 117567, 117900, 120263, 127168, 135009, 139726, 148037, 155564, 155685, 155844, 162765, 164837, 165959, 166609, 167351, 167377, 169936, 169941, 170418]
16,8,[1336, 7259, 9660, 9674, 14243, 14322, 23994, 35590]
19,2,[6773, 26908]
20,3,[15825, 20510, 20868]
21,5,[17138, 18782, 18803, 19038, 33767]
22,22,[3076, 9278, 31980, 38606, 38612, 38619, 38652, 47747, 52454, 52486, 52490, 59781, 59829, 59877, 79868, 85265, 99112, 128205, 128215, 133151, 133153, 138716]
23,1,[17329]
24,1,[36416]
25,10,[666, 1675, 79794, 80959, 95803, 107125, 164662, 173545, 173864, 180393]
26,3,[16470, 21237, 21605]
27,3,[57735, 108790, 108794]
30,4,[425690, 426094, 477091, 612468]
10,4,[425856, 426260, 477260, 612691]
11,2,[11543, 20615]
12,7,[1033, 8817, 14101, 14154, 14162, 16621, 21156]
14,6,[452, 1457, 99947, 111701, 181282, 186855]
15,40,[2488, 7347, 11294, 26529, 32515, 37906, 52369, 52968, 56058, 61335, 61957, 74133, 83351, 88650, 88821, 98579, 108008, 108021, 108073, 108229, 108841, 117567, 117900, 120263, 127168, 135009, 139726, 148037, 155564, 155685, 155844, 162765, 164837, 165959, 166609, 167351, 167377, 169936, 169941, 170418]
16,8,[1336, 7259, 9660, 9674, 14243, 14322, 23994, 35590]
19,2,[6773, 26908]
20,3,[15825, 20510, 20868]
21,5,[17138, 18782, 18803, 19038, 33767]
22,22,[3076, 9278, 31980, 38606, 38612, 38619, 38652, 47747, 52454, 52486, 52490, 59781, 59829, 59877, 79868, 85265, 99112, 128205, 128215, 133151, 133153, 138716]
23,1,[17329]
24,1,[36416]
25,10,[666, 1675, 79794, 80959, 95803, 107125, 164662, 173545, 173864, 180393]
26,3,[16470, 21237, 21605]
27,3,[57735, 108790, 108794]
30,4,[425690, 426094, 477091, 612468]
