10,8,[222210, 299006, 309034, 358226, 382954, 382993, 384516, 488811]
12,3,[1649, 20687, 20704]
14,32,[12244, 12255, 14601, 23121, 27928, 29632, 33160, 33988, 59184, 63585, 65165, 66183, 67035, 70986, 77737, 78940, 89315, 103667, 105108, 113981, 134061, 134231, 150981, 165547, 167678, 170776, 173205, 180969, 182201, 185272, 187888, 191737]
15,24,[793, 6034, 17273, 19081, 19128, 22666, 34316, 39456, 42163, 42269, 51480, 52395, 53865, 58880, 77328, 87786, 91048, 95068, 95089, 95200, 110895, 126065, 130631, 170253]
16,3,[2377, 8355, 12665]
17,2,[134483, 135207]
18,2,[9528, 125052]
19,7,[2667, 3184, 6727, 8300, 16815, 25187, 25285]
20,1,[46681]
21,5,[25988, 27114, 28490, 30756, 34357]
22,36,[23739, 49957, 50040, 50041, 50043, 50469, 50816, 56364, 56543, 56643, 56659, 65061, 72173, 96508, 97292, 102731, 109663, 124727, 124822, 127521, 127574, 127621, 127778, 127813, 128200, 128283, 128531, 130132, 143925, 144071, 144493, 144722, 146857, 147089, 148020, 158104]
23,7,[753, 3120, 4977, 11428, 15511, 21935, 29575]
24,15,[1283, 1469, 7629, 7713, 28131, 28761, 29624, 30339, 30444, 33350, 34602, 38236, 39782, 43170, 44304]
25,32,[12337, 12348, 14582, 22587, 27059, 28654, 32010, 32782, 56844, 61093, 61628, 63211, 63960, 67702, 74113, 75353, 85618, 99562, 100868, 109247, 128315, 128483, 144721, 158689, 160762, 163797, 166278, 173561, 174770, 177702, 180148, 183687]
26,4,[21180, 25406, 36711, 42049]
27,13,[4088, 6374, 15021, 15147, 28829, 32046, 43623, 50731, 56103, 67579, 76774, 87291, 108074]
28,1,[4444]
30,8,[222060, 298848, 308876, 358066, 382791, 382830, 384353, 488650]
10,8,[222210, 299006, 309034, 358226, 382954, 382993, 384516, 488811]
12,3,[1649, 20687, 20704]
14,32,[12244, 12255, 14601, 23121, 27928, 29632, 33160, 33988, 59184, 63585, 65165, 66183, 67035, 70986, 77737, 78940, 89315, 103667, 105108, 113981, 134061, 134231, 150981, 165547, 167678, 170776, 173205, 180969, 182201, 185272, 187888, 191737]
15,24,[793, 6034, 17273, 19081, 19128, 22666, 34316, 39456, 42163, 42269, 51480, 52395, 53865, 58880, 77328, 87786, 91048, 95068, 95089, 95200, 110895, 126065, 130631, 170253]
16,3,[2377, 8355, 12665]
17,2,[134483, 135207]
18,2,[9528, 125052]
19,7,[2667, 3184, 6727, 8300, 16815, 25187, 25285]
20,1,[46681]
21,5,[25988, 27114, 28490, 30756, 34357]
22,36,[23739, 49957, 50040, 50041, 50043, 50469, 50816, 56364, 56543, 56643, 56659, 65061, 72173, 96508, 97292, 102731, 109663, 124727, 124822, 127521, 127574, 127621, 127778, 127813, 128200, 128283, 128531, 130132, 143925, 144071, 144493, 144722, 146857, 147089, 148020, 158104]
23,7,[753, 3120, 4977, 11428, 15511, 21935, 29575]
24,15,[1283, 1469, 7629, 7713, 28131, 28761, 29624, 30339, 30444, 33350, 34602, 38236, 39782, 43170, 44304]
25,32,[12337, 12348, 14582, 22587, 27059, 28654, 32010, 32782, 56844, 61093, 61628, 63211, 63960, 67702, 74113, 75353, 85618, 99562, 100868, 109247, 128315, 128483, 144721, 158689, 160762, 163797, 166278, 173561, 174770, 177702, 180148, 183687]
26,4,[21180, 25406, 36711, 42049]
27,13,[4088, 6374, 15021, 15147, 28829, 32046, 43623, 50731, 56103, 67579, 76774, 87291, 108074]
28,1,[4444]
30,8,[222060, 298848, 308876, 358066, 382791, 382830, 384353, 488650]
