10,10,[223437, 314690, 431469, 450374, 496832, 497081, 497214, 530387, 571385, 621832]
15,2,[77097, 97452]
16,3,[692, 5636, 15004]
17,4,[53756, 68681, 73725, 206005]
18,3,[41589, 60080, 72145]
19,1,[3455]
21,4,[8414, 14801, 22080, 32479]
22,1,[99073]
23,1,[4738]
26,9,[16879, 17640, 19868, 32651, 40337, 44767, 45444, 45495, 50522]
30,10,[223287, 314531, 431299, 450204, 496663, 496912, 497045, 530212, 571205, 621580]
10,10,[223437, 314690, 431469, 450374, 496832, 497081, 497214, 530387, 571385, 621832]
15,2,[77097, 97452]
16,3,[692, 5636, 15004]
17,4,[53756, 68681, 73725, 206005]
18,3,[41589, 60080, 72145]
19,1,[3455]
21,4,[8414, 14801, 22080, 32479]
22,1,[99073]
23,1,[4738]
26,9,[16879, 17640, 19868, 32651, 40337, 44767, 45444, 45495, 50522]
30,10,[223287, 314531, 431299, 450204, 496663, 496912, 497045, 530212, 571205, 621580]
