10,2,[210449, 261477]
15,3,[19510, 47761, 59420]
16,2,[21471, 25260]
17,1,[136226]
19,22,[1207, 1217, 1252, 1601, 1665, 1703, 1771, 3756, 5966, 6328, 7509, 12069, 13288, 14340, 16952, 17165, 25640, 25711, 25737, 25753, 26582, 26976]
26,2,[2362, 3931]
30,2,[210307, 261321]
10,2,[210449, 261477]
15,3,[19510, 47761, 59420]
16,2,[21471, 25260]
17,1,[136226]
19,22,[1207, 1217, 1252, 1601, 1665, 1703, 1771, 3756, 5966, 6328, 7509, 12069, 13288, 14340, 16952, 17165, 25640, 25711, 25737, 25753, 26582, 26976]
26,2,[2362, 3931]
30,2,[210307, 261321]
