10,16,[89331, 96730, 106280, 214394, 250047, 342600, 365741, 370924, 389945, 420040, 448339, 476023, 476030, 541568, 541946, 603769]
13,1,[2262]
15,5,[30308, 36521, 38809, 145290, 145292]
16,1,[8267]
17,2,[32781, 108694]
18,1,[10739]
19,4,[6279, 14632, 14684, 15100]
20,1,[59942]
22,6,[14205, 22109, 92105, 93971, 97031, 113771]
23,1,[13413]
24,1,[12753]
26,1,[61232]
27,6,[13606, 28205, 43905, 44604, 45274, 47460]
30,16,[89224, 96623, 106169, 214252, 249894, 342441, 365578, 370761, 389782, 419874, 448169, 475854, 475861, 541393, 541771, 603567]
10,16,[89331, 96730, 106280, 214394, 250047, 342600, 365741, 370924, 389945, 420040, 448339, 476023, 476030, 541568, 541946, 603769]
13,1,[2262]
15,5,[30308, 36521, 38809, 145290, 145292]
16,1,[8267]
17,2,[32781, 108694]
18,1,[10739]
19,4,[6279, 14632, 14684, 15100]
20,1,[59942]
22,6,[14205, 22109, 92105, 93971, 97031, 113771]
23,1,[13413]
24,1,[12753]
26,1,[61232]
27,6,[13606, 28205, 43905, 44604, 45274, 47460]
30,16,[89224, 96623, 106169, 214252, 249894, 342441, 365578, 370761, 389782, 419874, 448169, 475854, 475861, 541393, 541771, 603567]
