10,12,[404461, 411725, 429705, 469218, 511778, 514661, 516928, 532825, 539597, 540712, 545099, 570586]
11,2,[15379, 19337]
12,8,[1095, 1882, 2079, 12694, 14467, 16682, 16858, 19445]
13,1,[2840]
15,5,[72037, 79422, 151815, 151836, 163067]
16,4,[14311, 17694, 20539, 21204]
17,2,[71356, 101588]
18,5,[82046, 88072, 88151, 117762, 120154]
19,7,[12758, 12774, 12801, 22926, 24415, 24759, 27134]
21,3,[10149, 17393, 25424]
22,1,[33107]
23,5,[11597, 18228, 19165, 22912, 27588]
24,7,[1230, 7212, 12030, 19400, 20257, 31517, 34995]
26,1,[58063]
27,11,[2146, 7114, 12187, 26840, 37421, 40167, 74201, 81741, 83708, 94571, 96793]
28,3,[4462, 4866, 6328]
30,12,[404295, 411559, 429538, 469047, 511609, 514492, 516756, 532650, 539422, 540537, 544924, 570406]
10,12,[404461, 411725, 429705, 469218, 511778, 514661, 516928, 532825, 539597, 540712, 545099, 570586]
11,2,[15379, 19337]
12,8,[1095, 1882, 2079, 12694, 14467, 16682, 16858, 19445]
13,1,[2840]
15,5,[72037, 79422, 151815, 151836, 163067]
16,4,[14311, 17694, 20539, 21204]
17,2,[71356, 101588]
18,5,[82046, 88072, 88151, 117762, 120154]
19,7,[12758, 12774, 12801, 22926, 24415, 24759, 27134]
21,3,[10149, 17393, 25424]
22,1,[33107]
23,5,[11597, 18228, 19165, 22912, 27588]
24,7,[1230, 7212, 12030, 19400, 20257, 31517, 34995]
26,1,[58063]
27,11,[2146, 7114, 12187, 26840, 37421, 40167, 74201, 81741, 83708, 94571, 96793]
28,3,[4462, 4866, 6328]
30,12,[404295, 411559, 429538, 469047, 511609, 514492, 516756, 532650, 539422, 540537, 544924, 570406]
