10,61,[19178, 40756, 149154, 149162, 168066, 174548, 190462, 227560, 227582, 227603, 266140, 267509, 281959, 285302, 286754, 299307, 301553, 331934, 333987, 341596, 341605, 343360, 371608, 375391, 395490, 411740, 420732, 425210, 485397, 486522, 486530, 504946, 511749, 511771, 512068, 513331, 513373, 513377, 515156, 515174, 515372, 519945, 525524, 525559, 525560, 525591, 526204, 526263, 526266, 529467, 539567, 539571, 546136, 578818, 598921, 611169, 612636, 616615, 623269, 626689, 632576]
11,8,[207, 236, 10882, 10958, 10998, 11017, 12359, 16729]
12,5,[617, 4149, 9477, 9502, 23166]
13,1,[745]
14,3,[71422, 186666, 186758]
15,60,[160, 456, 5427, 7301, 10396, 20035, 21239, 33588, 37223, 38762, 39839, 40512, 44923, 48930, 48937, 48975, 49002, 52985, 53042, 53241, 53366, 53472, 58395, 60529, 60756, 66662, 78492, 79527, 79741, 79772, 88956, 88975, 92348, 93417, 100411, 102782, 114354, 118952, 120569, 120826, 124663, 124701, 129520, 130320, 131673, 142672, 142976, 145527, 150762, 153988, 157732, 159851, 159968, 160325, 161530, 161537, 162030, 164125, 164186, 166647]
16,10,[1288, 10743, 15307, 18260, 20956, 21393, 22155, 30555, 32703, 33511]
17,22,[40537, 47762, 59779, 70336, 72630, 74125, 75023, 82674, 82697, 86962, 87129, 95506, 99295, 121326, 126011, 141198, 143328, 150539, 167057, 169197, 181702, 181769]
18,3,[29399, 92309, 103344]
19,3,[6771, 7216, 26938]
20,21,[2078, 5701, 7746, 18764, 19753, 20555, 21170, 24540, 34735, 36701, 42622, 42662, 43194, 44471, 47293, 52267, 52328, 53284, 57199, 63410, 64377]
21,4,[9060, 14231, 15119, 24275]
22,39,[15141, 15144, 15147, 15155, 26361, 46877, 48158, 55426, 56842, 57047, 57054, 59733, 59995, 60377, 60381, 60430, 60432, 60438, 60439, 60476, 60518, 60534, 60562, 62174, 70858, 70877, 70908, 70961, 79282, 79284, 98219, 98982, 98992, 98994, 99060, 117990, 118131, 138645, 153244]
23,1,[16863]
24,6,[10608, 10991, 21855, 24077, 29572, 31601]
25,3,[68114, 179014, 179095]
26,21,[2464, 6219, 8268, 19473, 20468, 21282, 21912, 25317, 35623, 37612, 43562, 43602, 44144, 45441, 48295, 53355, 53423, 54409, 58353, 64782, 65775]
27,33,[781, 791, 848, 929, 956, 2642, 3494, 5789, 6834, 7210, 17545, 21497, 37877, 39596, 47470, 47477, 47511, 47525, 47559, 47588, 47622, 47718, 47983, 57157, 57195, 58992, 66036, 73118, 73185, 77338, 89351, 104459, 108833]
28,1,[10943]
30,61,[19084, 40658, 149041, 149049, 167943, 174425, 190330, 227410, 227432, 227453, 265984, 267353, 281804, 285146, 286598, 299149, 301395, 331775, 333828, 341437, 341446, 343201, 371445, 375228, 395324, 411574, 420566, 425044, 485233, 486359, 486367, 504777, 511580, 511602, 511899, 513162, 513204, 513208, 514987, 515005, 515203, 519773, 525352, 525387, 525388, 525419, 526032, 526091, 526094, 529292, 539392, 539396, 545961, 578638, 598730, 610952, 612413, 616376, 623017, 626432, 632301]
10,61,[19178, 40756, 149154, 149162, 168066, 174548, 190462, 227560, 227582, 227603, 266140, 267509, 281959, 285302, 286754, 299307, 301553, 331934, 333987, 341596, 341605, 343360, 371608, 375391, 395490, 411740, 420732, 425210, 485397, 486522, 486530, 504946, 511749, 511771, 512068, 513331, 513373, 513377, 515156, 515174, 515372, 519945, 525524, 525559, 525560, 525591, 526204, 526263, 526266, 529467, 539567, 539571, 546136, 578818, 598921, 611169, 612636, 616615, 623269, 626689, 632576]
11,8,[207, 236, 10882, 10958, 10998, 11017, 12359, 16729]
12,5,[617, 4149, 9477, 9502, 23166]
13,1,[745]
14,3,[71422, 186666, 186758]
15,60,[160, 456, 5427, 7301, 10396, 20035, 21239, 33588, 37223, 38762, 39839, 40512, 44923, 48930, 48937, 48975, 49002, 52985, 53042, 53241, 53366, 53472, 58395, 60529, 60756, 66662, 78492, 79527, 79741, 79772, 88956, 88975, 92348, 93417, 100411, 102782, 114354, 118952, 120569, 120826, 124663, 124701, 129520, 130320, 131673, 142672, 142976, 145527, 150762, 153988, 157732, 159851, 159968, 160325, 161530, 161537, 162030, 164125, 164186, 166647]
16,10,[1288, 10743, 15307, 18260, 20956, 21393, 22155, 30555, 32703, 33511]
17,22,[40537, 47762, 59779, 70336, 72630, 74125, 75023, 82674, 82697, 86962, 87129, 95506, 99295, 121326, 126011, 141198, 143328, 150539, 167057, 169197, 181702, 181769]
18,3,[29399, 92309, 103344]
19,3,[6771, 7216, 26938]
20,21,[2078, 5701, 7746, 18764, 19753, 20555, 21170, 24540, 34735, 36701, 42622, 42662, 43194, 44471, 47293, 52267, 52328, 53284, 57199, 63410, 64377]
21,4,[9060, 14231, 15119, 24275]
22,39,[15141, 15144, 15147, 15155, 26361, 46877, 48158, 55426, 56842, 57047, 57054, 59733, 59995, 60377, 60381, 60430, 60432, 60438, 60439, 60476, 60518, 60534, 60562, 62174, 70858, 70877, 70908, 70961, 79282, 79284, 98219, 98982, 98992, 98994, 99060, 117990, 118131, 138645, 153244]
23,1,[16863]
24,6,[10608, 10991, 21855, 24077, 29572, 31601]
25,3,[68114, 179014, 179095]
26,21,[2464, 6219, 8268, 19473, 20468, 21282, 21912, 25317, 35623, 37612, 43562, 43602, 44144, 45441, 48295, 53355, 53423, 54409, 58353, 64782, 65775]
27,33,[781, 791, 848, 929, 956, 2642, 3494, 5789, 6834, 7210, 17545, 21497, 37877, 39596, 47470, 47477, 47511, 47525, 47559, 47588, 47622, 47718, 47983, 57157, 57195, 58992, 66036, 73118, 73185, 77338, 89351, 104459, 108833]
28,1,[10943]
30,61,[19084, 40658, 149041, 149049, 167943, 174425, 190330, 227410, 227432, 227453, 265984, 267353, 281804, 285146, 286598, 299149, 301395, 331775, 333828, 341437, 341446, 343201, 371445, 375228, 395324, 411574, 420566, 425044, 485233, 486359, 486367, 504777, 511580, 511602, 511899, 513162, 513204, 513208, 514987, 515005, 515203, 519773, 525352, 525387, 525388, 525419, 526032, 526091, 526094, 529292, 539392, 539396, 545961, 578638, 598730, 610952, 612413, 616376, 623017, 626432, 632301]
