6,1,[653]
10,13,[17112, 17137, 469625, 469630, 515186, 527700, 527843, 543357, 548258, 563210, 563579, 578357, 598749]
11,3,[15992, 18790, 19447]
12,4,[915, 10020, 10169, 21298]
13,3,[263, 969, 1531]
15,5,[3593, 5507, 123336, 144431, 155580]
16,11,[493, 1987, 2872, 14070, 33234, 33285, 33398, 33848, 35848, 35986, 36716]
17,3,[70071, 114397, 115566]
18,4,[10552, 39513, 45257, 125749]
22,5,[14246, 14273, 18416, 161619, 161621]
23,29,[2549, 9811, 14717, 16056, 16507, 21591, 22496, 22696, 24003, 25210, 25217, 25925, 26248, 26264, 26282, 26300, 26404, 26433, 26449, 26629, 26645, 26655, 26777, 26797, 26839, 29068, 29069, 29491, 29512]
24,17,[5718, 5737, 6085, 8828, 9480, 11265, 15331, 15783, 21764, 21993, 26977, 27567, 30113, 30666, 30822, 33898, 35495]
25,1,[154291]
27,30,[5719, 6307, 22533, 25678, 26605, 30504, 36423, 45544, 48688, 53388, 53772, 56006, 57120, 58484, 58526, 58528, 58795, 60071, 63579, 63921, 66580, 69951, 75050, 84087, 88561, 89375, 89943, 90954, 91101, 91147]
28,2,[3093, 9241]
30,13,[17018, 17043, 469454, 469459, 515017, 527528, 527671, 543182, 548083, 563032, 563401, 578177, 598558]
6,1,[653]
10,13,[17112, 17137, 469625, 469630, 515186, 527700, 527843, 543357, 548258, 563210, 563579, 578357, 598749]
11,3,[15992, 18790, 19447]
12,4,[915, 10020, 10169, 21298]
13,3,[263, 969, 1531]
15,5,[3593, 5507, 123336, 144431, 155580]
16,11,[493, 1987, 2872, 14070, 33234, 33285, 33398, 33848, 35848, 35986, 36716]
17,3,[70071, 114397, 115566]
18,4,[10552, 39513, 45257, 125749]
22,5,[14246, 14273, 18416, 161619, 161621]
23,29,[2549, 9811, 14717, 16056, 16507, 21591, 22496, 22696, 24003, 25210, 25217, 25925, 26248, 26264, 26282, 26300, 26404, 26433, 26449, 26629, 26645, 26655, 26777, 26797, 26839, 29068, 29069, 29491, 29512]
24,17,[5718, 5737, 6085, 8828, 9480, 11265, 15331, 15783, 21764, 21993, 26977, 27567, 30113, 30666, 30822, 33898, 35495]
25,1,[154291]
27,30,[5719, 6307, 22533, 25678, 26605, 30504, 36423, 45544, 48688, 53388, 53772, 56006, 57120, 58484, 58526, 58528, 58795, 60071, 63579, 63921, 66580, 69951, 75050, 84087, 88561, 89375, 89943, 90954, 91101, 91147]
28,2,[3093, 9241]
30,13,[17018, 17043, 469454, 469459, 515017, 527528, 527671, 543182, 548083, 563032, 563401, 578177, 598558]
