10,44,[96915, 128394, 184097, 192220, 278971, 282674, 294012, 302298, 311919, 316749, 334020, 369783, 369833, 370119, 372061, 391914, 394529, 398265, 411241, 411420, 411422, 411443, 418539, 421917, 422419, 423846, 433936, 476555, 495414, 496992, 496997, 500102, 509910, 511901, 512435, 534407, 540505, 557519, 557524, 563388, 570899, 609476, 639103, 639180]
15,3,[5636, 147715, 160495]
17,3,[123245, 174361, 175551]
19,5,[3613, 6911, 8589, 23644, 23682]
20,1,[55412]
22,2,[132598, 132607]
24,2,[9209, 36968]
26,1,[56570]
27,2,[78774, 102231]
30,44,[96808, 128283, 183965, 192088, 278816, 282519, 293855, 302140, 311760, 316590, 333861, 369620, 369670, 369956, 371898, 391751, 394363, 398099, 411075, 411254, 411256, 411277, 418373, 421751, 422253, 423680, 433766, 476386, 495255, 496823, 496828, 499933, 509741, 511732, 512266, 534232, 540330, 557341, 557346, 563210, 570719, 609264, 638828, 638905]
10,44,[96915, 128394, 184097, 192220, 278971, 282674, 294012, 302298, 311919, 316749, 334020, 369783, 369833, 370119, 372061, 391914, 394529, 398265, 411241, 411420, 411422, 411443, 418539, 421917, 422419, 423846, 433936, 476555, 495414, 496992, 496997, 500102, 509910, 511901, 512435, 534407, 540505, 557519, 557524, 563388, 570899, 609476, 639103, 639180]
15,3,[5636, 147715, 160495]
17,3,[123245, 174361, 175551]
19,5,[3613, 6911, 8589, 23644, 23682]
20,1,[55412]
22,2,[132598, 132607]
24,2,[9209, 36968]
26,1,[56570]
27,2,[78774, 102231]
30,44,[96808, 128283, 183965, 192088, 278816, 282519, 293855, 302140, 311760, 316590, 333861, 369620, 369670, 369956, 371898, 391751, 394363, 398099, 411075, 411254, 411256, 411277, 418373, 421751, 422253, 423680, 433766, 476386, 495255, 496823, 496828, 499933, 509741, 511732, 512266, 534232, 540330, 557341, 557346, 563210, 570719, 609264, 638828, 638905]
