10,69,[6291, 16414, 37958, 48627, 56640, 79431, 103487, 103972, 128088, 132922, 132999, 133025, 135533, 135541, 136294, 137908, 139604, 139621, 140374, 205035, 244357, 246052, 257197, 274276, 274726, 327693, 334411, 336267, 368358, 382159, 383424, 385348, 389562, 456876, 457711, 459527, 459547, 461228, 461246, 461359, 461373, 461389, 461404, 461419, 461435, 461450, 461465, 461491, 461539, 461732, 461771, 461898, 461963, 461979, 461995, 462009, 462023, 462161, 468320, 475054, 491958, 494257, 500075, 511482, 539894, 540539, 583188, 583191, 640578]
13,1,[1375]
14,190,[195, 244, 263, 457, 642, 1472, 8452, 8454, 8475, 10691, 11955, 12719, 13225, 13646, 14219, 16216, 16262, 16277, 18168, 18286, 21046, 24038, 26024, 27737, 27941, 31363, 32186, 33298, 34167, 34169, 37441, 39078, 39222, 39250, 39456, 43065, 45534, 45547, 46704, 55075, 55077, 55079, 55793, 55857, 59136, 59191, 63394, 63422, 63469, 63483, 63489, 63519, 63544, 64107, 64605, 64689, 64719, 65096, 65104, 65208, 65495, 65651, 65813, 65834, 65850, 66379, 71090, 71708, 72706, 74920, 78854, 78865, 80795, 81070, 85726, 85803, 85881, 86713, 86747, 86797, 86806, 86850, 86870, 86889, 86993, 87019, 87514, 87523, 92535, 92553, 93167, 93344, 93362, 93380, 93430, 93457, 93485, 93495, 93502, 93738, 93754, 94512, 95149, 96176, 97050, 100102, 101889, 105145, 116593, 117259, 118033, 120251, 121263, 121695, 126184, 129608, 131033, 131590, 132382, 134362, 134572, 134615, 134796, 134822, 135750, 135930, 137143, 137818, 137832, 137845, 138901, 143998, 147124, 151706, 159808, 162716, 163759, 165509, 165560, 165582, 165592, 166705, 168751, 170047, 171887, 174237, 175737, 179640, 179765, 179767, 179769, 179834, 180966, 180978, 181054, 181245, 186359, 186369, 186943, 187661, 187678, 187706, 187753, 187767, 187773, 187804, 187829, 187837, 187901, 187938, 187958, 188047, 188064, 188086, 188154, 188300, 194817, 195470, 196242, 196353, 196907, 196939, 197054, 198600, 199776, 201448, 201862, 201865, 201870, 201877]
15,17,[3018, 3687, 19443, 42940, 55776, 59919, 87699, 110504, 116524, 118151, 131567, 140744, 140748, 141067, 144295, 147910, 155987]
17,42,[19101, 35405, 42070, 77353, 83026, 83060, 83107, 83144, 88633, 88638, 105586, 105607, 105642, 105673, 105681, 105691, 105756, 105884, 105929, 126204, 126323, 126326, 127076, 133865, 133963, 133983, 134783, 136853, 136903, 137012, 137302, 138274, 138798, 148178, 149438, 150989, 151822, 153035, 161409, 167404, 183687, 192681]
18,5,[16537, 16676, 16727, 20937, 38246]
19,17,[2103, 2126, 2140, 3298, 3466, 3488, 3507, 3579, 4670, 4750, 4873, 4958, 5320, 5474, 5635, 27342, 27532]
20,7,[21180, 24871, 36468, 39219, 42730, 53862, 62379]
21,1,[2936]
22,2,[32077, 38098]
23,3,[2578, 15441, 21324]
24,7,[8381, 16836, 21361, 35906, 44490, 44698, 44860]
25,210,[453, 472, 671, 803, 1690, 8660, 8662, 8679, 8875, 10878, 12081, 12793, 13267, 13647, 14180, 16064, 16102, 16115, 17826, 17934, 23392, 25247, 26854, 27071, 30306, 31076, 32131, 32937, 36055, 37615, 37733, 37758, 37933, 41324, 43724, 43737, 44883, 53492, 53539, 56799, 56850, 60910, 60938, 60985, 60999, 61005, 61035, 61060, 61845, 61871, 62009, 62083, 62132, 62517, 62618, 62621, 62625, 62642, 62670, 62706, 62722, 62750, 62758, 62768, 62800, 62872, 62904, 62942, 62983, 63090, 63122, 63392, 67801, 68368, 69259, 71145, 71321, 75284, 75294, 77115, 77375, 82120, 82182, 82250, 83040, 83073, 83123, 83132, 83172, 83189, 83208, 83306, 83330, 83820, 83829, 88660, 88677, 89212, 89392, 89409, 89427, 89477, 89500, 89524, 89533, 89540, 89755, 89771, 90553, 91162, 92127, 92955, 96080, 97730, 97956, 97968, 100900, 111640, 112260, 112948, 115169, 116186, 120893, 124129, 125394, 125913, 126671, 128611, 128807, 128847, 129018, 129043, 129996, 130149, 131314, 131970, 131986, 131998, 132970, 138040, 141089, 141886, 145367, 152908, 155927, 156935, 158663, 158702, 158723, 158733, 159747, 161815, 163098, 165050, 167250, 168636, 172234, 172359, 172361, 172363, 172428, 173558, 173569, 173642, 173827, 176721, 178726, 178736, 179258, 179946, 179974, 180021, 180035, 180041, 180072, 180097, 180103, 180160, 180193, 180211, 180286, 180303, 180323, 180404, 180580, 181799, 182390, 182441, 186631, 187251, 188066, 188172, 188712, 188750, 188928, 189502, 190525, 191112, 191283, 192288, 196810, 196936, 200939, 201807, 202121, 203809, 204223, 204226, 204232, 204239]
26,7,[21922, 25653, 37375, 40161, 43674, 55005, 63716]
27,11,[3598, 18008, 27283, 30708, 49025, 53917, 63391, 67372, 67478, 83252, 87132]
29,2,[11688, 11810]
30,69,[6197, 16320, 37860, 48529, 56541, 79324, 103380, 103865, 127977, 132810, 132887, 132913, 135421, 135429, 136182, 137796, 139492, 139509, 140262, 204893, 244204, 245899, 257041, 274120, 274570, 327534, 334252, 336108, 368195, 381996, 383261, 385185, 389399, 456706, 457541, 459357, 459377, 461058, 461076, 461189, 461203, 461219, 461234, 461249, 461265, 461280, 461295, 461321, 461369, 461562, 461601, 461728, 461793, 461809, 461825, 461839, 461853, 461991, 468149, 474884, 491798, 494097, 499906, 511313, 539719, 540364, 583008, 583011, 640303]
10,69,[6291, 16414, 37958, 48627, 56640, 79431, 103487, 103972, 128088, 132922, 132999, 133025, 135533, 135541, 136294, 137908, 139604, 139621, 140374, 205035, 244357, 246052, 257197, 274276, 274726, 327693, 334411, 336267, 368358, 382159, 383424, 385348, 389562, 456876, 457711, 459527, 459547, 461228, 461246, 461359, 461373, 461389, 461404, 461419, 461435, 461450, 461465, 461491, 461539, 461732, 461771, 461898, 461963, 461979, 461995, 462009, 462023, 462161, 468320, 475054, 491958, 494257, 500075, 511482, 539894, 540539, 583188, 583191, 640578]
13,1,[1375]
14,190,[195, 244, 263, 457, 642, 1472, 8452, 8454, 8475, 10691, 11955, 12719, 13225, 13646, 14219, 16216, 16262, 16277, 18168, 18286, 21046, 24038, 26024, 27737, 27941, 31363, 32186, 33298, 34167, 34169, 37441, 39078, 39222, 39250, 39456, 43065, 45534, 45547, 46704, 55075, 55077, 55079, 55793, 55857, 59136, 59191, 63394, 63422, 63469, 63483, 63489, 63519, 63544, 64107, 64605, 64689, 64719, 65096, 65104, 65208, 65495, 65651, 65813, 65834, 65850, 66379, 71090, 71708, 72706, 74920, 78854, 78865, 80795, 81070, 85726, 85803, 85881, 86713, 86747, 86797, 86806, 86850, 86870, 86889, 86993, 87019, 87514, 87523, 92535, 92553, 93167, 93344, 93362, 93380, 93430, 93457, 93485, 93495, 93502, 93738, 93754, 94512, 95149, 96176, 97050, 100102, 101889, 105145, 116593, 117259, 118033, 120251, 121263, 121695, 126184, 129608, 131033, 131590, 132382, 134362, 134572, 134615, 134796, 134822, 135750, 135930, 137143, 137818, 137832, 137845, 138901, 143998, 147124, 151706, 159808, 162716, 163759, 165509, 165560, 165582, 165592, 166705, 168751, 170047, 171887, 174237, 175737, 179640, 179765, 179767, 179769, 179834, 180966, 180978, 181054, 181245, 186359, 186369, 186943, 187661, 187678, 187706, 187753, 187767, 187773, 187804, 187829, 187837, 187901, 187938, 187958, 188047, 188064, 188086, 188154, 188300, 194817, 195470, 196242, 196353, 196907, 196939, 197054, 198600, 199776, 201448, 201862, 201865, 201870, 201877]
15,17,[3018, 3687, 19443, 42940, 55776, 59919, 87699, 110504, 116524, 118151, 131567, 140744, 140748, 141067, 144295, 147910, 155987]
17,42,[19101, 35405, 42070, 77353, 83026, 83060, 83107, 83144, 88633, 88638, 105586, 105607, 105642, 105673, 105681, 105691, 105756, 105884, 105929, 126204, 126323, 126326, 127076, 133865, 133963, 133983, 134783, 136853, 136903, 137012, 137302, 138274, 138798, 148178, 149438, 150989, 151822, 153035, 161409, 167404, 183687, 192681]
18,5,[16537, 16676, 16727, 20937, 38246]
19,17,[2103, 2126, 2140, 3298, 3466, 3488, 3507, 3579, 4670, 4750, 4873, 4958, 5320, 5474, 5635, 27342, 27532]
20,7,[21180, 24871, 36468, 39219, 42730, 53862, 62379]
21,1,[2936]
22,2,[32077, 38098]
23,3,[2578, 15441, 21324]
24,7,[8381, 16836, 21361, 35906, 44490, 44698, 44860]
25,210,[453, 472, 671, 803, 1690, 8660, 8662, 8679, 8875, 10878, 12081, 12793, 13267, 13647, 14180, 16064, 16102, 16115, 17826, 17934, 23392, 25247, 26854, 27071, 30306, 31076, 32131, 32937, 36055, 37615, 37733, 37758, 37933, 41324, 43724, 43737, 44883, 53492, 53539, 56799, 56850, 60910, 60938, 60985, 60999, 61005, 61035, 61060, 61845, 61871, 62009, 62083, 62132, 62517, 62618, 62621, 62625, 62642, 62670, 62706, 62722, 62750, 62758, 62768, 62800, 62872, 62904, 62942, 62983, 63090, 63122, 63392, 67801, 68368, 69259, 71145, 71321, 75284, 75294, 77115, 77375, 82120, 82182, 82250, 83040, 83073, 83123, 83132, 83172, 83189, 83208, 83306, 83330, 83820, 83829, 88660, 88677, 89212, 89392, 89409, 89427, 89477, 89500, 89524, 89533, 89540, 89755, 89771, 90553, 91162, 92127, 92955, 96080, 97730, 97956, 97968, 100900, 111640, 112260, 112948, 115169, 116186, 120893, 124129, 125394, 125913, 126671, 128611, 128807, 128847, 129018, 129043, 129996, 130149, 131314, 131970, 131986, 131998, 132970, 138040, 141089, 141886, 145367, 152908, 155927, 156935, 158663, 158702, 158723, 158733, 159747, 161815, 163098, 165050, 167250, 168636, 172234, 172359, 172361, 172363, 172428, 173558, 173569, 173642, 173827, 176721, 178726, 178736, 179258, 179946, 179974, 180021, 180035, 180041, 180072, 180097, 180103, 180160, 180193, 180211, 180286, 180303, 180323, 180404, 180580, 181799, 182390, 182441, 186631, 187251, 188066, 188172, 188712, 188750, 188928, 189502, 190525, 191112, 191283, 192288, 196810, 196936, 200939, 201807, 202121, 203809, 204223, 204226, 204232, 204239]
26,7,[21922, 25653, 37375, 40161, 43674, 55005, 63716]
27,11,[3598, 18008, 27283, 30708, 49025, 53917, 63391, 67372, 67478, 83252, 87132]
29,2,[11688, 11810]
30,69,[6197, 16320, 37860, 48529, 56541, 79324, 103380, 103865, 127977, 132810, 132887, 132913, 135421, 135429, 136182, 137796, 139492, 139509, 140262, 204893, 244204, 245899, 257041, 274120, 274570, 327534, 334252, 336108, 368195, 381996, 383261, 385185, 389399, 456706, 457541, 459357, 459377, 461058, 461076, 461189, 461203, 461219, 461234, 461249, 461265, 461280, 461295, 461321, 461369, 461562, 461601, 461728, 461793, 461809, 461825, 461839, 461853, 461991, 468149, 474884, 491798, 494097, 499906, 511313, 539719, 540364, 583008, 583011, 640303]
