10,1,[711]
14,6,[10190, 10198, 12296, 12319, 82144, 134150]
15,270,[215, 220, 222, 702, 923, 1036, 1060, 1104, 1121, 1313, 1462, 1544, 1578, 1674, 1750, 1761, 1872, 1911, 2181, 2262, 2315, 2416, 2741, 3099, 3115, 3215, 5220, 6599, 12329, 13050, 20329, 22164, 26749, 27030, 30085, 34536, 35744, 36528, 36551, 36679, 37457, 37552, 37681, 37909, 41310, 41560, 41654, 41719, 41908, 41916, 42068, 42113, 42155, 42460, 42486, 42503, 42611, 43304, 43310, 43324, 43327, 43330, 43332, 43335, 43338, 43351, 43365, 43431, 43493, 43607, 43709, 43850, 43867, 43877, 43939, 44040, 44143, 44578, 44688, 44724, 44743, 45149, 45165, 45199, 45270, 49649, 49789, 49844, 51191, 53295, 53314, 53783, 55722, 55975, 57230, 60883, 61253, 61270, 61389, 61462, 61536, 62495, 62752, 62899, 63014, 63143, 63634, 63639, 64073, 65363, 66648, 66688, 68164, 68666, 68840, 69520, 69535, 70493, 71004, 71813, 74075, 79628, 80157, 81363, 81747, 81913, 81940, 81963, 82255, 82348, 82367, 82535, 82859, 82871, 82951, 82963, 83071, 83827, 83901, 83942, 83995, 83998, 84060, 84306, 84307, 84346, 84369, 84386, 84485, 84575, 84732, 85351, 86114, 86725, 90197, 92583, 92596, 92648, 94544, 94936, 99643, 101223, 101315, 101349, 102033, 102047, 102562, 107912, 107978, 108317, 110432, 110832, 110882, 110936, 111093, 111456, 112851, 113387, 114759, 116038, 116505, 117076, 117210, 117442, 117590, 117878, 117902, 118002, 118199, 118218, 118448, 118580, 118588, 118602, 118663, 118807, 118833, 118894, 118936, 119102, 119206, 119264, 119609, 119695, 119724, 119964, 120006, 120045, 120175, 120200, 120267, 120340, 120347, 120385, 120752, 120857, 121020, 121140, 121204, 121236, 122528, 123395, 123571, 123614, 123643, 124244, 124266, 124344, 124856, 124988, 125703, 125730, 125996, 126896, 127235, 131111, 133953, 135234, 136770, 137933, 137992, 139214, 139280, 139365, 139410, 139926, 139977, 140121, 140144, 140164, 140213, 140230, 140270, 140290, 140310, 140333, 140573, 140846, 140894, 140986, 141026, 141057, 141202, 142351, 149012, 150362, 150478, 150765, 159520, 167523]
20,1,[36576]
21,4,[421, 12472, 12479, 34831]
25,6,[10400, 10407, 12388, 12410, 78453, 128402]
26,1,[37485]
30,1,[618]
10,1,[711]
14,6,[10190, 10198, 12296, 12319, 82144, 134150]
15,270,[215, 220, 222, 702, 923, 1036, 1060, 1104, 1121, 1313, 1462, 1544, 1578, 1674, 1750, 1761, 1872, 1911, 2181, 2262, 2315, 2416, 2741, 3099, 3115, 3215, 5220, 6599, 12329, 13050, 20329, 22164, 26749, 27030, 30085, 34536, 35744, 36528, 36551, 36679, 37457, 37552, 37681, 37909, 41310, 41560, 41654, 41719, 41908, 41916, 42068, 42113, 42155, 42460, 42486, 42503, 42611, 43304, 43310, 43324, 43327, 43330, 43332, 43335, 43338, 43351, 43365, 43431, 43493, 43607, 43709, 43850, 43867, 43877, 43939, 44040, 44143, 44578, 44688, 44724, 44743, 45149, 45165, 45199, 45270, 49649, 49789, 49844, 51191, 53295, 53314, 53783, 55722, 55975, 57230, 60883, 61253, 61270, 61389, 61462, 61536, 62495, 62752, 62899, 63014, 63143, 63634, 63639, 64073, 65363, 66648, 66688, 68164, 68666, 68840, 69520, 69535, 70493, 71004, 71813, 74075, 79628, 80157, 81363, 81747, 81913, 81940, 81963, 82255, 82348, 82367, 82535, 82859, 82871, 82951, 82963, 83071, 83827, 83901, 83942, 83995, 83998, 84060, 84306, 84307, 84346, 84369, 84386, 84485, 84575, 84732, 85351, 86114, 86725, 90197, 92583, 92596, 92648, 94544, 94936, 99643, 101223, 101315, 101349, 102033, 102047, 102562, 107912, 107978, 108317, 110432, 110832, 110882, 110936, 111093, 111456, 112851, 113387, 114759, 116038, 116505, 117076, 117210, 117442, 117590, 117878, 117902, 118002, 118199, 118218, 118448, 118580, 118588, 118602, 118663, 118807, 118833, 118894, 118936, 119102, 119206, 119264, 119609, 119695, 119724, 119964, 120006, 120045, 120175, 120200, 120267, 120340, 120347, 120385, 120752, 120857, 121020, 121140, 121204, 121236, 122528, 123395, 123571, 123614, 123643, 124244, 124266, 124344, 124856, 124988, 125703, 125730, 125996, 126896, 127235, 131111, 133953, 135234, 136770, 137933, 137992, 139214, 139280, 139365, 139410, 139926, 139977, 140121, 140144, 140164, 140213, 140230, 140270, 140290, 140310, 140333, 140573, 140846, 140894, 140986, 141026, 141057, 141202, 142351, 149012, 150362, 150478, 150765, 159520, 167523]
20,1,[36576]
21,4,[421, 12472, 12479, 34831]
25,6,[10400, 10407, 12388, 12410, 78453, 128402]
26,1,[37485]
30,1,[618]
