10,15,[205242, 205258, 330185, 352315, 360972, 374845, 374876, 430396, 430434, 430437, 434641, 434646, 434668, 434673, 434738]
14,2,[81447, 128492]
15,6,[2726, 23777, 30493, 87268, 109178, 142942]
16,1,[32863]
20,2,[21173, 63255]
22,49,[19776, 21045, 21547, 29938, 29940, 29942, 33035, 33045, 33047, 33462, 36447, 36454, 36494, 36622, 38403, 38426, 38944, 42299, 42465, 42478, 42480, 42482, 42484, 42486, 42507, 42508, 42533, 49715, 85548, 86300, 86305, 86310, 87171, 91600, 91615, 91632, 92081, 99545, 100452, 102832, 106302, 107097, 107100, 107104, 130521, 148270, 158189, 158534, 161597]
23,1,[16342]
24,3,[4821, 12113, 35312]
25,2,[77761, 123044]
26,7,[16832, 21915, 31279, 33946, 33948, 39986, 64618]
27,5,[35362, 35468, 43991, 76007, 95626]
28,1,[9210]
30,15,[205100, 205116, 330026, 352156, 360812, 374682, 374713, 430226, 430264, 430267, 434471, 434476, 434498, 434503, 434568]
10,15,[205242, 205258, 330185, 352315, 360972, 374845, 374876, 430396, 430434, 430437, 434641, 434646, 434668, 434673, 434738]
14,2,[81447, 128492]
15,6,[2726, 23777, 30493, 87268, 109178, 142942]
16,1,[32863]
20,2,[21173, 63255]
22,49,[19776, 21045, 21547, 29938, 29940, 29942, 33035, 33045, 33047, 33462, 36447, 36454, 36494, 36622, 38403, 38426, 38944, 42299, 42465, 42478, 42480, 42482, 42484, 42486, 42507, 42508, 42533, 49715, 85548, 86300, 86305, 86310, 87171, 91600, 91615, 91632, 92081, 99545, 100452, 102832, 106302, 107097, 107100, 107104, 130521, 148270, 158189, 158534, 161597]
23,1,[16342]
24,3,[4821, 12113, 35312]
25,2,[77761, 123044]
26,7,[16832, 21915, 31279, 33946, 33948, 39986, 64618]
27,5,[35362, 35468, 43991, 76007, 95626]
28,1,[9210]
30,15,[205100, 205116, 330026, 352156, 360812, 374682, 374713, 430226, 430264, 430267, 434471, 434476, 434498, 434503, 434568]
