6,4,[20, 186, 753, 760]
8,1,[563]
9,10,[117, 151, 387, 793, 1244, 1270, 1623, 2145, 2583, 2607]
10,968,[1771, 6271, 7159, 10823, 11239, 12667, 12903, 15445, 15750, 15767, 17332, 20068, 21097, 21591, 21941, 21955, 22178, 26456, 27144, 30351, 30479, 30866, 31096, 31103, 32565, 33062, 33690, 33695, 34063, 34168, 34541, 34871, 37665, 39104, 39415, 41168, 41176, 43001, 43015, 44620, 52764, 60954, 65779, 77551, 83292, 83436, 85674, 86936, 87268, 87872, 89397, 90538, 90542, 94479, 95846, 96437, 96745, 96913, 97320, 97963, 98267, 98750, 101236, 105670, 106519, 107630, 108639, 108759, 109249, 111058, 111079, 111088, 111245, 118667, 125457, 125476, 127725, 128131, 128194, 128207, 133847, 135673, 136138, 136751, 138045, 139134, 139142, 141147, 144158, 145122, 145738, 145955, 148252, 148409, 148563, 150149, 150839, 150842, 151100, 152937, 154610, 156028, 156059, 156090, 156284, 156319, 157004, 157087, 159236, 160339, 160816, 161089, 161280, 163044, 164048, 165382, 167411, 167545, 168098, 169846, 170584, 171975, 172689, 172739, 173962, 175087, 176633, 177371, 178345, 178348, 179421, 179511, 179652, 179669, 181935, 181949, 182599, 182942, 182949, 184827, 184956, 184982, 186079, 186549, 188043, 188577, 189393, 192691, 197274, 197650, 197656, 197950, 198417, 199826, 199992, 201229, 201470, 202096, 206250, 206266, 207045, 207729, 209923, 210101, 210351, 211445, 211875, 211879, 212054, 212114, 212118, 214077, 216227, 216697, 217824, 218731, 219463, 221522, 224645, 225138, 226305, 226317, 226319, 226710, 226796, 227230, 228746, 228874, 229818, 230150, 230358, 230493, 230595, 232298, 233318, 236614, 236681, 239289, 239464, 240646, 241130, 241168, 242002, 243183, 243307, 243571, 243584, 243592, 243907, 244209, 244484, 244528, 245214, 245271, 245502, 246111, 248472, 248869, 249688, 250648, 251183, 252434, 252519, 252581, 252721, 253711, 255118, 255331, 255989, 256337, 256351, 256511, 258086, 259951, 261011, 264349, 264858, 265371, 265678, 266407, 266427, 267230, 269580, 269652, 270495, 272298, 273561, 273821, 274295, 275758, 276634, 277071, 277178, 277382, 277461, 278926, 279691, 279838, 279921, 283745, 284386, 286432, 286474, 286852, 288442, 289020, 289047, 289215, 292070, 292917, 293235, 293438, 294209, 294301, 294817, 294856, 295294, 295428, 297922, 298023, 298182, 298245, 298560, 299752, 299847, 299851, 299934, 300001, 300550, 300729, 300739, 300818, 301200, 301360, 302194, 302397, 302547, 303941, 303949, 304546, 304989, 305239, 305251, 305259, 306223, 307796, 307872, 307880, 308098, 308108, 308341, 308346, 308696, 308700, 308706, 309145, 309179, 309187, 309199, 309219, 309446, 309489, 309506, 309585, 309592, 309598, 309604, 309647, 309732, 309740, 310484, 310489, 310514, 310521, 310529, 310747, 310781, 311590, 311878, 312202, 313072, 313085, 313298, 313357, 313362, 313518, 313721, 313860, 314250, 314255, 314697, 315638, 315646, 315659, 315711, 315739, 318104, 318679, 318686, 319519, 320297, 320394, 322539, 323632, 323913, 323920, 324399, 324441, 324596, 325407, 326532, 326538, 326908, 327073, 327848, 328077, 328274, 330172, 330335, 331245, 331253, 331283, 332032, 332831, 332838, 334297, 334302, 334307, 334313, 334321, 334565, 334572, 334579, 334587, 334593, 334600, 334609, 335240, 335593, 335601, 336906, 336913, 336922, 337823, 337830, 337833, 338806, 339188, 341015, 341028, 341071, 341099, 341564, 342085, 342094, 342111, 342291, 342522, 342545, 342649, 342659, 343183, 343793, 343900, 344502, 344508, 344514, 344616, 345595, 345604, 348134, 351445, 352061, 352089, 352297, 352665, 353486, 353489, 353492, 353495, 353498, 353503, 353879, 354626, 354802, 355921, 355927, 355934, 355940, 356017, 356502, 357449, 357590, 357593, 357966, 358003, 358073, 358253, 358934, 358952, 359147, 359335, 359444, 359449, 359500, 359546, 359613, 360477, 360686, 360991, 361722, 362548, 362869, 362905, 363345, 365672, 369146, 369593, 369602, 372485, 373063, 374000, 375280, 375283, 375425, 377158, 377166, 378524, 378626, 380421, 380453, 380471, 380701, 380852, 380901, 381410, 381880, 381888, 381956, 381963, 381972, 382226, 382325, 382727, 382813, 383796, 383803, 385541, 385557, 385903, 385910, 385923, 385938, 386307, 386495, 386955, 387113, 389824, 390806, 391833, 392275, 392280, 393053, 393676, 398323, 398332, 398820, 401559, 401566, 401570, 402777, 403436, 404174, 404570, 405006, 405011, 406202, 406216, 408455, 408538, 410981, 416010, 421113, 422912, 423255, 423264, 423267, 423273, 424856, 424865, 424868, 424874, 427117, 428384, 429029, 434614, 462442, 463189, 464346, 464691, 467411, 472591, 473633, 475818, 476535, 476588, 477535, 478412, 478421, 478465, 479066, 481000, 482250, 483225, 483233, 483248, 484117, 484443, 484992, 485170, 485177, 485849, 486612, 488616, 489104, 490728, 490787, 494969, 495596, 495604, 496380, 497212, 501272, 501311, 501406, 503376, 503379, 503538, 504257, 504305, 506869, 508027, 508951, 509228, 511799, 512092, 512763, 513897, 515012, 515837, 515926, 516436, 517431, 517737, 518233, 518754, 518772, 522108, 522863, 523940, 525541, 526990, 527204, 527534, 527715, 528726, 530385, 531680, 532143, 532346, 532351, 533696, 534454, 534643, 535625, 535649, 535991, 536422, 537441, 537448, 537590, 539138, 539635, 542132, 542149, 542190, 543614, 543663, 543912, 544784, 547221, 547428, 547616, 548167, 549388, 549424, 549500, 551133, 552113, 553754, 553818, 553825, 554207, 554654, 555124, 555701, 556002, 556035, 556290, 558561, 558642, 559047, 559242, 559254, 561902, 564112, 564914, 565859, 566792, 567029, 567784, 568729, 568871, 568961, 569129, 569226, 569639, 569863, 569968, 570192, 571587, 571695, 571754, 572107, 572161, 572286, 573138, 573170, 573628, 573846, 574185, 574194, 574338, 574399, 574932, 575128, 575310, 575831, 576364, 577391, 577706, 579026, 579652, 579695, 579771, 580004, 580885, 581178, 581247, 581332, 581559, 582589, 583953, 584001, 584176, 584766, 584886, 584903, 585022, 585149, 585158, 585497, 585615, 585782, 586154, 586161, 586251, 586268, 586281, 586386, 586616, 587248, 587557, 587597, 587659, 587930, 588086, 588139, 588163, 588175, 588186, 588192, 588197, 588315, 588351, 588584, 588592, 588935, 588946, 589130, 589300, 589834, 589841, 589846, 590473, 590503, 590811, 591476, 591509, 591517, 591529, 591535, 591580, 591749, 591956, 592335, 592638, 592721, 592725, 593064, 593121, 593306, 593313, 593682, 595043, 595051, 595060, 595656, 597319, 599131, 599243, 599420, 599464, 599523, 599770, 599866, 600158, 600184, 600482, 600705, 600763, 601542, 601687, 602082, 602843, 602848, 603577, 603608, 603792, 603957, 603972, 604007, 604021, 604069, 604208, 604319, 604341, 605124, 605358, 605762, 605804, 605942, 606069, 606085, 606209, 606292, 606353, 606452, 606494, 606508, 606741, 606781, 607008, 607239, 607500, 608788, 609009, 609497, 609516, 610017, 610023, 610108, 610134, 610190, 610300, 610602, 610829, 611233, 611267, 611305, 611323, 611837, 611905, 612351, 612656, 612686, 612851, 613002, 613038, 613187, 613239, 613329, 613469, 613916, 613927, 614114, 614142, 614667, 615032, 615394, 615402, 615429, 615441, 615485, 615694, 615732, 615907, 615935, 616113, 616276, 616546, 617061, 617343, 617949, 617982, 618077, 618208, 618384, 618443, 618522, 618603, 618628, 619197, 619276, 619406, 619463, 619615, 619698, 619754, 619836, 619907, 620015, 620166, 620179, 620228, 620245, 620305, 620807, 621531, 621702, 621936, 622218, 622309, 622487, 622739, 622919, 623101, 624463, 624749, 624754, 624889, 625002, 625311, 625407, 625537, 625586, 625603, 625847, 626063, 626072, 626090, 626212, 626364, 626538, 626640, 626923, 627076, 627552, 627861, 627927, 629032, 629383, 629939, 630015, 630474, 630708, 630903, 631252, 631262, 631394, 631468, 631565, 631862, 632161, 632185, 632285, 633263, 633352, 634127, 635494, 636256, 636687, 636692, 637312, 637653, 637740, 638909, 638917]
11,64,[62, 1242, 1823, 2199, 2466, 3144, 3469, 3510, 3598, 3971, 4024, 4548, 4912, 5693, 5886, 5892, 6281, 6820, 6843, 6970, 7003, 8050, 8167, 9307, 9878, 10813, 11624, 11728, 11907, 12422, 12558, 12794, 12801, 12848, 12857, 13047, 13071, 13186, 13831, 13913, 14156, 14777, 14806, 15165, 15504, 15712, 16425, 17689, 17723, 17731, 17842, 18175, 18447, 18522, 18549, 18659, 19094, 19168, 19205, 19617, 19746, 19899, 20537, 20597]
12,34,[206, 1176, 2030, 2063, 3446, 5127, 5793, 6121, 6348, 7063, 8754, 9101, 9436, 10872, 13806, 14697, 14985, 15066, 15214, 17602, 18719, 18927, 18971, 19254, 19260, 19276, 19765, 20493, 20920, 21321, 21733, 21800, 22338, 23247]
13,8,[85, 249, 730, 834, 1010, 1512, 3753, 3860]
14,181,[2218, 2242, 3364, 4316, 5259, 6586, 7483, 9570, 10919, 13107, 14129, 14950, 15681, 16794, 17603, 18640, 19506, 20310, 21020, 21733, 22575, 22755, 23505, 24614, 27288, 28321, 29106, 29985, 30835, 31711, 32568, 33523, 35014, 35876, 36849, 37981, 40085, 40897, 41812, 43503, 44371, 45584, 46614, 47631, 48474, 49165, 50060, 51076, 52173, 53485, 54333, 55317, 56314, 57555, 57677, 58534, 59727, 62259, 63053, 64513, 65567, 66516, 68247, 69823, 72164, 73464, 74310, 75227, 76136, 77146, 79362, 80328, 81388, 82720, 82894, 84001, 85115, 86281, 87562, 88732, 89747, 90583, 91745, 92477, 93847, 94860, 95819, 96535, 96563, 97512, 98292, 98371, 99122, 100432, 101419, 102238, 104669, 106228, 107081, 108253, 109166, 109987, 110688, 113493, 114422, 115899, 117660, 117793, 118402, 119711, 120518, 121342, 122936, 123879, 126413, 127456, 128435, 129312, 130657, 132044, 132929, 135083, 136382, 137294, 138292, 139408, 140621, 141075, 142283, 143058, 143406, 145014, 146573, 147450, 149373, 150620, 151331, 151998, 152849, 153822, 154622, 155363, 156096, 156899, 157676, 157769, 158746, 158755, 160477, 161972, 163229, 164135, 165042, 166267, 167138, 168176, 169223, 170256, 171288, 172301, 173475, 174209, 175150, 176131, 178103, 179000, 180173, 181596, 182611, 183389, 184700, 185715, 189260, 190482, 191331, 192287, 193428, 194233, 194970, 196698, 197578]
15,363,[884, 1141, 2370, 4051, 4167, 4233, 4431, 4690, 6813, 6959, 8131, 8514, 8699, 9493, 9763, 10175, 10369, 10402, 10831, 12013, 12143, 12183, 12702, 13236, 13370, 13414, 13441, 13503, 13512, 13598, 13650, 13696, 13745, 13758, 13839, 13939, 15623, 15639, 16111, 16144, 16177, 16561, 16605, 16932, 17347, 17360, 17376, 17393, 17401, 17413, 17487, 17525, 17552, 17594, 17904, 19505, 20081, 20337, 20583, 20946, 20972, 22622, 23245, 23559, 23804, 23970, 23977, 24308, 24335, 24815, 24950, 25018, 25147, 25174, 25599, 26584, 26700, 27116, 27477, 28447, 29010, 29730, 29838, 30046, 30286, 30348, 30552, 30758, 31067, 31609, 31631, 31934, 32240, 32736, 32762, 33226, 33293, 34222, 34239, 34467, 34752, 35022, 35258, 35483, 35490, 35495, 35502, 35510, 35529, 35535, 35755, 35853, 35908, 35957, 35969, 36398, 36971, 36984, 37001, 37009, 37016, 37024, 37410, 37458, 37658, 37725, 37764, 37876, 38110, 39010, 40321, 41574, 44701, 45188, 46012, 46092, 46204, 46574, 46613, 47019, 47739, 47831, 48260, 48294, 48331, 48354, 48375, 48587, 49635, 50935, 50978, 51439, 52250, 52805, 53210, 53551, 54172, 54376, 54588, 54757, 54810, 55148, 55212, 55255, 55533, 55549, 56010, 57535, 58182, 59356, 59852, 59920, 60474, 61046, 62094, 62650, 63064, 63189, 63381, 63755, 64370, 64438, 64653, 66876, 67184, 68049, 69060, 69465, 70438, 70507, 70619, 70625, 70856, 72224, 73417, 75073, 75874, 76821, 76953, 77304, 77906, 78292, 78482, 78532, 79081, 79088, 79149, 79154, 79350, 79728, 80026, 80296, 81083, 81212, 81930, 82306, 83415, 83706, 84735, 84777, 84935, 85119, 85308, 85321, 86256, 88506, 89266, 89481, 89665, 90583, 91386, 92628, 93044, 93083, 95620, 97251, 97704, 98279, 98448, 98913, 99322, 100636, 100853, 100860, 102431, 103565, 103907, 105228, 106131, 106859, 107042, 108140, 108483, 108995, 109694, 110490, 110549, 111215, 111667, 111952, 112053, 112118, 112417, 113113, 113689, 114639, 114968, 116321, 117519, 118095, 119387, 119390, 120192, 120472, 120753, 121081, 121471, 121602, 122104, 122883, 123517, 124053, 124141, 124182, 124465, 124528, 124677, 125500, 127121, 128181, 128578, 130009, 130086, 130141, 131924, 133339, 133508, 133728, 134941, 135609, 137557, 138917, 139271, 139736, 140029, 141250, 141897, 143045, 143346, 143479, 144392, 144509, 145146, 145400, 145566, 145594, 146104, 146169, 146668, 147415, 147809, 149941, 150453, 150611, 150875, 150956, 152510, 152888, 155145, 155570, 156259, 156644, 156995, 157063, 157371, 157393, 157426, 158528, 159402, 159856, 159911, 160776, 161942, 162026, 162112, 162283, 162632, 163904, 163988, 164001, 165015, 165044, 169057, 169088, 169915, 170160, 170859, 171291, 172057, 172211, 172388, 172821, 173686]
16,145,[309, 333, 402, 619, 639, 835, 1185, 1464, 1581, 1811, 1836, 2367, 2465, 2644, 3019, 3100, 3895, 4049, 4507, 4868, 5642, 6024, 6630, 6637, 6966, 6971, 7040, 7329, 8380, 8759, 8923, 9144, 9529, 9715, 9835, 10594, 10688, 10903, 10949, 11005, 11024, 11149, 11198, 11247, 11720, 11961, 12133, 12421, 12583, 13034, 13883, 14094, 14214, 14530, 15045, 15191, 15200, 15857, 16515, 16565, 17513, 18073, 18588, 19190, 19239, 19522, 19650, 21047, 21251, 21665, 22235, 22600, 22773, 23047, 23323, 23333, 23348, 23483, 23676, 23764, 23906, 24015, 24109, 24784, 24914, 24931, 25433, 25453, 26100, 26104, 26108, 26113, 26160, 26365, 27521, 27532, 27650, 27679, 27695, 27950, 27956, 28073, 28083, 28545, 28699, 28712, 28992, 29017, 29388, 29824, 30348, 31042, 31420, 31674, 31695, 31822, 31883, 31937, 32221, 32258, 32288, 32615, 32630, 32737, 32830, 33793, 34059, 34078, 34317, 34416, 34781, 34850, 34881, 35061, 35102, 35679, 35735, 36172, 36219, 36535, 36654, 36875, 36950, 37139, 37875]
17,1206,[29, 108, 263, 1222, 1682, 1896, 1923, 1926, 2435, 3574, 3652, 3698, 4338, 4413, 4418, 4424, 4460, 4520, 4736, 6051, 6189, 6859, 6955, 6999, 7225, 7253, 8047, 8198, 8202, 8638, 8703, 8724, 8827, 8978, 9372, 9407, 9518, 10030, 10361, 10492, 10831, 10872, 11164, 11176, 11265, 11407, 11589, 12366, 14047, 14057, 14930, 15009, 15132, 15304, 15309, 15476, 15572, 15651, 17338, 17597, 17667, 17679, 17786, 17896, 17991, 18146, 18153, 18205, 18223, 18258, 18534, 18639, 18643, 18798, 19117, 19323, 19339, 19643, 19651, 19710, 19808, 19981, 20115, 20170, 20317, 20371, 20416, 20458, 20468, 20479, 20498, 20506, 20516, 20525, 20933, 21653, 21665, 21859, 22217, 22272, 22731, 22734, 22934, 23266, 23368, 23923, 23990, 24085, 24151, 24297, 25123, 25177, 25214, 25220, 25225, 25291, 25414, 25433, 26281, 26342, 26532, 26928, 26935, 26959, 26975, 27269, 27332, 27340, 27347, 27512, 27615, 27982, 28031, 28036, 28064, 28349, 28357, 28365, 28436, 28444, 28560, 28694, 28730, 28836, 28927, 28935, 28962, 29142, 29287, 29706, 29782, 29901, 29938, 30045, 30054, 30133, 30243, 30294, 30969, 31437, 32312, 32710, 36234, 36686, 36695, 37381, 37626, 37672, 37887, 38315, 38654, 38784, 38793, 38872, 38889, 38923, 39473, 39481, 39764, 40384, 40387, 40573, 41055, 41095, 41102, 41434, 41510, 41897, 42253, 42369, 43522, 44350, 44458, 44886, 45291, 45303, 45697, 46182, 49211, 50572, 50583, 50984, 51208, 51616, 52887, 53745, 53857, 54318, 54367, 54381, 54449, 55084, 55184, 55415, 55623, 55936, 56062, 56071, 56093, 56101, 56681, 56729, 56762, 56938, 57214, 57522, 57739, 57741, 57959, 57965, 57975, 57982, 58642, 58650, 58699, 58850, 58874, 58876, 59175, 59179, 59419, 59464, 59533, 59547, 59562, 60273, 60381, 60388, 60415, 60439, 60678, 60839, 60917, 60922, 60937, 61095, 61322, 61335, 61418, 61442, 61648, 61762, 61928, 62183, 62310, 62327, 62410, 62422, 65042, 65050, 65480, 66109, 66990, 67067, 67225, 67607, 67635, 67656, 67670, 67778, 67782, 67788, 67835, 67877, 67884, 67962, 67965, 68016, 68027, 68037, 68638, 68744, 69291, 69968, 70282, 70732, 71817, 72648, 72993, 73137, 74486, 74648, 74671, 74728, 75506, 75515, 75521, 75645, 75686, 75744, 75770, 75778, 75821, 75848, 76334, 76350, 76385, 76467, 76571, 76630, 77098, 77120, 77234, 77616, 78223, 78268, 78309, 78381, 78421, 78806, 78885, 78942, 78978, 79101, 79177, 79325, 79528, 79548, 79820, 80385, 80439, 80600, 80684, 80699, 80837, 81003, 81009, 81053, 81108, 81197, 81312, 81507, 81821, 81874, 81889, 81897, 81947, 82046, 82093, 82232, 82241, 82248, 82616, 82691, 83035, 83212, 83223, 83304, 83439, 83447, 83594, 83615, 84189, 84459, 84486, 84525, 84565, 84570, 84575, 84597, 84622, 84708, 85393, 85616, 85813, 85859, 86149, 86485, 86762, 86831, 87045, 87069, 87143, 87180, 87270, 87334, 87390, 87833, 88012, 88019, 88304, 88436, 88749, 88821, 88978, 89552, 89568, 89649, 90050, 90131, 90338, 90512, 90755, 90765, 90770, 90779, 90801, 90806, 90812, 90816, 90821, 90839, 90979, 91062, 91182, 91210, 91268, 91272, 91275, 91419, 91539, 91886, 91892, 91907, 92041, 92285, 92512, 92718, 93783, 94162, 94723, 94847, 94853, 94874, 94961, 95007, 95019, 95919, 96017, 96031, 96180, 96253, 96295, 96340, 96782, 96967, 96974, 97408, 97636, 97665, 97743, 97807, 97872, 98017, 98120, 98239, 98840, 98921, 99120, 99144, 99190, 99366, 99610, 99628, 99895, 99970, 99990, 100281, 100596, 100604, 100794, 101658, 101706, 101794, 102043, 102059, 102183, 102206, 102238, 102263, 102276, 102302, 102318, 102344, 102412, 102510, 102651, 102810, 102901, 102943, 103015, 104175, 104335, 104365, 104400, 105509, 105564, 105569, 106066, 106408, 106418, 106429, 106440, 106451, 106457, 106578, 106684, 106695, 106707, 106814, 106881, 107678, 107754, 107760, 107815, 107837, 107846, 107850, 107971, 108000, 108012, 108116, 108198, 108340, 108799, 109031, 109039, 109069, 109739, 109769, 109775, 109796, 109852, 109961, 110186, 110491, 110750, 111063, 111733, 111795, 111858, 112459, 112488, 112787, 112826, 112831, 112837, 112905, 113861, 113934, 113974, 114027, 114224, 114265, 115032, 115151, 115364, 115390, 115508, 115670, 115700, 115712, 115751, 115875, 115976, 116764, 117064, 117114, 117334, 117645, 117741, 117907, 117979, 118023, 118044, 118489, 118681, 118735, 118765, 119620, 120351, 120373, 120729, 120822, 121090, 121118, 123145, 123158, 123198, 123361, 123364, 123366, 123467, 125555, 125562, 125642, 125655, 125661, 125726, 126693, 126702, 127286, 127421, 127431, 127698, 127700, 128203, 128416, 128422, 128462, 128588, 128906, 128930, 129021, 129174, 129297, 129304, 129312, 129322, 129342, 129410, 129773, 129789, 129836, 129847, 129850, 129900, 129978, 130067, 130126, 130226, 130250, 130298, 130305, 130326, 130339, 130513, 130523, 130687, 131231, 131434, 131530, 131704, 132014, 132029, 132442, 132485, 133061, 133197, 133385, 133388, 133458, 133612, 133786, 133837, 133893, 134322, 134469, 134509, 134539, 134677, 135141, 135167, 135182, 135221, 135258, 135345, 135366, 135383, 135485, 135562, 135816, 135826, 135911, 136019, 136174, 136698, 137003, 137238, 137394, 137406, 137427, 137437, 137815, 137850, 137886, 137895, 137903, 137940, 137980, 138343, 138547, 138575, 138666, 138741, 138933, 139708, 139732, 139751, 139785, 140136, 140162, 140281, 140662, 141977, 142193, 142291, 142481, 142943, 143015, 143030, 143074, 143104, 143133, 143145, 143171, 143257, 143285, 143323, 143521, 143965, 144192, 144302, 144627, 144655, 144691, 144900, 145102, 145125, 145357, 145376, 145390, 145588, 145785, 145873, 145919, 146059, 146189, 146203, 146422, 146597, 146790, 146826, 146842, 146848, 146856, 146971, 147394, 147462, 147474, 147598, 147604, 147686, 147787, 147977, 148319, 148436, 148765, 149456, 149571, 149616, 149639, 149722, 149802, 149834, 149937, 149946, 149956, 149963, 149989, 150111, 150216, 150383, 150561, 150579, 150772, 150961, 151049, 151115, 151126, 151144, 151159, 151175, 151218, 151332, 151652, 151712, 151737, 151760, 151829, 151930, 152328, 152360, 152436, 152459, 152466, 152647, 152926, 153193, 153328, 153784, 153792, 153919, 154071, 154172, 154328, 154361, 154461, 154728, 154951, 154955, 155072, 155133, 155168, 155318, 155365, 155522, 155847, 156007, 156110, 156156, 156292, 156311, 156316, 156351, 156447, 156461, 156495, 156516, 156520, 156528, 156555, 156583, 157024, 157397, 157490, 157915, 157918, 158128, 158208, 158285, 158370, 158410, 158502, 158589, 158877, 158898, 158919, 158932, 159142, 159157, 159173, 159249, 159258, 159287, 159316, 159346, 159413, 159588, 159774, 159787, 159803, 160039, 160049, 160073, 160083, 160443, 160483, 160760, 161523, 161577, 161598, 161837, 162065, 162301, 162527, 162625, 162689, 162694, 162704, 162964, 163100, 163154, 163176, 163216, 163230, 163346, 163414, 163562, 164134, 164286, 165317, 165489, 165828, 165931, 165986, 166051, 166523, 166777, 166788, 166793, 166801, 166806, 166878, 166971, 167035, 167100, 167162, 167330, 167338, 167361, 167779, 167784, 167839, 167852, 167873, 167891, 168126, 168200, 168205, 168327, 168413, 168711, 168714, 168997, 169186, 169571, 169575, 170332, 170732, 170756, 170830, 171001, 171012, 171115, 171157, 171164, 171415, 171419, 171470, 171644, 171702, 171849, 171859, 171952, 171957, 172171, 172423, 172429, 172435, 172445, 172455, 172462, 172497, 172503, 172506, 172569, 172645, 172700, 172915, 173026, 173034, 173050, 173084, 173244, 173536, 173660, 173665, 173754, 173773, 174095, 174102, 174265, 175012, 175340, 175345, 175386, 175557, 175606, 175612, 175623, 175631, 175780, 175845, 175851, 175856, 176749, 176854, 177079, 177087, 177186, 177206, 177243, 177279, 177333, 177384, 177483, 177849, 178029, 178042, 178088, 178120, 178177, 178238, 178243, 178293, 178408, 178413, 178946, 178978, 179023, 179045, 179137, 179194, 179242, 179339, 179410, 179564, 179897, 179960, 180014, 180139, 180146, 180182, 180200, 180393, 180849, 180855, 181015, 181424, 181578, 181726, 182984, 183168, 183609, 183706, 183748, 183762, 183782, 183869, 183990, 184736, 184746, 184946, 185011, 185066, 185106, 185112, 185136, 185401, 186206, 186419, 186427, 187159, 187635, 188191, 188472, 188757, 188962, 189150, 189313, 189582, 189608, 190184, 190191, 190711, 190781, 190912, 191049, 191187, 191246, 191450, 191467, 191495, 191513, 191693, 192139, 192425, 193838, 194106, 194130, 194189, 195058, 195316, 195379, 195732, 196196, 196264, 196279, 196355, 196375, 196381, 196390, 196417, 196462, 196560, 196613, 196983, 197228, 197325, 197560, 197629, 197633, 197855, 197920, 198083, 198156, 198312, 198506, 198584, 198598, 198626, 198801, 198846, 198853, 198891, 199020, 199122, 199130, 199135, 199144, 199151, 199159, 199328, 199462, 199490, 199569, 199775, 199875, 200023, 200094, 200263, 200776, 200779, 200917, 201935, 201963, 202740, 202861, 203170, 204691, 204753, 204799, 204854, 205472, 205484, 205531, 205813, 205830, 205858, 205867, 205877, 205886, 205996, 206341, 207130, 208399, 209321, 209329, 209336, 209396, 210002, 210262, 210507, 210525, 210534, 210566, 210610, 210613, 210620, 210623, 210715, 210717, 210754, 210797, 210818, 211686, 211858, 212473, 212498, 212511, 212538, 212834, 213411, 213569, 213656, 213833, 214454, 214767, 214773, 215401, 215709, 216718, 217096, 217363, 217667]
18,448,[1181, 1336, 1366, 1398, 1401, 1671, 1999, 2047, 2294, 2332, 2518, 2798, 2999, 3232, 3245, 3389, 3612, 4329, 4371, 4970, 5682, 5696, 6077, 6646, 6719, 7131, 7446, 7515, 7595, 7615, 7687, 8385, 8632, 9399, 9481, 12840, 12884, 12928, 14016, 14401, 14405, 14416, 14421, 15006, 15089, 15470, 15696, 16042, 16254, 16411, 16596, 16833, 19543, 19703, 20259, 20275, 20851, 23058, 23789, 24063, 24071, 24258, 24292, 24576, 24579, 24601, 24746, 25038, 26680, 26693, 27293, 27750, 27833, 28023, 28028, 28217, 28505, 28520, 28533, 28627, 28739, 28953, 29038, 29187, 30038, 30218, 30355, 30792, 31115, 31241, 32019, 32270, 32289, 32515, 32694, 33827, 35571, 35680, 36434, 36802, 37351, 37541, 39558, 40240, 40898, 40971, 41614, 43142, 43642, 43680, 43865, 44480, 44945, 45008, 45162, 45195, 45529, 45674, 45684, 45916, 45985, 46469, 46863, 47023, 47127, 47421, 47639, 47653, 48795, 48981, 50370, 50730, 50826, 51040, 51718, 52102, 52231, 52317, 53298, 53401, 54607, 54696, 54704, 54793, 54978, 55318, 55406, 55754, 57130, 57357, 57639, 59220, 59426, 59437, 59531, 59858, 60039, 60269, 60380, 60456, 60702, 60871, 61483, 61503, 61513, 63840, 64330, 64944, 64963, 65501, 65656, 65664, 65711, 65726, 66057, 66488, 66612, 67135, 67140, 67146, 68020, 68193, 69080, 69841, 70396, 70578, 71913, 72457, 72470, 72701, 73119, 74479, 75103, 76772, 77891, 78806, 78846, 79121, 79245, 79428, 79773, 80158, 80222, 80563, 80954, 81022, 82299, 82346, 82414, 82506, 82908, 83397, 84138, 84141, 84144, 84267, 84761, 85189, 85213, 85621, 88777, 88845, 89359, 89715, 89907, 90454, 90637, 90702, 90721, 90830, 92289, 92361, 92833, 93927, 94013, 94296, 94419, 94470, 94484, 95103, 95118, 95141, 95156, 95977, 96587, 96852, 96886, 97085, 97597, 97608, 97625, 98676, 98750, 99597, 99931, 100027, 100283, 100316, 100479, 100575, 100767, 100984, 101209, 101291, 101916, 102507, 103062, 103274, 103343, 105310, 105470, 105683, 105940, 106117, 106144, 106285, 106299, 106354, 106534, 106577, 106655, 106663, 106715, 106759, 106765, 106828, 107190, 107211, 107226, 107560, 108006, 108057, 108378, 108388, 108501, 108571, 108597, 108676, 108694, 108962, 108982, 109157, 109500, 110099, 110108, 110145, 110180, 110212, 110538, 110615, 111212, 111383, 111398, 111609, 111848, 111861, 112264, 112430, 112485, 112631, 112674, 112883, 112910, 112953, 112963, 112989, 113081, 113107, 113322, 113495, 113516, 114354, 115400, 115415, 115775, 115798, 115939, 116211, 116297, 116540, 116640, 117083, 117148, 117264, 117414, 117751, 117768, 117848, 117904, 117946, 118168, 118191, 118332, 118604, 118690, 118932, 119032, 119475, 119540, 119656, 119806, 120143, 120160, 120240, 120296, 120338, 120653, 120740, 120771, 120819, 120829, 120904, 121276, 122153, 122341, 122567, 123231, 123380, 124070, 124163, 124559, 124593, 124663, 124922, 124973, 125938, 127121, 127584, 127591, 127698, 127714, 127772, 127811, 127945, 128029, 128053, 128092, 128226, 128310, 128363, 128568, 128673, 128827, 129143, 129804, 129950, 130674, 132206, 132373, 132567, 132597, 133181, 133454, 133482, 133494, 135612, 136062, 136152, 136243, 136266, 140111, 140457, 141037, 141117, 141126, 141149, 141164, 141198, 143673, 143686, 144027, 145155, 145626, 145727, 145804, 145829, 146699, 146758, 147256, 147288, 147358, 147562, 147958, 147971, 148328, 148769, 148810, 148948]
19,45,[172, 180, 546, 688, 747, 793, 799, 851, 1406, 1501, 1509, 2173, 2320, 2443, 2560, 2917, 3714, 5219, 5884, 5897, 6684, 10275, 11530, 12103, 12363, 12607, 14024, 14042, 15336, 16083, 16099, 16159, 17088, 17235, 17562, 17612, 18907, 19154, 19605, 20229, 20246, 22348, 23313, 23700, 26159]
20,290,[68, 223, 321, 549, 605, 728, 788, 1550, 1597, 1894, 1937, 2021, 2351, 2353, 2386, 2592, 2803, 2911, 2964, 3007, 3022, 3158, 3260, 3551, 3852, 3894, 3964, 4039, 4245, 4766, 5067, 5163, 5233, 5278, 5388, 5664, 5801, 5831, 5883, 6059, 6156, 7065, 7137, 7400, 7492, 7694, 8507, 9174, 9455, 9669, 9930, 9993, 10274, 10342, 10836, 11094, 11101, 11549, 12134, 12137, 12142, 12146, 12479, 12574, 12600, 12754, 13355, 13423, 13694, 14359, 14374, 14484, 14493, 14527, 14532, 14778, 15084, 15467, 15579, 15764, 15859, 16200, 17200, 17247, 17451, 18635, 18641, 18646, 18745, 18766, 18840, 18855, 18943, 19024, 20763, 20859, 20953, 21240, 21248, 21551, 21738, 21803, 21855, 21859, 21903, 21917, 21988, 22291, 22297, 23074, 23580, 23683, 23707, 23849, 25051, 25611, 25961, 26066, 26541, 26708, 26810, 26968, 26974, 27013, 27041, 27248, 27653, 27677, 27837, 28046, 28111, 28277, 28283, 28516, 28571, 28639, 28654, 28952, 29124, 29215, 29258, 29348, 29475, 29488, 29913, 30247, 30498, 30634, 31014, 31262, 31307, 31854, 31894, 32263, 33504, 33893, 33946, 34002, 34006, 34011, 34317, 34938, 35111, 37365, 37419, 38020, 38056, 38242, 38458, 38657, 38723, 38827, 38885, 38928, 39783, 39903, 40173, 40502, 40507, 40750, 41101, 41599, 41812, 42003, 42399, 42534, 42573, 43088, 43238, 43273, 43306, 43901, 43914, 43938, 44067, 44138, 44211, 44281, 44505, 44512, 44970, 45363, 45372, 45507, 45589, 45595, 46465, 46692, 46878, 47224, 47356, 47620, 47962, 47984, 48097, 48121, 49221, 49325, 49444, 49546, 49637, 49740, 50362, 50632, 50795, 51080, 51773, 52453, 52692, 52997, 53301, 53459, 53614, 54089, 54147, 54478, 55482, 55990, 57472, 57494, 57506, 57695, 57822, 57857, 58114, 58192, 58389, 59058, 59239, 59555, 59895, 59924, 60229, 60364, 60399, 60670, 60684, 60700, 60733, 61405, 61709, 61785, 62293, 62429, 62625, 62704, 62749, 62753, 62844, 62958, 63047, 63137, 63188, 63377, 63784, 63842, 64041, 64305, 64359, 64558, 64643, 64715, 64852, 64873, 65134, 65140, 65173, 65311, 65437, 65455]
21,163,[216, 1191, 3201, 3223, 3660, 3700, 3718, 3956, 4560, 5231, 5297, 5309, 5437, 5666, 5752, 5880, 6310, 6851, 6907, 7763, 8141, 8193, 8413, 8529, 8542, 8854, 8906, 9423, 9559, 9867, 10053, 10077, 10148, 10777, 11270, 12183, 12213, 12783, 12831, 13227, 13239, 13445, 13569, 13578, 13613, 13660, 13903, 13916, 14095, 14125, 14267, 14288, 14560, 14822, 15080, 15660, 15850, 15914, 15927, 15936, 16070, 16100, 16445, 16558, 16831, 16938, 17089, 17128, 17136, 17366, 17414, 17455, 17589, 17619, 18710, 18771, 18934, 18973, 19178, 19344, 19484, 19499, 19769, 19794, 19874, 20520, 20582, 20700, 20731, 20846, 20922, 20957, 21470, 21842, 22678, 22752, 22942, 23313, 23355, 23420, 23623, 23716, 23724, 23741, 23939, 24053, 24162, 24430, 24494, 24525, 24650, 25207, 25369, 25555, 25682, 25731, 25736, 25854, 26231, 26716, 26917, 27021, 27062, 27065, 27073, 27218, 27365, 28080, 28197, 28549, 28732, 29092, 29968, 30019, 30024, 30114, 30367, 30512, 30996, 31140, 31460, 31709, 31712, 31862, 31968, 32169, 32179, 32207, 32214, 32225, 32384, 32835, 32897, 32918, 32931, 32974, 33105, 33442, 33476, 33788, 34363, 35045, 35857]
22,68,[625, 633, 12139, 12333, 12334, 34208, 41024, 41189, 42518, 49173, 59292, 60560, 60979, 61358, 61737, 63851, 63854, 63940, 66111, 66290, 67111, 67578, 69553, 69561, 71195, 71494, 71548, 71936, 75078, 76998, 80846, 84074, 87702, 89640, 101974, 103887, 104449, 107012, 110482, 111168, 118249, 122845, 123855, 125951, 126233, 129286, 130943, 131202, 134676, 134858, 134892, 135495, 135500, 135506, 136703, 138814, 138956, 139501, 140203, 141759, 144431, 144440, 146415, 155091, 155141, 156853, 156978, 160436]
23,94,[223, 246, 408, 673, 1011, 1174, 1319, 1362, 1693, 1752, 2067, 2079, 2115, 2134, 2543, 2807, 2818, 3143, 3230, 3563, 3843, 4035, 4397, 4752, 4852, 5698, 5746, 6117, 6556, 7952, 8758, 10951, 11283, 11747, 12132, 12858, 13404, 13535, 13699, 13859, 14045, 14938, 15309, 15419, 15711, 15993, 16639, 18428, 18749, 19460, 19522, 19697, 19788, 19804, 19822, 20073, 20366, 20742, 20947, 20973, 21118, 21255, 21607, 22832, 23043, 23108, 23581, 23589, 24914, 24940, 24972, 25046, 25733, 26922, 27154, 27684, 28545, 28738, 28856, 29205, 29483, 29506, 29526, 29538, 29554, 29556, 29783, 29790, 29831, 30190, 30350, 30540, 30617, 30734]
24,125,[499, 643, 920, 1136, 1435, 1505, 1705, 1857, 2115, 2131, 2542, 3181, 3423, 3432, 3440, 3452, 3526, 3545, 4104, 4792, 5242, 6120, 6706, 6990, 7024, 7322, 8884, 8922, 8969, 9082, 9152, 9516, 9952, 9958, 10595, 10670, 11797, 12079, 12086, 12250, 12718, 12827, 13293, 13302, 13443, 13450, 13498, 13944, 13949, 14055, 14482, 14509, 14634, 14659, 15028, 15415, 15531, 15780, 16395, 16518, 17770, 17863, 17889, 19838, 19974, 21359, 22101, 22988, 23990, 24073, 24836, 25227, 25428, 25947, 26432, 26559, 28144, 29175, 29210, 29418, 30165, 30369, 30566, 30662, 30749, 30756, 30764, 31664, 31958, 32044, 32253, 32437, 32515, 32705, 32936, 32970, 33211, 33585, 33869, 35383, 35782, 35786, 36052, 36574, 37199, 37204, 37406, 37514, 38321, 38376, 39894, 40075, 40096, 41493, 41577, 41786, 42168, 42305, 42383, 43136, 43147, 44280, 44735, 44838, 44845]
25,186,[2520, 2544, 3762, 4740, 5631, 6831, 7721, 9818, 11094, 13153, 14102, 14902, 15590, 16605, 17323, 18281, 19977, 21264, 22095, 22270, 22936, 23946, 25517, 26419, 27433, 28172, 29038, 29814, 30627, 31441, 32348, 33715, 34535, 35481, 36602, 38569, 39315, 40196, 40922, 41737, 42551, 43782, 44796, 45776, 46576, 47248, 48077, 49043, 50051, 51377, 52160, 53065, 54523, 55203, 55319, 56140, 57381, 59310, 59849, 60592, 62198, 63520, 65086, 66623, 68778, 69944, 70747, 71641, 72583, 73543, 75786, 76676, 77706, 78994, 79156, 80294, 81463, 82637, 83868, 85071, 86053, 86828, 87899, 88609, 89905, 90885, 91763, 92448, 92480, 93429, 94183, 94271, 95021, 96402, 97289, 98124, 98257, 99082, 100476, 101899, 102680, 103779, 104619, 105570, 106214, 108755, 109629, 110971, 112607, 112731, 113338, 114652, 115468, 116295, 117812, 118704, 121130, 122114, 122989, 123822, 125053, 126354, 127263, 129387, 130574, 131495, 132403, 133571, 134775, 135218, 136335, 137118, 137475, 138993, 140508, 141419, 142673, 143242, 144387, 145037, 145673, 146466, 147323, 148063, 148762, 149473, 150211, 150985, 151079, 151959, 153636, 155248, 156441, 157323, 158222, 159346, 160221, 161286, 162290, 163311, 164483, 165475, 166532, 167223, 168082, 169033, 170800, 171646, 172797, 174168, 175175, 175918, 176352, 176592, 177152, 178096, 181422, 182973, 184233, 185316, 186100, 186785, 188459, 189527, 193052, 199588]
26,293,[428, 587, 685, 915, 971, 1094, 1154, 1924, 1971, 2273, 2323, 2407, 2744, 2746, 2779, 3014, 3245, 3366, 3427, 3472, 3487, 3639, 3743, 4043, 4351, 4393, 4463, 4538, 4748, 5284, 5582, 5678, 5749, 5794, 5905, 6182, 6319, 6349, 6401, 6578, 6675, 7586, 7658, 7923, 8015, 8216, 9042, 9727, 10008, 10222, 10484, 10545, 10827, 10895, 11399, 11666, 11673, 12117, 12720, 12724, 12729, 12733, 13066, 13160, 13186, 13342, 13941, 14008, 14279, 14956, 14972, 15086, 15096, 15134, 15139, 15392, 15717, 16107, 16221, 16409, 16505, 16845, 17853, 17905, 18118, 19344, 19350, 19355, 19454, 19475, 19550, 19563, 19650, 19731, 21497, 21596, 21691, 21984, 21992, 22297, 22488, 22555, 22610, 22614, 22658, 22672, 22743, 23048, 23054, 23845, 24349, 24451, 24474, 24613, 25837, 26409, 26758, 26862, 27342, 27527, 27631, 27792, 27798, 27837, 27866, 28073, 28480, 28504, 28665, 28881, 28945, 29114, 29120, 29346, 29401, 29469, 29485, 29788, 29966, 30058, 30101, 30191, 30319, 30333, 30760, 31095, 31351, 31489, 31881, 32131, 32175, 32727, 32766, 33136, 34379, 34771, 34824, 34881, 34885, 34890, 35201, 35830, 36004, 38281, 38335, 38938, 38974, 39186, 39400, 39601, 39667, 39771, 39828, 39872, 40721, 40841, 41112, 41441, 41446, 41688, 42036, 42537, 42746, 42937, 43335, 43469, 43510, 44038, 44188, 44223, 44256, 44861, 44875, 44899, 45031, 45101, 45176, 45246, 45475, 45482, 45958, 46360, 46371, 46508, 46590, 46596, 47470, 47696, 47882, 48226, 48358, 48627, 48975, 48997, 49110, 49134, 50262, 50371, 50491, 50594, 50679, 50785, 51411, 51684, 51848, 52137, 52853, 53553, 53790, 54105, 54424, 54585, 54741, 55251, 55311, 55639, 56641, 57151, 58641, 58662, 58674, 58869, 58999, 59035, 59302, 59380, 59580, 60311, 60495, 60835, 61185, 61214, 61524, 61660, 61696, 61968, 61981, 61997, 62031, 62709, 63012, 63088, 63237, 63463, 63630, 63767, 63965, 64043, 64089, 64093, 64187, 64302, 64400, 64496, 64549, 64744, 65168, 65228, 65431, 65701, 65757, 65957, 66043, 66115, 66254, 66275, 66546, 66552, 66585, 66724, 66850, 66868, 67411]
27,271,[573, 763, 967, 1582, 2629, 3092, 4381, 4618, 4831, 5072, 5301, 5521, 6141, 8969, 9186, 9229, 10581, 10611, 10801, 11098, 11239, 11974, 12875, 13264, 13571, 13737, 13877, 14889, 15418, 15468, 15547, 15618, 16093, 16665, 16957, 17070, 17862, 18058, 18347, 18748, 18901, 19055, 20271, 20506, 20517, 20529, 20715, 20929, 21025, 21526, 21607, 21876, 21934, 21976, 22103, 22128, 22239, 22627, 23482, 23624, 24152, 24614, 25022, 25119, 25160, 25352, 25589, 25814, 25969, 26186, 28175, 29217, 29798, 30635, 30660, 31947, 32478, 33825, 33835, 33891, 34757, 34897, 35062, 35183, 36743, 37099, 37245, 37649, 37657, 38501, 39243, 39285, 39347, 39765, 39889, 39910, 39988, 40193, 40216, 40913, 40943, 41491, 41558, 41932, 42219, 42297, 44356, 44360, 44536, 44713, 44758, 44990, 44996, 45439, 45470, 45586, 45664, 46018, 46863, 48193, 48753, 48773, 50352, 50439, 50586, 50965, 51115, 51618, 51876, 52189, 52504, 52722, 52800, 53133, 53777, 54143, 55902, 56476, 56508, 56547, 56795, 57358, 57604, 58636, 58646, 60520, 61048, 61136, 61300, 61408, 61972, 62002, 63395, 63800, 63813, 63969, 64219, 64644, 64820, 66048, 66174, 67095, 68863, 69230, 69241, 69629, 70556, 70585, 71054, 72009, 72177, 72704, 73189, 73302, 73561, 73862, 73872, 74216, 74277, 74676, 75247, 76577, 77140, 77156, 77191, 77647, 77968, 78645, 79125, 79402, 79675, 80738, 82495, 82768, 83110, 83981, 84042, 84204, 84261, 85718, 85729, 85891, 86066, 86249, 87147, 87476, 88274, 88371, 88394, 88509, 88786, 89086, 89213, 89804, 89849, 90068, 90411, 91086, 91748, 91985, 92542, 92618, 92901, 92990, 93277, 93346, 93384, 93453, 93602, 93614, 93707, 93874, 94345, 94437, 94713, 95145, 95167, 95564, 96444, 97208, 97693, 97775, 99690, 100012, 100440, 100626, 101751, 102628, 102640, 102676, 102729, 103934, 104022, 104423, 104646, 104771, 104871, 105180, 105219, 105979, 106001, 106784, 107270, 107306, 107435, 108096, 108298, 108648, 108858, 109308, 109376]
28,38,[702, 1068, 1727, 1764, 1796, 3529, 3660, 3686, 3727, 4522, 4864, 5115, 5236, 5308, 5634, 5940, 6455, 6637, 6795, 7144, 7251, 7722, 8030, 8347, 8662, 9120, 9229, 9251, 9537, 9588, 9656, 10065, 10308, 10465, 10811, 11153, 11514, 11542]
30,968,[1678, 6177, 7065, 10729, 11145, 12573, 12809, 15351, 15656, 15673, 17238, 19974, 21003, 21497, 21847, 21861, 22084, 26362, 27050, 30257, 30385, 30772, 31002, 31009, 32467, 32964, 33592, 33597, 33965, 34070, 34443, 34773, 37567, 39006, 39317, 41070, 41078, 42903, 42917, 44522, 52666, 60851, 65676, 77448, 83185, 83329, 85567, 86829, 87161, 87765, 89290, 90431, 90435, 94372, 95739, 96330, 96638, 96806, 97213, 97856, 98160, 98643, 101129, 105559, 106408, 107519, 108528, 108648, 109138, 110947, 110968, 110977, 111134, 118556, 125346, 125365, 127614, 128020, 128083, 128096, 133735, 135561, 136026, 136639, 137933, 139022, 139030, 141035, 144045, 145009, 145625, 145842, 148139, 148296, 148450, 150036, 150726, 150729, 150987, 152824, 154497, 155915, 155946, 155977, 156171, 156206, 156891, 156974, 159123, 160225, 160702, 160975, 161166, 162921, 163925, 165259, 167288, 167422, 167975, 169723, 170461, 171852, 172566, 172616, 173839, 174964, 176510, 177248, 178222, 178225, 179298, 179388, 179529, 179546, 181812, 181826, 182467, 182810, 182817, 184695, 184824, 184850, 185947, 186417, 187911, 188445, 189261, 192559, 197142, 197518, 197524, 197818, 198285, 199684, 199850, 201087, 201328, 201954, 206108, 206124, 206903, 207587, 209781, 209959, 210209, 211303, 211733, 211737, 211912, 211972, 211976, 213935, 216085, 216556, 217684, 218591, 219323, 221372, 224495, 224988, 226155, 226167, 226169, 226560, 226646, 227080, 228596, 228724, 229668, 230000, 230208, 230343, 230445, 232148, 233168, 236464, 236531, 239136, 239311, 240493, 240977, 241015, 241849, 243030, 243154, 243418, 243431, 243439, 243754, 244056, 244331, 244375, 245061, 245118, 245349, 245958, 248319, 248716, 249535, 250495, 251030, 252281, 252366, 252428, 252568, 253558, 254965, 255178, 255833, 256181, 256195, 256355, 257930, 259795, 260855, 264193, 264702, 265215, 265522, 266251, 266271, 267074, 269424, 269496, 270339, 272142, 273405, 273665, 274139, 275602, 276478, 276915, 277022, 277226, 277306, 278771, 279536, 279683, 279766, 283589, 284230, 286276, 286318, 286696, 288286, 288864, 288891, 289059, 291914, 292760, 293078, 293281, 294052, 294144, 294660, 294699, 295137, 295271, 297764, 297865, 298024, 298087, 298402, 299594, 299689, 299693, 299776, 299843, 300392, 300571, 300581, 300660, 301042, 301202, 302036, 302239, 302389, 303783, 303791, 304388, 304831, 305081, 305093, 305101, 306065, 307638, 307714, 307722, 307940, 307950, 308183, 308188, 308538, 308542, 308548, 308987, 309021, 309029, 309041, 309061, 309288, 309331, 309348, 309427, 309434, 309440, 309446, 309489, 309574, 309582, 310326, 310331, 310356, 310363, 310371, 310589, 310623, 311431, 311719, 312043, 312913, 312926, 313139, 313198, 313203, 313359, 313562, 313701, 314091, 314096, 314538, 315479, 315487, 315500, 315552, 315580, 317945, 318520, 318527, 319360, 320138, 320235, 322380, 323473, 323754, 323761, 324240, 324282, 324437, 325248, 326373, 326379, 326749, 326914, 327689, 327918, 328115, 330013, 330176, 331086, 331094, 331124, 331873, 332672, 332679, 334138, 334143, 334148, 334154, 334162, 334406, 334413, 334420, 334428, 334434, 334441, 334450, 335081, 335434, 335442, 336747, 336754, 336763, 337664, 337671, 337674, 338647, 339029, 340856, 340869, 340912, 340940, 341405, 341926, 341935, 341952, 342132, 342363, 342386, 342490, 342500, 343024, 343634, 343741, 344343, 344349, 344355, 344457, 345436, 345445, 347975, 351286, 351902, 351930, 352138, 352506, 353327, 353330, 353333, 353336, 353339, 353344, 353720, 354467, 354643, 355762, 355768, 355775, 355781, 355858, 356343, 357289, 357430, 357433, 357806, 357843, 357913, 358093, 358774, 358792, 358987, 359175, 359284, 359289, 359340, 359386, 359453, 360317, 360526, 360831, 361562, 362388, 362709, 362745, 363182, 365509, 368983, 369430, 369439, 372322, 372900, 373837, 375117, 375120, 375262, 376995, 377003, 378361, 378463, 380258, 380290, 380308, 380538, 380689, 380738, 381247, 381717, 381725, 381793, 381800, 381809, 382063, 382162, 382564, 382650, 383633, 383640, 385378, 385394, 385740, 385747, 385760, 385775, 386144, 386332, 386792, 386950, 389661, 390643, 391670, 392112, 392117, 392887, 393510, 398157, 398166, 398654, 401393, 401400, 401404, 402611, 403270, 404008, 404404, 404840, 404845, 406036, 406050, 408289, 408372, 410815, 415844, 420947, 422746, 423089, 423098, 423101, 423107, 424690, 424699, 424702, 424708, 426951, 428217, 428862, 434444, 462271, 463018, 464175, 464520, 467240, 472421, 473463, 475648, 476366, 476419, 477367, 478244, 478253, 478297, 478898, 480833, 482084, 483060, 483068, 483083, 483952, 484278, 484827, 485006, 485013, 485685, 486449, 488454, 488943, 490568, 490627, 494810, 495437, 495445, 496211, 497043, 501103, 501142, 501237, 503207, 503210, 503369, 504088, 504136, 506700, 507858, 508782, 509059, 511630, 511923, 512594, 513728, 514843, 515665, 515754, 516264, 517259, 517565, 518061, 518582, 518600, 521936, 522691, 523768, 525369, 526818, 527032, 527362, 527543, 528551, 530210, 531505, 531968, 532171, 532176, 533521, 534279, 534468, 535450, 535474, 535816, 536247, 537266, 537273, 537415, 538963, 539460, 541957, 541974, 542015, 543439, 543488, 543737, 544609, 547046, 547253, 547441, 547992, 549210, 549246, 549322, 550955, 551935, 553576, 553640, 553647, 554029, 554476, 554946, 555523, 555824, 555857, 556112, 558383, 558464, 558869, 559064, 559076, 561724, 563934, 564734, 565679, 566612, 566849, 567604, 568549, 568691, 568781, 568949, 569046, 569459, 569683, 569788, 570012, 571407, 571515, 571574, 571927, 571981, 572106, 572958, 572990, 573448, 573666, 574005, 574014, 574158, 574219, 574752, 574948, 575130, 575651, 576184, 577211, 577526, 578846, 579472, 579515, 579591, 579824, 580705, 580998, 581067, 581152, 581379, 582409, 583773, 583821, 583996, 584581, 584701, 584718, 584837, 584964, 584973, 585312, 585430, 585597, 585969, 585976, 586066, 586083, 586096, 586201, 586431, 587063, 587372, 587412, 587474, 587745, 587901, 587954, 587978, 587990, 588001, 588007, 588012, 588130, 588166, 588399, 588407, 588750, 588761, 588945, 589115, 589649, 589656, 589661, 590288, 590318, 590626, 591291, 591324, 591332, 591344, 591350, 591395, 591564, 591765, 592144, 592447, 592530, 592534, 592873, 592930, 593115, 593122, 593491, 594852, 594860, 594869, 595465, 597128, 598934, 599046, 599223, 599267, 599326, 599573, 599669, 599961, 599987, 600285, 600508, 600566, 601345, 601490, 601885, 602646, 602651, 603375, 603406, 603590, 603755, 603770, 603805, 603819, 603867, 604006, 604117, 604139, 604922, 605156, 605560, 605602, 605735, 605862, 605878, 606002, 606085, 606146, 606245, 606287, 606301, 606534, 606574, 606801, 607032, 607293, 608576, 608797, 609285, 609304, 609800, 609806, 609891, 609917, 609973, 610083, 610385, 610612, 611016, 611050, 611088, 611106, 611614, 611682, 612128, 612433, 612463, 612628, 612773, 612809, 612958, 613010, 613100, 613240, 613682, 613693, 613880, 613908, 614433, 614798, 615160, 615168, 615195, 615207, 615251, 615455, 615493, 615668, 615696, 615874, 616037, 616307, 616818, 617100, 617697, 617730, 617825, 617956, 618132, 618191, 618270, 618351, 618376, 618945, 619024, 619154, 619211, 619363, 619446, 619502, 619584, 619655, 619763, 619914, 619927, 619976, 619993, 620053, 620555, 621279, 621450, 621684, 621966, 622057, 622235, 622487, 622667, 622849, 624209, 624495, 624500, 624635, 624748, 625054, 625150, 625280, 625329, 625346, 625590, 625806, 625815, 625833, 625955, 626107, 626281, 626383, 626666, 626819, 627292, 627601, 627667, 628769, 629120, 629676, 629752, 630208, 630439, 630632, 630981, 630991, 631119, 631193, 631290, 631587, 631886, 631910, 632010, 632988, 633077, 633852, 635219, 635981, 636412, 636417, 637037, 637378, 637465, 638634, 638642]
6,4,[20, 186, 753, 760]
8,1,[563]
9,10,[117, 151, 387, 793, 1244, 1270, 1623, 2145, 2583, 2607]
10,968,[1771, 6271, 7159, 10823, 11239, 12667, 12903, 15445, 15750, 15767, 17332, 20068, 21097, 21591, 21941, 21955, 22178, 26456, 27144, 30351, 30479, 30866, 31096, 31103, 32565, 33062, 33690, 33695, 34063, 34168, 34541, 34871, 37665, 39104, 39415, 41168, 41176, 43001, 43015, 44620, 52764, 60954, 65779, 77551, 83292, 83436, 85674, 86936, 87268, 87872, 89397, 90538, 90542, 94479, 95846, 96437, 96745, 96913, 97320, 97963, 98267, 98750, 101236, 105670, 106519, 107630, 108639, 108759, 109249, 111058, 111079, 111088, 111245, 118667, 125457, 125476, 127725, 128131, 128194, 128207, 133847, 135673, 136138, 136751, 138045, 139134, 139142, 141147, 144158, 145122, 145738, 145955, 148252, 148409, 148563, 150149, 150839, 150842, 151100, 152937, 154610, 156028, 156059, 156090, 156284, 156319, 157004, 157087, 159236, 160339, 160816, 161089, 161280, 163044, 164048, 165382, 167411, 167545, 168098, 169846, 170584, 171975, 172689, 172739, 173962, 175087, 176633, 177371, 178345, 178348, 179421, 179511, 179652, 179669, 181935, 181949, 182599, 182942, 182949, 184827, 184956, 184982, 186079, 186549, 188043, 188577, 189393, 192691, 197274, 197650, 197656, 197950, 198417, 199826, 199992, 201229, 201470, 202096, 206250, 206266, 207045, 207729, 209923, 210101, 210351, 211445, 211875, 211879, 212054, 212114, 212118, 214077, 216227, 216697, 217824, 218731, 219463, 221522, 224645, 225138, 226305, 226317, 226319, 226710, 226796, 227230, 228746, 228874, 229818, 230150, 230358, 230493, 230595, 232298, 233318, 236614, 236681, 239289, 239464, 240646, 241130, 241168, 242002, 243183, 243307, 243571, 243584, 243592, 243907, 244209, 244484, 244528, 245214, 245271, 245502, 246111, 248472, 248869, 249688, 250648, 251183, 252434, 252519, 252581, 252721, 253711, 255118, 255331, 255989, 256337, 256351, 256511, 258086, 259951, 261011, 264349, 264858, 265371, 265678, 266407, 266427, 267230, 269580, 269652, 270495, 272298, 273561, 273821, 274295, 275758, 276634, 277071, 277178, 277382, 277461, 278926, 279691, 279838, 279921, 283745, 284386, 286432, 286474, 286852, 288442, 289020, 289047, 289215, 292070, 292917, 293235, 293438, 294209, 294301, 294817, 294856, 295294, 295428, 297922, 298023, 298182, 298245, 298560, 299752, 299847, 299851, 299934, 300001, 300550, 300729, 300739, 300818, 301200, 301360, 302194, 302397, 302547, 303941, 303949, 304546, 304989, 305239, 305251, 305259, 306223, 307796, 307872, 307880, 308098, 308108, 308341, 308346, 308696, 308700, 308706, 309145, 309179, 309187, 309199, 309219, 309446, 309489, 309506, 309585, 309592, 309598, 309604, 309647, 309732, 309740, 310484, 310489, 310514, 310521, 310529, 310747, 310781, 311590, 311878, 312202, 313072, 313085, 313298, 313357, 313362, 313518, 313721, 313860, 314250, 314255, 314697, 315638, 315646, 315659, 315711, 315739, 318104, 318679, 318686, 319519, 320297, 320394, 322539, 323632, 323913, 323920, 324399, 324441, 324596, 325407, 326532, 326538, 326908, 327073, 327848, 328077, 328274, 330172, 330335, 331245, 331253, 331283, 332032, 332831, 332838, 334297, 334302, 334307, 334313, 334321, 334565, 334572, 334579, 334587, 334593, 334600, 334609, 335240, 335593, 335601, 336906, 336913, 336922, 337823, 337830, 337833, 338806, 339188, 341015, 341028, 341071, 341099, 341564, 342085, 342094, 342111, 342291, 342522, 342545, 342649, 342659, 343183, 343793, 343900, 344502, 344508, 344514, 344616, 345595, 345604, 348134, 351445, 352061, 352089, 352297, 352665, 353486, 353489, 353492, 353495, 353498, 353503, 353879, 354626, 354802, 355921, 355927, 355934, 355940, 356017, 356502, 357449, 357590, 357593, 357966, 358003, 358073, 358253, 358934, 358952, 359147, 359335, 359444, 359449, 359500, 359546, 359613, 360477, 360686, 360991, 361722, 362548, 362869, 362905, 363345, 365672, 369146, 369593, 369602, 372485, 373063, 374000, 375280, 375283, 375425, 377158, 377166, 378524, 378626, 380421, 380453, 380471, 380701, 380852, 380901, 381410, 381880, 381888, 381956, 381963, 381972, 382226, 382325, 382727, 382813, 383796, 383803, 385541, 385557, 385903, 385910, 385923, 385938, 386307, 386495, 386955, 387113, 389824, 390806, 391833, 392275, 392280, 393053, 393676, 398323, 398332, 398820, 401559, 401566, 401570, 402777, 403436, 404174, 404570, 405006, 405011, 406202, 406216, 408455, 408538, 410981, 416010, 421113, 422912, 423255, 423264, 423267, 423273, 424856, 424865, 424868, 424874, 427117, 428384, 429029, 434614, 462442, 463189, 464346, 464691, 467411, 472591, 473633, 475818, 476535, 476588, 477535, 478412, 478421, 478465, 479066, 481000, 482250, 483225, 483233, 483248, 484117, 484443, 484992, 485170, 485177, 485849, 486612, 488616, 489104, 490728, 490787, 494969, 495596, 495604, 496380, 497212, 501272, 501311, 501406, 503376, 503379, 503538, 504257, 504305, 506869, 508027, 508951, 509228, 511799, 512092, 512763, 513897, 515012, 515837, 515926, 516436, 517431, 517737, 518233, 518754, 518772, 522108, 522863, 523940, 525541, 526990, 527204, 527534, 527715, 528726, 530385, 531680, 532143, 532346, 532351, 533696, 534454, 534643, 535625, 535649, 535991, 536422, 537441, 537448, 537590, 539138, 539635, 542132, 542149, 542190, 543614, 543663, 543912, 544784, 547221, 547428, 547616, 548167, 549388, 549424, 549500, 551133, 552113, 553754, 553818, 553825, 554207, 554654, 555124, 555701, 556002, 556035, 556290, 558561, 558642, 559047, 559242, 559254, 561902, 564112, 564914, 565859, 566792, 567029, 567784, 568729, 568871, 568961, 569129, 569226, 569639, 569863, 569968, 570192, 571587, 571695, 571754, 572107, 572161, 572286, 573138, 573170, 573628, 573846, 574185, 574194, 574338, 574399, 574932, 575128, 575310, 575831, 576364, 577391, 577706, 579026, 579652, 579695, 579771, 580004, 580885, 581178, 581247, 581332, 581559, 582589, 583953, 584001, 584176, 584766, 584886, 584903, 585022, 585149, 585158, 585497, 585615, 585782, 586154, 586161, 586251, 586268, 586281, 586386, 586616, 587248, 587557, 587597, 587659, 587930, 588086, 588139, 588163, 588175, 588186, 588192, 588197, 588315, 588351, 588584, 588592, 588935, 588946, 589130, 589300, 589834, 589841, 589846, 590473, 590503, 590811, 591476, 591509, 591517, 591529, 591535, 591580, 591749, 591956, 592335, 592638, 592721, 592725, 593064, 593121, 593306, 593313, 593682, 595043, 595051, 595060, 595656, 597319, 599131, 599243, 599420, 599464, 599523, 599770, 599866, 600158, 600184, 600482, 600705, 600763, 601542, 601687, 602082, 602843, 602848, 603577, 603608, 603792, 603957, 603972, 604007, 604021, 604069, 604208, 604319, 604341, 605124, 605358, 605762, 605804, 605942, 606069, 606085, 606209, 606292, 606353, 606452, 606494, 606508, 606741, 606781, 607008, 607239, 607500, 608788, 609009, 609497, 609516, 610017, 610023, 610108, 610134, 610190, 610300, 610602, 610829, 611233, 611267, 611305, 611323, 611837, 611905, 612351, 612656, 612686, 612851, 613002, 613038, 613187, 613239, 613329, 613469, 613916, 613927, 614114, 614142, 614667, 615032, 615394, 615402, 615429, 615441, 615485, 615694, 615732, 615907, 615935, 616113, 616276, 616546, 617061, 617343, 617949, 617982, 618077, 618208, 618384, 618443, 618522, 618603, 618628, 619197, 619276, 619406, 619463, 619615, 619698, 619754, 619836, 619907, 620015, 620166, 620179, 620228, 620245, 620305, 620807, 621531, 621702, 621936, 622218, 622309, 622487, 622739, 622919, 623101, 624463, 624749, 624754, 624889, 625002, 625311, 625407, 625537, 625586, 625603, 625847, 626063, 626072, 626090, 626212, 626364, 626538, 626640, 626923, 627076, 627552, 627861, 627927, 629032, 629383, 629939, 630015, 630474, 630708, 630903, 631252, 631262, 631394, 631468, 631565, 631862, 632161, 632185, 632285, 633263, 633352, 634127, 635494, 636256, 636687, 636692, 637312, 637653, 637740, 638909, 638917]
11,64,[62, 1242, 1823, 2199, 2466, 3144, 3469, 3510, 3598, 3971, 4024, 4548, 4912, 5693, 5886, 5892, 6281, 6820, 6843, 6970, 7003, 8050, 8167, 9307, 9878, 10813, 11624, 11728, 11907, 12422, 12558, 12794, 12801, 12848, 12857, 13047, 13071, 13186, 13831, 13913, 14156, 14777, 14806, 15165, 15504, 15712, 16425, 17689, 17723, 17731, 17842, 18175, 18447, 18522, 18549, 18659, 19094, 19168, 19205, 19617, 19746, 19899, 20537, 20597]
12,34,[206, 1176, 2030, 2063, 3446, 5127, 5793, 6121, 6348, 7063, 8754, 9101, 9436, 10872, 13806, 14697, 14985, 15066, 15214, 17602, 18719, 18927, 18971, 19254, 19260, 19276, 19765, 20493, 20920, 21321, 21733, 21800, 22338, 23247]
13,8,[85, 249, 730, 834, 1010, 1512, 3753, 3860]
14,181,[2218, 2242, 3364, 4316, 5259, 6586, 7483, 9570, 10919, 13107, 14129, 14950, 15681, 16794, 17603, 18640, 19506, 20310, 21020, 21733, 22575, 22755, 23505, 24614, 27288, 28321, 29106, 29985, 30835, 31711, 32568, 33523, 35014, 35876, 36849, 37981, 40085, 40897, 41812, 43503, 44371, 45584, 46614, 47631, 48474, 49165, 50060, 51076, 52173, 53485, 54333, 55317, 56314, 57555, 57677, 58534, 59727, 62259, 63053, 64513, 65567, 66516, 68247, 69823, 72164, 73464, 74310, 75227, 76136, 77146, 79362, 80328, 81388, 82720, 82894, 84001, 85115, 86281, 87562, 88732, 89747, 90583, 91745, 92477, 93847, 94860, 95819, 96535, 96563, 97512, 98292, 98371, 99122, 100432, 101419, 102238, 104669, 106228, 107081, 108253, 109166, 109987, 110688, 113493, 114422, 115899, 117660, 117793, 118402, 119711, 120518, 121342, 122936, 123879, 126413, 127456, 128435, 129312, 130657, 132044, 132929, 135083, 136382, 137294, 138292, 139408, 140621, 141075, 142283, 143058, 143406, 145014, 146573, 147450, 149373, 150620, 151331, 151998, 152849, 153822, 154622, 155363, 156096, 156899, 157676, 157769, 158746, 158755, 160477, 161972, 163229, 164135, 165042, 166267, 167138, 168176, 169223, 170256, 171288, 172301, 173475, 174209, 175150, 176131, 178103, 179000, 180173, 181596, 182611, 183389, 184700, 185715, 189260, 190482, 191331, 192287, 193428, 194233, 194970, 196698, 197578]
15,363,[884, 1141, 2370, 4051, 4167, 4233, 4431, 4690, 6813, 6959, 8131, 8514, 8699, 9493, 9763, 10175, 10369, 10402, 10831, 12013, 12143, 12183, 12702, 13236, 13370, 13414, 13441, 13503, 13512, 13598, 13650, 13696, 13745, 13758, 13839, 13939, 15623, 15639, 16111, 16144, 16177, 16561, 16605, 16932, 17347, 17360, 17376, 17393, 17401, 17413, 17487, 17525, 17552, 17594, 17904, 19505, 20081, 20337, 20583, 20946, 20972, 22622, 23245, 23559, 23804, 23970, 23977, 24308, 24335, 24815, 24950, 25018, 25147, 25174, 25599, 26584, 26700, 27116, 27477, 28447, 29010, 29730, 29838, 30046, 30286, 30348, 30552, 30758, 31067, 31609, 31631, 31934, 32240, 32736, 32762, 33226, 33293, 34222, 34239, 34467, 34752, 35022, 35258, 35483, 35490, 35495, 35502, 35510, 35529, 35535, 35755, 35853, 35908, 35957, 35969, 36398, 36971, 36984, 37001, 37009, 37016, 37024, 37410, 37458, 37658, 37725, 37764, 37876, 38110, 39010, 40321, 41574, 44701, 45188, 46012, 46092, 46204, 46574, 46613, 47019, 47739, 47831, 48260, 48294, 48331, 48354, 48375, 48587, 49635, 50935, 50978, 51439, 52250, 52805, 53210, 53551, 54172, 54376, 54588, 54757, 54810, 55148, 55212, 55255, 55533, 55549, 56010, 57535, 58182, 59356, 59852, 59920, 60474, 61046, 62094, 62650, 63064, 63189, 63381, 63755, 64370, 64438, 64653, 66876, 67184, 68049, 69060, 69465, 70438, 70507, 70619, 70625, 70856, 72224, 73417, 75073, 75874, 76821, 76953, 77304, 77906, 78292, 78482, 78532, 79081, 79088, 79149, 79154, 79350, 79728, 80026, 80296, 81083, 81212, 81930, 82306, 83415, 83706, 84735, 84777, 84935, 85119, 85308, 85321, 86256, 88506, 89266, 89481, 89665, 90583, 91386, 92628, 93044, 93083, 95620, 97251, 97704, 98279, 98448, 98913, 99322, 100636, 100853, 100860, 102431, 103565, 103907, 105228, 106131, 106859, 107042, 108140, 108483, 108995, 109694, 110490, 110549, 111215, 111667, 111952, 112053, 112118, 112417, 113113, 113689, 114639, 114968, 116321, 117519, 118095, 119387, 119390, 120192, 120472, 120753, 121081, 121471, 121602, 122104, 122883, 123517, 124053, 124141, 124182, 124465, 124528, 124677, 125500, 127121, 128181, 128578, 130009, 130086, 130141, 131924, 133339, 133508, 133728, 134941, 135609, 137557, 138917, 139271, 139736, 140029, 141250, 141897, 143045, 143346, 143479, 144392, 144509, 145146, 145400, 145566, 145594, 146104, 146169, 146668, 147415, 147809, 149941, 150453, 150611, 150875, 150956, 152510, 152888, 155145, 155570, 156259, 156644, 156995, 157063, 157371, 157393, 157426, 158528, 159402, 159856, 159911, 160776, 161942, 162026, 162112, 162283, 162632, 163904, 163988, 164001, 165015, 165044, 169057, 169088, 169915, 170160, 170859, 171291, 172057, 172211, 172388, 172821, 173686]
16,145,[309, 333, 402, 619, 639, 835, 1185, 1464, 1581, 1811, 1836, 2367, 2465, 2644, 3019, 3100, 3895, 4049, 4507, 4868, 5642, 6024, 6630, 6637, 6966, 6971, 7040, 7329, 8380, 8759, 8923, 9144, 9529, 9715, 9835, 10594, 10688, 10903, 10949, 11005, 11024, 11149, 11198, 11247, 11720, 11961, 12133, 12421, 12583, 13034, 13883, 14094, 14214, 14530, 15045, 15191, 15200, 15857, 16515, 16565, 17513, 18073, 18588, 19190, 19239, 19522, 19650, 21047, 21251, 21665, 22235, 22600, 22773, 23047, 23323, 23333, 23348, 23483, 23676, 23764, 23906, 24015, 24109, 24784, 24914, 24931, 25433, 25453, 26100, 26104, 26108, 26113, 26160, 26365, 27521, 27532, 27650, 27679, 27695, 27950, 27956, 28073, 28083, 28545, 28699, 28712, 28992, 29017, 29388, 29824, 30348, 31042, 31420, 31674, 31695, 31822, 31883, 31937, 32221, 32258, 32288, 32615, 32630, 32737, 32830, 33793, 34059, 34078, 34317, 34416, 34781, 34850, 34881, 35061, 35102, 35679, 35735, 36172, 36219, 36535, 36654, 36875, 36950, 37139, 37875]
17,1206,[29, 108, 263, 1222, 1682, 1896, 1923, 1926, 2435, 3574, 3652, 3698, 4338, 4413, 4418, 4424, 4460, 4520, 4736, 6051, 6189, 6859, 6955, 6999, 7225, 7253, 8047, 8198, 8202, 8638, 8703, 8724, 8827, 8978, 9372, 9407, 9518, 10030, 10361, 10492, 10831, 10872, 11164, 11176, 11265, 11407, 11589, 12366, 14047, 14057, 14930, 15009, 15132, 15304, 15309, 15476, 15572, 15651, 17338, 17597, 17667, 17679, 17786, 17896, 17991, 18146, 18153, 18205, 18223, 18258, 18534, 18639, 18643, 18798, 19117, 19323, 19339, 19643, 19651, 19710, 19808, 19981, 20115, 20170, 20317, 20371, 20416, 20458, 20468, 20479, 20498, 20506, 20516, 20525, 20933, 21653, 21665, 21859, 22217, 22272, 22731, 22734, 22934, 23266, 23368, 23923, 23990, 24085, 24151, 24297, 25123, 25177, 25214, 25220, 25225, 25291, 25414, 25433, 26281, 26342, 26532, 26928, 26935, 26959, 26975, 27269, 27332, 27340, 27347, 27512, 27615, 27982, 28031, 28036, 28064, 28349, 28357, 28365, 28436, 28444, 28560, 28694, 28730, 28836, 28927, 28935, 28962, 29142, 29287, 29706, 29782, 29901, 29938, 30045, 30054, 30133, 30243, 30294, 30969, 31437, 32312, 32710, 36234, 36686, 36695, 37381, 37626, 37672, 37887, 38315, 38654, 38784, 38793, 38872, 38889, 38923, 39473, 39481, 39764, 40384, 40387, 40573, 41055, 41095, 41102, 41434, 41510, 41897, 42253, 42369, 43522, 44350, 44458, 44886, 45291, 45303, 45697, 46182, 49211, 50572, 50583, 50984, 51208, 51616, 52887, 53745, 53857, 54318, 54367, 54381, 54449, 55084, 55184, 55415, 55623, 55936, 56062, 56071, 56093, 56101, 56681, 56729, 56762, 56938, 57214, 57522, 57739, 57741, 57959, 57965, 57975, 57982, 58642, 58650, 58699, 58850, 58874, 58876, 59175, 59179, 59419, 59464, 59533, 59547, 59562, 60273, 60381, 60388, 60415, 60439, 60678, 60839, 60917, 60922, 60937, 61095, 61322, 61335, 61418, 61442, 61648, 61762, 61928, 62183, 62310, 62327, 62410, 62422, 65042, 65050, 65480, 66109, 66990, 67067, 67225, 67607, 67635, 67656, 67670, 67778, 67782, 67788, 67835, 67877, 67884, 67962, 67965, 68016, 68027, 68037, 68638, 68744, 69291, 69968, 70282, 70732, 71817, 72648, 72993, 73137, 74486, 74648, 74671, 74728, 75506, 75515, 75521, 75645, 75686, 75744, 75770, 75778, 75821, 75848, 76334, 76350, 76385, 76467, 76571, 76630, 77098, 77120, 77234, 77616, 78223, 78268, 78309, 78381, 78421, 78806, 78885, 78942, 78978, 79101, 79177, 79325, 79528, 79548, 79820, 80385, 80439, 80600, 80684, 80699, 80837, 81003, 81009, 81053, 81108, 81197, 81312, 81507, 81821, 81874, 81889, 81897, 81947, 82046, 82093, 82232, 82241, 82248, 82616, 82691, 83035, 83212, 83223, 83304, 83439, 83447, 83594, 83615, 84189, 84459, 84486, 84525, 84565, 84570, 84575, 84597, 84622, 84708, 85393, 85616, 85813, 85859, 86149, 86485, 86762, 86831, 87045, 87069, 87143, 87180, 87270, 87334, 87390, 87833, 88012, 88019, 88304, 88436, 88749, 88821, 88978, 89552, 89568, 89649, 90050, 90131, 90338, 90512, 90755, 90765, 90770, 90779, 90801, 90806, 90812, 90816, 90821, 90839, 90979, 91062, 91182, 91210, 91268, 91272, 91275, 91419, 91539, 91886, 91892, 91907, 92041, 92285, 92512, 92718, 93783, 94162, 94723, 94847, 94853, 94874, 94961, 95007, 95019, 95919, 96017, 96031, 96180, 96253, 96295, 96340, 96782, 96967, 96974, 97408, 97636, 97665, 97743, 97807, 97872, 98017, 98120, 98239, 98840, 98921, 99120, 99144, 99190, 99366, 99610, 99628, 99895, 99970, 99990, 100281, 100596, 100604, 100794, 101658, 101706, 101794, 102043, 102059, 102183, 102206, 102238, 102263, 102276, 102302, 102318, 102344, 102412, 102510, 102651, 102810, 102901, 102943, 103015, 104175, 104335, 104365, 104400, 105509, 105564, 105569, 106066, 106408, 106418, 106429, 106440, 106451, 106457, 106578, 106684, 106695, 106707, 106814, 106881, 107678, 107754, 107760, 107815, 107837, 107846, 107850, 107971, 108000, 108012, 108116, 108198, 108340, 108799, 109031, 109039, 109069, 109739, 109769, 109775, 109796, 109852, 109961, 110186, 110491, 110750, 111063, 111733, 111795, 111858, 112459, 112488, 112787, 112826, 112831, 112837, 112905, 113861, 113934, 113974, 114027, 114224, 114265, 115032, 115151, 115364, 115390, 115508, 115670, 115700, 115712, 115751, 115875, 115976, 116764, 117064, 117114, 117334, 117645, 117741, 117907, 117979, 118023, 118044, 118489, 118681, 118735, 118765, 119620, 120351, 120373, 120729, 120822, 121090, 121118, 123145, 123158, 123198, 123361, 123364, 123366, 123467, 125555, 125562, 125642, 125655, 125661, 125726, 126693, 126702, 127286, 127421, 127431, 127698, 127700, 128203, 128416, 128422, 128462, 128588, 128906, 128930, 129021, 129174, 129297, 129304, 129312, 129322, 129342, 129410, 129773, 129789, 129836, 129847, 129850, 129900, 129978, 130067, 130126, 130226, 130250, 130298, 130305, 130326, 130339, 130513, 130523, 130687, 131231, 131434, 131530, 131704, 132014, 132029, 132442, 132485, 133061, 133197, 133385, 133388, 133458, 133612, 133786, 133837, 133893, 134322, 134469, 134509, 134539, 134677, 135141, 135167, 135182, 135221, 135258, 135345, 135366, 135383, 135485, 135562, 135816, 135826, 135911, 136019, 136174, 136698, 137003, 137238, 137394, 137406, 137427, 137437, 137815, 137850, 137886, 137895, 137903, 137940, 137980, 138343, 138547, 138575, 138666, 138741, 138933, 139708, 139732, 139751, 139785, 140136, 140162, 140281, 140662, 141977, 142193, 142291, 142481, 142943, 143015, 143030, 143074, 143104, 143133, 143145, 143171, 143257, 143285, 143323, 143521, 143965, 144192, 144302, 144627, 144655, 144691, 144900, 145102, 145125, 145357, 145376, 145390, 145588, 145785, 145873, 145919, 146059, 146189, 146203, 146422, 146597, 146790, 146826, 146842, 146848, 146856, 146971, 147394, 147462, 147474, 147598, 147604, 147686, 147787, 147977, 148319, 148436, 148765, 149456, 149571, 149616, 149639, 149722, 149802, 149834, 149937, 149946, 149956, 149963, 149989, 150111, 150216, 150383, 150561, 150579, 150772, 150961, 151049, 151115, 151126, 151144, 151159, 151175, 151218, 151332, 151652, 151712, 151737, 151760, 151829, 151930, 152328, 152360, 152436, 152459, 152466, 152647, 152926, 153193, 153328, 153784, 153792, 153919, 154071, 154172, 154328, 154361, 154461, 154728, 154951, 154955, 155072, 155133, 155168, 155318, 155365, 155522, 155847, 156007, 156110, 156156, 156292, 156311, 156316, 156351, 156447, 156461, 156495, 156516, 156520, 156528, 156555, 156583, 157024, 157397, 157490, 157915, 157918, 158128, 158208, 158285, 158370, 158410, 158502, 158589, 158877, 158898, 158919, 158932, 159142, 159157, 159173, 159249, 159258, 159287, 159316, 159346, 159413, 159588, 159774, 159787, 159803, 160039, 160049, 160073, 160083, 160443, 160483, 160760, 161523, 161577, 161598, 161837, 162065, 162301, 162527, 162625, 162689, 162694, 162704, 162964, 163100, 163154, 163176, 163216, 163230, 163346, 163414, 163562, 164134, 164286, 165317, 165489, 165828, 165931, 165986, 166051, 166523, 166777, 166788, 166793, 166801, 166806, 166878, 166971, 167035, 167100, 167162, 167330, 167338, 167361, 167779, 167784, 167839, 167852, 167873, 167891, 168126, 168200, 168205, 168327, 168413, 168711, 168714, 168997, 169186, 169571, 169575, 170332, 170732, 170756, 170830, 171001, 171012, 171115, 171157, 171164, 171415, 171419, 171470, 171644, 171702, 171849, 171859, 171952, 171957, 172171, 172423, 172429, 172435, 172445, 172455, 172462, 172497, 172503, 172506, 172569, 172645, 172700, 172915, 173026, 173034, 173050, 173084, 173244, 173536, 173660, 173665, 173754, 173773, 174095, 174102, 174265, 175012, 175340, 175345, 175386, 175557, 175606, 175612, 175623, 175631, 175780, 175845, 175851, 175856, 176749, 176854, 177079, 177087, 177186, 177206, 177243, 177279, 177333, 177384, 177483, 177849, 178029, 178042, 178088, 178120, 178177, 178238, 178243, 178293, 178408, 178413, 178946, 178978, 179023, 179045, 179137, 179194, 179242, 179339, 179410, 179564, 179897, 179960, 180014, 180139, 180146, 180182, 180200, 180393, 180849, 180855, 181015, 181424, 181578, 181726, 182984, 183168, 183609, 183706, 183748, 183762, 183782, 183869, 183990, 184736, 184746, 184946, 185011, 185066, 185106, 185112, 185136, 185401, 186206, 186419, 186427, 187159, 187635, 188191, 188472, 188757, 188962, 189150, 189313, 189582, 189608, 190184, 190191, 190711, 190781, 190912, 191049, 191187, 191246, 191450, 191467, 191495, 191513, 191693, 192139, 192425, 193838, 194106, 194130, 194189, 195058, 195316, 195379, 195732, 196196, 196264, 196279, 196355, 196375, 196381, 196390, 196417, 196462, 196560, 196613, 196983, 197228, 197325, 197560, 197629, 197633, 197855, 197920, 198083, 198156, 198312, 198506, 198584, 198598, 198626, 198801, 198846, 198853, 198891, 199020, 199122, 199130, 199135, 199144, 199151, 199159, 199328, 199462, 199490, 199569, 199775, 199875, 200023, 200094, 200263, 200776, 200779, 200917, 201935, 201963, 202740, 202861, 203170, 204691, 204753, 204799, 204854, 205472, 205484, 205531, 205813, 205830, 205858, 205867, 205877, 205886, 205996, 206341, 207130, 208399, 209321, 209329, 209336, 209396, 210002, 210262, 210507, 210525, 210534, 210566, 210610, 210613, 210620, 210623, 210715, 210717, 210754, 210797, 210818, 211686, 211858, 212473, 212498, 212511, 212538, 212834, 213411, 213569, 213656, 213833, 214454, 214767, 214773, 215401, 215709, 216718, 217096, 217363, 217667]
18,448,[1181, 1336, 1366, 1398, 1401, 1671, 1999, 2047, 2294, 2332, 2518, 2798, 2999, 3232, 3245, 3389, 3612, 4329, 4371, 4970, 5682, 5696, 6077, 6646, 6719, 7131, 7446, 7515, 7595, 7615, 7687, 8385, 8632, 9399, 9481, 12840, 12884, 12928, 14016, 14401, 14405, 14416, 14421, 15006, 15089, 15470, 15696, 16042, 16254, 16411, 16596, 16833, 19543, 19703, 20259, 20275, 20851, 23058, 23789, 24063, 24071, 24258, 24292, 24576, 24579, 24601, 24746, 25038, 26680, 26693, 27293, 27750, 27833, 28023, 28028, 28217, 28505, 28520, 28533, 28627, 28739, 28953, 29038, 29187, 30038, 30218, 30355, 30792, 31115, 31241, 32019, 32270, 32289, 32515, 32694, 33827, 35571, 35680, 36434, 36802, 37351, 37541, 39558, 40240, 40898, 40971, 41614, 43142, 43642, 43680, 43865, 44480, 44945, 45008, 45162, 45195, 45529, 45674, 45684, 45916, 45985, 46469, 46863, 47023, 47127, 47421, 47639, 47653, 48795, 48981, 50370, 50730, 50826, 51040, 51718, 52102, 52231, 52317, 53298, 53401, 54607, 54696, 54704, 54793, 54978, 55318, 55406, 55754, 57130, 57357, 57639, 59220, 59426, 59437, 59531, 59858, 60039, 60269, 60380, 60456, 60702, 60871, 61483, 61503, 61513, 63840, 64330, 64944, 64963, 65501, 65656, 65664, 65711, 65726, 66057, 66488, 66612, 67135, 67140, 67146, 68020, 68193, 69080, 69841, 70396, 70578, 71913, 72457, 72470, 72701, 73119, 74479, 75103, 76772, 77891, 78806, 78846, 79121, 79245, 79428, 79773, 80158, 80222, 80563, 80954, 81022, 82299, 82346, 82414, 82506, 82908, 83397, 84138, 84141, 84144, 84267, 84761, 85189, 85213, 85621, 88777, 88845, 89359, 89715, 89907, 90454, 90637, 90702, 90721, 90830, 92289, 92361, 92833, 93927, 94013, 94296, 94419, 94470, 94484, 95103, 95118, 95141, 95156, 95977, 96587, 96852, 96886, 97085, 97597, 97608, 97625, 98676, 98750, 99597, 99931, 100027, 100283, 100316, 100479, 100575, 100767, 100984, 101209, 101291, 101916, 102507, 103062, 103274, 103343, 105310, 105470, 105683, 105940, 106117, 106144, 106285, 106299, 106354, 106534, 106577, 106655, 106663, 106715, 106759, 106765, 106828, 107190, 107211, 107226, 107560, 108006, 108057, 108378, 108388, 108501, 108571, 108597, 108676, 108694, 108962, 108982, 109157, 109500, 110099, 110108, 110145, 110180, 110212, 110538, 110615, 111212, 111383, 111398, 111609, 111848, 111861, 112264, 112430, 112485, 112631, 112674, 112883, 112910, 112953, 112963, 112989, 113081, 113107, 113322, 113495, 113516, 114354, 115400, 115415, 115775, 115798, 115939, 116211, 116297, 116540, 116640, 117083, 117148, 117264, 117414, 117751, 117768, 117848, 117904, 117946, 118168, 118191, 118332, 118604, 118690, 118932, 119032, 119475, 119540, 119656, 119806, 120143, 120160, 120240, 120296, 120338, 120653, 120740, 120771, 120819, 120829, 120904, 121276, 122153, 122341, 122567, 123231, 123380, 124070, 124163, 124559, 124593, 124663, 124922, 124973, 125938, 127121, 127584, 127591, 127698, 127714, 127772, 127811, 127945, 128029, 128053, 128092, 128226, 128310, 128363, 128568, 128673, 128827, 129143, 129804, 129950, 130674, 132206, 132373, 132567, 132597, 133181, 133454, 133482, 133494, 135612, 136062, 136152, 136243, 136266, 140111, 140457, 141037, 141117, 141126, 141149, 141164, 141198, 143673, 143686, 144027, 145155, 145626, 145727, 145804, 145829, 146699, 146758, 147256, 147288, 147358, 147562, 147958, 147971, 148328, 148769, 148810, 148948]
19,45,[172, 180, 546, 688, 747, 793, 799, 851, 1406, 1501, 1509, 2173, 2320, 2443, 2560, 2917, 3714, 5219, 5884, 5897, 6684, 10275, 11530, 12103, 12363, 12607, 14024, 14042, 15336, 16083, 16099, 16159, 17088, 17235, 17562, 17612, 18907, 19154, 19605, 20229, 20246, 22348, 23313, 23700, 26159]
20,290,[68, 223, 321, 549, 605, 728, 788, 1550, 1597, 1894, 1937, 2021, 2351, 2353, 2386, 2592, 2803, 2911, 2964, 3007, 3022, 3158, 3260, 3551, 3852, 3894, 3964, 4039, 4245, 4766, 5067, 5163, 5233, 5278, 5388, 5664, 5801, 5831, 5883, 6059, 6156, 7065, 7137, 7400, 7492, 7694, 8507, 9174, 9455, 9669, 9930, 9993, 10274, 10342, 10836, 11094, 11101, 11549, 12134, 12137, 12142, 12146, 12479, 12574, 12600, 12754, 13355, 13423, 13694, 14359, 14374, 14484, 14493, 14527, 14532, 14778, 15084, 15467, 15579, 15764, 15859, 16200, 17200, 17247, 17451, 18635, 18641, 18646, 18745, 18766, 18840, 18855, 18943, 19024, 20763, 20859, 20953, 21240, 21248, 21551, 21738, 21803, 21855, 21859, 21903, 21917, 21988, 22291, 22297, 23074, 23580, 23683, 23707, 23849, 25051, 25611, 25961, 26066, 26541, 26708, 26810, 26968, 26974, 27013, 27041, 27248, 27653, 27677, 27837, 28046, 28111, 28277, 28283, 28516, 28571, 28639, 28654, 28952, 29124, 29215, 29258, 29348, 29475, 29488, 29913, 30247, 30498, 30634, 31014, 31262, 31307, 31854, 31894, 32263, 33504, 33893, 33946, 34002, 34006, 34011, 34317, 34938, 35111, 37365, 37419, 38020, 38056, 38242, 38458, 38657, 38723, 38827, 38885, 38928, 39783, 39903, 40173, 40502, 40507, 40750, 41101, 41599, 41812, 42003, 42399, 42534, 42573, 43088, 43238, 43273, 43306, 43901, 43914, 43938, 44067, 44138, 44211, 44281, 44505, 44512, 44970, 45363, 45372, 45507, 45589, 45595, 46465, 46692, 46878, 47224, 47356, 47620, 47962, 47984, 48097, 48121, 49221, 49325, 49444, 49546, 49637, 49740, 50362, 50632, 50795, 51080, 51773, 52453, 52692, 52997, 53301, 53459, 53614, 54089, 54147, 54478, 55482, 55990, 57472, 57494, 57506, 57695, 57822, 57857, 58114, 58192, 58389, 59058, 59239, 59555, 59895, 59924, 60229, 60364, 60399, 60670, 60684, 60700, 60733, 61405, 61709, 61785, 62293, 62429, 62625, 62704, 62749, 62753, 62844, 62958, 63047, 63137, 63188, 63377, 63784, 63842, 64041, 64305, 64359, 64558, 64643, 64715, 64852, 64873, 65134, 65140, 65173, 65311, 65437, 65455]
21,163,[216, 1191, 3201, 3223, 3660, 3700, 3718, 3956, 4560, 5231, 5297, 5309, 5437, 5666, 5752, 5880, 6310, 6851, 6907, 7763, 8141, 8193, 8413, 8529, 8542, 8854, 8906, 9423, 9559, 9867, 10053, 10077, 10148, 10777, 11270, 12183, 12213, 12783, 12831, 13227, 13239, 13445, 13569, 13578, 13613, 13660, 13903, 13916, 14095, 14125, 14267, 14288, 14560, 14822, 15080, 15660, 15850, 15914, 15927, 15936, 16070, 16100, 16445, 16558, 16831, 16938, 17089, 17128, 17136, 17366, 17414, 17455, 17589, 17619, 18710, 18771, 18934, 18973, 19178, 19344, 19484, 19499, 19769, 19794, 19874, 20520, 20582, 20700, 20731, 20846, 20922, 20957, 21470, 21842, 22678, 22752, 22942, 23313, 23355, 23420, 23623, 23716, 23724, 23741, 23939, 24053, 24162, 24430, 24494, 24525, 24650, 25207, 25369, 25555, 25682, 25731, 25736, 25854, 26231, 26716, 26917, 27021, 27062, 27065, 27073, 27218, 27365, 28080, 28197, 28549, 28732, 29092, 29968, 30019, 30024, 30114, 30367, 30512, 30996, 31140, 31460, 31709, 31712, 31862, 31968, 32169, 32179, 32207, 32214, 32225, 32384, 32835, 32897, 32918, 32931, 32974, 33105, 33442, 33476, 33788, 34363, 35045, 35857]
22,68,[625, 633, 12139, 12333, 12334, 34208, 41024, 41189, 42518, 49173, 59292, 60560, 60979, 61358, 61737, 63851, 63854, 63940, 66111, 66290, 67111, 67578, 69553, 69561, 71195, 71494, 71548, 71936, 75078, 76998, 80846, 84074, 87702, 89640, 101974, 103887, 104449, 107012, 110482, 111168, 118249, 122845, 123855, 125951, 126233, 129286, 130943, 131202, 134676, 134858, 134892, 135495, 135500, 135506, 136703, 138814, 138956, 139501, 140203, 141759, 144431, 144440, 146415, 155091, 155141, 156853, 156978, 160436]
23,94,[223, 246, 408, 673, 1011, 1174, 1319, 1362, 1693, 1752, 2067, 2079, 2115, 2134, 2543, 2807, 2818, 3143, 3230, 3563, 3843, 4035, 4397, 4752, 4852, 5698, 5746, 6117, 6556, 7952, 8758, 10951, 11283, 11747, 12132, 12858, 13404, 13535, 13699, 13859, 14045, 14938, 15309, 15419, 15711, 15993, 16639, 18428, 18749, 19460, 19522, 19697, 19788, 19804, 19822, 20073, 20366, 20742, 20947, 20973, 21118, 21255, 21607, 22832, 23043, 23108, 23581, 23589, 24914, 24940, 24972, 25046, 25733, 26922, 27154, 27684, 28545, 28738, 28856, 29205, 29483, 29506, 29526, 29538, 29554, 29556, 29783, 29790, 29831, 30190, 30350, 30540, 30617, 30734]
24,125,[499, 643, 920, 1136, 1435, 1505, 1705, 1857, 2115, 2131, 2542, 3181, 3423, 3432, 3440, 3452, 3526, 3545, 4104, 4792, 5242, 6120, 6706, 6990, 7024, 7322, 8884, 8922, 8969, 9082, 9152, 9516, 9952, 9958, 10595, 10670, 11797, 12079, 12086, 12250, 12718, 12827, 13293, 13302, 13443, 13450, 13498, 13944, 13949, 14055, 14482, 14509, 14634, 14659, 15028, 15415, 15531, 15780, 16395, 16518, 17770, 17863, 17889, 19838, 19974, 21359, 22101, 22988, 23990, 24073, 24836, 25227, 25428, 25947, 26432, 26559, 28144, 29175, 29210, 29418, 30165, 30369, 30566, 30662, 30749, 30756, 30764, 31664, 31958, 32044, 32253, 32437, 32515, 32705, 32936, 32970, 33211, 33585, 33869, 35383, 35782, 35786, 36052, 36574, 37199, 37204, 37406, 37514, 38321, 38376, 39894, 40075, 40096, 41493, 41577, 41786, 42168, 42305, 42383, 43136, 43147, 44280, 44735, 44838, 44845]
25,186,[2520, 2544, 3762, 4740, 5631, 6831, 7721, 9818, 11094, 13153, 14102, 14902, 15590, 16605, 17323, 18281, 19977, 21264, 22095, 22270, 22936, 23946, 25517, 26419, 27433, 28172, 29038, 29814, 30627, 31441, 32348, 33715, 34535, 35481, 36602, 38569, 39315, 40196, 40922, 41737, 42551, 43782, 44796, 45776, 46576, 47248, 48077, 49043, 50051, 51377, 52160, 53065, 54523, 55203, 55319, 56140, 57381, 59310, 59849, 60592, 62198, 63520, 65086, 66623, 68778, 69944, 70747, 71641, 72583, 73543, 75786, 76676, 77706, 78994, 79156, 80294, 81463, 82637, 83868, 85071, 86053, 86828, 87899, 88609, 89905, 90885, 91763, 92448, 92480, 93429, 94183, 94271, 95021, 96402, 97289, 98124, 98257, 99082, 100476, 101899, 102680, 103779, 104619, 105570, 106214, 108755, 109629, 110971, 112607, 112731, 113338, 114652, 115468, 116295, 117812, 118704, 121130, 122114, 122989, 123822, 125053, 126354, 127263, 129387, 130574, 131495, 132403, 133571, 134775, 135218, 136335, 137118, 137475, 138993, 140508, 141419, 142673, 143242, 144387, 145037, 145673, 146466, 147323, 148063, 148762, 149473, 150211, 150985, 151079, 151959, 153636, 155248, 156441, 157323, 158222, 159346, 160221, 161286, 162290, 163311, 164483, 165475, 166532, 167223, 168082, 169033, 170800, 171646, 172797, 174168, 175175, 175918, 176352, 176592, 177152, 178096, 181422, 182973, 184233, 185316, 186100, 186785, 188459, 189527, 193052, 199588]
26,293,[428, 587, 685, 915, 971, 1094, 1154, 1924, 1971, 2273, 2323, 2407, 2744, 2746, 2779, 3014, 3245, 3366, 3427, 3472, 3487, 3639, 3743, 4043, 4351, 4393, 4463, 4538, 4748, 5284, 5582, 5678, 5749, 5794, 5905, 6182, 6319, 6349, 6401, 6578, 6675, 7586, 7658, 7923, 8015, 8216, 9042, 9727, 10008, 10222, 10484, 10545, 10827, 10895, 11399, 11666, 11673, 12117, 12720, 12724, 12729, 12733, 13066, 13160, 13186, 13342, 13941, 14008, 14279, 14956, 14972, 15086, 15096, 15134, 15139, 15392, 15717, 16107, 16221, 16409, 16505, 16845, 17853, 17905, 18118, 19344, 19350, 19355, 19454, 19475, 19550, 19563, 19650, 19731, 21497, 21596, 21691, 21984, 21992, 22297, 22488, 22555, 22610, 22614, 22658, 22672, 22743, 23048, 23054, 23845, 24349, 24451, 24474, 24613, 25837, 26409, 26758, 26862, 27342, 27527, 27631, 27792, 27798, 27837, 27866, 28073, 28480, 28504, 28665, 28881, 28945, 29114, 29120, 29346, 29401, 29469, 29485, 29788, 29966, 30058, 30101, 30191, 30319, 30333, 30760, 31095, 31351, 31489, 31881, 32131, 32175, 32727, 32766, 33136, 34379, 34771, 34824, 34881, 34885, 34890, 35201, 35830, 36004, 38281, 38335, 38938, 38974, 39186, 39400, 39601, 39667, 39771, 39828, 39872, 40721, 40841, 41112, 41441, 41446, 41688, 42036, 42537, 42746, 42937, 43335, 43469, 43510, 44038, 44188, 44223, 44256, 44861, 44875, 44899, 45031, 45101, 45176, 45246, 45475, 45482, 45958, 46360, 46371, 46508, 46590, 46596, 47470, 47696, 47882, 48226, 48358, 48627, 48975, 48997, 49110, 49134, 50262, 50371, 50491, 50594, 50679, 50785, 51411, 51684, 51848, 52137, 52853, 53553, 53790, 54105, 54424, 54585, 54741, 55251, 55311, 55639, 56641, 57151, 58641, 58662, 58674, 58869, 58999, 59035, 59302, 59380, 59580, 60311, 60495, 60835, 61185, 61214, 61524, 61660, 61696, 61968, 61981, 61997, 62031, 62709, 63012, 63088, 63237, 63463, 63630, 63767, 63965, 64043, 64089, 64093, 64187, 64302, 64400, 64496, 64549, 64744, 65168, 65228, 65431, 65701, 65757, 65957, 66043, 66115, 66254, 66275, 66546, 66552, 66585, 66724, 66850, 66868, 67411]
27,271,[573, 763, 967, 1582, 2629, 3092, 4381, 4618, 4831, 5072, 5301, 5521, 6141, 8969, 9186, 9229, 10581, 10611, 10801, 11098, 11239, 11974, 12875, 13264, 13571, 13737, 13877, 14889, 15418, 15468, 15547, 15618, 16093, 16665, 16957, 17070, 17862, 18058, 18347, 18748, 18901, 19055, 20271, 20506, 20517, 20529, 20715, 20929, 21025, 21526, 21607, 21876, 21934, 21976, 22103, 22128, 22239, 22627, 23482, 23624, 24152, 24614, 25022, 25119, 25160, 25352, 25589, 25814, 25969, 26186, 28175, 29217, 29798, 30635, 30660, 31947, 32478, 33825, 33835, 33891, 34757, 34897, 35062, 35183, 36743, 37099, 37245, 37649, 37657, 38501, 39243, 39285, 39347, 39765, 39889, 39910, 39988, 40193, 40216, 40913, 40943, 41491, 41558, 41932, 42219, 42297, 44356, 44360, 44536, 44713, 44758, 44990, 44996, 45439, 45470, 45586, 45664, 46018, 46863, 48193, 48753, 48773, 50352, 50439, 50586, 50965, 51115, 51618, 51876, 52189, 52504, 52722, 52800, 53133, 53777, 54143, 55902, 56476, 56508, 56547, 56795, 57358, 57604, 58636, 58646, 60520, 61048, 61136, 61300, 61408, 61972, 62002, 63395, 63800, 63813, 63969, 64219, 64644, 64820, 66048, 66174, 67095, 68863, 69230, 69241, 69629, 70556, 70585, 71054, 72009, 72177, 72704, 73189, 73302, 73561, 73862, 73872, 74216, 74277, 74676, 75247, 76577, 77140, 77156, 77191, 77647, 77968, 78645, 79125, 79402, 79675, 80738, 82495, 82768, 83110, 83981, 84042, 84204, 84261, 85718, 85729, 85891, 86066, 86249, 87147, 87476, 88274, 88371, 88394, 88509, 88786, 89086, 89213, 89804, 89849, 90068, 90411, 91086, 91748, 91985, 92542, 92618, 92901, 92990, 93277, 93346, 93384, 93453, 93602, 93614, 93707, 93874, 94345, 94437, 94713, 95145, 95167, 95564, 96444, 97208, 97693, 97775, 99690, 100012, 100440, 100626, 101751, 102628, 102640, 102676, 102729, 103934, 104022, 104423, 104646, 104771, 104871, 105180, 105219, 105979, 106001, 106784, 107270, 107306, 107435, 108096, 108298, 108648, 108858, 109308, 109376]
28,38,[702, 1068, 1727, 1764, 1796, 3529, 3660, 3686, 3727, 4522, 4864, 5115, 5236, 5308, 5634, 5940, 6455, 6637, 6795, 7144, 7251, 7722, 8030, 8347, 8662, 9120, 9229, 9251, 9537, 9588, 9656, 10065, 10308, 10465, 10811, 11153, 11514, 11542]
30,968,[1678, 6177, 7065, 10729, 11145, 12573, 12809, 15351, 15656, 15673, 17238, 19974, 21003, 21497, 21847, 21861, 22084, 26362, 27050, 30257, 30385, 30772, 31002, 31009, 32467, 32964, 33592, 33597, 33965, 34070, 34443, 34773, 37567, 39006, 39317, 41070, 41078, 42903, 42917, 44522, 52666, 60851, 65676, 77448, 83185, 83329, 85567, 86829, 87161, 87765, 89290, 90431, 90435, 94372, 95739, 96330, 96638, 96806, 97213, 97856, 98160, 98643, 101129, 105559, 106408, 107519, 108528, 108648, 109138, 110947, 110968, 110977, 111134, 118556, 125346, 125365, 127614, 128020, 128083, 128096, 133735, 135561, 136026, 136639, 137933, 139022, 139030, 141035, 144045, 145009, 145625, 145842, 148139, 148296, 148450, 150036, 150726, 150729, 150987, 152824, 154497, 155915, 155946, 155977, 156171, 156206, 156891, 156974, 159123, 160225, 160702, 160975, 161166, 162921, 163925, 165259, 167288, 167422, 167975, 169723, 170461, 171852, 172566, 172616, 173839, 174964, 176510, 177248, 178222, 178225, 179298, 179388, 179529, 179546, 181812, 181826, 182467, 182810, 182817, 184695, 184824, 184850, 185947, 186417, 187911, 188445, 189261, 192559, 197142, 197518, 197524, 197818, 198285, 199684, 199850, 201087, 201328, 201954, 206108, 206124, 206903, 207587, 209781, 209959, 210209, 211303, 211733, 211737, 211912, 211972, 211976, 213935, 216085, 216556, 217684, 218591, 219323, 221372, 224495, 224988, 226155, 226167, 226169, 226560, 226646, 227080, 228596, 228724, 229668, 230000, 230208, 230343, 230445, 232148, 233168, 236464, 236531, 239136, 239311, 240493, 240977, 241015, 241849, 243030, 243154, 243418, 243431, 243439, 243754, 244056, 244331, 244375, 245061, 245118, 245349, 245958, 248319, 248716, 249535, 250495, 251030, 252281, 252366, 252428, 252568, 253558, 254965, 255178, 255833, 256181, 256195, 256355, 257930, 259795, 260855, 264193, 264702, 265215, 265522, 266251, 266271, 267074, 269424, 269496, 270339, 272142, 273405, 273665, 274139, 275602, 276478, 276915, 277022, 277226, 277306, 278771, 279536, 279683, 279766, 283589, 284230, 286276, 286318, 286696, 288286, 288864, 288891, 289059, 291914, 292760, 293078, 293281, 294052, 294144, 294660, 294699, 295137, 295271, 297764, 297865, 298024, 298087, 298402, 299594, 299689, 299693, 299776, 299843, 300392, 300571, 300581, 300660, 301042, 301202, 302036, 302239, 302389, 303783, 303791, 304388, 304831, 305081, 305093, 305101, 306065, 307638, 307714, 307722, 307940, 307950, 308183, 308188, 308538, 308542, 308548, 308987, 309021, 309029, 309041, 309061, 309288, 309331, 309348, 309427, 309434, 309440, 309446, 309489, 309574, 309582, 310326, 310331, 310356, 310363, 310371, 310589, 310623, 311431, 311719, 312043, 312913, 312926, 313139, 313198, 313203, 313359, 313562, 313701, 314091, 314096, 314538, 315479, 315487, 315500, 315552, 315580, 317945, 318520, 318527, 319360, 320138, 320235, 322380, 323473, 323754, 323761, 324240, 324282, 324437, 325248, 326373, 326379, 326749, 326914, 327689, 327918, 328115, 330013, 330176, 331086, 331094, 331124, 331873, 332672, 332679, 334138, 334143, 334148, 334154, 334162, 334406, 334413, 334420, 334428, 334434, 334441, 334450, 335081, 335434, 335442, 336747, 336754, 336763, 337664, 337671, 337674, 338647, 339029, 340856, 340869, 340912, 340940, 341405, 341926, 341935, 341952, 342132, 342363, 342386, 342490, 342500, 343024, 343634, 343741, 344343, 344349, 344355, 344457, 345436, 345445, 347975, 351286, 351902, 351930, 352138, 352506, 353327, 353330, 353333, 353336, 353339, 353344, 353720, 354467, 354643, 355762, 355768, 355775, 355781, 355858, 356343, 357289, 357430, 357433, 357806, 357843, 357913, 358093, 358774, 358792, 358987, 359175, 359284, 359289, 359340, 359386, 359453, 360317, 360526, 360831, 361562, 362388, 362709, 362745, 363182, 365509, 368983, 369430, 369439, 372322, 372900, 373837, 375117, 375120, 375262, 376995, 377003, 378361, 378463, 380258, 380290, 380308, 380538, 380689, 380738, 381247, 381717, 381725, 381793, 381800, 381809, 382063, 382162, 382564, 382650, 383633, 383640, 385378, 385394, 385740, 385747, 385760, 385775, 386144, 386332, 386792, 386950, 389661, 390643, 391670, 392112, 392117, 392887, 393510, 398157, 398166, 398654, 401393, 401400, 401404, 402611, 403270, 404008, 404404, 404840, 404845, 406036, 406050, 408289, 408372, 410815, 415844, 420947, 422746, 423089, 423098, 423101, 423107, 424690, 424699, 424702, 424708, 426951, 428217, 428862, 434444, 462271, 463018, 464175, 464520, 467240, 472421, 473463, 475648, 476366, 476419, 477367, 478244, 478253, 478297, 478898, 480833, 482084, 483060, 483068, 483083, 483952, 484278, 484827, 485006, 485013, 485685, 486449, 488454, 488943, 490568, 490627, 494810, 495437, 495445, 496211, 497043, 501103, 501142, 501237, 503207, 503210, 503369, 504088, 504136, 506700, 507858, 508782, 509059, 511630, 511923, 512594, 513728, 514843, 515665, 515754, 516264, 517259, 517565, 518061, 518582, 518600, 521936, 522691, 523768, 525369, 526818, 527032, 527362, 527543, 528551, 530210, 531505, 531968, 532171, 532176, 533521, 534279, 534468, 535450, 535474, 535816, 536247, 537266, 537273, 537415, 538963, 539460, 541957, 541974, 542015, 543439, 543488, 543737, 544609, 547046, 547253, 547441, 547992, 549210, 549246, 549322, 550955, 551935, 553576, 553640, 553647, 554029, 554476, 554946, 555523, 555824, 555857, 556112, 558383, 558464, 558869, 559064, 559076, 561724, 563934, 564734, 565679, 566612, 566849, 567604, 568549, 568691, 568781, 568949, 569046, 569459, 569683, 569788, 570012, 571407, 571515, 571574, 571927, 571981, 572106, 572958, 572990, 573448, 573666, 574005, 574014, 574158, 574219, 574752, 574948, 575130, 575651, 576184, 577211, 577526, 578846, 579472, 579515, 579591, 579824, 580705, 580998, 581067, 581152, 581379, 582409, 583773, 583821, 583996, 584581, 584701, 584718, 584837, 584964, 584973, 585312, 585430, 585597, 585969, 585976, 586066, 586083, 586096, 586201, 586431, 587063, 587372, 587412, 587474, 587745, 587901, 587954, 587978, 587990, 588001, 588007, 588012, 588130, 588166, 588399, 588407, 588750, 588761, 588945, 589115, 589649, 589656, 589661, 590288, 590318, 590626, 591291, 591324, 591332, 591344, 591350, 591395, 591564, 591765, 592144, 592447, 592530, 592534, 592873, 592930, 593115, 593122, 593491, 594852, 594860, 594869, 595465, 597128, 598934, 599046, 599223, 599267, 599326, 599573, 599669, 599961, 599987, 600285, 600508, 600566, 601345, 601490, 601885, 602646, 602651, 603375, 603406, 603590, 603755, 603770, 603805, 603819, 603867, 604006, 604117, 604139, 604922, 605156, 605560, 605602, 605735, 605862, 605878, 606002, 606085, 606146, 606245, 606287, 606301, 606534, 606574, 606801, 607032, 607293, 608576, 608797, 609285, 609304, 609800, 609806, 609891, 609917, 609973, 610083, 610385, 610612, 611016, 611050, 611088, 611106, 611614, 611682, 612128, 612433, 612463, 612628, 612773, 612809, 612958, 613010, 613100, 613240, 613682, 613693, 613880, 613908, 614433, 614798, 615160, 615168, 615195, 615207, 615251, 615455, 615493, 615668, 615696, 615874, 616037, 616307, 616818, 617100, 617697, 617730, 617825, 617956, 618132, 618191, 618270, 618351, 618376, 618945, 619024, 619154, 619211, 619363, 619446, 619502, 619584, 619655, 619763, 619914, 619927, 619976, 619993, 620053, 620555, 621279, 621450, 621684, 621966, 622057, 622235, 622487, 622667, 622849, 624209, 624495, 624500, 624635, 624748, 625054, 625150, 625280, 625329, 625346, 625590, 625806, 625815, 625833, 625955, 626107, 626281, 626383, 626666, 626819, 627292, 627601, 627667, 628769, 629120, 629676, 629752, 630208, 630439, 630632, 630981, 630991, 631119, 631193, 631290, 631587, 631886, 631910, 632010, 632988, 633077, 633852, 635219, 635981, 636412, 636417, 637037, 637378, 637465, 638634, 638642]
