6,1,[214]
8,1,[215]
9,4,[410, 1825, 2195, 2516]
10,250,[1145, 1249, 1279, 3976, 4276, 4976, 5566, 5642, 6704, 30083, 37856, 38570, 41602, 41653, 41836, 43853, 50229, 59635, 60109, 60143, 62236, 63233, 64358, 75716, 79894, 85157, 86153, 87307, 87362, 88660, 89249, 93280, 93772, 106517, 107959, 122278, 124945, 127774, 130924, 133512, 134715, 136068, 139209, 142115, 142211, 142293, 157115, 159434, 182622, 184181, 186029, 190711, 204095, 204108, 209681, 225682, 258070, 263533, 263870, 269820, 272720, 274596, 278381, 287483, 293627, 298672, 305821, 307884, 308851, 310499, 312342, 321340, 322330, 326923, 333340, 335231, 337498, 338825, 338893, 339152, 339396, 339517, 340341, 342686, 345174, 350924, 354726, 361080, 361091, 363208, 363213, 364164, 364169, 365571, 367500, 368636, 369164, 369573, 369618, 369675, 371664, 374766, 387392, 393111, 394236, 395070, 395188, 395224, 397004, 397934, 400086, 400449, 400454, 401707, 404035, 406906, 407282, 412058, 413140, 413144, 414655, 416235, 420954, 424306, 425880, 426023, 428448, 432329, 433224, 434704, 437417, 449470, 452181, 453402, 455150, 458051, 458072, 459487, 463555, 463905, 466679, 466727, 468049, 468157, 468324, 469174, 469719, 470628, 477693, 477767, 478299, 483891, 487821, 490821, 490896, 490945, 495782, 498398, 498430, 499130, 499140, 500471, 500514, 500734, 500942, 500961, 500967, 502713, 503440, 504071, 505137, 505566, 505632, 506278, 512894, 514498, 516644, 517004, 517487, 518716, 518818, 518821, 520064, 520113, 521421, 523389, 524705, 525757, 526896, 527129, 527395, 528215, 532528, 532905, 533049, 533866, 535441, 535513, 535714, 535752, 536323, 538491, 538517, 538526, 540388, 542867, 544515, 546134, 547326, 551884, 551967, 552004, 552044, 552081, 552139, 552162, 554264, 557838, 566480, 566513, 568005, 570781, 572350, 573863, 575010, 577980, 584446, 584597, 587958, 591762, 593491, 596752, 596761, 597571, 605313, 605380, 606851, 607172, 608022, 608063, 612832, 617063, 623999, 624288, 624304, 624362, 628656, 630301, 636348, 638097]
11,13,[3383, 4044, 4166, 4368, 5702, 13675, 14279, 15357, 17481, 17872, 19285, 20558, 20793]
12,5,[4730, 13369, 14455, 16913, 18802]
13,3,[692, 2184, 3384]
15,137,[7463, 10549, 11421, 12139, 13782, 14276, 14405, 16505, 19423, 22716, 23252, 25081, 25971, 26046, 27991, 29512, 30428, 32349, 34689, 34986, 35794, 37323, 38826, 39085, 45107, 45369, 47454, 48271, 48839, 49419, 50895, 52883, 53756, 54630, 54668, 56526, 56996, 63251, 63889, 68069, 69779, 69877, 70218, 70376, 72174, 74678, 75118, 75442, 75977, 76441, 79174, 79424, 80344, 83178, 85208, 86132, 86494, 87038, 88707, 89342, 90847, 92032, 93399, 96287, 97755, 98365, 101183, 102707, 103545, 103833, 104443, 104670, 108585, 109881, 110031, 110686, 111652, 111894, 112541, 115208, 115251, 116957, 118228, 119018, 119956, 120561, 122225, 122245, 122372, 123922, 123975, 124275, 127057, 130996, 131252, 132557, 134396, 135607, 136550, 136689, 138286, 139206, 139233, 139716, 142605, 143869, 146995, 147679, 147831, 149236, 150046, 150102, 151355, 153530, 155286, 155495, 155742, 157260, 158392, 160592, 161425, 161524, 162153, 163387, 165116, 165834, 166328, 166346, 168946, 169565, 169775, 170487, 172505, 173009, 173190, 173571, 173807]
16,15,[458, 1623, 2805, 4443, 6212, 7362, 9066, 10613, 14069, 15580, 15686, 16005, 17161, 24984, 25537]
17,72,[1249, 31207, 31212, 32609, 34544, 35691, 36252, 36667, 36711, 36769, 38160, 52044, 52067, 54339, 55152, 56722, 56803, 57087, 60548, 76553, 80655, 92974, 105460, 117708, 117796, 119318, 121950, 130855, 141275, 142104, 143125, 143158, 144331, 144449, 150550, 150572, 151810, 160906, 161317, 161396, 161867, 162405, 164949, 165068, 167400, 173910, 173997, 174021, 174127, 174159, 174516, 174788, 176177, 176290, 176361, 178480, 178490, 180268, 180857, 183865, 185719, 186602, 192108, 192283, 193641, 194192, 197175, 207900, 210795, 211752, 215630, 215642]
18,142,[2026, 4293, 5195, 5199, 5282, 5293, 5301, 5742, 6021, 9090, 10444, 10536, 11285, 14015, 14752, 15030, 15677, 15932, 19233, 19679, 20214, 21063, 21144, 21350, 21501, 21925, 24048, 25815, 26673, 27257, 28447, 29880, 31263, 32412, 34272, 35365, 35485, 35952, 36838, 37581, 37616, 39032, 39124, 42096, 42627, 43066, 43507, 43878, 45339, 45412, 47792, 50084, 51414, 59811, 60338, 62772, 63152, 63523, 67448, 69386, 70168, 71251, 73053, 73259, 74473, 75459, 75784, 77002, 78709, 78831, 79044, 80124, 80135, 80199, 80529, 82692, 83272, 83731, 85770, 86221, 86623, 87593, 91242, 91408, 91821, 91949, 92538, 93320, 93665, 94079, 94937, 95720, 95838, 96075, 96259, 97152, 97255, 97643, 99768, 104667, 104935, 105265, 105555, 105772, 107459, 107478, 107492, 107852, 108993, 109164, 109217, 109976, 112916, 113033, 115420, 115782, 116074, 116918, 117098, 118175, 118467, 119310, 119490, 126286, 126952, 127018, 128884, 131575, 132704, 133991, 135021, 135635, 138467, 139037, 139234, 140636, 143097, 144371, 144490, 147988, 148360, 148975]
19,4,[5464, 6007, 10080, 18947]
20,17,[3473, 5661, 7154, 8570, 12524, 12818, 13286, 17508, 17984, 32470, 32919, 33849, 35770, 44793, 61967, 62051, 63782]
21,10,[3260, 9645, 10223, 10914, 12158, 12460, 19300, 23446, 24965, 25428]
22,30,[4503, 6223, 7407, 7410, 7427, 7496, 7498, 7507, 7544, 7567, 7771, 7774, 7781, 13914, 13917, 14080, 64118, 64912, 67877, 68143, 75065, 77575, 80613, 86360, 95712, 97296, 99373, 102946, 112377, 154327]
23,30,[642, 1706, 2832, 3090, 3859, 5349, 5468, 5997, 6341, 9021, 11955, 18541, 18781, 19365, 19706, 20088, 20176, 20201, 20941, 21578, 22770, 23808, 23865, 23887, 24580, 25985, 26000, 26628, 29562, 29586]
24,7,[7317, 9946, 16969, 17545, 17658, 21968, 26565]
25,3,[61931, 182210, 182228]
26,18,[3958, 6179, 7601, 7675, 9108, 13111, 13406, 13871, 18177, 18687, 33344, 33795, 34725, 36670, 45776, 63268, 63354, 65166]
27,44,[571, 1260, 1557, 1762, 1793, 2761, 3982, 4924, 4963, 9641, 11176, 11374, 12262, 19951, 21191, 21215, 27217, 27706, 29729, 48150, 50501, 52643, 57592, 60922, 62394, 63168, 63205, 64535, 65494, 66633, 67699, 68884, 71173, 73803, 73983, 75510, 75668, 77997, 85787, 87346, 90991, 96829, 97667, 102659]
28,3,[1252, 5240, 6706]
30,250,[1052, 1156, 1186, 3882, 4182, 4882, 5472, 5548, 6610, 29989, 37758, 38472, 41504, 41555, 41738, 43755, 50131, 59532, 60006, 60040, 62133, 63130, 64255, 75613, 79787, 85050, 86046, 87200, 87255, 88553, 89142, 93173, 93665, 106406, 107848, 122167, 124834, 127663, 130812, 133400, 134603, 135956, 139097, 142003, 142099, 142181, 157002, 159321, 182490, 184049, 185897, 190579, 203953, 203966, 209539, 225532, 257914, 263377, 263714, 269664, 272564, 274440, 278226, 287327, 293470, 298514, 305663, 307726, 308693, 310341, 312183, 321181, 322171, 326764, 333181, 335072, 337339, 338666, 338734, 338993, 339237, 339358, 340182, 342527, 345015, 350765, 354567, 360920, 360931, 363045, 363050, 364001, 364006, 365408, 367337, 368473, 369001, 369410, 369455, 369512, 371501, 374603, 387229, 392945, 394070, 394904, 395022, 395058, 396838, 397768, 399920, 400283, 400288, 401541, 403869, 406740, 407116, 411892, 412974, 412978, 414489, 416069, 420788, 424140, 425714, 425857, 428281, 432159, 433054, 434534, 437247, 449300, 452011, 453232, 454980, 457881, 457902, 459317, 463384, 463734, 466508, 466556, 467878, 467986, 468153, 469003, 469548, 470457, 477525, 477599, 478131, 483726, 487659, 490661, 490736, 490785, 495623, 498229, 498261, 498961, 498971, 500302, 500345, 500565, 500773, 500792, 500798, 502544, 503271, 503902, 504968, 505397, 505463, 506109, 512725, 514329, 516472, 516832, 517315, 518544, 518646, 518649, 519892, 519941, 521249, 523217, 524533, 525585, 526724, 526957, 527223, 528040, 532353, 532730, 532874, 533691, 535266, 535338, 535539, 535577, 536148, 538316, 538342, 538351, 540213, 542692, 544340, 545959, 547151, 551706, 551789, 551826, 551866, 551903, 551961, 551984, 554086, 557660, 566300, 566333, 567825, 570601, 572170, 573683, 574830, 577800, 584266, 584412, 587773, 591577, 593300, 596561, 596570, 597380, 605111, 605178, 606644, 606965, 607815, 607856, 612609, 616820, 623745, 624034, 624050, 624108, 628393, 630038, 636073, 637822]
6,1,[214]
8,1,[215]
9,4,[410, 1825, 2195, 2516]
10,250,[1145, 1249, 1279, 3976, 4276, 4976, 5566, 5642, 6704, 30083, 37856, 38570, 41602, 41653, 41836, 43853, 50229, 59635, 60109, 60143, 62236, 63233, 64358, 75716, 79894, 85157, 86153, 87307, 87362, 88660, 89249, 93280, 93772, 106517, 107959, 122278, 124945, 127774, 130924, 133512, 134715, 136068, 139209, 142115, 142211, 142293, 157115, 159434, 182622, 184181, 186029, 190711, 204095, 204108, 209681, 225682, 258070, 263533, 263870, 269820, 272720, 274596, 278381, 287483, 293627, 298672, 305821, 307884, 308851, 310499, 312342, 321340, 322330, 326923, 333340, 335231, 337498, 338825, 338893, 339152, 339396, 339517, 340341, 342686, 345174, 350924, 354726, 361080, 361091, 363208, 363213, 364164, 364169, 365571, 367500, 368636, 369164, 369573, 369618, 369675, 371664, 374766, 387392, 393111, 394236, 395070, 395188, 395224, 397004, 397934, 400086, 400449, 400454, 401707, 404035, 406906, 407282, 412058, 413140, 413144, 414655, 416235, 420954, 424306, 425880, 426023, 428448, 432329, 433224, 434704, 437417, 449470, 452181, 453402, 455150, 458051, 458072, 459487, 463555, 463905, 466679, 466727, 468049, 468157, 468324, 469174, 469719, 470628, 477693, 477767, 478299, 483891, 487821, 490821, 490896, 490945, 495782, 498398, 498430, 499130, 499140, 500471, 500514, 500734, 500942, 500961, 500967, 502713, 503440, 504071, 505137, 505566, 505632, 506278, 512894, 514498, 516644, 517004, 517487, 518716, 518818, 518821, 520064, 520113, 521421, 523389, 524705, 525757, 526896, 527129, 527395, 528215, 532528, 532905, 533049, 533866, 535441, 535513, 535714, 535752, 536323, 538491, 538517, 538526, 540388, 542867, 544515, 546134, 547326, 551884, 551967, 552004, 552044, 552081, 552139, 552162, 554264, 557838, 566480, 566513, 568005, 570781, 572350, 573863, 575010, 577980, 584446, 584597, 587958, 591762, 593491, 596752, 596761, 597571, 605313, 605380, 606851, 607172, 608022, 608063, 612832, 617063, 623999, 624288, 624304, 624362, 628656, 630301, 636348, 638097]
11,13,[3383, 4044, 4166, 4368, 5702, 13675, 14279, 15357, 17481, 17872, 19285, 20558, 20793]
12,5,[4730, 13369, 14455, 16913, 18802]
13,3,[692, 2184, 3384]
15,137,[7463, 10549, 11421, 12139, 13782, 14276, 14405, 16505, 19423, 22716, 23252, 25081, 25971, 26046, 27991, 29512, 30428, 32349, 34689, 34986, 35794, 37323, 38826, 39085, 45107, 45369, 47454, 48271, 48839, 49419, 50895, 52883, 53756, 54630, 54668, 56526, 56996, 63251, 63889, 68069, 69779, 69877, 70218, 70376, 72174, 74678, 75118, 75442, 75977, 76441, 79174, 79424, 80344, 83178, 85208, 86132, 86494, 87038, 88707, 89342, 90847, 92032, 93399, 96287, 97755, 98365, 101183, 102707, 103545, 103833, 104443, 104670, 108585, 109881, 110031, 110686, 111652, 111894, 112541, 115208, 115251, 116957, 118228, 119018, 119956, 120561, 122225, 122245, 122372, 123922, 123975, 124275, 127057, 130996, 131252, 132557, 134396, 135607, 136550, 136689, 138286, 139206, 139233, 139716, 142605, 143869, 146995, 147679, 147831, 149236, 150046, 150102, 151355, 153530, 155286, 155495, 155742, 157260, 158392, 160592, 161425, 161524, 162153, 163387, 165116, 165834, 166328, 166346, 168946, 169565, 169775, 170487, 172505, 173009, 173190, 173571, 173807]
16,15,[458, 1623, 2805, 4443, 6212, 7362, 9066, 10613, 14069, 15580, 15686, 16005, 17161, 24984, 25537]
17,72,[1249, 31207, 31212, 32609, 34544, 35691, 36252, 36667, 36711, 36769, 38160, 52044, 52067, 54339, 55152, 56722, 56803, 57087, 60548, 76553, 80655, 92974, 105460, 117708, 117796, 119318, 121950, 130855, 141275, 142104, 143125, 143158, 144331, 144449, 150550, 150572, 151810, 160906, 161317, 161396, 161867, 162405, 164949, 165068, 167400, 173910, 173997, 174021, 174127, 174159, 174516, 174788, 176177, 176290, 176361, 178480, 178490, 180268, 180857, 183865, 185719, 186602, 192108, 192283, 193641, 194192, 197175, 207900, 210795, 211752, 215630, 215642]
18,142,[2026, 4293, 5195, 5199, 5282, 5293, 5301, 5742, 6021, 9090, 10444, 10536, 11285, 14015, 14752, 15030, 15677, 15932, 19233, 19679, 20214, 21063, 21144, 21350, 21501, 21925, 24048, 25815, 26673, 27257, 28447, 29880, 31263, 32412, 34272, 35365, 35485, 35952, 36838, 37581, 37616, 39032, 39124, 42096, 42627, 43066, 43507, 43878, 45339, 45412, 47792, 50084, 51414, 59811, 60338, 62772, 63152, 63523, 67448, 69386, 70168, 71251, 73053, 73259, 74473, 75459, 75784, 77002, 78709, 78831, 79044, 80124, 80135, 80199, 80529, 82692, 83272, 83731, 85770, 86221, 86623, 87593, 91242, 91408, 91821, 91949, 92538, 93320, 93665, 94079, 94937, 95720, 95838, 96075, 96259, 97152, 97255, 97643, 99768, 104667, 104935, 105265, 105555, 105772, 107459, 107478, 107492, 107852, 108993, 109164, 109217, 109976, 112916, 113033, 115420, 115782, 116074, 116918, 117098, 118175, 118467, 119310, 119490, 126286, 126952, 127018, 128884, 131575, 132704, 133991, 135021, 135635, 138467, 139037, 139234, 140636, 143097, 144371, 144490, 147988, 148360, 148975]
19,4,[5464, 6007, 10080, 18947]
20,17,[3473, 5661, 7154, 8570, 12524, 12818, 13286, 17508, 17984, 32470, 32919, 33849, 35770, 44793, 61967, 62051, 63782]
21,10,[3260, 9645, 10223, 10914, 12158, 12460, 19300, 23446, 24965, 25428]
22,30,[4503, 6223, 7407, 7410, 7427, 7496, 7498, 7507, 7544, 7567, 7771, 7774, 7781, 13914, 13917, 14080, 64118, 64912, 67877, 68143, 75065, 77575, 80613, 86360, 95712, 97296, 99373, 102946, 112377, 154327]
23,30,[642, 1706, 2832, 3090, 3859, 5349, 5468, 5997, 6341, 9021, 11955, 18541, 18781, 19365, 19706, 20088, 20176, 20201, 20941, 21578, 22770, 23808, 23865, 23887, 24580, 25985, 26000, 26628, 29562, 29586]
24,7,[7317, 9946, 16969, 17545, 17658, 21968, 26565]
25,3,[61931, 182210, 182228]
26,18,[3958, 6179, 7601, 7675, 9108, 13111, 13406, 13871, 18177, 18687, 33344, 33795, 34725, 36670, 45776, 63268, 63354, 65166]
27,44,[571, 1260, 1557, 1762, 1793, 2761, 3982, 4924, 4963, 9641, 11176, 11374, 12262, 19951, 21191, 21215, 27217, 27706, 29729, 48150, 50501, 52643, 57592, 60922, 62394, 63168, 63205, 64535, 65494, 66633, 67699, 68884, 71173, 73803, 73983, 75510, 75668, 77997, 85787, 87346, 90991, 96829, 97667, 102659]
28,3,[1252, 5240, 6706]
30,250,[1052, 1156, 1186, 3882, 4182, 4882, 5472, 5548, 6610, 29989, 37758, 38472, 41504, 41555, 41738, 43755, 50131, 59532, 60006, 60040, 62133, 63130, 64255, 75613, 79787, 85050, 86046, 87200, 87255, 88553, 89142, 93173, 93665, 106406, 107848, 122167, 124834, 127663, 130812, 133400, 134603, 135956, 139097, 142003, 142099, 142181, 157002, 159321, 182490, 184049, 185897, 190579, 203953, 203966, 209539, 225532, 257914, 263377, 263714, 269664, 272564, 274440, 278226, 287327, 293470, 298514, 305663, 307726, 308693, 310341, 312183, 321181, 322171, 326764, 333181, 335072, 337339, 338666, 338734, 338993, 339237, 339358, 340182, 342527, 345015, 350765, 354567, 360920, 360931, 363045, 363050, 364001, 364006, 365408, 367337, 368473, 369001, 369410, 369455, 369512, 371501, 374603, 387229, 392945, 394070, 394904, 395022, 395058, 396838, 397768, 399920, 400283, 400288, 401541, 403869, 406740, 407116, 411892, 412974, 412978, 414489, 416069, 420788, 424140, 425714, 425857, 428281, 432159, 433054, 434534, 437247, 449300, 452011, 453232, 454980, 457881, 457902, 459317, 463384, 463734, 466508, 466556, 467878, 467986, 468153, 469003, 469548, 470457, 477525, 477599, 478131, 483726, 487659, 490661, 490736, 490785, 495623, 498229, 498261, 498961, 498971, 500302, 500345, 500565, 500773, 500792, 500798, 502544, 503271, 503902, 504968, 505397, 505463, 506109, 512725, 514329, 516472, 516832, 517315, 518544, 518646, 518649, 519892, 519941, 521249, 523217, 524533, 525585, 526724, 526957, 527223, 528040, 532353, 532730, 532874, 533691, 535266, 535338, 535539, 535577, 536148, 538316, 538342, 538351, 540213, 542692, 544340, 545959, 547151, 551706, 551789, 551826, 551866, 551903, 551961, 551984, 554086, 557660, 566300, 566333, 567825, 570601, 572170, 573683, 574830, 577800, 584266, 584412, 587773, 591577, 593300, 596561, 596570, 597380, 605111, 605178, 606644, 606965, 607815, 607856, 612609, 616820, 623745, 624034, 624050, 624108, 628393, 630038, 636073, 637822]
