9,1,[2037]
10,407,[1518, 1533, 1725, 1939, 2017, 2032, 2124, 2450, 2595, 3482, 3706, 3832, 4423, 4481, 6010, 6017, 6058, 6191, 6354, 6381, 6487, 6510, 6520, 6525, 6545, 6557, 7818, 7863, 7886, 8435, 8516, 8885, 8905, 9795, 9825, 10037, 10353, 10389, 10462, 10582, 10601, 10651, 10704, 10727, 11146, 12271, 12362, 12381, 12468, 12674, 13104, 13129, 13148, 13183, 13465, 13779, 13795, 13960, 14120, 14139, 14153, 14526, 14535, 14579, 14590, 14626, 14646, 15101, 16102, 16136, 16151, 16240, 16255, 16306, 17015, 17144, 17368, 17449, 20449, 20543, 20617, 21752, 21759, 21791, 21810, 21824, 21909, 21917, 21935, 22245, 23172, 23202, 23228, 23292, 23363, 23921, 23939, 23974, 24169, 25618, 27954, 29046, 31250, 31258, 32268, 33888, 35033, 35081, 35117, 42823, 42879, 42903, 44274, 44523, 44533, 44542, 44561, 44662, 45480, 70826, 70882, 70939, 70955, 70970, 71008, 71048, 72171, 72179, 72197, 72262, 72430, 72451, 72763, 72895, 72914, 82241, 82288, 82301, 82312, 82720, 82740, 98171, 100673, 104844, 109097, 114347, 118276, 118922, 118980, 119549, 119620, 119696, 119847, 119963, 119982, 120562, 120610, 120640, 120654, 120687, 120708, 121200, 121219, 121259, 121264, 121312, 121372, 122537, 123341, 123965, 137999, 138015, 144402, 144418, 146326, 146677, 146781, 147335, 151986, 151992, 153333, 153577, 153778, 153807, 153826, 153840, 153850, 153958, 153983, 154281, 154308, 154467, 154491, 154497, 154627, 159170, 159550, 159616, 159651, 159768, 159784, 161471, 161583, 161587, 161692, 161939, 162277, 162924, 164338, 170723, 173930, 173997, 174209, 174558, 178173, 178451, 179102, 179182, 179204, 179255, 179277, 180069, 181416, 181910, 183047, 183816, 183852, 184066, 188172, 188371, 188722, 188753, 189018, 189020, 189049, 189054, 189173, 189427, 201058, 201149, 202721, 202794, 204627, 207924, 209305, 209310, 211685, 211697, 211739, 211772, 211820, 212124, 213987, 217658, 217711, 218187, 222547, 225230, 229471, 235856, 239146, 239404, 239512, 239542, 239584, 239672, 239990, 240542, 240575, 243006, 243031, 243161, 243536, 243715, 244564, 260038, 261757, 266609, 267305, 269313, 275647, 278321, 287430, 294646, 294732, 295118, 295137, 297666, 303010, 306661, 337055, 341388, 346703, 347131, 351548, 351757, 351770, 360049, 387287, 387408, 393978, 394507, 395558, 396284, 401992, 438249, 439787, 439900, 439994, 442926, 444958, 450887, 471775, 472027, 475299, 475302, 480127, 495446, 495461, 495495, 496255, 496489, 496576, 498444, 498461, 500139, 504592, 507342, 507593, 507632, 507704, 507735, 508115, 510082, 510101, 510108, 510133, 514331, 516028, 519355, 519373, 522452, 522519, 522565, 522919, 524396, 524408, 524424, 524466, 524475, 528137, 528267, 528375, 528488, 529412, 530628, 531766, 534707, 541065, 541184, 542265, 543097, 543656, 545248, 545259, 545275, 545285, 545316, 545323, 562863, 567066, 567076, 567188, 576892, 581669, 593400, 594008, 594023, 594030, 594035, 594058, 594156, 594180, 594191, 594232, 594236, 594273, 594289, 594434, 594442, 594445, 594564, 594569, 594705, 595024, 607716, 607798, 607843, 607868, 607873, 614286, 614425, 614882, 616986, 626253, 639492, 640493]
11,1,[7320]
12,1,[23297]
15,26,[10680, 14248, 18833, 27289, 36350, 69000, 69432, 98069, 98087, 121168, 121913, 127859, 143975, 147446, 147546, 147703, 155554, 156125, 162348, 163394, 163412, 163413, 163619, 163678, 163684, 163698]
16,4,[3743, 11727, 33693, 34042]
17,30,[657, 729, 4816, 4965, 13092, 13100, 13109, 16924, 45887, 46333, 56144, 66697, 75781, 99269, 101193, 101213, 131502, 139187, 177816, 177834, 182367, 185606, 185735, 205283, 205293, 205335, 205346, 206100, 206690, 206704]
19,10,[3332, 11734, 12439, 12835, 16131, 23378, 23668, 24365, 27466, 27607]
20,4,[41318, 43890, 50232, 50844]
21,9,[1015, 10746, 16937, 20362, 23351, 23354, 23415, 33635, 35380]
22,12,[10797, 13381, 48979, 48981, 51399, 147573, 147587, 147599, 147606, 147650, 147749, 156734]
23,15,[3373, 4206, 8692, 8704, 10790, 14221, 14296, 14557, 15113, 17162, 18748, 25141, 27649, 27721, 28898]
24,32,[3554, 3690, 11133, 11881, 12123, 14658, 14796, 14874, 15068, 15432, 16780, 17988, 21015, 21042, 21382, 28677, 28709, 28801, 28899, 32022, 32051, 32119, 34885, 38080, 38595, 38991, 39161, 39170, 41238, 41324, 42872, 43027]
26,4,[42255, 44850, 51277, 51897]
27,63,[350, 1185, 7013, 16663, 17046, 17233, 18670, 21948, 22010, 22027, 23719, 23746, 29855, 30668, 34247, 34393, 42871, 42940, 45322, 62556, 62610, 63084, 64476, 70160, 70400, 70530, 72790, 72873, 74741, 78502, 80808, 81056, 81178, 81217, 81372, 82810, 83113, 83473, 87156, 90975, 92299, 92316, 93136, 93276, 93871, 93934, 93961, 96132, 96335, 96357, 98606, 99052, 99876, 99881, 99884, 99994, 100949, 103587, 104344, 109411, 109489, 109505, 109528]
28,5,[7448, 7478, 7506, 11130, 11257]
30,407,[1425, 1440, 1632, 1846, 1924, 1939, 2031, 2357, 2502, 3388, 3612, 3738, 4329, 4387, 5916, 5923, 5964, 6097, 6260, 6287, 6393, 6416, 6426, 6431, 6451, 6463, 7724, 7769, 7792, 8341, 8422, 8791, 8811, 9701, 9731, 9943, 10259, 10295, 10368, 10488, 10507, 10557, 10610, 10633, 11052, 12177, 12268, 12287, 12374, 12580, 13010, 13035, 13054, 13089, 13371, 13685, 13701, 13866, 14026, 14045, 14059, 14432, 14441, 14485, 14496, 14532, 14552, 15007, 16008, 16042, 16057, 16146, 16161, 16212, 16921, 17050, 17274, 17355, 20355, 20449, 20523, 21658, 21665, 21697, 21716, 21730, 21815, 21823, 21841, 22151, 23078, 23108, 23134, 23198, 23269, 23827, 23845, 23880, 24075, 25524, 27860, 28952, 31156, 31164, 32170, 33790, 34935, 34983, 35019, 42725, 42781, 42805, 44176, 44425, 44435, 44444, 44463, 44564, 45382, 70723, 70779, 70836, 70852, 70867, 70905, 70945, 72068, 72076, 72094, 72159, 72327, 72348, 72660, 72792, 72811, 82134, 82181, 82194, 82205, 82613, 82633, 98064, 100566, 104737, 108986, 114236, 118165, 118811, 118869, 119438, 119509, 119585, 119736, 119852, 119871, 120451, 120499, 120529, 120543, 120576, 120597, 121089, 121108, 121148, 121153, 121201, 121261, 122426, 123230, 123854, 137887, 137903, 144289, 144305, 146213, 146564, 146668, 147222, 151873, 151879, 153220, 153464, 153665, 153694, 153713, 153727, 153737, 153845, 153870, 154168, 154195, 154354, 154378, 154384, 154514, 159057, 159437, 159503, 159538, 159654, 159670, 161357, 161469, 161473, 161578, 161816, 162154, 162801, 164215, 170600, 173807, 173874, 174086, 174435, 178050, 178328, 178979, 179059, 179081, 179132, 179154, 179946, 181293, 181787, 182915, 183684, 183720, 183934, 188040, 188239, 188590, 188621, 188886, 188888, 188917, 188922, 189041, 189295, 200916, 201007, 202579, 202652, 204485, 207782, 209163, 209168, 211543, 211555, 211597, 211630, 211678, 211982, 213845, 217518, 217571, 218047, 222397, 225080, 229321, 235706, 238993, 239251, 239359, 239389, 239431, 239519, 239837, 240389, 240422, 242853, 242878, 243008, 243383, 243562, 244411, 259882, 261601, 266453, 267149, 269157, 275491, 278166, 287274, 294489, 294575, 294961, 294980, 297508, 302852, 306503, 336896, 341229, 346544, 346972, 351389, 351598, 351611, 359889, 387124, 387245, 393812, 394341, 395392, 396118, 401826, 438079, 439617, 439730, 439824, 442756, 444788, 450717, 471605, 471857, 475129, 475132, 479959, 495287, 495302, 495336, 496086, 496320, 496407, 498275, 498292, 499970, 504423, 507173, 507424, 507463, 507535, 507566, 507946, 509913, 509932, 509939, 509964, 514162, 515856, 519183, 519201, 522280, 522347, 522393, 522747, 524224, 524236, 524252, 524294, 524303, 527962, 528092, 528200, 528313, 529237, 530453, 531591, 534532, 540890, 541009, 542090, 542922, 543481, 545073, 545084, 545100, 545110, 545141, 545148, 562685, 566886, 566896, 567008, 576712, 581489, 593209, 593817, 593832, 593839, 593844, 593867, 593965, 593989, 594000, 594041, 594045, 594082, 594098, 594243, 594251, 594254, 594373, 594378, 594514, 594833, 607509, 607591, 607636, 607661, 607666, 614052, 614191, 614648, 616743, 625996, 639217, 640218]
9,1,[2037]
10,407,[1518, 1533, 1725, 1939, 2017, 2032, 2124, 2450, 2595, 3482, 3706, 3832, 4423, 4481, 6010, 6017, 6058, 6191, 6354, 6381, 6487, 6510, 6520, 6525, 6545, 6557, 7818, 7863, 7886, 8435, 8516, 8885, 8905, 9795, 9825, 10037, 10353, 10389, 10462, 10582, 10601, 10651, 10704, 10727, 11146, 12271, 12362, 12381, 12468, 12674, 13104, 13129, 13148, 13183, 13465, 13779, 13795, 13960, 14120, 14139, 14153, 14526, 14535, 14579, 14590, 14626, 14646, 15101, 16102, 16136, 16151, 16240, 16255, 16306, 17015, 17144, 17368, 17449, 20449, 20543, 20617, 21752, 21759, 21791, 21810, 21824, 21909, 21917, 21935, 22245, 23172, 23202, 23228, 23292, 23363, 23921, 23939, 23974, 24169, 25618, 27954, 29046, 31250, 31258, 32268, 33888, 35033, 35081, 35117, 42823, 42879, 42903, 44274, 44523, 44533, 44542, 44561, 44662, 45480, 70826, 70882, 70939, 70955, 70970, 71008, 71048, 72171, 72179, 72197, 72262, 72430, 72451, 72763, 72895, 72914, 82241, 82288, 82301, 82312, 82720, 82740, 98171, 100673, 104844, 109097, 114347, 118276, 118922, 118980, 119549, 119620, 119696, 119847, 119963, 119982, 120562, 120610, 120640, 120654, 120687, 120708, 121200, 121219, 121259, 121264, 121312, 121372, 122537, 123341, 123965, 137999, 138015, 144402, 144418, 146326, 146677, 146781, 147335, 151986, 151992, 153333, 153577, 153778, 153807, 153826, 153840, 153850, 153958, 153983, 154281, 154308, 154467, 154491, 154497, 154627, 159170, 159550, 159616, 159651, 159768, 159784, 161471, 161583, 161587, 161692, 161939, 162277, 162924, 164338, 170723, 173930, 173997, 174209, 174558, 178173, 178451, 179102, 179182, 179204, 179255, 179277, 180069, 181416, 181910, 183047, 183816, 183852, 184066, 188172, 188371, 188722, 188753, 189018, 189020, 189049, 189054, 189173, 189427, 201058, 201149, 202721, 202794, 204627, 207924, 209305, 209310, 211685, 211697, 211739, 211772, 211820, 212124, 213987, 217658, 217711, 218187, 222547, 225230, 229471, 235856, 239146, 239404, 239512, 239542, 239584, 239672, 239990, 240542, 240575, 243006, 243031, 243161, 243536, 243715, 244564, 260038, 261757, 266609, 267305, 269313, 275647, 278321, 287430, 294646, 294732, 295118, 295137, 297666, 303010, 306661, 337055, 341388, 346703, 347131, 351548, 351757, 351770, 360049, 387287, 387408, 393978, 394507, 395558, 396284, 401992, 438249, 439787, 439900, 439994, 442926, 444958, 450887, 471775, 472027, 475299, 475302, 480127, 495446, 495461, 495495, 496255, 496489, 496576, 498444, 498461, 500139, 504592, 507342, 507593, 507632, 507704, 507735, 508115, 510082, 510101, 510108, 510133, 514331, 516028, 519355, 519373, 522452, 522519, 522565, 522919, 524396, 524408, 524424, 524466, 524475, 528137, 528267, 528375, 528488, 529412, 530628, 531766, 534707, 541065, 541184, 542265, 543097, 543656, 545248, 545259, 545275, 545285, 545316, 545323, 562863, 567066, 567076, 567188, 576892, 581669, 593400, 594008, 594023, 594030, 594035, 594058, 594156, 594180, 594191, 594232, 594236, 594273, 594289, 594434, 594442, 594445, 594564, 594569, 594705, 595024, 607716, 607798, 607843, 607868, 607873, 614286, 614425, 614882, 616986, 626253, 639492, 640493]
11,1,[7320]
12,1,[23297]
15,26,[10680, 14248, 18833, 27289, 36350, 69000, 69432, 98069, 98087, 121168, 121913, 127859, 143975, 147446, 147546, 147703, 155554, 156125, 162348, 163394, 163412, 163413, 163619, 163678, 163684, 163698]
16,4,[3743, 11727, 33693, 34042]
17,30,[657, 729, 4816, 4965, 13092, 13100, 13109, 16924, 45887, 46333, 56144, 66697, 75781, 99269, 101193, 101213, 131502, 139187, 177816, 177834, 182367, 185606, 185735, 205283, 205293, 205335, 205346, 206100, 206690, 206704]
19,10,[3332, 11734, 12439, 12835, 16131, 23378, 23668, 24365, 27466, 27607]
20,4,[41318, 43890, 50232, 50844]
21,9,[1015, 10746, 16937, 20362, 23351, 23354, 23415, 33635, 35380]
22,12,[10797, 13381, 48979, 48981, 51399, 147573, 147587, 147599, 147606, 147650, 147749, 156734]
23,15,[3373, 4206, 8692, 8704, 10790, 14221, 14296, 14557, 15113, 17162, 18748, 25141, 27649, 27721, 28898]
24,32,[3554, 3690, 11133, 11881, 12123, 14658, 14796, 14874, 15068, 15432, 16780, 17988, 21015, 21042, 21382, 28677, 28709, 28801, 28899, 32022, 32051, 32119, 34885, 38080, 38595, 38991, 39161, 39170, 41238, 41324, 42872, 43027]
26,4,[42255, 44850, 51277, 51897]
27,63,[350, 1185, 7013, 16663, 17046, 17233, 18670, 21948, 22010, 22027, 23719, 23746, 29855, 30668, 34247, 34393, 42871, 42940, 45322, 62556, 62610, 63084, 64476, 70160, 70400, 70530, 72790, 72873, 74741, 78502, 80808, 81056, 81178, 81217, 81372, 82810, 83113, 83473, 87156, 90975, 92299, 92316, 93136, 93276, 93871, 93934, 93961, 96132, 96335, 96357, 98606, 99052, 99876, 99881, 99884, 99994, 100949, 103587, 104344, 109411, 109489, 109505, 109528]
28,5,[7448, 7478, 7506, 11130, 11257]
30,407,[1425, 1440, 1632, 1846, 1924, 1939, 2031, 2357, 2502, 3388, 3612, 3738, 4329, 4387, 5916, 5923, 5964, 6097, 6260, 6287, 6393, 6416, 6426, 6431, 6451, 6463, 7724, 7769, 7792, 8341, 8422, 8791, 8811, 9701, 9731, 9943, 10259, 10295, 10368, 10488, 10507, 10557, 10610, 10633, 11052, 12177, 12268, 12287, 12374, 12580, 13010, 13035, 13054, 13089, 13371, 13685, 13701, 13866, 14026, 14045, 14059, 14432, 14441, 14485, 14496, 14532, 14552, 15007, 16008, 16042, 16057, 16146, 16161, 16212, 16921, 17050, 17274, 17355, 20355, 20449, 20523, 21658, 21665, 21697, 21716, 21730, 21815, 21823, 21841, 22151, 23078, 23108, 23134, 23198, 23269, 23827, 23845, 23880, 24075, 25524, 27860, 28952, 31156, 31164, 32170, 33790, 34935, 34983, 35019, 42725, 42781, 42805, 44176, 44425, 44435, 44444, 44463, 44564, 45382, 70723, 70779, 70836, 70852, 70867, 70905, 70945, 72068, 72076, 72094, 72159, 72327, 72348, 72660, 72792, 72811, 82134, 82181, 82194, 82205, 82613, 82633, 98064, 100566, 104737, 108986, 114236, 118165, 118811, 118869, 119438, 119509, 119585, 119736, 119852, 119871, 120451, 120499, 120529, 120543, 120576, 120597, 121089, 121108, 121148, 121153, 121201, 121261, 122426, 123230, 123854, 137887, 137903, 144289, 144305, 146213, 146564, 146668, 147222, 151873, 151879, 153220, 153464, 153665, 153694, 153713, 153727, 153737, 153845, 153870, 154168, 154195, 154354, 154378, 154384, 154514, 159057, 159437, 159503, 159538, 159654, 159670, 161357, 161469, 161473, 161578, 161816, 162154, 162801, 164215, 170600, 173807, 173874, 174086, 174435, 178050, 178328, 178979, 179059, 179081, 179132, 179154, 179946, 181293, 181787, 182915, 183684, 183720, 183934, 188040, 188239, 188590, 188621, 188886, 188888, 188917, 188922, 189041, 189295, 200916, 201007, 202579, 202652, 204485, 207782, 209163, 209168, 211543, 211555, 211597, 211630, 211678, 211982, 213845, 217518, 217571, 218047, 222397, 225080, 229321, 235706, 238993, 239251, 239359, 239389, 239431, 239519, 239837, 240389, 240422, 242853, 242878, 243008, 243383, 243562, 244411, 259882, 261601, 266453, 267149, 269157, 275491, 278166, 287274, 294489, 294575, 294961, 294980, 297508, 302852, 306503, 336896, 341229, 346544, 346972, 351389, 351598, 351611, 359889, 387124, 387245, 393812, 394341, 395392, 396118, 401826, 438079, 439617, 439730, 439824, 442756, 444788, 450717, 471605, 471857, 475129, 475132, 479959, 495287, 495302, 495336, 496086, 496320, 496407, 498275, 498292, 499970, 504423, 507173, 507424, 507463, 507535, 507566, 507946, 509913, 509932, 509939, 509964, 514162, 515856, 519183, 519201, 522280, 522347, 522393, 522747, 524224, 524236, 524252, 524294, 524303, 527962, 528092, 528200, 528313, 529237, 530453, 531591, 534532, 540890, 541009, 542090, 542922, 543481, 545073, 545084, 545100, 545110, 545141, 545148, 562685, 566886, 566896, 567008, 576712, 581489, 593209, 593817, 593832, 593839, 593844, 593867, 593965, 593989, 594000, 594041, 594045, 594082, 594098, 594243, 594251, 594254, 594373, 594378, 594514, 594833, 607509, 607591, 607636, 607661, 607666, 614052, 614191, 614648, 616743, 625996, 639217, 640218]
