10,16,[3404, 4210, 14568, 129347, 129421, 129523, 147414, 174577, 185952, 226294, 226314, 229011, 247814, 347272, 578395, 602898]
11,8,[5057, 5268, 5570, 5588, 5683, 5703, 5790, 6159]
12,7,[652, 755, 981, 995, 5487, 5700, 6128]
15,16,[5854, 5867, 6268, 8057, 8076, 9721, 10928, 11696, 28689, 44440, 52546, 82086, 101789, 147707, 163831, 170994]
16,40,[2129, 2142, 2155, 2265, 2511, 2649, 2716, 2737, 2771, 2797, 4639, 5097, 6913, 7008, 7081, 7403, 8027, 8154, 8757, 16313, 23270, 23377, 23561, 23578, 33482, 33969, 34244, 34252, 34334, 34482, 34516, 34615, 34641, 35106, 35122, 35479, 35532, 37202, 37756, 37800]
20,1,[17404]
21,2,[18691, 30667]
22,8,[32791, 32793, 34656, 34666, 34668, 46077, 108666, 109620]
23,1,[16773]
24,16,[2960, 5528, 5551, 6230, 6430, 14575, 24381, 24438, 24604, 27882, 28270, 29565, 37630, 39635, 39908, 42767]
26,1,[18071]
27,47,[268, 419, 1254, 1988, 14403, 19325, 19513, 20094, 20850, 21164, 23432, 23459, 23525, 23599, 23615, 23768, 24060, 26959, 41318, 41330, 41418, 41676, 42063, 42241, 42323, 42517, 51654, 56365, 57749, 63231, 63430, 63646, 66354, 75438, 79637, 79656, 79811, 80571, 83208, 83338, 86254, 86306, 86376, 86608, 88939, 99555, 107248]
28,3,[7592, 7638, 7655]
30,16,[3310, 4116, 14474, 129235, 129309, 129411, 147301, 174454, 185820, 226144, 226164, 228861, 247661, 347113, 578215, 602701]
10,16,[3404, 4210, 14568, 129347, 129421, 129523, 147414, 174577, 185952, 226294, 226314, 229011, 247814, 347272, 578395, 602898]
11,8,[5057, 5268, 5570, 5588, 5683, 5703, 5790, 6159]
12,7,[652, 755, 981, 995, 5487, 5700, 6128]
15,16,[5854, 5867, 6268, 8057, 8076, 9721, 10928, 11696, 28689, 44440, 52546, 82086, 101789, 147707, 163831, 170994]
16,40,[2129, 2142, 2155, 2265, 2511, 2649, 2716, 2737, 2771, 2797, 4639, 5097, 6913, 7008, 7081, 7403, 8027, 8154, 8757, 16313, 23270, 23377, 23561, 23578, 33482, 33969, 34244, 34252, 34334, 34482, 34516, 34615, 34641, 35106, 35122, 35479, 35532, 37202, 37756, 37800]
20,1,[17404]
21,2,[18691, 30667]
22,8,[32791, 32793, 34656, 34666, 34668, 46077, 108666, 109620]
23,1,[16773]
24,16,[2960, 5528, 5551, 6230, 6430, 14575, 24381, 24438, 24604, 27882, 28270, 29565, 37630, 39635, 39908, 42767]
26,1,[18071]
27,47,[268, 419, 1254, 1988, 14403, 19325, 19513, 20094, 20850, 21164, 23432, 23459, 23525, 23599, 23615, 23768, 24060, 26959, 41318, 41330, 41418, 41676, 42063, 42241, 42323, 42517, 51654, 56365, 57749, 63231, 63430, 63646, 66354, 75438, 79637, 79656, 79811, 80571, 83208, 83338, 86254, 86306, 86376, 86608, 88939, 99555, 107248]
28,3,[7592, 7638, 7655]
30,16,[3310, 4116, 14474, 129235, 129309, 129411, 147301, 174454, 185820, 226144, 226164, 228861, 247661, 347113, 578215, 602701]
