10,23,[305828, 423570, 423650, 423663, 432337, 432410, 439568, 453363, 467469, 468442, 470231, 490214, 499801, 499850, 500346, 500367, 511586, 525430, 535179, 583019, 624318, 631122, 634147]
14,55,[5772, 5854, 7899, 8582, 20726, 25260, 25500, 34657, 35530, 38655, 39116, 42279, 43968, 48869, 55894, 69496, 70265, 70992, 73119, 73127, 73906, 73914, 74757, 75688, 82065, 82086, 93126, 95336, 95499, 97081, 111170, 112377, 113980, 117231, 124438, 125333, 129825, 130965, 132670, 134027, 134044, 134227, 141204, 147882, 149079, 153424, 159353, 164656, 172717, 173204, 176708, 177243, 179501, 182244, 183068]
15,21,[3859, 4604, 4610, 14735, 33612, 34370, 34427, 36678, 48728, 51670, 51704, 53739, 54007, 72348, 108159, 154087, 154634, 154842, 157686, 170091, 170255]
16,1,[28635]
17,9,[17015, 108737, 154191, 177042, 179210, 179259, 181662, 201353, 201392]
19,10,[14, 1766, 2116, 2134, 3279, 4886, 12743, 15620, 17375, 22660]
20,17,[1479, 1915, 6674, 8091, 8840, 9357, 10577, 14628, 19740, 23934, 26807, 29596, 49176, 51415, 53734, 56190, 56248]
21,3,[16842, 33058, 33070]
22,23,[10577, 22721, 22724, 24784, 38300, 42893, 45923, 45932, 64634, 71712, 87742, 87752, 87762, 87772, 93870, 93873, 100693, 118416, 120428, 121745, 121748, 121751, 151405]
25,55,[6109, 6186, 8151, 8795, 20362, 24551, 24774, 33379, 34177, 37231, 37641, 40635, 42171, 46965, 53570, 66317, 67038, 67708, 69618, 69626, 70351, 70359, 71172, 72080, 78376, 78397, 89176, 91327, 91464, 92983, 106663, 107732, 109246, 112237, 119230, 120045, 124321, 125331, 126937, 128282, 128299, 128479, 135330, 141849, 142966, 146951, 152503, 157811, 165859, 166277, 169574, 170044, 172101, 174809, 175607]
26,27,[1854, 2297, 7192, 8613, 9384, 9910, 11138, 14166, 15237, 15670, 17868, 20454, 24698, 25188, 27628, 30438, 36279, 37762, 49372, 50217, 51255, 52473, 54866, 55137, 57347, 57405, 57702]
27,3,[722, 50647, 77033]
30,23,[305670, 423404, 423484, 423497, 432167, 432240, 439398, 453193, 467298, 468271, 470060, 490054, 499632, 499681, 500177, 500198, 511417, 525258, 535004, 582839, 624064, 630851, 633872]
10,23,[305828, 423570, 423650, 423663, 432337, 432410, 439568, 453363, 467469, 468442, 470231, 490214, 499801, 499850, 500346, 500367, 511586, 525430, 535179, 583019, 624318, 631122, 634147]
14,55,[5772, 5854, 7899, 8582, 20726, 25260, 25500, 34657, 35530, 38655, 39116, 42279, 43968, 48869, 55894, 69496, 70265, 70992, 73119, 73127, 73906, 73914, 74757, 75688, 82065, 82086, 93126, 95336, 95499, 97081, 111170, 112377, 113980, 117231, 124438, 125333, 129825, 130965, 132670, 134027, 134044, 134227, 141204, 147882, 149079, 153424, 159353, 164656, 172717, 173204, 176708, 177243, 179501, 182244, 183068]
15,21,[3859, 4604, 4610, 14735, 33612, 34370, 34427, 36678, 48728, 51670, 51704, 53739, 54007, 72348, 108159, 154087, 154634, 154842, 157686, 170091, 170255]
16,1,[28635]
17,9,[17015, 108737, 154191, 177042, 179210, 179259, 181662, 201353, 201392]
19,10,[14, 1766, 2116, 2134, 3279, 4886, 12743, 15620, 17375, 22660]
20,17,[1479, 1915, 6674, 8091, 8840, 9357, 10577, 14628, 19740, 23934, 26807, 29596, 49176, 51415, 53734, 56190, 56248]
21,3,[16842, 33058, 33070]
22,23,[10577, 22721, 22724, 24784, 38300, 42893, 45923, 45932, 64634, 71712, 87742, 87752, 87762, 87772, 93870, 93873, 100693, 118416, 120428, 121745, 121748, 121751, 151405]
25,55,[6109, 6186, 8151, 8795, 20362, 24551, 24774, 33379, 34177, 37231, 37641, 40635, 42171, 46965, 53570, 66317, 67038, 67708, 69618, 69626, 70351, 70359, 71172, 72080, 78376, 78397, 89176, 91327, 91464, 92983, 106663, 107732, 109246, 112237, 119230, 120045, 124321, 125331, 126937, 128282, 128299, 128479, 135330, 141849, 142966, 146951, 152503, 157811, 165859, 166277, 169574, 170044, 172101, 174809, 175607]
26,27,[1854, 2297, 7192, 8613, 9384, 9910, 11138, 14166, 15237, 15670, 17868, 20454, 24698, 25188, 27628, 30438, 36279, 37762, 49372, 50217, 51255, 52473, 54866, 55137, 57347, 57405, 57702]
27,3,[722, 50647, 77033]
30,23,[305670, 423404, 423484, 423497, 432167, 432240, 439398, 453193, 467298, 468271, 470060, 490054, 499632, 499681, 500177, 500198, 511417, 525258, 535004, 582839, 624064, 630851, 633872]
