10,13,[204136, 204144, 204153, 204210, 204219, 256945, 256960, 256967, 256973, 256988, 256995, 367583, 439638]
14,16,[23843, 24558, 26708, 75141, 90999, 101786, 107464, 140516, 140530, 140551, 142114, 145656, 145667, 146518, 149985, 149990]
15,10,[58706, 66482, 108920, 118627, 129314, 154849, 162311, 165149, 165243, 173531]
17,1,[34630]
19,1,[12045]
20,32,[1102, 2074, 2154, 3759, 3760, 4130, 5359, 5716, 8177, 8821, 10183, 11587, 22164, 23029, 24410, 28840, 29894, 30126, 30670, 31699, 33139, 33236, 34109, 35300, 36594, 36809, 36838, 40424, 42524, 50160, 51567, 56495]
21,3,[17270, 22218, 24883]
22,22,[6127, 7639, 32056, 35169, 35575, 35779, 35889, 35899, 35902, 35934, 36287, 37361, 37466, 39865, 39869, 39930, 84997, 91596, 98261, 98266, 98756, 111678]
23,2,[17550, 30539]
25,18,[23241, 23887, 25890, 35398, 71528, 87220, 97640, 103059, 120315, 134665, 134679, 134702, 136129, 139592, 139603, 143795, 143800, 167586]
26,24,[2460, 2544, 4258, 4259, 5876, 6234, 8699, 9364, 10735, 12155, 22919, 25184, 29673, 30740, 31525, 32571, 34115, 34985, 37503, 37721, 37750, 41365, 43459, 52641]
27,1,[33569]
30,13,[203994, 204002, 204011, 204068, 204077, 256789, 256804, 256811, 256817, 256832, 256839, 367420, 439468]
10,13,[204136, 204144, 204153, 204210, 204219, 256945, 256960, 256967, 256973, 256988, 256995, 367583, 439638]
14,16,[23843, 24558, 26708, 75141, 90999, 101786, 107464, 140516, 140530, 140551, 142114, 145656, 145667, 146518, 149985, 149990]
15,10,[58706, 66482, 108920, 118627, 129314, 154849, 162311, 165149, 165243, 173531]
17,1,[34630]
19,1,[12045]
20,32,[1102, 2074, 2154, 3759, 3760, 4130, 5359, 5716, 8177, 8821, 10183, 11587, 22164, 23029, 24410, 28840, 29894, 30126, 30670, 31699, 33139, 33236, 34109, 35300, 36594, 36809, 36838, 40424, 42524, 50160, 51567, 56495]
21,3,[17270, 22218, 24883]
22,22,[6127, 7639, 32056, 35169, 35575, 35779, 35889, 35899, 35902, 35934, 36287, 37361, 37466, 39865, 39869, 39930, 84997, 91596, 98261, 98266, 98756, 111678]
23,2,[17550, 30539]
25,18,[23241, 23887, 25890, 35398, 71528, 87220, 97640, 103059, 120315, 134665, 134679, 134702, 136129, 139592, 139603, 143795, 143800, 167586]
26,24,[2460, 2544, 4258, 4259, 5876, 6234, 8699, 9364, 10735, 12155, 22919, 25184, 29673, 30740, 31525, 32571, 34115, 34985, 37503, 37721, 37750, 41365, 43459, 52641]
27,1,[33569]
30,13,[203994, 204002, 204011, 204068, 204077, 256789, 256804, 256811, 256817, 256832, 256839, 367420, 439468]
