14,38,[7805, 17179, 20629, 23822, 28603, 30305, 32093, 55676, 55686, 57938, 61017, 62608, 63353, 66945, 73790, 74660, 80675, 90170, 95254, 106636, 107413, 110290, 113855, 120118, 120901, 127954, 128781, 133242, 145981, 159208, 166618, 170692, 172646, 175525, 188318, 191632, 193830, 195338]
15,2,[20911, 121652]
20,1,[37958]
22,12,[7036, 17485, 21286, 28468, 28520, 33949, 74348, 75760, 76099, 104057, 118098, 148869]
24,2,[2360, 24044]
25,38,[8079, 16959, 20274, 23217, 27696, 29340, 30995, 53399, 53409, 55583, 58565, 60184, 60872, 63885, 70246, 71084, 76995, 86452, 91255, 102267, 103011, 105856, 109137, 115047, 115826, 122552, 123323, 127559, 139922, 152382, 159672, 163724, 165801, 168438, 180596, 183590, 185692, 187129]
26,1,[38875]
27,4,[3275, 28159, 72422, 93785]
14,38,[7805, 17179, 20629, 23822, 28603, 30305, 32093, 55676, 55686, 57938, 61017, 62608, 63353, 66945, 73790, 74660, 80675, 90170, 95254, 106636, 107413, 110290, 113855, 120118, 120901, 127954, 128781, 133242, 145981, 159208, 166618, 170692, 172646, 175525, 188318, 191632, 193830, 195338]
15,2,[20911, 121652]
20,1,[37958]
22,12,[7036, 17485, 21286, 28468, 28520, 33949, 74348, 75760, 76099, 104057, 118098, 148869]
24,2,[2360, 24044]
25,38,[8079, 16959, 20274, 23217, 27696, 29340, 30995, 53399, 53409, 55583, 58565, 60184, 60872, 63885, 70246, 71084, 76995, 86452, 91255, 102267, 103011, 105856, 109137, 115047, 115826, 122552, 123323, 127559, 139922, 152382, 159672, 163724, 165801, 168438, 180596, 183590, 185692, 187129]
26,1,[38875]
27,4,[3275, 28159, 72422, 93785]
