16,4,[6520, 13325, 32982, 33721]
17,1,[170465]
18,7,[2275, 5010, 15843, 102199, 106815, 112493, 120624]
19,3,[8782, 12475, 23295]
20,1,[55189]
21,5,[4329, 12875, 12888, 15635, 21681]
22,10,[86090, 86100, 107473, 117206, 119098, 130122, 131166, 145817, 147875, 154107]
23,2,[6495, 13363]
24,5,[4027, 4047, 14220, 29114, 29123]
26,1,[56349]
27,5,[13197, 62840, 78241, 83103, 108233]
28,2,[10292, 10790]
16,4,[6520, 13325, 32982, 33721]
17,1,[170465]
18,7,[2275, 5010, 15843, 102199, 106815, 112493, 120624]
19,3,[8782, 12475, 23295]
20,1,[55189]
21,5,[4329, 12875, 12888, 15635, 21681]
22,10,[86090, 86100, 107473, 117206, 119098, 130122, 131166, 145817, 147875, 154107]
23,2,[6495, 13363]
24,5,[4027, 4047, 14220, 29114, 29123]
26,1,[56349]
27,5,[13197, 62840, 78241, 83103, 108233]
28,2,[10292, 10790]
