10,4,[217872, 585828, 615406, 619899]
14,1,[93935]
17,9,[7584, 43276, 51573, 54497, 95744, 165500, 176452, 181919, 213742]
18,1,[28213]
19,1,[11045]
21,2,[19257, 28733]
23,3,[4633, 5124, 10903]
25,3,[89990, 140590, 182133]
26,1,[739]
27,1,[2107]
30,4,[217732, 585643, 615172, 619647]
10,4,[217872, 585828, 615406, 619899]
14,1,[93935]
17,9,[7584, 43276, 51573, 54497, 95744, 165500, 176452, 181919, 213742]
18,1,[28213]
19,1,[11045]
21,2,[19257, 28733]
23,3,[4633, 5124, 10903]
25,3,[89990, 140590, 182133]
26,1,[739]
27,1,[2107]
30,4,[217732, 585643, 615172, 619647]
