10,180,[7264, 8936, 12561, 18872, 20062, 32121, 32191, 32196, 32408, 41371, 54785, 54871, 54900, 56564, 76824, 100846, 100984, 101036, 101380, 106713, 106938, 118435, 125961, 133378, 133658, 147331, 147343, 151409, 151435, 151507, 155758, 155778, 159379, 159469, 159510, 159826, 161709, 161774, 162992, 164384, 171542, 171549, 173704, 173726, 175968, 175979, 176802, 181338, 182990, 186034, 191844, 195620, 195961, 202270, 208886, 208892, 225102, 230308, 236344, 270563, 276743, 278420, 282694, 287523, 287711, 287748, 292088, 292396, 292603, 292857, 292867, 293019, 293068, 293097, 293128, 293156, 293177, 293196, 293259, 293303, 293868, 295839, 297688, 311083, 320914, 352923, 353550, 356413, 357217, 361248, 362293, 362410, 364380, 364642, 371144, 374161, 376722, 376741, 376753, 397053, 398454, 398463, 398521, 417157, 417174, 418070, 418875, 419680, 420341, 420498, 420623, 424664, 425662, 428599, 429539, 429928, 433935, 434255, 436579, 438292, 438414, 438510, 443423, 443614, 444454, 444471, 444539, 470643, 471170, 475657, 477870, 483086, 485985, 491100, 491889, 494189, 502120, 504881, 505776, 511736, 514969, 515254, 527514, 527548, 528566, 528815, 534223, 534687, 543134, 547756, 548126, 548216, 548404, 548627, 548673, 564738, 567335, 569431, 569594, 570153, 573991, 575610, 576234, 576404, 579929, 584920, 597755, 597791, 609577, 614187, 614207, 614773, 614973, 616356, 617184, 617207, 622345, 626210, 635067, 637107]
14,17,[2798, 16476, 16753, 27241, 41768, 44587, 59236, 80221, 100368, 114360, 118174, 123522, 144676, 149833, 189776, 196455, 196778]
15,11,[13148, 13336, 13555, 14793, 53735, 53846, 118982, 132905, 141247, 158519, 158548]
16,2,[2464, 15798]
17,52,[14237, 14261, 14859, 28557, 31431, 31689, 45900, 63451, 63619, 70654, 70776, 72534, 73266, 73480, 75382, 78034, 83263, 83483, 88516, 91137, 96028, 101835, 112425, 115904, 138250, 138887, 139216, 140038, 144588, 144616, 146033, 149470, 150870, 155907, 161924, 165266, 168351, 169138, 181295, 194705, 194739, 194922, 203370, 211662, 211795, 212089, 212584, 216511, 216520, 216530, 216752, 216841]
19,25,[3341, 7515, 10978, 11767, 11857, 12081, 12447, 12940, 12948, 13311, 14338, 14904, 16033, 16082, 16098, 16918, 16969, 23024, 23145, 24093, 25643, 25684, 25714, 25756, 26775]
20,3,[18784, 49548, 60050]
21,3,[10701, 18075, 18193]
22,1,[31002]
23,18,[2630, 4074, 4492, 4801, 5051, 5416, 5489, 5564, 13236, 13257, 13481, 21412, 25678, 28478, 29391, 29471, 29622, 30398]
24,17,[1135, 1892, 4662, 9413, 9940, 13251, 16084, 20251, 25316, 25552, 25652, 31092, 31636, 36535, 41358, 42091, 44279]
25,15,[3148, 16556, 40156, 42799, 56886, 76584, 96337, 109565, 113074, 118368, 143652, 188539, 191000, 191008, 191928]
26,3,[19494, 50596, 61340]
27,69,[2057, 3894, 3909, 4133, 5058, 6139, 6715, 7754, 8005, 13785, 15849, 15873, 21244, 21808, 21854, 21864, 22613, 24037, 24765, 25344, 30511, 30681, 30920, 31021, 31330, 31381, 34983, 35101, 36039, 39214, 43062, 43161, 44324, 45042, 45585, 45632, 46251, 46663, 46780, 48281, 50565, 52721, 53309, 53618, 58650, 60689, 65123, 65160, 66465, 70596, 72501, 72527, 72565, 73466, 73890, 79362, 80498, 81154, 82764, 83663, 91837, 91891, 92286, 97130, 98318, 99255, 100645, 106100, 108142]
28,2,[9423, 11637]
30,180,[7170, 8842, 12467, 18778, 19968, 32023, 32093, 32098, 32310, 41273, 54686, 54772, 54801, 56465, 76721, 100739, 100877, 100929, 101273, 106602, 106827, 118324, 125850, 133266, 133546, 147218, 147230, 151296, 151322, 151394, 155645, 155665, 159266, 159356, 159397, 159712, 161595, 161660, 162869, 164261, 171419, 171426, 173581, 173603, 175845, 175856, 176679, 181215, 182858, 185902, 191712, 195488, 195829, 202128, 208744, 208750, 224952, 230158, 236194, 270407, 276587, 278265, 282539, 287367, 287555, 287592, 291932, 292239, 292446, 292700, 292710, 292862, 292911, 292940, 292971, 292999, 293020, 293039, 293102, 293146, 293711, 295682, 297530, 310925, 320755, 352764, 353391, 356254, 357057, 361088, 362133, 362250, 364217, 364479, 370981, 373998, 376559, 376578, 376590, 396887, 398288, 398297, 398355, 416991, 417008, 417904, 418709, 419514, 420175, 420332, 420457, 424498, 425496, 428432, 429372, 429761, 433765, 434085, 436409, 438122, 438244, 438340, 443253, 443444, 444284, 444301, 444369, 470472, 470999, 475487, 477702, 482921, 485821, 490940, 491729, 494029, 501951, 504712, 505607, 511567, 514800, 515085, 527342, 527376, 528391, 528640, 534048, 534512, 542959, 547581, 547951, 548041, 548229, 548452, 548498, 564558, 567155, 569251, 569414, 569973, 573811, 575430, 576054, 576224, 579749, 584735, 597564, 597600, 609365, 613953, 613973, 614539, 614739, 616117, 616941, 616964, 622093, 625953, 634792, 636832]
10,180,[7264, 8936, 12561, 18872, 20062, 32121, 32191, 32196, 32408, 41371, 54785, 54871, 54900, 56564, 76824, 100846, 100984, 101036, 101380, 106713, 106938, 118435, 125961, 133378, 133658, 147331, 147343, 151409, 151435, 151507, 155758, 155778, 159379, 159469, 159510, 159826, 161709, 161774, 162992, 164384, 171542, 171549, 173704, 173726, 175968, 175979, 176802, 181338, 182990, 186034, 191844, 195620, 195961, 202270, 208886, 208892, 225102, 230308, 236344, 270563, 276743, 278420, 282694, 287523, 287711, 287748, 292088, 292396, 292603, 292857, 292867, 293019, 293068, 293097, 293128, 293156, 293177, 293196, 293259, 293303, 293868, 295839, 297688, 311083, 320914, 352923, 353550, 356413, 357217, 361248, 362293, 362410, 364380, 364642, 371144, 374161, 376722, 376741, 376753, 397053, 398454, 398463, 398521, 417157, 417174, 418070, 418875, 419680, 420341, 420498, 420623, 424664, 425662, 428599, 429539, 429928, 433935, 434255, 436579, 438292, 438414, 438510, 443423, 443614, 444454, 444471, 444539, 470643, 471170, 475657, 477870, 483086, 485985, 491100, 491889, 494189, 502120, 504881, 505776, 511736, 514969, 515254, 527514, 527548, 528566, 528815, 534223, 534687, 543134, 547756, 548126, 548216, 548404, 548627, 548673, 564738, 567335, 569431, 569594, 570153, 573991, 575610, 576234, 576404, 579929, 584920, 597755, 597791, 609577, 614187, 614207, 614773, 614973, 616356, 617184, 617207, 622345, 626210, 635067, 637107]
14,17,[2798, 16476, 16753, 27241, 41768, 44587, 59236, 80221, 100368, 114360, 118174, 123522, 144676, 149833, 189776, 196455, 196778]
15,11,[13148, 13336, 13555, 14793, 53735, 53846, 118982, 132905, 141247, 158519, 158548]
16,2,[2464, 15798]
17,52,[14237, 14261, 14859, 28557, 31431, 31689, 45900, 63451, 63619, 70654, 70776, 72534, 73266, 73480, 75382, 78034, 83263, 83483, 88516, 91137, 96028, 101835, 112425, 115904, 138250, 138887, 139216, 140038, 144588, 144616, 146033, 149470, 150870, 155907, 161924, 165266, 168351, 169138, 181295, 194705, 194739, 194922, 203370, 211662, 211795, 212089, 212584, 216511, 216520, 216530, 216752, 216841]
19,25,[3341, 7515, 10978, 11767, 11857, 12081, 12447, 12940, 12948, 13311, 14338, 14904, 16033, 16082, 16098, 16918, 16969, 23024, 23145, 24093, 25643, 25684, 25714, 25756, 26775]
20,3,[18784, 49548, 60050]
21,3,[10701, 18075, 18193]
22,1,[31002]
23,18,[2630, 4074, 4492, 4801, 5051, 5416, 5489, 5564, 13236, 13257, 13481, 21412, 25678, 28478, 29391, 29471, 29622, 30398]
24,17,[1135, 1892, 4662, 9413, 9940, 13251, 16084, 20251, 25316, 25552, 25652, 31092, 31636, 36535, 41358, 42091, 44279]
25,15,[3148, 16556, 40156, 42799, 56886, 76584, 96337, 109565, 113074, 118368, 143652, 188539, 191000, 191008, 191928]
26,3,[19494, 50596, 61340]
27,69,[2057, 3894, 3909, 4133, 5058, 6139, 6715, 7754, 8005, 13785, 15849, 15873, 21244, 21808, 21854, 21864, 22613, 24037, 24765, 25344, 30511, 30681, 30920, 31021, 31330, 31381, 34983, 35101, 36039, 39214, 43062, 43161, 44324, 45042, 45585, 45632, 46251, 46663, 46780, 48281, 50565, 52721, 53309, 53618, 58650, 60689, 65123, 65160, 66465, 70596, 72501, 72527, 72565, 73466, 73890, 79362, 80498, 81154, 82764, 83663, 91837, 91891, 92286, 97130, 98318, 99255, 100645, 106100, 108142]
28,2,[9423, 11637]
30,180,[7170, 8842, 12467, 18778, 19968, 32023, 32093, 32098, 32310, 41273, 54686, 54772, 54801, 56465, 76721, 100739, 100877, 100929, 101273, 106602, 106827, 118324, 125850, 133266, 133546, 147218, 147230, 151296, 151322, 151394, 155645, 155665, 159266, 159356, 159397, 159712, 161595, 161660, 162869, 164261, 171419, 171426, 173581, 173603, 175845, 175856, 176679, 181215, 182858, 185902, 191712, 195488, 195829, 202128, 208744, 208750, 224952, 230158, 236194, 270407, 276587, 278265, 282539, 287367, 287555, 287592, 291932, 292239, 292446, 292700, 292710, 292862, 292911, 292940, 292971, 292999, 293020, 293039, 293102, 293146, 293711, 295682, 297530, 310925, 320755, 352764, 353391, 356254, 357057, 361088, 362133, 362250, 364217, 364479, 370981, 373998, 376559, 376578, 376590, 396887, 398288, 398297, 398355, 416991, 417008, 417904, 418709, 419514, 420175, 420332, 420457, 424498, 425496, 428432, 429372, 429761, 433765, 434085, 436409, 438122, 438244, 438340, 443253, 443444, 444284, 444301, 444369, 470472, 470999, 475487, 477702, 482921, 485821, 490940, 491729, 494029, 501951, 504712, 505607, 511567, 514800, 515085, 527342, 527376, 528391, 528640, 534048, 534512, 542959, 547581, 547951, 548041, 548229, 548452, 548498, 564558, 567155, 569251, 569414, 569973, 573811, 575430, 576054, 576224, 579749, 584735, 597564, 597600, 609365, 613953, 613973, 614539, 614739, 616117, 616941, 616964, 622093, 625953, 634792, 636832]
