10,15,[389496, 390900, 490538, 505623, 520018, 529643, 531458, 535167, 536682, 538118, 548941, 568781, 569608, 636666, 638411]
11,1,[193]
12,2,[4114, 12229]
15,2,[6548, 11858]
16,2,[1091, 20555]
17,1,[179342]
18,2,[2715, 33497]
21,2,[20556, 27899]
24,5,[10085, 22980, 32431, 41292, 41421]
26,2,[48559, 53843]
27,9,[5571, 27011, 31468, 52268, 84200, 90427, 94231, 98779, 102812]
30,15,[389333, 390737, 490378, 505454, 519846, 529468, 531283, 534992, 536507, 537943, 548766, 568601, 569428, 636391, 638136]
10,15,[389496, 390900, 490538, 505623, 520018, 529643, 531458, 535167, 536682, 538118, 548941, 568781, 569608, 636666, 638411]
11,1,[193]
12,2,[4114, 12229]
15,2,[6548, 11858]
16,2,[1091, 20555]
17,1,[179342]
18,2,[2715, 33497]
21,2,[20556, 27899]
24,5,[10085, 22980, 32431, 41292, 41421]
26,2,[48559, 53843]
27,9,[5571, 27011, 31468, 52268, 84200, 90427, 94231, 98779, 102812]
30,15,[389333, 390737, 490378, 505454, 519846, 529468, 531283, 534992, 536507, 537943, 548766, 568601, 569428, 636391, 638136]
