10,140,[3364, 11452, 11511, 11556, 11599, 11613, 35668, 46874, 46933, 47011, 47230, 47326, 47913, 48108, 48227, 48356, 48382, 48503, 50973, 51069, 54523, 54861, 55031, 55523, 55693, 55785, 55847, 55909, 56030, 56118, 56319, 56395, 56425, 56527, 58796, 58818, 58916, 59044, 59545, 60130, 61574, 65297, 67264, 67293, 68432, 68454, 68507, 68820, 88297, 92837, 101100, 104259, 108181, 112033, 112060, 117697, 117702, 123535, 124281, 124642, 124760, 134159, 134209, 134305, 139088, 139180, 148168, 165190, 170062, 170078, 177234, 177245, 177295, 177317, 185703, 193954, 193991, 194240, 199254, 203953, 215097, 215110, 215369, 215380, 215395, 215515, 220681, 223322, 233819, 248305, 250842, 251073, 255021, 255024, 256628, 287774, 289748, 292167, 310684, 329614, 330194, 333254, 341733, 343440, 354643, 354660, 357172, 360404, 361379, 361780, 365859, 367622, 376295, 379023, 383774, 390078, 395668, 397044, 409543, 421481, 429854, 429959, 437380, 441536, 444762, 454741, 456991, 457119, 457143, 465912, 466529, 484914, 486941, 488835, 493669, 592842, 616171, 635346, 639005, 639017]
11,8,[6309, 6321, 8063, 8484, 8553, 8633, 9851, 12199]
12,30,[2711, 5185, 5934, 6365, 6410, 6854, 6864, 6897, 6984, 7194, 7311, 7403, 7666, 8003, 8659, 8962, 9253, 9677, 9706, 9739, 10575, 13797, 14437, 14559, 14598, 15704, 15726, 17021, 17382, 18582]
14,50,[14385, 19684, 19686, 29339, 29341, 31044, 31087, 31089, 32782, 32849, 37017, 37064, 37066, 44654, 46899, 47860, 52476, 54456, 58631, 58775, 62421, 63887, 77469, 89983, 99301, 112210, 117070, 117703, 126641, 129505, 133848, 137499, 140866, 143644, 151507, 160846, 162173, 165225, 165227, 166452, 166499, 167338, 167400, 170492, 173086, 188221, 192619, 195194, 196098, 197803]
15,36,[1939, 12123, 14352, 18692, 18718, 21644, 23767, 27869, 28533, 53940, 83904, 84320, 102552, 103980, 104158, 113008, 118541, 128926, 129215, 129218, 137409, 137635, 138777, 142228, 142346, 142446, 145549, 145554, 147956, 149776, 150991, 158101, 167808, 170709, 173078, 173537]
16,7,[1997, 12233, 13452, 14639, 15033, 23970, 26601]
17,10,[13595, 25447, 32903, 34668, 53081, 64353, 64385, 64415, 151917, 174296]
18,2,[17334, 17359]
19,10,[2920, 4715, 7548, 12329, 13025, 14875, 20198, 20244, 22866, 23480]
20,10,[18350, 19609, 25152, 28810, 31955, 44629, 49034, 51671, 59160, 62858]
21,11,[1775, 9896, 12028, 13038, 16312, 20262, 20432, 24755, 29192, 29559, 30051]
22,20,[34165, 48269, 48315, 50430, 50736, 50778, 51964, 52019, 53270, 76021, 80768, 80812, 91713, 98645, 103502, 106443, 135098, 141710, 143311, 159116]
23,9,[8836, 16099, 16237, 16285, 16798, 22126, 28958, 28980, 28984]
24,6,[549, 2280, 2295, 14533, 16614, 18254]
25,54,[14390, 19231, 19233, 21471, 28389, 28391, 30015, 30054, 30056, 31646, 31716, 35660, 35705, 35707, 42862, 43996, 45090, 46017, 49252, 50332, 52282, 56233, 56458, 60014, 61399, 72838, 73872, 86278, 95199, 107589, 112091, 112649, 121351, 124028, 128121, 131686, 135021, 137698, 145198, 154067, 155434, 158405, 158407, 159518, 159564, 160458, 160512, 163538, 166178, 180492, 184511, 186998, 187933, 200140]
26,10,[19056, 20318, 25939, 29643, 32827, 45599, 50064, 52750, 60415, 64201]
27,18,[2257, 3450, 7117, 11493, 16051, 20938, 21449, 27717, 31106, 38953, 43471, 75835, 75911, 76127, 82548, 82671, 97524, 107368]
28,6,[160, 5546, 5550, 6315, 7932, 8537]
30,140,[3270, 11358, 11417, 11462, 11505, 11519, 35570, 46776, 46835, 46913, 47132, 47228, 47815, 48010, 48129, 48258, 48284, 48405, 50875, 50971, 54424, 54762, 54932, 55424, 55594, 55686, 55748, 55810, 55931, 56019, 56220, 56296, 56326, 56428, 58693, 58715, 58813, 58941, 59442, 60027, 61471, 65194, 67161, 67190, 68329, 68351, 68404, 68717, 88190, 92730, 100993, 104152, 108070, 111922, 111949, 117586, 117591, 123424, 124170, 124531, 124649, 134047, 134097, 134193, 138976, 139068, 148055, 165067, 169939, 169955, 177111, 177122, 177172, 177194, 185571, 193822, 193859, 194108, 199122, 203811, 214955, 214968, 215227, 215238, 215253, 215373, 220531, 223172, 233669, 248152, 250689, 250920, 254868, 254871, 256472, 287618, 289592, 292011, 310526, 329455, 330035, 333095, 341574, 343281, 354484, 354501, 357012, 360244, 361219, 361620, 365696, 367459, 376132, 378860, 383611, 389915, 395502, 396878, 409377, 421315, 429687, 429792, 437210, 441366, 444592, 454571, 456821, 456949, 456973, 465741, 466358, 484749, 486778, 488674, 493509, 592651, 615932, 635071, 638730, 638742]
10,140,[3364, 11452, 11511, 11556, 11599, 11613, 35668, 46874, 46933, 47011, 47230, 47326, 47913, 48108, 48227, 48356, 48382, 48503, 50973, 51069, 54523, 54861, 55031, 55523, 55693, 55785, 55847, 55909, 56030, 56118, 56319, 56395, 56425, 56527, 58796, 58818, 58916, 59044, 59545, 60130, 61574, 65297, 67264, 67293, 68432, 68454, 68507, 68820, 88297, 92837, 101100, 104259, 108181, 112033, 112060, 117697, 117702, 123535, 124281, 124642, 124760, 134159, 134209, 134305, 139088, 139180, 148168, 165190, 170062, 170078, 177234, 177245, 177295, 177317, 185703, 193954, 193991, 194240, 199254, 203953, 215097, 215110, 215369, 215380, 215395, 215515, 220681, 223322, 233819, 248305, 250842, 251073, 255021, 255024, 256628, 287774, 289748, 292167, 310684, 329614, 330194, 333254, 341733, 343440, 354643, 354660, 357172, 360404, 361379, 361780, 365859, 367622, 376295, 379023, 383774, 390078, 395668, 397044, 409543, 421481, 429854, 429959, 437380, 441536, 444762, 454741, 456991, 457119, 457143, 465912, 466529, 484914, 486941, 488835, 493669, 592842, 616171, 635346, 639005, 639017]
11,8,[6309, 6321, 8063, 8484, 8553, 8633, 9851, 12199]
12,30,[2711, 5185, 5934, 6365, 6410, 6854, 6864, 6897, 6984, 7194, 7311, 7403, 7666, 8003, 8659, 8962, 9253, 9677, 9706, 9739, 10575, 13797, 14437, 14559, 14598, 15704, 15726, 17021, 17382, 18582]
14,50,[14385, 19684, 19686, 29339, 29341, 31044, 31087, 31089, 32782, 32849, 37017, 37064, 37066, 44654, 46899, 47860, 52476, 54456, 58631, 58775, 62421, 63887, 77469, 89983, 99301, 112210, 117070, 117703, 126641, 129505, 133848, 137499, 140866, 143644, 151507, 160846, 162173, 165225, 165227, 166452, 166499, 167338, 167400, 170492, 173086, 188221, 192619, 195194, 196098, 197803]
15,36,[1939, 12123, 14352, 18692, 18718, 21644, 23767, 27869, 28533, 53940, 83904, 84320, 102552, 103980, 104158, 113008, 118541, 128926, 129215, 129218, 137409, 137635, 138777, 142228, 142346, 142446, 145549, 145554, 147956, 149776, 150991, 158101, 167808, 170709, 173078, 173537]
16,7,[1997, 12233, 13452, 14639, 15033, 23970, 26601]
17,10,[13595, 25447, 32903, 34668, 53081, 64353, 64385, 64415, 151917, 174296]
18,2,[17334, 17359]
19,10,[2920, 4715, 7548, 12329, 13025, 14875, 20198, 20244, 22866, 23480]
20,10,[18350, 19609, 25152, 28810, 31955, 44629, 49034, 51671, 59160, 62858]
21,11,[1775, 9896, 12028, 13038, 16312, 20262, 20432, 24755, 29192, 29559, 30051]
22,20,[34165, 48269, 48315, 50430, 50736, 50778, 51964, 52019, 53270, 76021, 80768, 80812, 91713, 98645, 103502, 106443, 135098, 141710, 143311, 159116]
23,9,[8836, 16099, 16237, 16285, 16798, 22126, 28958, 28980, 28984]
24,6,[549, 2280, 2295, 14533, 16614, 18254]
25,54,[14390, 19231, 19233, 21471, 28389, 28391, 30015, 30054, 30056, 31646, 31716, 35660, 35705, 35707, 42862, 43996, 45090, 46017, 49252, 50332, 52282, 56233, 56458, 60014, 61399, 72838, 73872, 86278, 95199, 107589, 112091, 112649, 121351, 124028, 128121, 131686, 135021, 137698, 145198, 154067, 155434, 158405, 158407, 159518, 159564, 160458, 160512, 163538, 166178, 180492, 184511, 186998, 187933, 200140]
26,10,[19056, 20318, 25939, 29643, 32827, 45599, 50064, 52750, 60415, 64201]
27,18,[2257, 3450, 7117, 11493, 16051, 20938, 21449, 27717, 31106, 38953, 43471, 75835, 75911, 76127, 82548, 82671, 97524, 107368]
28,6,[160, 5546, 5550, 6315, 7932, 8537]
30,140,[3270, 11358, 11417, 11462, 11505, 11519, 35570, 46776, 46835, 46913, 47132, 47228, 47815, 48010, 48129, 48258, 48284, 48405, 50875, 50971, 54424, 54762, 54932, 55424, 55594, 55686, 55748, 55810, 55931, 56019, 56220, 56296, 56326, 56428, 58693, 58715, 58813, 58941, 59442, 60027, 61471, 65194, 67161, 67190, 68329, 68351, 68404, 68717, 88190, 92730, 100993, 104152, 108070, 111922, 111949, 117586, 117591, 123424, 124170, 124531, 124649, 134047, 134097, 134193, 138976, 139068, 148055, 165067, 169939, 169955, 177111, 177122, 177172, 177194, 185571, 193822, 193859, 194108, 199122, 203811, 214955, 214968, 215227, 215238, 215253, 215373, 220531, 223172, 233669, 248152, 250689, 250920, 254868, 254871, 256472, 287618, 289592, 292011, 310526, 329455, 330035, 333095, 341574, 343281, 354484, 354501, 357012, 360244, 361219, 361620, 365696, 367459, 376132, 378860, 383611, 389915, 395502, 396878, 409377, 421315, 429687, 429792, 437210, 441366, 444592, 454571, 456821, 456949, 456973, 465741, 466358, 484749, 486778, 488674, 493509, 592651, 615932, 635071, 638730, 638742]
