6,1,[328]
8,1,[554]
10,420,[1038, 1050, 1069, 3038, 34324, 34375, 34496, 38834, 40952, 43255, 44151, 44166, 45916, 46625, 47093, 47381, 47519, 47600, 48214, 48991, 49020, 49068, 49142, 49163, 49166, 49295, 49544, 51803, 51817, 52006, 52020, 52034, 52528, 53818, 54048, 54428, 54445, 54764, 54864, 54964, 55017, 55036, 55060, 55063, 55087, 55093, 55113, 55116, 55157, 55173, 55199, 55207, 55228, 55254, 55276, 55291, 55309, 55778, 56158, 56288, 56415, 56903, 56906, 57160, 57175, 57202, 57261, 57264, 57383, 57542, 57630, 57708, 57924, 57932, 58541, 65305, 66997, 70136, 73763, 73775, 73837, 73857, 74189, 74274, 74323, 74362, 74377, 74449, 74483, 80893, 81381, 81565, 81702, 81790, 81883, 85037, 85053, 99205, 99338, 99362, 99461, 99590, 99687, 100151, 101093, 108178, 108944, 108959, 115311, 115817, 116133, 121036, 122452, 122920, 125363, 126501, 126571, 127787, 133743, 157513, 160581, 166189, 169585, 203545, 203559, 204388, 204616, 204753, 204765, 204816, 204820, 204883, 204958, 204961, 205110, 205158, 205204, 205250, 205256, 205432, 205675, 208062, 208076, 213424, 218061, 218178, 228338, 233816, 235595, 235611, 235719, 238176, 238196, 240678, 242139, 244128, 244247, 244539, 248394, 251367, 251539, 251850, 251946, 254101, 254677, 254895, 254974, 255112, 255150, 256369, 256560, 256707, 256929, 257235, 257378, 257616, 259983, 260182, 263333, 263765, 268296, 268330, 272038, 273465, 273995, 275364, 275413, 278484, 278796, 279598, 279822, 280259, 280714, 283026, 284203, 284267, 284452, 285245, 285352, 285477, 285491, 285540, 285581, 285613, 286103, 286118, 286269, 286277, 286411, 286604, 287561, 287588, 289729, 290201, 291640, 297176, 299181, 300158, 301542, 304484, 304668, 307846, 307968, 308520, 308718, 308919, 312237, 312574, 316452, 320411, 323384, 324229, 324500, 327357, 328067, 332097, 332121, 332127, 332416, 333050, 333831, 334224, 334870, 337522, 338017, 340144, 342178, 343380, 343661, 348793, 350664, 351384, 352118, 352464, 353940, 353979, 357415, 357768, 357893, 358079, 358092, 358441, 359144, 359591, 359640, 359714, 359725, 359801, 359809, 360096, 361099, 362633, 363879, 365068, 365201, 367501, 370416, 370999, 371117, 371128, 371379, 374732, 374735, 375234, 375240, 375299, 375450, 376370, 376664, 376862, 379020, 380391, 381374, 382323, 383510, 383550, 385123, 387622, 390189, 390409, 390782, 391419, 391628, 392002, 398753, 398871, 398888, 399022, 403035, 403090, 403250, 405360, 411451, 412543, 412856, 422017, 424365, 424461, 425164, 425346, 429319, 429377, 430413, 430431, 437384, 437413, 437421, 437430, 437737, 437804, 438218, 446298, 446514, 446661, 450879, 470784, 473511, 475374, 475714, 482911, 484217, 486234, 486235, 486929, 486993, 488179, 489041, 489149, 489355, 495919, 499768, 509330, 512859, 519120, 525554, 525715, 540243, 551527, 552190, 553233, 553245, 553272, 554221, 555732, 555746, 556874, 561135, 567841, 573048, 573795, 573796, 573799, 574540, 575322, 583249, 585294, 587273, 588077, 588746, 588753, 589336, 589338, 590799, 592847, 592867, 592872, 592883, 594988, 598718, 598866, 601956, 605671, 607095, 607249, 608331, 608894, 609158, 610072, 611493, 612405, 612735, 613101, 613237, 613431, 613598, 613635, 614278, 614915, 616202, 616622, 616816, 617160, 617388, 619575, 623345, 623461, 623791, 624519, 625545, 641123]
11,8,[1757, 7727, 8313, 9209, 9321, 12280, 16212, 19605]
12,6,[423, 11096, 13441, 15635, 19098, 20450]
13,2,[101, 2573]
14,50,[4577, 15037, 20394, 22760, 29255, 36012, 37665, 51802, 56214, 56961, 57331, 59898, 61442, 73551, 76237, 76378, 76811, 89030, 90821, 91860, 95094, 96820, 97763, 99359, 109250, 112880, 116235, 123206, 126661, 127656, 127669, 127795, 129958, 129962, 130179, 131375, 133792, 134762, 140761, 148206, 157790, 160059, 164247, 167296, 170336, 173087, 175839, 176053, 178227, 180373]
15,64,[1342, 11557, 14676, 16956, 23983, 24061, 25489, 25519, 26775, 45732, 54306, 54308, 55177, 64963, 76446, 76662, 78322, 78567, 80728, 81056, 82126, 84233, 89276, 94292, 97028, 97079, 98211, 102506, 106219, 106365, 111991, 124380, 125890, 126173, 128788, 131982, 134815, 136421, 137054, 140338, 140356, 142749, 143026, 143334, 143553, 143616, 145846, 146661, 146701, 147185, 148354, 148430, 148666, 152143, 152145, 153076, 158543, 158659, 158674, 166458, 168912, 169112, 171994, 172773]
16,5,[1512, 11774, 18340, 22050, 25629]
17,138,[224, 296, 466, 476, 517, 4653, 10874, 10948, 10952, 10957, 11389, 13745, 14826, 15100, 16207, 16223, 16232, 16642, 16999, 18875, 19865, 23411, 23449, 23452, 23466, 23623, 24006, 25444, 30865, 32113, 32244, 34545, 37590, 40160, 40199, 40274, 40338, 40344, 40422, 40598, 40799, 40832, 41641, 42023, 42570, 42801, 42929, 62537, 63457, 63459, 64352, 64404, 64408, 66576, 66591, 69696, 78651, 79763, 88702, 94899, 96165, 98126, 98897, 99014, 102624, 108638, 108783, 109008, 109950, 109991, 111538, 115834, 116037, 118364, 120223, 120775, 120778, 121385, 121409, 121927, 124666, 124670, 126447, 126542, 127970, 145573, 151188, 152031, 152408, 152974, 155849, 156564, 160764, 160865, 160877, 161728, 166606, 179177, 184929, 184995, 184996, 185002, 185433, 185458, 185485, 185516, 185947, 186738, 188606, 189483, 190402, 190411, 192297, 194079, 197550, 197571, 199216, 200994, 201013, 201142, 203041, 203176, 203211, 205750, 205754, 207379, 207933, 207978, 207982, 207995, 208038, 208052, 208055, 214442, 214857, 215483, 217422, 217658]
18,23,[12732, 13271, 21988, 21994, 32837, 49939, 57047, 57881, 59201, 60764, 71346, 79833, 83158, 97681, 97702, 122286, 138414, 144351, 145366, 147134, 148049, 148834, 148856]
19,5,[3610, 7782, 8451, 8541, 16598]
20,47,[964, 3949, 4127, 4471, 6514, 14700, 15495, 15883, 18599, 20114, 20814, 23389, 24054, 24336, 25745, 28027, 31196, 31529, 32732, 33129, 33422, 34647, 36321, 37358, 37665, 37760, 37766, 37906, 37915, 37931, 37940, 39673, 43041, 43488, 43492, 43529, 43626, 43665, 43819, 51200, 51297, 51544, 52050, 53032, 57553, 62522, 62857]
21,25,[2297, 3350, 3744, 4392, 5165, 9889, 11644, 11803, 12247, 15314, 15915, 16454, 16492, 18787, 21925, 23583, 27185, 28593, 28618, 28639, 31173, 33789, 34242, 34259, 34286]
22,135,[38, 62, 110, 220, 8599, 9498, 9500, 18148, 18684, 19148, 20738, 22703, 23186, 23210, 23244, 24171, 29155, 31485, 32321, 38749, 41472, 41735, 53672, 58683, 58685, 58864, 58868, 72306, 72378, 83880, 83891, 83997, 84068, 84257, 86350, 86592, 86593, 88582, 90448, 90505, 90590, 90636, 90692, 90872, 92589, 93049, 93706, 93741, 94000, 94537, 97074, 99749, 100406, 100511, 100513, 100551, 100781, 100792, 100845, 100858, 100930, 101249, 101534, 101546, 101729, 101743, 101870, 101954, 102421, 102447, 102703, 102705, 102728, 102730, 102732, 102736, 102773, 102799, 102811, 102823, 102834, 102837, 102841, 102845, 102853, 102862, 102865, 102876, 102949, 102995, 103488, 103646, 103748, 103898, 104995, 105037, 105997, 105999, 106001, 106643, 107485, 107724, 108499, 109457, 109459, 109507, 109509, 112297, 112325, 112348, 112534, 112732, 112748, 112828, 113077, 113604, 113958, 115960, 116966, 116969, 128240, 128257, 128435, 131286, 133946, 134634, 135179, 135259, 135303, 143696, 143771, 146804, 152836, 158048, 160708]
23,51,[290, 3867, 5497, 5592, 6919, 7388, 9077, 9087, 10493, 16643, 16663, 16691, 16713, 17231, 17234, 17235, 17236, 17872, 17885, 17922, 17951, 17956, 19300, 19790, 19993, 21045, 21053, 21062, 21428, 24436, 24490, 24516, 24961, 26295, 26296, 26379, 26384, 26619, 26635, 26653, 27626, 27642, 28351, 28392, 28832, 28863, 28892, 28930, 28950, 28968, 28971]
24,55,[47, 387, 2388, 3189, 3411, 3482, 3723, 4124, 4150, 6471, 7009, 7793, 8109, 8204, 8764, 8791, 8910, 10547, 10563, 10591, 10629, 10890, 11710, 11762, 12787, 12929, 13032, 13040, 13341, 14027, 14453, 15308, 17341, 17394, 18122, 18271, 18607, 18708, 19487, 19900, 21203, 21657, 22004, 22337, 25053, 25079, 25137, 30086, 34994, 35263, 35281, 35357, 35614, 36166, 42774]
25,49,[4994, 13795, 14984, 20065, 22275, 28312, 34647, 36271, 49696, 53854, 54606, 54974, 58999, 70028, 72684, 72825, 73222, 85358, 87058, 88010, 91108, 92731, 93668, 95256, 104698, 108200, 111309, 118093, 121370, 122294, 122307, 122422, 124434, 124438, 125723, 128075, 128989, 134917, 142157, 151102, 157431, 163388, 166179, 168733, 170914, 172992, 176593, 191871, 199017]
26,47,[1329, 4448, 4625, 4984, 7033, 15309, 16135, 16529, 19308, 20839, 21551, 24159, 24815, 25106, 26545, 28862, 32065, 32399, 33608, 34007, 34302, 35536, 37226, 38274, 38582, 38677, 38683, 38824, 38833, 38848, 38857, 40613, 43990, 44441, 44445, 44485, 44582, 44624, 44779, 52256, 52353, 52617, 53131, 54142, 58721, 63860, 64200]
27,44,[3652, 5609, 8139, 10548, 10942, 12686, 13135, 13619, 15243, 16524, 21241, 21367, 38570, 38906, 40330, 41554, 48024, 56252, 58019, 58757, 60452, 60574, 63529, 63811, 65151, 65857, 68392, 74678, 76783, 78540, 83015, 84327, 84426, 84536, 84846, 86557, 86773, 86976, 91643, 99080, 104659, 108588, 108628, 108721]
28,16,[719, 1195, 4115, 4421, 4526, 5595, 5655, 5690, 5785, 5803, 5813, 5831, 5883, 5891, 6927, 10351]
30,421,[40, 945, 957, 976, 2944, 34226, 34277, 34398, 38736, 40854, 43157, 44053, 44068, 45818, 46527, 46995, 47283, 47421, 47502, 48116, 48893, 48922, 48970, 49044, 49065, 49068, 49197, 49446, 51705, 51719, 51908, 51922, 51936, 52430, 53719, 53949, 54329, 54346, 54665, 54765, 54865, 54918, 54937, 54961, 54964, 54988, 54994, 55014, 55017, 55058, 55074, 55100, 55108, 55129, 55155, 55177, 55192, 55210, 55679, 56059, 56189, 56316, 56804, 56807, 57061, 57076, 57103, 57162, 57165, 57284, 57443, 57531, 57609, 57825, 57833, 58442, 65202, 66894, 70033, 73660, 73672, 73734, 73754, 74086, 74171, 74220, 74259, 74274, 74346, 74380, 80786, 81274, 81458, 81595, 81683, 81776, 84930, 84946, 99098, 99231, 99255, 99354, 99483, 99580, 100044, 100986, 108067, 108833, 108848, 115200, 115706, 116022, 120925, 122341, 122809, 125252, 126390, 126460, 127676, 133631, 157400, 160467, 166066, 169462, 203403, 203417, 204246, 204474, 204611, 204623, 204674, 204678, 204741, 204816, 204819, 204968, 205016, 205062, 205108, 205114, 205290, 205533, 207920, 207934, 213282, 217921, 218038, 228188, 233666, 235445, 235461, 235569, 238026, 238046, 240525, 241986, 243975, 244094, 244386, 248241, 251214, 251386, 251697, 251793, 253948, 254524, 254742, 254821, 254959, 254997, 256213, 256404, 256551, 256773, 257079, 257222, 257460, 259827, 260026, 263177, 263609, 268140, 268174, 271882, 273309, 273839, 275208, 275257, 278329, 278641, 279443, 279667, 280104, 280559, 282871, 284047, 284111, 284296, 285089, 285196, 285321, 285335, 285384, 285425, 285457, 285947, 285962, 286113, 286121, 286255, 286448, 287405, 287432, 289573, 290045, 291484, 297018, 299023, 300000, 301384, 304326, 304510, 307688, 307810, 308362, 308560, 308761, 312078, 312415, 316293, 320252, 323225, 324070, 324341, 327198, 327908, 331938, 331962, 331968, 332257, 332891, 333672, 334065, 334711, 337363, 337858, 339985, 342019, 343221, 343502, 348634, 350505, 351225, 351959, 352305, 353781, 353820, 357255, 357608, 357733, 357919, 357932, 358281, 358984, 359431, 359480, 359554, 359565, 359641, 359649, 359936, 360939, 362473, 363716, 364905, 365038, 367338, 370253, 370836, 370954, 370965, 371216, 374569, 374572, 375071, 375077, 375136, 375287, 376207, 376501, 376699, 378857, 380228, 381211, 382160, 383347, 383387, 384960, 387459, 390026, 390246, 390619, 391256, 391465, 391839, 398587, 398705, 398722, 398856, 402869, 402924, 403084, 405194, 411285, 412377, 412690, 421851, 424199, 424295, 424998, 425180, 429152, 429210, 430243, 430261, 437214, 437243, 437251, 437260, 437567, 437634, 438048, 446128, 446344, 446491, 450709, 470613, 473341, 475204, 475544, 482746, 484052, 486071, 486072, 486766, 486830, 488017, 488880, 488988, 489194, 495760, 499599, 509161, 512690, 518948, 525382, 525543, 540068, 551349, 552012, 553055, 553067, 553094, 554043, 555554, 555568, 556696, 560957, 567661, 572868, 573615, 573616, 573619, 574360, 575142, 583069, 585109, 587088, 587892, 588561, 588568, 589151, 589153, 590614, 592656, 592676, 592681, 592692, 594797, 598527, 598675, 601759, 605469, 606888, 607042, 608119, 608682, 608946, 609855, 611270, 612182, 612512, 612872, 613008, 613202, 613369, 613406, 614044, 614681, 615963, 616383, 616577, 616917, 617145, 619323, 623093, 623207, 623537, 624265, 625288, 640848]
6,1,[328]
8,1,[554]
10,420,[1038, 1050, 1069, 3038, 34324, 34375, 34496, 38834, 40952, 43255, 44151, 44166, 45916, 46625, 47093, 47381, 47519, 47600, 48214, 48991, 49020, 49068, 49142, 49163, 49166, 49295, 49544, 51803, 51817, 52006, 52020, 52034, 52528, 53818, 54048, 54428, 54445, 54764, 54864, 54964, 55017, 55036, 55060, 55063, 55087, 55093, 55113, 55116, 55157, 55173, 55199, 55207, 55228, 55254, 55276, 55291, 55309, 55778, 56158, 56288, 56415, 56903, 56906, 57160, 57175, 57202, 57261, 57264, 57383, 57542, 57630, 57708, 57924, 57932, 58541, 65305, 66997, 70136, 73763, 73775, 73837, 73857, 74189, 74274, 74323, 74362, 74377, 74449, 74483, 80893, 81381, 81565, 81702, 81790, 81883, 85037, 85053, 99205, 99338, 99362, 99461, 99590, 99687, 100151, 101093, 108178, 108944, 108959, 115311, 115817, 116133, 121036, 122452, 122920, 125363, 126501, 126571, 127787, 133743, 157513, 160581, 166189, 169585, 203545, 203559, 204388, 204616, 204753, 204765, 204816, 204820, 204883, 204958, 204961, 205110, 205158, 205204, 205250, 205256, 205432, 205675, 208062, 208076, 213424, 218061, 218178, 228338, 233816, 235595, 235611, 235719, 238176, 238196, 240678, 242139, 244128, 244247, 244539, 248394, 251367, 251539, 251850, 251946, 254101, 254677, 254895, 254974, 255112, 255150, 256369, 256560, 256707, 256929, 257235, 257378, 257616, 259983, 260182, 263333, 263765, 268296, 268330, 272038, 273465, 273995, 275364, 275413, 278484, 278796, 279598, 279822, 280259, 280714, 283026, 284203, 284267, 284452, 285245, 285352, 285477, 285491, 285540, 285581, 285613, 286103, 286118, 286269, 286277, 286411, 286604, 287561, 287588, 289729, 290201, 291640, 297176, 299181, 300158, 301542, 304484, 304668, 307846, 307968, 308520, 308718, 308919, 312237, 312574, 316452, 320411, 323384, 324229, 324500, 327357, 328067, 332097, 332121, 332127, 332416, 333050, 333831, 334224, 334870, 337522, 338017, 340144, 342178, 343380, 343661, 348793, 350664, 351384, 352118, 352464, 353940, 353979, 357415, 357768, 357893, 358079, 358092, 358441, 359144, 359591, 359640, 359714, 359725, 359801, 359809, 360096, 361099, 362633, 363879, 365068, 365201, 367501, 370416, 370999, 371117, 371128, 371379, 374732, 374735, 375234, 375240, 375299, 375450, 376370, 376664, 376862, 379020, 380391, 381374, 382323, 383510, 383550, 385123, 387622, 390189, 390409, 390782, 391419, 391628, 392002, 398753, 398871, 398888, 399022, 403035, 403090, 403250, 405360, 411451, 412543, 412856, 422017, 424365, 424461, 425164, 425346, 429319, 429377, 430413, 430431, 437384, 437413, 437421, 437430, 437737, 437804, 438218, 446298, 446514, 446661, 450879, 470784, 473511, 475374, 475714, 482911, 484217, 486234, 486235, 486929, 486993, 488179, 489041, 489149, 489355, 495919, 499768, 509330, 512859, 519120, 525554, 525715, 540243, 551527, 552190, 553233, 553245, 553272, 554221, 555732, 555746, 556874, 561135, 567841, 573048, 573795, 573796, 573799, 574540, 575322, 583249, 585294, 587273, 588077, 588746, 588753, 589336, 589338, 590799, 592847, 592867, 592872, 592883, 594988, 598718, 598866, 601956, 605671, 607095, 607249, 608331, 608894, 609158, 610072, 611493, 612405, 612735, 613101, 613237, 613431, 613598, 613635, 614278, 614915, 616202, 616622, 616816, 617160, 617388, 619575, 623345, 623461, 623791, 624519, 625545, 641123]
11,8,[1757, 7727, 8313, 9209, 9321, 12280, 16212, 19605]
12,6,[423, 11096, 13441, 15635, 19098, 20450]
13,2,[101, 2573]
14,50,[4577, 15037, 20394, 22760, 29255, 36012, 37665, 51802, 56214, 56961, 57331, 59898, 61442, 73551, 76237, 76378, 76811, 89030, 90821, 91860, 95094, 96820, 97763, 99359, 109250, 112880, 116235, 123206, 126661, 127656, 127669, 127795, 129958, 129962, 130179, 131375, 133792, 134762, 140761, 148206, 157790, 160059, 164247, 167296, 170336, 173087, 175839, 176053, 178227, 180373]
15,64,[1342, 11557, 14676, 16956, 23983, 24061, 25489, 25519, 26775, 45732, 54306, 54308, 55177, 64963, 76446, 76662, 78322, 78567, 80728, 81056, 82126, 84233, 89276, 94292, 97028, 97079, 98211, 102506, 106219, 106365, 111991, 124380, 125890, 126173, 128788, 131982, 134815, 136421, 137054, 140338, 140356, 142749, 143026, 143334, 143553, 143616, 145846, 146661, 146701, 147185, 148354, 148430, 148666, 152143, 152145, 153076, 158543, 158659, 158674, 166458, 168912, 169112, 171994, 172773]
16,5,[1512, 11774, 18340, 22050, 25629]
17,138,[224, 296, 466, 476, 517, 4653, 10874, 10948, 10952, 10957, 11389, 13745, 14826, 15100, 16207, 16223, 16232, 16642, 16999, 18875, 19865, 23411, 23449, 23452, 23466, 23623, 24006, 25444, 30865, 32113, 32244, 34545, 37590, 40160, 40199, 40274, 40338, 40344, 40422, 40598, 40799, 40832, 41641, 42023, 42570, 42801, 42929, 62537, 63457, 63459, 64352, 64404, 64408, 66576, 66591, 69696, 78651, 79763, 88702, 94899, 96165, 98126, 98897, 99014, 102624, 108638, 108783, 109008, 109950, 109991, 111538, 115834, 116037, 118364, 120223, 120775, 120778, 121385, 121409, 121927, 124666, 124670, 126447, 126542, 127970, 145573, 151188, 152031, 152408, 152974, 155849, 156564, 160764, 160865, 160877, 161728, 166606, 179177, 184929, 184995, 184996, 185002, 185433, 185458, 185485, 185516, 185947, 186738, 188606, 189483, 190402, 190411, 192297, 194079, 197550, 197571, 199216, 200994, 201013, 201142, 203041, 203176, 203211, 205750, 205754, 207379, 207933, 207978, 207982, 207995, 208038, 208052, 208055, 214442, 214857, 215483, 217422, 217658]
18,23,[12732, 13271, 21988, 21994, 32837, 49939, 57047, 57881, 59201, 60764, 71346, 79833, 83158, 97681, 97702, 122286, 138414, 144351, 145366, 147134, 148049, 148834, 148856]
19,5,[3610, 7782, 8451, 8541, 16598]
20,47,[964, 3949, 4127, 4471, 6514, 14700, 15495, 15883, 18599, 20114, 20814, 23389, 24054, 24336, 25745, 28027, 31196, 31529, 32732, 33129, 33422, 34647, 36321, 37358, 37665, 37760, 37766, 37906, 37915, 37931, 37940, 39673, 43041, 43488, 43492, 43529, 43626, 43665, 43819, 51200, 51297, 51544, 52050, 53032, 57553, 62522, 62857]
21,25,[2297, 3350, 3744, 4392, 5165, 9889, 11644, 11803, 12247, 15314, 15915, 16454, 16492, 18787, 21925, 23583, 27185, 28593, 28618, 28639, 31173, 33789, 34242, 34259, 34286]
22,135,[38, 62, 110, 220, 8599, 9498, 9500, 18148, 18684, 19148, 20738, 22703, 23186, 23210, 23244, 24171, 29155, 31485, 32321, 38749, 41472, 41735, 53672, 58683, 58685, 58864, 58868, 72306, 72378, 83880, 83891, 83997, 84068, 84257, 86350, 86592, 86593, 88582, 90448, 90505, 90590, 90636, 90692, 90872, 92589, 93049, 93706, 93741, 94000, 94537, 97074, 99749, 100406, 100511, 100513, 100551, 100781, 100792, 100845, 100858, 100930, 101249, 101534, 101546, 101729, 101743, 101870, 101954, 102421, 102447, 102703, 102705, 102728, 102730, 102732, 102736, 102773, 102799, 102811, 102823, 102834, 102837, 102841, 102845, 102853, 102862, 102865, 102876, 102949, 102995, 103488, 103646, 103748, 103898, 104995, 105037, 105997, 105999, 106001, 106643, 107485, 107724, 108499, 109457, 109459, 109507, 109509, 112297, 112325, 112348, 112534, 112732, 112748, 112828, 113077, 113604, 113958, 115960, 116966, 116969, 128240, 128257, 128435, 131286, 133946, 134634, 135179, 135259, 135303, 143696, 143771, 146804, 152836, 158048, 160708]
23,51,[290, 3867, 5497, 5592, 6919, 7388, 9077, 9087, 10493, 16643, 16663, 16691, 16713, 17231, 17234, 17235, 17236, 17872, 17885, 17922, 17951, 17956, 19300, 19790, 19993, 21045, 21053, 21062, 21428, 24436, 24490, 24516, 24961, 26295, 26296, 26379, 26384, 26619, 26635, 26653, 27626, 27642, 28351, 28392, 28832, 28863, 28892, 28930, 28950, 28968, 28971]
24,55,[47, 387, 2388, 3189, 3411, 3482, 3723, 4124, 4150, 6471, 7009, 7793, 8109, 8204, 8764, 8791, 8910, 10547, 10563, 10591, 10629, 10890, 11710, 11762, 12787, 12929, 13032, 13040, 13341, 14027, 14453, 15308, 17341, 17394, 18122, 18271, 18607, 18708, 19487, 19900, 21203, 21657, 22004, 22337, 25053, 25079, 25137, 30086, 34994, 35263, 35281, 35357, 35614, 36166, 42774]
25,49,[4994, 13795, 14984, 20065, 22275, 28312, 34647, 36271, 49696, 53854, 54606, 54974, 58999, 70028, 72684, 72825, 73222, 85358, 87058, 88010, 91108, 92731, 93668, 95256, 104698, 108200, 111309, 118093, 121370, 122294, 122307, 122422, 124434, 124438, 125723, 128075, 128989, 134917, 142157, 151102, 157431, 163388, 166179, 168733, 170914, 172992, 176593, 191871, 199017]
26,47,[1329, 4448, 4625, 4984, 7033, 15309, 16135, 16529, 19308, 20839, 21551, 24159, 24815, 25106, 26545, 28862, 32065, 32399, 33608, 34007, 34302, 35536, 37226, 38274, 38582, 38677, 38683, 38824, 38833, 38848, 38857, 40613, 43990, 44441, 44445, 44485, 44582, 44624, 44779, 52256, 52353, 52617, 53131, 54142, 58721, 63860, 64200]
27,44,[3652, 5609, 8139, 10548, 10942, 12686, 13135, 13619, 15243, 16524, 21241, 21367, 38570, 38906, 40330, 41554, 48024, 56252, 58019, 58757, 60452, 60574, 63529, 63811, 65151, 65857, 68392, 74678, 76783, 78540, 83015, 84327, 84426, 84536, 84846, 86557, 86773, 86976, 91643, 99080, 104659, 108588, 108628, 108721]
28,16,[719, 1195, 4115, 4421, 4526, 5595, 5655, 5690, 5785, 5803, 5813, 5831, 5883, 5891, 6927, 10351]
30,421,[40, 945, 957, 976, 2944, 34226, 34277, 34398, 38736, 40854, 43157, 44053, 44068, 45818, 46527, 46995, 47283, 47421, 47502, 48116, 48893, 48922, 48970, 49044, 49065, 49068, 49197, 49446, 51705, 51719, 51908, 51922, 51936, 52430, 53719, 53949, 54329, 54346, 54665, 54765, 54865, 54918, 54937, 54961, 54964, 54988, 54994, 55014, 55017, 55058, 55074, 55100, 55108, 55129, 55155, 55177, 55192, 55210, 55679, 56059, 56189, 56316, 56804, 56807, 57061, 57076, 57103, 57162, 57165, 57284, 57443, 57531, 57609, 57825, 57833, 58442, 65202, 66894, 70033, 73660, 73672, 73734, 73754, 74086, 74171, 74220, 74259, 74274, 74346, 74380, 80786, 81274, 81458, 81595, 81683, 81776, 84930, 84946, 99098, 99231, 99255, 99354, 99483, 99580, 100044, 100986, 108067, 108833, 108848, 115200, 115706, 116022, 120925, 122341, 122809, 125252, 126390, 126460, 127676, 133631, 157400, 160467, 166066, 169462, 203403, 203417, 204246, 204474, 204611, 204623, 204674, 204678, 204741, 204816, 204819, 204968, 205016, 205062, 205108, 205114, 205290, 205533, 207920, 207934, 213282, 217921, 218038, 228188, 233666, 235445, 235461, 235569, 238026, 238046, 240525, 241986, 243975, 244094, 244386, 248241, 251214, 251386, 251697, 251793, 253948, 254524, 254742, 254821, 254959, 254997, 256213, 256404, 256551, 256773, 257079, 257222, 257460, 259827, 260026, 263177, 263609, 268140, 268174, 271882, 273309, 273839, 275208, 275257, 278329, 278641, 279443, 279667, 280104, 280559, 282871, 284047, 284111, 284296, 285089, 285196, 285321, 285335, 285384, 285425, 285457, 285947, 285962, 286113, 286121, 286255, 286448, 287405, 287432, 289573, 290045, 291484, 297018, 299023, 300000, 301384, 304326, 304510, 307688, 307810, 308362, 308560, 308761, 312078, 312415, 316293, 320252, 323225, 324070, 324341, 327198, 327908, 331938, 331962, 331968, 332257, 332891, 333672, 334065, 334711, 337363, 337858, 339985, 342019, 343221, 343502, 348634, 350505, 351225, 351959, 352305, 353781, 353820, 357255, 357608, 357733, 357919, 357932, 358281, 358984, 359431, 359480, 359554, 359565, 359641, 359649, 359936, 360939, 362473, 363716, 364905, 365038, 367338, 370253, 370836, 370954, 370965, 371216, 374569, 374572, 375071, 375077, 375136, 375287, 376207, 376501, 376699, 378857, 380228, 381211, 382160, 383347, 383387, 384960, 387459, 390026, 390246, 390619, 391256, 391465, 391839, 398587, 398705, 398722, 398856, 402869, 402924, 403084, 405194, 411285, 412377, 412690, 421851, 424199, 424295, 424998, 425180, 429152, 429210, 430243, 430261, 437214, 437243, 437251, 437260, 437567, 437634, 438048, 446128, 446344, 446491, 450709, 470613, 473341, 475204, 475544, 482746, 484052, 486071, 486072, 486766, 486830, 488017, 488880, 488988, 489194, 495760, 499599, 509161, 512690, 518948, 525382, 525543, 540068, 551349, 552012, 553055, 553067, 553094, 554043, 555554, 555568, 556696, 560957, 567661, 572868, 573615, 573616, 573619, 574360, 575142, 583069, 585109, 587088, 587892, 588561, 588568, 589151, 589153, 590614, 592656, 592676, 592681, 592692, 594797, 598527, 598675, 601759, 605469, 606888, 607042, 608119, 608682, 608946, 609855, 611270, 612182, 612512, 612872, 613008, 613202, 613369, 613406, 614044, 614681, 615963, 616383, 616577, 616917, 617145, 619323, 623093, 623207, 623537, 624265, 625288, 640848]
