10,10,[55069, 56884, 362637, 380552, 380582, 398757, 398873, 473985, 501394, 616079]
15,2,[36930, 143607]
21,6,[29557, 29639, 29644, 29665, 29689, 29759]
22,2,[103490, 104860]
27,1,[10555]
30,10,[54970, 56785, 362477, 380389, 380419, 398591, 398707, 473815, 501225, 615840]
10,10,[55069, 56884, 362637, 380552, 380582, 398757, 398873, 473985, 501394, 616079]
15,2,[36930, 143607]
21,6,[29557, 29639, 29644, 29665, 29689, 29759]
22,2,[103490, 104860]
27,1,[10555]
30,10,[54970, 56785, 362477, 380389, 380419, 398591, 398707, 473815, 501225, 615840]
