9,1,[1982]
10,26,[9629, 194895, 213850, 229547, 249900, 250002, 258619, 269409, 274616, 397269, 402300, 462456, 500836, 503322, 515147, 516760, 518693, 538309, 550116, 552143, 594888, 596228, 614865, 616459, 616461, 627977]
11,3,[2647, 11919, 19998]
12,3,[9442, 11426, 14548]
15,21,[5802, 10945, 10947, 11008, 40285, 52827, 53779, 54365, 54405, 63307, 85316, 87271, 98550, 123488, 134758, 134760, 143523, 144497, 147660, 157548, 169460]
16,3,[17903, 23842, 31373]
17,2,[107904, 163717]
18,8,[14100, 42293, 59864, 66576, 113654, 116522, 118914, 133048]
20,37,[769, 3081, 5212, 5426, 5437, 5441, 5601, 5902, 5945, 6044, 6115, 6719, 8771, 11131, 12070, 16363, 16364, 16366, 16463, 16831, 28596, 31120, 32152, 33771, 42868, 42999, 43026, 43874, 46641, 49177, 54059, 54435, 55203, 56126, 58131, 60186, 62778]
21,3,[12465, 16525, 31119]
22,31,[116, 8569, 10869, 22116, 87602, 96698, 96701, 96724, 96728, 96746, 96956, 96968, 96970, 96974, 96982, 97369, 97915, 105301, 113619, 125705, 131344, 131609, 131633, 131637, 131651, 131652, 131654, 131658, 143615, 147669, 156327]
23,9,[2901, 4281, 13638, 15198, 17789, 19398, 20699, 22089, 26004]
24,6,[9255, 9348, 9350, 34651, 36192, 41074]
26,39,[1135, 3549, 5728, 5943, 5954, 5958, 6119, 6420, 6463, 6563, 6635, 7237, 9313, 11703, 12657, 17012, 17013, 17015, 17113, 17484, 29426, 31987, 33024, 34645, 41640, 43816, 43948, 43975, 44834, 47645, 50218, 55222, 55597, 56363, 57282, 59319, 61480, 64120, 66558]
27,23,[7524, 10708, 15089, 15927, 15955, 17326, 28941, 29425, 41106, 44136, 44396, 44398, 46372, 46915, 48686, 50582, 54507, 70444, 82777, 88077, 90747, 97837, 109630]
28,1,[4343]
30,26,[9535, 194763, 213708, 229397, 249747, 249849, 258463, 269253, 274460, 397103, 402134, 462285, 500667, 503153, 514978, 516588, 518521, 538134, 549938, 551965, 594697, 596037, 614631, 616220, 616222, 627717]
9,1,[1982]
10,26,[9629, 194895, 213850, 229547, 249900, 250002, 258619, 269409, 274616, 397269, 402300, 462456, 500836, 503322, 515147, 516760, 518693, 538309, 550116, 552143, 594888, 596228, 614865, 616459, 616461, 627977]
11,3,[2647, 11919, 19998]
12,3,[9442, 11426, 14548]
15,21,[5802, 10945, 10947, 11008, 40285, 52827, 53779, 54365, 54405, 63307, 85316, 87271, 98550, 123488, 134758, 134760, 143523, 144497, 147660, 157548, 169460]
16,3,[17903, 23842, 31373]
17,2,[107904, 163717]
18,8,[14100, 42293, 59864, 66576, 113654, 116522, 118914, 133048]
20,37,[769, 3081, 5212, 5426, 5437, 5441, 5601, 5902, 5945, 6044, 6115, 6719, 8771, 11131, 12070, 16363, 16364, 16366, 16463, 16831, 28596, 31120, 32152, 33771, 42868, 42999, 43026, 43874, 46641, 49177, 54059, 54435, 55203, 56126, 58131, 60186, 62778]
21,3,[12465, 16525, 31119]
22,31,[116, 8569, 10869, 22116, 87602, 96698, 96701, 96724, 96728, 96746, 96956, 96968, 96970, 96974, 96982, 97369, 97915, 105301, 113619, 125705, 131344, 131609, 131633, 131637, 131651, 131652, 131654, 131658, 143615, 147669, 156327]
23,9,[2901, 4281, 13638, 15198, 17789, 19398, 20699, 22089, 26004]
24,6,[9255, 9348, 9350, 34651, 36192, 41074]
26,39,[1135, 3549, 5728, 5943, 5954, 5958, 6119, 6420, 6463, 6563, 6635, 7237, 9313, 11703, 12657, 17012, 17013, 17015, 17113, 17484, 29426, 31987, 33024, 34645, 41640, 43816, 43948, 43975, 44834, 47645, 50218, 55222, 55597, 56363, 57282, 59319, 61480, 64120, 66558]
27,23,[7524, 10708, 15089, 15927, 15955, 17326, 28941, 29425, 41106, 44136, 44396, 44398, 46372, 46915, 48686, 50582, 54507, 70444, 82777, 88077, 90747, 97837, 109630]
28,1,[4343]
30,26,[9535, 194763, 213708, 229397, 249747, 249849, 258463, 269253, 274460, 397103, 402134, 462285, 500667, 503153, 514978, 516588, 518521, 538134, 549938, 551965, 594697, 596037, 614631, 616220, 616222, 627717]
