10,108,[11502, 46427, 53895, 107942, 111174, 112894, 121823, 125576, 131089, 161906, 171387, 171496, 207653, 210646, 222993, 232318, 232986, 248245, 259714, 273784, 311727, 315459, 315482, 316555, 320953, 324795, 329831, 330716, 333001, 333189, 333365, 333646, 333714, 341739, 342697, 363877, 364099, 374246, 378219, 384022, 385221, 392693, 396756, 400427, 407152, 407962, 420475, 460077, 460100, 460246, 464080, 464200, 464251, 464294, 464324, 464332, 464403, 464719, 484215, 487489, 487499, 488101, 494607, 494632, 496632, 496747, 497572, 497586, 505260, 520249, 531195, 531214, 540877, 551321, 551339, 551342, 551348, 551364, 551375, 551382, 551385, 558337, 569033, 569070, 569875, 576641, 577104, 581440, 581484, 597629, 609203, 610777, 618071, 632737, 633283, 635334, 635676, 636772, 636858, 636946, 637195, 637245, 637313, 637674, 639546, 639564, 641035, 641067]
15,11,[18695, 18722, 18726, 18759, 56448, 58933, 90961, 140070, 153302, 153327, 153695]
17,45,[7971, 16148, 16163, 16198, 18974, 28948, 30166, 30863, 31133, 37529, 38149, 39141, 46843, 51144, 70086, 87661, 87665, 97455, 98974, 103921, 104759, 106256, 114410, 114451, 115316, 115447, 115539, 115549, 115562, 116691, 116708, 116739, 118404, 125507, 125527, 126798, 127304, 128142, 135014, 168374, 176481, 180864, 182133, 185240, 214013]
20,11,[6438, 23952, 37416, 38148, 43460, 45990, 58446, 60016, 62830, 62854, 65457]
21,1,[15844]
22,32,[40583, 119416, 119498, 124804, 124808, 141897, 143647, 143727, 143775, 145202, 145380, 149216, 150942, 151512, 154052, 157375, 159046, 160106, 160505, 160506, 160629, 160658, 160769, 160771, 160773, 160775, 160787, 160811, 160813, 160815, 161471, 161820]
24,1,[13904]
26,11,[6958, 24716, 38332, 39067, 44413, 46991, 59636, 61306, 64173, 64197, 66870]
28,1,[6988]
30,108,[11408, 46329, 53796, 107831, 111063, 112783, 121712, 125465, 130977, 161783, 171264, 171373, 207511, 210504, 222843, 232168, 232836, 248092, 259558, 273628, 311568, 315300, 315323, 316396, 320794, 324636, 329672, 330557, 332842, 333030, 333206, 333487, 333555, 341580, 342538, 363714, 363936, 374083, 378056, 383859, 385058, 392530, 396590, 400261, 406986, 407796, 420309, 459907, 459930, 460076, 463909, 464029, 464080, 464123, 464153, 464161, 464232, 464548, 484050, 487327, 487337, 487939, 494447, 494472, 496463, 496578, 497403, 497417, 505091, 520077, 531020, 531039, 540702, 551143, 551161, 551164, 551170, 551186, 551197, 551204, 551207, 558159, 568853, 568890, 569695, 576461, 576924, 581260, 581304, 597438, 608991, 610560, 617819, 632462, 633008, 635059, 635401, 636497, 636583, 636671, 636920, 636970, 637038, 637399, 639271, 639289, 640760, 640792]
10,108,[11502, 46427, 53895, 107942, 111174, 112894, 121823, 125576, 131089, 161906, 171387, 171496, 207653, 210646, 222993, 232318, 232986, 248245, 259714, 273784, 311727, 315459, 315482, 316555, 320953, 324795, 329831, 330716, 333001, 333189, 333365, 333646, 333714, 341739, 342697, 363877, 364099, 374246, 378219, 384022, 385221, 392693, 396756, 400427, 407152, 407962, 420475, 460077, 460100, 460246, 464080, 464200, 464251, 464294, 464324, 464332, 464403, 464719, 484215, 487489, 487499, 488101, 494607, 494632, 496632, 496747, 497572, 497586, 505260, 520249, 531195, 531214, 540877, 551321, 551339, 551342, 551348, 551364, 551375, 551382, 551385, 558337, 569033, 569070, 569875, 576641, 577104, 581440, 581484, 597629, 609203, 610777, 618071, 632737, 633283, 635334, 635676, 636772, 636858, 636946, 637195, 637245, 637313, 637674, 639546, 639564, 641035, 641067]
15,11,[18695, 18722, 18726, 18759, 56448, 58933, 90961, 140070, 153302, 153327, 153695]
17,45,[7971, 16148, 16163, 16198, 18974, 28948, 30166, 30863, 31133, 37529, 38149, 39141, 46843, 51144, 70086, 87661, 87665, 97455, 98974, 103921, 104759, 106256, 114410, 114451, 115316, 115447, 115539, 115549, 115562, 116691, 116708, 116739, 118404, 125507, 125527, 126798, 127304, 128142, 135014, 168374, 176481, 180864, 182133, 185240, 214013]
20,11,[6438, 23952, 37416, 38148, 43460, 45990, 58446, 60016, 62830, 62854, 65457]
21,1,[15844]
22,32,[40583, 119416, 119498, 124804, 124808, 141897, 143647, 143727, 143775, 145202, 145380, 149216, 150942, 151512, 154052, 157375, 159046, 160106, 160505, 160506, 160629, 160658, 160769, 160771, 160773, 160775, 160787, 160811, 160813, 160815, 161471, 161820]
24,1,[13904]
26,11,[6958, 24716, 38332, 39067, 44413, 46991, 59636, 61306, 64173, 64197, 66870]
28,1,[6988]
30,108,[11408, 46329, 53796, 107831, 111063, 112783, 121712, 125465, 130977, 161783, 171264, 171373, 207511, 210504, 222843, 232168, 232836, 248092, 259558, 273628, 311568, 315300, 315323, 316396, 320794, 324636, 329672, 330557, 332842, 333030, 333206, 333487, 333555, 341580, 342538, 363714, 363936, 374083, 378056, 383859, 385058, 392530, 396590, 400261, 406986, 407796, 420309, 459907, 459930, 460076, 463909, 464029, 464080, 464123, 464153, 464161, 464232, 464548, 484050, 487327, 487337, 487939, 494447, 494472, 496463, 496578, 497403, 497417, 505091, 520077, 531020, 531039, 540702, 551143, 551161, 551164, 551170, 551186, 551197, 551204, 551207, 558159, 568853, 568890, 569695, 576461, 576924, 581260, 581304, 597438, 608991, 610560, 617819, 632462, 633008, 635059, 635401, 636497, 636583, 636671, 636920, 636970, 637038, 637399, 639271, 639289, 640760, 640792]
