10,9,[12056, 12168, 77774, 115775, 193865, 217593, 304997, 348426, 448210]
11,4,[142, 3248, 7091, 13821]
12,5,[3223, 5541, 5578, 5615, 5657]
14,2,[51240, 116990]
15,14,[11502, 30044, 34928, 40343, 70249, 76393, 81406, 123813, 123829, 125303, 131527, 132660, 144455, 157057]
16,6,[10058, 12475, 21216, 31640, 35894, 36483]
17,19,[4586, 4759, 9723, 17487, 19872, 19896, 23422, 29464, 37143, 37174, 40668, 41144, 44030, 49132, 92414, 118060, 197336, 197357, 213299]
18,1,[87846]
20,10,[1659, 2367, 3225, 6281, 7225, 7553, 24668, 41347, 49547, 52617]
21,3,[6061, 7247, 17653]
22,42,[5564, 71664, 87711, 93180, 93445, 93449, 93452, 93455, 93458, 93461, 93464, 93579, 93582, 93685, 93979, 94015, 94018, 94106, 94224, 94416, 94420, 120935, 121316, 124817, 125087, 126165, 126167, 126202, 126204, 126222, 126226, 126229, 126273, 126278, 126424, 126485, 126494, 126547, 126558, 126561, 144790, 154214]
23,2,[6105, 9047]
24,10,[9024, 9034, 9039, 10417, 10422, 18605, 30729, 34333, 35483, 43908]
25,1,[112021]
26,10,[2032, 2760, 3707, 6799, 7746, 8077, 25450, 42284, 50595, 53719]
27,18,[16012, 17115, 18350, 19617, 20836, 38542, 40782, 40815, 47662, 51470, 51494, 61357, 61594, 62399, 62499, 62614, 78730, 101391]
28,3,[4796, 8254, 8838]
30,9,[11962, 12074, 77671, 115664, 193733, 217453, 304839, 348267, 448040]
10,9,[12056, 12168, 77774, 115775, 193865, 217593, 304997, 348426, 448210]
11,4,[142, 3248, 7091, 13821]
12,5,[3223, 5541, 5578, 5615, 5657]
14,2,[51240, 116990]
15,14,[11502, 30044, 34928, 40343, 70249, 76393, 81406, 123813, 123829, 125303, 131527, 132660, 144455, 157057]
16,6,[10058, 12475, 21216, 31640, 35894, 36483]
17,19,[4586, 4759, 9723, 17487, 19872, 19896, 23422, 29464, 37143, 37174, 40668, 41144, 44030, 49132, 92414, 118060, 197336, 197357, 213299]
18,1,[87846]
20,10,[1659, 2367, 3225, 6281, 7225, 7553, 24668, 41347, 49547, 52617]
21,3,[6061, 7247, 17653]
22,42,[5564, 71664, 87711, 93180, 93445, 93449, 93452, 93455, 93458, 93461, 93464, 93579, 93582, 93685, 93979, 94015, 94018, 94106, 94224, 94416, 94420, 120935, 121316, 124817, 125087, 126165, 126167, 126202, 126204, 126222, 126226, 126229, 126273, 126278, 126424, 126485, 126494, 126547, 126558, 126561, 144790, 154214]
23,2,[6105, 9047]
24,10,[9024, 9034, 9039, 10417, 10422, 18605, 30729, 34333, 35483, 43908]
25,1,[112021]
26,10,[2032, 2760, 3707, 6799, 7746, 8077, 25450, 42284, 50595, 53719]
27,18,[16012, 17115, 18350, 19617, 20836, 38542, 40782, 40815, 47662, 51470, 51494, 61357, 61594, 62399, 62499, 62614, 78730, 101391]
28,3,[4796, 8254, 8838]
30,9,[11962, 12074, 77671, 115664, 193733, 217453, 304839, 348267, 448040]
