6,1,[871]
8,3,[189, 201, 262]
9,10,[438, 1145, 1297, 1420, 1981, 1997, 2011, 2261, 2533, 2576]
10,451,[1400, 10824, 17928, 26272, 26296, 26800, 27880, 32334, 36590, 37411, 37988, 38144, 38442, 39971, 41621, 87567, 87580, 88665, 88673, 93328, 94389, 95081, 95359, 95367, 96519, 105533, 105894, 105942, 106619, 107398, 109347, 110217, 111197, 111898, 112255, 120088, 120463, 124017, 124342, 124351, 127036, 127041, 127102, 130858, 130872, 132123, 139022, 143542, 144775, 144920, 144931, 145347, 145626, 149811, 149925, 149930, 150869, 150877, 152338, 152352, 153859, 153871, 153878, 154062, 154504, 157354, 157776, 158257, 160035, 160043, 162850, 163061, 169165, 170990, 173609, 175079, 176740, 176858, 179914, 182187, 183472, 184842, 184985, 185797, 188572, 188984, 189215, 189259, 189960, 190024, 190237, 190996, 191340, 191351, 191576, 194086, 194110, 194693, 198284, 198323, 198353, 206009, 211642, 215361, 217231, 217652, 218693, 219391, 220031, 221036, 222554, 222564, 224124, 225241, 229196, 229520, 229888, 231692, 232694, 237375, 244783, 245367, 245405, 245442, 246701, 250015, 254031, 258042, 261363, 262154, 263480, 264820, 266623, 268499, 269361, 274639, 276642, 282875, 283201, 286478, 286551, 288941, 289146, 289165, 289616, 289647, 289658, 293575, 294927, 295832, 296157, 296697, 298540, 298547, 298821, 298893, 298902, 298907, 298921, 299337, 299502, 299889, 299893, 299903, 299956, 299960, 300113, 300472, 300482, 300568, 301042, 301060, 302142, 304421, 304431, 304436, 304441, 304452, 305507, 306185, 306687, 306964, 306971, 306981, 306988, 306996, 307333, 308073, 308602, 310736, 315179, 318342, 319703, 321921, 322285, 322755, 322761, 322770, 322841, 323031, 323038, 323239, 325724, 329855, 329861, 335869, 336320, 336417, 336496, 336624, 339388, 343538, 345343, 345406, 361685, 362853, 362860, 362870, 362872, 362975, 362984, 374001, 374009, 374012, 374505, 375805, 381991, 387472, 397984, 398821, 400477, 403361, 405601, 410137, 415794, 415800, 417307, 423003, 425122, 429587, 431097, 432803, 436283, 440916, 441061, 441097, 441227, 441270, 454328, 462388, 462858, 463055, 463061, 463085, 466375, 466379, 466384, 466388, 467916, 468917, 473560, 474973, 481039, 481052, 482289, 482393, 491775, 491781, 494975, 497002, 498630, 499581, 500529, 502293, 502343, 502608, 503153, 504606, 504642, 505805, 507309, 507437, 509724, 510881, 511012, 511027, 511774, 511776, 511780, 514284, 514624, 516931, 517147, 518359, 519381, 519544, 519956, 520531, 520567, 522030, 523067, 523080, 523708, 529075, 529236, 531953, 532828, 533269, 533720, 534365, 534451, 535312, 535335, 535564, 536865, 537061, 537083, 539593, 539595, 540648, 540663, 541605, 541827, 542439, 542450, 543224, 543369, 543421, 544350, 544583, 546948, 548738, 549774, 551145, 551634, 551764, 552682, 552777, 552874, 552946, 553932, 554598, 555345, 555392, 556146, 558354, 559507, 559955, 560290, 562134, 562242, 565497, 567559, 568309, 568679, 568687, 568705, 568971, 569930, 570871, 571156, 572306, 572521, 574271, 575408, 575911, 576578, 577130, 578008, 578034, 578084, 578537, 579242, 580442, 580742, 580804, 580933, 581092, 581343, 581789, 581811, 582140, 582170, 582400, 582872, 583511, 584181, 584664, 586492, 587447, 587457, 587497, 587503, 587508, 587521, 589683, 591705, 592480, 593159, 593332, 594096, 594529, 595463, 595774, 595998, 596464, 596522, 597243, 599203, 599513, 599637, 600463, 601427, 601466, 601878, 602226, 602402, 602991, 603272, 603280, 603663, 604099, 604366, 604446, 605028, 605057, 605417, 605514, 606858, 608428, 610357, 610406, 611180, 611789, 611833, 611971, 612259, 612428, 613085, 613596, 617774, 617793, 619008, 621133, 622292, 622753, 628984, 630562, 630744, 632881, 636944]
11,78,[141, 470, 496, 994, 1102, 1107, 1884, 2849, 3031, 3152, 3474, 3487, 3552, 3829, 4270, 4356, 5000, 5988, 6434, 6961, 7340, 7663, 7869, 8498, 9059, 9184, 9296, 9303, 9322, 9828, 9857, 9950, 9967, 10246, 11271, 11672, 12168, 12488, 12751, 13169, 13568, 13921, 14832, 14864, 15124, 15360, 15466, 16453, 16630, 16635, 16639, 16643, 16648, 16652, 16814, 17052, 17429, 17508, 17632, 17646, 17693, 17732, 18090, 18631, 18883, 19353, 19492, 19571, 20124, 20925, 20931, 20947, 20977, 20995, 21014, 21024, 21041, 21069]
12,85,[182, 635, 708, 1325, 1454, 1519, 1888, 2908, 3038, 3925, 4000, 4197, 4248, 4271, 4594, 4740, 4826, 5211, 5995, 6001, 6613, 6680, 6696, 6704, 6724, 6731, 6921, 6930, 7163, 7648, 7669, 7725, 7953, 7995, 8052, 8445, 9592, 9835, 9876, 10222, 10246, 10311, 10528, 11306, 11519, 12031, 12407, 12717, 12722, 12740, 13376, 13406, 13506, 14058, 14225, 14327, 14351, 15041, 15207, 15334, 15525, 17311, 18020, 18090, 18458, 19393, 19709, 19723, 19729, 19739, 19791, 20211, 20222, 20241, 20256, 20262, 20273, 20864, 20973, 21409, 22161, 22203, 22436, 22771, 22938]
13,22,[185, 297, 589, 705, 810, 864, 882, 1005, 1048, 1228, 1233, 1258, 1371, 1429, 2189, 2687, 2916, 2974, 3067, 3113, 3395, 3614]
14,18,[2793, 4750, 27849, 38861, 47110, 49830, 65088, 79537, 79853, 87236, 107437, 126522, 135297, 142885, 147070, 160759, 163998, 192899]
15,432,[800, 856, 931, 1866, 2397, 3189, 3339, 3941, 4916, 4950, 5073, 5980, 6044, 6051, 6362, 6701, 6956, 6989, 7667, 7786, 8061, 8568, 8637, 9089, 9705, 10424, 11120, 11411, 11615, 11631, 11762, 12095, 12729, 12897, 14204, 15182, 15901, 17083, 17402, 17782, 17877, 17936, 18331, 18532, 18543, 18559, 18666, 18735, 18752, 19147, 19943, 20444, 21601, 22079, 22125, 22767, 24754, 25785, 25839, 25909, 25921, 25976, 25982, 26162, 26410, 26418, 27135, 27568, 28365, 28572, 28601, 29126, 29399, 30200, 31096, 31651, 31874, 31911, 31992, 32141, 32397, 33320, 33361, 34303, 34348, 34373, 34468, 34572, 34604, 34757, 35030, 35177, 35840, 35869, 36096, 36646, 37162, 37233, 37306, 37674, 37933, 37997, 39074, 39535, 39762, 39831, 39838, 39849, 39889, 39903, 40160, 41428, 42150, 42684, 43312, 43814, 44240, 44326, 45304, 46093, 46246, 46726, 46867, 46896, 47472, 47518, 47641, 47696, 47762, 48822, 48913, 49785, 50151, 52030, 52102, 52810, 52840, 52876, 53554, 53841, 55051, 55224, 55513, 55906, 55920, 55934, 57248, 57277, 57342, 57508, 58183, 58259, 59246, 59906, 60447, 60799, 60828, 60860, 61138, 61578, 61646, 61767, 61890, 62024, 62036, 62063, 62081, 62206, 62216, 62962, 65337, 65381, 65511, 65522, 65535, 65843, 65886, 66571, 67561, 68613, 68777, 69249, 69335, 70563, 70782, 70857, 70868, 70900, 70904, 71052, 71463, 71821, 72043, 72576, 72663, 72673, 72787, 73240, 73580, 73770, 73850, 73927, 73939, 73965, 74063, 74361, 74781, 74789, 75404, 75997, 76002, 76698, 76938, 77220, 77638, 77736, 78086, 78815, 78896, 78914, 78946, 79138, 79175, 79187, 79855, 80068, 80102, 80177, 80856, 80888, 82079, 82427, 83298, 84364, 84539, 84660, 85583, 86277, 86366, 86472, 86565, 86855, 86863, 86879, 87455, 88617, 89524, 89806, 90204, 90216, 90851, 92544, 92731, 93007, 93327, 93394, 93742, 95026, 95076, 95429, 96172, 96242, 96324, 96327, 96430, 96672, 96678, 97035, 97105, 97114, 97123, 98687, 98762, 98777, 98838, 98851, 99062, 101539, 101592, 101605, 101641, 101657, 102200, 102704, 102763, 103315, 103587, 103602, 104004, 104227, 105173, 105430, 106192, 106325, 106408, 106756, 107185, 107201, 107365, 107506, 107546, 108377, 108397, 108761, 109005, 109035, 109260, 109525, 110388, 110565, 111494, 111999, 112220, 112267, 112393, 112556, 112592, 113278, 113674, 114321, 114342, 115333, 115864, 115886, 116300, 116832, 117065, 117232, 117372, 117504, 121061, 121283, 121289, 121487, 121724, 121845, 123029, 123040, 123402, 124377, 124393, 125019, 125130, 125344, 125501, 126463, 126860, 126901, 126908, 127174, 127819, 128410, 128452, 128464, 128497, 129271, 129745, 130153, 130328, 130852, 131681, 132093, 132991, 133691, 134153, 135245, 136772, 136806, 138280, 138963, 140624, 140773, 142510, 142563, 143550, 143863, 144630, 144718, 145381, 147225, 148217, 148453, 148568, 148644, 149092, 149313, 149318, 150000, 151187, 151201, 152589, 153243, 153516, 153689, 154116, 154412, 155122, 155216, 155227, 155273, 155294, 155331, 155422, 155442, 155466, 155509, 155519, 156359, 158542, 158619, 158625, 159439, 160247, 160530, 160537, 161212, 161294, 162067, 162247, 162352, 163721, 166512, 166631, 166637, 168345, 169091, 170199, 172375, 172845, 172871, 172876, 173586]
16,217,[427, 502, 572, 1126, 1132, 1170, 1186, 1275, 1284, 1295, 1494, 1892, 1949, 1958, 2501, 2843, 2998, 3028, 3059, 3338, 3403, 3567, 3924, 4105, 4352, 4501, 4515, 5190, 5263, 5823, 5897, 5986, 6472, 6787, 7238, 7382, 7594, 8078, 8132, 8395, 8402, 8481, 8505, 8559, 8575, 8632, 8839, 8869, 8881, 8899, 9042, 9053, 9382, 9538, 9570, 9594, 9602, 9667, 9673, 9974, 10205, 10340, 10610, 10829, 10831, 10848, 10925, 11206, 11721, 11937, 11988, 12075, 12171, 12283, 12491, 12607, 13110, 13122, 13133, 13459, 13675, 13740, 13801, 14134, 14241, 14252, 14298, 14697, 15059, 15067, 15098, 15140, 15378, 15787, 15819, 16054, 16193, 16309, 16735, 16861, 16911, 16963, 17011, 17166, 17579, 18024, 18282, 18289, 18415, 18548, 18661, 18668, 18808, 18877, 19743, 19795, 19948, 20021, 20092, 20234, 20368, 20559, 21171, 21383, 21457, 21483, 21510, 21732, 21941, 21978, 22257, 22469, 22670, 22729, 22736, 23224, 23266, 23557, 23944, 23949, 24263, 24394, 24453, 24585, 25203, 25286, 25316, 25493, 25529, 25576, 25813, 26236, 26249, 26265, 26537, 26949, 27139, 27199, 27825, 27885, 28077, 28119, 28145, 28266, 28273, 28278, 28304, 28702, 29159, 29332, 29376, 29379, 29398, 29415, 29487, 29526, 29843, 29848, 29891, 30063, 30442, 30999, 31081, 31463, 31592, 31756, 32281, 32876, 32898, 32955, 33129, 33216, 33238, 33257, 33287, 33382, 33649, 33707, 34162, 34571, 34586, 34748, 35046, 35173, 35224, 35392, 35517, 35553, 35558, 35570, 35855, 35866, 36214, 36315, 36345, 36775, 37350]
17,612,[1345, 2064, 2497, 2644, 2780, 2794, 3311, 3346, 3819, 3830, 3835, 3856, 3918, 3933, 4768, 5426, 5455, 5687, 5937, 6428, 6436, 6799, 6847, 12473, 12480, 12485, 12536, 13011, 13061, 14766, 14881, 14973, 15014, 15037, 15329, 15963, 16150, 16941, 17462, 17476, 17518, 17955, 19934, 20687, 21041, 21047, 21278, 21280, 21283, 21285, 21290, 22451, 22860, 22865, 22901, 22907, 23066, 23303, 23476, 24160, 25178, 25215, 25221, 25275, 25541, 26084, 26267, 29279, 29368, 29376, 29392, 29572, 29590, 29731, 29745, 37757, 39288, 41689, 42266, 42278, 42284, 42376, 42954, 43014, 43059, 43315, 43492, 43869, 43878, 44697, 44715, 44836, 45038, 45044, 45538, 45557, 45567, 45755, 46144, 48012, 49433, 50495, 50651, 51216, 52220, 52270, 52324, 52332, 52346, 52613, 52999, 53387, 53525, 53549, 53768, 53807, 54312, 54361, 55272, 55401, 55440, 55497, 55509, 55603, 56806, 56823, 57132, 57551, 57619, 58731, 58979, 59032, 59569, 59582, 59635, 59711, 60103, 60185, 60225, 60338, 61041, 61601, 61616, 62724, 63236, 66754, 67374, 67681, 68143, 68363, 68433, 68677, 68687, 68700, 68823, 69077, 69269, 69356, 70504, 70704, 70755, 70810, 70943, 70966, 71328, 71890, 72140, 72162, 72453, 72771, 73030, 73733, 73892, 74347, 74362, 74370, 74566, 74578, 74602, 75795, 76262, 76266, 76290, 76804, 77028, 77822, 77940, 78502, 78807, 79221, 79319, 79347, 79355, 79410, 79424, 79529, 79549, 79566, 81182, 81211, 81522, 82133, 82869, 83517, 83567, 83822, 85774, 85872, 86248, 87220, 88349, 88794, 88813, 88826, 89303, 89898, 90120, 90371, 90914, 90923, 91473, 91545, 91553, 91563, 91918, 93185, 93579, 93931, 93938, 94068, 94081, 94089, 94505, 94523, 94656, 94709, 94977, 95408, 95476, 95494, 97160, 97733, 98092, 98322, 98722, 99261, 99669, 100343, 100667, 101299, 101334, 101921, 102511, 103199, 103285, 103446, 103630, 104054, 104066, 104116, 104308, 104860, 104936, 105994, 106754, 106889, 106897, 107087, 107393, 107420, 107433, 107445, 107469, 107618, 107625, 107637, 107705, 108571, 108803, 108814, 109076, 109547, 109652, 109659, 110845, 110861, 111387, 112862, 112868, 113614, 113876, 114129, 114138, 114304, 114319, 114443, 115556, 115866, 115977, 116125, 116456, 116973, 117044, 117085, 117119, 117129, 117138, 117152, 117156, 117165, 117391, 117841, 118069, 118092, 118094, 118472, 118608, 119149, 119234, 120621, 121513, 121573, 121643, 121846, 121878, 122046, 122052, 122054, 122392, 122401, 122437, 122545, 122637, 122795, 122817, 122977, 124051, 124405, 124423, 124432, 124517, 124676, 124826, 124828, 124841, 124859, 124898, 124902, 124998, 125540, 125570, 125582, 125595, 125600, 125989, 127203, 127938, 127947, 127956, 128825, 128856, 128873, 128968, 128977, 129536, 129901, 129943, 129962, 130103, 130429, 130435, 130583, 130744, 130789, 130794, 130841, 130847, 130901, 131385, 132104, 132119, 132138, 132155, 132202, 132211, 132219, 132289, 132609, 132829, 132968, 133014, 133033, 133507, 134425, 134605, 134613, 134687, 134699, 134707, 134720, 135154, 135604, 136054, 136773, 136782, 136816, 136838, 137220, 137241, 137438, 137846, 137851, 138406, 138415, 138420, 138583, 138640, 138646, 138707, 138838, 138981, 139019, 139030, 139659, 140113, 140466, 140494, 140497, 140705, 140730, 140775, 140792, 141677, 141715, 141736, 141890, 141896, 141948, 142022, 142330, 142339, 142377, 142389, 142733, 142739, 143847, 143891, 145250, 145494, 145747, 146001, 146233, 146667, 147113, 147121, 147126, 147134, 147143, 147710, 147719, 147945, 150186, 150794, 151208, 151214, 151296, 152904, 153170, 153900, 153965, 155707, 155724, 156242, 156467, 157256, 157714, 158539, 160588, 160679, 160975, 161627, 162672, 162848, 163013, 163236, 163700, 163706, 164042, 164222, 164238, 165418, 165843, 168771, 168811, 169404, 169653, 170113, 171137, 171147, 171261, 172114, 172124, 172180, 172398, 173140, 173219, 173400, 173651, 174405, 174413, 174454, 175370, 175403, 175412, 177988, 178081, 178097, 178991, 179344, 180696, 182403, 184192, 184201, 185799, 186135, 187342, 188465, 189128, 189503, 189563, 191004, 191998, 192598, 192923, 192929, 192961, 192992, 193296, 193831, 193857, 193863, 193980, 194255, 195003, 195905, 196059, 196474, 196605, 197060, 197243, 197300, 198416, 198432, 198804, 198936, 199407, 200531, 200544, 201067, 202328, 202350, 203967, 204067, 204074, 204084, 204108, 204115, 204323, 204879, 205127, 205132, 207334, 208640, 208665, 208857, 208870, 209032, 209073, 209079, 209817, 210016, 210153, 210254, 210864, 210872, 211218, 211249, 211253, 211964, 212219, 212224, 212250, 212262, 212575, 212732, 212739, 213007, 213010, 214051, 214542, 215160, 217020, 217132, 217170, 217186, 217222, 217226, 217302, 217477, 217491, 217793, 217797]
18,1288,[1225, 1331, 2209, 2358, 3347, 3409, 3420, 4531, 4581, 4634, 4656, 4663, 5368, 5396, 5419, 5475, 5527, 5568, 5582, 5627, 5630, 5653, 5718, 5743, 5892, 5905, 6100, 6108, 6255, 6261, 6285, 6303, 6318, 6343, 6399, 6416, 6430, 6449, 6470, 6483, 6496, 6510, 6520, 6578, 6591, 6599, 6663, 6669, 6673, 6683, 6693, 6732, 6743, 6785, 6806, 6834, 6847, 6855, 6868, 6875, 6901, 6912, 7022, 7153, 7172, 7193, 7590, 7665, 8495, 8827, 8920, 8951, 9111, 9116, 9152, 9168, 9176, 9215, 9224, 9233, 9283, 9574, 9591, 9601, 9621, 9629, 9636, 9656, 9665, 9710, 9742, 9756, 9764, 9779, 9814, 9824, 9839, 9854, 9925, 9944, 9952, 9974, 10028, 10054, 10066, 10075, 10090, 10094, 10107, 10138, 10154, 10163, 10177, 10200, 10225, 10279, 10358, 10412, 10479, 10506, 10608, 10643, 10657, 10766, 10842, 10849, 10864, 10870, 10880, 10887, 10902, 10910, 10923, 11076, 11091, 11110, 11124, 11147, 11203, 11214, 11254, 11788, 11859, 11880, 11997, 12072, 12092, 12463, 12937, 12950, 13010, 13138, 13147, 13498, 13634, 13818, 14129, 14150, 14491, 14623, 15107, 16142, 16173, 16203, 16289, 16337, 16346, 16393, 16412, 16430, 16447, 16463, 16472, 16540, 16547, 16562, 16587, 16597, 16617, 16635, 16655, 16668, 16688, 16735, 16745, 16796, 16804, 16822, 16838, 16889, 16901, 16919, 16955, 16988, 16997, 17048, 17056, 17100, 17118, 17151, 17217, 17278, 17295, 17360, 17572, 17601, 17629, 17636, 17643, 17686, 17695, 18632, 18649, 18726, 18737, 18750, 18772, 18859, 18890, 18928, 18939, 18949, 18972, 19018, 19037, 19058, 19082, 19102, 19145, 19158, 19249, 19257, 19271, 19674, 19736, 19744, 19873, 19918, 19921, 20003, 20022, 20050, 20099, 20157, 20296, 20311, 20318, 21210, 21218, 21229, 21489, 21602, 22067, 22701, 23289, 23293, 23308, 23324, 23332, 23570, 23600, 23609, 23625, 23772, 23987, 24526, 24543, 24554, 24569, 24584, 24591, 24608, 24628, 24687, 24725, 24740, 24747, 24782, 24810, 24854, 24870, 24894, 24913, 24929, 24935, 24949, 24980, 25051, 25067, 25085, 25548, 25553, 25559, 25572, 25598, 25627, 25659, 25676, 25744, 25799, 25875, 25940, 26108, 26110, 26119, 26143, 26168, 26268, 26291, 26332, 26365, 26538, 26786, 27581, 27590, 27666, 27676, 27917, 28194, 29454, 29468, 30133, 30139, 31410, 32133, 32297, 32336, 32371, 32449, 32642, 32716, 32833, 32855, 32885, 33026, 33040, 33434, 33537, 33640, 33736, 33898, 34191, 34213, 34255, 34287, 34365, 34504, 34834, 34864, 34869, 34882, 34990, 35315, 35415, 35632, 35692, 36482, 36774, 37055, 37200, 37558, 37601, 37706, 37713, 37784, 37822, 37836, 37867, 37872, 37887, 37895, 37942, 37947, 38025, 38077, 38086, 38176, 38185, 38429, 38433, 38474, 38480, 38553, 38629, 38649, 38929, 38938, 39028, 39048, 39062, 39076, 39092, 39117, 39143, 39161, 39177, 39252, 39280, 39531, 39544, 39575, 39618, 39659, 39669, 39736, 39881, 40690, 41332, 41351, 41359, 41694, 41715, 41720, 41735, 41754, 41766, 41846, 41848, 41890, 41914, 41930, 42141, 42900, 43227, 43236, 43431, 43441, 43464, 43497, 43582, 43681, 43717, 43729, 43759, 44345, 44372, 44407, 44590, 44607, 44630, 44642, 44983, 44998, 45016, 45031, 45236, 45295, 45303, 45314, 45333, 45350, 45359, 45369, 45954, 46087, 46098, 46479, 46605, 46625, 46799, 46827, 46846, 46870, 46931, 47088, 47141, 47155, 47257, 47303, 47335, 47367, 47391, 47422, 47449, 47457, 47497, 47562, 47609, 47974, 48358, 48514, 48527, 48855, 49060, 49107, 49164, 49191, 49210, 49222, 49241, 49271, 49314, 49336, 49356, 49459, 49649, 49671, 49676, 49703, 49740, 49783, 49839, 49937, 49968, 49986, 49992, 50346, 50392, 50412, 50968, 51003, 51082, 51091, 51165, 51292, 51312, 51340, 51369, 51399, 51405, 51419, 51519, 51553, 51713, 51846, 52018, 52023, 52025, 52115, 52168, 52240, 52246, 52336, 52778, 52840, 52909, 52938, 52993, 53032, 53045, 53105, 53223, 53237, 53287, 53341, 53587, 53603, 53653, 53718, 53759, 53769, 53786, 53798, 53817, 53861, 54049, 54366, 55107, 55175, 55573, 56362, 56378, 57617, 58558, 58575, 58590, 58639, 58697, 58796, 59427, 59769, 60024, 60211, 60219, 60299, 60605, 60660, 60795, 60809, 60822, 60903, 60917, 60951, 61535, 61709, 61790, 62033, 62777, 63431, 63442, 63469, 63474, 63915, 64379, 64662, 65353, 65535, 65576, 66393, 67091, 67100, 67347, 67944, 68308, 68602, 68623, 68663, 69075, 69087, 69269, 69273, 69454, 69733, 69778, 69796, 69814, 69827, 69873, 70479, 70496, 70600, 70643, 71127, 71139, 71303, 72188, 72530, 72536, 72584, 72841, 72911, 73046, 73059, 73070, 73910, 74475, 74532, 74607, 74639, 74678, 74729, 74814, 74820, 74832, 74865, 74874, 74876, 74884, 74888, 74902, 74933, 74984, 74993, 75266, 75329, 75337, 75373, 75410, 75420, 75430, 75437, 75453, 75468, 76074, 76087, 76376, 76454, 77004, 77023, 77026, 77046, 77392, 77408, 77411, 78477, 78531, 78575, 78623, 78628, 78635, 78651, 78658, 78673, 78684, 78690, 78696, 78700, 78704, 78714, 78739, 78799, 78807, 78814, 78823, 79003, 79018, 79058, 79073, 79226, 79283, 79305, 79313, 79322, 79711, 80147, 80376, 80383, 82265, 82500, 83060, 83551, 83560, 83582, 83668, 83866, 83872, 83903, 83918, 84058, 84069, 84082, 84099, 84112, 84134, 84154, 84168, 84236, 84251, 84262, 84277, 84287, 84339, 84556, 84593, 84616, 84627, 84640, 84643, 84649, 85203, 85209, 85217, 85242, 85446, 85484, 85499, 85602, 85695, 85707, 85935, 86574, 86588, 86841, 86857, 86871, 86901, 86909, 87530, 87724, 87808, 88410, 88680, 88802, 89585, 89789, 89804, 90381, 90421, 90542, 90722, 91315, 91331, 91741, 91766, 91809, 91893, 92290, 92319, 92362, 92585, 92799, 92905, 93163, 93400, 93408, 93657, 94734, 94756, 95216, 95223, 95321, 95327, 95941, 96300, 96325, 96334, 96527, 96836, 97013, 97409, 97411, 97416, 97420, 97450, 97762, 97907, 97938, 98035, 98040, 98062, 98086, 98142, 98187, 98218, 98348, 98360, 98420, 98487, 98539, 98609, 98987, 99011, 99027, 99079, 99090, 99117, 99372, 99440, 99454, 99459, 99475, 99487, 99847, 99932, 99972, 99984, 100020, 100028, 100053, 100255, 100260, 100300, 100482, 100497, 100509, 100544, 100557, 100576, 100679, 100685, 100698, 100774, 100783, 100819, 100835, 100901, 100956, 101000, 101019, 101134, 101489, 101511, 101525, 101712, 101724, 102378, 102392, 102564, 102581, 103029, 103707, 103728, 103800, 103821, 103847, 104274, 104778, 105261, 105285, 105299, 105414, 106656, 106664, 106851, 107174, 107186, 107191, 107596, 108203, 108246, 108254, 108267, 108297, 108322, 108432, 108496, 108529, 108541, 108554, 108603, 108619, 108648, 108677, 108699, 108720, 108729, 108753, 108817, 108820, 108875, 108893, 109019, 109142, 110025, 110061, 110078, 110123, 110353, 110380, 110425, 110455, 110464, 110880, 111213, 111707, 111834, 111868, 111910, 112755, 112763, 113037, 113180, 113244, 113308, 113337, 113531, 113581, 113598, 113643, 113800, 113810, 113823, 114021, 114045, 114059, 114103, 114178, 114297, 114338, 114727, 114748, 115088, 115126, 115132, 115190, 115208, 115223, 115240, 115272, 115294, 115401, 115423, 116848, 116912, 116931, 117427, 117537, 117540, 117597, 117795, 117799, 117835, 117914, 119240, 119304, 119323, 119819, 119929, 119932, 119989, 120187, 120191, 120227, 120306, 120629, 120654, 120767, 121298, 121304, 121310, 121318, 121354, 121361, 121366, 121385, 121393, 121417, 121456, 121465, 121639, 121962, 122120, 122129, 122143, 122154, 122234, 122267, 122329, 122358, 122469, 122525, 122553, 122601, 122724, 122763, 122824, 122831, 122836, 122853, 122855, 122870, 122945, 122966, 123087, 123120, 123316, 123371, 123419, 123509, 123772, 123831, 123919, 123935, 124022, 124270, 124278, 124306, 124320, 124359, 124403, 124443, 124491, 124522, 124530, 124542, 124562, 124570, 124654, 124695, 124704, 124714, 124754, 124758, 124868, 125248, 125303, 125322, 125363, 125375, 125738, 125790, 125811, 125819, 126313, 126404, 126451, 126478, 126492, 126511, 126523, 126569, 126581, 126595, 126601, 126609, 126622, 126644, 126794, 126814, 126829, 126848, 126958, 127020, 127086, 127097, 127138, 127178, 127208, 127278, 127281, 127521, 127613, 127984, 128010, 128018, 128021, 128040, 128265, 128291, 128299, 128302, 128321, 128341, 128349, 128366, 128410, 128440, 128455, 128491, 128519, 128526, 128535, 128557, 128575, 128611, 128641, 128659, 128886, 129065, 129075, 129085, 129115, 129205, 129218, 129239, 129249, 129266, 129294, 129382, 129437, 129443, 129460, 129468, 129511, 129531, 129539, 129554, 129567, 129598, 129917, 129929, 129956, 129967, 129978, 129982, 129999, 130140, 130149, 130307, 130470, 130637, 131026, 131179, 131204, 131280, 131835, 131850, 132032, 132042, 132101, 132385, 132404, 132414, 132430, 132440, 132625, 132639, 132676, 132742, 133203, 133209, 133344, 133349, 133382, 133754, 133819, 133974, 134132, 134156, 134747, 134998, 135061, 135130, 135141, 136051, 136070, 136555, 136583, 136782, 136852, 136898, 137066, 137196, 137243, 137358, 137414, 137456, 137460, 137480, 137498, 137507, 137616, 138024, 138117, 138142, 138603, 138797, 139046, 139069, 139084, 139193, 139196, 139209, 139324, 139514, 139523, 139701, 139932, 139968, 140044, 140075, 140124, 140211, 140261, 140359, 140722, 140757, 140969, 140982, 141097, 141157, 141165, 141182, 141235, 141258, 141360, 141867, 141944, 142012, 142029, 142042, 142063, 142110, 142215, 142321, 142375, 142478, 142746, 142759, 142904, 142925, 142998, 143005, 143015, 143023, 143063, 143084, 143109, 143128, 143140, 143158, 143175, 143199, 143285, 144476, 144840, 144947, 144951, 144962, 145008, 145015, 145083, 145161, 145657, 146003, 146008, 146152, 146166, 146862, 146921, 146941, 147025, 147091, 147136, 147385, 148404, 148413, 148431]
19,13,[281, 1989, 2029, 11827, 12140, 13922, 13927, 17983, 19720, 24558, 24564, 24643, 24650]
20,58,[5752, 5762, 5802, 6043, 7189, 8958, 9936, 12172, 14478, 16078, 16531, 16793, 16806, 16828, 19578, 20495, 21860, 28042, 31488, 32125, 32206, 33803, 34034, 38533, 41349, 41843, 42184, 42805, 42869, 43000, 44175, 45864, 47906, 48105, 48286, 48290, 49244, 49835, 52693, 52795, 54108, 54114, 54407, 54416, 54431, 54439, 54675, 55517, 55762, 56001, 58393, 58479, 59559, 59817, 60849, 61337, 61343, 63824]
21,110,[3572, 4665, 5145, 5411, 5415, 5650, 5992, 6009, 6448, 6463, 6513, 6549, 6599, 6856, 6917, 7065, 7079, 7384, 7633, 7651, 7678, 7693, 7696, 7777, 7948, 8029, 8250, 8603, 8614, 8640, 9381, 9507, 9854, 10668, 11003, 11086, 11137, 11393, 11556, 11583, 12502, 12507, 12515, 13131, 13146, 13483, 13591, 13624, 13796, 14664, 15384, 16216, 16473, 16505, 16534, 17080, 17090, 18022, 18257, 19278, 19994, 20468, 21392, 21411, 21462, 21556, 22096, 22899, 23147, 23156, 23653, 24820, 25931, 26195, 26211, 26362, 26419, 26463, 26489, 26656, 26675, 26691, 26771, 26778, 26785, 27180, 27190, 27806, 27816, 27821, 27856, 27863, 28825, 29108, 29220, 29335, 29515, 29739, 29853, 30320, 30327, 31042, 31626, 31795, 32128, 32362, 32483, 33100, 33251, 33727]
22,33,[634, 647, 18110, 20476, 21118, 21121, 21124, 21128, 21131, 60358, 71184, 71188, 71192, 71196, 86799, 114108, 119634, 137470, 137762, 139072, 139075, 139077, 139293, 139295, 139575, 140204, 143563, 145264, 147985, 150392, 153992, 153996, 154940]
23,181,[409, 607, 712, 3924, 4289, 4498, 4503, 4532, 4604, 4621, 5020, 6067, 6189, 6213, 6243, 6268, 6277, 6284, 6302, 6308, 6328, 7289, 7774, 7785, 7794, 7967, 8222, 8326, 8340, 8469, 8496, 8504, 8683, 9152, 9161, 9236, 9311, 9438, 9478, 9517, 9777, 9837, 9897, 10254, 10606, 10623, 10626, 10631, 10647, 10822, 10983, 11189, 11749, 11778, 11820, 11828, 11857, 11870, 12174, 12189, 12685, 12719, 12773, 12783, 12792, 12802, 12808, 12814, 12862, 12871, 12879, 13437, 14375, 14798, 14806, 15144, 15155, 15520, 15539, 15780, 15827, 16198, 16401, 16599, 16608, 16615, 16716, 16728, 16776, 16791, 16805, 16816, 16845, 16850, 16904, 16920, 16950, 16957, 16960, 16964, 16973, 17335, 17340, 17474, 17484, 17919, 18257, 18276, 18464, 18500, 18538, 18569, 18603, 18608, 18706, 18822, 18829, 18867, 19332, 19381, 19637, 19727, 19741, 19789, 19879, 19904, 19988, 20001, 20386, 20766, 20954, 21140, 21205, 21736, 22686, 23161, 23190, 23345, 23578, 23707, 23710, 23718, 23732, 24217, 24434, 24454, 24467, 24489, 24493, 24985, 25005, 25107, 25268, 25501, 25511, 25527, 25557, 25601, 25603, 25783, 25792, 25805, 25939, 25964, 26017, 26112, 26125, 26601, 26695, 26721, 26870, 26918, 26993, 26996, 28019, 28657, 28753, 28812, 29073, 30130, 30625]
24,148,[404, 1242, 2654, 3367, 3631, 3806, 4117, 4401, 4464, 4690, 4904, 4935, 5535, 5828, 6724, 6884, 6941, 7095, 7109, 7376, 7416, 7919, 8581, 8630, 8632, 8719, 8810, 9056, 9132, 9656, 10558, 10652, 10768, 11155, 12490, 13467, 13721, 13892, 14083, 14256, 14513, 14968, 15056, 15545, 15906, 16025, 16227, 16907, 16913, 18415, 18553, 18608, 19584, 19648, 19773, 20224, 21813, 22390, 23032, 23039, 23112, 24004, 24057, 24709, 25345, 25517, 25815, 26147, 26254, 26331, 26347, 26553, 26894, 27022, 27027, 27307, 27339, 27553, 27584, 28664, 29261, 29632, 29635, 29654, 30061, 30243, 30263, 30332, 30642, 31532, 31941, 31996, 32045, 32087, 32098, 32120, 32150, 32334, 32365, 32375, 33537, 33546, 33619, 33624, 33760, 33994, 34027, 34058, 34330, 34377, 34386, 34442, 34446, 34626, 34789, 35663, 35834, 35968, 36151, 36154, 36168, 36328, 37102, 37229, 37236, 37557, 37694, 38108, 38813, 39173, 39259, 39834, 40023, 40135, 41054, 41310, 41645, 41862, 41893, 41999, 42218, 42926, 43714, 43729, 44115, 44123, 44589, 44595]
25,17,[3143, 5152, 26990, 45282, 52677, 56364, 76251, 83533, 90086, 95956, 103034, 121236, 129597, 136972, 141045, 153880, 184772]
26,58,[6270, 6280, 6320, 6562, 7710, 9507, 10490, 12759, 15081, 16725, 17181, 17446, 17459, 17481, 20287, 21222, 22615, 28877, 32359, 32997, 33078, 34678, 34913, 39475, 42286, 42777, 43118, 43753, 43817, 43949, 45138, 46866, 48917, 49118, 49299, 49303, 50287, 50881, 53791, 53894, 55270, 55276, 55569, 55578, 55593, 55600, 55836, 56675, 56921, 57162, 59584, 59669, 60839, 61103, 62146, 62640, 62646, 65211]
27,326,[616, 1021, 1069, 1676, 1737, 3126, 3316, 4287, 4888, 4925, 4973, 5182, 5244, 5574, 5890, 6202, 6436, 6529, 6664, 6827, 6903, 7565, 7686, 8584, 8590, 8617, 8886, 8970, 9044, 9045, 9088, 9635, 9720, 9961, 10369, 10641, 10979, 11115, 11801, 12729, 13108, 13554, 14144, 14149, 14176, 15528, 16103, 16135, 16226, 16320, 16325, 16424, 16728, 16765, 16874, 16908, 17209, 17212, 17267, 17444, 17661, 17844, 18645, 19477, 19497, 22325, 23178, 23528, 23578, 23690, 23780, 23954, 24528, 24618, 24638, 24650, 24672, 24801, 24811, 24826, 25104, 25191, 26136, 26144, 26304, 26728, 27777, 28092, 29351, 29372, 29731, 29812, 29835, 30379, 31796, 31893, 31904, 32162, 32532, 32557, 33010, 33137, 33278, 34258, 34523, 34644, 34994, 35160, 35203, 36019, 36033, 36130, 36273, 37923, 37935, 38086, 38333, 39443, 40615, 40978, 41111, 41686, 42193, 42892, 43287, 44268, 45532, 45949, 45958, 46079, 46177, 47031, 47944, 48155, 48171, 48459, 48697, 48736, 48885, 48936, 49896, 50708, 50929, 51035, 51116, 51173, 51239, 51823, 51931, 52107, 52343, 53652, 54050, 54504, 54692, 54783, 54812, 54838, 54924, 54957, 55064, 55164, 55212, 55227, 55231, 55319, 55358, 55364, 55552, 55656, 56030, 56046, 56055, 57828, 58146, 58206, 58212, 58460, 59215, 59470, 59921, 60089, 60092, 60332, 61537, 61738, 62215, 62532, 63525, 63699, 63788, 64432, 64629, 64975, 65629, 65760, 67191, 67894, 68014, 68169, 68449, 69205, 69279, 70592, 71666, 72192, 72361, 72381, 72752, 72875, 72881, 73085, 73359, 73415, 73425, 73770, 74105, 74142, 75286, 77519, 78034, 78043, 78888, 78903, 79296, 79314, 79478, 79524, 79530, 79535, 79545, 79924, 79927, 80107, 80512, 80974, 81344, 83119, 83142, 83789, 84089, 85537, 85723, 85919, 85959, 85974, 86100, 87414, 88103, 88115, 88203, 88241, 88249, 88258, 89036, 89827, 90203, 90245, 90277, 90894, 90903, 90922, 91166, 92256, 92303, 92317, 92327, 92342, 92373, 92570, 92792, 92805, 93161, 93456, 93928, 93953, 93984, 94449, 94479, 94484, 94725, 94729, 94902, 95127, 95344, 95374, 95398, 95960, 96004, 96782, 96862, 97011, 97158, 97293, 97327, 97375, 97385, 97657, 97771, 97816, 97901, 99231, 99415, 99773, 99995, 100157, 100163, 100267, 100734, 101560, 101776, 102052, 102234, 102484, 103700, 104103, 104681, 105050, 106116, 106162, 106658, 107550, 107610, 107823, 108439, 108448]
28,21,[584, 2349, 2775, 2780, 5363, 5643, 5664, 8373, 9004, 9669, 9824, 9980, 10254, 10279, 10288, 10363, 10375, 10599, 11011, 11227, 11232]
30,451,[1307, 10730, 17834, 26178, 26202, 26706, 27786, 32236, 36492, 37313, 37890, 38046, 38344, 39873, 41523, 87460, 87473, 88558, 88566, 93221, 94282, 94974, 95252, 95260, 96412, 105422, 105783, 105831, 106508, 107287, 109236, 110106, 111086, 111787, 112144, 119977, 120352, 123906, 124231, 124240, 126925, 126930, 126991, 130746, 130760, 132011, 138910, 143430, 144662, 144807, 144818, 145234, 145513, 149698, 149812, 149817, 150756, 150764, 152225, 152239, 153746, 153758, 153765, 153949, 154391, 157241, 157663, 158144, 159921, 159929, 162727, 162938, 169042, 170867, 173486, 174956, 176617, 176735, 179791, 182064, 183340, 184710, 184853, 185665, 188440, 188852, 189083, 189127, 189828, 189892, 190105, 190864, 191208, 191219, 191444, 193954, 193978, 194561, 198152, 198191, 198221, 205867, 211500, 215219, 217090, 217512, 218553, 219251, 219881, 220886, 222404, 222414, 223974, 225091, 229046, 229370, 229738, 231542, 232544, 237225, 244630, 245214, 245252, 245289, 246548, 249862, 253878, 257886, 261207, 261998, 263324, 264664, 266467, 268343, 269205, 274483, 276486, 282720, 283046, 286322, 286395, 288785, 288990, 289009, 289460, 289491, 289502, 293418, 294770, 295675, 296000, 296540, 298382, 298389, 298663, 298735, 298744, 298749, 298763, 299179, 299344, 299731, 299735, 299745, 299798, 299802, 299955, 300314, 300324, 300410, 300884, 300902, 301984, 304263, 304273, 304278, 304283, 304294, 305349, 306027, 306529, 306806, 306813, 306823, 306830, 306838, 307175, 307915, 308444, 310578, 315020, 318183, 319544, 321762, 322126, 322596, 322602, 322611, 322682, 322872, 322879, 323080, 325565, 329696, 329702, 335710, 336161, 336258, 336337, 336465, 339229, 343379, 345184, 345247, 361525, 362693, 362700, 362710, 362712, 362815, 362824, 373838, 373846, 373849, 374342, 375642, 381828, 387309, 397818, 398655, 400311, 403195, 405435, 409971, 415628, 415634, 417141, 422837, 424956, 429420, 430927, 432633, 436113, 440746, 440891, 440927, 441057, 441100, 454158, 462217, 462687, 462884, 462890, 462914, 466204, 466208, 466213, 466217, 467745, 468746, 473390, 474803, 480872, 480885, 482123, 482227, 491615, 491621, 494816, 496833, 498461, 499412, 500360, 502124, 502174, 502439, 502984, 504437, 504473, 505636, 507140, 507268, 509555, 510712, 510843, 510858, 511605, 511607, 511611, 514115, 514455, 516759, 516975, 518187, 519209, 519372, 519784, 520359, 520395, 521858, 522895, 522908, 523536, 528900, 529061, 531778, 532653, 533094, 533545, 534190, 534276, 535137, 535160, 535389, 536690, 536886, 536908, 539418, 539420, 540473, 540488, 541430, 541652, 542264, 542275, 543049, 543194, 543246, 544175, 544408, 546773, 548563, 549596, 550967, 551456, 551586, 552504, 552599, 552696, 552768, 553754, 554420, 555167, 555214, 555968, 558176, 559329, 559777, 560112, 561956, 562064, 565317, 567379, 568129, 568499, 568507, 568525, 568791, 569750, 570691, 570976, 572126, 572341, 574091, 575228, 575731, 576398, 576950, 577828, 577854, 577904, 578357, 579062, 580262, 580562, 580624, 580753, 580912, 581163, 581609, 581631, 581960, 581990, 582220, 582692, 583331, 584001, 584479, 586307, 587262, 587272, 587312, 587318, 587323, 587336, 589498, 591520, 592289, 592968, 593141, 593905, 594338, 595272, 595583, 595807, 596273, 596331, 597052, 599006, 599316, 599440, 600266, 601230, 601269, 601681, 602029, 602205, 602794, 603075, 603083, 603461, 603897, 604164, 604244, 604826, 604855, 605215, 605312, 606651, 608216, 610140, 610189, 610963, 611566, 611610, 611748, 612036, 612205, 612856, 613367, 617527, 617546, 618756, 620881, 622040, 622501, 628721, 630296, 630475, 632606, 636669]
6,1,[871]
8,3,[189, 201, 262]
9,10,[438, 1145, 1297, 1420, 1981, 1997, 2011, 2261, 2533, 2576]
10,451,[1400, 10824, 17928, 26272, 26296, 26800, 27880, 32334, 36590, 37411, 37988, 38144, 38442, 39971, 41621, 87567, 87580, 88665, 88673, 93328, 94389, 95081, 95359, 95367, 96519, 105533, 105894, 105942, 106619, 107398, 109347, 110217, 111197, 111898, 112255, 120088, 120463, 124017, 124342, 124351, 127036, 127041, 127102, 130858, 130872, 132123, 139022, 143542, 144775, 144920, 144931, 145347, 145626, 149811, 149925, 149930, 150869, 150877, 152338, 152352, 153859, 153871, 153878, 154062, 154504, 157354, 157776, 158257, 160035, 160043, 162850, 163061, 169165, 170990, 173609, 175079, 176740, 176858, 179914, 182187, 183472, 184842, 184985, 185797, 188572, 188984, 189215, 189259, 189960, 190024, 190237, 190996, 191340, 191351, 191576, 194086, 194110, 194693, 198284, 198323, 198353, 206009, 211642, 215361, 217231, 217652, 218693, 219391, 220031, 221036, 222554, 222564, 224124, 225241, 229196, 229520, 229888, 231692, 232694, 237375, 244783, 245367, 245405, 245442, 246701, 250015, 254031, 258042, 261363, 262154, 263480, 264820, 266623, 268499, 269361, 274639, 276642, 282875, 283201, 286478, 286551, 288941, 289146, 289165, 289616, 289647, 289658, 293575, 294927, 295832, 296157, 296697, 298540, 298547, 298821, 298893, 298902, 298907, 298921, 299337, 299502, 299889, 299893, 299903, 299956, 299960, 300113, 300472, 300482, 300568, 301042, 301060, 302142, 304421, 304431, 304436, 304441, 304452, 305507, 306185, 306687, 306964, 306971, 306981, 306988, 306996, 307333, 308073, 308602, 310736, 315179, 318342, 319703, 321921, 322285, 322755, 322761, 322770, 322841, 323031, 323038, 323239, 325724, 329855, 329861, 335869, 336320, 336417, 336496, 336624, 339388, 343538, 345343, 345406, 361685, 362853, 362860, 362870, 362872, 362975, 362984, 374001, 374009, 374012, 374505, 375805, 381991, 387472, 397984, 398821, 400477, 403361, 405601, 410137, 415794, 415800, 417307, 423003, 425122, 429587, 431097, 432803, 436283, 440916, 441061, 441097, 441227, 441270, 454328, 462388, 462858, 463055, 463061, 463085, 466375, 466379, 466384, 466388, 467916, 468917, 473560, 474973, 481039, 481052, 482289, 482393, 491775, 491781, 494975, 497002, 498630, 499581, 500529, 502293, 502343, 502608, 503153, 504606, 504642, 505805, 507309, 507437, 509724, 510881, 511012, 511027, 511774, 511776, 511780, 514284, 514624, 516931, 517147, 518359, 519381, 519544, 519956, 520531, 520567, 522030, 523067, 523080, 523708, 529075, 529236, 531953, 532828, 533269, 533720, 534365, 534451, 535312, 535335, 535564, 536865, 537061, 537083, 539593, 539595, 540648, 540663, 541605, 541827, 542439, 542450, 543224, 543369, 543421, 544350, 544583, 546948, 548738, 549774, 551145, 551634, 551764, 552682, 552777, 552874, 552946, 553932, 554598, 555345, 555392, 556146, 558354, 559507, 559955, 560290, 562134, 562242, 565497, 567559, 568309, 568679, 568687, 568705, 568971, 569930, 570871, 571156, 572306, 572521, 574271, 575408, 575911, 576578, 577130, 578008, 578034, 578084, 578537, 579242, 580442, 580742, 580804, 580933, 581092, 581343, 581789, 581811, 582140, 582170, 582400, 582872, 583511, 584181, 584664, 586492, 587447, 587457, 587497, 587503, 587508, 587521, 589683, 591705, 592480, 593159, 593332, 594096, 594529, 595463, 595774, 595998, 596464, 596522, 597243, 599203, 599513, 599637, 600463, 601427, 601466, 601878, 602226, 602402, 602991, 603272, 603280, 603663, 604099, 604366, 604446, 605028, 605057, 605417, 605514, 606858, 608428, 610357, 610406, 611180, 611789, 611833, 611971, 612259, 612428, 613085, 613596, 617774, 617793, 619008, 621133, 622292, 622753, 628984, 630562, 630744, 632881, 636944]
11,78,[141, 470, 496, 994, 1102, 1107, 1884, 2849, 3031, 3152, 3474, 3487, 3552, 3829, 4270, 4356, 5000, 5988, 6434, 6961, 7340, 7663, 7869, 8498, 9059, 9184, 9296, 9303, 9322, 9828, 9857, 9950, 9967, 10246, 11271, 11672, 12168, 12488, 12751, 13169, 13568, 13921, 14832, 14864, 15124, 15360, 15466, 16453, 16630, 16635, 16639, 16643, 16648, 16652, 16814, 17052, 17429, 17508, 17632, 17646, 17693, 17732, 18090, 18631, 18883, 19353, 19492, 19571, 20124, 20925, 20931, 20947, 20977, 20995, 21014, 21024, 21041, 21069]
12,85,[182, 635, 708, 1325, 1454, 1519, 1888, 2908, 3038, 3925, 4000, 4197, 4248, 4271, 4594, 4740, 4826, 5211, 5995, 6001, 6613, 6680, 6696, 6704, 6724, 6731, 6921, 6930, 7163, 7648, 7669, 7725, 7953, 7995, 8052, 8445, 9592, 9835, 9876, 10222, 10246, 10311, 10528, 11306, 11519, 12031, 12407, 12717, 12722, 12740, 13376, 13406, 13506, 14058, 14225, 14327, 14351, 15041, 15207, 15334, 15525, 17311, 18020, 18090, 18458, 19393, 19709, 19723, 19729, 19739, 19791, 20211, 20222, 20241, 20256, 20262, 20273, 20864, 20973, 21409, 22161, 22203, 22436, 22771, 22938]
13,22,[185, 297, 589, 705, 810, 864, 882, 1005, 1048, 1228, 1233, 1258, 1371, 1429, 2189, 2687, 2916, 2974, 3067, 3113, 3395, 3614]
14,18,[2793, 4750, 27849, 38861, 47110, 49830, 65088, 79537, 79853, 87236, 107437, 126522, 135297, 142885, 147070, 160759, 163998, 192899]
15,432,[800, 856, 931, 1866, 2397, 3189, 3339, 3941, 4916, 4950, 5073, 5980, 6044, 6051, 6362, 6701, 6956, 6989, 7667, 7786, 8061, 8568, 8637, 9089, 9705, 10424, 11120, 11411, 11615, 11631, 11762, 12095, 12729, 12897, 14204, 15182, 15901, 17083, 17402, 17782, 17877, 17936, 18331, 18532, 18543, 18559, 18666, 18735, 18752, 19147, 19943, 20444, 21601, 22079, 22125, 22767, 24754, 25785, 25839, 25909, 25921, 25976, 25982, 26162, 26410, 26418, 27135, 27568, 28365, 28572, 28601, 29126, 29399, 30200, 31096, 31651, 31874, 31911, 31992, 32141, 32397, 33320, 33361, 34303, 34348, 34373, 34468, 34572, 34604, 34757, 35030, 35177, 35840, 35869, 36096, 36646, 37162, 37233, 37306, 37674, 37933, 37997, 39074, 39535, 39762, 39831, 39838, 39849, 39889, 39903, 40160, 41428, 42150, 42684, 43312, 43814, 44240, 44326, 45304, 46093, 46246, 46726, 46867, 46896, 47472, 47518, 47641, 47696, 47762, 48822, 48913, 49785, 50151, 52030, 52102, 52810, 52840, 52876, 53554, 53841, 55051, 55224, 55513, 55906, 55920, 55934, 57248, 57277, 57342, 57508, 58183, 58259, 59246, 59906, 60447, 60799, 60828, 60860, 61138, 61578, 61646, 61767, 61890, 62024, 62036, 62063, 62081, 62206, 62216, 62962, 65337, 65381, 65511, 65522, 65535, 65843, 65886, 66571, 67561, 68613, 68777, 69249, 69335, 70563, 70782, 70857, 70868, 70900, 70904, 71052, 71463, 71821, 72043, 72576, 72663, 72673, 72787, 73240, 73580, 73770, 73850, 73927, 73939, 73965, 74063, 74361, 74781, 74789, 75404, 75997, 76002, 76698, 76938, 77220, 77638, 77736, 78086, 78815, 78896, 78914, 78946, 79138, 79175, 79187, 79855, 80068, 80102, 80177, 80856, 80888, 82079, 82427, 83298, 84364, 84539, 84660, 85583, 86277, 86366, 86472, 86565, 86855, 86863, 86879, 87455, 88617, 89524, 89806, 90204, 90216, 90851, 92544, 92731, 93007, 93327, 93394, 93742, 95026, 95076, 95429, 96172, 96242, 96324, 96327, 96430, 96672, 96678, 97035, 97105, 97114, 97123, 98687, 98762, 98777, 98838, 98851, 99062, 101539, 101592, 101605, 101641, 101657, 102200, 102704, 102763, 103315, 103587, 103602, 104004, 104227, 105173, 105430, 106192, 106325, 106408, 106756, 107185, 107201, 107365, 107506, 107546, 108377, 108397, 108761, 109005, 109035, 109260, 109525, 110388, 110565, 111494, 111999, 112220, 112267, 112393, 112556, 112592, 113278, 113674, 114321, 114342, 115333, 115864, 115886, 116300, 116832, 117065, 117232, 117372, 117504, 121061, 121283, 121289, 121487, 121724, 121845, 123029, 123040, 123402, 124377, 124393, 125019, 125130, 125344, 125501, 126463, 126860, 126901, 126908, 127174, 127819, 128410, 128452, 128464, 128497, 129271, 129745, 130153, 130328, 130852, 131681, 132093, 132991, 133691, 134153, 135245, 136772, 136806, 138280, 138963, 140624, 140773, 142510, 142563, 143550, 143863, 144630, 144718, 145381, 147225, 148217, 148453, 148568, 148644, 149092, 149313, 149318, 150000, 151187, 151201, 152589, 153243, 153516, 153689, 154116, 154412, 155122, 155216, 155227, 155273, 155294, 155331, 155422, 155442, 155466, 155509, 155519, 156359, 158542, 158619, 158625, 159439, 160247, 160530, 160537, 161212, 161294, 162067, 162247, 162352, 163721, 166512, 166631, 166637, 168345, 169091, 170199, 172375, 172845, 172871, 172876, 173586]
16,217,[427, 502, 572, 1126, 1132, 1170, 1186, 1275, 1284, 1295, 1494, 1892, 1949, 1958, 2501, 2843, 2998, 3028, 3059, 3338, 3403, 3567, 3924, 4105, 4352, 4501, 4515, 5190, 5263, 5823, 5897, 5986, 6472, 6787, 7238, 7382, 7594, 8078, 8132, 8395, 8402, 8481, 8505, 8559, 8575, 8632, 8839, 8869, 8881, 8899, 9042, 9053, 9382, 9538, 9570, 9594, 9602, 9667, 9673, 9974, 10205, 10340, 10610, 10829, 10831, 10848, 10925, 11206, 11721, 11937, 11988, 12075, 12171, 12283, 12491, 12607, 13110, 13122, 13133, 13459, 13675, 13740, 13801, 14134, 14241, 14252, 14298, 14697, 15059, 15067, 15098, 15140, 15378, 15787, 15819, 16054, 16193, 16309, 16735, 16861, 16911, 16963, 17011, 17166, 17579, 18024, 18282, 18289, 18415, 18548, 18661, 18668, 18808, 18877, 19743, 19795, 19948, 20021, 20092, 20234, 20368, 20559, 21171, 21383, 21457, 21483, 21510, 21732, 21941, 21978, 22257, 22469, 22670, 22729, 22736, 23224, 23266, 23557, 23944, 23949, 24263, 24394, 24453, 24585, 25203, 25286, 25316, 25493, 25529, 25576, 25813, 26236, 26249, 26265, 26537, 26949, 27139, 27199, 27825, 27885, 28077, 28119, 28145, 28266, 28273, 28278, 28304, 28702, 29159, 29332, 29376, 29379, 29398, 29415, 29487, 29526, 29843, 29848, 29891, 30063, 30442, 30999, 31081, 31463, 31592, 31756, 32281, 32876, 32898, 32955, 33129, 33216, 33238, 33257, 33287, 33382, 33649, 33707, 34162, 34571, 34586, 34748, 35046, 35173, 35224, 35392, 35517, 35553, 35558, 35570, 35855, 35866, 36214, 36315, 36345, 36775, 37350]
17,612,[1345, 2064, 2497, 2644, 2780, 2794, 3311, 3346, 3819, 3830, 3835, 3856, 3918, 3933, 4768, 5426, 5455, 5687, 5937, 6428, 6436, 6799, 6847, 12473, 12480, 12485, 12536, 13011, 13061, 14766, 14881, 14973, 15014, 15037, 15329, 15963, 16150, 16941, 17462, 17476, 17518, 17955, 19934, 20687, 21041, 21047, 21278, 21280, 21283, 21285, 21290, 22451, 22860, 22865, 22901, 22907, 23066, 23303, 23476, 24160, 25178, 25215, 25221, 25275, 25541, 26084, 26267, 29279, 29368, 29376, 29392, 29572, 29590, 29731, 29745, 37757, 39288, 41689, 42266, 42278, 42284, 42376, 42954, 43014, 43059, 43315, 43492, 43869, 43878, 44697, 44715, 44836, 45038, 45044, 45538, 45557, 45567, 45755, 46144, 48012, 49433, 50495, 50651, 51216, 52220, 52270, 52324, 52332, 52346, 52613, 52999, 53387, 53525, 53549, 53768, 53807, 54312, 54361, 55272, 55401, 55440, 55497, 55509, 55603, 56806, 56823, 57132, 57551, 57619, 58731, 58979, 59032, 59569, 59582, 59635, 59711, 60103, 60185, 60225, 60338, 61041, 61601, 61616, 62724, 63236, 66754, 67374, 67681, 68143, 68363, 68433, 68677, 68687, 68700, 68823, 69077, 69269, 69356, 70504, 70704, 70755, 70810, 70943, 70966, 71328, 71890, 72140, 72162, 72453, 72771, 73030, 73733, 73892, 74347, 74362, 74370, 74566, 74578, 74602, 75795, 76262, 76266, 76290, 76804, 77028, 77822, 77940, 78502, 78807, 79221, 79319, 79347, 79355, 79410, 79424, 79529, 79549, 79566, 81182, 81211, 81522, 82133, 82869, 83517, 83567, 83822, 85774, 85872, 86248, 87220, 88349, 88794, 88813, 88826, 89303, 89898, 90120, 90371, 90914, 90923, 91473, 91545, 91553, 91563, 91918, 93185, 93579, 93931, 93938, 94068, 94081, 94089, 94505, 94523, 94656, 94709, 94977, 95408, 95476, 95494, 97160, 97733, 98092, 98322, 98722, 99261, 99669, 100343, 100667, 101299, 101334, 101921, 102511, 103199, 103285, 103446, 103630, 104054, 104066, 104116, 104308, 104860, 104936, 105994, 106754, 106889, 106897, 107087, 107393, 107420, 107433, 107445, 107469, 107618, 107625, 107637, 107705, 108571, 108803, 108814, 109076, 109547, 109652, 109659, 110845, 110861, 111387, 112862, 112868, 113614, 113876, 114129, 114138, 114304, 114319, 114443, 115556, 115866, 115977, 116125, 116456, 116973, 117044, 117085, 117119, 117129, 117138, 117152, 117156, 117165, 117391, 117841, 118069, 118092, 118094, 118472, 118608, 119149, 119234, 120621, 121513, 121573, 121643, 121846, 121878, 122046, 122052, 122054, 122392, 122401, 122437, 122545, 122637, 122795, 122817, 122977, 124051, 124405, 124423, 124432, 124517, 124676, 124826, 124828, 124841, 124859, 124898, 124902, 124998, 125540, 125570, 125582, 125595, 125600, 125989, 127203, 127938, 127947, 127956, 128825, 128856, 128873, 128968, 128977, 129536, 129901, 129943, 129962, 130103, 130429, 130435, 130583, 130744, 130789, 130794, 130841, 130847, 130901, 131385, 132104, 132119, 132138, 132155, 132202, 132211, 132219, 132289, 132609, 132829, 132968, 133014, 133033, 133507, 134425, 134605, 134613, 134687, 134699, 134707, 134720, 135154, 135604, 136054, 136773, 136782, 136816, 136838, 137220, 137241, 137438, 137846, 137851, 138406, 138415, 138420, 138583, 138640, 138646, 138707, 138838, 138981, 139019, 139030, 139659, 140113, 140466, 140494, 140497, 140705, 140730, 140775, 140792, 141677, 141715, 141736, 141890, 141896, 141948, 142022, 142330, 142339, 142377, 142389, 142733, 142739, 143847, 143891, 145250, 145494, 145747, 146001, 146233, 146667, 147113, 147121, 147126, 147134, 147143, 147710, 147719, 147945, 150186, 150794, 151208, 151214, 151296, 152904, 153170, 153900, 153965, 155707, 155724, 156242, 156467, 157256, 157714, 158539, 160588, 160679, 160975, 161627, 162672, 162848, 163013, 163236, 163700, 163706, 164042, 164222, 164238, 165418, 165843, 168771, 168811, 169404, 169653, 170113, 171137, 171147, 171261, 172114, 172124, 172180, 172398, 173140, 173219, 173400, 173651, 174405, 174413, 174454, 175370, 175403, 175412, 177988, 178081, 178097, 178991, 179344, 180696, 182403, 184192, 184201, 185799, 186135, 187342, 188465, 189128, 189503, 189563, 191004, 191998, 192598, 192923, 192929, 192961, 192992, 193296, 193831, 193857, 193863, 193980, 194255, 195003, 195905, 196059, 196474, 196605, 197060, 197243, 197300, 198416, 198432, 198804, 198936, 199407, 200531, 200544, 201067, 202328, 202350, 203967, 204067, 204074, 204084, 204108, 204115, 204323, 204879, 205127, 205132, 207334, 208640, 208665, 208857, 208870, 209032, 209073, 209079, 209817, 210016, 210153, 210254, 210864, 210872, 211218, 211249, 211253, 211964, 212219, 212224, 212250, 212262, 212575, 212732, 212739, 213007, 213010, 214051, 214542, 215160, 217020, 217132, 217170, 217186, 217222, 217226, 217302, 217477, 217491, 217793, 217797]
18,1288,[1225, 1331, 2209, 2358, 3347, 3409, 3420, 4531, 4581, 4634, 4656, 4663, 5368, 5396, 5419, 5475, 5527, 5568, 5582, 5627, 5630, 5653, 5718, 5743, 5892, 5905, 6100, 6108, 6255, 6261, 6285, 6303, 6318, 6343, 6399, 6416, 6430, 6449, 6470, 6483, 6496, 6510, 6520, 6578, 6591, 6599, 6663, 6669, 6673, 6683, 6693, 6732, 6743, 6785, 6806, 6834, 6847, 6855, 6868, 6875, 6901, 6912, 7022, 7153, 7172, 7193, 7590, 7665, 8495, 8827, 8920, 8951, 9111, 9116, 9152, 9168, 9176, 9215, 9224, 9233, 9283, 9574, 9591, 9601, 9621, 9629, 9636, 9656, 9665, 9710, 9742, 9756, 9764, 9779, 9814, 9824, 9839, 9854, 9925, 9944, 9952, 9974, 10028, 10054, 10066, 10075, 10090, 10094, 10107, 10138, 10154, 10163, 10177, 10200, 10225, 10279, 10358, 10412, 10479, 10506, 10608, 10643, 10657, 10766, 10842, 10849, 10864, 10870, 10880, 10887, 10902, 10910, 10923, 11076, 11091, 11110, 11124, 11147, 11203, 11214, 11254, 11788, 11859, 11880, 11997, 12072, 12092, 12463, 12937, 12950, 13010, 13138, 13147, 13498, 13634, 13818, 14129, 14150, 14491, 14623, 15107, 16142, 16173, 16203, 16289, 16337, 16346, 16393, 16412, 16430, 16447, 16463, 16472, 16540, 16547, 16562, 16587, 16597, 16617, 16635, 16655, 16668, 16688, 16735, 16745, 16796, 16804, 16822, 16838, 16889, 16901, 16919, 16955, 16988, 16997, 17048, 17056, 17100, 17118, 17151, 17217, 17278, 17295, 17360, 17572, 17601, 17629, 17636, 17643, 17686, 17695, 18632, 18649, 18726, 18737, 18750, 18772, 18859, 18890, 18928, 18939, 18949, 18972, 19018, 19037, 19058, 19082, 19102, 19145, 19158, 19249, 19257, 19271, 19674, 19736, 19744, 19873, 19918, 19921, 20003, 20022, 20050, 20099, 20157, 20296, 20311, 20318, 21210, 21218, 21229, 21489, 21602, 22067, 22701, 23289, 23293, 23308, 23324, 23332, 23570, 23600, 23609, 23625, 23772, 23987, 24526, 24543, 24554, 24569, 24584, 24591, 24608, 24628, 24687, 24725, 24740, 24747, 24782, 24810, 24854, 24870, 24894, 24913, 24929, 24935, 24949, 24980, 25051, 25067, 25085, 25548, 25553, 25559, 25572, 25598, 25627, 25659, 25676, 25744, 25799, 25875, 25940, 26108, 26110, 26119, 26143, 26168, 26268, 26291, 26332, 26365, 26538, 26786, 27581, 27590, 27666, 27676, 27917, 28194, 29454, 29468, 30133, 30139, 31410, 32133, 32297, 32336, 32371, 32449, 32642, 32716, 32833, 32855, 32885, 33026, 33040, 33434, 33537, 33640, 33736, 33898, 34191, 34213, 34255, 34287, 34365, 34504, 34834, 34864, 34869, 34882, 34990, 35315, 35415, 35632, 35692, 36482, 36774, 37055, 37200, 37558, 37601, 37706, 37713, 37784, 37822, 37836, 37867, 37872, 37887, 37895, 37942, 37947, 38025, 38077, 38086, 38176, 38185, 38429, 38433, 38474, 38480, 38553, 38629, 38649, 38929, 38938, 39028, 39048, 39062, 39076, 39092, 39117, 39143, 39161, 39177, 39252, 39280, 39531, 39544, 39575, 39618, 39659, 39669, 39736, 39881, 40690, 41332, 41351, 41359, 41694, 41715, 41720, 41735, 41754, 41766, 41846, 41848, 41890, 41914, 41930, 42141, 42900, 43227, 43236, 43431, 43441, 43464, 43497, 43582, 43681, 43717, 43729, 43759, 44345, 44372, 44407, 44590, 44607, 44630, 44642, 44983, 44998, 45016, 45031, 45236, 45295, 45303, 45314, 45333, 45350, 45359, 45369, 45954, 46087, 46098, 46479, 46605, 46625, 46799, 46827, 46846, 46870, 46931, 47088, 47141, 47155, 47257, 47303, 47335, 47367, 47391, 47422, 47449, 47457, 47497, 47562, 47609, 47974, 48358, 48514, 48527, 48855, 49060, 49107, 49164, 49191, 49210, 49222, 49241, 49271, 49314, 49336, 49356, 49459, 49649, 49671, 49676, 49703, 49740, 49783, 49839, 49937, 49968, 49986, 49992, 50346, 50392, 50412, 50968, 51003, 51082, 51091, 51165, 51292, 51312, 51340, 51369, 51399, 51405, 51419, 51519, 51553, 51713, 51846, 52018, 52023, 52025, 52115, 52168, 52240, 52246, 52336, 52778, 52840, 52909, 52938, 52993, 53032, 53045, 53105, 53223, 53237, 53287, 53341, 53587, 53603, 53653, 53718, 53759, 53769, 53786, 53798, 53817, 53861, 54049, 54366, 55107, 55175, 55573, 56362, 56378, 57617, 58558, 58575, 58590, 58639, 58697, 58796, 59427, 59769, 60024, 60211, 60219, 60299, 60605, 60660, 60795, 60809, 60822, 60903, 60917, 60951, 61535, 61709, 61790, 62033, 62777, 63431, 63442, 63469, 63474, 63915, 64379, 64662, 65353, 65535, 65576, 66393, 67091, 67100, 67347, 67944, 68308, 68602, 68623, 68663, 69075, 69087, 69269, 69273, 69454, 69733, 69778, 69796, 69814, 69827, 69873, 70479, 70496, 70600, 70643, 71127, 71139, 71303, 72188, 72530, 72536, 72584, 72841, 72911, 73046, 73059, 73070, 73910, 74475, 74532, 74607, 74639, 74678, 74729, 74814, 74820, 74832, 74865, 74874, 74876, 74884, 74888, 74902, 74933, 74984, 74993, 75266, 75329, 75337, 75373, 75410, 75420, 75430, 75437, 75453, 75468, 76074, 76087, 76376, 76454, 77004, 77023, 77026, 77046, 77392, 77408, 77411, 78477, 78531, 78575, 78623, 78628, 78635, 78651, 78658, 78673, 78684, 78690, 78696, 78700, 78704, 78714, 78739, 78799, 78807, 78814, 78823, 79003, 79018, 79058, 79073, 79226, 79283, 79305, 79313, 79322, 79711, 80147, 80376, 80383, 82265, 82500, 83060, 83551, 83560, 83582, 83668, 83866, 83872, 83903, 83918, 84058, 84069, 84082, 84099, 84112, 84134, 84154, 84168, 84236, 84251, 84262, 84277, 84287, 84339, 84556, 84593, 84616, 84627, 84640, 84643, 84649, 85203, 85209, 85217, 85242, 85446, 85484, 85499, 85602, 85695, 85707, 85935, 86574, 86588, 86841, 86857, 86871, 86901, 86909, 87530, 87724, 87808, 88410, 88680, 88802, 89585, 89789, 89804, 90381, 90421, 90542, 90722, 91315, 91331, 91741, 91766, 91809, 91893, 92290, 92319, 92362, 92585, 92799, 92905, 93163, 93400, 93408, 93657, 94734, 94756, 95216, 95223, 95321, 95327, 95941, 96300, 96325, 96334, 96527, 96836, 97013, 97409, 97411, 97416, 97420, 97450, 97762, 97907, 97938, 98035, 98040, 98062, 98086, 98142, 98187, 98218, 98348, 98360, 98420, 98487, 98539, 98609, 98987, 99011, 99027, 99079, 99090, 99117, 99372, 99440, 99454, 99459, 99475, 99487, 99847, 99932, 99972, 99984, 100020, 100028, 100053, 100255, 100260, 100300, 100482, 100497, 100509, 100544, 100557, 100576, 100679, 100685, 100698, 100774, 100783, 100819, 100835, 100901, 100956, 101000, 101019, 101134, 101489, 101511, 101525, 101712, 101724, 102378, 102392, 102564, 102581, 103029, 103707, 103728, 103800, 103821, 103847, 104274, 104778, 105261, 105285, 105299, 105414, 106656, 106664, 106851, 107174, 107186, 107191, 107596, 108203, 108246, 108254, 108267, 108297, 108322, 108432, 108496, 108529, 108541, 108554, 108603, 108619, 108648, 108677, 108699, 108720, 108729, 108753, 108817, 108820, 108875, 108893, 109019, 109142, 110025, 110061, 110078, 110123, 110353, 110380, 110425, 110455, 110464, 110880, 111213, 111707, 111834, 111868, 111910, 112755, 112763, 113037, 113180, 113244, 113308, 113337, 113531, 113581, 113598, 113643, 113800, 113810, 113823, 114021, 114045, 114059, 114103, 114178, 114297, 114338, 114727, 114748, 115088, 115126, 115132, 115190, 115208, 115223, 115240, 115272, 115294, 115401, 115423, 116848, 116912, 116931, 117427, 117537, 117540, 117597, 117795, 117799, 117835, 117914, 119240, 119304, 119323, 119819, 119929, 119932, 119989, 120187, 120191, 120227, 120306, 120629, 120654, 120767, 121298, 121304, 121310, 121318, 121354, 121361, 121366, 121385, 121393, 121417, 121456, 121465, 121639, 121962, 122120, 122129, 122143, 122154, 122234, 122267, 122329, 122358, 122469, 122525, 122553, 122601, 122724, 122763, 122824, 122831, 122836, 122853, 122855, 122870, 122945, 122966, 123087, 123120, 123316, 123371, 123419, 123509, 123772, 123831, 123919, 123935, 124022, 124270, 124278, 124306, 124320, 124359, 124403, 124443, 124491, 124522, 124530, 124542, 124562, 124570, 124654, 124695, 124704, 124714, 124754, 124758, 124868, 125248, 125303, 125322, 125363, 125375, 125738, 125790, 125811, 125819, 126313, 126404, 126451, 126478, 126492, 126511, 126523, 126569, 126581, 126595, 126601, 126609, 126622, 126644, 126794, 126814, 126829, 126848, 126958, 127020, 127086, 127097, 127138, 127178, 127208, 127278, 127281, 127521, 127613, 127984, 128010, 128018, 128021, 128040, 128265, 128291, 128299, 128302, 128321, 128341, 128349, 128366, 128410, 128440, 128455, 128491, 128519, 128526, 128535, 128557, 128575, 128611, 128641, 128659, 128886, 129065, 129075, 129085, 129115, 129205, 129218, 129239, 129249, 129266, 129294, 129382, 129437, 129443, 129460, 129468, 129511, 129531, 129539, 129554, 129567, 129598, 129917, 129929, 129956, 129967, 129978, 129982, 129999, 130140, 130149, 130307, 130470, 130637, 131026, 131179, 131204, 131280, 131835, 131850, 132032, 132042, 132101, 132385, 132404, 132414, 132430, 132440, 132625, 132639, 132676, 132742, 133203, 133209, 133344, 133349, 133382, 133754, 133819, 133974, 134132, 134156, 134747, 134998, 135061, 135130, 135141, 136051, 136070, 136555, 136583, 136782, 136852, 136898, 137066, 137196, 137243, 137358, 137414, 137456, 137460, 137480, 137498, 137507, 137616, 138024, 138117, 138142, 138603, 138797, 139046, 139069, 139084, 139193, 139196, 139209, 139324, 139514, 139523, 139701, 139932, 139968, 140044, 140075, 140124, 140211, 140261, 140359, 140722, 140757, 140969, 140982, 141097, 141157, 141165, 141182, 141235, 141258, 141360, 141867, 141944, 142012, 142029, 142042, 142063, 142110, 142215, 142321, 142375, 142478, 142746, 142759, 142904, 142925, 142998, 143005, 143015, 143023, 143063, 143084, 143109, 143128, 143140, 143158, 143175, 143199, 143285, 144476, 144840, 144947, 144951, 144962, 145008, 145015, 145083, 145161, 145657, 146003, 146008, 146152, 146166, 146862, 146921, 146941, 147025, 147091, 147136, 147385, 148404, 148413, 148431]
19,13,[281, 1989, 2029, 11827, 12140, 13922, 13927, 17983, 19720, 24558, 24564, 24643, 24650]
20,58,[5752, 5762, 5802, 6043, 7189, 8958, 9936, 12172, 14478, 16078, 16531, 16793, 16806, 16828, 19578, 20495, 21860, 28042, 31488, 32125, 32206, 33803, 34034, 38533, 41349, 41843, 42184, 42805, 42869, 43000, 44175, 45864, 47906, 48105, 48286, 48290, 49244, 49835, 52693, 52795, 54108, 54114, 54407, 54416, 54431, 54439, 54675, 55517, 55762, 56001, 58393, 58479, 59559, 59817, 60849, 61337, 61343, 63824]
21,110,[3572, 4665, 5145, 5411, 5415, 5650, 5992, 6009, 6448, 6463, 6513, 6549, 6599, 6856, 6917, 7065, 7079, 7384, 7633, 7651, 7678, 7693, 7696, 7777, 7948, 8029, 8250, 8603, 8614, 8640, 9381, 9507, 9854, 10668, 11003, 11086, 11137, 11393, 11556, 11583, 12502, 12507, 12515, 13131, 13146, 13483, 13591, 13624, 13796, 14664, 15384, 16216, 16473, 16505, 16534, 17080, 17090, 18022, 18257, 19278, 19994, 20468, 21392, 21411, 21462, 21556, 22096, 22899, 23147, 23156, 23653, 24820, 25931, 26195, 26211, 26362, 26419, 26463, 26489, 26656, 26675, 26691, 26771, 26778, 26785, 27180, 27190, 27806, 27816, 27821, 27856, 27863, 28825, 29108, 29220, 29335, 29515, 29739, 29853, 30320, 30327, 31042, 31626, 31795, 32128, 32362, 32483, 33100, 33251, 33727]
22,33,[634, 647, 18110, 20476, 21118, 21121, 21124, 21128, 21131, 60358, 71184, 71188, 71192, 71196, 86799, 114108, 119634, 137470, 137762, 139072, 139075, 139077, 139293, 139295, 139575, 140204, 143563, 145264, 147985, 150392, 153992, 153996, 154940]
23,181,[409, 607, 712, 3924, 4289, 4498, 4503, 4532, 4604, 4621, 5020, 6067, 6189, 6213, 6243, 6268, 6277, 6284, 6302, 6308, 6328, 7289, 7774, 7785, 7794, 7967, 8222, 8326, 8340, 8469, 8496, 8504, 8683, 9152, 9161, 9236, 9311, 9438, 9478, 9517, 9777, 9837, 9897, 10254, 10606, 10623, 10626, 10631, 10647, 10822, 10983, 11189, 11749, 11778, 11820, 11828, 11857, 11870, 12174, 12189, 12685, 12719, 12773, 12783, 12792, 12802, 12808, 12814, 12862, 12871, 12879, 13437, 14375, 14798, 14806, 15144, 15155, 15520, 15539, 15780, 15827, 16198, 16401, 16599, 16608, 16615, 16716, 16728, 16776, 16791, 16805, 16816, 16845, 16850, 16904, 16920, 16950, 16957, 16960, 16964, 16973, 17335, 17340, 17474, 17484, 17919, 18257, 18276, 18464, 18500, 18538, 18569, 18603, 18608, 18706, 18822, 18829, 18867, 19332, 19381, 19637, 19727, 19741, 19789, 19879, 19904, 19988, 20001, 20386, 20766, 20954, 21140, 21205, 21736, 22686, 23161, 23190, 23345, 23578, 23707, 23710, 23718, 23732, 24217, 24434, 24454, 24467, 24489, 24493, 24985, 25005, 25107, 25268, 25501, 25511, 25527, 25557, 25601, 25603, 25783, 25792, 25805, 25939, 25964, 26017, 26112, 26125, 26601, 26695, 26721, 26870, 26918, 26993, 26996, 28019, 28657, 28753, 28812, 29073, 30130, 30625]
24,148,[404, 1242, 2654, 3367, 3631, 3806, 4117, 4401, 4464, 4690, 4904, 4935, 5535, 5828, 6724, 6884, 6941, 7095, 7109, 7376, 7416, 7919, 8581, 8630, 8632, 8719, 8810, 9056, 9132, 9656, 10558, 10652, 10768, 11155, 12490, 13467, 13721, 13892, 14083, 14256, 14513, 14968, 15056, 15545, 15906, 16025, 16227, 16907, 16913, 18415, 18553, 18608, 19584, 19648, 19773, 20224, 21813, 22390, 23032, 23039, 23112, 24004, 24057, 24709, 25345, 25517, 25815, 26147, 26254, 26331, 26347, 26553, 26894, 27022, 27027, 27307, 27339, 27553, 27584, 28664, 29261, 29632, 29635, 29654, 30061, 30243, 30263, 30332, 30642, 31532, 31941, 31996, 32045, 32087, 32098, 32120, 32150, 32334, 32365, 32375, 33537, 33546, 33619, 33624, 33760, 33994, 34027, 34058, 34330, 34377, 34386, 34442, 34446, 34626, 34789, 35663, 35834, 35968, 36151, 36154, 36168, 36328, 37102, 37229, 37236, 37557, 37694, 38108, 38813, 39173, 39259, 39834, 40023, 40135, 41054, 41310, 41645, 41862, 41893, 41999, 42218, 42926, 43714, 43729, 44115, 44123, 44589, 44595]
25,17,[3143, 5152, 26990, 45282, 52677, 56364, 76251, 83533, 90086, 95956, 103034, 121236, 129597, 136972, 141045, 153880, 184772]
26,58,[6270, 6280, 6320, 6562, 7710, 9507, 10490, 12759, 15081, 16725, 17181, 17446, 17459, 17481, 20287, 21222, 22615, 28877, 32359, 32997, 33078, 34678, 34913, 39475, 42286, 42777, 43118, 43753, 43817, 43949, 45138, 46866, 48917, 49118, 49299, 49303, 50287, 50881, 53791, 53894, 55270, 55276, 55569, 55578, 55593, 55600, 55836, 56675, 56921, 57162, 59584, 59669, 60839, 61103, 62146, 62640, 62646, 65211]
27,326,[616, 1021, 1069, 1676, 1737, 3126, 3316, 4287, 4888, 4925, 4973, 5182, 5244, 5574, 5890, 6202, 6436, 6529, 6664, 6827, 6903, 7565, 7686, 8584, 8590, 8617, 8886, 8970, 9044, 9045, 9088, 9635, 9720, 9961, 10369, 10641, 10979, 11115, 11801, 12729, 13108, 13554, 14144, 14149, 14176, 15528, 16103, 16135, 16226, 16320, 16325, 16424, 16728, 16765, 16874, 16908, 17209, 17212, 17267, 17444, 17661, 17844, 18645, 19477, 19497, 22325, 23178, 23528, 23578, 23690, 23780, 23954, 24528, 24618, 24638, 24650, 24672, 24801, 24811, 24826, 25104, 25191, 26136, 26144, 26304, 26728, 27777, 28092, 29351, 29372, 29731, 29812, 29835, 30379, 31796, 31893, 31904, 32162, 32532, 32557, 33010, 33137, 33278, 34258, 34523, 34644, 34994, 35160, 35203, 36019, 36033, 36130, 36273, 37923, 37935, 38086, 38333, 39443, 40615, 40978, 41111, 41686, 42193, 42892, 43287, 44268, 45532, 45949, 45958, 46079, 46177, 47031, 47944, 48155, 48171, 48459, 48697, 48736, 48885, 48936, 49896, 50708, 50929, 51035, 51116, 51173, 51239, 51823, 51931, 52107, 52343, 53652, 54050, 54504, 54692, 54783, 54812, 54838, 54924, 54957, 55064, 55164, 55212, 55227, 55231, 55319, 55358, 55364, 55552, 55656, 56030, 56046, 56055, 57828, 58146, 58206, 58212, 58460, 59215, 59470, 59921, 60089, 60092, 60332, 61537, 61738, 62215, 62532, 63525, 63699, 63788, 64432, 64629, 64975, 65629, 65760, 67191, 67894, 68014, 68169, 68449, 69205, 69279, 70592, 71666, 72192, 72361, 72381, 72752, 72875, 72881, 73085, 73359, 73415, 73425, 73770, 74105, 74142, 75286, 77519, 78034, 78043, 78888, 78903, 79296, 79314, 79478, 79524, 79530, 79535, 79545, 79924, 79927, 80107, 80512, 80974, 81344, 83119, 83142, 83789, 84089, 85537, 85723, 85919, 85959, 85974, 86100, 87414, 88103, 88115, 88203, 88241, 88249, 88258, 89036, 89827, 90203, 90245, 90277, 90894, 90903, 90922, 91166, 92256, 92303, 92317, 92327, 92342, 92373, 92570, 92792, 92805, 93161, 93456, 93928, 93953, 93984, 94449, 94479, 94484, 94725, 94729, 94902, 95127, 95344, 95374, 95398, 95960, 96004, 96782, 96862, 97011, 97158, 97293, 97327, 97375, 97385, 97657, 97771, 97816, 97901, 99231, 99415, 99773, 99995, 100157, 100163, 100267, 100734, 101560, 101776, 102052, 102234, 102484, 103700, 104103, 104681, 105050, 106116, 106162, 106658, 107550, 107610, 107823, 108439, 108448]
28,21,[584, 2349, 2775, 2780, 5363, 5643, 5664, 8373, 9004, 9669, 9824, 9980, 10254, 10279, 10288, 10363, 10375, 10599, 11011, 11227, 11232]
30,451,[1307, 10730, 17834, 26178, 26202, 26706, 27786, 32236, 36492, 37313, 37890, 38046, 38344, 39873, 41523, 87460, 87473, 88558, 88566, 93221, 94282, 94974, 95252, 95260, 96412, 105422, 105783, 105831, 106508, 107287, 109236, 110106, 111086, 111787, 112144, 119977, 120352, 123906, 124231, 124240, 126925, 126930, 126991, 130746, 130760, 132011, 138910, 143430, 144662, 144807, 144818, 145234, 145513, 149698, 149812, 149817, 150756, 150764, 152225, 152239, 153746, 153758, 153765, 153949, 154391, 157241, 157663, 158144, 159921, 159929, 162727, 162938, 169042, 170867, 173486, 174956, 176617, 176735, 179791, 182064, 183340, 184710, 184853, 185665, 188440, 188852, 189083, 189127, 189828, 189892, 190105, 190864, 191208, 191219, 191444, 193954, 193978, 194561, 198152, 198191, 198221, 205867, 211500, 215219, 217090, 217512, 218553, 219251, 219881, 220886, 222404, 222414, 223974, 225091, 229046, 229370, 229738, 231542, 232544, 237225, 244630, 245214, 245252, 245289, 246548, 249862, 253878, 257886, 261207, 261998, 263324, 264664, 266467, 268343, 269205, 274483, 276486, 282720, 283046, 286322, 286395, 288785, 288990, 289009, 289460, 289491, 289502, 293418, 294770, 295675, 296000, 296540, 298382, 298389, 298663, 298735, 298744, 298749, 298763, 299179, 299344, 299731, 299735, 299745, 299798, 299802, 299955, 300314, 300324, 300410, 300884, 300902, 301984, 304263, 304273, 304278, 304283, 304294, 305349, 306027, 306529, 306806, 306813, 306823, 306830, 306838, 307175, 307915, 308444, 310578, 315020, 318183, 319544, 321762, 322126, 322596, 322602, 322611, 322682, 322872, 322879, 323080, 325565, 329696, 329702, 335710, 336161, 336258, 336337, 336465, 339229, 343379, 345184, 345247, 361525, 362693, 362700, 362710, 362712, 362815, 362824, 373838, 373846, 373849, 374342, 375642, 381828, 387309, 397818, 398655, 400311, 403195, 405435, 409971, 415628, 415634, 417141, 422837, 424956, 429420, 430927, 432633, 436113, 440746, 440891, 440927, 441057, 441100, 454158, 462217, 462687, 462884, 462890, 462914, 466204, 466208, 466213, 466217, 467745, 468746, 473390, 474803, 480872, 480885, 482123, 482227, 491615, 491621, 494816, 496833, 498461, 499412, 500360, 502124, 502174, 502439, 502984, 504437, 504473, 505636, 507140, 507268, 509555, 510712, 510843, 510858, 511605, 511607, 511611, 514115, 514455, 516759, 516975, 518187, 519209, 519372, 519784, 520359, 520395, 521858, 522895, 522908, 523536, 528900, 529061, 531778, 532653, 533094, 533545, 534190, 534276, 535137, 535160, 535389, 536690, 536886, 536908, 539418, 539420, 540473, 540488, 541430, 541652, 542264, 542275, 543049, 543194, 543246, 544175, 544408, 546773, 548563, 549596, 550967, 551456, 551586, 552504, 552599, 552696, 552768, 553754, 554420, 555167, 555214, 555968, 558176, 559329, 559777, 560112, 561956, 562064, 565317, 567379, 568129, 568499, 568507, 568525, 568791, 569750, 570691, 570976, 572126, 572341, 574091, 575228, 575731, 576398, 576950, 577828, 577854, 577904, 578357, 579062, 580262, 580562, 580624, 580753, 580912, 581163, 581609, 581631, 581960, 581990, 582220, 582692, 583331, 584001, 584479, 586307, 587262, 587272, 587312, 587318, 587323, 587336, 589498, 591520, 592289, 592968, 593141, 593905, 594338, 595272, 595583, 595807, 596273, 596331, 597052, 599006, 599316, 599440, 600266, 601230, 601269, 601681, 602029, 602205, 602794, 603075, 603083, 603461, 603897, 604164, 604244, 604826, 604855, 605215, 605312, 606651, 608216, 610140, 610189, 610963, 611566, 611610, 611748, 612036, 612205, 612856, 613367, 617527, 617546, 618756, 620881, 622040, 622501, 628721, 630296, 630475, 632606, 636669]
