10,14,[23339, 176114, 216059, 220238, 299646, 310270, 442314, 481991, 515038, 527632, 529440, 529538, 548189, 563339]
12,1,[10876]
15,10,[11045, 11897, 17208, 32343, 36179, 55075, 89005, 129701, 138717, 152985]
16,1,[28435]
19,3,[16427, 24248, 24700]
21,1,[27248]
22,4,[59975, 60282, 74839, 154150]
24,2,[39803, 40817]
27,7,[28611, 57972, 58877, 63159, 82642, 102608, 104286]
30,14,[23245, 175991, 215917, 220088, 299488, 310112, 442144, 481825, 514869, 527460, 529265, 529363, 548014, 563161]
10,14,[23339, 176114, 216059, 220238, 299646, 310270, 442314, 481991, 515038, 527632, 529440, 529538, 548189, 563339]
12,1,[10876]
15,10,[11045, 11897, 17208, 32343, 36179, 55075, 89005, 129701, 138717, 152985]
16,1,[28435]
19,3,[16427, 24248, 24700]
21,1,[27248]
22,4,[59975, 60282, 74839, 154150]
24,2,[39803, 40817]
27,7,[28611, 57972, 58877, 63159, 82642, 102608, 104286]
30,14,[23245, 175991, 215917, 220088, 299488, 310112, 442144, 481825, 514869, 527460, 529265, 529363, 548014, 563161]
