10,91,[42737, 53576, 54178, 82555, 91584, 91595, 109647, 112036, 112988, 117024, 120584, 120618, 122181, 122312, 126193, 270140, 279856, 289404, 295667, 345749, 347235, 366360, 367295, 367706, 375644, 405711, 410483, 411869, 415145, 415607, 415866, 444589, 453516, 453532, 458043, 486548, 522471, 528100, 542039, 542062, 549813, 562758, 574965, 582277, 582300, 593262, 597820, 599311, 599648, 601807, 603355, 603484, 603864, 609178, 612366, 612561, 613704, 614457, 620460, 621360, 628038, 628517, 628620, 628709, 628736, 628801, 628816, 628828, 628839, 630559, 630564, 630797, 630805, 630867, 630876, 631620, 631791, 631850, 632014, 632120, 632278, 632512, 632663, 632805, 632829, 632855, 635448, 635465, 637350, 639520, 640382]
11,6,[5394, 18287, 18472, 19608, 19669, 19976]
12,3,[12632, 13972, 19915]
15,5,[1860, 14045, 29821, 36728, 126332]
16,3,[16446, 16568, 26233]
17,122,[4651, 4686, 4724, 7154, 10301, 11448, 11464, 11475, 11544, 11570, 11584, 11652, 14411, 17444, 23547, 23555, 23778, 23820, 23844, 24522, 24734, 25134, 30422, 30618, 33403, 34339, 34753, 36878, 36891, 37102, 37832, 37903, 37986, 38855, 42085, 42122, 42133, 42152, 42165, 42871, 42883, 43953, 44319, 44514, 46680, 46698, 46706, 46719, 52625, 52764, 52800, 52805, 52814, 53311, 53377, 53490, 53494, 53615, 53619, 54540, 54686, 68881, 74869, 80191, 128283, 168641, 168806, 168968, 171512, 179950, 179995, 186056, 186138, 186342, 187295, 187317, 187334, 187546, 188285, 188298, 189309, 189323, 190114, 194067, 194093, 194123, 194163, 194171, 194597, 195334, 196961, 197009, 197035, 197061, 197619, 199647, 202235, 202248, 202274, 202281, 202302, 202389, 202457, 202590, 205613, 205911, 209598, 209650, 209654, 210629, 213273, 213291, 213980, 215457, 216179, 216283, 216295, 216306, 216478, 216994, 217121, 217126]
18,1,[100852]
20,2,[21014, 65191]
22,17,[74265, 74344, 80022, 80046, 80066, 81638, 83709, 83713, 83715, 83726, 83983, 84151, 84160, 84402, 84811, 84813, 93017]
23,15,[1262, 2499, 3367, 11271, 12699, 12703, 12721, 12727, 12751, 12861, 12866, 12935, 12966, 13029, 13047]
24,7,[8210, 8218, 17802, 41579, 41592, 44434, 44736]
25,168,[2619, 2634, 3464, 4454, 5323, 6275, 7510, 8257, 10782, 12859, 13770, 15409, 16290, 17899, 19601, 20466, 21767, 22705, 23573, 24884, 25355, 26062, 27199, 27908, 28791, 29532, 30423, 31201, 32142, 33492, 34303, 35130, 36235, 38150, 39163, 39957, 41446, 42280, 43283, 44402, 45478, 46402, 47706, 48665, 49674, 50802, 51947, 52769, 54953, 55807, 56932, 58118, 59581, 60370, 61762, 63351, 64787, 67151, 67877, 68443, 69731, 70465, 72201, 73209, 75468, 76410, 77305, 78832, 79981, 81194, 82354, 83411, 84683, 85752, 87596, 89631, 90673, 93086, 94043, 94817, 95634, 97035, 97821, 98787, 99650, 100220, 100967, 101588, 102476, 103312, 104464, 105166, 106037, 107276, 107853, 108547, 109363, 110586, 111763, 114382, 115262, 116055, 117499, 118391, 119373, 120149, 120772, 121702, 122777, 123582, 125486, 126071, 127774, 128974, 130173, 131251, 132118, 133103, 134312, 135895, 137140, 138176, 138855, 139440, 140148, 141186, 141965, 143673, 144799, 145457, 146289, 147066, 147855, 148563, 149258, 150707, 151626, 153129, 154775, 156083, 157054, 157957, 159172, 159865, 160886, 161947, 163031, 163931, 165204, 166396, 166948, 167847, 168725, 170578, 172267, 174872, 175732, 176861, 177835, 179536, 181241, 181994, 182560, 183824, 185034, 185882, 186598, 187343]
26,2,[21752, 66603]
27,6,[29761, 35617, 62861, 70362, 94687, 99836]
30,91,[42639, 53477, 54079, 82448, 91477, 91488, 109536, 111925, 112877, 116913, 120473, 120507, 122070, 122201, 126082, 269984, 279701, 289248, 295510, 345590, 347076, 366197, 367132, 367543, 375481, 405545, 410317, 411703, 414979, 415441, 415700, 444419, 453346, 453362, 457873, 486385, 522299, 527925, 541864, 541887, 549635, 562580, 574785, 582097, 582120, 593071, 597629, 599114, 599451, 601610, 603158, 603287, 603662, 608966, 612143, 612338, 613475, 614223, 620208, 621108, 627778, 628254, 628357, 628446, 628473, 628538, 628553, 628565, 628576, 630293, 630298, 630528, 630536, 630596, 630605, 631345, 631516, 631575, 631739, 631845, 632003, 632237, 632388, 632530, 632554, 632580, 635173, 635190, 637075, 639245, 640107]
10,91,[42737, 53576, 54178, 82555, 91584, 91595, 109647, 112036, 112988, 117024, 120584, 120618, 122181, 122312, 126193, 270140, 279856, 289404, 295667, 345749, 347235, 366360, 367295, 367706, 375644, 405711, 410483, 411869, 415145, 415607, 415866, 444589, 453516, 453532, 458043, 486548, 522471, 528100, 542039, 542062, 549813, 562758, 574965, 582277, 582300, 593262, 597820, 599311, 599648, 601807, 603355, 603484, 603864, 609178, 612366, 612561, 613704, 614457, 620460, 621360, 628038, 628517, 628620, 628709, 628736, 628801, 628816, 628828, 628839, 630559, 630564, 630797, 630805, 630867, 630876, 631620, 631791, 631850, 632014, 632120, 632278, 632512, 632663, 632805, 632829, 632855, 635448, 635465, 637350, 639520, 640382]
11,6,[5394, 18287, 18472, 19608, 19669, 19976]
12,3,[12632, 13972, 19915]
15,5,[1860, 14045, 29821, 36728, 126332]
16,3,[16446, 16568, 26233]
17,122,[4651, 4686, 4724, 7154, 10301, 11448, 11464, 11475, 11544, 11570, 11584, 11652, 14411, 17444, 23547, 23555, 23778, 23820, 23844, 24522, 24734, 25134, 30422, 30618, 33403, 34339, 34753, 36878, 36891, 37102, 37832, 37903, 37986, 38855, 42085, 42122, 42133, 42152, 42165, 42871, 42883, 43953, 44319, 44514, 46680, 46698, 46706, 46719, 52625, 52764, 52800, 52805, 52814, 53311, 53377, 53490, 53494, 53615, 53619, 54540, 54686, 68881, 74869, 80191, 128283, 168641, 168806, 168968, 171512, 179950, 179995, 186056, 186138, 186342, 187295, 187317, 187334, 187546, 188285, 188298, 189309, 189323, 190114, 194067, 194093, 194123, 194163, 194171, 194597, 195334, 196961, 197009, 197035, 197061, 197619, 199647, 202235, 202248, 202274, 202281, 202302, 202389, 202457, 202590, 205613, 205911, 209598, 209650, 209654, 210629, 213273, 213291, 213980, 215457, 216179, 216283, 216295, 216306, 216478, 216994, 217121, 217126]
18,1,[100852]
20,2,[21014, 65191]
22,17,[74265, 74344, 80022, 80046, 80066, 81638, 83709, 83713, 83715, 83726, 83983, 84151, 84160, 84402, 84811, 84813, 93017]
23,15,[1262, 2499, 3367, 11271, 12699, 12703, 12721, 12727, 12751, 12861, 12866, 12935, 12966, 13029, 13047]
24,7,[8210, 8218, 17802, 41579, 41592, 44434, 44736]
25,168,[2619, 2634, 3464, 4454, 5323, 6275, 7510, 8257, 10782, 12859, 13770, 15409, 16290, 17899, 19601, 20466, 21767, 22705, 23573, 24884, 25355, 26062, 27199, 27908, 28791, 29532, 30423, 31201, 32142, 33492, 34303, 35130, 36235, 38150, 39163, 39957, 41446, 42280, 43283, 44402, 45478, 46402, 47706, 48665, 49674, 50802, 51947, 52769, 54953, 55807, 56932, 58118, 59581, 60370, 61762, 63351, 64787, 67151, 67877, 68443, 69731, 70465, 72201, 73209, 75468, 76410, 77305, 78832, 79981, 81194, 82354, 83411, 84683, 85752, 87596, 89631, 90673, 93086, 94043, 94817, 95634, 97035, 97821, 98787, 99650, 100220, 100967, 101588, 102476, 103312, 104464, 105166, 106037, 107276, 107853, 108547, 109363, 110586, 111763, 114382, 115262, 116055, 117499, 118391, 119373, 120149, 120772, 121702, 122777, 123582, 125486, 126071, 127774, 128974, 130173, 131251, 132118, 133103, 134312, 135895, 137140, 138176, 138855, 139440, 140148, 141186, 141965, 143673, 144799, 145457, 146289, 147066, 147855, 148563, 149258, 150707, 151626, 153129, 154775, 156083, 157054, 157957, 159172, 159865, 160886, 161947, 163031, 163931, 165204, 166396, 166948, 167847, 168725, 170578, 172267, 174872, 175732, 176861, 177835, 179536, 181241, 181994, 182560, 183824, 185034, 185882, 186598, 187343]
26,2,[21752, 66603]
27,6,[29761, 35617, 62861, 70362, 94687, 99836]
30,91,[42639, 53477, 54079, 82448, 91477, 91488, 109536, 111925, 112877, 116913, 120473, 120507, 122070, 122201, 126082, 269984, 279701, 289248, 295510, 345590, 347076, 366197, 367132, 367543, 375481, 405545, 410317, 411703, 414979, 415441, 415700, 444419, 453346, 453362, 457873, 486385, 522299, 527925, 541864, 541887, 549635, 562580, 574785, 582097, 582120, 593071, 597629, 599114, 599451, 601610, 603158, 603287, 603662, 608966, 612143, 612338, 613475, 614223, 620208, 621108, 627778, 628254, 628357, 628446, 628473, 628538, 628553, 628565, 628576, 630293, 630298, 630528, 630536, 630596, 630605, 631345, 631516, 631575, 631739, 631845, 632003, 632237, 632388, 632530, 632554, 632580, 635173, 635190, 637075, 639245, 640107]
