9,4,[336, 1364, 1392, 1410]
10,277,[46679, 52103, 52510, 52522, 52937, 87510, 111504, 111512, 124102, 124170, 124860, 124899, 125068, 125414, 128697, 133505, 133634, 134699, 142948, 182818, 200689, 209862, 212180, 212434, 212616, 213004, 213197, 213363, 213591, 213738, 213898, 217838, 219199, 219325, 220017, 225336, 227375, 228554, 228807, 228903, 229368, 229642, 229698, 229935, 230078, 230184, 230275, 230434, 230547, 230674, 230779, 231341, 234860, 235303, 235459, 235837, 236177, 236820, 236905, 237029, 237391, 240918, 243899, 248452, 255723, 260937, 262232, 262811, 263934, 266400, 267897, 268759, 268839, 269518, 270328, 271079, 272229, 272606, 272990, 274332, 274857, 274898, 275630, 275708, 275969, 276353, 276759, 276775, 276789, 276952, 278579, 278625, 279161, 279787, 280128, 280601, 282110, 286319, 286814, 288082, 288139, 289773, 289804, 290780, 291405, 292671, 293470, 293715, 293795, 293836, 294801, 295591, 295687, 295723, 296574, 296837, 296878, 303077, 306978, 319742, 326080, 334126, 343026, 344950, 353009, 361035, 364712, 391586, 402572, 402853, 407347, 415259, 415903, 420883, 426355, 430978, 430985, 436351, 466569, 466576, 469141, 469185, 471446, 474081, 495951, 496677, 497455, 497498, 497526, 497583, 502097, 508998, 513072, 513204, 514671, 515545, 520234, 521696, 521725, 523727, 525971, 526084, 527278, 529731, 530317, 531138, 531211, 531249, 531376, 534200, 537393, 537530, 543695, 544698, 545038, 545890, 546760, 547940, 548989, 549015, 550243, 553280, 553515, 554994, 556894, 558231, 558263, 560424, 562744, 562774, 562776, 563830, 563836, 564419, 564435, 564850, 569037, 573595, 573665, 574887, 579462, 580557, 581493, 584747, 585297, 585453, 585589, 585687, 586255, 586361, 588212, 588484, 588832, 589100, 589360, 589713, 590134, 590656, 590893, 590905, 590908, 590994, 591095, 591212, 592139, 592348, 592488, 592955, 593111, 593568, 595082, 595114, 595216, 595561, 595622, 597516, 598514, 598676, 599810, 599826, 599894, 600297, 601622, 601957, 604485, 604496, 604545, 605111, 605185, 605772, 617857, 621209, 622876, 623375, 625529, 627113, 628350, 628850, 628863, 629016, 629109, 630175, 631427, 632264, 633335, 636778, 637036, 638378, 638475, 639612, 639687, 640198, 640250, 640552, 640862, 641263, 641300]
11,6,[658, 5386, 14879, 19879, 19892, 19915]
12,4,[7518, 12194, 12202, 13871]
14,3,[21614, 126215, 130007]
15,11,[15742, 41578, 41634, 61166, 81999, 106723, 121497, 121530, 123181, 139265, 146673]
16,8,[16414, 16587, 18218, 25334, 29656, 29666, 34294, 36576]
17,180,[4, 26, 40, 50, 1279, 1282, 1293, 4676, 6502, 7159, 10348, 11484, 11520, 11600, 11666, 11670, 11722, 11727, 13699, 13711, 13762, 13782, 17321, 17331, 17943, 18042, 18096, 18119, 18165, 18196, 20697, 22689, 23560, 23570, 24118, 24504, 24514, 25382, 26075, 26451, 26496, 27208, 30411, 30417, 31755, 36820, 37192, 37899, 38773, 38866, 40662, 42060, 42098, 42111, 42397, 42417, 42895, 44014, 44023, 44026, 44078, 44128, 45797, 46619, 46628, 46793, 51264, 51753, 52786, 52819, 53345, 53721, 53728, 54046, 54563, 54892, 54913, 55544, 56276, 56306, 60232, 61916, 65778, 66440, 78844, 79055, 79069, 79250, 79263, 86918, 87408, 88560, 90733, 90739, 90792, 93012, 95609, 116949, 116988, 120698, 128091, 129458, 138951, 147008, 149661, 151557, 153958, 153977, 153983, 154262, 154269, 157994, 164260, 165534, 168630, 168779, 171269, 173396, 173407, 175813, 176437, 177598, 177747, 177809, 177855, 177921, 177996, 181008, 181055, 183280, 183321, 183632, 184359, 185570, 186257, 186286, 186295, 186298, 186317, 186364, 186770, 187169, 187204, 187217, 187596, 188308, 188321, 188325, 188343, 188352, 190971, 195438, 195448, 196856, 197054, 199330, 199359, 199392, 199404, 199421, 199452, 200787, 202055, 202555, 202594, 203004, 203124, 210147, 210165, 213148, 213166, 213213, 213287, 215442, 215446, 215577, 216860, 217034, 217734, 217789]
18,3,[45785, 65080, 84319]
19,2,[889, 17773]
20,3,[3, 65295, 65337]
21,3,[3870, 33869, 34312]
22,7,[12279, 70111, 79322, 82803, 83538, 83760, 85690]
23,5,[7, 12969, 13024, 22534, 23381]
24,4,[29026, 39319, 41562, 41611]
25,4,[21150, 79784, 80949, 120921]
26,2,[66708, 66750]
27,6,[26898, 37801, 37889, 52626, 79047, 86057]
30,277,[46581, 52005, 52412, 52424, 52838, 87403, 111393, 111401, 123991, 124059, 124749, 124788, 124957, 125303, 128585, 133393, 133522, 134587, 142836, 182686, 200547, 209720, 212038, 212292, 212474, 212862, 213055, 213221, 213449, 213596, 213756, 217698, 219059, 219185, 219867, 225186, 227225, 228404, 228657, 228753, 229218, 229492, 229548, 229785, 229928, 230034, 230125, 230284, 230397, 230524, 230629, 231191, 234710, 235153, 235309, 235687, 236027, 236670, 236755, 236879, 237241, 240765, 243746, 248299, 255570, 260781, 262076, 262655, 263778, 266244, 267741, 268603, 268683, 269362, 270172, 270923, 272073, 272450, 272834, 274176, 274701, 274742, 275474, 275552, 275813, 276197, 276603, 276619, 276633, 276796, 278424, 278470, 279006, 279632, 279973, 280446, 281955, 286163, 286658, 287926, 287983, 289617, 289648, 290624, 291249, 292514, 293313, 293558, 293638, 293679, 294644, 295434, 295530, 295566, 296417, 296680, 296721, 302919, 306820, 319583, 325921, 333967, 342867, 344791, 352850, 360875, 364549, 391423, 402406, 402687, 407181, 415093, 415737, 420717, 426189, 430808, 430815, 436181, 466398, 466405, 468970, 469014, 471275, 473911, 495792, 496508, 497286, 497329, 497357, 497414, 501928, 508829, 512903, 513035, 514502, 515373, 520062, 521524, 521553, 523555, 525799, 525912, 527106, 529556, 530142, 530963, 531036, 531074, 531201, 534025, 537218, 537355, 543520, 544523, 544863, 545715, 546585, 547765, 548814, 548840, 550065, 553102, 553337, 554816, 556716, 558053, 558085, 560246, 562566, 562596, 562598, 563652, 563658, 564241, 564257, 564670, 568857, 573415, 573485, 574707, 579282, 580377, 581313, 584562, 585112, 585268, 585404, 585502, 586070, 586176, 588027, 588299, 588647, 588915, 589175, 589528, 589949, 590471, 590708, 590720, 590723, 590809, 590910, 591027, 591948, 592157, 592297, 592764, 592920, 593377, 594891, 594923, 595025, 595370, 595431, 597325, 598323, 598485, 599613, 599629, 599697, 600100, 601425, 601760, 604283, 604294, 604343, 604909, 604983, 605570, 617610, 620957, 622624, 623123, 625272, 626856, 628090, 628587, 628600, 628753, 628846, 629912, 631152, 631989, 633060, 636503, 636761, 638103, 638200, 639337, 639412, 639923, 639975, 640277, 640587, 640988, 641025]
9,4,[336, 1364, 1392, 1410]
10,277,[46679, 52103, 52510, 52522, 52937, 87510, 111504, 111512, 124102, 124170, 124860, 124899, 125068, 125414, 128697, 133505, 133634, 134699, 142948, 182818, 200689, 209862, 212180, 212434, 212616, 213004, 213197, 213363, 213591, 213738, 213898, 217838, 219199, 219325, 220017, 225336, 227375, 228554, 228807, 228903, 229368, 229642, 229698, 229935, 230078, 230184, 230275, 230434, 230547, 230674, 230779, 231341, 234860, 235303, 235459, 235837, 236177, 236820, 236905, 237029, 237391, 240918, 243899, 248452, 255723, 260937, 262232, 262811, 263934, 266400, 267897, 268759, 268839, 269518, 270328, 271079, 272229, 272606, 272990, 274332, 274857, 274898, 275630, 275708, 275969, 276353, 276759, 276775, 276789, 276952, 278579, 278625, 279161, 279787, 280128, 280601, 282110, 286319, 286814, 288082, 288139, 289773, 289804, 290780, 291405, 292671, 293470, 293715, 293795, 293836, 294801, 295591, 295687, 295723, 296574, 296837, 296878, 303077, 306978, 319742, 326080, 334126, 343026, 344950, 353009, 361035, 364712, 391586, 402572, 402853, 407347, 415259, 415903, 420883, 426355, 430978, 430985, 436351, 466569, 466576, 469141, 469185, 471446, 474081, 495951, 496677, 497455, 497498, 497526, 497583, 502097, 508998, 513072, 513204, 514671, 515545, 520234, 521696, 521725, 523727, 525971, 526084, 527278, 529731, 530317, 531138, 531211, 531249, 531376, 534200, 537393, 537530, 543695, 544698, 545038, 545890, 546760, 547940, 548989, 549015, 550243, 553280, 553515, 554994, 556894, 558231, 558263, 560424, 562744, 562774, 562776, 563830, 563836, 564419, 564435, 564850, 569037, 573595, 573665, 574887, 579462, 580557, 581493, 584747, 585297, 585453, 585589, 585687, 586255, 586361, 588212, 588484, 588832, 589100, 589360, 589713, 590134, 590656, 590893, 590905, 590908, 590994, 591095, 591212, 592139, 592348, 592488, 592955, 593111, 593568, 595082, 595114, 595216, 595561, 595622, 597516, 598514, 598676, 599810, 599826, 599894, 600297, 601622, 601957, 604485, 604496, 604545, 605111, 605185, 605772, 617857, 621209, 622876, 623375, 625529, 627113, 628350, 628850, 628863, 629016, 629109, 630175, 631427, 632264, 633335, 636778, 637036, 638378, 638475, 639612, 639687, 640198, 640250, 640552, 640862, 641263, 641300]
11,6,[658, 5386, 14879, 19879, 19892, 19915]
12,4,[7518, 12194, 12202, 13871]
14,3,[21614, 126215, 130007]
15,11,[15742, 41578, 41634, 61166, 81999, 106723, 121497, 121530, 123181, 139265, 146673]
16,8,[16414, 16587, 18218, 25334, 29656, 29666, 34294, 36576]
17,180,[4, 26, 40, 50, 1279, 1282, 1293, 4676, 6502, 7159, 10348, 11484, 11520, 11600, 11666, 11670, 11722, 11727, 13699, 13711, 13762, 13782, 17321, 17331, 17943, 18042, 18096, 18119, 18165, 18196, 20697, 22689, 23560, 23570, 24118, 24504, 24514, 25382, 26075, 26451, 26496, 27208, 30411, 30417, 31755, 36820, 37192, 37899, 38773, 38866, 40662, 42060, 42098, 42111, 42397, 42417, 42895, 44014, 44023, 44026, 44078, 44128, 45797, 46619, 46628, 46793, 51264, 51753, 52786, 52819, 53345, 53721, 53728, 54046, 54563, 54892, 54913, 55544, 56276, 56306, 60232, 61916, 65778, 66440, 78844, 79055, 79069, 79250, 79263, 86918, 87408, 88560, 90733, 90739, 90792, 93012, 95609, 116949, 116988, 120698, 128091, 129458, 138951, 147008, 149661, 151557, 153958, 153977, 153983, 154262, 154269, 157994, 164260, 165534, 168630, 168779, 171269, 173396, 173407, 175813, 176437, 177598, 177747, 177809, 177855, 177921, 177996, 181008, 181055, 183280, 183321, 183632, 184359, 185570, 186257, 186286, 186295, 186298, 186317, 186364, 186770, 187169, 187204, 187217, 187596, 188308, 188321, 188325, 188343, 188352, 190971, 195438, 195448, 196856, 197054, 199330, 199359, 199392, 199404, 199421, 199452, 200787, 202055, 202555, 202594, 203004, 203124, 210147, 210165, 213148, 213166, 213213, 213287, 215442, 215446, 215577, 216860, 217034, 217734, 217789]
18,3,[45785, 65080, 84319]
19,2,[889, 17773]
20,3,[3, 65295, 65337]
21,3,[3870, 33869, 34312]
22,7,[12279, 70111, 79322, 82803, 83538, 83760, 85690]
23,5,[7, 12969, 13024, 22534, 23381]
24,4,[29026, 39319, 41562, 41611]
25,4,[21150, 79784, 80949, 120921]
26,2,[66708, 66750]
27,6,[26898, 37801, 37889, 52626, 79047, 86057]
30,277,[46581, 52005, 52412, 52424, 52838, 87403, 111393, 111401, 123991, 124059, 124749, 124788, 124957, 125303, 128585, 133393, 133522, 134587, 142836, 182686, 200547, 209720, 212038, 212292, 212474, 212862, 213055, 213221, 213449, 213596, 213756, 217698, 219059, 219185, 219867, 225186, 227225, 228404, 228657, 228753, 229218, 229492, 229548, 229785, 229928, 230034, 230125, 230284, 230397, 230524, 230629, 231191, 234710, 235153, 235309, 235687, 236027, 236670, 236755, 236879, 237241, 240765, 243746, 248299, 255570, 260781, 262076, 262655, 263778, 266244, 267741, 268603, 268683, 269362, 270172, 270923, 272073, 272450, 272834, 274176, 274701, 274742, 275474, 275552, 275813, 276197, 276603, 276619, 276633, 276796, 278424, 278470, 279006, 279632, 279973, 280446, 281955, 286163, 286658, 287926, 287983, 289617, 289648, 290624, 291249, 292514, 293313, 293558, 293638, 293679, 294644, 295434, 295530, 295566, 296417, 296680, 296721, 302919, 306820, 319583, 325921, 333967, 342867, 344791, 352850, 360875, 364549, 391423, 402406, 402687, 407181, 415093, 415737, 420717, 426189, 430808, 430815, 436181, 466398, 466405, 468970, 469014, 471275, 473911, 495792, 496508, 497286, 497329, 497357, 497414, 501928, 508829, 512903, 513035, 514502, 515373, 520062, 521524, 521553, 523555, 525799, 525912, 527106, 529556, 530142, 530963, 531036, 531074, 531201, 534025, 537218, 537355, 543520, 544523, 544863, 545715, 546585, 547765, 548814, 548840, 550065, 553102, 553337, 554816, 556716, 558053, 558085, 560246, 562566, 562596, 562598, 563652, 563658, 564241, 564257, 564670, 568857, 573415, 573485, 574707, 579282, 580377, 581313, 584562, 585112, 585268, 585404, 585502, 586070, 586176, 588027, 588299, 588647, 588915, 589175, 589528, 589949, 590471, 590708, 590720, 590723, 590809, 590910, 591027, 591948, 592157, 592297, 592764, 592920, 593377, 594891, 594923, 595025, 595370, 595431, 597325, 598323, 598485, 599613, 599629, 599697, 600100, 601425, 601760, 604283, 604294, 604343, 604909, 604983, 605570, 617610, 620957, 622624, 623123, 625272, 626856, 628090, 628587, 628600, 628753, 628846, 629912, 631152, 631989, 633060, 636503, 636761, 638103, 638200, 639337, 639412, 639923, 639975, 640277, 640587, 640988, 641025]
