10,62,[46487, 54215, 57679, 102605, 107816, 109148, 112082, 125887, 126311, 133535, 133545, 143944, 167714, 188445, 188454, 217740, 217769, 226456, 226585, 232336, 252194, 272118, 273912, 279127, 279142, 279177, 279187, 295603, 295778, 296477, 296761, 415220, 415626, 415855, 416011, 426339, 465924, 465946, 467346, 467449, 522490, 524388, 529085, 545241, 552686, 554803, 554837, 562708, 564396, 575036, 577385, 581051, 591750, 593536, 593991, 599535, 599568, 601270, 606673, 617893, 630431, 630702]
11,3,[18484, 19717, 20253]
13,1,[2852]
15,3,[35484, 63556, 64957]
16,1,[11297]
17,23,[790, 24102, 53631, 53633, 53639, 76970, 113594, 113641, 129203, 138924, 138944, 139321, 139332, 140612, 145351, 145366, 189627, 195894, 199708, 209626, 212212, 212245, 212725]
21,4,[2521, 3642, 3673, 5310]
22,1,[84153]
23,4,[2489, 3431, 22501, 27652]
24,4,[25952, 34227, 34241, 34268]
27,6,[55158, 57833, 75642, 84211, 94703, 94767]
28,2,[641, 1069]
30,62,[46389, 54116, 57580, 102498, 107705, 109037, 111971, 125776, 126200, 133423, 133433, 143832, 167591, 188313, 188322, 217600, 217629, 226306, 226435, 232186, 252041, 271962, 273756, 278972, 278987, 279022, 279032, 295446, 295621, 296320, 296604, 415054, 415460, 415689, 415845, 426173, 465753, 465775, 467175, 467278, 522318, 524216, 528910, 545066, 552508, 554625, 554659, 562530, 564218, 574856, 577205, 580871, 591565, 593345, 593800, 599338, 599371, 601073, 606466, 617646, 630165, 630433]
10,62,[46487, 54215, 57679, 102605, 107816, 109148, 112082, 125887, 126311, 133535, 133545, 143944, 167714, 188445, 188454, 217740, 217769, 226456, 226585, 232336, 252194, 272118, 273912, 279127, 279142, 279177, 279187, 295603, 295778, 296477, 296761, 415220, 415626, 415855, 416011, 426339, 465924, 465946, 467346, 467449, 522490, 524388, 529085, 545241, 552686, 554803, 554837, 562708, 564396, 575036, 577385, 581051, 591750, 593536, 593991, 599535, 599568, 601270, 606673, 617893, 630431, 630702]
11,3,[18484, 19717, 20253]
13,1,[2852]
15,3,[35484, 63556, 64957]
16,1,[11297]
17,23,[790, 24102, 53631, 53633, 53639, 76970, 113594, 113641, 129203, 138924, 138944, 139321, 139332, 140612, 145351, 145366, 189627, 195894, 199708, 209626, 212212, 212245, 212725]
21,4,[2521, 3642, 3673, 5310]
22,1,[84153]
23,4,[2489, 3431, 22501, 27652]
24,4,[25952, 34227, 34241, 34268]
27,6,[55158, 57833, 75642, 84211, 94703, 94767]
28,2,[641, 1069]
30,62,[46389, 54116, 57580, 102498, 107705, 109037, 111971, 125776, 126200, 133423, 133433, 143832, 167591, 188313, 188322, 217600, 217629, 226306, 226435, 232186, 252041, 271962, 273756, 278972, 278987, 279022, 279032, 295446, 295621, 296320, 296604, 415054, 415460, 415689, 415845, 426173, 465753, 465775, 467175, 467278, 522318, 524216, 528910, 545066, 552508, 554625, 554659, 562530, 564218, 574856, 577205, 580871, 591565, 593345, 593800, 599338, 599371, 601073, 606466, 617646, 630165, 630433]
