10,55,[38852, 38871, 39048, 52050, 53828, 54066, 71781, 71950, 98851, 109409, 109526, 109983, 110739, 113272, 113292, 114035, 114172, 115407, 115905, 116259, 116265, 116794, 120762, 120778, 122658, 122972, 123014, 124094, 125987, 127424, 128647, 128693, 153661, 217227, 232340, 235075, 259667, 283574, 289599, 335567, 336781, 339150, 353463, 397700, 441165, 453772, 475472, 482036, 510410, 510412, 515513, 575790, 579467, 604960, 615094]
12,2,[6572, 16809]
14,1,[91404]
15,11,[16806, 40421, 49592, 53904, 66047, 98436, 103658, 103679, 103704, 103728, 103748]
16,2,[11736, 33480]
17,26,[21396, 25305, 43803, 46353, 59791, 60585, 66738, 66895, 70027, 79967, 87049, 108374, 111988, 114306, 114321, 142974, 144869, 149329, 152187, 162761, 165440, 165888, 167640, 181434, 191988, 213880]
18,14,[2385, 3833, 17705, 23031, 24771, 37896, 51109, 90096, 109485, 117469, 119861, 122022, 145114, 145950]
20,4,[34558, 51676, 59700, 65646]
21,1,[10903]
22,9,[11223, 57045, 59537, 60019, 60110, 120265, 150561, 150579, 150948]
25,4,[87572, 198513, 198745, 198791]
26,4,[35446, 52755, 60985, 67060]
27,3,[4218, 45506, 92023]
30,55,[38754, 38773, 38950, 51952, 53729, 53967, 71678, 71847, 98744, 109298, 109415, 109872, 110628, 113161, 113181, 113924, 114061, 115296, 115794, 116148, 116154, 116683, 120651, 120667, 122547, 122861, 122903, 123983, 125876, 127313, 128535, 128581, 153548, 217086, 232190, 234925, 259511, 283418, 289443, 335408, 336622, 338991, 353304, 397534, 440995, 453602, 475302, 481870, 510241, 510243, 515344, 575610, 579287, 604758, 614860]
10,55,[38852, 38871, 39048, 52050, 53828, 54066, 71781, 71950, 98851, 109409, 109526, 109983, 110739, 113272, 113292, 114035, 114172, 115407, 115905, 116259, 116265, 116794, 120762, 120778, 122658, 122972, 123014, 124094, 125987, 127424, 128647, 128693, 153661, 217227, 232340, 235075, 259667, 283574, 289599, 335567, 336781, 339150, 353463, 397700, 441165, 453772, 475472, 482036, 510410, 510412, 515513, 575790, 579467, 604960, 615094]
12,2,[6572, 16809]
14,1,[91404]
15,11,[16806, 40421, 49592, 53904, 66047, 98436, 103658, 103679, 103704, 103728, 103748]
16,2,[11736, 33480]
17,26,[21396, 25305, 43803, 46353, 59791, 60585, 66738, 66895, 70027, 79967, 87049, 108374, 111988, 114306, 114321, 142974, 144869, 149329, 152187, 162761, 165440, 165888, 167640, 181434, 191988, 213880]
18,14,[2385, 3833, 17705, 23031, 24771, 37896, 51109, 90096, 109485, 117469, 119861, 122022, 145114, 145950]
20,4,[34558, 51676, 59700, 65646]
21,1,[10903]
22,9,[11223, 57045, 59537, 60019, 60110, 120265, 150561, 150579, 150948]
25,4,[87572, 198513, 198745, 198791]
26,4,[35446, 52755, 60985, 67060]
27,3,[4218, 45506, 92023]
30,55,[38754, 38773, 38950, 51952, 53729, 53967, 71678, 71847, 98744, 109298, 109415, 109872, 110628, 113161, 113181, 113924, 114061, 115296, 115794, 116148, 116154, 116683, 120651, 120667, 122547, 122861, 122903, 123983, 125876, 127313, 128535, 128581, 153548, 217086, 232190, 234925, 259511, 283418, 289443, 335408, 336622, 338991, 353304, 397534, 440995, 453602, 475302, 481870, 510241, 510243, 515344, 575610, 579287, 604758, 614860]
