10,11,[22570, 39455, 39472, 89966, 127750, 188479, 234998, 274502, 475808, 519401, 522735]
14,1,[133528]
15,18,[2324, 7438, 14126, 61114, 62806, 64823, 68187, 71231, 71285, 75257, 95054, 98372, 102129, 118226, 120421, 155928, 167445, 171101]
17,6,[52940, 76956, 122200, 147734, 192006, 192068]
18,32,[2750, 4717, 6432, 6876, 10383, 22772, 34375, 37804, 38187, 40332, 45151, 45821, 46207, 48739, 52551, 53745, 54251, 55750, 55886, 73377, 73858, 80634, 88498, 103063, 105209, 109619, 125756, 127404, 133109, 136445, 140854, 145397]
21,6,[9052, 13340, 15182, 24060, 30600, 31337]
23,2,[10893, 25294]
24,2,[14218, 16492]
25,2,[72258, 127816]
26,7,[4075, 22347, 43766, 53376, 58818, 59057, 62879]
27,21,[1717, 5070, 6130, 8370, 9246, 14143, 15102, 15275, 16027, 17026, 18551, 32874, 42456, 59883, 64766, 72207, 77235, 93843, 97617, 102443, 104749]
28,1,[4752]
30,11,[22476, 39357, 39374, 89859, 127639, 188347, 234848, 274346, 475638, 519229, 522563]
10,11,[22570, 39455, 39472, 89966, 127750, 188479, 234998, 274502, 475808, 519401, 522735]
14,1,[133528]
15,18,[2324, 7438, 14126, 61114, 62806, 64823, 68187, 71231, 71285, 75257, 95054, 98372, 102129, 118226, 120421, 155928, 167445, 171101]
17,6,[52940, 76956, 122200, 147734, 192006, 192068]
18,32,[2750, 4717, 6432, 6876, 10383, 22772, 34375, 37804, 38187, 40332, 45151, 45821, 46207, 48739, 52551, 53745, 54251, 55750, 55886, 73377, 73858, 80634, 88498, 103063, 105209, 109619, 125756, 127404, 133109, 136445, 140854, 145397]
21,6,[9052, 13340, 15182, 24060, 30600, 31337]
23,2,[10893, 25294]
24,2,[14218, 16492]
25,2,[72258, 127816]
26,7,[4075, 22347, 43766, 53376, 58818, 59057, 62879]
27,21,[1717, 5070, 6130, 8370, 9246, 14143, 15102, 15275, 16027, 17026, 18551, 32874, 42456, 59883, 64766, 72207, 77235, 93843, 97617, 102443, 104749]
28,1,[4752]
30,11,[22476, 39357, 39374, 89859, 127639, 188347, 234848, 274346, 475638, 519229, 522563]
