10,1,[542890]
14,1,[9000]
15,5,[46214, 46734, 151249, 151401, 167237]
18,32,[3482, 8651, 10313, 20650, 21241, 26575, 42703, 51271, 53060, 54681, 64973, 88185, 88241, 90561, 97057, 98644, 99822, 105911, 106223, 120748, 123647, 123912, 123950, 127423, 128637, 131846, 137185, 140711, 140866, 145577, 148539, 148595]
22,7,[58404, 59169, 59418, 59763, 74005, 74624, 76161]
23,1,[20342]
25,1,[9258]
27,5,[33398, 50894, 70545, 79660, 89800]
30,1,[542715]
10,1,[542890]
14,1,[9000]
15,5,[46214, 46734, 151249, 151401, 167237]
18,32,[3482, 8651, 10313, 20650, 21241, 26575, 42703, 51271, 53060, 54681, 64973, 88185, 88241, 90561, 97057, 98644, 99822, 105911, 106223, 120748, 123647, 123912, 123950, 127423, 128637, 131846, 137185, 140711, 140866, 145577, 148539, 148595]
22,7,[58404, 59169, 59418, 59763, 74005, 74624, 76161]
23,1,[20342]
25,1,[9258]
27,5,[33398, 50894, 70545, 79660, 89800]
30,1,[542715]
