8,2,[41, 129]
10,21,[27061, 150984, 154014, 167279, 189143, 281143, 393675, 439728, 466736, 466747, 466769, 587339, 587382, 590695, 600594, 601499, 602597, 602602, 605438, 614982, 628777]
12,1,[22971]
13,1,[448]
15,10,[3210, 28958, 32622, 50168, 70764, 74651, 90923, 98415, 105812, 152643]
16,6,[3193, 3220, 3421, 24349, 25476, 27043]
18,45,[2937, 4338, 4583, 6081, 9630, 9699, 12936, 14362, 16469, 19436, 20538, 29977, 32777, 42852, 52868, 53225, 56292, 58895, 60285, 66862, 73082, 77658, 78344, 88049, 88590, 93569, 99278, 114553, 121628, 121982, 123198, 125741, 126331, 129087, 129300, 129918, 131955, 133090, 137217, 140117, 140984, 141090, 145207, 146004, 146308]
20,5,[1127, 7008, 25596, 45192, 48267]
21,10,[2789, 5062, 9167, 11685, 18593, 18866, 24316, 24642, 33111, 33836]
22,30,[1561, 1665, 14251, 15450, 15516, 15578, 15591, 17372, 17707, 17710, 17771, 17774, 17777, 17781, 17891, 17961, 18032, 18036, 20131, 20553, 20603, 20605, 87932, 91281, 94075, 94095, 94098, 104769, 130385, 133674]
23,3,[145, 12702, 20783]
24,1,[36533]
26,5,[1491, 7528, 26394, 46181, 49280]
27,10,[1623, 3080, 22847, 26067, 28998, 31878, 41948, 50601, 81539, 93826]
28,1,[10448]
30,21,[26967, 150871, 153901, 167156, 189011, 280988, 393509, 439558, 466565, 466576, 466598, 587154, 587197, 590510, 600397, 601302, 602400, 602405, 605236, 614748, 628514]
8,2,[41, 129]
10,21,[27061, 150984, 154014, 167279, 189143, 281143, 393675, 439728, 466736, 466747, 466769, 587339, 587382, 590695, 600594, 601499, 602597, 602602, 605438, 614982, 628777]
12,1,[22971]
13,1,[448]
15,10,[3210, 28958, 32622, 50168, 70764, 74651, 90923, 98415, 105812, 152643]
16,6,[3193, 3220, 3421, 24349, 25476, 27043]
18,45,[2937, 4338, 4583, 6081, 9630, 9699, 12936, 14362, 16469, 19436, 20538, 29977, 32777, 42852, 52868, 53225, 56292, 58895, 60285, 66862, 73082, 77658, 78344, 88049, 88590, 93569, 99278, 114553, 121628, 121982, 123198, 125741, 126331, 129087, 129300, 129918, 131955, 133090, 137217, 140117, 140984, 141090, 145207, 146004, 146308]
20,5,[1127, 7008, 25596, 45192, 48267]
21,10,[2789, 5062, 9167, 11685, 18593, 18866, 24316, 24642, 33111, 33836]
22,30,[1561, 1665, 14251, 15450, 15516, 15578, 15591, 17372, 17707, 17710, 17771, 17774, 17777, 17781, 17891, 17961, 18032, 18036, 20131, 20553, 20603, 20605, 87932, 91281, 94075, 94095, 94098, 104769, 130385, 133674]
23,3,[145, 12702, 20783]
24,1,[36533]
26,5,[1491, 7528, 26394, 46181, 49280]
27,10,[1623, 3080, 22847, 26067, 28998, 31878, 41948, 50601, 81539, 93826]
28,1,[10448]
30,21,[26967, 150871, 153901, 167156, 189011, 280988, 393509, 439558, 466565, 466576, 466598, 587154, 587197, 590510, 600397, 601302, 602400, 602405, 605236, 614748, 628514]
