14,218,[5786, 6365, 7173, 7947, 8626, 8788, 9263, 10237, 10270, 12241, 12397, 12405, 13875, 16347, 16358, 16647, 16724, 16727, 17256, 17290, 18289, 20213, 20951, 23438, 23441, 23455, 23458, 24322, 24507, 24532, 25534, 26258, 27899, 28228, 29036, 29922, 30403, 33992, 37756, 37797, 39889, 40775, 40777, 41405, 43976, 45288, 46367, 49580, 51949, 51958, 52034, 52037, 52084, 52087, 52834, 54162, 54185, 56073, 56124, 56127, 57353, 57367, 57370, 57372, 57392, 57461, 62446, 64256, 64265, 64292, 65414, 70311, 71559, 73317, 73729, 74942, 75725, 76426, 77548, 79158, 79285, 82006, 82014, 82185, 82847, 84916, 86184, 86187, 87296, 87306, 89329, 89671, 89674, 90717, 94754, 99025, 99593, 99817, 101218, 101223, 101255, 101311, 102164, 102167, 102180, 102183, 102197, 102200, 103821, 104452, 107572, 107575, 109571, 111890, 111897, 112248, 112381, 112653, 117115, 124487, 124695, 128732, 129143, 129146, 129164, 129244, 130063, 130977, 131023, 131467, 131821, 131913, 133886, 134094, 134187, 134203, 134306, 134313, 136033, 136931, 137900, 139246, 140023, 143184, 143188, 143194, 148121, 148483, 149297, 149971, 150484, 150487, 150498, 151123, 151676, 155286, 155289, 157287, 157537, 157573, 159536, 160184, 160207, 160658, 161602, 161770, 161773, 161877, 162746, 163750, 163976, 166143, 166232, 168120, 168123, 170081, 170195, 170198, 170211, 170214, 171692, 173254, 175943, 175972, 177366, 177372, 177377, 177419, 177426, 177901, 177940, 181374, 181980, 183918, 183925, 183952, 183969, 185276, 186796, 187142, 188891, 188896, 190391, 191180, 191200, 191290, 193000, 193014, 193934, 194087, 194120, 194144, 194174, 194177, 194190, 194193, 195681, 195834]
15,1,[2701]
24,3,[33992, 39755, 41662]
25,262,[0, 810, 828, 6123, 6650, 7397, 8195, 9529, 10446, 10478, 10998, 12334, 12487, 12495, 13862, 13992, 13995, 16173, 16184, 16439, 16526, 16529, 17022, 17052, 17936, 20563, 22867, 22870, 22884, 22887, 23656, 23839, 23860, 24804, 25457, 26605, 27031, 27341, 28964, 29425, 32786, 36356, 36394, 38437, 38454, 38482, 39201, 39203, 39811, 42179, 43456, 44492, 44558, 47641, 49825, 49834, 49928, 49931, 50673, 51996, 52016, 53725, 53767, 53770, 54993, 55004, 55006, 55008, 55024, 55085, 55095, 59779, 61503, 61863, 61878, 61914, 61963, 67080, 68239, 69799, 71341, 72113, 72876, 75557, 75589, 75685, 78318, 78326, 78493, 79115, 79748, 80914, 81245, 83588, 85632, 85972, 85975, 86958, 90783, 94213, 95462, 95673, 95898, 96485, 97091, 97095, 97125, 98045, 98069, 98085, 99002, 99699, 100262, 103157, 103160, 103696, 103745, 104995, 107299, 107303, 107623, 107736, 107980, 112132, 119275, 119463, 121019, 121071, 121074, 123279, 123664, 123666, 123682, 123755, 124487, 124488, 124540, 125343, 125385, 125808, 126132, 128155, 128348, 128439, 128455, 128557, 128564, 129299, 129302, 130249, 131112, 132050, 132835, 134193, 136907, 137243, 137246, 137378, 137381, 138576, 138578, 140349, 141557, 141561, 142075, 142406, 143164, 143781, 144255, 144257, 144266, 144845, 145342, 148691, 148694, 150140, 150574, 150804, 152671, 153387, 153408, 154872, 155036, 155039, 155051, 155054, 155149, 155953, 156927, 157137, 159232, 159313, 159868, 160021, 161205, 161208, 163131, 163245, 163248, 163261, 163264, 164888, 166323, 168824, 168850, 170146, 170151, 170155, 170194, 170201, 170613, 170645, 171572, 171585, 173956, 174563, 176406, 176413, 176433, 176454, 177706, 179129, 179434, 181113, 181118, 184863, 184877, 185184, 185782, 185941, 185971, 185991, 186039, 186055, 187517, 187672, 189967, 190658, 191864, 192228, 192595, 192773, 192920, 192990, 193046, 193112, 193242, 193585, 193725, 194114, 196101, 197750, 198129, 198407, 198631, 198935, 198963, 199046, 199075, 199254, 199295, 199789]
26,1,[376]
27,3,[39249, 69567, 105981]
14,218,[5786, 6365, 7173, 7947, 8626, 8788, 9263, 10237, 10270, 12241, 12397, 12405, 13875, 16347, 16358, 16647, 16724, 16727, 17256, 17290, 18289, 20213, 20951, 23438, 23441, 23455, 23458, 24322, 24507, 24532, 25534, 26258, 27899, 28228, 29036, 29922, 30403, 33992, 37756, 37797, 39889, 40775, 40777, 41405, 43976, 45288, 46367, 49580, 51949, 51958, 52034, 52037, 52084, 52087, 52834, 54162, 54185, 56073, 56124, 56127, 57353, 57367, 57370, 57372, 57392, 57461, 62446, 64256, 64265, 64292, 65414, 70311, 71559, 73317, 73729, 74942, 75725, 76426, 77548, 79158, 79285, 82006, 82014, 82185, 82847, 84916, 86184, 86187, 87296, 87306, 89329, 89671, 89674, 90717, 94754, 99025, 99593, 99817, 101218, 101223, 101255, 101311, 102164, 102167, 102180, 102183, 102197, 102200, 103821, 104452, 107572, 107575, 109571, 111890, 111897, 112248, 112381, 112653, 117115, 124487, 124695, 128732, 129143, 129146, 129164, 129244, 130063, 130977, 131023, 131467, 131821, 131913, 133886, 134094, 134187, 134203, 134306, 134313, 136033, 136931, 137900, 139246, 140023, 143184, 143188, 143194, 148121, 148483, 149297, 149971, 150484, 150487, 150498, 151123, 151676, 155286, 155289, 157287, 157537, 157573, 159536, 160184, 160207, 160658, 161602, 161770, 161773, 161877, 162746, 163750, 163976, 166143, 166232, 168120, 168123, 170081, 170195, 170198, 170211, 170214, 171692, 173254, 175943, 175972, 177366, 177372, 177377, 177419, 177426, 177901, 177940, 181374, 181980, 183918, 183925, 183952, 183969, 185276, 186796, 187142, 188891, 188896, 190391, 191180, 191200, 191290, 193000, 193014, 193934, 194087, 194120, 194144, 194174, 194177, 194190, 194193, 195681, 195834]
15,1,[2701]
24,3,[33992, 39755, 41662]
25,262,[0, 810, 828, 6123, 6650, 7397, 8195, 9529, 10446, 10478, 10998, 12334, 12487, 12495, 13862, 13992, 13995, 16173, 16184, 16439, 16526, 16529, 17022, 17052, 17936, 20563, 22867, 22870, 22884, 22887, 23656, 23839, 23860, 24804, 25457, 26605, 27031, 27341, 28964, 29425, 32786, 36356, 36394, 38437, 38454, 38482, 39201, 39203, 39811, 42179, 43456, 44492, 44558, 47641, 49825, 49834, 49928, 49931, 50673, 51996, 52016, 53725, 53767, 53770, 54993, 55004, 55006, 55008, 55024, 55085, 55095, 59779, 61503, 61863, 61878, 61914, 61963, 67080, 68239, 69799, 71341, 72113, 72876, 75557, 75589, 75685, 78318, 78326, 78493, 79115, 79748, 80914, 81245, 83588, 85632, 85972, 85975, 86958, 90783, 94213, 95462, 95673, 95898, 96485, 97091, 97095, 97125, 98045, 98069, 98085, 99002, 99699, 100262, 103157, 103160, 103696, 103745, 104995, 107299, 107303, 107623, 107736, 107980, 112132, 119275, 119463, 121019, 121071, 121074, 123279, 123664, 123666, 123682, 123755, 124487, 124488, 124540, 125343, 125385, 125808, 126132, 128155, 128348, 128439, 128455, 128557, 128564, 129299, 129302, 130249, 131112, 132050, 132835, 134193, 136907, 137243, 137246, 137378, 137381, 138576, 138578, 140349, 141557, 141561, 142075, 142406, 143164, 143781, 144255, 144257, 144266, 144845, 145342, 148691, 148694, 150140, 150574, 150804, 152671, 153387, 153408, 154872, 155036, 155039, 155051, 155054, 155149, 155953, 156927, 157137, 159232, 159313, 159868, 160021, 161205, 161208, 163131, 163245, 163248, 163261, 163264, 164888, 166323, 168824, 168850, 170146, 170151, 170155, 170194, 170201, 170613, 170645, 171572, 171585, 173956, 174563, 176406, 176413, 176433, 176454, 177706, 179129, 179434, 181113, 181118, 184863, 184877, 185184, 185782, 185941, 185971, 185991, 186039, 186055, 187517, 187672, 189967, 190658, 191864, 192228, 192595, 192773, 192920, 192990, 193046, 193112, 193242, 193585, 193725, 194114, 196101, 197750, 198129, 198407, 198631, 198935, 198963, 199046, 199075, 199254, 199295, 199789]
26,1,[376]
27,3,[39249, 69567, 105981]
