15,6,[31598, 55008, 71395, 81521, 82933, 85102]
16,3,[12672, 19165, 31039]
20,5,[19034, 30386, 31128, 47328, 51938]
22,22,[3741, 4144, 6147, 6286, 7628, 21052, 21054, 21060, 21062, 63235, 63236, 63257, 63303, 93525, 93776, 98466, 98471, 106549, 106552, 108430, 108641, 108689]
23,1,[22019]
24,1,[28526]
26,5,[19742, 31235, 31995, 48330, 53017]
27,1,[75102]
15,6,[31598, 55008, 71395, 81521, 82933, 85102]
16,3,[12672, 19165, 31039]
20,5,[19034, 30386, 31128, 47328, 51938]
22,22,[3741, 4144, 6147, 6286, 7628, 21052, 21054, 21060, 21062, 63235, 63236, 63257, 63303, 93525, 93776, 98466, 98471, 106549, 106552, 108430, 108641, 108689]
23,1,[22019]
24,1,[28526]
26,5,[19742, 31235, 31995, 48330, 53017]
27,1,[75102]
