10,2,[249650, 356247]
15,1,[125738]
18,10,[9884, 24521, 33035, 42557, 56176, 57707, 100122, 110861, 123162, 124478]
20,5,[2898, 9786, 30935, 47704, 60845]
22,4,[61816, 130811, 135057, 146361]
26,5,[3353, 10337, 31799, 48710, 62142]
30,2,[249497, 356088]
10,2,[249650, 356247]
15,1,[125738]
18,10,[9884, 24521, 33035, 42557, 56176, 57707, 100122, 110861, 123162, 124478]
20,5,[2898, 9786, 30935, 47704, 60845]
22,4,[61816, 130811, 135057, 146361]
26,5,[3353, 10337, 31799, 48710, 62142]
30,2,[249497, 356088]
