10,265,[4529, 38096, 44430, 44434, 46522, 46526, 50568, 52252, 52256, 55187, 59141, 59272, 59352, 60072, 60483, 60620, 60735, 60747, 61093, 61592, 61699, 61728, 62177, 62229, 62254, 62262, 62326, 62388, 62434, 62566, 62581, 62588, 62645, 62656, 62687, 62721, 62783, 63731, 64040, 64143, 64488, 64559, 64575, 70404, 71311, 72743, 73007, 73463, 73507, 74116, 74145, 74511, 74536, 74836, 83110, 83135, 83163, 83218, 83711, 83809, 83908, 84005, 84104, 84199, 84297, 84393, 84491, 84589, 84687, 84785, 84922, 86342, 86349, 89740, 92067, 92158, 92363, 99118, 99445, 99557, 99673, 99805, 99844, 99867, 99926, 99987, 100047, 100106, 100183, 100235, 100239, 100244, 100249, 100254, 113415, 113424, 113433, 113560, 113625, 113648, 113739, 114001, 117125, 122285, 122297, 127255, 133526, 133533, 142427, 142527, 142536, 142581, 142610, 142613, 158571, 158574, 159227, 159230, 163138, 163167, 165234, 167301, 167306, 168168, 169051, 171306, 182868, 185993, 185996, 186008, 186011, 199294, 199326, 199329, 201970, 202255, 202259, 207340, 207391, 207394, 207400, 207416, 207419, 207425, 208106, 208109, 227104, 231151, 231234, 247850, 247862, 247866, 248434, 250836, 250879, 250904, 250907, 255536, 255556, 255915, 256300, 259394, 259400, 259415, 259419, 260063, 267894, 268386, 271280, 271951, 271964, 271971, 271977, 272027, 272065, 272073, 272077, 272516, 272709, 272937, 272941, 272964, 272972, 272976, 273153, 273197, 273278, 274800, 274803, 276202, 276250, 276285, 276337, 276377, 276414, 276492, 278577, 278608, 278615, 278631, 278684, 280331, 281068, 281072, 282130, 289720, 289839, 291270, 291500, 291531, 297042, 313481, 314774, 321877, 324924, 339946, 347362, 363326, 382498, 388154, 396503, 397066, 397142, 397169, 403164, 403169, 403852, 404101, 412824, 413725, 413729, 418517, 420397, 420441, 420468, 420481, 420677, 441435, 441750, 458254, 458468, 458475, 459736, 459765, 459768, 459771, 459802, 460074, 460332, 460358, 473492, 474100, 474212, 478702, 479386, 479390, 479400, 479435, 484371, 495772, 524707, 545584, 581543, 621193, 621221]
17,6,[4275, 5533, 56046, 175122, 175135, 186592]
20,2,[6425, 62264]
21,1,[19587]
26,3,[3354, 6945, 63601]
27,1,[34953]
30,265,[4435, 37998, 44332, 44336, 46424, 46428, 50470, 52154, 52158, 55088, 59038, 59169, 59249, 59969, 60380, 60517, 60632, 60644, 60990, 61489, 61596, 61625, 62074, 62126, 62151, 62159, 62223, 62285, 62331, 62463, 62478, 62485, 62542, 62553, 62584, 62618, 62680, 63628, 63937, 64040, 64385, 64456, 64472, 70301, 71208, 72640, 72904, 73360, 73404, 74013, 74042, 74408, 74433, 74733, 83003, 83028, 83056, 83111, 83604, 83702, 83801, 83898, 83997, 84092, 84190, 84286, 84384, 84482, 84580, 84678, 84815, 86235, 86242, 89633, 91960, 92051, 92256, 99011, 99338, 99450, 99566, 99698, 99737, 99760, 99819, 99880, 99940, 99999, 100076, 100128, 100132, 100137, 100142, 100147, 113304, 113313, 113322, 113449, 113514, 113537, 113628, 113890, 117014, 122174, 122186, 127144, 133414, 133421, 142315, 142415, 142424, 142469, 142498, 142501, 158458, 158461, 159114, 159117, 163015, 163044, 165111, 167178, 167183, 168045, 168928, 171183, 182736, 185861, 185864, 185876, 185879, 199162, 199194, 199197, 201828, 202113, 202117, 207198, 207249, 207252, 207258, 207274, 207277, 207283, 207964, 207967, 226954, 231001, 231084, 247697, 247709, 247713, 248281, 250683, 250726, 250751, 250754, 255383, 255403, 255759, 256144, 259238, 259244, 259259, 259263, 259907, 267738, 268230, 271124, 271795, 271808, 271815, 271821, 271871, 271909, 271917, 271921, 272360, 272553, 272781, 272785, 272808, 272816, 272820, 272997, 273041, 273122, 274644, 274647, 276046, 276094, 276129, 276181, 276221, 276258, 276336, 278422, 278453, 278460, 278476, 278529, 280176, 280913, 280917, 281975, 289564, 289683, 291114, 291344, 291375, 296884, 313322, 314615, 321718, 324765, 339787, 347203, 363163, 382335, 387991, 396337, 396900, 396976, 397003, 402998, 403003, 403686, 403935, 412658, 413559, 413563, 418351, 420231, 420275, 420302, 420315, 420511, 441265, 441580, 458084, 458298, 458305, 459566, 459595, 459598, 459601, 459632, 459904, 460162, 460188, 473322, 473930, 474042, 478534, 479218, 479222, 479232, 479267, 484206, 495613, 524535, 545409, 581363, 620941, 620969]
10,265,[4529, 38096, 44430, 44434, 46522, 46526, 50568, 52252, 52256, 55187, 59141, 59272, 59352, 60072, 60483, 60620, 60735, 60747, 61093, 61592, 61699, 61728, 62177, 62229, 62254, 62262, 62326, 62388, 62434, 62566, 62581, 62588, 62645, 62656, 62687, 62721, 62783, 63731, 64040, 64143, 64488, 64559, 64575, 70404, 71311, 72743, 73007, 73463, 73507, 74116, 74145, 74511, 74536, 74836, 83110, 83135, 83163, 83218, 83711, 83809, 83908, 84005, 84104, 84199, 84297, 84393, 84491, 84589, 84687, 84785, 84922, 86342, 86349, 89740, 92067, 92158, 92363, 99118, 99445, 99557, 99673, 99805, 99844, 99867, 99926, 99987, 100047, 100106, 100183, 100235, 100239, 100244, 100249, 100254, 113415, 113424, 113433, 113560, 113625, 113648, 113739, 114001, 117125, 122285, 122297, 127255, 133526, 133533, 142427, 142527, 142536, 142581, 142610, 142613, 158571, 158574, 159227, 159230, 163138, 163167, 165234, 167301, 167306, 168168, 169051, 171306, 182868, 185993, 185996, 186008, 186011, 199294, 199326, 199329, 201970, 202255, 202259, 207340, 207391, 207394, 207400, 207416, 207419, 207425, 208106, 208109, 227104, 231151, 231234, 247850, 247862, 247866, 248434, 250836, 250879, 250904, 250907, 255536, 255556, 255915, 256300, 259394, 259400, 259415, 259419, 260063, 267894, 268386, 271280, 271951, 271964, 271971, 271977, 272027, 272065, 272073, 272077, 272516, 272709, 272937, 272941, 272964, 272972, 272976, 273153, 273197, 273278, 274800, 274803, 276202, 276250, 276285, 276337, 276377, 276414, 276492, 278577, 278608, 278615, 278631, 278684, 280331, 281068, 281072, 282130, 289720, 289839, 291270, 291500, 291531, 297042, 313481, 314774, 321877, 324924, 339946, 347362, 363326, 382498, 388154, 396503, 397066, 397142, 397169, 403164, 403169, 403852, 404101, 412824, 413725, 413729, 418517, 420397, 420441, 420468, 420481, 420677, 441435, 441750, 458254, 458468, 458475, 459736, 459765, 459768, 459771, 459802, 460074, 460332, 460358, 473492, 474100, 474212, 478702, 479386, 479390, 479400, 479435, 484371, 495772, 524707, 545584, 581543, 621193, 621221]
17,6,[4275, 5533, 56046, 175122, 175135, 186592]
20,2,[6425, 62264]
21,1,[19587]
26,3,[3354, 6945, 63601]
27,1,[34953]
30,265,[4435, 37998, 44332, 44336, 46424, 46428, 50470, 52154, 52158, 55088, 59038, 59169, 59249, 59969, 60380, 60517, 60632, 60644, 60990, 61489, 61596, 61625, 62074, 62126, 62151, 62159, 62223, 62285, 62331, 62463, 62478, 62485, 62542, 62553, 62584, 62618, 62680, 63628, 63937, 64040, 64385, 64456, 64472, 70301, 71208, 72640, 72904, 73360, 73404, 74013, 74042, 74408, 74433, 74733, 83003, 83028, 83056, 83111, 83604, 83702, 83801, 83898, 83997, 84092, 84190, 84286, 84384, 84482, 84580, 84678, 84815, 86235, 86242, 89633, 91960, 92051, 92256, 99011, 99338, 99450, 99566, 99698, 99737, 99760, 99819, 99880, 99940, 99999, 100076, 100128, 100132, 100137, 100142, 100147, 113304, 113313, 113322, 113449, 113514, 113537, 113628, 113890, 117014, 122174, 122186, 127144, 133414, 133421, 142315, 142415, 142424, 142469, 142498, 142501, 158458, 158461, 159114, 159117, 163015, 163044, 165111, 167178, 167183, 168045, 168928, 171183, 182736, 185861, 185864, 185876, 185879, 199162, 199194, 199197, 201828, 202113, 202117, 207198, 207249, 207252, 207258, 207274, 207277, 207283, 207964, 207967, 226954, 231001, 231084, 247697, 247709, 247713, 248281, 250683, 250726, 250751, 250754, 255383, 255403, 255759, 256144, 259238, 259244, 259259, 259263, 259907, 267738, 268230, 271124, 271795, 271808, 271815, 271821, 271871, 271909, 271917, 271921, 272360, 272553, 272781, 272785, 272808, 272816, 272820, 272997, 273041, 273122, 274644, 274647, 276046, 276094, 276129, 276181, 276221, 276258, 276336, 278422, 278453, 278460, 278476, 278529, 280176, 280913, 280917, 281975, 289564, 289683, 291114, 291344, 291375, 296884, 313322, 314615, 321718, 324765, 339787, 347203, 363163, 382335, 387991, 396337, 396900, 396976, 397003, 402998, 403003, 403686, 403935, 412658, 413559, 413563, 418351, 420231, 420275, 420302, 420315, 420511, 441265, 441580, 458084, 458298, 458305, 459566, 459595, 459598, 459601, 459632, 459904, 460162, 460188, 473322, 473930, 474042, 478534, 479218, 479222, 479232, 479267, 484206, 495613, 524535, 545409, 581363, 620941, 620969]
