10,58,[24309, 24408, 25386, 34272, 34350, 34410, 34440, 34511, 87190, 100958, 101581, 105290, 116414, 118208, 118300, 118337, 124621, 126446, 128741, 129640, 133558, 142844, 143306, 166165, 202624, 202656, 202993, 203031, 203540, 208057, 227839, 227960, 237532, 237632, 251548, 253466, 253483, 253593, 254318, 260006, 264595, 265525, 275424, 292378, 292834, 296100, 390088, 410316, 554407, 554610, 554627, 561621, 561772, 561899, 561981, 562443, 567501, 567588]
11,4,[18739, 18965, 19026, 19130]
14,3,[85081, 128243, 183998]
15,19,[24236, 34591, 38151, 38626, 38654, 39243, 45389, 45412, 46492, 46511, 65630, 67989, 73784, 77965, 78497, 80761, 97915, 133616, 149763]
17,4,[91937, 96316, 112889, 172066]
18,74,[2997, 5337, 13621, 27988, 30966, 43096, 44705, 45007, 45728, 45747, 55660, 56166, 56206, 56265, 56366, 61434, 62049, 62210, 68990, 75497, 75538, 75578, 75629, 76730, 76733, 76742, 76812, 76821, 76952, 76974, 77013, 77034, 78509, 78530, 78607, 79171, 79257, 80312, 80612, 80781, 80910, 81053, 81180, 81197, 81410, 81451, 104804, 108910, 108923, 111480, 111579, 111661, 111719, 111780, 111952, 113936, 114856, 125236, 127340, 127363, 127429, 129092, 129482, 130218, 130618, 133084, 140909, 141000, 141135, 141161, 146238, 146300, 146322, 146354]
25,4,[81423, 122801, 164438, 176481]
27,2,[23987, 93559]
30,58,[24215, 24314, 25292, 34174, 34252, 34312, 34342, 34413, 87083, 100851, 101474, 105179, 116303, 118097, 118189, 118226, 124510, 126335, 128629, 129528, 133446, 142732, 143194, 166042, 202482, 202514, 202851, 202889, 203398, 207915, 227689, 227810, 237382, 237482, 251395, 253313, 253330, 253440, 254165, 259850, 264439, 265369, 275268, 292221, 292677, 295943, 389925, 410150, 554229, 554432, 554449, 561443, 561594, 561721, 561803, 562265, 567321, 567408]
10,58,[24309, 24408, 25386, 34272, 34350, 34410, 34440, 34511, 87190, 100958, 101581, 105290, 116414, 118208, 118300, 118337, 124621, 126446, 128741, 129640, 133558, 142844, 143306, 166165, 202624, 202656, 202993, 203031, 203540, 208057, 227839, 227960, 237532, 237632, 251548, 253466, 253483, 253593, 254318, 260006, 264595, 265525, 275424, 292378, 292834, 296100, 390088, 410316, 554407, 554610, 554627, 561621, 561772, 561899, 561981, 562443, 567501, 567588]
11,4,[18739, 18965, 19026, 19130]
14,3,[85081, 128243, 183998]
15,19,[24236, 34591, 38151, 38626, 38654, 39243, 45389, 45412, 46492, 46511, 65630, 67989, 73784, 77965, 78497, 80761, 97915, 133616, 149763]
17,4,[91937, 96316, 112889, 172066]
18,74,[2997, 5337, 13621, 27988, 30966, 43096, 44705, 45007, 45728, 45747, 55660, 56166, 56206, 56265, 56366, 61434, 62049, 62210, 68990, 75497, 75538, 75578, 75629, 76730, 76733, 76742, 76812, 76821, 76952, 76974, 77013, 77034, 78509, 78530, 78607, 79171, 79257, 80312, 80612, 80781, 80910, 81053, 81180, 81197, 81410, 81451, 104804, 108910, 108923, 111480, 111579, 111661, 111719, 111780, 111952, 113936, 114856, 125236, 127340, 127363, 127429, 129092, 129482, 130218, 130618, 133084, 140909, 141000, 141135, 141161, 146238, 146300, 146322, 146354]
25,4,[81423, 122801, 164438, 176481]
27,2,[23987, 93559]
30,58,[24215, 24314, 25292, 34174, 34252, 34312, 34342, 34413, 87083, 100851, 101474, 105179, 116303, 118097, 118189, 118226, 124510, 126335, 128629, 129528, 133446, 142732, 143194, 166042, 202482, 202514, 202851, 202889, 203398, 207915, 227689, 227810, 237382, 237482, 251395, 253313, 253330, 253440, 254165, 259850, 264439, 265369, 275268, 292221, 292677, 295943, 389925, 410150, 554229, 554432, 554449, 561443, 561594, 561721, 561803, 562265, 567321, 567408]
