7,1,[7]
9,3,[13, 2129, 2555]
10,382,[1, 299, 3088, 3189, 3689, 5764, 6181, 7588, 7594, 7599, 7716, 8150, 8162, 8361, 8491, 8498, 8650, 8667, 8924, 8945, 8951, 8969, 9516, 10150, 10751, 10787, 10797, 10842, 11910, 12307, 13111, 13911, 13913, 14116, 14265, 15098, 15130, 15160, 21573, 22333, 22380, 25638, 27254, 27823, 27828, 29545, 30864, 31848, 35350, 35357, 37680, 51271, 56978, 66115, 71871, 75570, 75583, 76494, 76500, 77350, 77355, 77380, 77385, 77403, 77408, 77432, 78078, 78247, 78289, 78344, 78390, 78437, 78483, 78529, 78579, 78623, 78669, 78715, 78761, 78808, 78876, 80063, 80169, 80301, 80429, 80580, 80605, 80670, 80878, 80885, 81363, 81369, 81545, 81552, 81685, 81692, 81773, 81780, 81866, 81873, 81954, 81961, 85516, 89254, 92285, 97189, 97226, 98234, 101952, 103072, 106388, 110842, 117941, 123827, 124519, 124527, 125705, 126629, 128367, 130976, 131004, 131720, 133755, 133763, 133769, 133777, 133983, 136493, 136505, 137348, 137456, 142819, 142849, 143334, 144031, 145150, 148124, 150103, 157509, 157548, 157624, 157694, 160018, 161741, 162975, 163231, 163253, 164226, 164323, 165855, 165918, 168213, 172413, 180172, 180637, 183222, 184773, 185143, 195542, 195594, 196380, 199360, 199709, 208959, 210008, 210066, 210220, 211050, 211425, 211538, 212224, 213016, 219240, 221745, 225203, 225388, 228037, 229275, 229752, 229978, 230703, 230845, 232442, 234885, 235341, 235486, 237109, 237242, 237447, 237697, 239454, 240915, 251482, 251915, 254023, 255697, 261091, 261141, 261293, 262179, 266326, 266583, 266955, 267022, 268002, 268399, 268410, 268779, 268906, 269584, 269609, 270178, 270341, 270374, 271128, 273327, 273367, 274389, 274929, 275030, 276821, 276882, 276971, 277030, 277197, 278790, 279401, 279487, 284457, 288843, 291139, 291338, 293864, 298301, 301425, 303199, 303637, 304176, 306203, 307139, 311120, 311902, 315817, 317245, 318949, 320418, 322935, 325632, 326381, 326505, 327293, 327447, 327981, 328061, 328205, 332551, 332593, 334211, 334239, 339337, 340418, 343654, 344794, 347770, 351007, 352352, 352827, 353257, 353412, 356940, 358249, 362832, 369827, 371476, 372033, 373232, 375595, 376278, 382419, 383968, 384075, 385931, 386152, 386232, 388529, 389065, 390303, 391018, 391040, 391930, 391945, 391952, 393562, 396413, 409409, 411086, 411371, 416863, 416867, 416889, 421580, 422500, 425435, 426459, 427535, 428498, 428622, 428713, 428733, 430047, 434246, 444420, 445554, 446138, 446151, 452519, 454315, 466664, 475862, 476971, 480818, 483941, 484375, 484926, 485060, 485544, 485627, 491885, 491888, 495658, 496961, 498201, 498346, 498488, 500821, 500843, 504433, 516743, 516755, 516767, 528372, 528717, 530064, 532618, 532639, 532646, 532679, 532687, 535979, 536225, 539471, 550449, 555643, 564271, 565260, 566732, 568646, 574986, 579277, 586318, 586860, 593497, 593519, 600022, 600689, 607279, 610906, 614618, 614878, 618157, 620521, 620528, 626206, 627318, 627520, 627635, 628122, 628715, 628723, 630906, 636338, 639884]
11,19,[3493, 4364, 4500, 4615, 5424, 6029, 6075, 7163, 7176, 7226, 7277, 7335, 14373, 15659, 15727, 15985, 16031, 17207, 17665]
12,26,[356, 560, 1215, 1653, 1693, 1743, 3087, 6061, 6938, 7576, 9078, 9081, 9129, 9133, 9335, 10677, 10934, 12786, 12817, 15266, 15965, 16243, 16254, 19007, 19223, 21319]
14,9,[38108, 56667, 64638, 81478, 146742, 158842, 158858, 181668, 183964]
15,449,[560, 583, 1199, 3296, 4020, 4250, 4321, 4387, 4426, 4440, 5025, 5043, 5127, 5149, 5782, 5836, 5888, 5989, 6172, 6181, 6570, 6665, 6695, 6707, 6718, 6789, 6811, 7012, 7358, 7882, 8888, 9630, 9954, 12735, 13586, 14004, 14053, 14057, 14191, 15512, 18220, 18557, 18847, 18854, 19820, 19857, 19908, 19993, 22368, 22373, 22388, 22915, 23514, 23519, 23525, 23531, 23551, 23595, 23620, 23641, 23667, 23754, 23942, 23995, 24041, 24255, 24838, 25416, 25439, 25597, 25669, 25732, 25741, 26022, 26061, 26102, 26181, 27054, 27122, 27126, 27303, 29692, 30011, 30548, 30553, 30576, 31040, 31260, 31620, 32340, 33594, 33635, 33765, 33771, 33794, 33940, 33985, 33999, 35188, 35292, 35579, 35624, 36998, 37132, 37166, 37718, 38318, 38958, 38974, 39007, 39028, 39037, 39146, 39494, 39692, 39715, 39766, 39847, 40034, 40181, 40236, 40269, 40336, 40447, 40542, 40746, 40958, 41051, 41110, 41179, 41199, 41289, 41568, 42226, 42569, 44364, 45261, 45436, 45521, 45753, 46141, 46355, 46710, 46822, 47119, 47964, 48115, 48225, 48258, 48703, 49062, 50115, 50496, 51117, 52803, 53105, 53398, 53709, 54021, 54064, 54088, 54091, 54103, 54183, 54216, 54291, 54448, 55797, 56736, 57058, 57329, 57383, 57451, 57721, 58822, 59542, 59663, 60710, 60745, 60863, 61740, 62441, 63130, 63207, 64501, 64515, 65798, 66545, 67072, 70316, 70882, 71837, 72078, 72799, 72929, 73407, 73433, 74612, 75544, 76398, 76455, 76478, 79939, 81644, 81748, 81757, 81762, 81793, 81834, 81932, 82619, 84300, 84337, 84378, 84559, 85002, 88262, 88565, 90997, 91035, 91062, 91084, 91110, 91262, 91586, 91755, 91765, 91770, 91921, 91950, 92022, 92212, 92388, 92520, 92600, 92603, 92681, 93922, 94816, 95562, 97876, 100135, 100371, 100388, 100451, 100466, 100492, 100678, 100755, 100858, 102548, 102561, 102644, 102659, 103104, 103133, 104944, 105840, 106802, 107781, 108030, 108207, 108252, 108436, 108672, 110093, 110837, 111454, 111552, 111907, 112160, 112177, 112617, 112706, 113281, 113284, 113287, 115162, 116982, 119300, 120471, 120994, 122937, 123051, 123160, 123824, 125153, 125278, 125844, 127561, 127688, 128526, 128980, 130429, 130538, 131119, 131319, 132010, 132123, 132187, 132239, 132722, 132725, 132768, 132807, 132845, 132847, 132904, 132933, 133110, 133119, 133194, 133204, 133219, 133237, 133323, 134042, 134071, 134211, 134534, 134551, 135115, 135905, 136290, 136837, 139866, 139904, 140736, 142647, 142681, 143047, 143072, 143099, 143197, 143343, 143636, 143650, 143677, 144020, 144081, 144087, 144144, 144374, 144389, 144434, 144772, 145016, 145730, 147100, 147170, 147250, 147301, 147413, 147561, 147603, 147663, 147751, 148131, 148356, 148638, 150165, 150946, 150965, 151033, 151095, 151620, 151710, 151853, 151899, 152203, 152512, 153706, 153775, 153791, 153904, 155039, 155281, 155355, 155411, 155568, 155634, 156002, 156124, 156179, 156315, 156421, 156464, 156993, 157022, 157177, 157518, 157608, 158208, 158438, 158508, 158518, 158524, 158547, 158563, 158616, 158906, 159135, 159396, 159984, 160133, 160269, 160830, 161068, 161186, 161761, 162315, 162618, 163017, 163036, 163183, 163447, 163466, 163469, 163519, 163539, 163542, 163585, 163656, 163705, 163726, 163773, 164128, 166140, 166763, 166879, 167665, 168763, 169092, 169138, 169165, 169272, 169355, 169453, 169597, 170045, 170589, 170590, 170658, 170682, 170688, 170692, 170928, 171355, 171715]
16,26,[157, 939, 1489, 6033, 7376, 9339, 16369, 22198, 22211, 22255, 22340, 22472, 24456, 24848, 33874, 34688, 34800, 34983, 36159, 36167, 36312, 36605, 36690, 36833, 37205, 37519]
17,91,[1457, 6163, 7259, 7319, 7323, 17459, 18008, 18020, 18086, 22729, 23958, 24443, 26967, 27177, 39010, 44744, 44930, 45866, 46043, 47221, 47461, 49790, 51734, 52644, 54234, 55562, 56958, 57512, 63632, 63678, 64082, 68393, 78963, 80626, 80652, 81853, 86520, 92848, 103346, 116734, 116951, 117034, 125771, 130301, 163684, 163699, 171979, 172669, 177594, 177749, 178059, 178069, 179356, 179379, 179452, 186481, 188688, 191997, 192095, 196021, 199205, 203874, 204241, 204263, 204361, 204367, 204921, 205245, 205471, 205539, 205573, 206362, 206365, 206684, 206697, 206706, 206725, 206785, 207259, 207673, 207743, 208258, 208361, 209210, 210337, 210454, 210484, 210487, 210545, 216751, 216826]
18,19,[3248, 11250, 17902, 20396, 22802, 23074, 61166, 64314, 64326, 64738, 64825, 66982, 69111, 73573, 73679, 75989, 87075, 106518, 146252]
19,83,[1774, 2049, 3672, 4120, 4512, 4624, 4658, 4742, 5208, 5909, 7162, 7290, 7966, 9897, 10085, 10137, 10210, 10537, 10980, 10990, 11480, 11661, 11699, 11717, 11838, 11843, 12009, 12361, 12554, 12617, 12922, 13097, 13134, 13158, 13855, 14072, 14365, 14367, 14503, 14564, 14630, 14634, 14677, 14686, 15102, 15281, 15339, 16855, 16911, 16948, 17030, 17075, 17127, 17155, 17255, 19208, 19309, 19377, 19590, 19608, 19643, 19783, 19801, 20138, 21911, 21974, 23060, 23084, 23555, 23665, 24450, 24477, 24579, 24845, 24865, 24967, 25014, 25101, 25276, 25680, 26551, 26576, 26899]
20,30,[2597, 2914, 3160, 3314, 3368, 3447, 3906, 5144, 8567, 11083, 11166, 11724, 14197, 15072, 15294, 17238, 17948, 20429, 34125, 35307, 42862, 43131, 44946, 46362, 51027, 56521, 57969, 58870, 59751, 60616]
21,51,[352, 458, 487, 610, 619, 894, 7934, 8304, 9043, 10080, 10473, 10675, 10747, 10948, 11292, 11297, 11379, 11412, 13029, 13033, 13085, 13497, 13503, 13514, 15933, 15952, 16109, 18103, 18125, 18140, 18152, 18164, 18173, 18199, 18254, 18287, 18360, 20648, 21081, 21886, 23604, 24051, 25833, 26988, 31075, 34537, 35517, 35520, 35523, 35528, 35534]
22,98,[2715, 2894, 3262, 9608, 13635, 13637, 15893, 15895, 15906, 15916, 15922, 16050, 16074, 16371, 16382, 16388, 16454, 16465, 16470, 16485, 16488, 16490, 16492, 16817, 16858, 16874, 16881, 16883, 16892, 16952, 16956, 16988, 17011, 17138, 17154, 17160, 18199, 18882, 21447, 23006, 30758, 45715, 49006, 51326, 69249, 69534, 69536, 70498, 71931, 75808, 75810, 79533, 80880, 81286, 86676, 86912, 87996, 87998, 88078, 93284, 94003, 105263, 105454, 105456, 105458, 105460, 105462, 106989, 109865, 112439, 125543, 125547, 125563, 126542, 133495, 134250, 136634, 136636, 137339, 144287, 144853, 145875, 147569, 147582, 147584, 147778, 147792, 154388, 155506, 158993, 159063, 159065, 159067, 159069, 159071, 159073, 159984, 160029]
23,61,[636, 2471, 3315, 3659, 3777, 3780, 3968, 4705, 5118, 5488, 5535, 5634, 6193, 6905, 6982, 7126, 7177, 7247, 8434, 8953, 8994, 9075, 9116, 9169, 9358, 9378, 9390, 9666, 11880, 13057, 13073, 13208, 13214, 13227, 13237, 13690, 13743, 13748, 13753, 13863, 13866, 13897, 13941, 14098, 14119, 14147, 14512, 17092, 18796, 19630, 21200, 24064, 24895, 25264, 26358, 28735, 29856, 30458, 30586, 30603, 30682]
24,148,[426, 443, 3226, 3384, 3549, 3839, 4243, 4370, 4591, 4624, 4677, 4681, 5140, 5647, 5792, 6141, 6354, 6375, 6799, 6921, 7751, 8907, 10080, 10271, 10706, 11642, 12117, 12572, 12964, 13031, 13516, 13562, 13648, 13788, 13863, 13938, 14253, 14298, 14315, 14379, 14399, 14402, 14413, 15559, 15761, 15796, 15958, 16144, 16289, 16489, 16504, 16735, 17105, 17496, 17678, 17707, 17726, 17746, 17775, 17798, 17866, 17923, 18181, 18829, 19476, 19510, 20208, 20358, 21025, 21033, 21196, 21408, 21616, 21711, 21716, 21911, 22775, 22793, 22955, 23859, 25186, 25469, 25617, 25674, 25775, 26436, 27040, 27219, 27312, 27351, 27375, 27423, 27451, 27683, 27774, 28166, 28294, 28466, 28488, 28599, 28953, 29059, 29415, 29464, 30361, 30598, 30851, 31230, 31500, 31880, 31936, 32980, 33127, 33184, 33472, 34042, 34106, 34196, 34218, 34233, 34892, 34904, 35173, 35325, 35619, 36790, 36863, 36890, 36976, 37376, 37383, 37507, 39184, 39217, 39274, 39698, 39772, 39887, 39998, 40474, 40618, 40742, 40922, 41975, 43142, 43622, 43769, 44729]
25,9,[36731, 54276, 77789, 95905, 140721, 152042, 152058, 174239, 176450]
26,30,[3019, 3369, 3642, 3798, 3853, 3932, 4405, 5659, 9105, 11655, 11738, 12310, 14785, 15705, 15929, 17896, 18640, 21156, 35001, 36202, 43804, 44082, 45933, 47367, 52082, 57672, 59152, 60071, 61036, 61913]
27,126,[678, 2900, 4128, 5410, 6098, 6561, 9497, 9540, 9655, 9743, 13814, 13845, 14334, 14741, 15272, 15514, 16867, 17521, 17789, 17971, 18010, 18050, 18117, 18430, 18677, 18715, 19286, 20726, 21077, 21297, 24660, 25494, 25525, 25575, 25788, 26140, 27342, 28322, 28677, 28689, 28728, 28761, 28912, 30815, 31077, 31108, 32595, 33014, 34187, 34633, 37884, 38772, 38864, 39077, 39134, 39136, 39241, 39820, 40772, 40802, 40813, 40817, 40828, 40878, 40892, 40960, 41944, 46191, 46593, 47680, 51728, 57113, 59725, 60593, 61496, 63294, 63751, 63762, 63774, 63798, 70868, 74131, 74475, 74581, 74968, 76130, 76164, 76289, 76323, 76860, 76996, 77016, 77159, 78055, 81397, 83067, 84659, 85817, 86526, 88519, 90071, 90079, 90369, 91258, 91421, 92239, 92581, 95158, 95240, 95364, 96008, 97364, 98298, 99688, 101111, 103319, 103917, 105858, 106630, 106776, 106811, 107027, 107242, 108515, 109484, 109521]
28,22,[358, 411, 2456, 3436, 4929, 4979, 6984, 7124, 7422, 7434, 7451, 7486, 7567, 9586, 10055, 10079, 10216, 10220, 10527, 10648, 11625, 11636]
30,380,[2994, 3095, 3595, 5670, 6087, 7494, 7500, 7505, 7622, 8056, 8068, 8267, 8397, 8404, 8556, 8573, 8830, 8851, 8857, 8875, 9422, 10056, 10657, 10693, 10703, 10748, 11816, 12213, 13017, 13817, 13819, 14022, 14171, 15004, 15036, 15066, 21479, 22239, 22286, 25544, 27160, 27729, 27734, 29451, 30770, 31754, 35252, 35259, 37582, 51173, 56879, 66012, 71768, 75467, 75480, 76391, 76397, 77247, 77252, 77277, 77282, 77300, 77305, 77329, 77971, 78140, 78182, 78237, 78283, 78330, 78376, 78422, 78472, 78516, 78562, 78608, 78654, 78701, 78769, 79956, 80062, 80194, 80322, 80473, 80498, 80563, 80771, 80778, 81256, 81262, 81438, 81445, 81578, 81585, 81666, 81673, 81759, 81766, 81847, 81854, 85409, 89147, 92178, 97082, 97119, 98127, 101845, 102965, 106277, 110731, 117830, 123716, 124408, 124416, 125594, 126518, 128256, 130864, 130892, 131608, 133643, 133651, 133657, 133665, 133871, 136381, 136393, 137236, 137344, 142707, 142737, 143222, 143919, 145037, 148011, 149990, 157396, 157435, 157511, 157581, 159904, 161627, 162852, 163108, 163130, 164103, 164200, 165732, 165795, 168090, 172290, 180049, 180514, 183090, 184641, 185011, 195410, 195462, 196248, 199218, 199567, 208817, 209866, 209924, 210078, 210908, 211283, 211396, 212082, 212874, 219100, 221595, 225053, 225238, 227887, 229125, 229602, 229828, 230553, 230695, 232292, 234735, 235191, 235336, 236959, 237092, 237297, 237547, 239301, 240762, 251329, 251762, 253870, 255544, 260935, 260985, 261137, 262023, 266170, 266427, 266799, 266866, 267846, 268243, 268254, 268623, 268750, 269428, 269453, 270022, 270185, 270218, 270972, 273171, 273211, 274233, 274773, 274874, 276665, 276726, 276815, 276874, 277041, 278635, 279246, 279332, 284301, 288687, 290983, 291182, 293707, 298143, 301267, 303041, 303479, 304018, 306045, 306981, 310962, 311743, 315658, 317086, 318790, 320259, 322776, 325473, 326222, 326346, 327134, 327288, 327822, 327902, 328046, 332392, 332434, 334052, 334080, 339178, 340259, 343495, 344635, 347611, 350848, 352193, 352668, 353098, 353253, 356780, 358089, 362672, 369664, 371313, 371870, 373069, 375432, 376115, 382256, 383805, 383912, 385768, 385989, 386069, 388366, 388902, 390140, 390855, 390877, 391767, 391782, 391789, 393396, 396247, 409243, 410920, 411205, 416697, 416701, 416723, 421414, 422334, 425269, 426293, 427368, 428331, 428455, 428546, 428566, 429880, 434076, 444250, 445384, 445968, 445981, 452349, 454145, 466493, 475693, 476802, 480650, 483776, 484210, 484761, 484895, 485380, 485463, 491725, 491728, 495499, 496792, 498032, 498177, 498319, 500652, 500674, 504264, 516571, 516583, 516595, 528197, 528542, 529889, 532443, 532464, 532471, 532504, 532512, 535804, 536050, 539296, 550271, 555465, 564093, 565080, 566552, 568466, 574806, 579097, 586133, 586675, 593306, 593328, 599825, 600492, 607072, 610689, 614384, 614644, 617905, 620269, 620276, 625949, 627058, 627260, 627375, 627862, 628452, 628460, 630635, 636063, 639609]
7,1,[7]
9,3,[13, 2129, 2555]
10,382,[1, 299, 3088, 3189, 3689, 5764, 6181, 7588, 7594, 7599, 7716, 8150, 8162, 8361, 8491, 8498, 8650, 8667, 8924, 8945, 8951, 8969, 9516, 10150, 10751, 10787, 10797, 10842, 11910, 12307, 13111, 13911, 13913, 14116, 14265, 15098, 15130, 15160, 21573, 22333, 22380, 25638, 27254, 27823, 27828, 29545, 30864, 31848, 35350, 35357, 37680, 51271, 56978, 66115, 71871, 75570, 75583, 76494, 76500, 77350, 77355, 77380, 77385, 77403, 77408, 77432, 78078, 78247, 78289, 78344, 78390, 78437, 78483, 78529, 78579, 78623, 78669, 78715, 78761, 78808, 78876, 80063, 80169, 80301, 80429, 80580, 80605, 80670, 80878, 80885, 81363, 81369, 81545, 81552, 81685, 81692, 81773, 81780, 81866, 81873, 81954, 81961, 85516, 89254, 92285, 97189, 97226, 98234, 101952, 103072, 106388, 110842, 117941, 123827, 124519, 124527, 125705, 126629, 128367, 130976, 131004, 131720, 133755, 133763, 133769, 133777, 133983, 136493, 136505, 137348, 137456, 142819, 142849, 143334, 144031, 145150, 148124, 150103, 157509, 157548, 157624, 157694, 160018, 161741, 162975, 163231, 163253, 164226, 164323, 165855, 165918, 168213, 172413, 180172, 180637, 183222, 184773, 185143, 195542, 195594, 196380, 199360, 199709, 208959, 210008, 210066, 210220, 211050, 211425, 211538, 212224, 213016, 219240, 221745, 225203, 225388, 228037, 229275, 229752, 229978, 230703, 230845, 232442, 234885, 235341, 235486, 237109, 237242, 237447, 237697, 239454, 240915, 251482, 251915, 254023, 255697, 261091, 261141, 261293, 262179, 266326, 266583, 266955, 267022, 268002, 268399, 268410, 268779, 268906, 269584, 269609, 270178, 270341, 270374, 271128, 273327, 273367, 274389, 274929, 275030, 276821, 276882, 276971, 277030, 277197, 278790, 279401, 279487, 284457, 288843, 291139, 291338, 293864, 298301, 301425, 303199, 303637, 304176, 306203, 307139, 311120, 311902, 315817, 317245, 318949, 320418, 322935, 325632, 326381, 326505, 327293, 327447, 327981, 328061, 328205, 332551, 332593, 334211, 334239, 339337, 340418, 343654, 344794, 347770, 351007, 352352, 352827, 353257, 353412, 356940, 358249, 362832, 369827, 371476, 372033, 373232, 375595, 376278, 382419, 383968, 384075, 385931, 386152, 386232, 388529, 389065, 390303, 391018, 391040, 391930, 391945, 391952, 393562, 396413, 409409, 411086, 411371, 416863, 416867, 416889, 421580, 422500, 425435, 426459, 427535, 428498, 428622, 428713, 428733, 430047, 434246, 444420, 445554, 446138, 446151, 452519, 454315, 466664, 475862, 476971, 480818, 483941, 484375, 484926, 485060, 485544, 485627, 491885, 491888, 495658, 496961, 498201, 498346, 498488, 500821, 500843, 504433, 516743, 516755, 516767, 528372, 528717, 530064, 532618, 532639, 532646, 532679, 532687, 535979, 536225, 539471, 550449, 555643, 564271, 565260, 566732, 568646, 574986, 579277, 586318, 586860, 593497, 593519, 600022, 600689, 607279, 610906, 614618, 614878, 618157, 620521, 620528, 626206, 627318, 627520, 627635, 628122, 628715, 628723, 630906, 636338, 639884]
11,19,[3493, 4364, 4500, 4615, 5424, 6029, 6075, 7163, 7176, 7226, 7277, 7335, 14373, 15659, 15727, 15985, 16031, 17207, 17665]
12,26,[356, 560, 1215, 1653, 1693, 1743, 3087, 6061, 6938, 7576, 9078, 9081, 9129, 9133, 9335, 10677, 10934, 12786, 12817, 15266, 15965, 16243, 16254, 19007, 19223, 21319]
14,9,[38108, 56667, 64638, 81478, 146742, 158842, 158858, 181668, 183964]
15,449,[560, 583, 1199, 3296, 4020, 4250, 4321, 4387, 4426, 4440, 5025, 5043, 5127, 5149, 5782, 5836, 5888, 5989, 6172, 6181, 6570, 6665, 6695, 6707, 6718, 6789, 6811, 7012, 7358, 7882, 8888, 9630, 9954, 12735, 13586, 14004, 14053, 14057, 14191, 15512, 18220, 18557, 18847, 18854, 19820, 19857, 19908, 19993, 22368, 22373, 22388, 22915, 23514, 23519, 23525, 23531, 23551, 23595, 23620, 23641, 23667, 23754, 23942, 23995, 24041, 24255, 24838, 25416, 25439, 25597, 25669, 25732, 25741, 26022, 26061, 26102, 26181, 27054, 27122, 27126, 27303, 29692, 30011, 30548, 30553, 30576, 31040, 31260, 31620, 32340, 33594, 33635, 33765, 33771, 33794, 33940, 33985, 33999, 35188, 35292, 35579, 35624, 36998, 37132, 37166, 37718, 38318, 38958, 38974, 39007, 39028, 39037, 39146, 39494, 39692, 39715, 39766, 39847, 40034, 40181, 40236, 40269, 40336, 40447, 40542, 40746, 40958, 41051, 41110, 41179, 41199, 41289, 41568, 42226, 42569, 44364, 45261, 45436, 45521, 45753, 46141, 46355, 46710, 46822, 47119, 47964, 48115, 48225, 48258, 48703, 49062, 50115, 50496, 51117, 52803, 53105, 53398, 53709, 54021, 54064, 54088, 54091, 54103, 54183, 54216, 54291, 54448, 55797, 56736, 57058, 57329, 57383, 57451, 57721, 58822, 59542, 59663, 60710, 60745, 60863, 61740, 62441, 63130, 63207, 64501, 64515, 65798, 66545, 67072, 70316, 70882, 71837, 72078, 72799, 72929, 73407, 73433, 74612, 75544, 76398, 76455, 76478, 79939, 81644, 81748, 81757, 81762, 81793, 81834, 81932, 82619, 84300, 84337, 84378, 84559, 85002, 88262, 88565, 90997, 91035, 91062, 91084, 91110, 91262, 91586, 91755, 91765, 91770, 91921, 91950, 92022, 92212, 92388, 92520, 92600, 92603, 92681, 93922, 94816, 95562, 97876, 100135, 100371, 100388, 100451, 100466, 100492, 100678, 100755, 100858, 102548, 102561, 102644, 102659, 103104, 103133, 104944, 105840, 106802, 107781, 108030, 108207, 108252, 108436, 108672, 110093, 110837, 111454, 111552, 111907, 112160, 112177, 112617, 112706, 113281, 113284, 113287, 115162, 116982, 119300, 120471, 120994, 122937, 123051, 123160, 123824, 125153, 125278, 125844, 127561, 127688, 128526, 128980, 130429, 130538, 131119, 131319, 132010, 132123, 132187, 132239, 132722, 132725, 132768, 132807, 132845, 132847, 132904, 132933, 133110, 133119, 133194, 133204, 133219, 133237, 133323, 134042, 134071, 134211, 134534, 134551, 135115, 135905, 136290, 136837, 139866, 139904, 140736, 142647, 142681, 143047, 143072, 143099, 143197, 143343, 143636, 143650, 143677, 144020, 144081, 144087, 144144, 144374, 144389, 144434, 144772, 145016, 145730, 147100, 147170, 147250, 147301, 147413, 147561, 147603, 147663, 147751, 148131, 148356, 148638, 150165, 150946, 150965, 151033, 151095, 151620, 151710, 151853, 151899, 152203, 152512, 153706, 153775, 153791, 153904, 155039, 155281, 155355, 155411, 155568, 155634, 156002, 156124, 156179, 156315, 156421, 156464, 156993, 157022, 157177, 157518, 157608, 158208, 158438, 158508, 158518, 158524, 158547, 158563, 158616, 158906, 159135, 159396, 159984, 160133, 160269, 160830, 161068, 161186, 161761, 162315, 162618, 163017, 163036, 163183, 163447, 163466, 163469, 163519, 163539, 163542, 163585, 163656, 163705, 163726, 163773, 164128, 166140, 166763, 166879, 167665, 168763, 169092, 169138, 169165, 169272, 169355, 169453, 169597, 170045, 170589, 170590, 170658, 170682, 170688, 170692, 170928, 171355, 171715]
16,26,[157, 939, 1489, 6033, 7376, 9339, 16369, 22198, 22211, 22255, 22340, 22472, 24456, 24848, 33874, 34688, 34800, 34983, 36159, 36167, 36312, 36605, 36690, 36833, 37205, 37519]
17,91,[1457, 6163, 7259, 7319, 7323, 17459, 18008, 18020, 18086, 22729, 23958, 24443, 26967, 27177, 39010, 44744, 44930, 45866, 46043, 47221, 47461, 49790, 51734, 52644, 54234, 55562, 56958, 57512, 63632, 63678, 64082, 68393, 78963, 80626, 80652, 81853, 86520, 92848, 103346, 116734, 116951, 117034, 125771, 130301, 163684, 163699, 171979, 172669, 177594, 177749, 178059, 178069, 179356, 179379, 179452, 186481, 188688, 191997, 192095, 196021, 199205, 203874, 204241, 204263, 204361, 204367, 204921, 205245, 205471, 205539, 205573, 206362, 206365, 206684, 206697, 206706, 206725, 206785, 207259, 207673, 207743, 208258, 208361, 209210, 210337, 210454, 210484, 210487, 210545, 216751, 216826]
18,19,[3248, 11250, 17902, 20396, 22802, 23074, 61166, 64314, 64326, 64738, 64825, 66982, 69111, 73573, 73679, 75989, 87075, 106518, 146252]
19,83,[1774, 2049, 3672, 4120, 4512, 4624, 4658, 4742, 5208, 5909, 7162, 7290, 7966, 9897, 10085, 10137, 10210, 10537, 10980, 10990, 11480, 11661, 11699, 11717, 11838, 11843, 12009, 12361, 12554, 12617, 12922, 13097, 13134, 13158, 13855, 14072, 14365, 14367, 14503, 14564, 14630, 14634, 14677, 14686, 15102, 15281, 15339, 16855, 16911, 16948, 17030, 17075, 17127, 17155, 17255, 19208, 19309, 19377, 19590, 19608, 19643, 19783, 19801, 20138, 21911, 21974, 23060, 23084, 23555, 23665, 24450, 24477, 24579, 24845, 24865, 24967, 25014, 25101, 25276, 25680, 26551, 26576, 26899]
20,30,[2597, 2914, 3160, 3314, 3368, 3447, 3906, 5144, 8567, 11083, 11166, 11724, 14197, 15072, 15294, 17238, 17948, 20429, 34125, 35307, 42862, 43131, 44946, 46362, 51027, 56521, 57969, 58870, 59751, 60616]
21,51,[352, 458, 487, 610, 619, 894, 7934, 8304, 9043, 10080, 10473, 10675, 10747, 10948, 11292, 11297, 11379, 11412, 13029, 13033, 13085, 13497, 13503, 13514, 15933, 15952, 16109, 18103, 18125, 18140, 18152, 18164, 18173, 18199, 18254, 18287, 18360, 20648, 21081, 21886, 23604, 24051, 25833, 26988, 31075, 34537, 35517, 35520, 35523, 35528, 35534]
22,98,[2715, 2894, 3262, 9608, 13635, 13637, 15893, 15895, 15906, 15916, 15922, 16050, 16074, 16371, 16382, 16388, 16454, 16465, 16470, 16485, 16488, 16490, 16492, 16817, 16858, 16874, 16881, 16883, 16892, 16952, 16956, 16988, 17011, 17138, 17154, 17160, 18199, 18882, 21447, 23006, 30758, 45715, 49006, 51326, 69249, 69534, 69536, 70498, 71931, 75808, 75810, 79533, 80880, 81286, 86676, 86912, 87996, 87998, 88078, 93284, 94003, 105263, 105454, 105456, 105458, 105460, 105462, 106989, 109865, 112439, 125543, 125547, 125563, 126542, 133495, 134250, 136634, 136636, 137339, 144287, 144853, 145875, 147569, 147582, 147584, 147778, 147792, 154388, 155506, 158993, 159063, 159065, 159067, 159069, 159071, 159073, 159984, 160029]
23,61,[636, 2471, 3315, 3659, 3777, 3780, 3968, 4705, 5118, 5488, 5535, 5634, 6193, 6905, 6982, 7126, 7177, 7247, 8434, 8953, 8994, 9075, 9116, 9169, 9358, 9378, 9390, 9666, 11880, 13057, 13073, 13208, 13214, 13227, 13237, 13690, 13743, 13748, 13753, 13863, 13866, 13897, 13941, 14098, 14119, 14147, 14512, 17092, 18796, 19630, 21200, 24064, 24895, 25264, 26358, 28735, 29856, 30458, 30586, 30603, 30682]
24,148,[426, 443, 3226, 3384, 3549, 3839, 4243, 4370, 4591, 4624, 4677, 4681, 5140, 5647, 5792, 6141, 6354, 6375, 6799, 6921, 7751, 8907, 10080, 10271, 10706, 11642, 12117, 12572, 12964, 13031, 13516, 13562, 13648, 13788, 13863, 13938, 14253, 14298, 14315, 14379, 14399, 14402, 14413, 15559, 15761, 15796, 15958, 16144, 16289, 16489, 16504, 16735, 17105, 17496, 17678, 17707, 17726, 17746, 17775, 17798, 17866, 17923, 18181, 18829, 19476, 19510, 20208, 20358, 21025, 21033, 21196, 21408, 21616, 21711, 21716, 21911, 22775, 22793, 22955, 23859, 25186, 25469, 25617, 25674, 25775, 26436, 27040, 27219, 27312, 27351, 27375, 27423, 27451, 27683, 27774, 28166, 28294, 28466, 28488, 28599, 28953, 29059, 29415, 29464, 30361, 30598, 30851, 31230, 31500, 31880, 31936, 32980, 33127, 33184, 33472, 34042, 34106, 34196, 34218, 34233, 34892, 34904, 35173, 35325, 35619, 36790, 36863, 36890, 36976, 37376, 37383, 37507, 39184, 39217, 39274, 39698, 39772, 39887, 39998, 40474, 40618, 40742, 40922, 41975, 43142, 43622, 43769, 44729]
25,9,[36731, 54276, 77789, 95905, 140721, 152042, 152058, 174239, 176450]
26,30,[3019, 3369, 3642, 3798, 3853, 3932, 4405, 5659, 9105, 11655, 11738, 12310, 14785, 15705, 15929, 17896, 18640, 21156, 35001, 36202, 43804, 44082, 45933, 47367, 52082, 57672, 59152, 60071, 61036, 61913]
27,126,[678, 2900, 4128, 5410, 6098, 6561, 9497, 9540, 9655, 9743, 13814, 13845, 14334, 14741, 15272, 15514, 16867, 17521, 17789, 17971, 18010, 18050, 18117, 18430, 18677, 18715, 19286, 20726, 21077, 21297, 24660, 25494, 25525, 25575, 25788, 26140, 27342, 28322, 28677, 28689, 28728, 28761, 28912, 30815, 31077, 31108, 32595, 33014, 34187, 34633, 37884, 38772, 38864, 39077, 39134, 39136, 39241, 39820, 40772, 40802, 40813, 40817, 40828, 40878, 40892, 40960, 41944, 46191, 46593, 47680, 51728, 57113, 59725, 60593, 61496, 63294, 63751, 63762, 63774, 63798, 70868, 74131, 74475, 74581, 74968, 76130, 76164, 76289, 76323, 76860, 76996, 77016, 77159, 78055, 81397, 83067, 84659, 85817, 86526, 88519, 90071, 90079, 90369, 91258, 91421, 92239, 92581, 95158, 95240, 95364, 96008, 97364, 98298, 99688, 101111, 103319, 103917, 105858, 106630, 106776, 106811, 107027, 107242, 108515, 109484, 109521]
28,22,[358, 411, 2456, 3436, 4929, 4979, 6984, 7124, 7422, 7434, 7451, 7486, 7567, 9586, 10055, 10079, 10216, 10220, 10527, 10648, 11625, 11636]
30,380,[2994, 3095, 3595, 5670, 6087, 7494, 7500, 7505, 7622, 8056, 8068, 8267, 8397, 8404, 8556, 8573, 8830, 8851, 8857, 8875, 9422, 10056, 10657, 10693, 10703, 10748, 11816, 12213, 13017, 13817, 13819, 14022, 14171, 15004, 15036, 15066, 21479, 22239, 22286, 25544, 27160, 27729, 27734, 29451, 30770, 31754, 35252, 35259, 37582, 51173, 56879, 66012, 71768, 75467, 75480, 76391, 76397, 77247, 77252, 77277, 77282, 77300, 77305, 77329, 77971, 78140, 78182, 78237, 78283, 78330, 78376, 78422, 78472, 78516, 78562, 78608, 78654, 78701, 78769, 79956, 80062, 80194, 80322, 80473, 80498, 80563, 80771, 80778, 81256, 81262, 81438, 81445, 81578, 81585, 81666, 81673, 81759, 81766, 81847, 81854, 85409, 89147, 92178, 97082, 97119, 98127, 101845, 102965, 106277, 110731, 117830, 123716, 124408, 124416, 125594, 126518, 128256, 130864, 130892, 131608, 133643, 133651, 133657, 133665, 133871, 136381, 136393, 137236, 137344, 142707, 142737, 143222, 143919, 145037, 148011, 149990, 157396, 157435, 157511, 157581, 159904, 161627, 162852, 163108, 163130, 164103, 164200, 165732, 165795, 168090, 172290, 180049, 180514, 183090, 184641, 185011, 195410, 195462, 196248, 199218, 199567, 208817, 209866, 209924, 210078, 210908, 211283, 211396, 212082, 212874, 219100, 221595, 225053, 225238, 227887, 229125, 229602, 229828, 230553, 230695, 232292, 234735, 235191, 235336, 236959, 237092, 237297, 237547, 239301, 240762, 251329, 251762, 253870, 255544, 260935, 260985, 261137, 262023, 266170, 266427, 266799, 266866, 267846, 268243, 268254, 268623, 268750, 269428, 269453, 270022, 270185, 270218, 270972, 273171, 273211, 274233, 274773, 274874, 276665, 276726, 276815, 276874, 277041, 278635, 279246, 279332, 284301, 288687, 290983, 291182, 293707, 298143, 301267, 303041, 303479, 304018, 306045, 306981, 310962, 311743, 315658, 317086, 318790, 320259, 322776, 325473, 326222, 326346, 327134, 327288, 327822, 327902, 328046, 332392, 332434, 334052, 334080, 339178, 340259, 343495, 344635, 347611, 350848, 352193, 352668, 353098, 353253, 356780, 358089, 362672, 369664, 371313, 371870, 373069, 375432, 376115, 382256, 383805, 383912, 385768, 385989, 386069, 388366, 388902, 390140, 390855, 390877, 391767, 391782, 391789, 393396, 396247, 409243, 410920, 411205, 416697, 416701, 416723, 421414, 422334, 425269, 426293, 427368, 428331, 428455, 428546, 428566, 429880, 434076, 444250, 445384, 445968, 445981, 452349, 454145, 466493, 475693, 476802, 480650, 483776, 484210, 484761, 484895, 485380, 485463, 491725, 491728, 495499, 496792, 498032, 498177, 498319, 500652, 500674, 504264, 516571, 516583, 516595, 528197, 528542, 529889, 532443, 532464, 532471, 532504, 532512, 535804, 536050, 539296, 550271, 555465, 564093, 565080, 566552, 568466, 574806, 579097, 586133, 586675, 593306, 593328, 599825, 600492, 607072, 610689, 614384, 614644, 617905, 620269, 620276, 625949, 627058, 627260, 627375, 627862, 628452, 628460, 630635, 636063, 639609]
