10,1,[58595]
12,1,[23333]
15,1,[120248]
19,11,[7926, 10599, 10602, 10828, 14683, 18548, 18950, 21558, 21759, 24785, 25091]
20,6,[9079, 24608, 31796, 33172, 33563, 54623]
22,1,[38796]
26,6,[9633, 25385, 32668, 34050, 34436, 55785]
27,4,[64205, 70670, 76875, 88733]
30,1,[58496]
10,1,[58595]
12,1,[23333]
15,1,[120248]
19,11,[7926, 10599, 10602, 10828, 14683, 18548, 18950, 21558, 21759, 24785, 25091]
20,6,[9079, 24608, 31796, 33172, 33563, 54623]
22,1,[38796]
26,6,[9633, 25385, 32668, 34050, 34436, 55785]
27,4,[64205, 70670, 76875, 88733]
30,1,[58496]
