14,20,[5435, 10293, 18967, 25447, 32966, 47946, 56471, 60190, 87991, 89222, 100873, 101720, 102555, 104218, 113793, 124196, 136774, 180655, 196261, 196272]
15,4,[34981, 37436, 98381, 104301]
18,3,[13387, 33409, 136048]
24,1,[35709]
25,19,[4803, 10501, 18588, 24736, 31829, 46099, 54099, 57815, 84323, 85537, 97574, 98426, 100058, 109082, 119003, 130938, 173264, 188085, 188096]
26,1,[348]
27,1,[11108]
14,20,[5435, 10293, 18967, 25447, 32966, 47946, 56471, 60190, 87991, 89222, 100873, 101720, 102555, 104218, 113793, 124196, 136774, 180655, 196261, 196272]
15,4,[34981, 37436, 98381, 104301]
18,3,[13387, 33409, 136048]
24,1,[35709]
25,19,[4803, 10501, 18588, 24736, 31829, 46099, 54099, 57815, 84323, 85537, 97574, 98426, 100058, 109082, 119003, 130938, 173264, 188085, 188096]
26,1,[348]
27,1,[11108]
