14,5,[38512, 47929, 58858, 122825, 162331]
15,2,[95698, 107541]
17,1,[146378]
18,24,[1394, 5409, 14346, 16952, 24110, 25135, 32378, 36059, 41386, 42195, 42923, 53560, 63050, 64587, 78604, 106638, 107681, 111804, 112314, 116789, 119181, 122856, 128652, 142968]
22,6,[20643, 22263, 23209, 88584, 97817, 100866]
24,1,[35638]
25,7,[37107, 46082, 56536, 129332, 153162, 155586, 195884]
27,1,[71690]
14,5,[38512, 47929, 58858, 122825, 162331]
15,2,[95698, 107541]
17,1,[146378]
18,24,[1394, 5409, 14346, 16952, 24110, 25135, 32378, 36059, 41386, 42195, 42923, 53560, 63050, 64587, 78604, 106638, 107681, 111804, 112314, 116789, 119181, 122856, 128652, 142968]
22,6,[20643, 22263, 23209, 88584, 97817, 100866]
24,1,[35638]
25,7,[37107, 46082, 56536, 129332, 153162, 155586, 195884]
27,1,[71690]
