6,2,[46, 116]
9,1,[1677]
10,1,[215039]
14,1,[131850]
15,2,[6440, 122456]
18,38,[1496, 7964, 14081, 14162, 14177, 14290, 15118, 20073, 20593, 21794, 31596, 35293, 35578, 37480, 47125, 53821, 57225, 57242, 57443, 58936, 59073, 59784, 60784, 62117, 83801, 84977, 84987, 86685, 102987, 102991, 108658, 109163, 116930, 117127, 119322, 119519, 147859, 148304]
20,1,[38679]
21,1,[34376]
22,5,[65683, 67036, 140614, 151484, 151705]
24,1,[13543]
25,1,[126158]
26,1,[39623]
27,4,[6512, 25942, 31605, 64763]
30,1,[214897]
6,2,[46, 116]
9,1,[1677]
10,1,[215039]
14,1,[131850]
15,2,[6440, 122456]
18,38,[1496, 7964, 14081, 14162, 14177, 14290, 15118, 20073, 20593, 21794, 31596, 35293, 35578, 37480, 47125, 53821, 57225, 57242, 57443, 58936, 59073, 59784, 60784, 62117, 83801, 84977, 84987, 86685, 102987, 102991, 108658, 109163, 116930, 117127, 119322, 119519, 147859, 148304]
20,1,[38679]
21,1,[34376]
22,5,[65683, 67036, 140614, 151484, 151705]
24,1,[13543]
25,1,[126158]
26,1,[39623]
27,4,[6512, 25942, 31605, 64763]
30,1,[214897]
