10,24,[33031, 121755, 228704, 308600, 313090, 320260, 320333, 320746, 322713, 324189, 327024, 336734, 340234, 358463, 359053, 364965, 375727, 387570, 389437, 396166, 405446, 442856, 443339, 460506]
17,3,[32014, 153214, 185894]
18,17,[14944, 15658, 19438, 19537, 24991, 28420, 29543, 32830, 32974, 33135, 42490, 53243, 55849, 56612, 86152, 130959, 141020]
20,2,[40028, 60640]
22,4,[94512, 115554, 117405, 131956]
26,2,[40967, 61937]
30,24,[32933, 121644, 228554, 308442, 312931, 320101, 320174, 320587, 322554, 324030, 326865, 336575, 340075, 358303, 358893, 364802, 375564, 387407, 389274, 396000, 405280, 442686, 443169, 460336]
10,24,[33031, 121755, 228704, 308600, 313090, 320260, 320333, 320746, 322713, 324189, 327024, 336734, 340234, 358463, 359053, 364965, 375727, 387570, 389437, 396166, 405446, 442856, 443339, 460506]
17,3,[32014, 153214, 185894]
18,17,[14944, 15658, 19438, 19537, 24991, 28420, 29543, 32830, 32974, 33135, 42490, 53243, 55849, 56612, 86152, 130959, 141020]
20,2,[40028, 60640]
22,4,[94512, 115554, 117405, 131956]
26,2,[40967, 61937]
30,24,[32933, 121644, 228554, 308442, 312931, 320101, 320174, 320587, 322554, 324030, 326865, 336575, 340075, 358303, 358893, 364802, 375564, 387407, 389274, 396000, 405280, 442686, 443169, 460336]
