9,1,[209]
10,61,[11600, 47937, 48819, 57806, 57996, 58002, 58371, 58797, 58815, 58914, 61582, 74716, 74734, 74804, 129116, 153608, 193625, 215370, 216699, 234357, 236200, 241916, 247453, 252020, 252559, 252664, 260119, 262554, 272090, 300417, 304422, 307386, 309064, 319700, 322055, 337444, 340219, 361021, 366963, 379546, 382735, 421031, 456690, 528062, 528103, 528192, 571939, 577303, 596514, 597851, 598165, 598739, 610490, 616967, 619274, 619337, 619742, 619949, 619956, 620038, 620110]
11,3,[8598, 16348, 17279]
12,2,[9990, 15663]
13,1,[1569]
14,11,[728, 22716, 24723, 28947, 28953, 28991, 56970, 111416, 122275, 123617, 154709]
15,64,[1904, 1949, 2966, 4294, 4444, 5221, 6071, 11676, 19167, 23182, 23847, 24594, 30675, 33158, 33177, 33248, 37239, 37537, 37669, 43879, 43886, 47162, 47208, 47221, 50302, 52156, 52169, 62520, 65435, 72269, 76801, 78957, 79387, 79611, 86203, 86766, 87857, 88701, 90377, 94172, 96530, 98817, 101330, 101930, 103050, 110109, 111718, 111897, 112210, 118966, 123997, 125906, 128694, 142046, 143408, 143455, 143471, 145764, 146623, 151216, 151227, 154971, 161864, 167311]
16,3,[18138, 19123, 25971]
17,47,[25999, 34008, 59680, 59709, 82038, 84893, 86282, 86498, 86770, 87125, 87213, 87402, 88340, 88564, 88654, 94536, 94541, 94557, 94741, 94764, 94768, 94820, 94839, 94867, 94911, 95015, 95070, 95073, 95141, 96291, 100530, 103818, 103831, 107831, 107853, 123762, 123848, 125276, 130200, 133618, 158506, 158512, 167488, 171909, 203145, 209216, 216792]
18,68,[2199, 3652, 10533, 12371, 15354, 15370, 20473, 21331, 21759, 22205, 22889, 29101, 29804, 31778, 32236, 33802, 34578, 41822, 44863, 45391, 48590, 52857, 53496, 53910, 54467, 54829, 56564, 59524, 62555, 63963, 66959, 77128, 79744, 82430, 83166, 83786, 84658, 85389, 87103, 87240, 91862, 97474, 97527, 99887, 100170, 101315, 102459, 102477, 103539, 103616, 103902, 103914, 104244, 105306, 106523, 111180, 116318, 117364, 118711, 119756, 120865, 122051, 131401, 131646, 134475, 136489, 137036, 145399]
20,14,[3087, 3449, 3477, 6636, 8032, 15993, 20410, 24838, 31619, 31785, 33912, 44713, 52354, 61048]
21,7,[8723, 10491, 12818, 20384, 23208, 23648, 24419]
22,92,[324, 685, 8323, 8324, 8326, 8327, 8358, 8360, 8390, 8394, 8415, 8442, 8447, 8466, 8624, 8633, 8773, 8822, 8825, 8827, 8835, 8837, 8839, 8925, 9032, 9145, 10189, 10645, 10652, 10664, 11034, 11175, 11196, 11351, 11360, 11715, 18471, 20147, 27068, 38542, 38579, 38654, 60397, 62028, 87988, 88010, 89497, 89498, 90274, 90399, 90731, 90768, 91271, 94944, 96521, 97318, 99589, 99688, 99690, 99823, 99862, 100019, 100245, 102590, 103894, 103942, 104522, 114519, 115846, 115932, 115940, 116007, 116009, 116011, 116023, 116038, 116056, 118356, 118402, 124231, 124234, 124237, 124244, 124266, 140425, 141334, 141944, 152084, 155503, 156778, 156781, 156869]
23,8,[735, 2222, 8478, 16444, 17241, 18191, 26152, 28318]
24,3,[4347, 4352, 12609]
25,15,[912, 24053, 28019, 28025, 28060, 58754, 59327, 96559, 106877, 117158, 118458, 120187, 127062, 148153, 195653]
26,13,[3555, 3962, 7154, 8554, 16639, 21137, 25619, 32490, 32657, 34790, 45695, 53449, 62345]
27,13,[7404, 9314, 13799, 15142, 37522, 38573, 44298, 44894, 52251, 53373, 76252, 94860, 105094]
28,3,[1928, 3963, 11735]
30,61,[11506, 47839, 48721, 57707, 57897, 57903, 58272, 58694, 58712, 58811, 61479, 74613, 74631, 74701, 129004, 153495, 193493, 215228, 216558, 234207, 236050, 241763, 247300, 251867, 252406, 252511, 259963, 262398, 271934, 300259, 304264, 307228, 308906, 319541, 321896, 337285, 340060, 360861, 366800, 379383, 382572, 420865, 456520, 527887, 527928, 528017, 571759, 577123, 596323, 597660, 597974, 598548, 610273, 616724, 619022, 619085, 619490, 619697, 619704, 619786, 619858]
9,1,[209]
10,61,[11600, 47937, 48819, 57806, 57996, 58002, 58371, 58797, 58815, 58914, 61582, 74716, 74734, 74804, 129116, 153608, 193625, 215370, 216699, 234357, 236200, 241916, 247453, 252020, 252559, 252664, 260119, 262554, 272090, 300417, 304422, 307386, 309064, 319700, 322055, 337444, 340219, 361021, 366963, 379546, 382735, 421031, 456690, 528062, 528103, 528192, 571939, 577303, 596514, 597851, 598165, 598739, 610490, 616967, 619274, 619337, 619742, 619949, 619956, 620038, 620110]
11,3,[8598, 16348, 17279]
12,2,[9990, 15663]
13,1,[1569]
14,11,[728, 22716, 24723, 28947, 28953, 28991, 56970, 111416, 122275, 123617, 154709]
15,64,[1904, 1949, 2966, 4294, 4444, 5221, 6071, 11676, 19167, 23182, 23847, 24594, 30675, 33158, 33177, 33248, 37239, 37537, 37669, 43879, 43886, 47162, 47208, 47221, 50302, 52156, 52169, 62520, 65435, 72269, 76801, 78957, 79387, 79611, 86203, 86766, 87857, 88701, 90377, 94172, 96530, 98817, 101330, 101930, 103050, 110109, 111718, 111897, 112210, 118966, 123997, 125906, 128694, 142046, 143408, 143455, 143471, 145764, 146623, 151216, 151227, 154971, 161864, 167311]
16,3,[18138, 19123, 25971]
17,47,[25999, 34008, 59680, 59709, 82038, 84893, 86282, 86498, 86770, 87125, 87213, 87402, 88340, 88564, 88654, 94536, 94541, 94557, 94741, 94764, 94768, 94820, 94839, 94867, 94911, 95015, 95070, 95073, 95141, 96291, 100530, 103818, 103831, 107831, 107853, 123762, 123848, 125276, 130200, 133618, 158506, 158512, 167488, 171909, 203145, 209216, 216792]
18,68,[2199, 3652, 10533, 12371, 15354, 15370, 20473, 21331, 21759, 22205, 22889, 29101, 29804, 31778, 32236, 33802, 34578, 41822, 44863, 45391, 48590, 52857, 53496, 53910, 54467, 54829, 56564, 59524, 62555, 63963, 66959, 77128, 79744, 82430, 83166, 83786, 84658, 85389, 87103, 87240, 91862, 97474, 97527, 99887, 100170, 101315, 102459, 102477, 103539, 103616, 103902, 103914, 104244, 105306, 106523, 111180, 116318, 117364, 118711, 119756, 120865, 122051, 131401, 131646, 134475, 136489, 137036, 145399]
20,14,[3087, 3449, 3477, 6636, 8032, 15993, 20410, 24838, 31619, 31785, 33912, 44713, 52354, 61048]
21,7,[8723, 10491, 12818, 20384, 23208, 23648, 24419]
22,92,[324, 685, 8323, 8324, 8326, 8327, 8358, 8360, 8390, 8394, 8415, 8442, 8447, 8466, 8624, 8633, 8773, 8822, 8825, 8827, 8835, 8837, 8839, 8925, 9032, 9145, 10189, 10645, 10652, 10664, 11034, 11175, 11196, 11351, 11360, 11715, 18471, 20147, 27068, 38542, 38579, 38654, 60397, 62028, 87988, 88010, 89497, 89498, 90274, 90399, 90731, 90768, 91271, 94944, 96521, 97318, 99589, 99688, 99690, 99823, 99862, 100019, 100245, 102590, 103894, 103942, 104522, 114519, 115846, 115932, 115940, 116007, 116009, 116011, 116023, 116038, 116056, 118356, 118402, 124231, 124234, 124237, 124244, 124266, 140425, 141334, 141944, 152084, 155503, 156778, 156781, 156869]
23,8,[735, 2222, 8478, 16444, 17241, 18191, 26152, 28318]
24,3,[4347, 4352, 12609]
25,15,[912, 24053, 28019, 28025, 28060, 58754, 59327, 96559, 106877, 117158, 118458, 120187, 127062, 148153, 195653]
26,13,[3555, 3962, 7154, 8554, 16639, 21137, 25619, 32490, 32657, 34790, 45695, 53449, 62345]
27,13,[7404, 9314, 13799, 15142, 37522, 38573, 44298, 44894, 52251, 53373, 76252, 94860, 105094]
28,3,[1928, 3963, 11735]
30,61,[11506, 47839, 48721, 57707, 57897, 57903, 58272, 58694, 58712, 58811, 61479, 74613, 74631, 74701, 129004, 153495, 193493, 215228, 216558, 234207, 236050, 241763, 247300, 251867, 252406, 252511, 259963, 262398, 271934, 300259, 304264, 307228, 308906, 319541, 321896, 337285, 340060, 360861, 366800, 379383, 382572, 420865, 456520, 527887, 527928, 528017, 571759, 577123, 596323, 597660, 597974, 598548, 610273, 616724, 619022, 619085, 619490, 619697, 619704, 619786, 619858]
