9,1,[1838]
10,1,[438137]
14,1,[100541]
15,19,[2014, 28594, 36682, 41996, 58279, 63967, 65549, 76916, 86334, 86368, 103661, 104030, 113569, 114371, 115899, 123255, 139160, 142271, 160082]
16,7,[2754, 5180, 16424, 19379, 19944, 21550, 36009]
18,48,[14478, 18969, 21446, 25025, 25300, 25842, 26438, 30431, 36621, 42727, 42995, 46729, 48350, 56742, 62574, 62743, 62865, 63145, 63559, 65494, 73224, 77114, 80963, 83799, 85942, 88558, 88814, 89456, 89969, 91958, 92793, 96298, 97855, 108493, 111687, 113605, 114283, 115728, 118121, 120542, 127485, 132587, 135012, 138261, 141120, 142402, 144622, 148560]
22,18,[11181, 11189, 11353, 11773, 18197, 40886, 87955, 87958, 87961, 88156, 91893, 93375, 94984, 100653, 101214, 134964, 135603, 140266]
23,3,[5610, 5823, 16992]
27,11,[732, 2188, 17703, 32259, 32265, 32404, 42352, 46651, 71975, 93759, 103532]
30,1,[437967]
9,1,[1838]
10,1,[438137]
14,1,[100541]
15,19,[2014, 28594, 36682, 41996, 58279, 63967, 65549, 76916, 86334, 86368, 103661, 104030, 113569, 114371, 115899, 123255, 139160, 142271, 160082]
16,7,[2754, 5180, 16424, 19379, 19944, 21550, 36009]
18,48,[14478, 18969, 21446, 25025, 25300, 25842, 26438, 30431, 36621, 42727, 42995, 46729, 48350, 56742, 62574, 62743, 62865, 63145, 63559, 65494, 73224, 77114, 80963, 83799, 85942, 88558, 88814, 89456, 89969, 91958, 92793, 96298, 97855, 108493, 111687, 113605, 114283, 115728, 118121, 120542, 127485, 132587, 135012, 138261, 141120, 142402, 144622, 148560]
22,18,[11181, 11189, 11353, 11773, 18197, 40886, 87955, 87958, 87961, 88156, 91893, 93375, 94984, 100653, 101214, 134964, 135603, 140266]
23,3,[5610, 5823, 16992]
27,11,[732, 2188, 17703, 32259, 32265, 32404, 42352, 46651, 71975, 93759, 103532]
30,1,[437967]
