10,3,[2538, 303704, 306548]
14,1,[160222]
15,8,[98481, 101745, 102098, 103325, 103335, 103786, 107588, 115432]
18,2,[58127, 58505]
20,2,[4337, 59893]
22,12,[49752, 53987, 54116, 54122, 54124, 54126, 56872, 56873, 58457, 82341, 82451, 91545]
24,5,[15390, 15446, 15476, 37056, 37256]
25,4,[153424, 194118, 198635, 198939]
26,2,[4842, 61183]
27,1,[106016]
30,3,[2445, 303546, 306390]
10,3,[2538, 303704, 306548]
14,1,[160222]
15,8,[98481, 101745, 102098, 103325, 103335, 103786, 107588, 115432]
18,2,[58127, 58505]
20,2,[4337, 59893]
22,12,[49752, 53987, 54116, 54122, 54124, 54126, 56872, 56873, 58457, 82341, 82451, 91545]
24,5,[15390, 15446, 15476, 37056, 37256]
25,4,[153424, 194118, 198635, 198939]
26,2,[4842, 61183]
27,1,[106016]
30,3,[2445, 303546, 306390]
