14,234,[1174, 3066, 4089, 4949, 5957, 6564, 7301, 8013, 9358, 10606, 11544, 12808, 13801, 14732, 15500, 16493, 17371, 18251, 19302, 20093, 20855, 21549, 22253, 22262, 23276, 24234, 25620, 26163, 26921, 28103, 28838, 29791, 30527, 31501, 32327, 33313, 34126, 34791, 35671, 36509, 37644, 38763, 39235, 39704, 40736, 41575, 42396, 43211, 44105, 45114, 46285, 47335, 48298, 48978, 49656, 50679, 51812, 52990, 54119, 54964, 56039, 56680, 57318, 57328, 58198, 59283, 60534, 61198, 62025, 62212, 62826, 63709, 64195, 65282, 66350, 67187, 67979, 68984, 69617, 70397, 71175, 71186, 71798, 72781, 73255, 74041, 74891, 75191, 75817, 76805, 77852, 79075, 80044, 80997, 82556, 82844, 83714, 84872, 86001, 87137, 88363, 88681, 89488, 90379, 91433, 92732, 93609, 94647, 95629, 95767, 96306, 97202, 98165, 98905, 99784, 100327, 101172, 102012, 102947, 103783, 104424, 105230, 105933, 106871, 107759, 108992, 109092, 109764, 110504, 111255, 111865, 112521, 113272, 114122, 114924, 115513, 116740, 117514, 118178, 118884, 119442, 120352, 121157, 121880, 122675, 123549, 124597, 125464, 126063, 127030, 128228, 129077, 129974, 130572, 131136, 131774, 132785, 133484, 134758, 135985, 136331, 137085, 137983, 139053, 140161, 141335, 141860, 143080, 143111, 144152, 144867, 145513, 146242, 146250, 147242, 147998, 148551, 149208, 149859, 150456, 151072, 151820, 152674, 153564, 154413, 155168, 155878, 156719, 157451, 158375, 160036, 160046, 161528, 162900, 163906, 164813, 165731, 166101, 166849, 167827, 168905, 169983, 170926, 172071, 172850, 173343, 173948, 174905, 175841, 176830, 177350, 177871, 178795, 179678, 181160, 182326, 183196, 183861, 184401, 185417, 186399, 186415, 187257, 188038, 188521, 189034, 189779, 191137, 191410, 191898, 193194, 194054, 194788, 195579]
15,1,[36621]
18,3,[5805, 19886, 62030]
22,6,[582, 46484, 46486, 46571, 77830, 123128]
23,1,[28729]
25,22,[1391, 21785, 51140, 54781, 54971, 59806, 67888, 71593, 79112, 85014, 91708, 96297, 99021, 104554, 130518, 133408, 137176, 140161, 153152, 178776, 183243, 193221]
27,1,[21208]
14,234,[1174, 3066, 4089, 4949, 5957, 6564, 7301, 8013, 9358, 10606, 11544, 12808, 13801, 14732, 15500, 16493, 17371, 18251, 19302, 20093, 20855, 21549, 22253, 22262, 23276, 24234, 25620, 26163, 26921, 28103, 28838, 29791, 30527, 31501, 32327, 33313, 34126, 34791, 35671, 36509, 37644, 38763, 39235, 39704, 40736, 41575, 42396, 43211, 44105, 45114, 46285, 47335, 48298, 48978, 49656, 50679, 51812, 52990, 54119, 54964, 56039, 56680, 57318, 57328, 58198, 59283, 60534, 61198, 62025, 62212, 62826, 63709, 64195, 65282, 66350, 67187, 67979, 68984, 69617, 70397, 71175, 71186, 71798, 72781, 73255, 74041, 74891, 75191, 75817, 76805, 77852, 79075, 80044, 80997, 82556, 82844, 83714, 84872, 86001, 87137, 88363, 88681, 89488, 90379, 91433, 92732, 93609, 94647, 95629, 95767, 96306, 97202, 98165, 98905, 99784, 100327, 101172, 102012, 102947, 103783, 104424, 105230, 105933, 106871, 107759, 108992, 109092, 109764, 110504, 111255, 111865, 112521, 113272, 114122, 114924, 115513, 116740, 117514, 118178, 118884, 119442, 120352, 121157, 121880, 122675, 123549, 124597, 125464, 126063, 127030, 128228, 129077, 129974, 130572, 131136, 131774, 132785, 133484, 134758, 135985, 136331, 137085, 137983, 139053, 140161, 141335, 141860, 143080, 143111, 144152, 144867, 145513, 146242, 146250, 147242, 147998, 148551, 149208, 149859, 150456, 151072, 151820, 152674, 153564, 154413, 155168, 155878, 156719, 157451, 158375, 160036, 160046, 161528, 162900, 163906, 164813, 165731, 166101, 166849, 167827, 168905, 169983, 170926, 172071, 172850, 173343, 173948, 174905, 175841, 176830, 177350, 177871, 178795, 179678, 181160, 182326, 183196, 183861, 184401, 185417, 186399, 186415, 187257, 188038, 188521, 189034, 189779, 191137, 191410, 191898, 193194, 194054, 194788, 195579]
15,1,[36621]
18,3,[5805, 19886, 62030]
22,6,[582, 46484, 46486, 46571, 77830, 123128]
23,1,[28729]
25,22,[1391, 21785, 51140, 54781, 54971, 59806, 67888, 71593, 79112, 85014, 91708, 96297, 99021, 104554, 130518, 133408, 137176, 140161, 153152, 178776, 183243, 193221]
27,1,[21208]
