10,17,[161841, 182412, 194140, 199836, 272603, 319349, 498752, 532619, 589326, 589335, 589625, 602655, 605391, 609428, 615160, 615222, 620878]
11,4,[8492, 14843, 14858, 14868]
12,1,[17630]
14,11,[2715, 38153, 70169, 76442, 77563, 112260, 113803, 117126, 133895, 148983, 149627]
15,26,[8677, 17935, 18668, 30304, 32411, 45885, 45939, 47084, 49791, 57129, 59711, 63296, 65325, 76240, 98934, 103197, 104055, 104584, 113799, 114654, 124563, 126025, 129523, 138382, 138515, 162157]
16,3,[16734, 29397, 33669]
17,13,[45035, 45939, 59592, 62523, 85492, 103392, 110146, 124879, 127509, 145518, 178115, 210882, 214627]
18,27,[18111, 22912, 31158, 51166, 55968, 58103, 61596, 61965, 62014, 62740, 70608, 73839, 91936, 102393, 102565, 105262, 106884, 111489, 111584, 111603, 112021, 112809, 114867, 116381, 118774, 127348, 131366]
20,3,[30879, 41516, 48322]
21,1,[26320]
22,3,[2618, 2976, 110942]
23,1,[5222]
24,1,[41535]
25,12,[2605, 3068, 36776, 66955, 72889, 73956, 107633, 109091, 112141, 128162, 142875, 143473]
26,3,[31742, 42454, 49335]
27,7,[32248, 46577, 73531, 87117, 92689, 100062, 100412]
30,15,[194008, 199694, 272447, 319190, 498583, 532444, 589141, 589150, 589440, 602458, 605189, 609216, 614926, 614988, 620626]
10,17,[161841, 182412, 194140, 199836, 272603, 319349, 498752, 532619, 589326, 589335, 589625, 602655, 605391, 609428, 615160, 615222, 620878]
11,4,[8492, 14843, 14858, 14868]
12,1,[17630]
14,11,[2715, 38153, 70169, 76442, 77563, 112260, 113803, 117126, 133895, 148983, 149627]
15,26,[8677, 17935, 18668, 30304, 32411, 45885, 45939, 47084, 49791, 57129, 59711, 63296, 65325, 76240, 98934, 103197, 104055, 104584, 113799, 114654, 124563, 126025, 129523, 138382, 138515, 162157]
16,3,[16734, 29397, 33669]
17,13,[45035, 45939, 59592, 62523, 85492, 103392, 110146, 124879, 127509, 145518, 178115, 210882, 214627]
18,27,[18111, 22912, 31158, 51166, 55968, 58103, 61596, 61965, 62014, 62740, 70608, 73839, 91936, 102393, 102565, 105262, 106884, 111489, 111584, 111603, 112021, 112809, 114867, 116381, 118774, 127348, 131366]
20,3,[30879, 41516, 48322]
21,1,[26320]
22,3,[2618, 2976, 110942]
23,1,[5222]
24,1,[41535]
25,12,[2605, 3068, 36776, 66955, 72889, 73956, 107633, 109091, 112141, 128162, 142875, 143473]
26,3,[31742, 42454, 49335]
27,7,[32248, 46577, 73531, 87117, 92689, 100062, 100412]
30,15,[194008, 199694, 272447, 319190, 498583, 532444, 589141, 589150, 589440, 602458, 605189, 609216, 614926, 614988, 620626]
