10,35,[48228, 55742, 55757, 55787, 55827, 55868, 55911, 56050, 56120, 56343, 56397, 56461, 56529, 57033, 202339, 204061, 204073, 204090, 204097, 204114, 204238, 204270, 204316, 208611, 232801, 256809, 256823, 256849, 256896, 256914, 256931, 257343, 260682, 362370, 620588]
14,1,[68343]
20,2,[4376, 63666]
22,1,[30628]
25,1,[65177]
26,2,[4882, 65046]
27,1,[23305]
30,35,[48130, 55643, 55658, 55688, 55728, 55769, 55812, 55951, 56021, 56244, 56298, 56362, 56430, 56934, 202197, 203919, 203931, 203948, 203955, 203972, 204096, 204128, 204174, 208469, 232651, 256653, 256667, 256693, 256740, 256758, 256775, 257187, 260526, 362210, 620336]
10,35,[48228, 55742, 55757, 55787, 55827, 55868, 55911, 56050, 56120, 56343, 56397, 56461, 56529, 57033, 202339, 204061, 204073, 204090, 204097, 204114, 204238, 204270, 204316, 208611, 232801, 256809, 256823, 256849, 256896, 256914, 256931, 257343, 260682, 362370, 620588]
14,1,[68343]
20,2,[4376, 63666]
22,1,[30628]
25,1,[65177]
26,2,[4882, 65046]
27,1,[23305]
30,35,[48130, 55643, 55658, 55688, 55728, 55769, 55812, 55951, 56021, 56244, 56298, 56362, 56430, 56934, 202197, 203919, 203931, 203948, 203955, 203972, 204096, 204128, 204174, 208469, 232651, 256653, 256667, 256693, 256740, 256758, 256775, 257187, 260526, 362210, 620336]
