10,102,[6461, 10636, 11258, 19392, 20942, 36650, 44439, 45155, 45680, 46527, 83463, 83518, 83529, 83543, 83713, 83811, 83910, 84007, 84106, 84201, 84299, 84395, 84493, 84591, 84689, 84787, 84883, 84916, 95625, 95677, 115198, 132602, 167924, 167954, 169780, 170242, 170977, 171107, 171130, 171279, 176807, 180204, 185733, 185898, 199241, 199252, 199310, 199551, 199778, 199921, 202903, 202906, 205024, 205136, 205152, 205515, 205836, 207350, 216233, 216253, 216291, 216303, 223230, 231293, 246591, 246605, 246825, 250832, 257162, 257177, 257186, 257458, 257765, 259314, 263453, 264441, 272008, 273068, 276261, 276293, 276362, 296972, 297258, 311047, 312303, 343970, 349704, 366343, 372076, 376029, 425472, 465449, 465617, 465658, 466444, 479740, 509742, 541052, 550181, 550209, 574264, 595103]
15,3,[93005, 93750, 102545]
17,2,[33383, 206483]
20,1,[60480]
21,18,[195, 287, 8111, 8144, 8158, 8168, 10040, 10045, 14009, 14094, 14152, 15892, 15913, 16907, 16934, 26230, 35561, 35567]
23,9,[16103, 16134, 16146, 16174, 16245, 16265, 16295, 16318, 16332]
26,1,[61777]
28,3,[274, 8115, 8126]
30,102,[6367, 10542, 11164, 19298, 20848, 36552, 44341, 45057, 45582, 46429, 83356, 83411, 83422, 83436, 83606, 83704, 83803, 83900, 83999, 84094, 84192, 84288, 84386, 84484, 84582, 84680, 84776, 84809, 95518, 95570, 115087, 132490, 167801, 167831, 169657, 170119, 170854, 170984, 171007, 171156, 176684, 180081, 185601, 185766, 199109, 199120, 199178, 199409, 199636, 199779, 202761, 202764, 204882, 204994, 205010, 205373, 205694, 207208, 216091, 216111, 216149, 216161, 223080, 231143, 246438, 246452, 246672, 250679, 257006, 257021, 257030, 257302, 257609, 259158, 263297, 264285, 271852, 272912, 276105, 276137, 276206, 296814, 297100, 310889, 312144, 343811, 349545, 366180, 371913, 375866, 425306, 465278, 465446, 465487, 466273, 479572, 509573, 540877, 550003, 550031, 574084, 594912]
10,102,[6461, 10636, 11258, 19392, 20942, 36650, 44439, 45155, 45680, 46527, 83463, 83518, 83529, 83543, 83713, 83811, 83910, 84007, 84106, 84201, 84299, 84395, 84493, 84591, 84689, 84787, 84883, 84916, 95625, 95677, 115198, 132602, 167924, 167954, 169780, 170242, 170977, 171107, 171130, 171279, 176807, 180204, 185733, 185898, 199241, 199252, 199310, 199551, 199778, 199921, 202903, 202906, 205024, 205136, 205152, 205515, 205836, 207350, 216233, 216253, 216291, 216303, 223230, 231293, 246591, 246605, 246825, 250832, 257162, 257177, 257186, 257458, 257765, 259314, 263453, 264441, 272008, 273068, 276261, 276293, 276362, 296972, 297258, 311047, 312303, 343970, 349704, 366343, 372076, 376029, 425472, 465449, 465617, 465658, 466444, 479740, 509742, 541052, 550181, 550209, 574264, 595103]
15,3,[93005, 93750, 102545]
17,2,[33383, 206483]
20,1,[60480]
21,18,[195, 287, 8111, 8144, 8158, 8168, 10040, 10045, 14009, 14094, 14152, 15892, 15913, 16907, 16934, 26230, 35561, 35567]
23,9,[16103, 16134, 16146, 16174, 16245, 16265, 16295, 16318, 16332]
26,1,[61777]
28,3,[274, 8115, 8126]
30,102,[6367, 10542, 11164, 19298, 20848, 36552, 44341, 45057, 45582, 46429, 83356, 83411, 83422, 83436, 83606, 83704, 83803, 83900, 83999, 84094, 84192, 84288, 84386, 84484, 84582, 84680, 84776, 84809, 95518, 95570, 115087, 132490, 167801, 167831, 169657, 170119, 170854, 170984, 171007, 171156, 176684, 180081, 185601, 185766, 199109, 199120, 199178, 199409, 199636, 199779, 202761, 202764, 204882, 204994, 205010, 205373, 205694, 207208, 216091, 216111, 216149, 216161, 223080, 231143, 246438, 246452, 246672, 250679, 257006, 257021, 257030, 257302, 257609, 259158, 263297, 264285, 271852, 272912, 276105, 276137, 276206, 296814, 297100, 310889, 312144, 343811, 349545, 366180, 371913, 375866, 425306, 465278, 465446, 465487, 466273, 479572, 509573, 540877, 550003, 550031, 574084, 594912]
