10,47,[1528, 1695, 1765, 1777, 52742, 52748, 174829, 270787, 270909, 297446, 297452, 304063, 304701, 304741, 305130, 358598, 371435, 371447, 371477, 388925, 429797, 437669, 438037, 438470, 439820, 440019, 444088, 472051, 478279, 482748, 482795, 487136, 512535, 512574, 512650, 512674, 526487, 526505, 564010, 577731, 593223, 600451, 619102, 624074, 632927, 638120, 638662]
15,12,[19683, 21922, 68065, 82565, 89650, 105581, 115343, 138507, 138710, 161514, 165652, 170183]
16,2,[11634, 27970]
17,16,[45637, 59154, 59655, 63601, 70212, 81823, 83376, 84562, 96531, 103581, 118009, 125877, 125890, 127880, 153228, 198218]
18,2,[38564, 39843]
19,10,[2828, 2847, 3700, 7458, 8221, 15306, 18006, 18012, 19036, 26196]
20,15,[18022, 18205, 19344, 20729, 21097, 25161, 25541, 48775, 48871, 49129, 49138, 49278, 50331, 50361, 50946]
22,8,[20105, 31288, 31316, 31319, 56876, 67847, 73812, 111922]
23,11,[4264, 4563, 4885, 5524, 5539, 7201, 9199, 9327, 11452, 15507, 28474]
26,15,[18726, 18907, 20049, 21460, 21836, 25949, 26336, 49799, 49903, 50167, 50179, 50322, 51380, 51410, 52002]
27,4,[2331, 23139, 64440, 70661]
30,47,[1435, 1602, 1672, 1684, 52644, 52650, 174706, 270631, 270753, 297288, 297294, 303905, 304543, 304583, 304972, 358438, 371272, 371284, 371314, 388762, 429630, 437499, 437867, 438300, 439650, 439849, 443918, 471881, 478111, 482583, 482630, 486973, 512366, 512405, 512481, 512505, 526315, 526333, 563832, 577551, 593032, 600254, 618850, 623820, 632652, 637845, 638387]
10,47,[1528, 1695, 1765, 1777, 52742, 52748, 174829, 270787, 270909, 297446, 297452, 304063, 304701, 304741, 305130, 358598, 371435, 371447, 371477, 388925, 429797, 437669, 438037, 438470, 439820, 440019, 444088, 472051, 478279, 482748, 482795, 487136, 512535, 512574, 512650, 512674, 526487, 526505, 564010, 577731, 593223, 600451, 619102, 624074, 632927, 638120, 638662]
15,12,[19683, 21922, 68065, 82565, 89650, 105581, 115343, 138507, 138710, 161514, 165652, 170183]
16,2,[11634, 27970]
17,16,[45637, 59154, 59655, 63601, 70212, 81823, 83376, 84562, 96531, 103581, 118009, 125877, 125890, 127880, 153228, 198218]
18,2,[38564, 39843]
19,10,[2828, 2847, 3700, 7458, 8221, 15306, 18006, 18012, 19036, 26196]
20,15,[18022, 18205, 19344, 20729, 21097, 25161, 25541, 48775, 48871, 49129, 49138, 49278, 50331, 50361, 50946]
22,8,[20105, 31288, 31316, 31319, 56876, 67847, 73812, 111922]
23,11,[4264, 4563, 4885, 5524, 5539, 7201, 9199, 9327, 11452, 15507, 28474]
26,15,[18726, 18907, 20049, 21460, 21836, 25949, 26336, 49799, 49903, 50167, 50179, 50322, 51380, 51410, 52002]
27,4,[2331, 23139, 64440, 70661]
30,47,[1435, 1602, 1672, 1684, 52644, 52650, 174706, 270631, 270753, 297288, 297294, 303905, 304543, 304583, 304972, 358438, 371272, 371284, 371314, 388762, 429630, 437499, 437867, 438300, 439650, 439849, 443918, 471881, 478111, 482583, 482630, 486973, 512366, 512405, 512481, 512505, 526315, 526333, 563832, 577551, 593032, 600254, 618850, 623820, 632652, 637845, 638387]
