10,23,[58858, 78558, 85913, 88171, 100816, 108572, 114374, 118523, 145591, 150168, 242258, 242341, 244343, 251581, 283177, 291019, 295855, 358570, 366214, 408512, 524638, 575023, 590362]
14,1,[160684]
15,5,[57070, 78953, 79623, 101502, 104512]
22,2,[11017, 73448]
27,2,[57665, 105196]
30,23,[58755, 78451, 85806, 88064, 100709, 108461, 114263, 118412, 145478, 150055, 242105, 242188, 244190, 251428, 283022, 290863, 295698, 358410, 366051, 408346, 524466, 574843, 590177]
10,23,[58858, 78558, 85913, 88171, 100816, 108572, 114374, 118523, 145591, 150168, 242258, 242341, 244343, 251581, 283177, 291019, 295855, 358570, 366214, 408512, 524638, 575023, 590362]
14,1,[160684]
15,5,[57070, 78953, 79623, 101502, 104512]
22,2,[11017, 73448]
27,2,[57665, 105196]
30,23,[58755, 78451, 85806, 88064, 100709, 108461, 114263, 118412, 145478, 150055, 242105, 242188, 244190, 251428, 283022, 290863, 295698, 358410, 366051, 408346, 524466, 574843, 590177]
