7,1,[11]
10,958,[1241, 1269, 1284, 1413, 2018, 2463, 2468, 2498, 2505, 2526, 2604, 2630, 2638, 2669, 2697, 3029, 5461, 5475, 5634, 5726, 6008, 6015, 6134, 6307, 6617, 7828, 8059, 8096, 8138, 8218, 8225, 8441, 8447, 8527, 9979, 10297, 10318, 10765, 11358, 11714, 11888, 12942, 13798, 14238, 14256, 14332, 14815, 14837, 14856, 14919, 15086, 16536, 16542, 16933, 16940, 17203, 17246, 17273, 17295, 17400, 17430, 17466, 17490, 17618, 17654, 17664, 17695, 19169, 19346, 19859, 19866, 19896, 19905, 19914, 20327, 21219, 21242, 21245, 21256, 21260, 21342, 21408, 22142, 22189, 22238, 22246, 23105, 23116, 23135, 23147, 23160, 23177, 23730, 23750, 25613, 25744, 25762, 30306, 30535, 30540, 31541, 32102, 32109, 32477, 32727, 33139, 33199, 34608, 34672, 34676, 36964, 41035, 41445, 42288, 42578, 42765, 42835, 42849, 44118, 44135, 44444, 45954, 46128, 49277, 51772, 53335, 53453, 53474, 53681, 53902, 54986, 57368, 71071, 71443, 71450, 72031, 72738, 73104, 73706, 74878, 74892, 74970, 74995, 81625, 83381, 86905, 87487, 87494, 87716, 91588, 91597, 94001, 97061, 97088, 97944, 98169, 98426, 102579, 107124, 108905, 108922, 109755, 110656, 111623, 112207, 112458, 113396, 113548, 113859, 115094, 115151, 115957, 116067, 116245, 117217, 117258, 117512, 117524, 117535, 117563, 118777, 119565, 119688, 121239, 121246, 121279, 121351, 121628, 122112, 122856, 124113, 124874, 126560, 130944, 132165, 132176, 132678, 133868, 137559, 137981, 140536, 141137, 142979, 144361, 144384, 144532, 144649, 144725, 144730, 145073, 150093, 153328, 153451, 153730, 153753, 153894, 154981, 155102, 155929, 156994, 157000, 157011, 159775, 159782, 159788, 159829, 159836, 160285, 160800, 161476, 161590, 161598, 161727, 161778, 161788, 161858, 161879, 161886, 162303, 165730, 165865, 165872, 166306, 166329, 168759, 169533, 169540, 170709, 170715, 170721, 170731, 171679, 172399, 172636, 173210, 174269, 175836, 176058, 178082, 178164, 178171, 178231, 178334, 178732, 178735, 180508, 183887, 184723, 184730, 184804, 185489, 185626, 185629, 185773, 186016, 186353, 186357, 186458, 186672, 186745, 187121, 187254, 187534, 189443, 189460, 189517, 189627, 189665, 190756, 191309, 192545, 193669, 194277, 194286, 195898, 196440, 197917, 198388, 198481, 200478, 200483, 201930, 203205, 203253, 203278, 204936, 204947, 206088, 206107, 206126, 206156, 206186, 206423, 206544, 206598, 206768, 206776, 206817, 206836, 206871, 207003, 207563, 207674, 208196, 209469, 209747, 210799, 212247, 212252, 212471, 212502, 212673, 213827, 213834, 215118, 215125, 215168, 215190, 215343, 215351, 217743, 218649, 219254, 220669, 222787, 225402, 228058, 229289, 229420, 229892, 229993, 230716, 232456, 234899, 234973, 235053, 235353, 235500, 237013, 237121, 237186, 237254, 237459, 237689, 237709, 238750, 238765, 239038, 239089, 239139, 239147, 239544, 239582, 239661, 240297, 240386, 240919, 243014, 243019, 243039, 243043, 243170, 243716, 244565, 245471, 245570, 246400, 246756, 247108, 247871, 247989, 248012, 248238, 248350, 248475, 248696, 248699, 248989, 249053, 250733, 251140, 251167, 251200, 251217, 251476, 251705, 254383, 255329, 255390, 256215, 256279, 257098, 257106, 258122, 258138, 258158, 258176, 258206, 258238, 258517, 258635, 258694, 258874, 258919, 258938, 258973, 259103, 259578, 259633, 259735, 262202, 262207, 262289, 263086, 264776, 265711, 265731, 266227, 266340, 267035, 268013, 268793, 269624, 269723, 269906, 270189, 270587, 270773, 271139, 273423, 274470, 274563, 274849, 276864, 278332, 279635, 279993, 280415, 281760, 283707, 283749, 287436, 288386, 288457, 288547, 292904, 293223, 293451, 293832, 295676, 295690, 295782, 296649, 296928, 297467, 302777, 311062, 311068, 311074, 311813, 312187, 312198, 312333, 312360, 312405, 312468, 314512, 314754, 314798, 314843, 315354, 315552, 315877, 316554, 316885, 317664, 317706, 319986, 320494, 320534, 320687, 321034, 321426, 322470, 322606, 322667, 324027, 324058, 324283, 324765, 324806, 325165, 325174, 326097, 326193, 326878, 326884, 326917, 327380, 327428, 327541, 327590, 327632, 327773, 329314, 329350, 329360, 329699, 330087, 330224, 330247, 330724, 330749, 330762, 331359, 331404, 331523, 332340, 332380, 333102, 333181, 333621, 333665, 333780, 334092, 334171, 334286, 335058, 335081, 335694, 336205, 337114, 337243, 337614, 337781, 337786, 337809, 337980, 338246, 338343, 338393, 338555, 338570, 338589, 338745, 339366, 340218, 340882, 341096, 341537, 341989, 342020, 342143, 342705, 342722, 343088, 343323, 343583, 343744, 344008, 344022, 344272, 344714, 344802, 344807, 344872, 348267, 351391, 352664, 352750, 355950, 355955, 356027, 358819, 358964, 361139, 364663, 366077, 366397, 366932, 368502, 368513, 369489, 370787, 373003, 373223, 373626, 373744, 375459, 376118, 381397, 381649, 382058, 382187, 382686, 382702, 383370, 383387, 384235, 384556, 384569, 384601, 384757, 384802, 384977, 385072, 385961, 386400, 386729, 386738, 387381, 387978, 388092, 388102, 388123, 388608, 389557, 389860, 390559, 390566, 391085, 391121, 391173, 391230, 391263, 391381, 391508, 391814, 391831, 392227, 392672, 394428, 396893, 396905, 396927, 396974, 397372, 398817, 399052, 399213, 399615, 399722, 399766, 400234, 400468, 400985, 401039, 401157, 401195, 401382, 401846, 402566, 404236, 404425, 405880, 406348, 406379, 406393, 407675, 408122, 408339, 408447, 408983, 409876, 410180, 410246, 410283, 411960, 412538, 412591, 412958, 413276, 413423, 413688, 414349, 414354, 416311, 420368, 420707, 420712, 421379, 422137, 422163, 424586, 425376, 426265, 426471, 429220, 440958, 441074, 441246, 441447, 441708, 441858, 444592, 452725, 452749, 452784, 452798, 454652, 454665, 454923, 455158, 457897, 457939, 462189, 462371, 463130, 463288, 464907, 464912, 465223, 469006, 469359, 469398, 469671, 471812, 471866, 471928, 472416, 476912, 477041, 478110, 478953, 479119, 479472, 479707, 480689, 480833, 483652, 483659, 483981, 484438, 485329, 487480, 488417, 488491, 488677, 490992, 491396, 493124, 493983, 494141, 494401, 494887, 494894, 495014, 495027, 495032, 495121, 495144, 495232, 495965, 496058, 496509, 496550, 496592, 498937, 499741, 499744, 499751, 501590, 501895, 501907, 501930, 502823, 506929, 507260, 508119, 508933, 511051, 511150, 511222, 514591, 515501, 518345, 518349, 518615, 519286, 522160, 522184, 522206, 522226, 523567, 523579, 525025, 525183, 527975, 528144, 528278, 528532, 528541, 528617, 528905, 529041, 529067, 529088, 529697, 529770, 533119, 535296, 536766, 536798, 537341, 537891, 540691, 544543, 545669, 545762, 545822, 548533, 549038, 549186, 549271, 550347, 550686, 552630, 552639, 556424, 556782, 558219, 558465, 559697, 559711, 559902, 560263, 560352, 560880, 560888, 560927, 561162, 561280, 561300, 561557, 561742, 563855, 565325, 565641, 565904, 566096, 566100, 566447, 566492, 566538, 566647, 566661, 566898, 567634, 567879, 567902, 569331, 569585, 569667, 570385, 570399, 570419, 570529, 570662, 570677, 571793, 571877, 573124, 573156, 574879, 574927, 575117, 575728, 577513, 577668, 577753, 579236, 580176, 582473, 583950, 584553, 585445, 588555, 589058, 591008, 591888, 591992, 592065, 592086, 593442, 593805, 606248, 607688, 608843, 608847, 608850, 611040, 613107, 613516, 615179, 616153, 618028, 618461, 619584, 623242, 623963, 625006, 625106, 626809, 628814, 629565, 630181, 630197, 630684, 630828, 631915, 632147, 632263, 632532, 632628, 632637, 632713, 632809, 632813, 632833, 633868, 634779, 635129, 635140, 636116, 636611, 636730, 636985, 636991, 637035, 637325, 637611, 637662, 637969, 638377, 639611, 639627, 639686, 640946]
11,10,[617, 3168, 4943, 9953, 12822, 12824, 17979, 19380, 19983, 20009]
12,26,[5267, 5728, 6349, 6661, 6712, 6741, 6909, 6939, 6952, 7041, 7278, 12192, 12429, 12437, 12445, 12459, 12469, 14770, 14800, 14827, 18654, 18660, 18680, 18682, 20852, 20859]
13,4,[579, 768, 809, 826]
14,268,[1214, 1225, 1233, 1239, 3076, 4100, 4972, 5974, 6570, 7307, 8018, 8744, 9384, 10613, 11553, 12053, 12815, 13811, 14739, 15516, 16221, 16504, 17378, 18048, 18258, 19312, 20101, 20866, 21441, 21556, 22273, 23283, 23946, 24243, 25325, 25332, 25625, 26170, 26945, 28117, 28851, 28858, 29815, 30540, 31510, 32337, 33330, 34138, 34798, 34804, 35680, 36516, 37670, 38768, 39032, 39241, 39731, 40741, 41583, 42401, 42992, 43218, 44128, 45120, 45633, 46308, 46317, 46336, 47342, 48305, 48985, 49664, 49669, 50688, 51818, 52261, 53005, 54127, 54982, 55801, 56050, 56685, 57338, 58205, 59291, 60541, 61203, 61763, 62043, 62834, 63714, 64202, 65309, 66358, 67193, 67750, 67990, 68989, 69624, 70404, 71182, 71806, 72786, 73271, 74057, 74898, 75822, 76600, 76816, 77859, 78780, 79104, 80051, 81007, 82566, 83720, 84882, 85740, 86008, 87144, 88371, 89496, 89505, 90386, 91139, 91453, 92494, 92738, 93226, 93630, 94399, 94653, 95409, 95639, 96327, 97214, 98179, 98918, 100188, 101192, 102019, 102971, 103788, 104435, 105236, 105940, 106889, 107767, 108998, 109780, 110512, 111266, 111871, 112528, 113284, 114132, 114929, 115520, 116745, 116751, 117287, 117521, 118194, 118897, 119463, 120373, 121173, 121885, 122441, 122685, 123556, 124604, 125469, 126071, 127037, 128234, 129100, 129979, 130577, 131141, 131781, 132794, 133489, 133497, 134767, 135722, 135992, 136869, 137099, 137767, 137991, 139062, 140179, 141340, 141868, 143127, 144169, 144876, 145523, 146289, 147247, 148024, 148556, 149215, 149868, 150463, 151093, 151825, 152683, 153591, 154422, 155175, 155885, 156734, 157464, 158391, 159501, 159511, 160068, 161536, 162631, 162917, 163922, 164821, 165737, 166109, 166857, 167834, 168912, 169990, 170933, 172084, 172152, 172855, 173349, 173955, 174695, 174926, 175848, 176839, 177356, 177878, 178804, 178810, 179685, 181168, 182341, 183215, 183871, 184408, 185436, 186408, 186996, 187262, 188043, 188526, 189043, 190269, 191153, 191910, 193208, 194064, 194800, 195587, 197646, 197663, 197772, 198143]
15,69,[602, 5708, 6803, 11291, 13695, 17386, 22858, 23069, 23128, 23436, 26681, 27106, 27134, 27285, 27503, 29608, 29830, 30581, 31022, 31694, 37621, 37837, 42647, 42767, 43111, 43676, 43730, 44018, 44606, 44768, 44996, 49086, 56039, 57986, 58298, 58521, 58543, 58991, 59479, 59499, 63048, 63051, 63072, 63410, 67454, 72969, 73230, 74311, 77547, 84827, 97406, 105461, 107895, 111666, 112301, 121068, 123949, 124220, 125879, 125896, 126222, 128008, 128337, 134539, 137965, 139536, 154029, 160917, 169456]
16,18,[1776, 5358, 5371, 5386, 5401, 6332, 8975, 11152, 11499, 18272, 19364, 19975, 23000, 23007, 28432, 28697, 29471, 37643]
17,306,[767, 1734, 3912, 6539, 6551, 11634, 13286, 15862, 18209, 18226, 18267, 18440, 18484, 18686, 18825, 23679, 23687, 25280, 26130, 27422, 28598, 28620, 28624, 29124, 29427, 29525, 29698, 31710, 33124, 33443, 33979, 35553, 35564, 36583, 37385, 37408, 37435, 37533, 37710, 37803, 39339, 40606, 43138, 43152, 43208, 43578, 43929, 44329, 44802, 44834, 46840, 46847, 46922, 50920, 51890, 52311, 55667, 55704, 57893, 58163, 58183, 58348, 59066, 59366, 60067, 60097, 60110, 60148, 60155, 60170, 60176, 60193, 60216, 60231, 60257, 60333, 60451, 64789, 66543, 66560, 68786, 69398, 69610, 70484, 70870, 74463, 74765, 74776, 75808, 76150, 76634, 76636, 76674, 76714, 76748, 81046, 81254, 81422, 82300, 84752, 86091, 86097, 86110, 86489, 87546, 88747, 90053, 90520, 91837, 92721, 93650, 94177, 94314, 95504, 97688, 98564, 99198, 101329, 101632, 101661, 101817, 101837, 102657, 102783, 104939, 105104, 106587, 106608, 106635, 106719, 106782, 107560, 108767, 108780, 108907, 109745, 109767, 109794, 110734, 112223, 112586, 113551, 113949, 114244, 115878, 117745, 117839, 118395, 125368, 125750, 126402, 127281, 128919, 129332, 129417, 129560, 130693, 134074, 134118, 134544, 134802, 135040, 135274, 136546, 137214, 139722, 143472, 149010, 149647, 150354, 150380, 152234, 152241, 152446, 152463, 153767, 155081, 161592, 164290, 164603, 164607, 169315, 170475, 170880, 170933, 173464, 173517, 173765, 173777, 175051, 175083, 176137, 176466, 176600, 176614, 176630, 176640, 176671, 176951, 176966, 177337, 178298, 179150, 179153, 179160, 179971, 180623, 181429, 181583, 181731, 181794, 181801, 181820, 181887, 182083, 182089, 182485, 182493, 182588, 182600, 182643, 184259, 184432, 184890, 185510, 185708, 186200, 186784, 186879, 187576, 187639, 187673, 187705, 187737, 187788, 187791, 187794, 187805, 187821, 187827, 187834, 187847, 187852, 187858, 187866, 187890, 187899, 188095, 188226, 188401, 189436, 190166, 190254, 190416, 190923, 192079, 192772, 196813, 197680, 197687, 198178, 198478, 198992, 199064, 199104, 199189, 199283, 199533, 200335, 200828, 200893, 200911, 201966, 202212, 202973, 203066, 203087, 203094, 203258, 204058, 204546, 206203, 207202, 209166, 209846, 211412, 211457, 211638, 213335, 213341, 213366, 213430, 213441, 213463, 213545, 213555, 213596, 213642, 213765, 214686, 214711, 214964, 215099, 215495, 215515, 217233]
18,16,[7426, 8989, 23567, 28607, 28869, 28973, 29372, 30004, 45648, 55702, 59264, 61919, 107057, 107181, 117782, 120174]
19,5,[3422, 9672, 13988, 22216, 22283]
20,34,[1248, 2553, 2833, 4515, 9831, 10954, 14140, 16439, 22256, 22258, 26831, 27133, 27545, 29462, 34094, 34114, 37557, 38907, 39921, 40456, 41305, 42498, 42514, 43111, 52025, 53646, 54979, 57513, 62358, 62413, 64037, 64128, 65727, 65772]
21,14,[1940, 2368, 2413, 2614, 2697, 2834, 3608, 3689, 3794, 19053, 21149, 21874, 26535, 30370]
22,50,[13509, 25028, 68640, 70675, 71835, 72360, 79605, 81085, 81266, 81298, 81307, 81311, 81326, 81329, 81340, 81356, 81362, 81365, 81367, 81370, 81373, 81377, 81380, 81423, 81425, 81444, 81461, 107588, 114669, 118276, 140107, 140348, 140382, 140399, 140403, 140536, 140663, 140828, 140833, 140923, 140929, 141009, 141012, 141917, 145587, 150260, 152336, 152699, 153268, 154889]
23,29,[2985, 3397, 3906, 4419, 4426, 4465, 4763, 8293, 11254, 12755, 14223, 20116, 20649, 21368, 23035, 25076, 27737, 27908, 27968, 27972, 27997, 28005, 28013, 28032, 28057, 28066, 28087, 28104, 29551]
24,8,[3841, 5827, 10842, 16773, 24072, 26228, 43018, 43022]
25,270,[1431, 1442, 1450, 1456, 3485, 4469, 5351, 6295, 6816, 7521, 8261, 8988, 9641, 10793, 11679, 12165, 12881, 13805, 14709, 15434, 16067, 16314, 17134, 17727, 17909, 18896, 19621, 20489, 21012, 21112, 21794, 22731, 23317, 23586, 24606, 24613, 24890, 25380, 26092, 27236, 27926, 27933, 28823, 29548, 30442, 31216, 32163, 32919, 33512, 33518, 34322, 35149, 36274, 37341, 37569, 37751, 38180, 39172, 39978, 40737, 41264, 41462, 42319, 43295, 43826, 44425, 44456, 44465, 45500, 46422, 47076, 47717, 47722, 48681, 49709, 50122, 50841, 51965, 52797, 53496, 53707, 54291, 54979, 55827, 56943, 58130, 58737, 59291, 59609, 60388, 61203, 61773, 61926, 63374, 64102, 64594, 64804, 65756, 66433, 67163, 67885, 68459, 69325, 69757, 70491, 71302, 72215, 73019, 73225, 74224, 75216, 75504, 76427, 77316, 78849, 79993, 81215, 82130, 82372, 83447, 84694, 85787, 85796, 86648, 87346, 87628, 88624, 88827, 89275, 89656, 90463, 90692, 91391, 91588, 92258, 93107, 94076, 94833, 96170, 97069, 97853, 98819, 99671, 100250, 100972, 101615, 102499, 103333, 104473, 105191, 106054, 106741, 107281, 107869, 108571, 109382, 110065, 110607, 111778, 111784, 112284, 112479, 113091, 113855, 114407, 115279, 116072, 116804, 117301, 117519, 118404, 119383, 120168, 120783, 121711, 122793, 123614, 124452, 124984, 125494, 126096, 127048, 127778, 127786, 128992, 129973, 130213, 131031, 131273, 131924, 132132, 133119, 134337, 135443, 135913, 137190, 138197, 138867, 139455, 140207, 141201, 141990, 142471, 143091, 143681, 144238, 144820, 145477, 146309, 147106, 147876, 148585, 149274, 150057, 150737, 151649, 152642, 152652, 153221, 153365, 154787, 155857, 156110, 157087, 157965, 158861, 159203, 159894, 160906, 161967, 163044, 163945, 165232, 165297, 165975, 166408, 166964, 167673, 167872, 168739, 169689, 170140, 170594, 171456, 171462, 172282, 173753, 174899, 175750, 176364, 176871, 177860, 178770, 179298, 179540, 180283, 180772, 181252, 182599, 183858, 185069, 185900, 186617, 187357, 193064, 193250, 195013, 195584, 199997, 200486]
26,35,[243, 1612, 2970, 3276, 5028, 10383, 11518, 14726, 17089, 23012, 23014, 27653, 27958, 28373, 30305, 34967, 34990, 38472, 39851, 40859, 41396, 42242, 43434, 43449, 44063, 53105, 54773, 56141, 58681, 63695, 63751, 65427, 65521, 67142, 67188]
27,71,[528, 6429, 6467, 6699, 6895, 7578, 9615, 13158, 13163, 14698, 14702, 14744, 15281, 15495, 15522, 15527, 15565, 17098, 17257, 19534, 21522, 21632, 22155, 22196, 22658, 24144, 25979, 26835, 27458, 29362, 29751, 30361, 35691, 36488, 37123, 38511, 44515, 44526, 44550, 51630, 52948, 55275, 55390, 57475, 59549, 64672, 66435, 70605, 70610, 73256, 73933, 75064, 75647, 77783, 80737, 84071, 84179, 88215, 89952, 94478, 98594, 99742, 99873, 100001, 100040, 101897, 106497, 107959, 108187, 108951, 109228]
28,8,[453, 555, 626, 910, 1003, 1168, 1661, 1694]
30,958,[1148, 1176, 1191, 1320, 1925, 2370, 2375, 2405, 2412, 2433, 2511, 2537, 2545, 2576, 2603, 2935, 5367, 5381, 5540, 5632, 5914, 5921, 6040, 6213, 6523, 7734, 7965, 8002, 8044, 8124, 8131, 8347, 8353, 8433, 9885, 10203, 10224, 10671, 11264, 11620, 11794, 12848, 13704, 14144, 14162, 14238, 14721, 14743, 14762, 14825, 14992, 16442, 16448, 16839, 16846, 17109, 17152, 17179, 17201, 17306, 17336, 17372, 17396, 17524, 17560, 17570, 17601, 19075, 19252, 19765, 19772, 19802, 19811, 19820, 20233, 21125, 21148, 21151, 21162, 21166, 21248, 21314, 22048, 22095, 22144, 22152, 23011, 23022, 23041, 23053, 23066, 23083, 23636, 23656, 25519, 25650, 25668, 30212, 30441, 30446, 31447, 32004, 32011, 32379, 32629, 33041, 33101, 34510, 34574, 34578, 36866, 40937, 41347, 42190, 42480, 42667, 42737, 42751, 44020, 44037, 44346, 45856, 46030, 49179, 51674, 53236, 53354, 53375, 53582, 53803, 54887, 57269, 70968, 71340, 71347, 71928, 72635, 73001, 73603, 74775, 74789, 74867, 74892, 81518, 83274, 86798, 87380, 87387, 87609, 91481, 91490, 93894, 96954, 96981, 97837, 98062, 98319, 102472, 107013, 108794, 108811, 109644, 110545, 111512, 112096, 112347, 113285, 113437, 113748, 114983, 115040, 115846, 115956, 116134, 117106, 117147, 117401, 117413, 117424, 117452, 118666, 119454, 119577, 121128, 121135, 121168, 121240, 121517, 122001, 122745, 124002, 124763, 126449, 130832, 132053, 132064, 132566, 133756, 137447, 137869, 140424, 141025, 142867, 144248, 144271, 144419, 144536, 144612, 144617, 144960, 149980, 153215, 153338, 153617, 153640, 153781, 154868, 154989, 155816, 156881, 156887, 156898, 159661, 159668, 159674, 159715, 159722, 160171, 160686, 161362, 161476, 161484, 161613, 161664, 161674, 161735, 161756, 161763, 162180, 165607, 165742, 165749, 166183, 166206, 168636, 169410, 169417, 170586, 170592, 170598, 170608, 171556, 172276, 172513, 173087, 174146, 175713, 175935, 177959, 178041, 178048, 178108, 178211, 178609, 178612, 180385, 183755, 184591, 184598, 184672, 185357, 185494, 185497, 185641, 185884, 186221, 186225, 186326, 186540, 186613, 186989, 187122, 187402, 189311, 189328, 189385, 189495, 189533, 190624, 191177, 192413, 193537, 194145, 194154, 195766, 196308, 197785, 198256, 198349, 200336, 200341, 201788, 203063, 203111, 203136, 204794, 204805, 205946, 205965, 205984, 206014, 206044, 206281, 206402, 206456, 206626, 206634, 206675, 206694, 206729, 206861, 207421, 207532, 208054, 209327, 209605, 210657, 212105, 212110, 212329, 212360, 212531, 213685, 213692, 214976, 214983, 215026, 215048, 215201, 215209, 217603, 218509, 219114, 220519, 222637, 225252, 227908, 229139, 229270, 229742, 229843, 230566, 232306, 234749, 234823, 234903, 235203, 235350, 236863, 236971, 237036, 237104, 237309, 237539, 237559, 238597, 238612, 238885, 238936, 238986, 238994, 239391, 239429, 239508, 240144, 240233, 240766, 242861, 242866, 242886, 242890, 243017, 243563, 244412, 245318, 245417, 246247, 246603, 246955, 247718, 247836, 247859, 248085, 248197, 248322, 248543, 248546, 248836, 248900, 250580, 250987, 251014, 251047, 251064, 251323, 251552, 254230, 255176, 255237, 256059, 256123, 256942, 256950, 257966, 257982, 258002, 258020, 258050, 258082, 258361, 258479, 258538, 258718, 258763, 258782, 258817, 258947, 259422, 259477, 259579, 262046, 262051, 262133, 262930, 264620, 265555, 265575, 266071, 266184, 266879, 267857, 268637, 269468, 269567, 269750, 270033, 270431, 270617, 270983, 273267, 274314, 274407, 274693, 276708, 278177, 279480, 279838, 280260, 281605, 283551, 283593, 287280, 288230, 288301, 288391, 292747, 293066, 293294, 293675, 295519, 295533, 295625, 296492, 296770, 297309, 302619, 310904, 310910, 310916, 311654, 312028, 312039, 312174, 312201, 312246, 312309, 314353, 314595, 314639, 314684, 315195, 315393, 315718, 316395, 316726, 317505, 317547, 319827, 320335, 320375, 320528, 320875, 321267, 322311, 322447, 322508, 323868, 323899, 324124, 324606, 324647, 325006, 325015, 325938, 326034, 326719, 326725, 326758, 327221, 327269, 327382, 327431, 327473, 327614, 329155, 329191, 329201, 329540, 329928, 330065, 330088, 330565, 330590, 330603, 331200, 331245, 331364, 332181, 332221, 332943, 333022, 333462, 333506, 333621, 333933, 334012, 334127, 334899, 334922, 335535, 336046, 336955, 337084, 337455, 337622, 337627, 337650, 337821, 338087, 338184, 338234, 338396, 338411, 338430, 338586, 339207, 340059, 340723, 340937, 341378, 341830, 341861, 341984, 342546, 342563, 342929, 343164, 343424, 343585, 343849, 343863, 344113, 344555, 344643, 344648, 344713, 348108, 351232, 352505, 352591, 355791, 355796, 355868, 358659, 358804, 360979, 364500, 365914, 366234, 366769, 368339, 368350, 369326, 370624, 372840, 373060, 373463, 373581, 375296, 375955, 381234, 381486, 381895, 382024, 382523, 382539, 383207, 383224, 384072, 384393, 384406, 384438, 384594, 384639, 384814, 384909, 385798, 386237, 386566, 386575, 387218, 387815, 387929, 387939, 387960, 388445, 389394, 389697, 390396, 390403, 390922, 390958, 391010, 391067, 391100, 391218, 391345, 391651, 391668, 392064, 392509, 394262, 396727, 396739, 396761, 396808, 397206, 398651, 398886, 399047, 399449, 399556, 399600, 400068, 400302, 400819, 400873, 400991, 401029, 401216, 401680, 402400, 404070, 404259, 405714, 406182, 406213, 406227, 407509, 407956, 408173, 408281, 408817, 409710, 410014, 410080, 410117, 411794, 412372, 412425, 412792, 413110, 413257, 413522, 414183, 414188, 416145, 420202, 420541, 420546, 421213, 421971, 421997, 424420, 425210, 426099, 426305, 429053, 440788, 440904, 441076, 441277, 441538, 441688, 444422, 452555, 452579, 452614, 452628, 454482, 454495, 454753, 454988, 457727, 457769, 462019, 462200, 462959, 463117, 464736, 464741, 465052, 468835, 469188, 469227, 469500, 471642, 471696, 471758, 472246, 476743, 476872, 477942, 478785, 478951, 479304, 479539, 480521, 480665, 483487, 483494, 483816, 484273, 485165, 487318, 488255, 488329, 488515, 490832, 491236, 492964, 493823, 493981, 494241, 494728, 494735, 494855, 494868, 494873, 494962, 494985, 495073, 495806, 495899, 496340, 496381, 496423, 498768, 499572, 499575, 499582, 501421, 501726, 501738, 501761, 502654, 506760, 507091, 507950, 508764, 510882, 510981, 511053, 514422, 515332, 518173, 518177, 518443, 519114, 521988, 522012, 522034, 522054, 523395, 523407, 524853, 525011, 527803, 527969, 528103, 528357, 528366, 528442, 528730, 528866, 528892, 528913, 529522, 529595, 532944, 535121, 536591, 536623, 537166, 537716, 540516, 544368, 545494, 545587, 545647, 548358, 548863, 549008, 549093, 550169, 550508, 552452, 552461, 556246, 556604, 558041, 558287, 559519, 559533, 559724, 560085, 560174, 560702, 560710, 560749, 560984, 561102, 561122, 561379, 561564, 563677, 565145, 565461, 565724, 565916, 565920, 566267, 566312, 566358, 566467, 566481, 566718, 567454, 567699, 567722, 569151, 569405, 569487, 570205, 570219, 570239, 570349, 570482, 570497, 571613, 571697, 572944, 572976, 574699, 574747, 574937, 575548, 577333, 577488, 577573, 579056, 579996, 582293, 583770, 584368, 585260, 588370, 588873, 590823, 591697, 591801, 591874, 591895, 593251, 593614, 606041, 607481, 608631, 608635, 608638, 610823, 612878, 613287, 614945, 615914, 617776, 618209, 619332, 622990, 623709, 624752, 624852, 626552, 628551, 629302, 629918, 629934, 630415, 630559, 631640, 631872, 631988, 632257, 632353, 632362, 632438, 632534, 632538, 632558, 633593, 634504, 634854, 634865, 635841, 636336, 636455, 636710, 636716, 636760, 637050, 637336, 637387, 637694, 638102, 639336, 639352, 639411, 640671]
7,1,[11]
10,958,[1241, 1269, 1284, 1413, 2018, 2463, 2468, 2498, 2505, 2526, 2604, 2630, 2638, 2669, 2697, 3029, 5461, 5475, 5634, 5726, 6008, 6015, 6134, 6307, 6617, 7828, 8059, 8096, 8138, 8218, 8225, 8441, 8447, 8527, 9979, 10297, 10318, 10765, 11358, 11714, 11888, 12942, 13798, 14238, 14256, 14332, 14815, 14837, 14856, 14919, 15086, 16536, 16542, 16933, 16940, 17203, 17246, 17273, 17295, 17400, 17430, 17466, 17490, 17618, 17654, 17664, 17695, 19169, 19346, 19859, 19866, 19896, 19905, 19914, 20327, 21219, 21242, 21245, 21256, 21260, 21342, 21408, 22142, 22189, 22238, 22246, 23105, 23116, 23135, 23147, 23160, 23177, 23730, 23750, 25613, 25744, 25762, 30306, 30535, 30540, 31541, 32102, 32109, 32477, 32727, 33139, 33199, 34608, 34672, 34676, 36964, 41035, 41445, 42288, 42578, 42765, 42835, 42849, 44118, 44135, 44444, 45954, 46128, 49277, 51772, 53335, 53453, 53474, 53681, 53902, 54986, 57368, 71071, 71443, 71450, 72031, 72738, 73104, 73706, 74878, 74892, 74970, 74995, 81625, 83381, 86905, 87487, 87494, 87716, 91588, 91597, 94001, 97061, 97088, 97944, 98169, 98426, 102579, 107124, 108905, 108922, 109755, 110656, 111623, 112207, 112458, 113396, 113548, 113859, 115094, 115151, 115957, 116067, 116245, 117217, 117258, 117512, 117524, 117535, 117563, 118777, 119565, 119688, 121239, 121246, 121279, 121351, 121628, 122112, 122856, 124113, 124874, 126560, 130944, 132165, 132176, 132678, 133868, 137559, 137981, 140536, 141137, 142979, 144361, 144384, 144532, 144649, 144725, 144730, 145073, 150093, 153328, 153451, 153730, 153753, 153894, 154981, 155102, 155929, 156994, 157000, 157011, 159775, 159782, 159788, 159829, 159836, 160285, 160800, 161476, 161590, 161598, 161727, 161778, 161788, 161858, 161879, 161886, 162303, 165730, 165865, 165872, 166306, 166329, 168759, 169533, 169540, 170709, 170715, 170721, 170731, 171679, 172399, 172636, 173210, 174269, 175836, 176058, 178082, 178164, 178171, 178231, 178334, 178732, 178735, 180508, 183887, 184723, 184730, 184804, 185489, 185626, 185629, 185773, 186016, 186353, 186357, 186458, 186672, 186745, 187121, 187254, 187534, 189443, 189460, 189517, 189627, 189665, 190756, 191309, 192545, 193669, 194277, 194286, 195898, 196440, 197917, 198388, 198481, 200478, 200483, 201930, 203205, 203253, 203278, 204936, 204947, 206088, 206107, 206126, 206156, 206186, 206423, 206544, 206598, 206768, 206776, 206817, 206836, 206871, 207003, 207563, 207674, 208196, 209469, 209747, 210799, 212247, 212252, 212471, 212502, 212673, 213827, 213834, 215118, 215125, 215168, 215190, 215343, 215351, 217743, 218649, 219254, 220669, 222787, 225402, 228058, 229289, 229420, 229892, 229993, 230716, 232456, 234899, 234973, 235053, 235353, 235500, 237013, 237121, 237186, 237254, 237459, 237689, 237709, 238750, 238765, 239038, 239089, 239139, 239147, 239544, 239582, 239661, 240297, 240386, 240919, 243014, 243019, 243039, 243043, 243170, 243716, 244565, 245471, 245570, 246400, 246756, 247108, 247871, 247989, 248012, 248238, 248350, 248475, 248696, 248699, 248989, 249053, 250733, 251140, 251167, 251200, 251217, 251476, 251705, 254383, 255329, 255390, 256215, 256279, 257098, 257106, 258122, 258138, 258158, 258176, 258206, 258238, 258517, 258635, 258694, 258874, 258919, 258938, 258973, 259103, 259578, 259633, 259735, 262202, 262207, 262289, 263086, 264776, 265711, 265731, 266227, 266340, 267035, 268013, 268793, 269624, 269723, 269906, 270189, 270587, 270773, 271139, 273423, 274470, 274563, 274849, 276864, 278332, 279635, 279993, 280415, 281760, 283707, 283749, 287436, 288386, 288457, 288547, 292904, 293223, 293451, 293832, 295676, 295690, 295782, 296649, 296928, 297467, 302777, 311062, 311068, 311074, 311813, 312187, 312198, 312333, 312360, 312405, 312468, 314512, 314754, 314798, 314843, 315354, 315552, 315877, 316554, 316885, 317664, 317706, 319986, 320494, 320534, 320687, 321034, 321426, 322470, 322606, 322667, 324027, 324058, 324283, 324765, 324806, 325165, 325174, 326097, 326193, 326878, 326884, 326917, 327380, 327428, 327541, 327590, 327632, 327773, 329314, 329350, 329360, 329699, 330087, 330224, 330247, 330724, 330749, 330762, 331359, 331404, 331523, 332340, 332380, 333102, 333181, 333621, 333665, 333780, 334092, 334171, 334286, 335058, 335081, 335694, 336205, 337114, 337243, 337614, 337781, 337786, 337809, 337980, 338246, 338343, 338393, 338555, 338570, 338589, 338745, 339366, 340218, 340882, 341096, 341537, 341989, 342020, 342143, 342705, 342722, 343088, 343323, 343583, 343744, 344008, 344022, 344272, 344714, 344802, 344807, 344872, 348267, 351391, 352664, 352750, 355950, 355955, 356027, 358819, 358964, 361139, 364663, 366077, 366397, 366932, 368502, 368513, 369489, 370787, 373003, 373223, 373626, 373744, 375459, 376118, 381397, 381649, 382058, 382187, 382686, 382702, 383370, 383387, 384235, 384556, 384569, 384601, 384757, 384802, 384977, 385072, 385961, 386400, 386729, 386738, 387381, 387978, 388092, 388102, 388123, 388608, 389557, 389860, 390559, 390566, 391085, 391121, 391173, 391230, 391263, 391381, 391508, 391814, 391831, 392227, 392672, 394428, 396893, 396905, 396927, 396974, 397372, 398817, 399052, 399213, 399615, 399722, 399766, 400234, 400468, 400985, 401039, 401157, 401195, 401382, 401846, 402566, 404236, 404425, 405880, 406348, 406379, 406393, 407675, 408122, 408339, 408447, 408983, 409876, 410180, 410246, 410283, 411960, 412538, 412591, 412958, 413276, 413423, 413688, 414349, 414354, 416311, 420368, 420707, 420712, 421379, 422137, 422163, 424586, 425376, 426265, 426471, 429220, 440958, 441074, 441246, 441447, 441708, 441858, 444592, 452725, 452749, 452784, 452798, 454652, 454665, 454923, 455158, 457897, 457939, 462189, 462371, 463130, 463288, 464907, 464912, 465223, 469006, 469359, 469398, 469671, 471812, 471866, 471928, 472416, 476912, 477041, 478110, 478953, 479119, 479472, 479707, 480689, 480833, 483652, 483659, 483981, 484438, 485329, 487480, 488417, 488491, 488677, 490992, 491396, 493124, 493983, 494141, 494401, 494887, 494894, 495014, 495027, 495032, 495121, 495144, 495232, 495965, 496058, 496509, 496550, 496592, 498937, 499741, 499744, 499751, 501590, 501895, 501907, 501930, 502823, 506929, 507260, 508119, 508933, 511051, 511150, 511222, 514591, 515501, 518345, 518349, 518615, 519286, 522160, 522184, 522206, 522226, 523567, 523579, 525025, 525183, 527975, 528144, 528278, 528532, 528541, 528617, 528905, 529041, 529067, 529088, 529697, 529770, 533119, 535296, 536766, 536798, 537341, 537891, 540691, 544543, 545669, 545762, 545822, 548533, 549038, 549186, 549271, 550347, 550686, 552630, 552639, 556424, 556782, 558219, 558465, 559697, 559711, 559902, 560263, 560352, 560880, 560888, 560927, 561162, 561280, 561300, 561557, 561742, 563855, 565325, 565641, 565904, 566096, 566100, 566447, 566492, 566538, 566647, 566661, 566898, 567634, 567879, 567902, 569331, 569585, 569667, 570385, 570399, 570419, 570529, 570662, 570677, 571793, 571877, 573124, 573156, 574879, 574927, 575117, 575728, 577513, 577668, 577753, 579236, 580176, 582473, 583950, 584553, 585445, 588555, 589058, 591008, 591888, 591992, 592065, 592086, 593442, 593805, 606248, 607688, 608843, 608847, 608850, 611040, 613107, 613516, 615179, 616153, 618028, 618461, 619584, 623242, 623963, 625006, 625106, 626809, 628814, 629565, 630181, 630197, 630684, 630828, 631915, 632147, 632263, 632532, 632628, 632637, 632713, 632809, 632813, 632833, 633868, 634779, 635129, 635140, 636116, 636611, 636730, 636985, 636991, 637035, 637325, 637611, 637662, 637969, 638377, 639611, 639627, 639686, 640946]
11,10,[617, 3168, 4943, 9953, 12822, 12824, 17979, 19380, 19983, 20009]
12,26,[5267, 5728, 6349, 6661, 6712, 6741, 6909, 6939, 6952, 7041, 7278, 12192, 12429, 12437, 12445, 12459, 12469, 14770, 14800, 14827, 18654, 18660, 18680, 18682, 20852, 20859]
13,4,[579, 768, 809, 826]
14,268,[1214, 1225, 1233, 1239, 3076, 4100, 4972, 5974, 6570, 7307, 8018, 8744, 9384, 10613, 11553, 12053, 12815, 13811, 14739, 15516, 16221, 16504, 17378, 18048, 18258, 19312, 20101, 20866, 21441, 21556, 22273, 23283, 23946, 24243, 25325, 25332, 25625, 26170, 26945, 28117, 28851, 28858, 29815, 30540, 31510, 32337, 33330, 34138, 34798, 34804, 35680, 36516, 37670, 38768, 39032, 39241, 39731, 40741, 41583, 42401, 42992, 43218, 44128, 45120, 45633, 46308, 46317, 46336, 47342, 48305, 48985, 49664, 49669, 50688, 51818, 52261, 53005, 54127, 54982, 55801, 56050, 56685, 57338, 58205, 59291, 60541, 61203, 61763, 62043, 62834, 63714, 64202, 65309, 66358, 67193, 67750, 67990, 68989, 69624, 70404, 71182, 71806, 72786, 73271, 74057, 74898, 75822, 76600, 76816, 77859, 78780, 79104, 80051, 81007, 82566, 83720, 84882, 85740, 86008, 87144, 88371, 89496, 89505, 90386, 91139, 91453, 92494, 92738, 93226, 93630, 94399, 94653, 95409, 95639, 96327, 97214, 98179, 98918, 100188, 101192, 102019, 102971, 103788, 104435, 105236, 105940, 106889, 107767, 108998, 109780, 110512, 111266, 111871, 112528, 113284, 114132, 114929, 115520, 116745, 116751, 117287, 117521, 118194, 118897, 119463, 120373, 121173, 121885, 122441, 122685, 123556, 124604, 125469, 126071, 127037, 128234, 129100, 129979, 130577, 131141, 131781, 132794, 133489, 133497, 134767, 135722, 135992, 136869, 137099, 137767, 137991, 139062, 140179, 141340, 141868, 143127, 144169, 144876, 145523, 146289, 147247, 148024, 148556, 149215, 149868, 150463, 151093, 151825, 152683, 153591, 154422, 155175, 155885, 156734, 157464, 158391, 159501, 159511, 160068, 161536, 162631, 162917, 163922, 164821, 165737, 166109, 166857, 167834, 168912, 169990, 170933, 172084, 172152, 172855, 173349, 173955, 174695, 174926, 175848, 176839, 177356, 177878, 178804, 178810, 179685, 181168, 182341, 183215, 183871, 184408, 185436, 186408, 186996, 187262, 188043, 188526, 189043, 190269, 191153, 191910, 193208, 194064, 194800, 195587, 197646, 197663, 197772, 198143]
15,69,[602, 5708, 6803, 11291, 13695, 17386, 22858, 23069, 23128, 23436, 26681, 27106, 27134, 27285, 27503, 29608, 29830, 30581, 31022, 31694, 37621, 37837, 42647, 42767, 43111, 43676, 43730, 44018, 44606, 44768, 44996, 49086, 56039, 57986, 58298, 58521, 58543, 58991, 59479, 59499, 63048, 63051, 63072, 63410, 67454, 72969, 73230, 74311, 77547, 84827, 97406, 105461, 107895, 111666, 112301, 121068, 123949, 124220, 125879, 125896, 126222, 128008, 128337, 134539, 137965, 139536, 154029, 160917, 169456]
16,18,[1776, 5358, 5371, 5386, 5401, 6332, 8975, 11152, 11499, 18272, 19364, 19975, 23000, 23007, 28432, 28697, 29471, 37643]
17,306,[767, 1734, 3912, 6539, 6551, 11634, 13286, 15862, 18209, 18226, 18267, 18440, 18484, 18686, 18825, 23679, 23687, 25280, 26130, 27422, 28598, 28620, 28624, 29124, 29427, 29525, 29698, 31710, 33124, 33443, 33979, 35553, 35564, 36583, 37385, 37408, 37435, 37533, 37710, 37803, 39339, 40606, 43138, 43152, 43208, 43578, 43929, 44329, 44802, 44834, 46840, 46847, 46922, 50920, 51890, 52311, 55667, 55704, 57893, 58163, 58183, 58348, 59066, 59366, 60067, 60097, 60110, 60148, 60155, 60170, 60176, 60193, 60216, 60231, 60257, 60333, 60451, 64789, 66543, 66560, 68786, 69398, 69610, 70484, 70870, 74463, 74765, 74776, 75808, 76150, 76634, 76636, 76674, 76714, 76748, 81046, 81254, 81422, 82300, 84752, 86091, 86097, 86110, 86489, 87546, 88747, 90053, 90520, 91837, 92721, 93650, 94177, 94314, 95504, 97688, 98564, 99198, 101329, 101632, 101661, 101817, 101837, 102657, 102783, 104939, 105104, 106587, 106608, 106635, 106719, 106782, 107560, 108767, 108780, 108907, 109745, 109767, 109794, 110734, 112223, 112586, 113551, 113949, 114244, 115878, 117745, 117839, 118395, 125368, 125750, 126402, 127281, 128919, 129332, 129417, 129560, 130693, 134074, 134118, 134544, 134802, 135040, 135274, 136546, 137214, 139722, 143472, 149010, 149647, 150354, 150380, 152234, 152241, 152446, 152463, 153767, 155081, 161592, 164290, 164603, 164607, 169315, 170475, 170880, 170933, 173464, 173517, 173765, 173777, 175051, 175083, 176137, 176466, 176600, 176614, 176630, 176640, 176671, 176951, 176966, 177337, 178298, 179150, 179153, 179160, 179971, 180623, 181429, 181583, 181731, 181794, 181801, 181820, 181887, 182083, 182089, 182485, 182493, 182588, 182600, 182643, 184259, 184432, 184890, 185510, 185708, 186200, 186784, 186879, 187576, 187639, 187673, 187705, 187737, 187788, 187791, 187794, 187805, 187821, 187827, 187834, 187847, 187852, 187858, 187866, 187890, 187899, 188095, 188226, 188401, 189436, 190166, 190254, 190416, 190923, 192079, 192772, 196813, 197680, 197687, 198178, 198478, 198992, 199064, 199104, 199189, 199283, 199533, 200335, 200828, 200893, 200911, 201966, 202212, 202973, 203066, 203087, 203094, 203258, 204058, 204546, 206203, 207202, 209166, 209846, 211412, 211457, 211638, 213335, 213341, 213366, 213430, 213441, 213463, 213545, 213555, 213596, 213642, 213765, 214686, 214711, 214964, 215099, 215495, 215515, 217233]
18,16,[7426, 8989, 23567, 28607, 28869, 28973, 29372, 30004, 45648, 55702, 59264, 61919, 107057, 107181, 117782, 120174]
19,5,[3422, 9672, 13988, 22216, 22283]
20,34,[1248, 2553, 2833, 4515, 9831, 10954, 14140, 16439, 22256, 22258, 26831, 27133, 27545, 29462, 34094, 34114, 37557, 38907, 39921, 40456, 41305, 42498, 42514, 43111, 52025, 53646, 54979, 57513, 62358, 62413, 64037, 64128, 65727, 65772]
21,14,[1940, 2368, 2413, 2614, 2697, 2834, 3608, 3689, 3794, 19053, 21149, 21874, 26535, 30370]
22,50,[13509, 25028, 68640, 70675, 71835, 72360, 79605, 81085, 81266, 81298, 81307, 81311, 81326, 81329, 81340, 81356, 81362, 81365, 81367, 81370, 81373, 81377, 81380, 81423, 81425, 81444, 81461, 107588, 114669, 118276, 140107, 140348, 140382, 140399, 140403, 140536, 140663, 140828, 140833, 140923, 140929, 141009, 141012, 141917, 145587, 150260, 152336, 152699, 153268, 154889]
23,29,[2985, 3397, 3906, 4419, 4426, 4465, 4763, 8293, 11254, 12755, 14223, 20116, 20649, 21368, 23035, 25076, 27737, 27908, 27968, 27972, 27997, 28005, 28013, 28032, 28057, 28066, 28087, 28104, 29551]
24,8,[3841, 5827, 10842, 16773, 24072, 26228, 43018, 43022]
25,270,[1431, 1442, 1450, 1456, 3485, 4469, 5351, 6295, 6816, 7521, 8261, 8988, 9641, 10793, 11679, 12165, 12881, 13805, 14709, 15434, 16067, 16314, 17134, 17727, 17909, 18896, 19621, 20489, 21012, 21112, 21794, 22731, 23317, 23586, 24606, 24613, 24890, 25380, 26092, 27236, 27926, 27933, 28823, 29548, 30442, 31216, 32163, 32919, 33512, 33518, 34322, 35149, 36274, 37341, 37569, 37751, 38180, 39172, 39978, 40737, 41264, 41462, 42319, 43295, 43826, 44425, 44456, 44465, 45500, 46422, 47076, 47717, 47722, 48681, 49709, 50122, 50841, 51965, 52797, 53496, 53707, 54291, 54979, 55827, 56943, 58130, 58737, 59291, 59609, 60388, 61203, 61773, 61926, 63374, 64102, 64594, 64804, 65756, 66433, 67163, 67885, 68459, 69325, 69757, 70491, 71302, 72215, 73019, 73225, 74224, 75216, 75504, 76427, 77316, 78849, 79993, 81215, 82130, 82372, 83447, 84694, 85787, 85796, 86648, 87346, 87628, 88624, 88827, 89275, 89656, 90463, 90692, 91391, 91588, 92258, 93107, 94076, 94833, 96170, 97069, 97853, 98819, 99671, 100250, 100972, 101615, 102499, 103333, 104473, 105191, 106054, 106741, 107281, 107869, 108571, 109382, 110065, 110607, 111778, 111784, 112284, 112479, 113091, 113855, 114407, 115279, 116072, 116804, 117301, 117519, 118404, 119383, 120168, 120783, 121711, 122793, 123614, 124452, 124984, 125494, 126096, 127048, 127778, 127786, 128992, 129973, 130213, 131031, 131273, 131924, 132132, 133119, 134337, 135443, 135913, 137190, 138197, 138867, 139455, 140207, 141201, 141990, 142471, 143091, 143681, 144238, 144820, 145477, 146309, 147106, 147876, 148585, 149274, 150057, 150737, 151649, 152642, 152652, 153221, 153365, 154787, 155857, 156110, 157087, 157965, 158861, 159203, 159894, 160906, 161967, 163044, 163945, 165232, 165297, 165975, 166408, 166964, 167673, 167872, 168739, 169689, 170140, 170594, 171456, 171462, 172282, 173753, 174899, 175750, 176364, 176871, 177860, 178770, 179298, 179540, 180283, 180772, 181252, 182599, 183858, 185069, 185900, 186617, 187357, 193064, 193250, 195013, 195584, 199997, 200486]
26,35,[243, 1612, 2970, 3276, 5028, 10383, 11518, 14726, 17089, 23012, 23014, 27653, 27958, 28373, 30305, 34967, 34990, 38472, 39851, 40859, 41396, 42242, 43434, 43449, 44063, 53105, 54773, 56141, 58681, 63695, 63751, 65427, 65521, 67142, 67188]
27,71,[528, 6429, 6467, 6699, 6895, 7578, 9615, 13158, 13163, 14698, 14702, 14744, 15281, 15495, 15522, 15527, 15565, 17098, 17257, 19534, 21522, 21632, 22155, 22196, 22658, 24144, 25979, 26835, 27458, 29362, 29751, 30361, 35691, 36488, 37123, 38511, 44515, 44526, 44550, 51630, 52948, 55275, 55390, 57475, 59549, 64672, 66435, 70605, 70610, 73256, 73933, 75064, 75647, 77783, 80737, 84071, 84179, 88215, 89952, 94478, 98594, 99742, 99873, 100001, 100040, 101897, 106497, 107959, 108187, 108951, 109228]
28,8,[453, 555, 626, 910, 1003, 1168, 1661, 1694]
30,958,[1148, 1176, 1191, 1320, 1925, 2370, 2375, 2405, 2412, 2433, 2511, 2537, 2545, 2576, 2603, 2935, 5367, 5381, 5540, 5632, 5914, 5921, 6040, 6213, 6523, 7734, 7965, 8002, 8044, 8124, 8131, 8347, 8353, 8433, 9885, 10203, 10224, 10671, 11264, 11620, 11794, 12848, 13704, 14144, 14162, 14238, 14721, 14743, 14762, 14825, 14992, 16442, 16448, 16839, 16846, 17109, 17152, 17179, 17201, 17306, 17336, 17372, 17396, 17524, 17560, 17570, 17601, 19075, 19252, 19765, 19772, 19802, 19811, 19820, 20233, 21125, 21148, 21151, 21162, 21166, 21248, 21314, 22048, 22095, 22144, 22152, 23011, 23022, 23041, 23053, 23066, 23083, 23636, 23656, 25519, 25650, 25668, 30212, 30441, 30446, 31447, 32004, 32011, 32379, 32629, 33041, 33101, 34510, 34574, 34578, 36866, 40937, 41347, 42190, 42480, 42667, 42737, 42751, 44020, 44037, 44346, 45856, 46030, 49179, 51674, 53236, 53354, 53375, 53582, 53803, 54887, 57269, 70968, 71340, 71347, 71928, 72635, 73001, 73603, 74775, 74789, 74867, 74892, 81518, 83274, 86798, 87380, 87387, 87609, 91481, 91490, 93894, 96954, 96981, 97837, 98062, 98319, 102472, 107013, 108794, 108811, 109644, 110545, 111512, 112096, 112347, 113285, 113437, 113748, 114983, 115040, 115846, 115956, 116134, 117106, 117147, 117401, 117413, 117424, 117452, 118666, 119454, 119577, 121128, 121135, 121168, 121240, 121517, 122001, 122745, 124002, 124763, 126449, 130832, 132053, 132064, 132566, 133756, 137447, 137869, 140424, 141025, 142867, 144248, 144271, 144419, 144536, 144612, 144617, 144960, 149980, 153215, 153338, 153617, 153640, 153781, 154868, 154989, 155816, 156881, 156887, 156898, 159661, 159668, 159674, 159715, 159722, 160171, 160686, 161362, 161476, 161484, 161613, 161664, 161674, 161735, 161756, 161763, 162180, 165607, 165742, 165749, 166183, 166206, 168636, 169410, 169417, 170586, 170592, 170598, 170608, 171556, 172276, 172513, 173087, 174146, 175713, 175935, 177959, 178041, 178048, 178108, 178211, 178609, 178612, 180385, 183755, 184591, 184598, 184672, 185357, 185494, 185497, 185641, 185884, 186221, 186225, 186326, 186540, 186613, 186989, 187122, 187402, 189311, 189328, 189385, 189495, 189533, 190624, 191177, 192413, 193537, 194145, 194154, 195766, 196308, 197785, 198256, 198349, 200336, 200341, 201788, 203063, 203111, 203136, 204794, 204805, 205946, 205965, 205984, 206014, 206044, 206281, 206402, 206456, 206626, 206634, 206675, 206694, 206729, 206861, 207421, 207532, 208054, 209327, 209605, 210657, 212105, 212110, 212329, 212360, 212531, 213685, 213692, 214976, 214983, 215026, 215048, 215201, 215209, 217603, 218509, 219114, 220519, 222637, 225252, 227908, 229139, 229270, 229742, 229843, 230566, 232306, 234749, 234823, 234903, 235203, 235350, 236863, 236971, 237036, 237104, 237309, 237539, 237559, 238597, 238612, 238885, 238936, 238986, 238994, 239391, 239429, 239508, 240144, 240233, 240766, 242861, 242866, 242886, 242890, 243017, 243563, 244412, 245318, 245417, 246247, 246603, 246955, 247718, 247836, 247859, 248085, 248197, 248322, 248543, 248546, 248836, 248900, 250580, 250987, 251014, 251047, 251064, 251323, 251552, 254230, 255176, 255237, 256059, 256123, 256942, 256950, 257966, 257982, 258002, 258020, 258050, 258082, 258361, 258479, 258538, 258718, 258763, 258782, 258817, 258947, 259422, 259477, 259579, 262046, 262051, 262133, 262930, 264620, 265555, 265575, 266071, 266184, 266879, 267857, 268637, 269468, 269567, 269750, 270033, 270431, 270617, 270983, 273267, 274314, 274407, 274693, 276708, 278177, 279480, 279838, 280260, 281605, 283551, 283593, 287280, 288230, 288301, 288391, 292747, 293066, 293294, 293675, 295519, 295533, 295625, 296492, 296770, 297309, 302619, 310904, 310910, 310916, 311654, 312028, 312039, 312174, 312201, 312246, 312309, 314353, 314595, 314639, 314684, 315195, 315393, 315718, 316395, 316726, 317505, 317547, 319827, 320335, 320375, 320528, 320875, 321267, 322311, 322447, 322508, 323868, 323899, 324124, 324606, 324647, 325006, 325015, 325938, 326034, 326719, 326725, 326758, 327221, 327269, 327382, 327431, 327473, 327614, 329155, 329191, 329201, 329540, 329928, 330065, 330088, 330565, 330590, 330603, 331200, 331245, 331364, 332181, 332221, 332943, 333022, 333462, 333506, 333621, 333933, 334012, 334127, 334899, 334922, 335535, 336046, 336955, 337084, 337455, 337622, 337627, 337650, 337821, 338087, 338184, 338234, 338396, 338411, 338430, 338586, 339207, 340059, 340723, 340937, 341378, 341830, 341861, 341984, 342546, 342563, 342929, 343164, 343424, 343585, 343849, 343863, 344113, 344555, 344643, 344648, 344713, 348108, 351232, 352505, 352591, 355791, 355796, 355868, 358659, 358804, 360979, 364500, 365914, 366234, 366769, 368339, 368350, 369326, 370624, 372840, 373060, 373463, 373581, 375296, 375955, 381234, 381486, 381895, 382024, 382523, 382539, 383207, 383224, 384072, 384393, 384406, 384438, 384594, 384639, 384814, 384909, 385798, 386237, 386566, 386575, 387218, 387815, 387929, 387939, 387960, 388445, 389394, 389697, 390396, 390403, 390922, 390958, 391010, 391067, 391100, 391218, 391345, 391651, 391668, 392064, 392509, 394262, 396727, 396739, 396761, 396808, 397206, 398651, 398886, 399047, 399449, 399556, 399600, 400068, 400302, 400819, 400873, 400991, 401029, 401216, 401680, 402400, 404070, 404259, 405714, 406182, 406213, 406227, 407509, 407956, 408173, 408281, 408817, 409710, 410014, 410080, 410117, 411794, 412372, 412425, 412792, 413110, 413257, 413522, 414183, 414188, 416145, 420202, 420541, 420546, 421213, 421971, 421997, 424420, 425210, 426099, 426305, 429053, 440788, 440904, 441076, 441277, 441538, 441688, 444422, 452555, 452579, 452614, 452628, 454482, 454495, 454753, 454988, 457727, 457769, 462019, 462200, 462959, 463117, 464736, 464741, 465052, 468835, 469188, 469227, 469500, 471642, 471696, 471758, 472246, 476743, 476872, 477942, 478785, 478951, 479304, 479539, 480521, 480665, 483487, 483494, 483816, 484273, 485165, 487318, 488255, 488329, 488515, 490832, 491236, 492964, 493823, 493981, 494241, 494728, 494735, 494855, 494868, 494873, 494962, 494985, 495073, 495806, 495899, 496340, 496381, 496423, 498768, 499572, 499575, 499582, 501421, 501726, 501738, 501761, 502654, 506760, 507091, 507950, 508764, 510882, 510981, 511053, 514422, 515332, 518173, 518177, 518443, 519114, 521988, 522012, 522034, 522054, 523395, 523407, 524853, 525011, 527803, 527969, 528103, 528357, 528366, 528442, 528730, 528866, 528892, 528913, 529522, 529595, 532944, 535121, 536591, 536623, 537166, 537716, 540516, 544368, 545494, 545587, 545647, 548358, 548863, 549008, 549093, 550169, 550508, 552452, 552461, 556246, 556604, 558041, 558287, 559519, 559533, 559724, 560085, 560174, 560702, 560710, 560749, 560984, 561102, 561122, 561379, 561564, 563677, 565145, 565461, 565724, 565916, 565920, 566267, 566312, 566358, 566467, 566481, 566718, 567454, 567699, 567722, 569151, 569405, 569487, 570205, 570219, 570239, 570349, 570482, 570497, 571613, 571697, 572944, 572976, 574699, 574747, 574937, 575548, 577333, 577488, 577573, 579056, 579996, 582293, 583770, 584368, 585260, 588370, 588873, 590823, 591697, 591801, 591874, 591895, 593251, 593614, 606041, 607481, 608631, 608635, 608638, 610823, 612878, 613287, 614945, 615914, 617776, 618209, 619332, 622990, 623709, 624752, 624852, 626552, 628551, 629302, 629918, 629934, 630415, 630559, 631640, 631872, 631988, 632257, 632353, 632362, 632438, 632534, 632538, 632558, 633593, 634504, 634854, 634865, 635841, 636336, 636455, 636710, 636716, 636760, 637050, 637336, 637387, 637694, 638102, 639336, 639352, 639411, 640671]
