13,1,[301]
14,28,[11371, 16180, 30325, 37222, 43929, 43949, 57976, 67503, 77659, 78750, 84563, 86684, 88091, 99525, 107466, 117301, 117344, 120926, 122423, 138795, 139861, 139864, 153294, 180891, 180914, 185136, 192853, 199568]
15,3,[34590, 75666, 135742]
18,13,[797, 16104, 17327, 17366, 17394, 30950, 30954, 38713, 52166, 67715, 114072, 115247, 125068]
22,6,[35916, 77467, 77469, 110252, 111717, 116786]
25,37,[11463, 11524, 16028, 24443, 29358, 35856, 35908, 38968, 42136, 42153, 44215, 57964, 64380, 75188, 80845, 83012, 84430, 95405, 103061, 112297, 112336, 115846, 117287, 119162, 132876, 132918, 134047, 134050, 169522, 169525, 173482, 173502, 175549, 177568, 178562, 184730, 201914]
13,1,[301]
14,28,[11371, 16180, 30325, 37222, 43929, 43949, 57976, 67503, 77659, 78750, 84563, 86684, 88091, 99525, 107466, 117301, 117344, 120926, 122423, 138795, 139861, 139864, 153294, 180891, 180914, 185136, 192853, 199568]
15,3,[34590, 75666, 135742]
18,13,[797, 16104, 17327, 17366, 17394, 30950, 30954, 38713, 52166, 67715, 114072, 115247, 125068]
22,6,[35916, 77467, 77469, 110252, 111717, 116786]
25,37,[11463, 11524, 16028, 24443, 29358, 35856, 35908, 38968, 42136, 42153, 44215, 57964, 64380, 75188, 80845, 83012, 84430, 95405, 103061, 112297, 112336, 115846, 117287, 119162, 132876, 132918, 134047, 134050, 169522, 169525, 173482, 173502, 175549, 177568, 178562, 184730, 201914]
