10,6,[208136, 208154, 208439, 208703, 208707, 208714]
14,111,[859, 5714, 7830, 11361, 12126, 13567, 16033, 17198, 19088, 20647, 23002, 23045, 23055, 25199, 25449, 26709, 27812, 29564, 32110, 33936, 37277, 38593, 40565, 42215, 43040, 44845, 48111, 48814, 50489, 51532, 52770, 53913, 54706, 55707, 58997, 60351, 62632, 65042, 66131, 66962, 68772, 72601, 73816, 74680, 76496, 78558, 81917, 83423, 84548, 85640, 89250, 90190, 92304, 95277, 95417, 96979, 97945, 98721, 100974, 103611, 106670, 108797, 113882, 116468, 117295, 117309, 120181, 124363, 126825, 127982, 129766, 132543, 133264, 135600, 138842, 139917, 141143, 142853, 143923, 145323, 147038, 152402, 154194, 154959, 155698, 156512, 158062, 159251, 161291, 162501, 163659, 164572, 165469, 167618, 169729, 170713, 171836, 172667, 175569, 176648, 179366, 180807, 182111, 182125, 183009, 185138, 186172, 190912, 191662, 193848, 196394]
15,5,[21852, 34914, 45805, 65147, 82007]
18,23,[120, 16003, 16623, 16644, 17242, 17249, 17274, 17288, 17353, 17413, 36421, 36617, 38671, 52164, 64568, 67626, 81460, 113855, 114037, 114126, 114142, 121804, 125100]
22,4,[12324, 36818, 111714, 123709]
25,117,[120, 6059, 8102, 11514, 12227, 13586, 15898, 16976, 18691, 19429, 20294, 22530, 24496, 24738, 26955, 28599, 31010, 32740, 35906, 37181, 39013, 40576, 41304, 43041, 46251, 46919, 48497, 49437, 50610, 51769, 52527, 53428, 54138, 55621, 56662, 57962, 59428, 60206, 60882, 63167, 63900, 64508, 65580, 69175, 70268, 71103, 72938, 74052, 75014, 78237, 79685, 80828, 82051, 85563, 86470, 88456, 91276, 91398, 92880, 93838, 94664, 96876, 98580, 99510, 102305, 104296, 109162, 111530, 112291, 112305, 115108, 119160, 119995, 121522, 122574, 124273, 126825, 127579, 129869, 131857, 132916, 134096, 135281, 136924, 137966, 139287, 141013, 146056, 146844, 147671, 148382, 149099, 149860, 151350, 152422, 154520, 155746, 156848, 157739, 158628, 160709, 162785, 163744, 165017, 165819, 168479, 169520, 171197, 171991, 173408, 174695, 175547, 177571, 178558, 183621, 185708, 188209]
30,6,[207994, 208012, 208297, 208561, 208565, 208572]
10,6,[208136, 208154, 208439, 208703, 208707, 208714]
14,111,[859, 5714, 7830, 11361, 12126, 13567, 16033, 17198, 19088, 20647, 23002, 23045, 23055, 25199, 25449, 26709, 27812, 29564, 32110, 33936, 37277, 38593, 40565, 42215, 43040, 44845, 48111, 48814, 50489, 51532, 52770, 53913, 54706, 55707, 58997, 60351, 62632, 65042, 66131, 66962, 68772, 72601, 73816, 74680, 76496, 78558, 81917, 83423, 84548, 85640, 89250, 90190, 92304, 95277, 95417, 96979, 97945, 98721, 100974, 103611, 106670, 108797, 113882, 116468, 117295, 117309, 120181, 124363, 126825, 127982, 129766, 132543, 133264, 135600, 138842, 139917, 141143, 142853, 143923, 145323, 147038, 152402, 154194, 154959, 155698, 156512, 158062, 159251, 161291, 162501, 163659, 164572, 165469, 167618, 169729, 170713, 171836, 172667, 175569, 176648, 179366, 180807, 182111, 182125, 183009, 185138, 186172, 190912, 191662, 193848, 196394]
15,5,[21852, 34914, 45805, 65147, 82007]
18,23,[120, 16003, 16623, 16644, 17242, 17249, 17274, 17288, 17353, 17413, 36421, 36617, 38671, 52164, 64568, 67626, 81460, 113855, 114037, 114126, 114142, 121804, 125100]
22,4,[12324, 36818, 111714, 123709]
25,117,[120, 6059, 8102, 11514, 12227, 13586, 15898, 16976, 18691, 19429, 20294, 22530, 24496, 24738, 26955, 28599, 31010, 32740, 35906, 37181, 39013, 40576, 41304, 43041, 46251, 46919, 48497, 49437, 50610, 51769, 52527, 53428, 54138, 55621, 56662, 57962, 59428, 60206, 60882, 63167, 63900, 64508, 65580, 69175, 70268, 71103, 72938, 74052, 75014, 78237, 79685, 80828, 82051, 85563, 86470, 88456, 91276, 91398, 92880, 93838, 94664, 96876, 98580, 99510, 102305, 104296, 109162, 111530, 112291, 112305, 115108, 119160, 119995, 121522, 122574, 124273, 126825, 127579, 129869, 131857, 132916, 134096, 135281, 136924, 137966, 139287, 141013, 146056, 146844, 147671, 148382, 149099, 149860, 151350, 152422, 154520, 155746, 156848, 157739, 158628, 160709, 162785, 163744, 165017, 165819, 168479, 169520, 171197, 171991, 173408, 174695, 175547, 177571, 178558, 183621, 185708, 188209]
30,6,[207994, 208012, 208297, 208561, 208565, 208572]
