10,3,[578876, 600832, 603084]
14,2,[39367, 122106]
15,3,[51749, 107900, 113974]
18,19,[9788, 19463, 20282, 38183, 40318, 41363, 41365, 46491, 46937, 46940, 46978, 47570, 48525, 51965, 52895, 53154, 82987, 123566, 135122]
21,2,[14362, 23629]
22,1,[91236]
23,1,[24483]
25,2,[37861, 117007]
30,3,[578696, 600635, 602887]
10,3,[578876, 600832, 603084]
14,2,[39367, 122106]
15,3,[51749, 107900, 113974]
18,19,[9788, 19463, 20282, 38183, 40318, 41363, 41365, 46491, 46937, 46940, 46978, 47570, 48525, 51965, 52895, 53154, 82987, 123566, 135122]
21,2,[14362, 23629]
22,1,[91236]
23,1,[24483]
25,2,[37861, 117007]
30,3,[578696, 600635, 602887]
