10,18,[134959, 134972, 147471, 149869, 150004, 197765, 231698, 284450, 288694, 288716, 314369, 364465, 404160, 408903, 429858, 442627, 482969, 591484]
15,4,[69281, 87426, 131231, 173052]
17,7,[26355, 29762, 31516, 37354, 41034, 45488, 52863]
20,3,[14032, 27612, 56065]
21,1,[20744]
23,1,[3051]
26,3,[14619, 28440, 57223]
30,18,[134847, 134860, 147358, 149756, 149891, 197633, 231548, 284294, 288538, 288560, 314210, 364302, 403994, 408737, 429691, 442457, 482804, 591299]
10,18,[134959, 134972, 147471, 149869, 150004, 197765, 231698, 284450, 288694, 288716, 314369, 364465, 404160, 408903, 429858, 442627, 482969, 591484]
15,4,[69281, 87426, 131231, 173052]
17,7,[26355, 29762, 31516, 37354, 41034, 45488, 52863]
20,3,[14032, 27612, 56065]
21,1,[20744]
23,1,[3051]
26,3,[14619, 28440, 57223]
30,18,[134847, 134860, 147358, 149756, 149891, 197633, 231548, 284294, 288538, 288560, 314210, 364302, 403994, 408737, 429691, 442457, 482804, 591299]
