10,38,[115612, 120886, 304649, 304814, 312595, 313097, 318124, 318794, 319897, 326260, 326676, 326789, 326805, 326812, 327587, 329967, 329972, 330618, 337162, 337254, 337854, 356102, 356501, 356636, 367304, 369653, 373276, 373596, 376707, 381196, 396003, 405414, 438743, 439906, 443349, 478615, 480236, 480285]
17,10,[34348, 36747, 70211, 81718, 84559, 84610, 86809, 118006, 198147, 198215]
22,1,[125113]
23,1,[30628]
27,1,[99923]
30,38,[115501, 120775, 304491, 304656, 312436, 312938, 317965, 318635, 319738, 326101, 326517, 326630, 326646, 326653, 327428, 329808, 329813, 330459, 337003, 337095, 337695, 355943, 356342, 356477, 367141, 369490, 373113, 373433, 376544, 381033, 395837, 405248, 438573, 439736, 443179, 478447, 480068, 480117]
10,38,[115612, 120886, 304649, 304814, 312595, 313097, 318124, 318794, 319897, 326260, 326676, 326789, 326805, 326812, 327587, 329967, 329972, 330618, 337162, 337254, 337854, 356102, 356501, 356636, 367304, 369653, 373276, 373596, 376707, 381196, 396003, 405414, 438743, 439906, 443349, 478615, 480236, 480285]
17,10,[34348, 36747, 70211, 81718, 84559, 84610, 86809, 118006, 198147, 198215]
22,1,[125113]
23,1,[30628]
27,1,[99923]
30,38,[115501, 120775, 304491, 304656, 312436, 312938, 317965, 318635, 319738, 326101, 326517, 326630, 326646, 326653, 327428, 329808, 329813, 330459, 337003, 337095, 337695, 355943, 356342, 356477, 367141, 369490, 373113, 373433, 376544, 381033, 395837, 405248, 438573, 439736, 443179, 478447, 480068, 480117]
