14,2,[10659, 182368]
15,23,[5623, 10144, 12240, 17713, 20963, 37972, 38102, 47551, 68449, 68580, 68629, 85723, 91922, 92028, 95164, 105435, 126219, 126777, 127155, 127284, 132162, 152915, 160888]
22,3,[51324, 56001, 116985]
23,4,[176, 5458, 19613, 20397]
25,2,[10836, 174923]
14,2,[10659, 182368]
15,23,[5623, 10144, 12240, 17713, 20963, 37972, 38102, 47551, 68449, 68580, 68629, 85723, 91922, 92028, 95164, 105435, 126219, 126777, 127155, 127284, 132162, 152915, 160888]
22,3,[51324, 56001, 116985]
23,4,[176, 5458, 19613, 20397]
25,2,[10836, 174923]
