14,5,[18111, 63432, 86756, 93389, 187716]
15,3,[6216, 59449, 166917]
18,29,[5609, 6467, 6472, 6528, 6644, 6666, 8714, 9616, 9837, 9886, 10878, 11089, 11160, 18877, 24635, 28529, 30217, 30283, 30763, 38303, 39046, 45663, 54689, 66888, 69864, 70034, 72064, 103090, 103176]
21,7,[6442, 10168, 18805, 22053, 24617, 29020, 29367]
23,4,[10959, 12984, 14743, 21070]
24,23,[3269, 3437, 4655, 5261, 7037, 7391, 9273, 10692, 13330, 14248, 14764, 15073, 15119, 17374, 17776, 19564, 21326, 21333, 25241, 25276, 29366, 29767, 34977]
25,5,[17775, 60948, 83082, 89436, 179984]
14,5,[18111, 63432, 86756, 93389, 187716]
15,3,[6216, 59449, 166917]
18,29,[5609, 6467, 6472, 6528, 6644, 6666, 8714, 9616, 9837, 9886, 10878, 11089, 11160, 18877, 24635, 28529, 30217, 30283, 30763, 38303, 39046, 45663, 54689, 66888, 69864, 70034, 72064, 103090, 103176]
21,7,[6442, 10168, 18805, 22053, 24617, 29020, 29367]
23,4,[10959, 12984, 14743, 21070]
24,23,[3269, 3437, 4655, 5261, 7037, 7391, 9273, 10692, 13330, 14248, 14764, 15073, 15119, 17374, 17776, 19564, 21326, 21333, 25241, 25276, 29366, 29767, 34977]
25,5,[17775, 60948, 83082, 89436, 179984]
