14,9,[234, 1466, 14135, 30758, 84605, 84668, 85668, 152437, 152471]
15,3,[46737, 78487, 155111]
18,3,[16874, 30353, 120956]
22,7,[4242, 55809, 56095, 87669, 87692, 90263, 110508]
25,9,[443, 1684, 29745, 80893, 80981, 82074, 146085, 146109, 181779]
27,4,[7410, 34165, 34874, 37913]
14,9,[234, 1466, 14135, 30758, 84605, 84668, 85668, 152437, 152471]
15,3,[46737, 78487, 155111]
18,3,[16874, 30353, 120956]
22,7,[4242, 55809, 56095, 87669, 87692, 90263, 110508]
25,9,[443, 1684, 29745, 80893, 80981, 82074, 146085, 146109, 181779]
27,4,[7410, 34165, 34874, 37913]
