10,1,[573016]
14,36,[324, 4777, 19927, 20302, 27874, 27925, 28311, 31301, 31703, 35426, 35452, 73456, 81455, 89739, 101977, 102744, 102776, 109546, 109597, 109971, 110056, 128005, 128042, 128047, 128083, 128236, 128426, 128745, 128856, 128875, 129135, 129304, 129666, 197387, 200491, 201046]
15,1,[150581]
25,58,[533, 5173, 19463, 27009, 27057, 30267, 34089, 34127, 77769, 97806, 98610, 98637, 104973, 105021, 105637, 122619, 122640, 122655, 122795, 122936, 123289, 123389, 123421, 123657, 124180, 181789, 189653, 189757, 189866, 191440, 191527, 191996, 192315, 192707, 192861, 193353, 193672, 194260, 194463, 194681, 194881, 195483, 195971, 196070, 196328, 196474, 196717, 197019, 197345, 197609, 198276, 199218, 199245, 199379, 199732, 199938, 202835, 203394]
26,1,[60158]
30,1,[572836]
10,1,[573016]
14,36,[324, 4777, 19927, 20302, 27874, 27925, 28311, 31301, 31703, 35426, 35452, 73456, 81455, 89739, 101977, 102744, 102776, 109546, 109597, 109971, 110056, 128005, 128042, 128047, 128083, 128236, 128426, 128745, 128856, 128875, 129135, 129304, 129666, 197387, 200491, 201046]
15,1,[150581]
25,58,[533, 5173, 19463, 27009, 27057, 30267, 34089, 34127, 77769, 97806, 98610, 98637, 104973, 105021, 105637, 122619, 122640, 122655, 122795, 122936, 123289, 123389, 123421, 123657, 124180, 181789, 189653, 189757, 189866, 191440, 191527, 191996, 192315, 192707, 192861, 193353, 193672, 194260, 194463, 194681, 194881, 195483, 195971, 196070, 196328, 196474, 196717, 197019, 197345, 197609, 198276, 199218, 199245, 199379, 199732, 199938, 202835, 203394]
26,1,[60158]
30,1,[572836]
