10,2,[401752, 476746]
14,82,[329, 1442, 3914, 10205, 10256, 10340, 10434, 12081, 12835, 13657, 34659, 40663, 41424, 45181, 45264, 45681, 57363, 66375, 67834, 68902, 80991, 82072, 85825, 87176, 91790, 95665, 99590, 100110, 100171, 100848, 102765, 102775, 109621, 119354, 128041, 130918, 130990, 131144, 133590, 134057, 134090, 134317, 134816, 137134, 140313, 151468, 155190, 167728, 177895, 179430, 179691, 179772, 180036, 180071, 180086, 180092, 180097, 180101, 180656, 180675, 181066, 181309, 186958, 188563, 190185, 192434, 194081, 194090, 198359, 199303, 199545, 200239, 200519, 200523, 200529, 200533, 200661, 200951, 201019, 201124, 201364, 201617]
15,11,[2964, 6009, 6042, 33537, 43645, 60074, 77528, 83489, 120612, 121767, 151957]
17,1,[105740]
18,9,[6574, 6597, 6853, 17390, 19720, 20056, 20154, 20174, 21097]
19,2,[106, 1153]
22,4,[32177, 38216, 55254, 153470]
23,4,[721, 3092, 28176, 30347]
25,102,[538, 1660, 4287, 10414, 10464, 10542, 10625, 12190, 12898, 13658, 33381, 39102, 39829, 43355, 43434, 43872, 55001, 63388, 64661, 65685, 77295, 78383, 82196, 83476, 87943, 91614, 95459, 96090, 96154, 96772, 98626, 98636, 105043, 114306, 122618, 125355, 125497, 127875, 128311, 128344, 128568, 129038, 131305, 134468, 145162, 148597, 157160, 157188, 160807, 170608, 172039, 172288, 172366, 172609, 172616, 172625, 172635, 172641, 172647, 172681, 172689, 172695, 172700, 172704, 173265, 173283, 173654, 173855, 173891, 179273, 180820, 182728, 182743, 182822, 182831, 183070, 183127, 183157, 184415, 185936, 185944, 190202, 191810, 194262, 196722, 197150, 197153, 197921, 200694, 201636, 201890, 202584, 202864, 202868, 202875, 202879, 203008, 203299, 203367, 203489, 203725, 203977]
27,3,[2219, 61109, 92413]
30,2,[401586, 476577]
10,2,[401752, 476746]
14,82,[329, 1442, 3914, 10205, 10256, 10340, 10434, 12081, 12835, 13657, 34659, 40663, 41424, 45181, 45264, 45681, 57363, 66375, 67834, 68902, 80991, 82072, 85825, 87176, 91790, 95665, 99590, 100110, 100171, 100848, 102765, 102775, 109621, 119354, 128041, 130918, 130990, 131144, 133590, 134057, 134090, 134317, 134816, 137134, 140313, 151468, 155190, 167728, 177895, 179430, 179691, 179772, 180036, 180071, 180086, 180092, 180097, 180101, 180656, 180675, 181066, 181309, 186958, 188563, 190185, 192434, 194081, 194090, 198359, 199303, 199545, 200239, 200519, 200523, 200529, 200533, 200661, 200951, 201019, 201124, 201364, 201617]
15,11,[2964, 6009, 6042, 33537, 43645, 60074, 77528, 83489, 120612, 121767, 151957]
17,1,[105740]
18,9,[6574, 6597, 6853, 17390, 19720, 20056, 20154, 20174, 21097]
19,2,[106, 1153]
22,4,[32177, 38216, 55254, 153470]
23,4,[721, 3092, 28176, 30347]
25,102,[538, 1660, 4287, 10414, 10464, 10542, 10625, 12190, 12898, 13658, 33381, 39102, 39829, 43355, 43434, 43872, 55001, 63388, 64661, 65685, 77295, 78383, 82196, 83476, 87943, 91614, 95459, 96090, 96154, 96772, 98626, 98636, 105043, 114306, 122618, 125355, 125497, 127875, 128311, 128344, 128568, 129038, 131305, 134468, 145162, 148597, 157160, 157188, 160807, 170608, 172039, 172288, 172366, 172609, 172616, 172625, 172635, 172641, 172647, 172681, 172689, 172695, 172700, 172704, 173265, 173283, 173654, 173855, 173891, 179273, 180820, 182728, 182743, 182822, 182831, 183070, 183127, 183157, 184415, 185936, 185944, 190202, 191810, 194262, 196722, 197150, 197153, 197921, 200694, 201636, 201890, 202584, 202864, 202868, 202875, 202879, 203008, 203299, 203367, 203489, 203725, 203977]
27,3,[2219, 61109, 92413]
30,2,[401586, 476577]
