10,24,[6845, 58363, 58878, 80460, 106001, 107426, 136541, 137739, 137809, 137880, 138942, 139705, 139719, 152979, 169550, 253204, 253236, 433722, 455764, 460743, 461162, 461348, 462106, 468285]
15,4,[1775, 3537, 75244, 134555]
17,45,[54167, 105785, 105827, 105858, 105907, 105965, 129602, 133997, 134005, 134586, 134601, 134672, 134743, 134778, 136210, 136515, 136748, 137365, 141220, 141557, 149406, 149448, 149478, 149524, 149577, 149608, 151664, 151798, 151833, 151891, 151909, 155665, 155675, 157016, 157028, 161402, 169604, 170641, 171838, 173993, 193232, 193502, 200223, 200332, 207904]
19,7,[2943, 3013, 3112, 3766, 6067, 21526, 25437]
20,1,[62984]
24,1,[9987]
26,1,[64332]
27,1,[27175]
30,24,[6751, 58264, 58775, 80353, 105890, 107315, 136429, 137627, 137697, 137768, 138830, 139593, 139607, 152866, 169427, 253051, 253083, 433552, 455594, 460573, 460992, 461178, 461936, 468114]
10,24,[6845, 58363, 58878, 80460, 106001, 107426, 136541, 137739, 137809, 137880, 138942, 139705, 139719, 152979, 169550, 253204, 253236, 433722, 455764, 460743, 461162, 461348, 462106, 468285]
15,4,[1775, 3537, 75244, 134555]
17,45,[54167, 105785, 105827, 105858, 105907, 105965, 129602, 133997, 134005, 134586, 134601, 134672, 134743, 134778, 136210, 136515, 136748, 137365, 141220, 141557, 149406, 149448, 149478, 149524, 149577, 149608, 151664, 151798, 151833, 151891, 151909, 155665, 155675, 157016, 157028, 161402, 169604, 170641, 171838, 173993, 193232, 193502, 200223, 200332, 207904]
19,7,[2943, 3013, 3112, 3766, 6067, 21526, 25437]
20,1,[62984]
24,1,[9987]
26,1,[64332]
27,1,[27175]
30,24,[6751, 58264, 58775, 80353, 105890, 107315, 136429, 137627, 137697, 137768, 138830, 139593, 139607, 152866, 169427, 253051, 253083, 433552, 455594, 460573, 460992, 461178, 461936, 468114]
