6,1,[847]
8,1,[435]
9,1,[2425]
10,132,[16420, 48004, 48322, 48594, 55609, 56613, 79566, 103493, 103540, 103979, 132975, 133017, 135517, 137695, 137716, 137862, 138567, 138928, 138956, 139326, 139506, 139519, 139653, 139672, 139727, 140059, 140233, 144045, 145164, 148588, 159565, 205029, 231183, 244358, 257191, 305140, 308939, 309102, 321347, 331345, 336270, 354352, 356849, 360636, 362097, 369314, 369685, 381385, 382163, 385344, 392980, 392988, 393008, 394264, 394464, 394783, 396075, 396551, 399157, 400710, 402389, 405929, 407207, 407583, 411203, 421109, 421220, 421421, 421518, 421691, 423798, 423969, 424756, 426059, 430143, 433671, 433711, 433719, 433930, 434124, 441952, 442066, 445762, 450158, 453983, 454253, 454553, 455775, 455872, 456155, 456273, 456387, 456407, 456434, 456843, 457256, 457277, 457285, 457339, 457490, 457545, 457686, 458561, 460244, 460267, 460552, 461120, 461161, 461170, 461334, 461530, 461705, 461747, 462084, 470297, 470358, 470396, 470464, 470505, 470561, 471255, 471362, 480438, 488127, 490203, 491254, 491316, 491322, 494272, 540543, 583190, 640569]
13,1,[1217]
14,236,[274, 469, 718, 1044, 1294, 2898, 5676, 7167, 8894, 10275, 10337, 11460, 12155, 12252, 12270, 12341, 12351, 12394, 12444, 12461, 12493, 12570, 12646, 16156, 16160, 18733, 19211, 19941, 19985, 19997, 20077, 20769, 21130, 23301, 24085, 26789, 30420, 31352, 31365, 32180, 32232, 32249, 32376, 33220, 34158, 34361, 35447, 35480, 35487, 35532, 35617, 36362, 37325, 37368, 37434, 39023, 39522, 39631, 41534, 42284, 44981, 45159, 45795, 45815, 46201, 47254, 55058, 55060, 55062, 57234, 58043, 59134, 59247, 59259, 62852, 64097, 65174, 66008, 66197, 66237, 67083, 67736, 68909, 68913, 69393, 71030, 71087, 77748, 78726, 78730, 79909, 80781, 80797, 82017, 82045, 82206, 85853, 88190, 88319, 88870, 89312, 91117, 91128, 91304, 92616, 93171, 93193, 94670, 95382, 96107, 96706, 96714, 96852, 96857, 96863, 97014, 97028, 100143, 104295, 108212, 110427, 111138, 111760, 114154, 115406, 116597, 122503, 122523, 122911, 123466, 124511, 125664, 127053, 128105, 128922, 128935, 128969, 129032, 131037, 131582, 131612, 131662, 132608, 132634, 134291, 134304, 134560, 134567, 134613, 134795, 135706, 135860, 135869, 135876, 137135, 140311, 141757, 141780, 142943, 142950, 143994, 144046, 149788, 151712, 154329, 155140, 157303, 158350, 159460, 159665, 159879, 161378, 161412, 162964, 162966, 162968, 163746, 163861, 165548, 165555, 165562, 165594, 165639, 166697, 166748, 168657, 169821, 170030, 170044, 171909, 171914, 171956, 172052, 173260, 174678, 174765, 174778, 176749, 176754, 177893, 178598, 179504, 179582, 179750, 179800, 181225, 181227, 184327, 185262, 185285, 185291, 185793, 185823, 186946, 189831, 190066, 190586, 191752, 192995, 194082, 194819, 195906, 197368, 198763, 199925, 200505, 200510, 200536, 200540, 200543, 200544, 200549, 200553, 200560, 200889, 201921]
15,15,[3017, 3683, 5308, 25039, 28465, 55276, 55727, 77339, 77870, 84601, 84690, 85543, 95036, 135571, 136790]
17,37,[19097, 36403, 36779, 42073, 60799, 61188, 63565, 64534, 77345, 83109, 83147, 88712, 105623, 105763, 105957, 126359, 129392, 133883, 134135, 134146, 150706, 150980, 151818, 153058, 155787, 155798, 155817, 155869, 155880, 167410, 169764, 171831, 183695, 192607, 199580, 207101, 210580]
18,11,[6560, 8606, 12775, 20942, 32650, 34098, 38755, 40538, 81371, 136289, 141650]
19,13,[96, 1789, 2159, 2844, 2990, 3130, 3165, 5193, 14301, 22964, 25404, 27373, 27754]
20,12,[2195, 7919, 17210, 19798, 21175, 27027, 27258, 27435, 28867, 53680, 53928, 61739]
21,5,[1218, 27194, 27200, 27227, 35497]
22,4,[32157, 38095, 38215, 39388]
23,21,[589, 2877, 5152, 6553, 6712, 12494, 12612, 14444, 14450, 17635, 17665, 17669, 22063, 22188, 22445, 25771, 28135, 28158, 28232, 30281, 30321]
24,7,[261, 1189, 9104, 14475, 16441, 26962, 33001]
25,282,[483, 897, 1159, 1510, 3297, 6023, 7391, 9147, 10483, 10539, 11601, 12252, 12345, 12363, 12432, 12442, 12484, 12534, 12551, 12581, 12658, 12724, 16007, 16011, 18370, 18800, 19474, 19514, 19525, 19592, 20400, 20731, 22746, 23439, 25946, 29441, 30296, 30308, 31071, 31119, 31135, 31250, 32065, 33114, 34106, 34133, 34139, 34179, 34254, 34687, 35007, 35955, 35999, 36049, 37560, 37989, 38090, 39926, 40639, 43168, 43333, 44333, 45411, 54871, 55678, 56797, 56896, 56907, 60403, 61531, 61636, 61697, 63009, 63225, 63261, 64003, 64584, 65691, 65695, 66233, 67745, 67798, 74123, 75167, 75171, 76297, 77102, 77117, 78329, 78356, 78512, 82223, 84522, 84636, 85205, 85615, 87104, 87327, 87332, 87488, 88723, 89216, 89238, 90706, 91368, 92055, 92613, 92637, 92764, 92769, 92774, 92920, 92935, 95997, 96027, 96126, 97468, 100121, 105978, 106634, 107178, 110501, 111644, 117347, 117366, 118322, 119298, 120405, 121757, 122675, 123446, 123458, 123489, 123543, 125398, 125905, 125934, 125980, 126880, 126904, 128542, 128555, 128796, 128802, 128845, 129017, 129961, 130089, 130098, 130105, 131306, 134466, 135812, 135834, 137018, 137024, 138036, 138085, 143616, 145373, 147791, 148541, 150589, 151613, 152605, 152783, 152989, 154675, 156154, 156156, 156158, 156923, 157022, 158690, 158697, 158704, 158735, 158776, 159740, 159786, 161727, 162887, 163081, 163095, 165068, 165072, 165111, 165195, 166328, 167660, 167724, 167736, 169610, 169615, 170606, 171263, 172104, 172177, 172344, 172394, 173807, 173809, 176797, 177692, 177714, 177720, 178172, 178218, 179261, 181843, 182048, 182328, 182356, 182360, 182370, 182525, 182539, 182563, 182584, 182640, 182655, 182770, 182792, 182902, 182922, 183117, 183281, 183284, 183286, 183308, 183333, 183336, 183378, 183416, 183487, 183492, 183506, 183570, 183701, 184858, 185937, 186635, 187734, 189227, 190881, 191625, 192630, 193330, 193652, 193930, 194860, 195109, 195453, 195715, 195861, 196302, 196677, 196997, 197855, 198241, 198468, 198559, 198690, 199104, 199486, 199612, 199709, 199837, 199917, 201097, 202270, 202850, 202855, 202882, 202886, 202889, 202890, 202895, 202899, 202906, 203237, 204287]
26,12,[2585, 8441, 17866, 20515, 21917, 27851, 28083, 28260, 29702, 54807, 55074, 63042]
27,17,[2139, 2473, 3597, 17934, 18007, 18009, 24027, 33669, 43427, 52416, 53916, 66298, 67479, 83395, 84360, 84969, 84978]
29,4,[7955, 8077, 8205, 8327]
30,132,[16326, 47906, 48224, 48496, 55510, 56514, 79459, 103386, 103433, 103872, 132863, 132905, 135405, 137583, 137604, 137750, 138455, 138816, 138844, 139214, 139394, 139407, 139541, 139560, 139615, 139947, 140121, 143933, 145051, 148475, 159452, 204887, 231033, 244205, 257035, 304982, 308781, 308944, 321188, 331186, 336111, 354193, 356689, 360476, 361937, 369151, 369522, 381222, 382000, 385181, 392814, 392822, 392842, 394098, 394298, 394617, 395909, 396385, 398991, 400544, 402223, 405763, 407041, 407417, 411037, 420943, 421054, 421255, 421352, 421525, 423632, 423803, 424590, 425893, 429973, 433501, 433541, 433549, 433760, 433954, 441782, 441896, 445592, 449988, 453813, 454083, 454383, 455605, 455702, 455985, 456103, 456217, 456237, 456264, 456673, 457086, 457107, 457115, 457169, 457320, 457375, 457516, 458391, 460074, 460097, 460382, 460950, 460991, 461000, 461164, 461360, 461535, 461577, 461914, 470126, 470187, 470225, 470293, 470334, 470390, 471084, 471191, 480270, 487965, 490043, 491094, 491156, 491162, 494112, 540368, 583010, 640294]
6,1,[847]
8,1,[435]
9,1,[2425]
10,132,[16420, 48004, 48322, 48594, 55609, 56613, 79566, 103493, 103540, 103979, 132975, 133017, 135517, 137695, 137716, 137862, 138567, 138928, 138956, 139326, 139506, 139519, 139653, 139672, 139727, 140059, 140233, 144045, 145164, 148588, 159565, 205029, 231183, 244358, 257191, 305140, 308939, 309102, 321347, 331345, 336270, 354352, 356849, 360636, 362097, 369314, 369685, 381385, 382163, 385344, 392980, 392988, 393008, 394264, 394464, 394783, 396075, 396551, 399157, 400710, 402389, 405929, 407207, 407583, 411203, 421109, 421220, 421421, 421518, 421691, 423798, 423969, 424756, 426059, 430143, 433671, 433711, 433719, 433930, 434124, 441952, 442066, 445762, 450158, 453983, 454253, 454553, 455775, 455872, 456155, 456273, 456387, 456407, 456434, 456843, 457256, 457277, 457285, 457339, 457490, 457545, 457686, 458561, 460244, 460267, 460552, 461120, 461161, 461170, 461334, 461530, 461705, 461747, 462084, 470297, 470358, 470396, 470464, 470505, 470561, 471255, 471362, 480438, 488127, 490203, 491254, 491316, 491322, 494272, 540543, 583190, 640569]
13,1,[1217]
14,236,[274, 469, 718, 1044, 1294, 2898, 5676, 7167, 8894, 10275, 10337, 11460, 12155, 12252, 12270, 12341, 12351, 12394, 12444, 12461, 12493, 12570, 12646, 16156, 16160, 18733, 19211, 19941, 19985, 19997, 20077, 20769, 21130, 23301, 24085, 26789, 30420, 31352, 31365, 32180, 32232, 32249, 32376, 33220, 34158, 34361, 35447, 35480, 35487, 35532, 35617, 36362, 37325, 37368, 37434, 39023, 39522, 39631, 41534, 42284, 44981, 45159, 45795, 45815, 46201, 47254, 55058, 55060, 55062, 57234, 58043, 59134, 59247, 59259, 62852, 64097, 65174, 66008, 66197, 66237, 67083, 67736, 68909, 68913, 69393, 71030, 71087, 77748, 78726, 78730, 79909, 80781, 80797, 82017, 82045, 82206, 85853, 88190, 88319, 88870, 89312, 91117, 91128, 91304, 92616, 93171, 93193, 94670, 95382, 96107, 96706, 96714, 96852, 96857, 96863, 97014, 97028, 100143, 104295, 108212, 110427, 111138, 111760, 114154, 115406, 116597, 122503, 122523, 122911, 123466, 124511, 125664, 127053, 128105, 128922, 128935, 128969, 129032, 131037, 131582, 131612, 131662, 132608, 132634, 134291, 134304, 134560, 134567, 134613, 134795, 135706, 135860, 135869, 135876, 137135, 140311, 141757, 141780, 142943, 142950, 143994, 144046, 149788, 151712, 154329, 155140, 157303, 158350, 159460, 159665, 159879, 161378, 161412, 162964, 162966, 162968, 163746, 163861, 165548, 165555, 165562, 165594, 165639, 166697, 166748, 168657, 169821, 170030, 170044, 171909, 171914, 171956, 172052, 173260, 174678, 174765, 174778, 176749, 176754, 177893, 178598, 179504, 179582, 179750, 179800, 181225, 181227, 184327, 185262, 185285, 185291, 185793, 185823, 186946, 189831, 190066, 190586, 191752, 192995, 194082, 194819, 195906, 197368, 198763, 199925, 200505, 200510, 200536, 200540, 200543, 200544, 200549, 200553, 200560, 200889, 201921]
15,15,[3017, 3683, 5308, 25039, 28465, 55276, 55727, 77339, 77870, 84601, 84690, 85543, 95036, 135571, 136790]
17,37,[19097, 36403, 36779, 42073, 60799, 61188, 63565, 64534, 77345, 83109, 83147, 88712, 105623, 105763, 105957, 126359, 129392, 133883, 134135, 134146, 150706, 150980, 151818, 153058, 155787, 155798, 155817, 155869, 155880, 167410, 169764, 171831, 183695, 192607, 199580, 207101, 210580]
18,11,[6560, 8606, 12775, 20942, 32650, 34098, 38755, 40538, 81371, 136289, 141650]
19,13,[96, 1789, 2159, 2844, 2990, 3130, 3165, 5193, 14301, 22964, 25404, 27373, 27754]
20,12,[2195, 7919, 17210, 19798, 21175, 27027, 27258, 27435, 28867, 53680, 53928, 61739]
21,5,[1218, 27194, 27200, 27227, 35497]
22,4,[32157, 38095, 38215, 39388]
23,21,[589, 2877, 5152, 6553, 6712, 12494, 12612, 14444, 14450, 17635, 17665, 17669, 22063, 22188, 22445, 25771, 28135, 28158, 28232, 30281, 30321]
24,7,[261, 1189, 9104, 14475, 16441, 26962, 33001]
25,282,[483, 897, 1159, 1510, 3297, 6023, 7391, 9147, 10483, 10539, 11601, 12252, 12345, 12363, 12432, 12442, 12484, 12534, 12551, 12581, 12658, 12724, 16007, 16011, 18370, 18800, 19474, 19514, 19525, 19592, 20400, 20731, 22746, 23439, 25946, 29441, 30296, 30308, 31071, 31119, 31135, 31250, 32065, 33114, 34106, 34133, 34139, 34179, 34254, 34687, 35007, 35955, 35999, 36049, 37560, 37989, 38090, 39926, 40639, 43168, 43333, 44333, 45411, 54871, 55678, 56797, 56896, 56907, 60403, 61531, 61636, 61697, 63009, 63225, 63261, 64003, 64584, 65691, 65695, 66233, 67745, 67798, 74123, 75167, 75171, 76297, 77102, 77117, 78329, 78356, 78512, 82223, 84522, 84636, 85205, 85615, 87104, 87327, 87332, 87488, 88723, 89216, 89238, 90706, 91368, 92055, 92613, 92637, 92764, 92769, 92774, 92920, 92935, 95997, 96027, 96126, 97468, 100121, 105978, 106634, 107178, 110501, 111644, 117347, 117366, 118322, 119298, 120405, 121757, 122675, 123446, 123458, 123489, 123543, 125398, 125905, 125934, 125980, 126880, 126904, 128542, 128555, 128796, 128802, 128845, 129017, 129961, 130089, 130098, 130105, 131306, 134466, 135812, 135834, 137018, 137024, 138036, 138085, 143616, 145373, 147791, 148541, 150589, 151613, 152605, 152783, 152989, 154675, 156154, 156156, 156158, 156923, 157022, 158690, 158697, 158704, 158735, 158776, 159740, 159786, 161727, 162887, 163081, 163095, 165068, 165072, 165111, 165195, 166328, 167660, 167724, 167736, 169610, 169615, 170606, 171263, 172104, 172177, 172344, 172394, 173807, 173809, 176797, 177692, 177714, 177720, 178172, 178218, 179261, 181843, 182048, 182328, 182356, 182360, 182370, 182525, 182539, 182563, 182584, 182640, 182655, 182770, 182792, 182902, 182922, 183117, 183281, 183284, 183286, 183308, 183333, 183336, 183378, 183416, 183487, 183492, 183506, 183570, 183701, 184858, 185937, 186635, 187734, 189227, 190881, 191625, 192630, 193330, 193652, 193930, 194860, 195109, 195453, 195715, 195861, 196302, 196677, 196997, 197855, 198241, 198468, 198559, 198690, 199104, 199486, 199612, 199709, 199837, 199917, 201097, 202270, 202850, 202855, 202882, 202886, 202889, 202890, 202895, 202899, 202906, 203237, 204287]
26,12,[2585, 8441, 17866, 20515, 21917, 27851, 28083, 28260, 29702, 54807, 55074, 63042]
27,17,[2139, 2473, 3597, 17934, 18007, 18009, 24027, 33669, 43427, 52416, 53916, 66298, 67479, 83395, 84360, 84969, 84978]
29,4,[7955, 8077, 8205, 8327]
30,132,[16326, 47906, 48224, 48496, 55510, 56514, 79459, 103386, 103433, 103872, 132863, 132905, 135405, 137583, 137604, 137750, 138455, 138816, 138844, 139214, 139394, 139407, 139541, 139560, 139615, 139947, 140121, 143933, 145051, 148475, 159452, 204887, 231033, 244205, 257035, 304982, 308781, 308944, 321188, 331186, 336111, 354193, 356689, 360476, 361937, 369151, 369522, 381222, 382000, 385181, 392814, 392822, 392842, 394098, 394298, 394617, 395909, 396385, 398991, 400544, 402223, 405763, 407041, 407417, 411037, 420943, 421054, 421255, 421352, 421525, 423632, 423803, 424590, 425893, 429973, 433501, 433541, 433549, 433760, 433954, 441782, 441896, 445592, 449988, 453813, 454083, 454383, 455605, 455702, 455985, 456103, 456217, 456237, 456264, 456673, 457086, 457107, 457115, 457169, 457320, 457375, 457516, 458391, 460074, 460097, 460382, 460950, 460991, 461000, 461164, 461360, 461535, 461577, 461914, 470126, 470187, 470225, 470293, 470334, 470390, 471084, 471191, 480270, 487965, 490043, 491094, 491156, 491162, 494112, 540368, 583010, 640294]
