10,12,[72972, 234096, 310358, 310383, 356375, 362681, 362751, 364553, 379290, 391578, 434053, 443974]
11,8,[7356, 8836, 9273, 9702, 9709, 11087, 17344, 17467]
12,5,[415, 1933, 12167, 14301, 14319]
13,1,[2385]
15,32,[17729, 18793, 19062, 25632, 28001, 32721, 37292, 37318, 42034, 44097, 44171, 45220, 76502, 103734, 103738, 106301, 106305, 106368, 106371, 106405, 106435, 106649, 114062, 114171, 123605, 123985, 124032, 124156, 124164, 124176, 124200, 126018]
16,8,[1493, 1643, 10984, 15386, 15985, 16026, 22392, 27839]
17,1,[31600]
19,1,[1887]
21,1,[13532]
22,29,[5357, 25338, 27691, 31512, 33513, 51901, 59328, 61058, 65331, 69125, 73796, 73844, 82944, 88613, 101636, 101639, 105017, 108991, 113030, 114571, 117521, 126404, 126915, 130551, 139628, 139769, 141188, 151352, 152016]
23,3,[8723, 8844, 13570]
24,1,[482]
27,6,[9390, 14603, 20555, 21257, 41853, 59346]
28,3,[3052, 6089, 7087]
30,12,[72869, 233946, 310200, 310225, 356216, 362521, 362591, 364390, 379127, 391415, 433883, 443804]
10,12,[72972, 234096, 310358, 310383, 356375, 362681, 362751, 364553, 379290, 391578, 434053, 443974]
11,8,[7356, 8836, 9273, 9702, 9709, 11087, 17344, 17467]
12,5,[415, 1933, 12167, 14301, 14319]
13,1,[2385]
15,32,[17729, 18793, 19062, 25632, 28001, 32721, 37292, 37318, 42034, 44097, 44171, 45220, 76502, 103734, 103738, 106301, 106305, 106368, 106371, 106405, 106435, 106649, 114062, 114171, 123605, 123985, 124032, 124156, 124164, 124176, 124200, 126018]
16,8,[1493, 1643, 10984, 15386, 15985, 16026, 22392, 27839]
17,1,[31600]
19,1,[1887]
21,1,[13532]
22,29,[5357, 25338, 27691, 31512, 33513, 51901, 59328, 61058, 65331, 69125, 73796, 73844, 82944, 88613, 101636, 101639, 105017, 108991, 113030, 114571, 117521, 126404, 126915, 130551, 139628, 139769, 141188, 151352, 152016]
23,3,[8723, 8844, 13570]
24,1,[482]
27,6,[9390, 14603, 20555, 21257, 41853, 59346]
28,3,[3052, 6089, 7087]
30,12,[72869, 233946, 310200, 310225, 356216, 362521, 362591, 364390, 379127, 391415, 433883, 443804]
