10,10,[29626, 188820, 363138, 440466, 568603, 568619, 572914, 614603, 624925, 636496]
15,2,[19526, 47608]
17,23,[19881, 47454, 47513, 47726, 48156, 48216, 48268, 48318, 48345, 48372, 48586, 48681, 49161, 49164, 49807, 50314, 50405, 50701, 51417, 81837, 122499, 175364, 213811]
18,3,[23346, 39158, 94964]
21,1,[30757]
27,2,[73857, 90136]
30,10,[29532, 188688, 362975, 440296, 568423, 568439, 572734, 614369, 624671, 636221]
10,10,[29626, 188820, 363138, 440466, 568603, 568619, 572914, 614603, 624925, 636496]
15,2,[19526, 47608]
17,23,[19881, 47454, 47513, 47726, 48156, 48216, 48268, 48318, 48345, 48372, 48586, 48681, 49161, 49164, 49807, 50314, 50405, 50701, 51417, 81837, 122499, 175364, 213811]
18,3,[23346, 39158, 94964]
21,1,[30757]
27,2,[73857, 90136]
30,10,[29532, 188688, 362975, 440296, 568423, 568439, 572734, 614369, 624671, 636221]
