10,5,[28337, 31745, 366244, 372444, 382943]
17,18,[14305, 33286, 47491, 47766, 48421, 48456, 49577, 50094, 50555, 74131, 116375, 116394, 116467, 116480, 116501, 116505, 117252, 118814]
18,4,[28729, 31503, 69828, 99319]
20,3,[20455, 23871, 24782]
22,2,[107431, 136808]
26,3,[21182, 24635, 25563]
30,5,[28243, 31651, 366081, 372281, 382780]
10,5,[28337, 31745, 366244, 372444, 382943]
17,18,[14305, 33286, 47491, 47766, 48421, 48456, 49577, 50094, 50555, 74131, 116375, 116394, 116467, 116480, 116501, 116505, 117252, 118814]
18,4,[28729, 31503, 69828, 99319]
20,3,[20455, 23871, 24782]
22,2,[107431, 136808]
26,3,[21182, 24635, 25563]
30,5,[28243, 31651, 366081, 372281, 382780]
