6,1,[184]
10,178,[6879, 7535, 21005, 25718, 38525, 41992, 46244, 51202, 68834, 69191, 74042, 75269, 75426, 75440, 75471, 76194, 76746, 78068, 78092, 78241, 78279, 78334, 78384, 78431, 78477, 78523, 78573, 78617, 78663, 78709, 78755, 78802, 78929, 80048, 80068, 80163, 80295, 80423, 80594, 80611, 80666, 80777, 81372, 81533, 81555, 81745, 81840, 89250, 89336, 89793, 89802, 95854, 98053, 99819, 99881, 99940, 100001, 100061, 100120, 100197, 101402, 108162, 110199, 116139, 116143, 121151, 124189, 126670, 130200, 130288, 147623, 148760, 148950, 159676, 164897, 165296, 169842, 183334, 197175, 198654, 198682, 198689, 198757, 198847, 215326, 216951, 242742, 242894, 243421, 245238, 250270, 250281, 250290, 250354, 251379, 251520, 251843, 252017, 252531, 252670, 253581, 254018, 254044, 254058, 261927, 269799, 269821, 271974, 272764, 276209, 277636, 277746, 278632, 280579, 282100, 286868, 296219, 297045, 297903, 298559, 299832, 301375, 301889, 303824, 305018, 306993, 308039, 308741, 309401, 309600, 309687, 332045, 335186, 335433, 343056, 344460, 362512, 371817, 380711, 391726, 391729, 393797, 393870, 399532, 399542, 420764, 431724, 431748, 431866, 432137, 468904, 471941, 475955, 485751, 523271, 546231, 552843, 564760, 566392, 567777, 567923, 568055, 572257, 575467, 588731, 602274, 614874, 633582, 634218, 634332, 635215, 635228, 636989, 637001, 637006, 637010, 637609, 640071]
11,5,[2726, 5775, 8117, 15284, 19821]
12,7,[792, 851, 883, 4321, 4339, 5860, 14616]
13,3,[735, 2355, 2877]
14,62,[822, 936, 2104, 2279, 2724, 2790, 6096, 6827, 13797, 14454, 15050, 29052, 31650, 34980, 41747, 48287, 54300, 56135, 56855, 59813, 66482, 69173, 70536, 70691, 75150, 83909, 85054, 99081, 103053, 103291, 105379, 112663, 113741, 115772, 115795, 116238, 118473, 125650, 125663, 130744, 131281, 131296, 140558, 141455, 142557, 143063, 148131, 150082, 153764, 155326, 166356, 169395, 175108, 176881, 180282, 181679, 181893, 182577, 185546, 186580, 190434, 196037]
15,25,[6888, 17791, 17807, 26229, 38205, 54587, 54604, 55548, 61234, 61250, 73991, 74644, 78476, 81035, 97929, 117517, 118094, 128944, 140760, 140766, 141055, 153179, 157984, 160021, 160029]
16,2,[16506, 35240]
17,90,[6822, 8474, 8533, 48574, 54366, 54380, 54436, 56012, 56019, 59769, 62762, 64057, 64667, 69465, 69842, 69911, 70411, 71302, 71581, 72533, 72571, 72815, 77019, 78489, 80052, 83229, 83239, 92198, 97563, 99363, 99636, 99727, 99816, 102081, 104150, 107753, 107811, 107826, 108680, 125921, 127015, 128005, 128015, 128018, 130043, 131751, 131899, 136626, 136680, 136891, 137284, 137884, 137893, 138306, 139743, 139772, 140888, 142471, 143413, 144018, 144095, 144108, 144645, 147491, 147973, 150769, 150960, 153496, 161570, 161597, 169880, 173045, 177085, 181282, 182439, 192213, 192218, 192231, 193795, 194674, 194678, 194809, 201433, 203804, 203894, 203917, 203933, 203949, 206229, 216340]
18,237,[605, 617, 645, 1500, 1679, 2340, 2576, 2923, 3394, 3690, 3704, 4162, 5227, 5771, 7019, 7186, 11794, 14008, 14684, 14933, 14980, 15004, 15187, 15195, 15353, 15369, 15378, 15431, 15503, 15570, 15634, 15726, 17517, 17524, 18694, 18827, 19738, 19827, 20210, 20257, 20658, 20806, 23737, 23823, 24095, 26676, 27560, 28961, 32728, 33192, 33352, 34273, 34381, 34426, 34595, 34658, 34730, 34873, 34877, 35322, 35953, 38915, 40895, 40992, 41118, 51131, 51510, 54408, 54415, 54430, 54463, 54938, 55010, 57821, 59495, 59959, 60267, 60304, 60651, 60663, 61488, 63524, 65410, 69696, 72284, 72382, 76682, 76696, 76766, 77003, 77683, 77693, 79025, 79045, 79052, 80779, 82819, 83023, 83273, 83611, 83638, 83940, 84852, 86350, 86363, 89894, 90570, 90582, 90589, 90696, 91038, 91361, 91381, 91436, 91494, 91535, 91570, 91611, 91640, 91831, 91855, 91979, 91992, 92000, 92020, 92067, 92108, 92120, 92148, 92180, 92423, 92943, 92988, 92998, 93380, 93421, 93558, 93868, 93897, 94011, 95318, 95391, 95609, 95622, 95890, 95920, 96004, 96007, 96047, 96064, 96076, 96237, 96414, 96532, 96581, 96860, 97008, 97029, 97048, 97076, 97116, 97243, 97309, 97322, 100889, 101812, 102449, 102664, 103755, 105724, 106283, 108419, 109748, 109977, 112388, 112748, 112869, 112874, 112917, 112959, 114902, 115075, 115083, 116042, 116046, 117081, 117342, 117578, 117722, 117785, 117817, 118435, 118439, 119473, 119734, 119970, 120114, 120177, 120209, 123926, 124238, 125059, 125931, 125986, 126699, 126953, 127041, 127090, 127135, 127182, 127500, 127555, 127720, 129729, 129774, 129866, 129980, 132592, 133910, 138439, 138777, 142113, 144017, 144119, 146120, 146132, 146151, 146165, 146298, 146370, 146599, 146712, 146737, 147089, 148391, 148395, 148430]
20,16,[3485, 4851, 13721, 15945, 20567, 27959, 28316, 28684, 33183, 33419, 34983, 38053, 38427, 40847, 53176, 55110]
21,16,[2372, 3478, 4638, 4646, 4691, 6486, 7118, 7200, 7250, 7459, 8265, 10244, 12450, 28408, 28429, 29457]
22,49,[216, 327, 337, 686, 4452, 4896, 10739, 11902, 11903, 11906, 11907, 11916, 11938, 11941, 11943, 11945, 11947, 11961, 11972, 11974, 11976, 12151, 12367, 12459, 13202, 13208, 13210, 13220, 13340, 13342, 13344, 13346, 13383, 13385, 13534, 13544, 13559, 13790, 13869, 16499, 47087, 48076, 50964, 50966, 53673, 61762, 84017, 148667, 154122]
23,18,[972, 2598, 5277, 6009, 10166, 12490, 12971, 15727, 15841, 16487, 17460, 19726, 22359, 24671, 26455, 26893, 27574, 28770]
24,1,[19056]
25,66,[1003, 1061, 2408, 2580, 3076, 3140, 6407, 7061, 13790, 14453, 14996, 30586, 33683, 40136, 46407, 52132, 53778, 54485, 55173, 57464, 63483, 67281, 67427, 71537, 74444, 80179, 81398, 88395, 94982, 98898, 99195, 101104, 107990, 109035, 110846, 110870, 111312, 113420, 120391, 120404, 125136, 125627, 125644, 134709, 135545, 137123, 139573, 142085, 143889, 147272, 148730, 153173, 159429, 162455, 168040, 169725, 172905, 174250, 174477, 175135, 178929, 182564, 182889, 182921, 182926, 187878]
26,15,[3970, 5370, 14306, 16591, 21293, 28790, 29153, 29516, 34061, 34299, 35875, 38971, 39369, 41783, 56270]
27,8,[13532, 24181, 38206, 49589, 60930, 87527, 90993, 104529]
28,8,[483, 1187, 1367, 1532, 1732, 4812, 7054, 9617]
30,178,[6785, 7441, 20911, 25624, 38427, 41894, 46146, 51104, 68731, 69088, 73939, 75166, 75323, 75337, 75368, 76091, 76643, 77961, 77985, 78134, 78172, 78227, 78277, 78324, 78370, 78416, 78466, 78510, 78556, 78602, 78648, 78695, 78822, 79941, 79961, 80056, 80188, 80316, 80487, 80504, 80559, 80670, 81265, 81426, 81448, 81638, 81733, 89143, 89229, 89686, 89695, 95747, 97946, 99712, 99774, 99833, 99894, 99954, 100013, 100090, 101295, 108051, 110088, 116028, 116032, 121040, 124078, 126559, 130088, 130176, 147510, 148647, 148837, 159563, 164774, 165173, 169719, 183202, 197043, 198522, 198550, 198557, 198625, 198715, 215184, 216810, 242589, 242741, 243268, 245085, 250117, 250128, 250137, 250201, 251226, 251367, 251690, 251864, 252378, 252517, 253428, 253865, 253891, 253905, 261771, 269643, 269665, 271818, 272608, 276053, 277481, 277591, 278477, 280424, 281945, 286712, 296062, 296887, 297745, 298401, 299674, 301217, 301731, 303666, 304860, 306835, 307881, 308583, 309243, 309442, 309529, 331886, 335027, 335274, 342897, 344301, 362352, 371654, 380548, 391563, 391566, 393631, 393704, 399366, 399376, 420598, 431554, 431578, 431696, 431967, 468733, 471771, 475786, 485587, 523099, 546056, 552665, 564580, 566212, 567597, 567743, 567875, 572077, 575287, 588546, 602077, 614640, 633307, 633943, 634057, 634940, 634953, 636714, 636726, 636731, 636735, 637334, 639796]
6,1,[184]
10,178,[6879, 7535, 21005, 25718, 38525, 41992, 46244, 51202, 68834, 69191, 74042, 75269, 75426, 75440, 75471, 76194, 76746, 78068, 78092, 78241, 78279, 78334, 78384, 78431, 78477, 78523, 78573, 78617, 78663, 78709, 78755, 78802, 78929, 80048, 80068, 80163, 80295, 80423, 80594, 80611, 80666, 80777, 81372, 81533, 81555, 81745, 81840, 89250, 89336, 89793, 89802, 95854, 98053, 99819, 99881, 99940, 100001, 100061, 100120, 100197, 101402, 108162, 110199, 116139, 116143, 121151, 124189, 126670, 130200, 130288, 147623, 148760, 148950, 159676, 164897, 165296, 169842, 183334, 197175, 198654, 198682, 198689, 198757, 198847, 215326, 216951, 242742, 242894, 243421, 245238, 250270, 250281, 250290, 250354, 251379, 251520, 251843, 252017, 252531, 252670, 253581, 254018, 254044, 254058, 261927, 269799, 269821, 271974, 272764, 276209, 277636, 277746, 278632, 280579, 282100, 286868, 296219, 297045, 297903, 298559, 299832, 301375, 301889, 303824, 305018, 306993, 308039, 308741, 309401, 309600, 309687, 332045, 335186, 335433, 343056, 344460, 362512, 371817, 380711, 391726, 391729, 393797, 393870, 399532, 399542, 420764, 431724, 431748, 431866, 432137, 468904, 471941, 475955, 485751, 523271, 546231, 552843, 564760, 566392, 567777, 567923, 568055, 572257, 575467, 588731, 602274, 614874, 633582, 634218, 634332, 635215, 635228, 636989, 637001, 637006, 637010, 637609, 640071]
11,5,[2726, 5775, 8117, 15284, 19821]
12,7,[792, 851, 883, 4321, 4339, 5860, 14616]
13,3,[735, 2355, 2877]
14,62,[822, 936, 2104, 2279, 2724, 2790, 6096, 6827, 13797, 14454, 15050, 29052, 31650, 34980, 41747, 48287, 54300, 56135, 56855, 59813, 66482, 69173, 70536, 70691, 75150, 83909, 85054, 99081, 103053, 103291, 105379, 112663, 113741, 115772, 115795, 116238, 118473, 125650, 125663, 130744, 131281, 131296, 140558, 141455, 142557, 143063, 148131, 150082, 153764, 155326, 166356, 169395, 175108, 176881, 180282, 181679, 181893, 182577, 185546, 186580, 190434, 196037]
15,25,[6888, 17791, 17807, 26229, 38205, 54587, 54604, 55548, 61234, 61250, 73991, 74644, 78476, 81035, 97929, 117517, 118094, 128944, 140760, 140766, 141055, 153179, 157984, 160021, 160029]
16,2,[16506, 35240]
17,90,[6822, 8474, 8533, 48574, 54366, 54380, 54436, 56012, 56019, 59769, 62762, 64057, 64667, 69465, 69842, 69911, 70411, 71302, 71581, 72533, 72571, 72815, 77019, 78489, 80052, 83229, 83239, 92198, 97563, 99363, 99636, 99727, 99816, 102081, 104150, 107753, 107811, 107826, 108680, 125921, 127015, 128005, 128015, 128018, 130043, 131751, 131899, 136626, 136680, 136891, 137284, 137884, 137893, 138306, 139743, 139772, 140888, 142471, 143413, 144018, 144095, 144108, 144645, 147491, 147973, 150769, 150960, 153496, 161570, 161597, 169880, 173045, 177085, 181282, 182439, 192213, 192218, 192231, 193795, 194674, 194678, 194809, 201433, 203804, 203894, 203917, 203933, 203949, 206229, 216340]
18,237,[605, 617, 645, 1500, 1679, 2340, 2576, 2923, 3394, 3690, 3704, 4162, 5227, 5771, 7019, 7186, 11794, 14008, 14684, 14933, 14980, 15004, 15187, 15195, 15353, 15369, 15378, 15431, 15503, 15570, 15634, 15726, 17517, 17524, 18694, 18827, 19738, 19827, 20210, 20257, 20658, 20806, 23737, 23823, 24095, 26676, 27560, 28961, 32728, 33192, 33352, 34273, 34381, 34426, 34595, 34658, 34730, 34873, 34877, 35322, 35953, 38915, 40895, 40992, 41118, 51131, 51510, 54408, 54415, 54430, 54463, 54938, 55010, 57821, 59495, 59959, 60267, 60304, 60651, 60663, 61488, 63524, 65410, 69696, 72284, 72382, 76682, 76696, 76766, 77003, 77683, 77693, 79025, 79045, 79052, 80779, 82819, 83023, 83273, 83611, 83638, 83940, 84852, 86350, 86363, 89894, 90570, 90582, 90589, 90696, 91038, 91361, 91381, 91436, 91494, 91535, 91570, 91611, 91640, 91831, 91855, 91979, 91992, 92000, 92020, 92067, 92108, 92120, 92148, 92180, 92423, 92943, 92988, 92998, 93380, 93421, 93558, 93868, 93897, 94011, 95318, 95391, 95609, 95622, 95890, 95920, 96004, 96007, 96047, 96064, 96076, 96237, 96414, 96532, 96581, 96860, 97008, 97029, 97048, 97076, 97116, 97243, 97309, 97322, 100889, 101812, 102449, 102664, 103755, 105724, 106283, 108419, 109748, 109977, 112388, 112748, 112869, 112874, 112917, 112959, 114902, 115075, 115083, 116042, 116046, 117081, 117342, 117578, 117722, 117785, 117817, 118435, 118439, 119473, 119734, 119970, 120114, 120177, 120209, 123926, 124238, 125059, 125931, 125986, 126699, 126953, 127041, 127090, 127135, 127182, 127500, 127555, 127720, 129729, 129774, 129866, 129980, 132592, 133910, 138439, 138777, 142113, 144017, 144119, 146120, 146132, 146151, 146165, 146298, 146370, 146599, 146712, 146737, 147089, 148391, 148395, 148430]
20,16,[3485, 4851, 13721, 15945, 20567, 27959, 28316, 28684, 33183, 33419, 34983, 38053, 38427, 40847, 53176, 55110]
21,16,[2372, 3478, 4638, 4646, 4691, 6486, 7118, 7200, 7250, 7459, 8265, 10244, 12450, 28408, 28429, 29457]
22,49,[216, 327, 337, 686, 4452, 4896, 10739, 11902, 11903, 11906, 11907, 11916, 11938, 11941, 11943, 11945, 11947, 11961, 11972, 11974, 11976, 12151, 12367, 12459, 13202, 13208, 13210, 13220, 13340, 13342, 13344, 13346, 13383, 13385, 13534, 13544, 13559, 13790, 13869, 16499, 47087, 48076, 50964, 50966, 53673, 61762, 84017, 148667, 154122]
23,18,[972, 2598, 5277, 6009, 10166, 12490, 12971, 15727, 15841, 16487, 17460, 19726, 22359, 24671, 26455, 26893, 27574, 28770]
24,1,[19056]
25,66,[1003, 1061, 2408, 2580, 3076, 3140, 6407, 7061, 13790, 14453, 14996, 30586, 33683, 40136, 46407, 52132, 53778, 54485, 55173, 57464, 63483, 67281, 67427, 71537, 74444, 80179, 81398, 88395, 94982, 98898, 99195, 101104, 107990, 109035, 110846, 110870, 111312, 113420, 120391, 120404, 125136, 125627, 125644, 134709, 135545, 137123, 139573, 142085, 143889, 147272, 148730, 153173, 159429, 162455, 168040, 169725, 172905, 174250, 174477, 175135, 178929, 182564, 182889, 182921, 182926, 187878]
26,15,[3970, 5370, 14306, 16591, 21293, 28790, 29153, 29516, 34061, 34299, 35875, 38971, 39369, 41783, 56270]
27,8,[13532, 24181, 38206, 49589, 60930, 87527, 90993, 104529]
28,8,[483, 1187, 1367, 1532, 1732, 4812, 7054, 9617]
30,178,[6785, 7441, 20911, 25624, 38427, 41894, 46146, 51104, 68731, 69088, 73939, 75166, 75323, 75337, 75368, 76091, 76643, 77961, 77985, 78134, 78172, 78227, 78277, 78324, 78370, 78416, 78466, 78510, 78556, 78602, 78648, 78695, 78822, 79941, 79961, 80056, 80188, 80316, 80487, 80504, 80559, 80670, 81265, 81426, 81448, 81638, 81733, 89143, 89229, 89686, 89695, 95747, 97946, 99712, 99774, 99833, 99894, 99954, 100013, 100090, 101295, 108051, 110088, 116028, 116032, 121040, 124078, 126559, 130088, 130176, 147510, 148647, 148837, 159563, 164774, 165173, 169719, 183202, 197043, 198522, 198550, 198557, 198625, 198715, 215184, 216810, 242589, 242741, 243268, 245085, 250117, 250128, 250137, 250201, 251226, 251367, 251690, 251864, 252378, 252517, 253428, 253865, 253891, 253905, 261771, 269643, 269665, 271818, 272608, 276053, 277481, 277591, 278477, 280424, 281945, 286712, 296062, 296887, 297745, 298401, 299674, 301217, 301731, 303666, 304860, 306835, 307881, 308583, 309243, 309442, 309529, 331886, 335027, 335274, 342897, 344301, 362352, 371654, 380548, 391563, 391566, 393631, 393704, 399366, 399376, 420598, 431554, 431578, 431696, 431967, 468733, 471771, 475786, 485587, 523099, 546056, 552665, 564580, 566212, 567597, 567743, 567875, 572077, 575287, 588546, 602077, 614640, 633307, 633943, 634057, 634940, 634953, 636714, 636726, 636731, 636735, 637334, 639796]
