9,1,[1403]
10,5,[32, 78018, 246257, 264303, 326473]
14,9,[723, 3523, 68709, 117016, 150805, 151556, 170535, 174340, 195925]
15,6,[84730, 90931, 99684, 141159, 157872, 171029]
16,2,[10704, 17610]
17,19,[11154, 64637, 82387, 92174, 98687, 111935, 132696, 137341, 137348, 142718, 142737, 144037, 148053, 161651, 161834, 165492, 171867, 195207, 196154]
18,28,[7057, 31824, 32546, 33219, 45330, 51755, 53636, 53996, 55713, 55823, 60514, 68144, 90024, 90329, 90366, 91305, 104930, 109542, 110534, 112699, 117683, 117823, 120075, 120215, 121091, 125391, 126926, 130630]
20,9,[11732, 13624, 13719, 15145, 38904, 40841, 43124, 59423, 65271]
21,3,[10799, 17314, 27961]
22,11,[253, 4269, 11995, 11997, 11999, 12192, 12218, 13348, 27729, 71823, 84651]
25,9,[907, 3933, 65522, 112054, 144549, 145240, 163580, 167355, 187753]
26,9,[12318, 14209, 14304, 15778, 39848, 41777, 44075, 60686, 66684]
27,1,[22496]
30,7,[29, 32, 92, 77911, 246104, 264147, 326314]
9,1,[1403]
10,5,[32, 78018, 246257, 264303, 326473]
14,9,[723, 3523, 68709, 117016, 150805, 151556, 170535, 174340, 195925]
15,6,[84730, 90931, 99684, 141159, 157872, 171029]
16,2,[10704, 17610]
17,19,[11154, 64637, 82387, 92174, 98687, 111935, 132696, 137341, 137348, 142718, 142737, 144037, 148053, 161651, 161834, 165492, 171867, 195207, 196154]
18,28,[7057, 31824, 32546, 33219, 45330, 51755, 53636, 53996, 55713, 55823, 60514, 68144, 90024, 90329, 90366, 91305, 104930, 109542, 110534, 112699, 117683, 117823, 120075, 120215, 121091, 125391, 126926, 130630]
20,9,[11732, 13624, 13719, 15145, 38904, 40841, 43124, 59423, 65271]
21,3,[10799, 17314, 27961]
22,11,[253, 4269, 11995, 11997, 11999, 12192, 12218, 13348, 27729, 71823, 84651]
25,9,[907, 3933, 65522, 112054, 144549, 145240, 163580, 167355, 187753]
26,9,[12318, 14209, 14304, 15778, 39848, 41777, 44075, 60686, 66684]
27,1,[22496]
30,7,[29, 32, 92, 77911, 246104, 264147, 326314]
