10,5,[106184, 106401, 111231, 233963, 379160]
12,2,[8720, 11438]
14,1,[135699]
15,23,[5684, 7569, 9012, 11513, 20914, 34197, 43036, 43245, 59549, 66952, 68365, 76294, 81300, 85560, 88692, 99724, 128508, 144032, 149151, 152745, 160458, 164880, 167883]
16,3,[5617, 8275, 37501]
19,14,[3022, 3439, 5107, 5405, 6634, 8252, 8572, 10922, 12099, 12276, 14311, 14643, 19943, 21211]
20,4,[3259, 18015, 19231, 61000]
21,2,[16234, 28854]
22,5,[28695, 28732, 28734, 28736, 143216]
24,12,[666, 1192, 3780, 11551, 11854, 12456, 21449, 24093, 26596, 30401, 30516, 38173]
25,2,[105454, 129955]
26,4,[3742, 18719, 19935, 62297]
27,67,[4681, 5030, 12968, 15032, 18355, 18742, 18863, 19094, 19124, 19239, 19355, 21474, 21908, 24493, 27541, 36621, 36636, 36669, 36696, 37031, 37119, 37396, 37426, 37536, 37555, 37570, 37749, 37767, 38518, 40421, 48184, 48996, 50988, 53643, 66102, 66125, 66133, 66356, 66384, 66404, 67351, 67627, 67702, 82026, 86708, 89926, 89945, 91394, 100539, 100560, 100568, 100969, 101194, 101291, 101418, 102482, 102502, 102534, 104277, 105488, 108297, 108514, 108602, 108605, 108654, 108739, 109180]
30,5,[106073, 106290, 111120, 233813, 378997]
10,5,[106184, 106401, 111231, 233963, 379160]
12,2,[8720, 11438]
14,1,[135699]
15,23,[5684, 7569, 9012, 11513, 20914, 34197, 43036, 43245, 59549, 66952, 68365, 76294, 81300, 85560, 88692, 99724, 128508, 144032, 149151, 152745, 160458, 164880, 167883]
16,3,[5617, 8275, 37501]
19,14,[3022, 3439, 5107, 5405, 6634, 8252, 8572, 10922, 12099, 12276, 14311, 14643, 19943, 21211]
20,4,[3259, 18015, 19231, 61000]
21,2,[16234, 28854]
22,5,[28695, 28732, 28734, 28736, 143216]
24,12,[666, 1192, 3780, 11551, 11854, 12456, 21449, 24093, 26596, 30401, 30516, 38173]
25,2,[105454, 129955]
26,4,[3742, 18719, 19935, 62297]
27,67,[4681, 5030, 12968, 15032, 18355, 18742, 18863, 19094, 19124, 19239, 19355, 21474, 21908, 24493, 27541, 36621, 36636, 36669, 36696, 37031, 37119, 37396, 37426, 37536, 37555, 37570, 37749, 37767, 38518, 40421, 48184, 48996, 50988, 53643, 66102, 66125, 66133, 66356, 66384, 66404, 67351, 67627, 67702, 82026, 86708, 89926, 89945, 91394, 100539, 100560, 100568, 100969, 101194, 101291, 101418, 102482, 102502, 102534, 104277, 105488, 108297, 108514, 108602, 108605, 108654, 108739, 109180]
30,5,[106073, 106290, 111120, 233813, 378997]
