10,108,[33716, 33794, 43238, 46683, 55044, 64448, 68565, 107487, 107699, 107753, 107828, 109396, 109476, 109597, 112960, 116809, 118548, 120773, 126199, 127759, 145581, 153507, 168786, 182809, 206624, 232092, 264158, 280902, 281292, 299081, 299556, 300790, 300807, 303833, 305355, 307158, 307736, 308146, 309056, 315785, 315792, 315842, 315855, 315893, 316325, 317340, 317810, 320837, 322244, 330737, 332044, 335298, 338920, 339065, 339129, 339460, 339475, 339502, 339950, 340128, 340248, 341807, 343725, 348065, 363749, 374438, 374832, 398532, 411883, 459108, 462309, 483452, 483556, 486948, 498149, 498162, 501955, 515495, 517465, 519032, 519701, 521291, 537870, 539110, 554458, 556259, 559904, 564453, 566659, 567632, 567913, 575781, 593322, 596173, 597495, 613773, 614225, 614294, 614680, 615216, 615221, 615910, 616247, 617204, 619362, 620476, 629132, 632338]
12,1,[20091]
15,5,[599, 85130, 95242, 99394, 101873]
16,5,[7110, 7115, 7240, 7267, 37405]
17,77,[18053, 25439, 29409, 30719, 38094, 40751, 40921, 44267, 45014, 53248, 55342, 55350, 55538, 56219, 59195, 59204, 60494, 65899, 65954, 65960, 65969, 66047, 68722, 68727, 68735, 69313, 69361, 69488, 69918, 69933, 70082, 70136, 74061, 74098, 74835, 74850, 78263, 79590, 80952, 88645, 88662, 94544, 94743, 100913, 102481, 104351, 104458, 104670, 106273, 111572, 112563, 112596, 112605, 117314, 121054, 121066, 121182, 121200, 121209, 121223, 122042, 122050, 122170, 154255, 154285, 166629, 182562, 186323, 187181, 187351, 187384, 187565, 191542, 215703, 215717, 217389, 217397]
18,9,[1650, 17847, 23880, 40654, 59589, 123833, 131743, 136237, 138541]
19,9,[1507, 7581, 7597, 7602, 7614, 7619, 7630, 7633, 16539]
20,6,[27604, 28106, 56165, 61698, 64862, 64904]
21,3,[4558, 7679, 7717]
22,12,[65928, 67327, 74330, 76729, 76778, 76870, 76875, 92683, 99833, 142330, 143494, 152778]
23,7,[10539, 10580, 10615, 11788, 16402, 21516, 30513]
24,3,[3475, 11991, 21755]
26,6,[28432, 28940, 57321, 63001, 66264, 66307]
27,2,[31344, 79382]
28,3,[825, 2172, 9583]
30,108,[33618, 33696, 43140, 46585, 54945, 64345, 68462, 107376, 107588, 107642, 107717, 109285, 109365, 109486, 112849, 116698, 118437, 120662, 126088, 127648, 145468, 153394, 168663, 182677, 206482, 231942, 264002, 280747, 281137, 298923, 299398, 300632, 300649, 303675, 305197, 307000, 307578, 307988, 308898, 315626, 315633, 315683, 315696, 315734, 316166, 317181, 317651, 320678, 322085, 330578, 331885, 335139, 338761, 338906, 338970, 339301, 339316, 339343, 339791, 339969, 340089, 341648, 343566, 347906, 363586, 374275, 374669, 398366, 411717, 458938, 462138, 483287, 483391, 486785, 497980, 497993, 501786, 515326, 517293, 518860, 519529, 521119, 537695, 538935, 554280, 556081, 559726, 564273, 566479, 567452, 567733, 575601, 593131, 595982, 597304, 613539, 613991, 614060, 614446, 614982, 614987, 615671, 616008, 616961, 619110, 620224, 628869, 632063]
10,108,[33716, 33794, 43238, 46683, 55044, 64448, 68565, 107487, 107699, 107753, 107828, 109396, 109476, 109597, 112960, 116809, 118548, 120773, 126199, 127759, 145581, 153507, 168786, 182809, 206624, 232092, 264158, 280902, 281292, 299081, 299556, 300790, 300807, 303833, 305355, 307158, 307736, 308146, 309056, 315785, 315792, 315842, 315855, 315893, 316325, 317340, 317810, 320837, 322244, 330737, 332044, 335298, 338920, 339065, 339129, 339460, 339475, 339502, 339950, 340128, 340248, 341807, 343725, 348065, 363749, 374438, 374832, 398532, 411883, 459108, 462309, 483452, 483556, 486948, 498149, 498162, 501955, 515495, 517465, 519032, 519701, 521291, 537870, 539110, 554458, 556259, 559904, 564453, 566659, 567632, 567913, 575781, 593322, 596173, 597495, 613773, 614225, 614294, 614680, 615216, 615221, 615910, 616247, 617204, 619362, 620476, 629132, 632338]
12,1,[20091]
15,5,[599, 85130, 95242, 99394, 101873]
16,5,[7110, 7115, 7240, 7267, 37405]
17,77,[18053, 25439, 29409, 30719, 38094, 40751, 40921, 44267, 45014, 53248, 55342, 55350, 55538, 56219, 59195, 59204, 60494, 65899, 65954, 65960, 65969, 66047, 68722, 68727, 68735, 69313, 69361, 69488, 69918, 69933, 70082, 70136, 74061, 74098, 74835, 74850, 78263, 79590, 80952, 88645, 88662, 94544, 94743, 100913, 102481, 104351, 104458, 104670, 106273, 111572, 112563, 112596, 112605, 117314, 121054, 121066, 121182, 121200, 121209, 121223, 122042, 122050, 122170, 154255, 154285, 166629, 182562, 186323, 187181, 187351, 187384, 187565, 191542, 215703, 215717, 217389, 217397]
18,9,[1650, 17847, 23880, 40654, 59589, 123833, 131743, 136237, 138541]
19,9,[1507, 7581, 7597, 7602, 7614, 7619, 7630, 7633, 16539]
20,6,[27604, 28106, 56165, 61698, 64862, 64904]
21,3,[4558, 7679, 7717]
22,12,[65928, 67327, 74330, 76729, 76778, 76870, 76875, 92683, 99833, 142330, 143494, 152778]
23,7,[10539, 10580, 10615, 11788, 16402, 21516, 30513]
24,3,[3475, 11991, 21755]
26,6,[28432, 28940, 57321, 63001, 66264, 66307]
27,2,[31344, 79382]
28,3,[825, 2172, 9583]
30,108,[33618, 33696, 43140, 46585, 54945, 64345, 68462, 107376, 107588, 107642, 107717, 109285, 109365, 109486, 112849, 116698, 118437, 120662, 126088, 127648, 145468, 153394, 168663, 182677, 206482, 231942, 264002, 280747, 281137, 298923, 299398, 300632, 300649, 303675, 305197, 307000, 307578, 307988, 308898, 315626, 315633, 315683, 315696, 315734, 316166, 317181, 317651, 320678, 322085, 330578, 331885, 335139, 338761, 338906, 338970, 339301, 339316, 339343, 339791, 339969, 340089, 341648, 343566, 347906, 363586, 374275, 374669, 398366, 411717, 458938, 462138, 483287, 483391, 486785, 497980, 497993, 501786, 515326, 517293, 518860, 519529, 521119, 537695, 538935, 554280, 556081, 559726, 564273, 566479, 567452, 567733, 575601, 593131, 595982, 597304, 613539, 613991, 614060, 614446, 614982, 614987, 615671, 616008, 616961, 619110, 620224, 628869, 632063]
