10,50,[30926, 87690, 127002, 162766, 298294, 301153, 302200, 303050, 306072, 310537, 311489, 318219, 318765, 323268, 323435, 323443, 337762, 341077, 348485, 356085, 356091, 361857, 362474, 381146, 411764, 411785, 428464, 428823, 439716, 467543, 467598, 467933, 475957, 475960, 475966, 478719, 483321, 492503, 500105, 504244, 504390, 509913, 511904, 512438, 514785, 521797, 540508, 569254, 635070, 635073]
11,1,[9930]
15,50,[224, 1113, 5640, 5949, 6511, 7532, 10310, 16787, 20882, 23744, 29197, 33560, 39908, 40061, 43380, 43419, 47507, 47633, 49848, 53675, 54236, 67493, 69070, 70660, 77176, 80613, 83903, 84070, 86202, 93144, 102338, 102459, 102518, 102543, 102559, 103415, 105874, 120798, 121834, 129558, 134092, 138325, 142530, 149472, 152823, 152941, 165324, 165502, 168560, 172174]
16,8,[2607, 5656, 12835, 19770, 20700, 29521, 29913, 37226]
17,3,[68358, 96464, 123250]
19,1,[20417]
21,16,[5456, 5706, 8980, 12992, 15371, 15972, 17759, 21391, 22660, 23927, 24398, 24979, 26409, 26430, 31050, 31250]
22,38,[18329, 21518, 44309, 44431, 50141, 50653, 51818, 52601, 53097, 82297, 83224, 86118, 86272, 91655, 100059, 104664, 104669, 106544, 107844, 107851, 107863, 108936, 108987, 109717, 110060, 110851, 116491, 121519, 126516, 130602, 132610, 132766, 137602, 146520, 146643, 146646, 153201, 153204]
24,9,[1031, 11575, 15220, 20980, 21454, 23686, 27452, 28201, 42576]
27,10,[6013, 15374, 24471, 27736, 34600, 40821, 40832, 66306, 85050, 85686]
28,4,[2840, 5829, 10596, 10618]
30,50,[30832, 87583, 126891, 162643, 298136, 300995, 302042, 302892, 305914, 310379, 311330, 318060, 318606, 323109, 323276, 323284, 337603, 340918, 348326, 355926, 355932, 361697, 362314, 380983, 411598, 411619, 428297, 428656, 439546, 467372, 467427, 467762, 475788, 475791, 475797, 478551, 483156, 492343, 499936, 504075, 504221, 509744, 511735, 512269, 514616, 521625, 540333, 569074, 634795, 634798]
10,50,[30926, 87690, 127002, 162766, 298294, 301153, 302200, 303050, 306072, 310537, 311489, 318219, 318765, 323268, 323435, 323443, 337762, 341077, 348485, 356085, 356091, 361857, 362474, 381146, 411764, 411785, 428464, 428823, 439716, 467543, 467598, 467933, 475957, 475960, 475966, 478719, 483321, 492503, 500105, 504244, 504390, 509913, 511904, 512438, 514785, 521797, 540508, 569254, 635070, 635073]
11,1,[9930]
15,50,[224, 1113, 5640, 5949, 6511, 7532, 10310, 16787, 20882, 23744, 29197, 33560, 39908, 40061, 43380, 43419, 47507, 47633, 49848, 53675, 54236, 67493, 69070, 70660, 77176, 80613, 83903, 84070, 86202, 93144, 102338, 102459, 102518, 102543, 102559, 103415, 105874, 120798, 121834, 129558, 134092, 138325, 142530, 149472, 152823, 152941, 165324, 165502, 168560, 172174]
16,8,[2607, 5656, 12835, 19770, 20700, 29521, 29913, 37226]
17,3,[68358, 96464, 123250]
19,1,[20417]
21,16,[5456, 5706, 8980, 12992, 15371, 15972, 17759, 21391, 22660, 23927, 24398, 24979, 26409, 26430, 31050, 31250]
22,38,[18329, 21518, 44309, 44431, 50141, 50653, 51818, 52601, 53097, 82297, 83224, 86118, 86272, 91655, 100059, 104664, 104669, 106544, 107844, 107851, 107863, 108936, 108987, 109717, 110060, 110851, 116491, 121519, 126516, 130602, 132610, 132766, 137602, 146520, 146643, 146646, 153201, 153204]
24,9,[1031, 11575, 15220, 20980, 21454, 23686, 27452, 28201, 42576]
27,10,[6013, 15374, 24471, 27736, 34600, 40821, 40832, 66306, 85050, 85686]
28,4,[2840, 5829, 10596, 10618]
30,50,[30832, 87583, 126891, 162643, 298136, 300995, 302042, 302892, 305914, 310379, 311330, 318060, 318606, 323109, 323276, 323284, 337603, 340918, 348326, 355926, 355932, 361697, 362314, 380983, 411598, 411619, 428297, 428656, 439546, 467372, 467427, 467762, 475788, 475791, 475797, 478551, 483156, 492343, 499936, 504075, 504221, 509744, 511735, 512269, 514616, 521625, 540333, 569074, 634795, 634798]
