6,1,[636]
10,217,[6505, 7530, 11247, 11425, 12844, 13421, 13424, 14438, 16922, 18673, 19403, 19892, 22658, 24443, 26761, 27143, 28376, 30712, 36603, 37450, 40439, 43494, 68100, 88917, 93939, 95718, 116818, 126647, 132458, 154347, 155153, 155260, 155334, 158037, 161004, 161434, 164834, 166537, 166782, 166814, 167461, 170534, 171151, 173520, 174345, 175081, 175089, 176860, 177125, 180261, 182507, 182835, 186237, 189238, 189270, 189395, 189697, 192348, 193386, 194352, 199824, 211730, 211833, 214766, 214824, 214853, 214902, 216534, 216596, 218642, 218690, 221441, 224382, 224841, 225783, 225883, 234427, 235889, 248581, 248756, 250448, 264817, 275680, 297292, 297325, 297367, 297423, 299559, 300800, 308175, 315298, 316085, 321459, 321472, 321923, 355958, 358954, 359548, 360469, 360479, 360585, 361216, 362278, 364893, 365682, 371061, 381675, 383785, 384998, 401471, 403763, 406384, 406403, 406478, 409531, 413960, 414875, 415591, 415602, 422229, 431197, 436036, 439323, 444974, 462767, 462840, 462896, 463562, 464945, 475881, 475888, 481674, 482252, 499942, 501687, 506147, 506489, 507149, 507193, 508847, 509247, 509251, 509303, 509309, 509733, 509973, 511116, 513809, 515281, 515325, 515353, 516036, 518547, 520747, 521217, 521286, 521632, 522993, 523964, 524021, 524029, 524992, 527788, 531508, 532182, 534095, 534510, 535840, 536249, 536356, 537481, 539822, 539980, 540035, 540067, 540491, 540597, 543114, 543284, 543386, 544573, 544777, 544851, 544860, 546686, 547262, 547267, 550517, 550583, 551405, 554968, 555453, 556768, 558367, 559163, 560571, 560754, 562211, 563493, 567200, 571089, 572109, 575131, 576601, 580387, 580859, 580912, 580998, 602932, 602938, 602958, 605044, 605100, 605556, 609473, 622294, 638425]
11,32,[789, 2007, 2468, 3334, 3500, 3879, 4246, 4252, 5678, 5745, 6034, 6058, 7002, 7088, 8092, 9061, 9969, 11008, 11018, 11570, 12438, 12490, 12887, 14524, 15249, 15529, 16164, 16838, 16899, 17107, 17254, 18219]
12,34,[787, 1134, 1337, 1396, 5057, 6310, 7165, 7177, 7671, 7997, 8055, 9141, 9852, 11118, 12427, 13276, 13378, 13496, 13509, 13940, 14655, 14870, 15136, 18030, 18101, 18914, 19012, 19080, 19608, 19741, 20364, 20512, 20517, 23169]
13,8,[47, 646, 1549, 1756, 2209, 2688, 3380, 4123]
15,134,[3693, 4434, 4767, 4808, 7818, 8133, 8357, 8452, 8513, 10401, 10468, 10478, 10587, 10597, 10757, 10776, 11532, 12076, 13184, 13682, 14915, 19394, 21613, 24621, 26446, 26490, 27146, 27256, 28068, 29409, 29576, 29584, 30136, 30645, 30769, 30836, 30934, 30978, 31020, 32710, 35862, 38099, 40230, 44259, 51253, 53426, 53431, 53882, 54066, 57523, 58493, 58653, 59435, 59854, 60010, 60752, 63449, 64186, 64586, 64775, 65070, 67296, 70520, 72895, 72908, 73288, 73304, 76395, 76460, 76474, 77355, 78338, 81152, 82308, 83972, 86025, 86146, 91220, 91851, 91895, 91986, 92273, 92900, 93047, 96092, 97324, 99260, 100442, 100601, 100674, 100772, 101054, 108443, 109696, 114399, 114450, 117521, 124605, 124776, 124796, 124878, 124884, 124943, 124953, 127123, 130845, 134410, 134883, 136237, 137914, 138978, 140386, 143390, 145443, 146341, 146349, 147487, 147677, 149469, 151457, 151550, 151575, 152314, 155572, 155688, 158895, 159147, 159595, 160517, 160637, 160680, 161401, 172213, 173642]
16,46,[2186, 3125, 3376, 5162, 6348, 7017, 7065, 7090, 8620, 9273, 9948, 9998, 10029, 11992, 12124, 13681, 14018, 14773, 16022, 17036, 17052, 17103, 17156, 17159, 17565, 19238, 20133, 20169, 20761, 20866, 21264, 22573, 22584, 22589, 22796, 22850, 25746, 26205, 26215, 29056, 29612, 33267, 34327, 35777, 36540, 37517]
17,53,[18707, 31941, 32720, 43708, 45169, 45339, 45367, 47140, 51171, 51895, 56577, 56586, 56629, 57634, 57645, 57674, 59749, 59775, 62345, 66257, 66377, 66409, 71828, 71835, 85271, 100630, 100636, 100653, 100704, 104840, 108588, 120506, 138982, 139020, 139031, 140630, 140691, 147380, 150187, 157420, 159597, 159616, 164463, 179595, 179610, 179637, 179699, 186354, 186374, 187735, 189023, 214546, 216857]
18,2,[44946, 115416]
19,12,[405, 481, 549, 13920, 14085, 14089, 24989, 25000, 25725, 25779, 26751, 27023]
20,22,[1290, 3094, 4251, 9509, 11551, 11838, 15116, 15703, 16441, 17688, 17692, 23710, 24230, 26998, 34703, 39776, 39950, 39951, 39968, 45736, 52516, 63734]
21,6,[8827, 17143, 18722, 22381, 23880, 27098]
22,39,[12154, 12169, 13469, 20913, 24162, 62395, 62407, 62619, 62625, 63853, 66956, 68120, 68652, 71559, 72630, 72823, 73380, 73651, 73738, 73901, 74271, 74411, 74414, 75019, 75021, 75159, 75183, 75257, 76359, 77594, 77869, 82766, 84311, 113080, 136930, 152466, 153388, 153929, 160672]
23,11,[1867, 2891, 2982, 3035, 3112, 3565, 3597, 3602, 12863, 23580, 30389]
24,49,[807, 3443, 3858, 6599, 6859, 8310, 8317, 12358, 12891, 14448, 15540, 15950, 16313, 19352, 19717, 19768, 20552, 20570, 20825, 21039, 21786, 22976, 23964, 24516, 25496, 28101, 28564, 30582, 30941, 31108, 31473, 31573, 32009, 32406, 33539, 33551, 33552, 33707, 33726, 35821, 35945, 40038, 40160, 42220, 42864, 43316, 44163, 44225, 44901]
26,22,[1662, 3562, 4754, 10063, 12119, 12424, 15749, 16348, 17091, 18365, 18369, 24477, 24997, 27822, 35591, 40714, 40888, 40889, 40907, 46738, 53616, 65113]
27,83,[6346, 6440, 6465, 7560, 8227, 12054, 13538, 13729, 13920, 17663, 22510, 22697, 25823, 25868, 27241, 29237, 30114, 30162, 34094, 34328, 35778, 37034, 37981, 41629, 44151, 46086, 46106, 46550, 46926, 50224, 51422, 52072, 55021, 55076, 58902, 59042, 60040, 60045, 62084, 62245, 62332, 64915, 69104, 73212, 73237, 73254, 73450, 73662, 74721, 76506, 78112, 79528, 79930, 82905, 93446, 93467, 93687, 94832, 95927, 97736, 97801, 98321, 99107, 100200, 100420, 100628, 100644, 101304, 102481, 102537, 102585, 103614, 106986, 107608, 107669, 108353, 108536, 108547, 108572, 108694, 108803, 108874, 108917]
28,6,[1242, 2157, 3882, 8832, 11155, 11325]
30,217,[6411, 7436, 11153, 11331, 12750, 13327, 13330, 14344, 16828, 18579, 19309, 19798, 22564, 24349, 26667, 27049, 28282, 30618, 36505, 37352, 40341, 43396, 67997, 88810, 93832, 95611, 116707, 126536, 132346, 154234, 155040, 155147, 155221, 157924, 160890, 161320, 164711, 166414, 166659, 166691, 167338, 170411, 171028, 173397, 174222, 174958, 174966, 176737, 177002, 180138, 182375, 182703, 186105, 189106, 189138, 189263, 189565, 192216, 193254, 194220, 199682, 211588, 211691, 214624, 214682, 214711, 214760, 216392, 216454, 218502, 218550, 221291, 224232, 224691, 225633, 225733, 234277, 235739, 248428, 248603, 250295, 264661, 275524, 297134, 297167, 297209, 297265, 299401, 300642, 308017, 315139, 315926, 321300, 321313, 321764, 355799, 358794, 359388, 360309, 360319, 360425, 361056, 362118, 364730, 365519, 370898, 381512, 383622, 384835, 401305, 403597, 406218, 406237, 406312, 409365, 413794, 414709, 415425, 415436, 422063, 431027, 435866, 439153, 444804, 462596, 462669, 462725, 463391, 464774, 475712, 475719, 481508, 482086, 499773, 501518, 505978, 506320, 506980, 507024, 508678, 509078, 509082, 509134, 509140, 509564, 509804, 510947, 513640, 515112, 515156, 515184, 515864, 518375, 520575, 521045, 521114, 521460, 522821, 523792, 523849, 523857, 524820, 527616, 531333, 532007, 533920, 534335, 535665, 536074, 536181, 537306, 539647, 539805, 539860, 539892, 540316, 540422, 542939, 543109, 543211, 544398, 544602, 544676, 544685, 546511, 547087, 547092, 550339, 550405, 551227, 554790, 555275, 556590, 558189, 558985, 560393, 560576, 562033, 563315, 567020, 570909, 571929, 574951, 576421, 580207, 580679, 580732, 580818, 602735, 602741, 602761, 604842, 604898, 605354, 609261, 622042, 638150]
6,1,[636]
10,217,[6505, 7530, 11247, 11425, 12844, 13421, 13424, 14438, 16922, 18673, 19403, 19892, 22658, 24443, 26761, 27143, 28376, 30712, 36603, 37450, 40439, 43494, 68100, 88917, 93939, 95718, 116818, 126647, 132458, 154347, 155153, 155260, 155334, 158037, 161004, 161434, 164834, 166537, 166782, 166814, 167461, 170534, 171151, 173520, 174345, 175081, 175089, 176860, 177125, 180261, 182507, 182835, 186237, 189238, 189270, 189395, 189697, 192348, 193386, 194352, 199824, 211730, 211833, 214766, 214824, 214853, 214902, 216534, 216596, 218642, 218690, 221441, 224382, 224841, 225783, 225883, 234427, 235889, 248581, 248756, 250448, 264817, 275680, 297292, 297325, 297367, 297423, 299559, 300800, 308175, 315298, 316085, 321459, 321472, 321923, 355958, 358954, 359548, 360469, 360479, 360585, 361216, 362278, 364893, 365682, 371061, 381675, 383785, 384998, 401471, 403763, 406384, 406403, 406478, 409531, 413960, 414875, 415591, 415602, 422229, 431197, 436036, 439323, 444974, 462767, 462840, 462896, 463562, 464945, 475881, 475888, 481674, 482252, 499942, 501687, 506147, 506489, 507149, 507193, 508847, 509247, 509251, 509303, 509309, 509733, 509973, 511116, 513809, 515281, 515325, 515353, 516036, 518547, 520747, 521217, 521286, 521632, 522993, 523964, 524021, 524029, 524992, 527788, 531508, 532182, 534095, 534510, 535840, 536249, 536356, 537481, 539822, 539980, 540035, 540067, 540491, 540597, 543114, 543284, 543386, 544573, 544777, 544851, 544860, 546686, 547262, 547267, 550517, 550583, 551405, 554968, 555453, 556768, 558367, 559163, 560571, 560754, 562211, 563493, 567200, 571089, 572109, 575131, 576601, 580387, 580859, 580912, 580998, 602932, 602938, 602958, 605044, 605100, 605556, 609473, 622294, 638425]
11,32,[789, 2007, 2468, 3334, 3500, 3879, 4246, 4252, 5678, 5745, 6034, 6058, 7002, 7088, 8092, 9061, 9969, 11008, 11018, 11570, 12438, 12490, 12887, 14524, 15249, 15529, 16164, 16838, 16899, 17107, 17254, 18219]
12,34,[787, 1134, 1337, 1396, 5057, 6310, 7165, 7177, 7671, 7997, 8055, 9141, 9852, 11118, 12427, 13276, 13378, 13496, 13509, 13940, 14655, 14870, 15136, 18030, 18101, 18914, 19012, 19080, 19608, 19741, 20364, 20512, 20517, 23169]
13,8,[47, 646, 1549, 1756, 2209, 2688, 3380, 4123]
15,134,[3693, 4434, 4767, 4808, 7818, 8133, 8357, 8452, 8513, 10401, 10468, 10478, 10587, 10597, 10757, 10776, 11532, 12076, 13184, 13682, 14915, 19394, 21613, 24621, 26446, 26490, 27146, 27256, 28068, 29409, 29576, 29584, 30136, 30645, 30769, 30836, 30934, 30978, 31020, 32710, 35862, 38099, 40230, 44259, 51253, 53426, 53431, 53882, 54066, 57523, 58493, 58653, 59435, 59854, 60010, 60752, 63449, 64186, 64586, 64775, 65070, 67296, 70520, 72895, 72908, 73288, 73304, 76395, 76460, 76474, 77355, 78338, 81152, 82308, 83972, 86025, 86146, 91220, 91851, 91895, 91986, 92273, 92900, 93047, 96092, 97324, 99260, 100442, 100601, 100674, 100772, 101054, 108443, 109696, 114399, 114450, 117521, 124605, 124776, 124796, 124878, 124884, 124943, 124953, 127123, 130845, 134410, 134883, 136237, 137914, 138978, 140386, 143390, 145443, 146341, 146349, 147487, 147677, 149469, 151457, 151550, 151575, 152314, 155572, 155688, 158895, 159147, 159595, 160517, 160637, 160680, 161401, 172213, 173642]
16,46,[2186, 3125, 3376, 5162, 6348, 7017, 7065, 7090, 8620, 9273, 9948, 9998, 10029, 11992, 12124, 13681, 14018, 14773, 16022, 17036, 17052, 17103, 17156, 17159, 17565, 19238, 20133, 20169, 20761, 20866, 21264, 22573, 22584, 22589, 22796, 22850, 25746, 26205, 26215, 29056, 29612, 33267, 34327, 35777, 36540, 37517]
17,53,[18707, 31941, 32720, 43708, 45169, 45339, 45367, 47140, 51171, 51895, 56577, 56586, 56629, 57634, 57645, 57674, 59749, 59775, 62345, 66257, 66377, 66409, 71828, 71835, 85271, 100630, 100636, 100653, 100704, 104840, 108588, 120506, 138982, 139020, 139031, 140630, 140691, 147380, 150187, 157420, 159597, 159616, 164463, 179595, 179610, 179637, 179699, 186354, 186374, 187735, 189023, 214546, 216857]
18,2,[44946, 115416]
19,12,[405, 481, 549, 13920, 14085, 14089, 24989, 25000, 25725, 25779, 26751, 27023]
20,22,[1290, 3094, 4251, 9509, 11551, 11838, 15116, 15703, 16441, 17688, 17692, 23710, 24230, 26998, 34703, 39776, 39950, 39951, 39968, 45736, 52516, 63734]
21,6,[8827, 17143, 18722, 22381, 23880, 27098]
22,39,[12154, 12169, 13469, 20913, 24162, 62395, 62407, 62619, 62625, 63853, 66956, 68120, 68652, 71559, 72630, 72823, 73380, 73651, 73738, 73901, 74271, 74411, 74414, 75019, 75021, 75159, 75183, 75257, 76359, 77594, 77869, 82766, 84311, 113080, 136930, 152466, 153388, 153929, 160672]
23,11,[1867, 2891, 2982, 3035, 3112, 3565, 3597, 3602, 12863, 23580, 30389]
24,49,[807, 3443, 3858, 6599, 6859, 8310, 8317, 12358, 12891, 14448, 15540, 15950, 16313, 19352, 19717, 19768, 20552, 20570, 20825, 21039, 21786, 22976, 23964, 24516, 25496, 28101, 28564, 30582, 30941, 31108, 31473, 31573, 32009, 32406, 33539, 33551, 33552, 33707, 33726, 35821, 35945, 40038, 40160, 42220, 42864, 43316, 44163, 44225, 44901]
26,22,[1662, 3562, 4754, 10063, 12119, 12424, 15749, 16348, 17091, 18365, 18369, 24477, 24997, 27822, 35591, 40714, 40888, 40889, 40907, 46738, 53616, 65113]
27,83,[6346, 6440, 6465, 7560, 8227, 12054, 13538, 13729, 13920, 17663, 22510, 22697, 25823, 25868, 27241, 29237, 30114, 30162, 34094, 34328, 35778, 37034, 37981, 41629, 44151, 46086, 46106, 46550, 46926, 50224, 51422, 52072, 55021, 55076, 58902, 59042, 60040, 60045, 62084, 62245, 62332, 64915, 69104, 73212, 73237, 73254, 73450, 73662, 74721, 76506, 78112, 79528, 79930, 82905, 93446, 93467, 93687, 94832, 95927, 97736, 97801, 98321, 99107, 100200, 100420, 100628, 100644, 101304, 102481, 102537, 102585, 103614, 106986, 107608, 107669, 108353, 108536, 108547, 108572, 108694, 108803, 108874, 108917]
28,6,[1242, 2157, 3882, 8832, 11155, 11325]
30,217,[6411, 7436, 11153, 11331, 12750, 13327, 13330, 14344, 16828, 18579, 19309, 19798, 22564, 24349, 26667, 27049, 28282, 30618, 36505, 37352, 40341, 43396, 67997, 88810, 93832, 95611, 116707, 126536, 132346, 154234, 155040, 155147, 155221, 157924, 160890, 161320, 164711, 166414, 166659, 166691, 167338, 170411, 171028, 173397, 174222, 174958, 174966, 176737, 177002, 180138, 182375, 182703, 186105, 189106, 189138, 189263, 189565, 192216, 193254, 194220, 199682, 211588, 211691, 214624, 214682, 214711, 214760, 216392, 216454, 218502, 218550, 221291, 224232, 224691, 225633, 225733, 234277, 235739, 248428, 248603, 250295, 264661, 275524, 297134, 297167, 297209, 297265, 299401, 300642, 308017, 315139, 315926, 321300, 321313, 321764, 355799, 358794, 359388, 360309, 360319, 360425, 361056, 362118, 364730, 365519, 370898, 381512, 383622, 384835, 401305, 403597, 406218, 406237, 406312, 409365, 413794, 414709, 415425, 415436, 422063, 431027, 435866, 439153, 444804, 462596, 462669, 462725, 463391, 464774, 475712, 475719, 481508, 482086, 499773, 501518, 505978, 506320, 506980, 507024, 508678, 509078, 509082, 509134, 509140, 509564, 509804, 510947, 513640, 515112, 515156, 515184, 515864, 518375, 520575, 521045, 521114, 521460, 522821, 523792, 523849, 523857, 524820, 527616, 531333, 532007, 533920, 534335, 535665, 536074, 536181, 537306, 539647, 539805, 539860, 539892, 540316, 540422, 542939, 543109, 543211, 544398, 544602, 544676, 544685, 546511, 547087, 547092, 550339, 550405, 551227, 554790, 555275, 556590, 558189, 558985, 560393, 560576, 562033, 563315, 567020, 570909, 571929, 574951, 576421, 580207, 580679, 580732, 580818, 602735, 602741, 602761, 604842, 604898, 605354, 609261, 622042, 638150]
