6,1,[202]
10,1,[600401]
17,22,[12700, 12708, 12721, 12743, 19614, 19787, 22169, 28112, 57575, 88385, 92778, 92789, 92797, 93680, 93970, 94230, 119243, 121537, 124513, 124540, 164705, 198752]
20,1,[64821]
22,3,[14675, 141369, 161451]
26,1,[66223]
27,1,[93962]
30,1,[600204]
6,1,[202]
10,1,[600401]
17,22,[12700, 12708, 12721, 12743, 19614, 19787, 22169, 28112, 57575, 88385, 92778, 92789, 92797, 93680, 93970, 94230, 119243, 121537, 124513, 124540, 164705, 198752]
20,1,[64821]
22,3,[14675, 141369, 161451]
26,1,[66223]
27,1,[93962]
30,1,[600204]
