10,3,[49873, 51693, 596868]
11,2,[14445, 14480]
12,1,[20947]
14,6,[69493, 70263, 147880, 148446, 165546, 186226]
15,4,[75884, 148751, 162586, 162589]
18,1,[28291]
22,5,[24061, 127331, 147073, 147075, 147227]
25,6,[66314, 67036, 141847, 142373, 158688, 178607]
26,4,[10538, 31251, 32227, 38876]
27,2,[9313, 45101]
30,3,[49775, 51595, 596677]
10,3,[49873, 51693, 596868]
11,2,[14445, 14480]
12,1,[20947]
14,6,[69493, 70263, 147880, 148446, 165546, 186226]
15,4,[75884, 148751, 162586, 162589]
18,1,[28291]
22,5,[24061, 127331, 147073, 147075, 147227]
25,6,[66314, 67036, 141847, 142373, 158688, 178607]
26,4,[10538, 31251, 32227, 38876]
27,2,[9313, 45101]
30,3,[49775, 51595, 596677]
