15,4,[68105, 71992, 106041, 110545]
17,1,[114155]
18,40,[625, 7715, 8866, 10983, 13292, 13710, 17949, 19021, 22607, 23831, 23851, 24368, 28852, 31485, 31526, 34420, 37280, 40774, 47055, 55219, 57108, 60352, 76196, 79706, 83887, 94187, 98273, 113133, 121075, 121096, 122024, 125821, 126891, 127416, 129221, 131952, 132332, 132641, 134419, 142406]
22,8,[1318, 10892, 24301, 24302, 38080, 85486, 85488, 89346]
23,2,[1166, 21822]
27,4,[35471, 45186, 64962, 76979]
28,1,[998]
15,4,[68105, 71992, 106041, 110545]
17,1,[114155]
18,40,[625, 7715, 8866, 10983, 13292, 13710, 17949, 19021, 22607, 23831, 23851, 24368, 28852, 31485, 31526, 34420, 37280, 40774, 47055, 55219, 57108, 60352, 76196, 79706, 83887, 94187, 98273, 113133, 121075, 121096, 122024, 125821, 126891, 127416, 129221, 131952, 132332, 132641, 134419, 142406]
22,8,[1318, 10892, 24301, 24302, 38080, 85486, 85488, 89346]
23,2,[1166, 21822]
27,4,[35471, 45186, 64962, 76979]
28,1,[998]
