10,39,[8841, 16947, 20227, 123949, 124010, 126548, 198008, 235987, 251082, 254971, 275785, 301414, 309481, 315807, 319795, 322101, 325909, 328032, 329333, 334319, 339605, 340458, 344106, 346176, 349107, 355076, 361532, 361586, 362805, 384187, 386972, 439603, 462423, 465101, 465383, 511603, 525451, 529294, 625039]
14,1,[21978]
15,8,[82116, 91186, 94598, 103353, 103787, 126278, 144079, 160174]
16,1,[21328]
17,11,[1487, 5694, 6424, 45235, 46097, 47499, 47531, 47611, 47643, 67084, 203750]
18,2,[73523, 73977]
19,10,[909, 2985, 7618, 13640, 14537, 14753, 14821, 15203, 15804, 16817]
20,5,[17806, 24862, 36048, 44435, 58182]
21,2,[7621, 25668]
22,31,[5066, 16750, 36827, 43904, 43950, 55795, 85268, 94504, 107454, 111790, 115585, 118537, 119144, 119157, 123941, 127775, 127815, 127819, 145776, 145841, 146106, 148024, 148077, 148193, 149060, 149061, 149063, 149245, 150440, 153322, 153510]
23,6,[4004, 11362, 11430, 11477, 13505, 26954]
24,2,[8495, 32684]
25,1,[21529]
26,6,[18484, 23580, 25643, 36949, 45405, 59370]
27,3,[26061, 43145, 85429]
28,1,[10567]
30,39,[8747, 16853, 20133, 123838, 123899, 126437, 197876, 235837, 250929, 254818, 275629, 301256, 309323, 315648, 319636, 321942, 325750, 327873, 329174, 334160, 339446, 340299, 343947, 346017, 348948, 354917, 361372, 361426, 362645, 384024, 386809, 439433, 462252, 464930, 465212, 511434, 525279, 529119, 624785]
10,39,[8841, 16947, 20227, 123949, 124010, 126548, 198008, 235987, 251082, 254971, 275785, 301414, 309481, 315807, 319795, 322101, 325909, 328032, 329333, 334319, 339605, 340458, 344106, 346176, 349107, 355076, 361532, 361586, 362805, 384187, 386972, 439603, 462423, 465101, 465383, 511603, 525451, 529294, 625039]
14,1,[21978]
15,8,[82116, 91186, 94598, 103353, 103787, 126278, 144079, 160174]
16,1,[21328]
17,11,[1487, 5694, 6424, 45235, 46097, 47499, 47531, 47611, 47643, 67084, 203750]
18,2,[73523, 73977]
19,10,[909, 2985, 7618, 13640, 14537, 14753, 14821, 15203, 15804, 16817]
20,5,[17806, 24862, 36048, 44435, 58182]
21,2,[7621, 25668]
22,31,[5066, 16750, 36827, 43904, 43950, 55795, 85268, 94504, 107454, 111790, 115585, 118537, 119144, 119157, 123941, 127775, 127815, 127819, 145776, 145841, 146106, 148024, 148077, 148193, 149060, 149061, 149063, 149245, 150440, 153322, 153510]
23,6,[4004, 11362, 11430, 11477, 13505, 26954]
24,2,[8495, 32684]
25,1,[21529]
26,6,[18484, 23580, 25643, 36949, 45405, 59370]
27,3,[26061, 43145, 85429]
28,1,[10567]
30,39,[8747, 16853, 20133, 123838, 123899, 126437, 197876, 235837, 250929, 254818, 275629, 301256, 309323, 315648, 319636, 321942, 325750, 327873, 329174, 334160, 339446, 340299, 343947, 346017, 348948, 354917, 361372, 361426, 362645, 384024, 386809, 439433, 462252, 464930, 465212, 511434, 525279, 529119, 624785]
