10,66,[2518, 5094, 6632, 14288, 18814, 42003, 79022, 85972, 85998, 86041, 86103, 86120, 88285, 90984, 91019, 96288, 96345, 105547, 105682, 109371, 112657, 116112, 127984, 129949, 141835, 141913, 141950, 141965, 147608, 149625, 173474, 188347, 195922, 207476, 210319, 210331, 224286, 224422, 224595, 225305, 228734, 229556, 240929, 241176, 259486, 261388, 261401, 263190, 272951, 281599, 326038, 328984, 330397, 335904, 340726, 361182, 361263, 395075, 396101, 410883, 414760, 414812, 423474, 487090, 493706, 494583]
15,3,[49022, 84679, 112356]
17,45,[1638, 2411, 13252, 13280, 13408, 13853, 13919, 14394, 17071, 25243, 25272, 52460, 56134, 56174, 56197, 60808, 62838, 70399, 73277, 73807, 75314, 82605, 82633, 82814, 105664, 110672, 130005, 130659, 136279, 136290, 143974, 144150, 144425, 148015, 151836, 195958, 200823, 200835, 200838, 211972, 211980, 212347, 212353, 212418, 212434]
20,10,[24560, 28254, 59872, 60046, 60126, 60216, 60222, 60991, 62967, 64177]
22,2,[39896, 110914]
26,10,[25337, 29091, 61162, 61336, 61418, 61511, 61517, 62288, 64312, 65571]
27,1,[92047]
30,66,[2425, 5000, 6538, 14194, 18720, 41905, 78915, 85865, 85891, 85934, 85996, 86013, 88178, 90877, 90912, 96181, 96238, 105436, 105571, 109260, 112546, 116001, 127873, 129837, 141723, 141801, 141838, 141853, 147495, 149512, 173351, 188215, 195790, 207334, 210177, 210189, 224136, 224272, 224445, 225155, 228584, 229406, 240776, 241023, 259330, 261232, 261245, 263034, 272795, 281444, 325879, 328825, 330238, 335745, 340567, 361022, 361103, 394909, 395935, 410717, 414594, 414646, 423308, 486927, 493546, 494423]
10,66,[2518, 5094, 6632, 14288, 18814, 42003, 79022, 85972, 85998, 86041, 86103, 86120, 88285, 90984, 91019, 96288, 96345, 105547, 105682, 109371, 112657, 116112, 127984, 129949, 141835, 141913, 141950, 141965, 147608, 149625, 173474, 188347, 195922, 207476, 210319, 210331, 224286, 224422, 224595, 225305, 228734, 229556, 240929, 241176, 259486, 261388, 261401, 263190, 272951, 281599, 326038, 328984, 330397, 335904, 340726, 361182, 361263, 395075, 396101, 410883, 414760, 414812, 423474, 487090, 493706, 494583]
15,3,[49022, 84679, 112356]
17,45,[1638, 2411, 13252, 13280, 13408, 13853, 13919, 14394, 17071, 25243, 25272, 52460, 56134, 56174, 56197, 60808, 62838, 70399, 73277, 73807, 75314, 82605, 82633, 82814, 105664, 110672, 130005, 130659, 136279, 136290, 143974, 144150, 144425, 148015, 151836, 195958, 200823, 200835, 200838, 211972, 211980, 212347, 212353, 212418, 212434]
20,10,[24560, 28254, 59872, 60046, 60126, 60216, 60222, 60991, 62967, 64177]
22,2,[39896, 110914]
26,10,[25337, 29091, 61162, 61336, 61418, 61511, 61517, 62288, 64312, 65571]
27,1,[92047]
30,66,[2425, 5000, 6538, 14194, 18720, 41905, 78915, 85865, 85891, 85934, 85996, 86013, 88178, 90877, 90912, 96181, 96238, 105436, 105571, 109260, 112546, 116001, 127873, 129837, 141723, 141801, 141838, 141853, 147495, 149512, 173351, 188215, 195790, 207334, 210177, 210189, 224136, 224272, 224445, 225155, 228584, 229406, 240776, 241023, 259330, 261232, 261245, 263034, 272795, 281444, 325879, 328825, 330238, 335745, 340567, 361022, 361103, 394909, 395935, 410717, 414594, 414646, 423308, 486927, 493546, 494423]
