10,81,[4183, 4186, 16604, 38486, 42404, 50814, 61051, 61766, 67446, 67770, 70127, 73949, 74063, 74294, 74757, 75303, 77969, 82324, 84512, 89660, 89699, 89752, 92441, 92580, 98904, 99008, 99064, 99078, 99092, 99247, 99255, 99260, 99394, 99400, 99406, 99502, 99508, 99514, 99575, 99630, 99635, 99640, 99735, 99744, 99753, 120017, 120039, 130550, 166156, 166193, 237767, 237770, 245998, 252265, 252800, 253860, 253864, 283139, 293284, 365773, 412107, 417376, 426529, 426532, 426729, 440743, 444573, 444576, 447617, 447620, 450762, 455275, 459632, 459639, 459697, 492250, 549711, 619770, 619825, 635968, 640726]
14,2,[96548, 197681]
15,4,[2010, 83540, 123251, 138575]
17,10,[32815, 88608, 90944, 95045, 96560, 96563, 97515, 132520, 168250, 193634]
18,4,[49431, 50135, 52954, 53014]
19,1,[4563]
20,1,[29588]
22,2,[13152, 13192]
25,1,[200015]
26,1,[30430]
27,1,[69128]
30,81,[4089, 4092, 16510, 38388, 42306, 50716, 60948, 61663, 67343, 67667, 70024, 73846, 73960, 74191, 74654, 75200, 77866, 82217, 84405, 89553, 89592, 89645, 92334, 92473, 98797, 98901, 98957, 98971, 98985, 99140, 99148, 99153, 99287, 99293, 99299, 99395, 99401, 99407, 99468, 99523, 99528, 99533, 99628, 99637, 99646, 119906, 119928, 130438, 166033, 166070, 237617, 237620, 245845, 252112, 252647, 253707, 253711, 282984, 293127, 365610, 411941, 417210, 426363, 426366, 426563, 440573, 444403, 444406, 447447, 447450, 450592, 455105, 459462, 459469, 459527, 492090, 549533, 619518, 619573, 635693, 640451]
10,81,[4183, 4186, 16604, 38486, 42404, 50814, 61051, 61766, 67446, 67770, 70127, 73949, 74063, 74294, 74757, 75303, 77969, 82324, 84512, 89660, 89699, 89752, 92441, 92580, 98904, 99008, 99064, 99078, 99092, 99247, 99255, 99260, 99394, 99400, 99406, 99502, 99508, 99514, 99575, 99630, 99635, 99640, 99735, 99744, 99753, 120017, 120039, 130550, 166156, 166193, 237767, 237770, 245998, 252265, 252800, 253860, 253864, 283139, 293284, 365773, 412107, 417376, 426529, 426532, 426729, 440743, 444573, 444576, 447617, 447620, 450762, 455275, 459632, 459639, 459697, 492250, 549711, 619770, 619825, 635968, 640726]
14,2,[96548, 197681]
15,4,[2010, 83540, 123251, 138575]
17,10,[32815, 88608, 90944, 95045, 96560, 96563, 97515, 132520, 168250, 193634]
18,4,[49431, 50135, 52954, 53014]
19,1,[4563]
20,1,[29588]
22,2,[13152, 13192]
25,1,[200015]
26,1,[30430]
27,1,[69128]
30,81,[4089, 4092, 16510, 38388, 42306, 50716, 60948, 61663, 67343, 67667, 70024, 73846, 73960, 74191, 74654, 75200, 77866, 82217, 84405, 89553, 89592, 89645, 92334, 92473, 98797, 98901, 98957, 98971, 98985, 99140, 99148, 99153, 99287, 99293, 99299, 99395, 99401, 99407, 99468, 99523, 99528, 99533, 99628, 99637, 99646, 119906, 119928, 130438, 166033, 166070, 237617, 237620, 245845, 252112, 252647, 253707, 253711, 282984, 293127, 365610, 411941, 417210, 426363, 426366, 426563, 440573, 444403, 444406, 447447, 447450, 450592, 455105, 459462, 459469, 459527, 492090, 549533, 619518, 619573, 635693, 640451]
