9,1,[687]
14,25,[30795, 31850, 36976, 38237, 39880, 63482, 66679, 78229, 78248, 79544, 83167, 84200, 89689, 94954, 94973, 110870, 122127, 129471, 141067, 167994, 169425, 187766, 192081, 192096, 192597]
15,10,[23671, 34257, 42330, 48840, 65001, 102807, 104381, 113894, 127978, 128146]
18,33,[20865, 51099, 61781, 61894, 67190, 67336, 67352, 67422, 67429, 68866, 68907, 69218, 69262, 70475, 70511, 74618, 87087, 87412, 88609, 92516, 92777, 94361, 96020, 96026, 101816, 101932, 103989, 105135, 105368, 105388, 105531, 137595, 142008]
21,2,[23525, 23574]
22,18,[3859, 8357, 9693, 9884, 10152, 10153, 13907, 31765, 76707, 81083, 81277, 81331, 81338, 81342, 113608, 113611, 120466, 121271]
23,2,[1156, 19646]
25,40,[15671, 24163, 29783, 30771, 36833, 47151, 47833, 60998, 74695, 74714, 80496, 85995, 90975, 90994, 106388, 117028, 135210, 161067, 162481, 180034, 184042, 184057, 184492, 189569, 190835, 191695, 192579, 192668, 192900, 193463, 193480, 196823, 196844, 196866, 197141, 197792, 197830, 197839, 198062, 198948]
27,3,[18489, 24929, 59588]
9,1,[687]
14,25,[30795, 31850, 36976, 38237, 39880, 63482, 66679, 78229, 78248, 79544, 83167, 84200, 89689, 94954, 94973, 110870, 122127, 129471, 141067, 167994, 169425, 187766, 192081, 192096, 192597]
15,10,[23671, 34257, 42330, 48840, 65001, 102807, 104381, 113894, 127978, 128146]
18,33,[20865, 51099, 61781, 61894, 67190, 67336, 67352, 67422, 67429, 68866, 68907, 69218, 69262, 70475, 70511, 74618, 87087, 87412, 88609, 92516, 92777, 94361, 96020, 96026, 101816, 101932, 103989, 105135, 105368, 105388, 105531, 137595, 142008]
21,2,[23525, 23574]
22,18,[3859, 8357, 9693, 9884, 10152, 10153, 13907, 31765, 76707, 81083, 81277, 81331, 81338, 81342, 113608, 113611, 120466, 121271]
23,2,[1156, 19646]
25,40,[15671, 24163, 29783, 30771, 36833, 47151, 47833, 60998, 74695, 74714, 80496, 85995, 90975, 90994, 106388, 117028, 135210, 161067, 162481, 180034, 184042, 184057, 184492, 189569, 190835, 191695, 192579, 192668, 192900, 193463, 193480, 196823, 196844, 196866, 197141, 197792, 197830, 197839, 198062, 198948]
27,3,[18489, 24929, 59588]
