10,2,[11690, 394792]
14,1,[169368]
17,1,[69430]
19,3,[4321, 6028, 26881]
20,6,[17050, 20533, 37046, 43337, 46093, 47105]
22,1,[48333]
23,1,[16226]
25,1,[162428]
26,6,[17704, 21260, 37961, 44287, 47095, 48108]
27,4,[50385, 51004, 81518, 81546]
30,2,[11596, 394626]
10,2,[11690, 394792]
14,1,[169368]
17,1,[69430]
19,3,[4321, 6028, 26881]
20,6,[17050, 20533, 37046, 43337, 46093, 47105]
22,1,[48333]
23,1,[16226]
25,1,[162428]
26,6,[17704, 21260, 37961, 44287, 47095, 48108]
27,4,[50385, 51004, 81518, 81546]
30,2,[11596, 394626]
