6,1,[41]
7,1,[119]
9,1,[1188]
10,81,[10569, 23368, 30411, 31724, 52485, 96488, 103355, 115511, 118050, 154513, 158079, 161411, 162149, 166454, 174139, 175452, 184983, 189654, 190887, 195187, 197056, 222777, 261837, 273511, 286259, 293602, 294923, 300761, 310776, 321416, 321611, 324456, 327114, 339403, 342839, 353676, 356356, 360563, 369528, 403332, 454111, 464795, 466722, 478933, 489729, 492142, 492159, 495962, 496465, 499189, 499249, 499260, 499319, 499368, 499377, 501531, 525127, 526877, 533788, 536748, 539096, 539179, 539273, 539330, 539346, 544063, 557198, 559308, 569728, 569763, 571310, 572624, 575303, 582452, 582464, 597144, 601871, 602162, 608793, 612013, 621529]
11,74,[110, 184, 431, 561, 968, 1104, 1369, 1610, 1859, 1891, 2536, 2650, 2822, 2853, 2893, 2944, 3322, 3642, 3848, 3984, 4164, 5325, 5411, 5573, 5780, 6045, 6107, 6141, 6216, 6428, 7074, 7522, 7609, 8004, 8423, 8779, 9183, 9559, 9637, 9735, 9922, 9962, 10245, 10382, 10411, 10530, 10706, 10850, 12227, 12350, 12755, 13318, 13565, 13663, 13959, 14095, 14400, 14690, 14925, 15359, 15422, 15558, 16121, 16915, 17260, 17287, 17934, 18030, 18072, 18229, 18628, 19007, 19077, 19740]
12,86,[138, 1655, 1757, 2050, 2157, 2420, 2608, 2696, 2699, 2823, 3581, 3702, 3830, 3998, 4130, 4208, 4566, 4825, 4848, 5191, 5242, 5315, 5531, 5620, 5669, 5816, 5866, 6008, 6088, 6242, 6537, 6883, 7142, 7158, 7382, 8103, 8940, 9002, 9219, 9594, 9631, 9687, 9834, 9901, 10551, 10591, 11124, 11199, 11296, 11327, 11624, 12004, 12056, 12252, 12346, 12711, 12779, 12924, 12974, 13211, 14126, 14212, 14470, 15212, 15891, 15928, 16031, 16511, 16547, 17087, 17209, 17580, 18196, 19391, 19662, 19732, 20502, 20545, 20727, 20854, 21248, 21579, 21728, 22358, 22438, 22571]
13,2,[2564, 2649]
14,1,[97284]
15,150,[760, 3338, 5423, 5554, 5705, 5761, 5883, 6236, 6998, 7058, 7565, 7770, 8091, 8100, 9117, 9197, 9431, 9519, 9716, 9963, 10037, 10239, 10422, 10475, 10562, 10676, 11277, 14447, 17856, 18055, 18347, 18397, 18649, 18696, 19146, 19848, 20997, 22766, 24314, 24323, 24503, 24603, 24762, 25728, 25928, 25972, 26170, 26261, 27550, 27654, 27729, 27782, 27809, 28384, 28617, 29130, 29149, 30197, 31027, 31409, 32200, 32399, 33360, 33397, 34096, 36497, 36544, 37192, 37199, 40157, 41083, 46935, 47104, 48776, 49583, 50165, 50186, 50208, 50955, 52551, 56496, 57127, 57269, 57623, 58092, 59482, 60297, 61011, 61652, 61984, 63975, 65742, 65853, 66308, 66357, 66573, 67802, 67813, 70700, 70829, 70859, 71042, 71201, 72045, 72308, 72931, 77865, 79171, 80574, 85700, 87209, 88619, 90218, 93397, 93744, 99105, 100150, 100737, 105959, 106475, 109527, 114830, 117159, 122935, 123400, 123827, 125133, 125576, 127399, 129792, 129899, 130331, 138756, 141597, 141680, 143527, 144721, 145512, 145651, 146744, 150003, 155106, 155879, 158159, 161204, 167165, 169275, 169336, 169988, 170037]
16,78,[365, 848, 2081, 2455, 2661, 2694, 2810, 3004, 3475, 3857, 3889, 4076, 4238, 5246, 5252, 5491, 5702, 6158, 6303, 6785, 7433, 8300, 8325, 8331, 8475, 12807, 13186, 13780, 14434, 14932, 16387, 17830, 17997, 18689, 19009, 19056, 19774, 20232, 20545, 21506, 22518, 23125, 23136, 23552, 23603, 23687, 23830, 24439, 24494, 24730, 25191, 27661, 27925, 28070, 28578, 29061, 29461, 29676, 30034, 30131, 30281, 30296, 30424, 30461, 30497, 30523, 31606, 32208, 32359, 33604, 34517, 34803, 34964, 35171, 35255, 35340, 35383, 35662]
17,36,[1020, 3441, 14117, 36622, 55575, 60399, 71420, 75683, 75707, 75740, 91211, 103893, 109127, 114186, 115180, 116413, 119514, 119526, 119610, 119635, 126279, 129910, 129923, 129970, 136628, 144454, 176200, 178578, 178638, 178649, 178708, 178749, 178758, 186781, 205188, 215838]
18,32,[1959, 3154, 3359, 13241, 23638, 28824, 40955, 43545, 49549, 53121, 56901, 68626, 69524, 75518, 83525, 84729, 92050, 97622, 101170, 107995, 108883, 109104, 113075, 131695, 133865, 135920, 138153, 138247, 140035, 142272, 143100, 148518]
19,5,[5696, 12699, 17358, 21233, 23278]
20,47,[360, 3419, 16527, 17456, 18214, 19097, 21251, 22915, 23264, 23701, 25174, 26337, 26873, 27263, 27870, 28506, 28982, 29391, 29574, 29852, 31059, 31490, 31718, 34403, 34580, 34939, 37992, 38045, 40034, 40445, 41372, 44212, 45652, 47144, 47559, 47819, 48283, 48446, 49153, 49526, 50985, 54485, 55890, 56085, 58919, 61268, 65615]
21,9,[14964, 16090, 16246, 18260, 21868, 22821, 23865, 31464, 31581]
22,86,[731, 734, 4926, 12484, 14925, 15007, 37428, 52341, 58458, 58460, 58664, 58665, 58694, 58704, 58733, 58735, 58737, 58739, 58741, 58753, 58755, 58775, 58970, 59017, 59022, 59035, 59050, 59080, 59109, 59146, 59156, 59161, 59198, 59203, 59247, 59414, 59481, 59483, 59485, 59487, 59489, 59491, 59493, 59495, 59497, 59499, 59501, 59564, 60084, 60281, 60283, 60661, 63067, 65415, 66405, 67354, 68731, 68733, 68760, 68945, 70073, 71198, 71970, 72041, 72105, 72163, 72429, 72759, 87798, 87882, 89752, 90834, 93459, 101009, 101228, 118995, 119359, 134189, 134191, 134193, 137061, 137270, 139308, 140206, 150389, 152422]
23,33,[1591, 1709, 3314, 4844, 6226, 6321, 7430, 9500, 9775, 9908, 10672, 10739, 11883, 13525, 14318, 14355, 15337, 15920, 18333, 19389, 22093, 22842, 23348, 23991, 24712, 26354, 26700, 26821, 26905, 26937, 26945, 27627, 28017]
24,59,[3766, 4663, 6235, 6487, 7504, 10878, 11013, 12936, 13459, 13666, 13960, 15544, 16415, 18047, 19450, 19655, 20772, 22138, 22387, 24514, 24874, 24881, 25128, 26068, 26762, 26827, 28411, 28936, 29141, 29221, 30008, 32060, 33545, 33759, 33966, 34163, 34182, 35359, 35405, 36267, 36304, 36517, 37100, 38141, 38206, 38413, 38698, 39664, 39928, 41299, 41377, 43085, 43391, 43986, 44035, 44183, 44584, 44671, 44916]
25,1,[93171]
26,47,[724, 3904, 17177, 18123, 18916, 19805, 21995, 23684, 24469, 25962, 27134, 27697, 28088, 28699, 29336, 29819, 30234, 30416, 30698, 31926, 32361, 32590, 35290, 35468, 35831, 38910, 38963, 39161, 40973, 42308, 44989, 45177, 46654, 48147, 48566, 48830, 49296, 49463, 50194, 50573, 52041, 55646, 57050, 57242, 60147, 62572, 67029]
27,137,[613, 702, 2662, 4494, 6143, 6205, 6527, 7630, 8001, 8259, 9090, 12078, 14669, 14750, 14759, 15949, 17126, 17469, 17551, 17591, 17770, 17978, 18763, 19725, 21542, 23165, 25567, 26161, 28073, 29673, 30369, 31155, 31190, 31464, 31473, 31888, 31900, 33449, 34337, 34532, 35706, 36129, 36761, 38318, 41071, 44228, 49116, 50419, 50983, 51034, 52372, 52825, 53952, 54476, 55294, 56039, 56087, 57679, 57712, 58426, 61922, 61944, 62213, 63823, 66443, 67117, 67423, 67612, 67810, 68103, 68132, 68141, 68928, 69023, 69277, 70353, 70430, 70573, 71064, 71796, 71802, 72033, 72880, 73165, 74127, 74637, 78260, 79398, 80335, 80401, 80655, 80692, 81339, 82059, 82304, 82500, 82802, 83827, 86529, 86590, 87413, 88591, 88941, 88943, 89299, 89495, 90551, 90802, 92211, 92487, 93172, 93295, 94432, 95675, 95792, 95875, 99327, 100503, 100886, 100900, 101544, 102334, 103554, 104111, 105175, 106074, 106113, 106558, 107260, 107498, 107556, 107654, 107986, 108403, 108529, 108856, 109473]
28,16,[1239, 2395, 2919, 3429, 3926, 6762, 7161, 7257, 7607, 8439, 8704, 9507, 9510, 9979, 11533, 11747]
30,81,[10475, 23274, 30317, 31630, 52387, 96381, 103248, 115400, 117939, 154400, 157966, 161297, 162026, 166331, 174016, 175329, 184851, 189522, 190755, 195055, 196924, 222627, 261681, 273355, 286103, 293445, 294766, 300603, 310618, 321257, 321452, 324297, 326955, 339244, 342680, 353517, 356197, 360403, 369365, 403166, 453941, 464624, 466551, 478765, 489569, 491982, 491999, 495803, 496296, 499020, 499080, 499091, 499150, 499199, 499208, 501362, 524955, 526705, 533613, 536573, 538921, 539004, 539098, 539155, 539171, 543888, 557020, 559130, 569548, 569583, 571130, 572444, 575123, 582272, 582284, 596953, 601674, 601965, 608581, 611790, 621277]
6,1,[41]
7,1,[119]
9,1,[1188]
10,81,[10569, 23368, 30411, 31724, 52485, 96488, 103355, 115511, 118050, 154513, 158079, 161411, 162149, 166454, 174139, 175452, 184983, 189654, 190887, 195187, 197056, 222777, 261837, 273511, 286259, 293602, 294923, 300761, 310776, 321416, 321611, 324456, 327114, 339403, 342839, 353676, 356356, 360563, 369528, 403332, 454111, 464795, 466722, 478933, 489729, 492142, 492159, 495962, 496465, 499189, 499249, 499260, 499319, 499368, 499377, 501531, 525127, 526877, 533788, 536748, 539096, 539179, 539273, 539330, 539346, 544063, 557198, 559308, 569728, 569763, 571310, 572624, 575303, 582452, 582464, 597144, 601871, 602162, 608793, 612013, 621529]
11,74,[110, 184, 431, 561, 968, 1104, 1369, 1610, 1859, 1891, 2536, 2650, 2822, 2853, 2893, 2944, 3322, 3642, 3848, 3984, 4164, 5325, 5411, 5573, 5780, 6045, 6107, 6141, 6216, 6428, 7074, 7522, 7609, 8004, 8423, 8779, 9183, 9559, 9637, 9735, 9922, 9962, 10245, 10382, 10411, 10530, 10706, 10850, 12227, 12350, 12755, 13318, 13565, 13663, 13959, 14095, 14400, 14690, 14925, 15359, 15422, 15558, 16121, 16915, 17260, 17287, 17934, 18030, 18072, 18229, 18628, 19007, 19077, 19740]
12,86,[138, 1655, 1757, 2050, 2157, 2420, 2608, 2696, 2699, 2823, 3581, 3702, 3830, 3998, 4130, 4208, 4566, 4825, 4848, 5191, 5242, 5315, 5531, 5620, 5669, 5816, 5866, 6008, 6088, 6242, 6537, 6883, 7142, 7158, 7382, 8103, 8940, 9002, 9219, 9594, 9631, 9687, 9834, 9901, 10551, 10591, 11124, 11199, 11296, 11327, 11624, 12004, 12056, 12252, 12346, 12711, 12779, 12924, 12974, 13211, 14126, 14212, 14470, 15212, 15891, 15928, 16031, 16511, 16547, 17087, 17209, 17580, 18196, 19391, 19662, 19732, 20502, 20545, 20727, 20854, 21248, 21579, 21728, 22358, 22438, 22571]
13,2,[2564, 2649]
14,1,[97284]
15,150,[760, 3338, 5423, 5554, 5705, 5761, 5883, 6236, 6998, 7058, 7565, 7770, 8091, 8100, 9117, 9197, 9431, 9519, 9716, 9963, 10037, 10239, 10422, 10475, 10562, 10676, 11277, 14447, 17856, 18055, 18347, 18397, 18649, 18696, 19146, 19848, 20997, 22766, 24314, 24323, 24503, 24603, 24762, 25728, 25928, 25972, 26170, 26261, 27550, 27654, 27729, 27782, 27809, 28384, 28617, 29130, 29149, 30197, 31027, 31409, 32200, 32399, 33360, 33397, 34096, 36497, 36544, 37192, 37199, 40157, 41083, 46935, 47104, 48776, 49583, 50165, 50186, 50208, 50955, 52551, 56496, 57127, 57269, 57623, 58092, 59482, 60297, 61011, 61652, 61984, 63975, 65742, 65853, 66308, 66357, 66573, 67802, 67813, 70700, 70829, 70859, 71042, 71201, 72045, 72308, 72931, 77865, 79171, 80574, 85700, 87209, 88619, 90218, 93397, 93744, 99105, 100150, 100737, 105959, 106475, 109527, 114830, 117159, 122935, 123400, 123827, 125133, 125576, 127399, 129792, 129899, 130331, 138756, 141597, 141680, 143527, 144721, 145512, 145651, 146744, 150003, 155106, 155879, 158159, 161204, 167165, 169275, 169336, 169988, 170037]
16,78,[365, 848, 2081, 2455, 2661, 2694, 2810, 3004, 3475, 3857, 3889, 4076, 4238, 5246, 5252, 5491, 5702, 6158, 6303, 6785, 7433, 8300, 8325, 8331, 8475, 12807, 13186, 13780, 14434, 14932, 16387, 17830, 17997, 18689, 19009, 19056, 19774, 20232, 20545, 21506, 22518, 23125, 23136, 23552, 23603, 23687, 23830, 24439, 24494, 24730, 25191, 27661, 27925, 28070, 28578, 29061, 29461, 29676, 30034, 30131, 30281, 30296, 30424, 30461, 30497, 30523, 31606, 32208, 32359, 33604, 34517, 34803, 34964, 35171, 35255, 35340, 35383, 35662]
17,36,[1020, 3441, 14117, 36622, 55575, 60399, 71420, 75683, 75707, 75740, 91211, 103893, 109127, 114186, 115180, 116413, 119514, 119526, 119610, 119635, 126279, 129910, 129923, 129970, 136628, 144454, 176200, 178578, 178638, 178649, 178708, 178749, 178758, 186781, 205188, 215838]
18,32,[1959, 3154, 3359, 13241, 23638, 28824, 40955, 43545, 49549, 53121, 56901, 68626, 69524, 75518, 83525, 84729, 92050, 97622, 101170, 107995, 108883, 109104, 113075, 131695, 133865, 135920, 138153, 138247, 140035, 142272, 143100, 148518]
19,5,[5696, 12699, 17358, 21233, 23278]
20,47,[360, 3419, 16527, 17456, 18214, 19097, 21251, 22915, 23264, 23701, 25174, 26337, 26873, 27263, 27870, 28506, 28982, 29391, 29574, 29852, 31059, 31490, 31718, 34403, 34580, 34939, 37992, 38045, 40034, 40445, 41372, 44212, 45652, 47144, 47559, 47819, 48283, 48446, 49153, 49526, 50985, 54485, 55890, 56085, 58919, 61268, 65615]
21,9,[14964, 16090, 16246, 18260, 21868, 22821, 23865, 31464, 31581]
22,86,[731, 734, 4926, 12484, 14925, 15007, 37428, 52341, 58458, 58460, 58664, 58665, 58694, 58704, 58733, 58735, 58737, 58739, 58741, 58753, 58755, 58775, 58970, 59017, 59022, 59035, 59050, 59080, 59109, 59146, 59156, 59161, 59198, 59203, 59247, 59414, 59481, 59483, 59485, 59487, 59489, 59491, 59493, 59495, 59497, 59499, 59501, 59564, 60084, 60281, 60283, 60661, 63067, 65415, 66405, 67354, 68731, 68733, 68760, 68945, 70073, 71198, 71970, 72041, 72105, 72163, 72429, 72759, 87798, 87882, 89752, 90834, 93459, 101009, 101228, 118995, 119359, 134189, 134191, 134193, 137061, 137270, 139308, 140206, 150389, 152422]
23,33,[1591, 1709, 3314, 4844, 6226, 6321, 7430, 9500, 9775, 9908, 10672, 10739, 11883, 13525, 14318, 14355, 15337, 15920, 18333, 19389, 22093, 22842, 23348, 23991, 24712, 26354, 26700, 26821, 26905, 26937, 26945, 27627, 28017]
24,59,[3766, 4663, 6235, 6487, 7504, 10878, 11013, 12936, 13459, 13666, 13960, 15544, 16415, 18047, 19450, 19655, 20772, 22138, 22387, 24514, 24874, 24881, 25128, 26068, 26762, 26827, 28411, 28936, 29141, 29221, 30008, 32060, 33545, 33759, 33966, 34163, 34182, 35359, 35405, 36267, 36304, 36517, 37100, 38141, 38206, 38413, 38698, 39664, 39928, 41299, 41377, 43085, 43391, 43986, 44035, 44183, 44584, 44671, 44916]
25,1,[93171]
26,47,[724, 3904, 17177, 18123, 18916, 19805, 21995, 23684, 24469, 25962, 27134, 27697, 28088, 28699, 29336, 29819, 30234, 30416, 30698, 31926, 32361, 32590, 35290, 35468, 35831, 38910, 38963, 39161, 40973, 42308, 44989, 45177, 46654, 48147, 48566, 48830, 49296, 49463, 50194, 50573, 52041, 55646, 57050, 57242, 60147, 62572, 67029]
27,137,[613, 702, 2662, 4494, 6143, 6205, 6527, 7630, 8001, 8259, 9090, 12078, 14669, 14750, 14759, 15949, 17126, 17469, 17551, 17591, 17770, 17978, 18763, 19725, 21542, 23165, 25567, 26161, 28073, 29673, 30369, 31155, 31190, 31464, 31473, 31888, 31900, 33449, 34337, 34532, 35706, 36129, 36761, 38318, 41071, 44228, 49116, 50419, 50983, 51034, 52372, 52825, 53952, 54476, 55294, 56039, 56087, 57679, 57712, 58426, 61922, 61944, 62213, 63823, 66443, 67117, 67423, 67612, 67810, 68103, 68132, 68141, 68928, 69023, 69277, 70353, 70430, 70573, 71064, 71796, 71802, 72033, 72880, 73165, 74127, 74637, 78260, 79398, 80335, 80401, 80655, 80692, 81339, 82059, 82304, 82500, 82802, 83827, 86529, 86590, 87413, 88591, 88941, 88943, 89299, 89495, 90551, 90802, 92211, 92487, 93172, 93295, 94432, 95675, 95792, 95875, 99327, 100503, 100886, 100900, 101544, 102334, 103554, 104111, 105175, 106074, 106113, 106558, 107260, 107498, 107556, 107654, 107986, 108403, 108529, 108856, 109473]
28,16,[1239, 2395, 2919, 3429, 3926, 6762, 7161, 7257, 7607, 8439, 8704, 9507, 9510, 9979, 11533, 11747]
30,81,[10475, 23274, 30317, 31630, 52387, 96381, 103248, 115400, 117939, 154400, 157966, 161297, 162026, 166331, 174016, 175329, 184851, 189522, 190755, 195055, 196924, 222627, 261681, 273355, 286103, 293445, 294766, 300603, 310618, 321257, 321452, 324297, 326955, 339244, 342680, 353517, 356197, 360403, 369365, 403166, 453941, 464624, 466551, 478765, 489569, 491982, 491999, 495803, 496296, 499020, 499080, 499091, 499150, 499199, 499208, 501362, 524955, 526705, 533613, 536573, 538921, 539004, 539098, 539155, 539171, 543888, 557020, 559130, 569548, 569583, 571130, 572444, 575123, 582272, 582284, 596953, 601674, 601965, 608581, 611790, 621277]
