10,7,[7391, 23697, 23744, 129419, 155235, 155321, 361885]
15,2,[75109, 156600]
16,1,[17868]
22,23,[8885, 9989, 10004, 10070, 10101, 10104, 21975, 28247, 28293, 28313, 28470, 28512, 35692, 41457, 41476, 44893, 47274, 60749, 68193, 97001, 98230, 98480, 98591]
27,4,[32239, 36467, 59129, 99658]
30,7,[7297, 23603, 23650, 129307, 155122, 155208, 361725]
10,7,[7391, 23697, 23744, 129419, 155235, 155321, 361885]
15,2,[75109, 156600]
16,1,[17868]
22,23,[8885, 9989, 10004, 10070, 10101, 10104, 21975, 28247, 28293, 28313, 28470, 28512, 35692, 41457, 41476, 44893, 47274, 60749, 68193, 97001, 98230, 98480, 98591]
27,4,[32239, 36467, 59129, 99658]
30,7,[7297, 23603, 23650, 129307, 155122, 155208, 361725]
