10,1,[104240]
11,2,[9210, 20413]
12,1,[15036]
15,11,[6264, 7958, 10522, 11258, 18887, 19654, 21367, 22457, 49538, 79367, 169974]
17,2,[83030, 131860]
18,1,[44184]
21,3,[13063, 29952, 30549]
23,2,[19030, 30763]
24,3,[23617, 41221, 44505]
27,10,[934, 5121, 26419, 36792, 38704, 39336, 57172, 70321, 83496, 104838]
30,1,[104133]
10,1,[104240]
11,2,[9210, 20413]
12,1,[15036]
15,11,[6264, 7958, 10522, 11258, 18887, 19654, 21367, 22457, 49538, 79367, 169974]
17,2,[83030, 131860]
18,1,[44184]
21,3,[13063, 29952, 30549]
23,2,[19030, 30763]
24,3,[23617, 41221, 44505]
27,10,[934, 5121, 26419, 36792, 38704, 39336, 57172, 70321, 83496, 104838]
30,1,[104133]
