10,50,[38212, 39394, 95262, 96955, 104287, 104324, 114313, 114463, 115737, 128156, 146013, 148486, 151159, 151514, 151997, 167810, 182172, 182180, 183358, 194180, 198053, 201307, 222008, 244771, 270068, 338597, 368841, 369411, 425024, 438488, 451632, 460507, 476434, 493996, 531589, 531954, 537305, 540527, 563722, 563775, 568725, 568975, 575836, 576083, 583680, 622831, 637420, 637443, 637491, 637512]
15,17,[5917, 34213, 66801, 90244, 105669, 105679, 105776, 105816, 124449, 125262, 125785, 133800, 149860, 150821, 156221, 164146, 173567]
16,2,[32105, 32117]
17,10,[2490, 2827, 28921, 28941, 35888, 36504, 41122, 108661, 176333, 176381]
19,1,[10721]
20,2,[10279, 19420]
22,16,[4881, 31510, 31525, 37769, 37828, 37881, 41311, 101637, 109084, 109092, 109172, 109217, 109347, 116400, 122051, 151932]
24,6,[1174, 14424, 16299, 22993, 32526, 42343]
26,2,[10832, 20129]
27,10,[5186, 13357, 31728, 33839, 41311, 55100, 64891, 75617, 91832, 93330]
30,50,[38114, 39296, 95155, 96848, 104180, 104217, 114202, 114352, 115626, 128045, 145900, 148373, 151046, 151401, 151884, 167687, 182049, 182057, 183226, 194048, 197921, 201165, 221858, 244618, 269912, 338438, 368678, 369248, 424858, 438318, 451462, 460337, 476265, 493836, 531414, 531779, 537130, 540352, 563544, 563597, 568545, 568795, 575656, 575903, 583500, 622579, 637145, 637168, 637216, 637237]
10,50,[38212, 39394, 95262, 96955, 104287, 104324, 114313, 114463, 115737, 128156, 146013, 148486, 151159, 151514, 151997, 167810, 182172, 182180, 183358, 194180, 198053, 201307, 222008, 244771, 270068, 338597, 368841, 369411, 425024, 438488, 451632, 460507, 476434, 493996, 531589, 531954, 537305, 540527, 563722, 563775, 568725, 568975, 575836, 576083, 583680, 622831, 637420, 637443, 637491, 637512]
15,17,[5917, 34213, 66801, 90244, 105669, 105679, 105776, 105816, 124449, 125262, 125785, 133800, 149860, 150821, 156221, 164146, 173567]
16,2,[32105, 32117]
17,10,[2490, 2827, 28921, 28941, 35888, 36504, 41122, 108661, 176333, 176381]
19,1,[10721]
20,2,[10279, 19420]
22,16,[4881, 31510, 31525, 37769, 37828, 37881, 41311, 101637, 109084, 109092, 109172, 109217, 109347, 116400, 122051, 151932]
24,6,[1174, 14424, 16299, 22993, 32526, 42343]
26,2,[10832, 20129]
27,10,[5186, 13357, 31728, 33839, 41311, 55100, 64891, 75617, 91832, 93330]
30,50,[38114, 39296, 95155, 96848, 104180, 104217, 114202, 114352, 115626, 128045, 145900, 148373, 151046, 151401, 151884, 167687, 182049, 182057, 183226, 194048, 197921, 201165, 221858, 244618, 269912, 338438, 368678, 369248, 424858, 438318, 451462, 460337, 476265, 493836, 531414, 531779, 537130, 540352, 563544, 563597, 568545, 568795, 575656, 575903, 583500, 622579, 637145, 637168, 637216, 637237]
