11,1,[17378]
13,1,[618]
14,1,[18031]
15,13,[15697, 16206, 24673, 52848, 53811, 88793, 117816, 125224, 126426, 145490, 147005, 164260, 170908]
16,2,[17951, 20582]
18,2,[56382, 106810]
20,1,[6809]
22,49,[4484, 5690, 7728, 7730, 7732, 11292, 13998, 14146, 14338, 17589, 19063, 19385, 19417, 19421, 20152, 28630, 28632, 28634, 28801, 28803, 28805, 28807, 29022, 29896, 38669, 44718, 44942, 45059, 45479, 45517, 45519, 45521, 54798, 82835, 92190, 92372, 98163, 101171, 106663, 106667, 107732, 107735, 107833, 110000, 112908, 112924, 113884, 113887, 113944]
24,1,[19097]
25,1,[17714]
26,1,[63134]
27,2,[16129, 87628]
28,1,[8052]
11,1,[17378]
13,1,[618]
14,1,[18031]
15,13,[15697, 16206, 24673, 52848, 53811, 88793, 117816, 125224, 126426, 145490, 147005, 164260, 170908]
16,2,[17951, 20582]
18,2,[56382, 106810]
20,1,[6809]
22,49,[4484, 5690, 7728, 7730, 7732, 11292, 13998, 14146, 14338, 17589, 19063, 19385, 19417, 19421, 20152, 28630, 28632, 28634, 28801, 28803, 28805, 28807, 29022, 29896, 38669, 44718, 44942, 45059, 45479, 45517, 45519, 45521, 54798, 82835, 92190, 92372, 98163, 101171, 106663, 106667, 107732, 107735, 107833, 110000, 112908, 112924, 113884, 113887, 113944]
24,1,[19097]
25,1,[17714]
26,1,[63134]
27,2,[16129, 87628]
28,1,[8052]
