10,2,[164994, 347021]
11,1,[5850]
15,1,[71514]
16,11,[3372, 3390, 3417, 3432, 3446, 3449, 3492, 3553, 26340, 29819, 32460]
18,4,[10473, 22388, 34843, 80585]
21,1,[14791]
22,21,[1722, 2036, 3966, 6594, 7042, 18563, 21504, 31032, 35478, 107140, 116440, 117807, 117821, 117823, 119795, 120078, 120103, 121593, 147518, 147682, 150417]
23,6,[4248, 4557, 15495, 15556, 19157, 23403]
24,1,[36935]
27,2,[98183, 98190]
30,2,[164871, 346862]
10,2,[164994, 347021]
11,1,[5850]
15,1,[71514]
16,11,[3372, 3390, 3417, 3432, 3446, 3449, 3492, 3553, 26340, 29819, 32460]
18,4,[10473, 22388, 34843, 80585]
21,1,[14791]
22,21,[1722, 2036, 3966, 6594, 7042, 18563, 21504, 31032, 35478, 107140, 116440, 117807, 117821, 117823, 119795, 120078, 120103, 121593, 147518, 147682, 150417]
23,6,[4248, 4557, 15495, 15556, 19157, 23403]
24,1,[36935]
27,2,[98183, 98190]
30,2,[164871, 346862]
