6,1,[164]
10,169,[1132, 1992, 2087, 9973, 16757, 23264, 23428, 41268, 41274, 42047, 42164, 54330, 58609, 88042, 116651, 123700, 130830, 130921, 132841, 134840, 146095, 147585, 152743, 155051, 157833, 159181, 160039, 167312, 171874, 176347, 184606, 187460, 211963, 215254, 220505, 221846, 224367, 226915, 229041, 229091, 235261, 269914, 272036, 277166, 278371, 279737, 282630, 283958, 285340, 285625, 287474, 291889, 299386, 299696, 301395, 301479, 301527, 305287, 307099, 312869, 314329, 325582, 347467, 355675, 357126, 361445, 361720, 364982, 365044, 372109, 372589, 375842, 379775, 381550, 390666, 390669, 397432, 398439, 404043, 406252, 406985, 408887, 423015, 423709, 426505, 426719, 429170, 431830, 431972, 444844, 447289, 451646, 454912, 455007, 455012, 461238, 462891, 463482, 465403, 465466, 465668, 466454, 467043, 467499, 467663, 467747, 469717, 471150, 471642, 471715, 473363, 474784, 481044, 482389, 488261, 496581, 496769, 498121, 498136, 498333, 501411, 501622, 502815, 504069, 506328, 507281, 507446, 507518, 510353, 511044, 511634, 519206, 521484, 521639, 524770, 525485, 529334, 536368, 539814, 539987, 540135, 540386, 541478, 542689, 544100, 545471, 546083, 559486, 564349, 564383, 568560, 570116, 578460, 579057, 580747, 580969, 582160, 584306, 596396, 598205, 604661, 607104, 608407, 614697, 621307, 632450, 634206, 637769, 639917]
11,21,[2482, 5515, 5578, 5954, 6568, 6604, 6613, 8011, 8451, 8814, 10439, 12290, 13653, 13664, 15382, 15546, 17198, 19034, 19233, 20077, 20721]
12,30,[495, 1025, 2088, 2217, 3112, 3393, 3634, 4292, 4683, 6963, 7207, 7419, 9485, 10204, 10328, 11520, 13275, 14238, 14344, 15381, 16449, 16528, 19482, 19840, 20457, 20846, 21044, 21244, 21296, 22990]
13,7,[375, 1543, 2606, 3071, 3666, 3802, 4110]
15,123,[1325, 2187, 3107, 5075, 6340, 7594, 7905, 9332, 10421, 14403, 16423, 17655, 18856, 19349, 21471, 22261, 22274, 22878, 22931, 23080, 25510, 26874, 27441, 28477, 28664, 31323, 31374, 38863, 38969, 41732, 44586, 47492, 48068, 50400, 51088, 53691, 56401, 59842, 60920, 62032, 62067, 62150, 64282, 64317, 70138, 72155, 72380, 77039, 78359, 78379, 79125, 79229, 79714, 80462, 80993, 88363, 88717, 90102, 91617, 91696, 93257, 93534, 93957, 94074, 95401, 95802, 98363, 99592, 99929, 100029, 103816, 104864, 104885, 105022, 105372, 109280, 113208, 113881, 115947, 117637, 119142, 127725, 127733, 128966, 129460, 129532, 130682, 134601, 134985, 135448, 138548, 138573, 141959, 145040, 145131, 145299, 147666, 147902, 147996, 148663, 148816, 150799, 151031, 151763, 153303, 156969, 157836, 159681, 159777, 160117, 160243, 161718, 165310, 167035, 167056, 167113, 168820, 169501, 169642, 169818, 173029, 173590, 173761]
16,23,[2329, 2929, 5423, 8213, 8528, 13786, 17640, 18310, 19255, 20426, 20523, 21188, 21338, 21689, 21879, 25208, 25486, 26123, 26776, 27515, 30720, 31048, 33396]
17,23,[17084, 22773, 32026, 52512, 53100, 60611, 60618, 62951, 63432, 64076, 73810, 74458, 124294, 137586, 139870, 167708, 169432, 174056, 180923, 190678, 203768, 203859, 208014]
18,27,[2034, 8066, 8095, 9048, 9348, 9536, 11767, 13074, 24189, 24316, 26873, 26976, 29104, 30976, 33644, 33812, 40840, 40853, 46165, 48682, 53803, 57741, 62339, 87561, 115579, 123551, 141815]
19,88,[1060, 1118, 1123, 1844, 1856, 2366, 2375, 2766, 2854, 2860, 2866, 3108, 3192, 3547, 4306, 4310, 5425, 6441, 6605, 6611, 6772, 6778, 6888, 6893, 6938, 6948, 7240, 7939, 8378, 9229, 9398, 9409, 9563, 9648, 9709, 9713, 9960, 9967, 9992, 9996, 10008, 10048, 10055, 10096, 10104, 10779, 10791, 10798, 11094, 11894, 13487, 13494, 13531, 13536, 14580, 14736, 14742, 14990, 15109, 15481, 15571, 16313, 16632, 16637, 16825, 17093, 17099, 19655, 19658, 19664, 20050, 20350, 20585, 20826, 21204, 21267, 21271, 21276, 22914, 22954, 22988, 25355, 25360, 26347, 26361, 26632, 27139, 27150]
20,121,[46, 603, 1432, 1881, 2035, 2165, 2280, 2582, 3898, 4757, 7538, 8164, 8226, 9181, 9356, 9515, 9547, 9614, 9770, 12280, 14414, 14668, 15984, 16184, 16460, 19149, 19225, 19587, 20036, 22015, 22875, 22900, 23897, 24323, 24423, 25073, 25122, 25742, 28382, 28434, 29679, 29912, 30011, 30048, 30870, 31056, 31069, 31352, 32434, 34298, 34740, 35041, 36038, 36176, 36494, 36876, 37660, 39394, 39493, 39832, 40214, 41445, 42689, 43524, 43597, 43764, 45772, 45907, 46058, 46980, 47124, 47216, 47566, 47797, 48512, 48559, 48687, 48814, 50233, 50898, 51797, 51904, 52771, 53160, 53367, 53530, 53580, 55418, 56314, 56711, 56834, 56967, 57069, 57559, 57691, 58088, 59520, 59721, 59731, 59835, 60079, 60097, 60592, 61111, 61203, 61438, 61644, 62143, 62286, 62491, 62680, 62779, 63157, 63331, 63359, 63408, 63771, 64175, 64289, 65502, 65595]
21,8,[3799, 7397, 9430, 9919, 18328, 18864, 20776, 30014]
22,12,[14066, 14857, 14898, 16126, 26384, 48704, 76237, 76243, 76249, 99703, 124624, 128579]
23,17,[3004, 3226, 3268, 4565, 5011, 5666, 5862, 13564, 16466, 16580, 16864, 18995, 22447, 22916, 25144, 26409, 27463]
24,6,[899, 9809, 11925, 22466, 33886, 40510]
26,120,[405, 969, 1805, 2260, 2421, 2555, 2674, 3003, 4397, 5275, 8061, 8686, 8749, 9734, 9909, 10069, 10101, 10168, 10321, 12866, 15013, 15278, 16630, 16835, 17110, 19857, 19929, 20296, 20758, 22770, 23644, 23669, 24661, 25093, 25197, 25858, 25908, 26542, 29212, 29264, 30524, 30758, 30859, 30895, 31733, 31923, 31936, 32221, 33308, 35182, 35628, 35933, 36939, 37078, 37401, 37788, 38577, 40336, 40434, 40770, 41155, 42381, 43630, 44480, 44553, 44724, 46774, 46910, 47060, 47983, 48128, 48218, 48573, 48808, 49530, 49580, 49710, 49842, 51278, 51953, 52876, 52983, 53870, 54273, 54492, 54708, 56576, 57470, 57860, 57982, 58116, 58220, 58727, 58865, 59274, 60800, 61006, 61016, 61121, 61370, 61388, 61889, 62411, 62504, 62742, 62947, 63445, 63623, 63829, 64020, 64121, 64516, 64696, 64726, 64780, 65152, 65569, 65685, 66914, 67009]
27,102,[494, 892, 2311, 2491, 2899, 3197, 4405, 5900, 6968, 7288, 7975, 8813, 9737, 10619, 13711, 14446, 15904, 17453, 17935, 19077, 21271, 23506, 23832, 23839, 24239, 26533, 27311, 27716, 27774, 28431, 30621, 31175, 32167, 32712, 33012, 33315, 33967, 34005, 34339, 37829, 38972, 39030, 42899, 43904, 44423, 47574, 48224, 48270, 52308, 52352, 52548, 52673, 52696, 52789, 54103, 55381, 56681, 57866, 58071, 58380, 58387, 60783, 62257, 69412, 69798, 70064, 70486, 71351, 72330, 75483, 75722, 78004, 78156, 78336, 78700, 79614, 81340, 82202, 83209, 83713, 83727, 83768, 83915, 84241, 84736, 85412, 85812, 86340, 87241, 88944, 89053, 94531, 95664, 96475, 96482, 97519, 98693, 103690, 103977, 105456, 105876, 108113]
28,12,[1981, 2610, 2819, 5804, 6027, 7625, 9100, 9511, 9540, 10142, 10860, 11553]
30,169,[1039, 1899, 1994, 9879, 16663, 23170, 23334, 41170, 41176, 41949, 42066, 54231, 58510, 87935, 116540, 123589, 130718, 130809, 132729, 134728, 145982, 147472, 152630, 154938, 157720, 159068, 159925, 167189, 171751, 176224, 184474, 187328, 211821, 215112, 220355, 221696, 224217, 226765, 228891, 228941, 235111, 269758, 271880, 277010, 278216, 279582, 282475, 283802, 285184, 285469, 287318, 291733, 299228, 299538, 301237, 301321, 301369, 305129, 306941, 312710, 314170, 325423, 347308, 355516, 356966, 361285, 361560, 364819, 364881, 371946, 372426, 375679, 379612, 381387, 390503, 390506, 397266, 398273, 403877, 406086, 406819, 408721, 422849, 423543, 426339, 426553, 429003, 431660, 431802, 444674, 447119, 451476, 454742, 454837, 454842, 461068, 462720, 463311, 465232, 465295, 465497, 466283, 466872, 467328, 467492, 467576, 469546, 470979, 471471, 471544, 473193, 474614, 480877, 482223, 488099, 496412, 496600, 497952, 497967, 498164, 501242, 501453, 502646, 503900, 506159, 507112, 507277, 507349, 510184, 510875, 511465, 519034, 521312, 521467, 524598, 525313, 529159, 536193, 539639, 539812, 539960, 540211, 541303, 542514, 543925, 545296, 545908, 559308, 564171, 564205, 568380, 569936, 578280, 578877, 580567, 580789, 581980, 584126, 596205, 598014, 604459, 606897, 608195, 614463, 621055, 632175, 633931, 637494, 639642]
6,1,[164]
10,169,[1132, 1992, 2087, 9973, 16757, 23264, 23428, 41268, 41274, 42047, 42164, 54330, 58609, 88042, 116651, 123700, 130830, 130921, 132841, 134840, 146095, 147585, 152743, 155051, 157833, 159181, 160039, 167312, 171874, 176347, 184606, 187460, 211963, 215254, 220505, 221846, 224367, 226915, 229041, 229091, 235261, 269914, 272036, 277166, 278371, 279737, 282630, 283958, 285340, 285625, 287474, 291889, 299386, 299696, 301395, 301479, 301527, 305287, 307099, 312869, 314329, 325582, 347467, 355675, 357126, 361445, 361720, 364982, 365044, 372109, 372589, 375842, 379775, 381550, 390666, 390669, 397432, 398439, 404043, 406252, 406985, 408887, 423015, 423709, 426505, 426719, 429170, 431830, 431972, 444844, 447289, 451646, 454912, 455007, 455012, 461238, 462891, 463482, 465403, 465466, 465668, 466454, 467043, 467499, 467663, 467747, 469717, 471150, 471642, 471715, 473363, 474784, 481044, 482389, 488261, 496581, 496769, 498121, 498136, 498333, 501411, 501622, 502815, 504069, 506328, 507281, 507446, 507518, 510353, 511044, 511634, 519206, 521484, 521639, 524770, 525485, 529334, 536368, 539814, 539987, 540135, 540386, 541478, 542689, 544100, 545471, 546083, 559486, 564349, 564383, 568560, 570116, 578460, 579057, 580747, 580969, 582160, 584306, 596396, 598205, 604661, 607104, 608407, 614697, 621307, 632450, 634206, 637769, 639917]
11,21,[2482, 5515, 5578, 5954, 6568, 6604, 6613, 8011, 8451, 8814, 10439, 12290, 13653, 13664, 15382, 15546, 17198, 19034, 19233, 20077, 20721]
12,30,[495, 1025, 2088, 2217, 3112, 3393, 3634, 4292, 4683, 6963, 7207, 7419, 9485, 10204, 10328, 11520, 13275, 14238, 14344, 15381, 16449, 16528, 19482, 19840, 20457, 20846, 21044, 21244, 21296, 22990]
13,7,[375, 1543, 2606, 3071, 3666, 3802, 4110]
15,123,[1325, 2187, 3107, 5075, 6340, 7594, 7905, 9332, 10421, 14403, 16423, 17655, 18856, 19349, 21471, 22261, 22274, 22878, 22931, 23080, 25510, 26874, 27441, 28477, 28664, 31323, 31374, 38863, 38969, 41732, 44586, 47492, 48068, 50400, 51088, 53691, 56401, 59842, 60920, 62032, 62067, 62150, 64282, 64317, 70138, 72155, 72380, 77039, 78359, 78379, 79125, 79229, 79714, 80462, 80993, 88363, 88717, 90102, 91617, 91696, 93257, 93534, 93957, 94074, 95401, 95802, 98363, 99592, 99929, 100029, 103816, 104864, 104885, 105022, 105372, 109280, 113208, 113881, 115947, 117637, 119142, 127725, 127733, 128966, 129460, 129532, 130682, 134601, 134985, 135448, 138548, 138573, 141959, 145040, 145131, 145299, 147666, 147902, 147996, 148663, 148816, 150799, 151031, 151763, 153303, 156969, 157836, 159681, 159777, 160117, 160243, 161718, 165310, 167035, 167056, 167113, 168820, 169501, 169642, 169818, 173029, 173590, 173761]
16,23,[2329, 2929, 5423, 8213, 8528, 13786, 17640, 18310, 19255, 20426, 20523, 21188, 21338, 21689, 21879, 25208, 25486, 26123, 26776, 27515, 30720, 31048, 33396]
17,23,[17084, 22773, 32026, 52512, 53100, 60611, 60618, 62951, 63432, 64076, 73810, 74458, 124294, 137586, 139870, 167708, 169432, 174056, 180923, 190678, 203768, 203859, 208014]
18,27,[2034, 8066, 8095, 9048, 9348, 9536, 11767, 13074, 24189, 24316, 26873, 26976, 29104, 30976, 33644, 33812, 40840, 40853, 46165, 48682, 53803, 57741, 62339, 87561, 115579, 123551, 141815]
19,88,[1060, 1118, 1123, 1844, 1856, 2366, 2375, 2766, 2854, 2860, 2866, 3108, 3192, 3547, 4306, 4310, 5425, 6441, 6605, 6611, 6772, 6778, 6888, 6893, 6938, 6948, 7240, 7939, 8378, 9229, 9398, 9409, 9563, 9648, 9709, 9713, 9960, 9967, 9992, 9996, 10008, 10048, 10055, 10096, 10104, 10779, 10791, 10798, 11094, 11894, 13487, 13494, 13531, 13536, 14580, 14736, 14742, 14990, 15109, 15481, 15571, 16313, 16632, 16637, 16825, 17093, 17099, 19655, 19658, 19664, 20050, 20350, 20585, 20826, 21204, 21267, 21271, 21276, 22914, 22954, 22988, 25355, 25360, 26347, 26361, 26632, 27139, 27150]
20,121,[46, 603, 1432, 1881, 2035, 2165, 2280, 2582, 3898, 4757, 7538, 8164, 8226, 9181, 9356, 9515, 9547, 9614, 9770, 12280, 14414, 14668, 15984, 16184, 16460, 19149, 19225, 19587, 20036, 22015, 22875, 22900, 23897, 24323, 24423, 25073, 25122, 25742, 28382, 28434, 29679, 29912, 30011, 30048, 30870, 31056, 31069, 31352, 32434, 34298, 34740, 35041, 36038, 36176, 36494, 36876, 37660, 39394, 39493, 39832, 40214, 41445, 42689, 43524, 43597, 43764, 45772, 45907, 46058, 46980, 47124, 47216, 47566, 47797, 48512, 48559, 48687, 48814, 50233, 50898, 51797, 51904, 52771, 53160, 53367, 53530, 53580, 55418, 56314, 56711, 56834, 56967, 57069, 57559, 57691, 58088, 59520, 59721, 59731, 59835, 60079, 60097, 60592, 61111, 61203, 61438, 61644, 62143, 62286, 62491, 62680, 62779, 63157, 63331, 63359, 63408, 63771, 64175, 64289, 65502, 65595]
21,8,[3799, 7397, 9430, 9919, 18328, 18864, 20776, 30014]
22,12,[14066, 14857, 14898, 16126, 26384, 48704, 76237, 76243, 76249, 99703, 124624, 128579]
23,17,[3004, 3226, 3268, 4565, 5011, 5666, 5862, 13564, 16466, 16580, 16864, 18995, 22447, 22916, 25144, 26409, 27463]
24,6,[899, 9809, 11925, 22466, 33886, 40510]
26,120,[405, 969, 1805, 2260, 2421, 2555, 2674, 3003, 4397, 5275, 8061, 8686, 8749, 9734, 9909, 10069, 10101, 10168, 10321, 12866, 15013, 15278, 16630, 16835, 17110, 19857, 19929, 20296, 20758, 22770, 23644, 23669, 24661, 25093, 25197, 25858, 25908, 26542, 29212, 29264, 30524, 30758, 30859, 30895, 31733, 31923, 31936, 32221, 33308, 35182, 35628, 35933, 36939, 37078, 37401, 37788, 38577, 40336, 40434, 40770, 41155, 42381, 43630, 44480, 44553, 44724, 46774, 46910, 47060, 47983, 48128, 48218, 48573, 48808, 49530, 49580, 49710, 49842, 51278, 51953, 52876, 52983, 53870, 54273, 54492, 54708, 56576, 57470, 57860, 57982, 58116, 58220, 58727, 58865, 59274, 60800, 61006, 61016, 61121, 61370, 61388, 61889, 62411, 62504, 62742, 62947, 63445, 63623, 63829, 64020, 64121, 64516, 64696, 64726, 64780, 65152, 65569, 65685, 66914, 67009]
27,102,[494, 892, 2311, 2491, 2899, 3197, 4405, 5900, 6968, 7288, 7975, 8813, 9737, 10619, 13711, 14446, 15904, 17453, 17935, 19077, 21271, 23506, 23832, 23839, 24239, 26533, 27311, 27716, 27774, 28431, 30621, 31175, 32167, 32712, 33012, 33315, 33967, 34005, 34339, 37829, 38972, 39030, 42899, 43904, 44423, 47574, 48224, 48270, 52308, 52352, 52548, 52673, 52696, 52789, 54103, 55381, 56681, 57866, 58071, 58380, 58387, 60783, 62257, 69412, 69798, 70064, 70486, 71351, 72330, 75483, 75722, 78004, 78156, 78336, 78700, 79614, 81340, 82202, 83209, 83713, 83727, 83768, 83915, 84241, 84736, 85412, 85812, 86340, 87241, 88944, 89053, 94531, 95664, 96475, 96482, 97519, 98693, 103690, 103977, 105456, 105876, 108113]
28,12,[1981, 2610, 2819, 5804, 6027, 7625, 9100, 9511, 9540, 10142, 10860, 11553]
30,169,[1039, 1899, 1994, 9879, 16663, 23170, 23334, 41170, 41176, 41949, 42066, 54231, 58510, 87935, 116540, 123589, 130718, 130809, 132729, 134728, 145982, 147472, 152630, 154938, 157720, 159068, 159925, 167189, 171751, 176224, 184474, 187328, 211821, 215112, 220355, 221696, 224217, 226765, 228891, 228941, 235111, 269758, 271880, 277010, 278216, 279582, 282475, 283802, 285184, 285469, 287318, 291733, 299228, 299538, 301237, 301321, 301369, 305129, 306941, 312710, 314170, 325423, 347308, 355516, 356966, 361285, 361560, 364819, 364881, 371946, 372426, 375679, 379612, 381387, 390503, 390506, 397266, 398273, 403877, 406086, 406819, 408721, 422849, 423543, 426339, 426553, 429003, 431660, 431802, 444674, 447119, 451476, 454742, 454837, 454842, 461068, 462720, 463311, 465232, 465295, 465497, 466283, 466872, 467328, 467492, 467576, 469546, 470979, 471471, 471544, 473193, 474614, 480877, 482223, 488099, 496412, 496600, 497952, 497967, 498164, 501242, 501453, 502646, 503900, 506159, 507112, 507277, 507349, 510184, 510875, 511465, 519034, 521312, 521467, 524598, 525313, 529159, 536193, 539639, 539812, 539960, 540211, 541303, 542514, 543925, 545296, 545908, 559308, 564171, 564205, 568380, 569936, 578280, 578877, 580567, 580789, 581980, 584126, 596205, 598014, 604459, 606897, 608195, 614463, 621055, 632175, 633931, 637494, 639642]
