10,5,[101135, 363586, 443073, 443118, 446434]
12,1,[17101]
14,44,[10454, 12663, 22122, 24103, 24974, 28707, 29010, 29347, 37455, 82411, 82857, 98803, 99304, 99344, 107587, 108221, 108477, 108539, 109642, 118046, 118497, 121020, 121445, 128112, 128940, 129494, 147129, 147613, 147665, 147671, 157313, 158177, 159836, 165976, 169827, 170806, 171260, 171499, 171580, 179534, 193039, 194671, 196873, 197318]
15,2,[107733, 109163]
16,1,[15763]
22,6,[99334, 124030, 124846, 143077, 143087, 143097]
24,3,[18960, 22326, 30265]
25,39,[10644, 12739, 21653, 23456, 24288, 27790, 28083, 28397, 36068, 78702, 94730, 95202, 95241, 103170, 103990, 104045, 105063, 112961, 113444, 115932, 116415, 122681, 123462, 124018, 141093, 141594, 141645, 141651, 150598, 151451, 152935, 159082, 162892, 163825, 164700, 164787, 172132, 184900, 186497]
27,2,[60150, 66829]
30,5,[101028, 363423, 442903, 442948, 446264]
10,5,[101135, 363586, 443073, 443118, 446434]
12,1,[17101]
14,44,[10454, 12663, 22122, 24103, 24974, 28707, 29010, 29347, 37455, 82411, 82857, 98803, 99304, 99344, 107587, 108221, 108477, 108539, 109642, 118046, 118497, 121020, 121445, 128112, 128940, 129494, 147129, 147613, 147665, 147671, 157313, 158177, 159836, 165976, 169827, 170806, 171260, 171499, 171580, 179534, 193039, 194671, 196873, 197318]
15,2,[107733, 109163]
16,1,[15763]
22,6,[99334, 124030, 124846, 143077, 143087, 143097]
24,3,[18960, 22326, 30265]
25,39,[10644, 12739, 21653, 23456, 24288, 27790, 28083, 28397, 36068, 78702, 94730, 95202, 95241, 103170, 103990, 104045, 105063, 112961, 113444, 115932, 116415, 122681, 123462, 124018, 141093, 141594, 141645, 141651, 150598, 151451, 152935, 159082, 162892, 163825, 164700, 164787, 172132, 184900, 186497]
27,2,[60150, 66829]
30,5,[101028, 363423, 442903, 442948, 446264]
