10,9,[50282, 50290, 63287, 63317, 67561, 67642, 67875, 67944, 542389]
13,3,[2383, 2640, 3979]
14,1,[152923]
15,3,[19060, 68383, 69336]
16,1,[9162]
22,16,[9706, 19425, 27686, 29031, 29032, 30587, 70678, 74108, 74393, 79731, 82694, 115430, 122053, 124546, 158370, 158405]
24,1,[31414]
25,1,[146539]
30,9,[50184, 50192, 63184, 63214, 67458, 67539, 67772, 67841, 542214]
10,9,[50282, 50290, 63287, 63317, 67561, 67642, 67875, 67944, 542389]
13,3,[2383, 2640, 3979]
14,1,[152923]
15,3,[19060, 68383, 69336]
16,1,[9162]
22,16,[9706, 19425, 27686, 29031, 29032, 30587, 70678, 74108, 74393, 79731, 82694, 115430, 122053, 124546, 158370, 158405]
24,1,[31414]
25,1,[146539]
30,9,[50184, 50192, 63184, 63214, 67458, 67539, 67772, 67841, 542214]
