14,58,[4505, 7048, 7056, 7651, 7668, 18917, 20455, 22843, 26519, 27527, 27661, 27674, 35192, 35264, 40362, 44604, 44648, 44677, 50205, 50336, 67457, 67516, 68540, 68571, 100728, 107247, 107293, 107305, 110897, 116217, 120755, 123058, 124069, 131454, 138628, 138678, 144599, 145848, 145901, 148252, 154781, 162191, 163464, 169527, 170426, 170522, 171557, 173630, 176439, 177090, 178351, 178367, 192644, 192652, 194387, 194449, 195133, 195220]
15,6,[10294, 10418, 18583, 18589, 37432, 124421]
16,1,[32804]
19,3,[2948, 13175, 26472]
22,3,[51310, 123628, 123630]
23,2,[5168, 30559]
24,2,[1768, 1911]
25,57,[4928, 7250, 7257, 7935, 7950, 16817, 18543, 20123, 22352, 26779, 26792, 33871, 33939, 38835, 42814, 42856, 42884, 48255, 48358, 48376, 51643, 64393, 65362, 65392, 96666, 102856, 102903, 102914, 106415, 111292, 115695, 117939, 118884, 125798, 132726, 132775, 139801, 139851, 142197, 148217, 155451, 156672, 162600, 163473, 163567, 164764, 166677, 169331, 169916, 171034, 171049, 184535, 184543, 186242, 186303, 186939, 187022]
27,1,[76310]
14,58,[4505, 7048, 7056, 7651, 7668, 18917, 20455, 22843, 26519, 27527, 27661, 27674, 35192, 35264, 40362, 44604, 44648, 44677, 50205, 50336, 67457, 67516, 68540, 68571, 100728, 107247, 107293, 107305, 110897, 116217, 120755, 123058, 124069, 131454, 138628, 138678, 144599, 145848, 145901, 148252, 154781, 162191, 163464, 169527, 170426, 170522, 171557, 173630, 176439, 177090, 178351, 178367, 192644, 192652, 194387, 194449, 195133, 195220]
15,6,[10294, 10418, 18583, 18589, 37432, 124421]
16,1,[32804]
19,3,[2948, 13175, 26472]
22,3,[51310, 123628, 123630]
23,2,[5168, 30559]
24,2,[1768, 1911]
25,57,[4928, 7250, 7257, 7935, 7950, 16817, 18543, 20123, 22352, 26779, 26792, 33871, 33939, 38835, 42814, 42856, 42884, 48255, 48358, 48376, 51643, 64393, 65362, 65392, 96666, 102856, 102903, 102914, 106415, 111292, 115695, 117939, 118884, 125798, 132726, 132775, 139801, 139851, 142197, 148217, 155451, 156672, 162600, 163473, 163567, 164764, 166677, 169331, 169916, 171034, 171049, 184535, 184543, 186242, 186303, 186939, 187022]
27,1,[76310]
