11,2,[17372, 20764]
13,2,[307, 3893]
15,5,[14842, 14854, 50451, 157932, 164586]
19,7,[766, 7598, 7615, 7631, 13642, 15806, 21968]
20,1,[26635]
21,1,[17122]
23,3,[625, 3299, 6390]
24,1,[36602]
26,1,[27436]
27,16,[3183, 23627, 39921, 42365, 60687, 60692, 61459, 62160, 64835, 67671, 73515, 77348, 82118, 102876, 106014, 107327]
11,2,[17372, 20764]
13,2,[307, 3893]
15,5,[14842, 14854, 50451, 157932, 164586]
19,7,[766, 7598, 7615, 7631, 13642, 15806, 21968]
20,1,[26635]
21,1,[17122]
23,3,[625, 3299, 6390]
24,1,[36602]
26,1,[27436]
27,16,[3183, 23627, 39921, 42365, 60687, 60692, 61459, 62160, 64835, 67671, 73515, 77348, 82118, 102876, 106014, 107327]
