10,6,[47546, 81031, 205628, 257569, 365636, 382857]
15,9,[31430, 91099, 91294, 91733, 91887, 91906, 92066, 92124, 92167]
16,2,[12676, 19169]
17,1,[32674]
22,5,[50748, 103042, 109245, 121530, 147141]
30,6,[47448, 80924, 205486, 257413, 365473, 382694]
10,6,[47546, 81031, 205628, 257569, 365636, 382857]
15,9,[31430, 91099, 91294, 91733, 91887, 91906, 92066, 92124, 92167]
16,2,[12676, 19169]
17,1,[32674]
22,5,[50748, 103042, 109245, 121530, 147141]
30,6,[47448, 80924, 205486, 257413, 365473, 382694]
