14,4,[4522, 65793, 65874, 162237]
15,4,[65420, 65423, 143009, 145844]
17,6,[14516, 14542, 14700, 53097, 208013, 208033]
18,1,[107966]
20,1,[44657]
21,1,[31831]
22,2,[99798, 138429]
23,4,[21050, 26252, 26274, 26610]
25,4,[4944, 62650, 62781, 155495]
26,2,[45631, 61265]
27,2,[3362, 67025]
14,4,[4522, 65793, 65874, 162237]
15,4,[65420, 65423, 143009, 145844]
17,6,[14516, 14542, 14700, 53097, 208013, 208033]
18,1,[107966]
20,1,[44657]
21,1,[31831]
22,2,[99798, 138429]
23,4,[21050, 26252, 26274, 26610]
25,4,[4944, 62650, 62781, 155495]
26,2,[45631, 61265]
27,2,[3362, 67025]
