14,1,[107097]
15,3,[37896, 51839, 141716]
16,2,[11603, 13038]
19,5,[7929, 10178, 10200, 20474, 27103]
22,20,[9279, 29414, 36692, 37593, 38608, 38614, 38622, 38639, 39186, 51858, 61080, 61086, 76974, 78494, 79869, 88530, 89912, 107026, 128165, 154683]
24,2,[39409, 39423]
25,1,[102695]
27,1,[66998]
14,1,[107097]
15,3,[37896, 51839, 141716]
16,2,[11603, 13038]
19,5,[7929, 10178, 10200, 20474, 27103]
22,20,[9279, 29414, 36692, 37593, 38608, 38614, 38622, 38639, 39186, 51858, 61080, 61086, 76974, 78494, 79869, 88530, 89912, 107026, 128165, 154683]
24,2,[39409, 39423]
25,1,[102695]
27,1,[66998]
