10,201,[512, 541, 953, 958, 1198, 1208, 1217, 1327, 1336, 1568, 1590, 1646, 1658, 1782, 1804, 1944, 2068, 2117, 8782, 8872, 18004, 24677, 37202, 37559, 41469, 77932, 82843, 113339, 117714, 118605, 119219, 119229, 119410, 121044, 133445, 133465, 146339, 150401, 150408, 150432, 150441, 169463, 176420, 182402, 202968, 203119, 204125, 204285, 204302, 204340, 204351, 212301, 215805, 215832, 221136, 230919, 231605, 233228, 256821, 270456, 293467, 301404, 302938, 304919, 311166, 319092, 322445, 332526, 345931, 348960, 349501, 350141, 354983, 360629, 360641, 360933, 361374, 361521, 362722, 362732, 362921, 365781, 370371, 372966, 377496, 378451, 380573, 381251, 381258, 381265, 381272, 383087, 383165, 387963, 387972, 388058, 388358, 389955, 389958, 391990, 392502, 392940, 393587, 394136, 394318, 397859, 398748, 398783, 399618, 399705, 402731, 432904, 437366, 437370, 437446, 439156, 439663, 439668, 439673, 439679, 441933, 441938, 442195, 448978, 451758, 452964, 457036, 457056, 457068, 464966, 464978, 465059, 465269, 465363, 465489, 474368, 475766, 475813, 475976, 476061, 476065, 476068, 476073, 476813, 476819, 483629, 487310, 489479, 489486, 490600, 493141, 497264, 499660, 499667, 499673, 499682, 499688, 503049, 503058, 503066, 504038, 509105, 509130, 509145, 509171, 511598, 523630, 523785, 523801, 525446, 530435, 533519, 533528, 533535, 540085, 540114, 540358, 542636, 543931, 546038, 547827, 549876, 549911, 567675, 571732, 573603, 589532, 589547, 589654, 589666, 589681, 604551, 624447, 626101, 631999, 634031, 634163, 634973, 640895, 640912, 641150]
11,9,[8061, 9907, 10318, 10489, 12328, 12525, 12863, 13019, 14069]
12,22,[2692, 3194, 3350, 4708, 4728, 4978, 6206, 7034, 7457, 7827, 9054, 9553, 9682, 12125, 12357, 14460, 16841, 17216, 17553, 18875, 21325, 21486]
14,8,[19568, 54408, 57630, 71367, 76203, 100506, 130718, 139493]
15,22,[3240, 3882, 32635, 38886, 38916, 47951, 50840, 54116, 54935, 59932, 74666, 106137, 133088, 133202, 133210, 133750, 137306, 142290, 143082, 153082, 159179, 163845]
16,32,[2022, 2233, 9485, 15425, 15434, 15508, 15530, 15551, 15651, 16131, 17116, 22171, 23774, 24650, 26063, 26091, 26443, 26487, 26494, 26668, 26750, 26784, 27089, 27144, 27233, 27411, 27501, 27726, 28101, 28330, 35645, 36297]
17,112,[5715, 5812, 5959, 5977, 6015, 6033, 6111, 6120, 6277, 7044, 7116, 7475, 7560, 7606, 7612, 7646, 7657, 7901, 7997, 8011, 11906, 12000, 12236, 12241, 12433, 12443, 12461, 12604, 12886, 22634, 32824, 47449, 47480, 47560, 47569, 47627, 47658, 47712, 47736, 47764, 47793, 47812, 47836, 47913, 47926, 47969, 48010, 48024, 48067, 48104, 48179, 48183, 48249, 48266, 48353, 48364, 48374, 48534, 48557, 48588, 48635, 48649, 48678, 48714, 48907, 49034, 49128, 49372, 49382, 49395, 49404, 49429, 49452, 49468, 49510, 49542, 49658, 49666, 49979, 49986, 49992, 50000, 50519, 85976, 86658, 86661, 87090, 93851, 93926, 94065, 109779, 116369, 116410, 116469, 116497, 116507, 116529, 116618, 117259, 124325, 124350, 124403, 124450, 151845, 170779, 170802, 179070, 179077, 179083, 179091, 179097, 201113]
19,51,[1110, 4211, 4230, 5406, 6292, 7562, 8242, 8247, 8285, 8346, 8366, 8472, 8531, 8546, 8571, 8603, 8642, 8743, 10550, 10866, 11101, 11127, 11330, 12739, 12769, 14057, 14063, 14603, 14983, 15123, 15885, 15891, 16289, 16315, 16468, 16528, 17117, 17340, 18038, 18407, 21835, 21856, 22455, 22462, 22498, 22504, 24259, 25676, 25765, 26120, 26202]
20,52,[31, 13768, 17427, 17431, 17572, 17587, 18697, 18880, 18884, 18907, 19459, 20278, 23012, 23043, 34360, 36018, 37602, 39528, 40135, 40222, 40237, 40259, 42694, 45779, 45871, 45890, 46027, 46195, 46236, 46295, 46305, 46699, 46727, 46888, 47408, 47505, 47515, 47598, 47602, 48573, 48621, 48997, 49073, 50370, 50482, 50848, 53028, 57047, 57216, 58461, 59062, 61853]
21,64,[156, 464, 985, 1353, 1423, 1561, 1565, 7403, 7410, 8441, 8505, 13101, 13106, 13157, 13757, 15355, 17203, 17234, 17382, 20538, 20623, 21752, 22824, 22826, 22850, 24763, 24845, 25415, 25696, 28855, 28986, 29499, 29802, 29808, 29845, 29867, 29880, 29896, 30068, 30432, 30439, 30588, 30800, 30862, 30881, 30896, 30909, 32240, 32570, 32585, 33541, 33545, 33548, 33552, 33564, 33600, 33605, 34927, 35542, 35546, 35595, 35613, 35821, 35890]
22,17,[2473, 2890, 20306, 22905, 23035, 29124, 48301, 48398, 48400, 50434, 67037, 98018, 105214, 106488, 140448, 140780, 158550]
23,5,[16220, 16414, 16765, 16860, 17333]
24,18,[31, 9905, 11556, 13008, 20205, 20500, 22481, 22665, 22689, 22730, 22853, 25373, 30381, 37700, 37778, 38301, 38436, 43056]
25,9,[19142, 24659, 52236, 55273, 68061, 72650, 96455, 125112, 133654]
26,53,[389, 14355, 18094, 18098, 18248, 18263, 19405, 19588, 19592, 19614, 20168, 21004, 23782, 23814, 35246, 36920, 38518, 40469, 41075, 41163, 41178, 41200, 43635, 46781, 46874, 46893, 47029, 47200, 47241, 47300, 47310, 47703, 47732, 47892, 48413, 48510, 48520, 48605, 48609, 49594, 49642, 50028, 50071, 50107, 51419, 51532, 51901, 54138, 58197, 58370, 59651, 60316, 63156]
27,36,[53, 315, 11546, 14287, 14585, 16166, 28730, 33037, 40146, 41899, 42001, 43864, 43902, 48167, 48632, 58618, 59541, 61497, 66779, 67353, 67366, 67628, 67694, 67732, 76023, 76230, 76256, 81484, 81824, 81997, 83399, 84476, 86602, 97602, 98853, 101350]
28,14,[205, 3265, 3277, 3736, 5598, 5600, 6590, 6598, 6636, 6745, 7949, 8008, 8850, 9236]
30,201,[419, 448, 860, 865, 1105, 1115, 1124, 1234, 1243, 1475, 1497, 1553, 1565, 1689, 1711, 1851, 1975, 2024, 8688, 8778, 17910, 24583, 37104, 37461, 41371, 77829, 82736, 113228, 117603, 118494, 119108, 119118, 119299, 120933, 133333, 133353, 146226, 150288, 150295, 150319, 150328, 169340, 176297, 182279, 202826, 202977, 203983, 204143, 204160, 204198, 204209, 212159, 215663, 215690, 220986, 230769, 231455, 233078, 256665, 270300, 293310, 301246, 302780, 304761, 311007, 318933, 322286, 332367, 345772, 348801, 349342, 349982, 354824, 360469, 360481, 360773, 361214, 361361, 362562, 362572, 362761, 365618, 370208, 372803, 377333, 378288, 380410, 381088, 381095, 381102, 381109, 382924, 383002, 387800, 387809, 387895, 388195, 389792, 389795, 391827, 392339, 392774, 393421, 393970, 394152, 397693, 398582, 398617, 399452, 399539, 402565, 432734, 437196, 437200, 437276, 438986, 439493, 439498, 439503, 439509, 441763, 441768, 442025, 448808, 451588, 452794, 456866, 456886, 456898, 464795, 464807, 464888, 465098, 465192, 465318, 474198, 475596, 475643, 475807, 475892, 475896, 475899, 475904, 476644, 476650, 483464, 487147, 489318, 489325, 490440, 492981, 497095, 499491, 499498, 499504, 499513, 499519, 502880, 502889, 502897, 503869, 508936, 508961, 508976, 509002, 511429, 523458, 523613, 523629, 525274, 530260, 533344, 533353, 533360, 539910, 539939, 540183, 542461, 543756, 545863, 547652, 549698, 549733, 567495, 571552, 573423, 589347, 589362, 589469, 589481, 589496, 604349, 624193, 625844, 631724, 633756, 633888, 634698, 640620, 640637, 640875]
10,201,[512, 541, 953, 958, 1198, 1208, 1217, 1327, 1336, 1568, 1590, 1646, 1658, 1782, 1804, 1944, 2068, 2117, 8782, 8872, 18004, 24677, 37202, 37559, 41469, 77932, 82843, 113339, 117714, 118605, 119219, 119229, 119410, 121044, 133445, 133465, 146339, 150401, 150408, 150432, 150441, 169463, 176420, 182402, 202968, 203119, 204125, 204285, 204302, 204340, 204351, 212301, 215805, 215832, 221136, 230919, 231605, 233228, 256821, 270456, 293467, 301404, 302938, 304919, 311166, 319092, 322445, 332526, 345931, 348960, 349501, 350141, 354983, 360629, 360641, 360933, 361374, 361521, 362722, 362732, 362921, 365781, 370371, 372966, 377496, 378451, 380573, 381251, 381258, 381265, 381272, 383087, 383165, 387963, 387972, 388058, 388358, 389955, 389958, 391990, 392502, 392940, 393587, 394136, 394318, 397859, 398748, 398783, 399618, 399705, 402731, 432904, 437366, 437370, 437446, 439156, 439663, 439668, 439673, 439679, 441933, 441938, 442195, 448978, 451758, 452964, 457036, 457056, 457068, 464966, 464978, 465059, 465269, 465363, 465489, 474368, 475766, 475813, 475976, 476061, 476065, 476068, 476073, 476813, 476819, 483629, 487310, 489479, 489486, 490600, 493141, 497264, 499660, 499667, 499673, 499682, 499688, 503049, 503058, 503066, 504038, 509105, 509130, 509145, 509171, 511598, 523630, 523785, 523801, 525446, 530435, 533519, 533528, 533535, 540085, 540114, 540358, 542636, 543931, 546038, 547827, 549876, 549911, 567675, 571732, 573603, 589532, 589547, 589654, 589666, 589681, 604551, 624447, 626101, 631999, 634031, 634163, 634973, 640895, 640912, 641150]
11,9,[8061, 9907, 10318, 10489, 12328, 12525, 12863, 13019, 14069]
12,22,[2692, 3194, 3350, 4708, 4728, 4978, 6206, 7034, 7457, 7827, 9054, 9553, 9682, 12125, 12357, 14460, 16841, 17216, 17553, 18875, 21325, 21486]
14,8,[19568, 54408, 57630, 71367, 76203, 100506, 130718, 139493]
15,22,[3240, 3882, 32635, 38886, 38916, 47951, 50840, 54116, 54935, 59932, 74666, 106137, 133088, 133202, 133210, 133750, 137306, 142290, 143082, 153082, 159179, 163845]
16,32,[2022, 2233, 9485, 15425, 15434, 15508, 15530, 15551, 15651, 16131, 17116, 22171, 23774, 24650, 26063, 26091, 26443, 26487, 26494, 26668, 26750, 26784, 27089, 27144, 27233, 27411, 27501, 27726, 28101, 28330, 35645, 36297]
17,112,[5715, 5812, 5959, 5977, 6015, 6033, 6111, 6120, 6277, 7044, 7116, 7475, 7560, 7606, 7612, 7646, 7657, 7901, 7997, 8011, 11906, 12000, 12236, 12241, 12433, 12443, 12461, 12604, 12886, 22634, 32824, 47449, 47480, 47560, 47569, 47627, 47658, 47712, 47736, 47764, 47793, 47812, 47836, 47913, 47926, 47969, 48010, 48024, 48067, 48104, 48179, 48183, 48249, 48266, 48353, 48364, 48374, 48534, 48557, 48588, 48635, 48649, 48678, 48714, 48907, 49034, 49128, 49372, 49382, 49395, 49404, 49429, 49452, 49468, 49510, 49542, 49658, 49666, 49979, 49986, 49992, 50000, 50519, 85976, 86658, 86661, 87090, 93851, 93926, 94065, 109779, 116369, 116410, 116469, 116497, 116507, 116529, 116618, 117259, 124325, 124350, 124403, 124450, 151845, 170779, 170802, 179070, 179077, 179083, 179091, 179097, 201113]
19,51,[1110, 4211, 4230, 5406, 6292, 7562, 8242, 8247, 8285, 8346, 8366, 8472, 8531, 8546, 8571, 8603, 8642, 8743, 10550, 10866, 11101, 11127, 11330, 12739, 12769, 14057, 14063, 14603, 14983, 15123, 15885, 15891, 16289, 16315, 16468, 16528, 17117, 17340, 18038, 18407, 21835, 21856, 22455, 22462, 22498, 22504, 24259, 25676, 25765, 26120, 26202]
20,52,[31, 13768, 17427, 17431, 17572, 17587, 18697, 18880, 18884, 18907, 19459, 20278, 23012, 23043, 34360, 36018, 37602, 39528, 40135, 40222, 40237, 40259, 42694, 45779, 45871, 45890, 46027, 46195, 46236, 46295, 46305, 46699, 46727, 46888, 47408, 47505, 47515, 47598, 47602, 48573, 48621, 48997, 49073, 50370, 50482, 50848, 53028, 57047, 57216, 58461, 59062, 61853]
21,64,[156, 464, 985, 1353, 1423, 1561, 1565, 7403, 7410, 8441, 8505, 13101, 13106, 13157, 13757, 15355, 17203, 17234, 17382, 20538, 20623, 21752, 22824, 22826, 22850, 24763, 24845, 25415, 25696, 28855, 28986, 29499, 29802, 29808, 29845, 29867, 29880, 29896, 30068, 30432, 30439, 30588, 30800, 30862, 30881, 30896, 30909, 32240, 32570, 32585, 33541, 33545, 33548, 33552, 33564, 33600, 33605, 34927, 35542, 35546, 35595, 35613, 35821, 35890]
22,17,[2473, 2890, 20306, 22905, 23035, 29124, 48301, 48398, 48400, 50434, 67037, 98018, 105214, 106488, 140448, 140780, 158550]
23,5,[16220, 16414, 16765, 16860, 17333]
24,18,[31, 9905, 11556, 13008, 20205, 20500, 22481, 22665, 22689, 22730, 22853, 25373, 30381, 37700, 37778, 38301, 38436, 43056]
25,9,[19142, 24659, 52236, 55273, 68061, 72650, 96455, 125112, 133654]
26,53,[389, 14355, 18094, 18098, 18248, 18263, 19405, 19588, 19592, 19614, 20168, 21004, 23782, 23814, 35246, 36920, 38518, 40469, 41075, 41163, 41178, 41200, 43635, 46781, 46874, 46893, 47029, 47200, 47241, 47300, 47310, 47703, 47732, 47892, 48413, 48510, 48520, 48605, 48609, 49594, 49642, 50028, 50071, 50107, 51419, 51532, 51901, 54138, 58197, 58370, 59651, 60316, 63156]
27,36,[53, 315, 11546, 14287, 14585, 16166, 28730, 33037, 40146, 41899, 42001, 43864, 43902, 48167, 48632, 58618, 59541, 61497, 66779, 67353, 67366, 67628, 67694, 67732, 76023, 76230, 76256, 81484, 81824, 81997, 83399, 84476, 86602, 97602, 98853, 101350]
28,14,[205, 3265, 3277, 3736, 5598, 5600, 6590, 6598, 6636, 6745, 7949, 8008, 8850, 9236]
30,201,[419, 448, 860, 865, 1105, 1115, 1124, 1234, 1243, 1475, 1497, 1553, 1565, 1689, 1711, 1851, 1975, 2024, 8688, 8778, 17910, 24583, 37104, 37461, 41371, 77829, 82736, 113228, 117603, 118494, 119108, 119118, 119299, 120933, 133333, 133353, 146226, 150288, 150295, 150319, 150328, 169340, 176297, 182279, 202826, 202977, 203983, 204143, 204160, 204198, 204209, 212159, 215663, 215690, 220986, 230769, 231455, 233078, 256665, 270300, 293310, 301246, 302780, 304761, 311007, 318933, 322286, 332367, 345772, 348801, 349342, 349982, 354824, 360469, 360481, 360773, 361214, 361361, 362562, 362572, 362761, 365618, 370208, 372803, 377333, 378288, 380410, 381088, 381095, 381102, 381109, 382924, 383002, 387800, 387809, 387895, 388195, 389792, 389795, 391827, 392339, 392774, 393421, 393970, 394152, 397693, 398582, 398617, 399452, 399539, 402565, 432734, 437196, 437200, 437276, 438986, 439493, 439498, 439503, 439509, 441763, 441768, 442025, 448808, 451588, 452794, 456866, 456886, 456898, 464795, 464807, 464888, 465098, 465192, 465318, 474198, 475596, 475643, 475807, 475892, 475896, 475899, 475904, 476644, 476650, 483464, 487147, 489318, 489325, 490440, 492981, 497095, 499491, 499498, 499504, 499513, 499519, 502880, 502889, 502897, 503869, 508936, 508961, 508976, 509002, 511429, 523458, 523613, 523629, 525274, 530260, 533344, 533353, 533360, 539910, 539939, 540183, 542461, 543756, 545863, 547652, 549698, 549733, 567495, 571552, 573423, 589347, 589362, 589469, 589481, 589496, 604349, 624193, 625844, 631724, 633756, 633888, 634698, 640620, 640637, 640875]
