10,6,[299981, 442242, 601392, 622368, 625341, 626776]
11,10,[4338, 4350, 17779, 17804, 17931, 18121, 18142, 18227, 19495, 19575]
12,1,[10200]
15,3,[93004, 105835, 146026]
17,5,[25096, 81550, 81587, 147677, 209106]
18,94,[870, 28066, 31679, 32500, 45045, 45629, 59669, 59724, 60564, 63096, 65038, 68330, 69188, 72399, 78737, 80559, 80920, 81051, 82860, 83925, 95763, 96828, 107746, 107785, 108334, 108513, 108516, 108613, 108830, 109263, 110927, 124259, 130411, 136628, 136999, 137573, 137580, 137749, 138103, 138169, 138257, 139582, 139624, 139665, 139826, 139838, 139892, 139903, 139942, 139955, 139985, 140071, 140461, 140481, 140676, 140790, 140823, 140856, 140927, 140962, 141006, 141052, 141218, 141256, 141338, 141451, 141513, 141589, 141745, 141786, 141840, 141937, 141972, 142062, 142087, 142141, 142505, 142561, 142646, 142744, 142838, 143230, 143281, 143381, 143415, 143472, 143505, 143638, 143768, 144171, 144251, 144261, 144282, 144475]
19,4,[5520, 6562, 23887, 23912]
20,9,[21635, 40992, 44195, 44491, 44517, 44584, 48191, 48272, 49514]
21,2,[28373, 28378]
22,22,[60907, 61443, 61486, 61577, 61579, 61581, 61583, 61636, 61715, 61722, 100263, 100336, 106092, 114250, 129669, 130285, 147826, 157497, 157654, 157683, 157688, 157922]
23,2,[817, 9553]
24,3,[41119, 42621, 43781]
25,1,[131402]
26,10,[2684, 22382, 41928, 45158, 45460, 45487, 45555, 49204, 49285, 50561]
27,2,[104720, 105079]
30,6,[299823, 442072, 601195, 622116, 625084, 626519]
10,6,[299981, 442242, 601392, 622368, 625341, 626776]
11,10,[4338, 4350, 17779, 17804, 17931, 18121, 18142, 18227, 19495, 19575]
12,1,[10200]
15,3,[93004, 105835, 146026]
17,5,[25096, 81550, 81587, 147677, 209106]
18,94,[870, 28066, 31679, 32500, 45045, 45629, 59669, 59724, 60564, 63096, 65038, 68330, 69188, 72399, 78737, 80559, 80920, 81051, 82860, 83925, 95763, 96828, 107746, 107785, 108334, 108513, 108516, 108613, 108830, 109263, 110927, 124259, 130411, 136628, 136999, 137573, 137580, 137749, 138103, 138169, 138257, 139582, 139624, 139665, 139826, 139838, 139892, 139903, 139942, 139955, 139985, 140071, 140461, 140481, 140676, 140790, 140823, 140856, 140927, 140962, 141006, 141052, 141218, 141256, 141338, 141451, 141513, 141589, 141745, 141786, 141840, 141937, 141972, 142062, 142087, 142141, 142505, 142561, 142646, 142744, 142838, 143230, 143281, 143381, 143415, 143472, 143505, 143638, 143768, 144171, 144251, 144261, 144282, 144475]
19,4,[5520, 6562, 23887, 23912]
20,9,[21635, 40992, 44195, 44491, 44517, 44584, 48191, 48272, 49514]
21,2,[28373, 28378]
22,22,[60907, 61443, 61486, 61577, 61579, 61581, 61583, 61636, 61715, 61722, 100263, 100336, 106092, 114250, 129669, 130285, 147826, 157497, 157654, 157683, 157688, 157922]
23,2,[817, 9553]
24,3,[41119, 42621, 43781]
25,1,[131402]
26,10,[2684, 22382, 41928, 45158, 45460, 45487, 45555, 49204, 49285, 50561]
27,2,[104720, 105079]
30,6,[299823, 442072, 601195, 622116, 625084, 626519]
