10,22,[108222, 151874, 179949, 503802, 511377, 511503, 525372, 561056, 574474, 585189, 586437, 588205, 590051, 599135, 601099, 612065, 612995, 631571, 632032, 632080, 632376, 634460]
15,1,[70331]
17,5,[22014, 51786, 73930, 78304, 88969]
20,1,[56847]
22,1,[129705]
26,1,[57995]
27,1,[17215]
30,22,[108111, 151761, 179826, 503633, 511208, 511334, 525200, 560878, 574294, 585004, 586252, 588020, 589866, 598938, 600902, 611842, 612766, 631296, 631757, 631805, 632101, 634185]
10,22,[108222, 151874, 179949, 503802, 511377, 511503, 525372, 561056, 574474, 585189, 586437, 588205, 590051, 599135, 601099, 612065, 612995, 631571, 632032, 632080, 632376, 634460]
15,1,[70331]
17,5,[22014, 51786, 73930, 78304, 88969]
20,1,[56847]
22,1,[129705]
26,1,[57995]
27,1,[17215]
30,22,[108111, 151761, 179826, 503633, 511208, 511334, 525200, 560878, 574294, 585004, 586252, 588020, 589866, 598938, 600902, 611842, 612766, 631296, 631757, 631805, 632101, 634185]
