9,2,[1578, 1894]
10,283,[9437, 13427, 16056, 16062, 32857, 40193, 46270, 52424, 66219, 71294, 89176, 93674, 94362, 95230, 95292, 102043, 103426, 105092, 105821, 105999, 106558, 108236, 109420, 110102, 112887, 113169, 114291, 114650, 115164, 116106, 117002, 117079, 120258, 120296, 125202, 125421, 125564, 126250, 126472, 128657, 142225, 142271, 142414, 142599, 142955, 143841, 146706, 146708, 152123, 157406, 157422, 158142, 159993, 160011, 161361, 168714, 168730, 169605, 171382, 171491, 176712, 176757, 183449, 183474, 183484, 183505, 191091, 191218, 192240, 194603, 195656, 206538, 206600, 207630, 208924, 210578, 211028, 211200, 214117, 219069, 219625, 221655, 225956, 225995, 231665, 233020, 234103, 234424, 246270, 247152, 258696, 259034, 259184, 259588, 259695, 263271, 265207, 269533, 271345, 272256, 272338, 272343, 272381, 276644, 283671, 285187, 289003, 293112, 293227, 298459, 301389, 304548, 304647, 307907, 311525, 312106, 314327, 315052, 315448, 315940, 319677, 320555, 323132, 323813, 325903, 329473, 329523, 329700, 330475, 330540, 330816, 333834, 334673, 335882, 339170, 339192, 339637, 341173, 341243, 341771, 341787, 345308, 346336, 346483, 348001, 348142, 353824, 354193, 355641, 357963, 361605, 362456, 363571, 367301, 368824, 369604, 370930, 372184, 372685, 374376, 375413, 375701, 375956, 375962, 376480, 378252, 379297, 389088, 389597, 393678, 393917, 394152, 394327, 394503, 395220, 396218, 397633, 400617, 403323, 403618, 404714, 407111, 407982, 409965, 411375, 411501, 411585, 411589, 413107, 420010, 422980, 424149, 428405, 429010, 429069, 430036, 431383, 431408, 431824, 433437, 433758, 433905, 433948, 436881, 436887, 440156, 440394, 440442, 450461, 450464, 450522, 450528, 450529, 450633, 450722, 452468, 453923, 454145, 454536, 469206, 470659, 470688, 470693, 471482, 473151, 475189, 475680, 476544, 476568, 477604, 477682, 477729, 477758, 477802, 477860, 477930, 478005, 478062, 478092, 479067, 479200, 480365, 482236, 482255, 482259, 485018, 487998, 488405, 488686, 489639, 489647, 489670, 492641, 493041, 494085, 495253, 495699, 496137, 498588, 498633, 499496, 525251, 528326, 528340, 537133, 542603, 545766, 573161, 573925, 574316, 582653, 582713, 589723, 600045, 604949, 608535, 616341, 616602, 617113, 622930, 624301, 628000, 635785]
11,11,[6923, 9337, 9701, 9752, 12968, 14017, 16057, 16383, 16687, 17462, 19268]
12,16,[1866, 3001, 3027, 3029, 5119, 5781, 6552, 9389, 12314, 12771, 12935, 14187, 19355, 19472, 23148, 23173]
13,2,[517, 2332]
14,1,[185871]
15,61,[2070, 9449, 10485, 10604, 14390, 16689, 18769, 29989, 31061, 31097, 31718, 32798, 37312, 46678, 48608, 50192, 50209, 52206, 53579, 53832, 56135, 56597, 61489, 61910, 72274, 78127, 78128, 78143, 78260, 78269, 78272, 78326, 78369, 78638, 78706, 79955, 84136, 85462, 87434, 87589, 89314, 90845, 107852, 117706, 123603, 129974, 131406, 131910, 143148, 143509, 152460, 154483, 157162, 162773, 166724, 167156, 170281, 171949, 172474, 173119, 173285]
16,12,[17542, 19589, 23865, 26319, 26937, 28493, 29923, 30314, 34264, 37427, 37452, 37878]
17,62,[14181, 17804, 17823, 17865, 20042, 29268, 34345, 35871, 36697, 40561, 41128, 59246, 61859, 64849, 64908, 71899, 79336, 79403, 83706, 89326, 89423, 89859, 107627, 109378, 116771, 116801, 116810, 118003, 122584, 141589, 141704, 141716, 155033, 155047, 156670, 156938, 157506, 157507, 160829, 160995, 161091, 161113, 161230, 161266, 163052, 163139, 163158, 164149, 172126, 177946, 177991, 178905, 180412, 186522, 186958, 190060, 190116, 195810, 198468, 200017, 201592, 208310]
18,18,[3736, 8045, 14324, 27478, 46435, 48622, 48695, 56380, 58629, 72374, 82508, 83191, 84230, 106806, 115014, 123965, 127883, 128164]
19,3,[19256, 21671, 21675]
20,26,[15157, 19601, 25351, 25525, 25528, 25861, 26664, 28354, 29839, 30202, 31874, 32433, 35382, 35476, 36500, 41270, 41378, 50807, 53791, 53881, 55241, 56372, 60370, 60918, 61508, 65062]
21,11,[2804, 5962, 10697, 12104, 14191, 18469, 19234, 22430, 22493, 27428, 29415]
22,259,[1508, 1648, 1669, 2322, 2325, 2328, 2332, 2335, 4170, 5371, 8418, 8420, 8998, 10037, 10571, 17730, 18396, 18481, 18553, 18619, 18664, 18673, 18679, 18680, 18706, 18710, 18716, 19045, 19281, 19282, 19288, 19383, 19406, 19415, 19422, 19713, 19715, 19719, 19722, 19794, 19796, 20202, 20213, 20311, 20332, 20659, 20804, 21021, 21024, 21079, 21137, 23694, 24012, 24244, 24308, 25297, 29020, 29894, 29925, 29927, 29929, 29946, 29954, 29961, 29963, 29967, 29979, 30180, 30727, 32275, 32751, 32812, 32829, 32969, 33167, 34132, 34555, 35461, 36243, 36506, 38356, 38396, 38398, 38400, 38430, 38913, 38951, 38953, 38955, 38959, 39452, 40353, 40433, 40435, 40444, 40448, 40472, 40477, 40482, 40502, 40505, 42283, 42297, 42308, 42313, 42527, 46603, 47093, 47148, 51639, 51813, 54532, 54996, 55006, 55822, 57029, 57040, 57211, 57849, 58824, 59580, 59595, 59610, 59672, 60152, 60156, 60159, 60163, 60166, 60718, 62628, 62634, 63686, 66459, 68071, 69837, 69840, 70727, 71036, 73348, 75226, 75273, 77115, 81478, 85773, 85817, 87123, 87125, 87173, 87177, 87257, 88607, 88636, 88917, 89137, 89265, 89267, 90093, 90128, 90130, 90202, 90539, 92616, 93614, 94301, 96430, 96431, 96435, 96449, 96452, 96455, 99198, 99210, 100430, 100544, 100546, 102180, 104599, 104609, 104638, 106264, 107044, 107371, 107701, 108662, 109819, 109836, 109940, 110040, 111119, 111319, 112866, 112869, 112917, 113074, 113094, 113601, 113614, 113616, 114041, 114572, 116177, 116430, 117617, 118423, 119104, 119241, 119269, 119272, 120642, 120645, 120647, 120663, 120665, 121754, 121976, 123431, 127239, 127241, 127446, 127527, 127529, 127531, 127533, 127963, 128368, 128389, 130594, 136568, 137507, 138255, 139531, 139626, 139665, 139767, 139922, 140000, 142577, 142578, 142828, 144955, 145606, 145610, 146055, 146545, 147923, 147999, 148182, 148184, 151118, 151202, 151350, 151386, 151390, 152014, 155316, 155324, 158176, 160341]
23,6,[5021, 16830, 16851, 17682, 22436, 24299]
24,8,[6896, 8633, 21253, 21643, 32326, 32349, 34840, 38610]
25,1,[178271]
26,19,[15790, 26145, 26319, 26322, 26661, 27466, 30685, 31049, 32747, 37407, 42207, 54895, 54923, 57528, 59996, 61666, 62813, 66474, 66735]
27,29,[4344, 7107, 23190, 25892, 29310, 30662, 31060, 33187, 35360, 35426, 35524, 35655, 39122, 51585, 51599, 53956, 61656, 69937, 70253, 73320, 76389, 77168, 77218, 79430, 86098, 87058, 91504, 101190, 107040]
28,6,[2325, 3693, 4317, 4733, 8343, 8985]
30,283,[9343, 13333, 15962, 15968, 32759, 40095, 46172, 52326, 66116, 71191, 89069, 93567, 94255, 95123, 95185, 101936, 103319, 104981, 105710, 105888, 106447, 108125, 109309, 109991, 112776, 113058, 114180, 114539, 115053, 115995, 116891, 116968, 120147, 120185, 125091, 125310, 125453, 126139, 126361, 128545, 142113, 142159, 142302, 142487, 142843, 143729, 146593, 146595, 152010, 157293, 157309, 158029, 159879, 159897, 161247, 168591, 168607, 169482, 171259, 171368, 176589, 176634, 183317, 183342, 183352, 183373, 190959, 191086, 192108, 194471, 195524, 206396, 206458, 207488, 208782, 210436, 210886, 211058, 213975, 218929, 219475, 221505, 225806, 225845, 231515, 232870, 233953, 234274, 246117, 246999, 258540, 258878, 259028, 259432, 259539, 263115, 265051, 269377, 271189, 272100, 272182, 272187, 272225, 276488, 283515, 285031, 288847, 292955, 293070, 298301, 301231, 304390, 304489, 307749, 311366, 311947, 314168, 314893, 315289, 315781, 319518, 320396, 322973, 323654, 325744, 329314, 329364, 329541, 330316, 330381, 330657, 333675, 334514, 335723, 339011, 339033, 339478, 341014, 341084, 341612, 341628, 345149, 346177, 346324, 347842, 347983, 353665, 354034, 355482, 357803, 361445, 362296, 363408, 367138, 368661, 369441, 370767, 372021, 372522, 374213, 375250, 375538, 375793, 375799, 376317, 378089, 379134, 388925, 389434, 393512, 393751, 393986, 394161, 394337, 395054, 396052, 397467, 400451, 403157, 403452, 404548, 406945, 407816, 409799, 411209, 411335, 411419, 411423, 412941, 419844, 422814, 423983, 428238, 428843, 428902, 429869, 431213, 431238, 431654, 433267, 433588, 433735, 433778, 436711, 436717, 439986, 440224, 440272, 450291, 450294, 450352, 450358, 450359, 450463, 450552, 452298, 453753, 453975, 454366, 469035, 470488, 470517, 470522, 471311, 472981, 475019, 475510, 476375, 476399, 477436, 477514, 477561, 477590, 477634, 477692, 477762, 477837, 477894, 477924, 478899, 479032, 480197, 482070, 482089, 482093, 484853, 487836, 488243, 488524, 489479, 489487, 489510, 492481, 492881, 493925, 495094, 495540, 495978, 498419, 498464, 499327, 525079, 528151, 528165, 536958, 542428, 545591, 572981, 573745, 574136, 582473, 582533, 589538, 599848, 604747, 608323, 616102, 616363, 616870, 622678, 624047, 627740, 635510]
9,2,[1578, 1894]
10,283,[9437, 13427, 16056, 16062, 32857, 40193, 46270, 52424, 66219, 71294, 89176, 93674, 94362, 95230, 95292, 102043, 103426, 105092, 105821, 105999, 106558, 108236, 109420, 110102, 112887, 113169, 114291, 114650, 115164, 116106, 117002, 117079, 120258, 120296, 125202, 125421, 125564, 126250, 126472, 128657, 142225, 142271, 142414, 142599, 142955, 143841, 146706, 146708, 152123, 157406, 157422, 158142, 159993, 160011, 161361, 168714, 168730, 169605, 171382, 171491, 176712, 176757, 183449, 183474, 183484, 183505, 191091, 191218, 192240, 194603, 195656, 206538, 206600, 207630, 208924, 210578, 211028, 211200, 214117, 219069, 219625, 221655, 225956, 225995, 231665, 233020, 234103, 234424, 246270, 247152, 258696, 259034, 259184, 259588, 259695, 263271, 265207, 269533, 271345, 272256, 272338, 272343, 272381, 276644, 283671, 285187, 289003, 293112, 293227, 298459, 301389, 304548, 304647, 307907, 311525, 312106, 314327, 315052, 315448, 315940, 319677, 320555, 323132, 323813, 325903, 329473, 329523, 329700, 330475, 330540, 330816, 333834, 334673, 335882, 339170, 339192, 339637, 341173, 341243, 341771, 341787, 345308, 346336, 346483, 348001, 348142, 353824, 354193, 355641, 357963, 361605, 362456, 363571, 367301, 368824, 369604, 370930, 372184, 372685, 374376, 375413, 375701, 375956, 375962, 376480, 378252, 379297, 389088, 389597, 393678, 393917, 394152, 394327, 394503, 395220, 396218, 397633, 400617, 403323, 403618, 404714, 407111, 407982, 409965, 411375, 411501, 411585, 411589, 413107, 420010, 422980, 424149, 428405, 429010, 429069, 430036, 431383, 431408, 431824, 433437, 433758, 433905, 433948, 436881, 436887, 440156, 440394, 440442, 450461, 450464, 450522, 450528, 450529, 450633, 450722, 452468, 453923, 454145, 454536, 469206, 470659, 470688, 470693, 471482, 473151, 475189, 475680, 476544, 476568, 477604, 477682, 477729, 477758, 477802, 477860, 477930, 478005, 478062, 478092, 479067, 479200, 480365, 482236, 482255, 482259, 485018, 487998, 488405, 488686, 489639, 489647, 489670, 492641, 493041, 494085, 495253, 495699, 496137, 498588, 498633, 499496, 525251, 528326, 528340, 537133, 542603, 545766, 573161, 573925, 574316, 582653, 582713, 589723, 600045, 604949, 608535, 616341, 616602, 617113, 622930, 624301, 628000, 635785]
11,11,[6923, 9337, 9701, 9752, 12968, 14017, 16057, 16383, 16687, 17462, 19268]
12,16,[1866, 3001, 3027, 3029, 5119, 5781, 6552, 9389, 12314, 12771, 12935, 14187, 19355, 19472, 23148, 23173]
13,2,[517, 2332]
14,1,[185871]
15,61,[2070, 9449, 10485, 10604, 14390, 16689, 18769, 29989, 31061, 31097, 31718, 32798, 37312, 46678, 48608, 50192, 50209, 52206, 53579, 53832, 56135, 56597, 61489, 61910, 72274, 78127, 78128, 78143, 78260, 78269, 78272, 78326, 78369, 78638, 78706, 79955, 84136, 85462, 87434, 87589, 89314, 90845, 107852, 117706, 123603, 129974, 131406, 131910, 143148, 143509, 152460, 154483, 157162, 162773, 166724, 167156, 170281, 171949, 172474, 173119, 173285]
16,12,[17542, 19589, 23865, 26319, 26937, 28493, 29923, 30314, 34264, 37427, 37452, 37878]
17,62,[14181, 17804, 17823, 17865, 20042, 29268, 34345, 35871, 36697, 40561, 41128, 59246, 61859, 64849, 64908, 71899, 79336, 79403, 83706, 89326, 89423, 89859, 107627, 109378, 116771, 116801, 116810, 118003, 122584, 141589, 141704, 141716, 155033, 155047, 156670, 156938, 157506, 157507, 160829, 160995, 161091, 161113, 161230, 161266, 163052, 163139, 163158, 164149, 172126, 177946, 177991, 178905, 180412, 186522, 186958, 190060, 190116, 195810, 198468, 200017, 201592, 208310]
18,18,[3736, 8045, 14324, 27478, 46435, 48622, 48695, 56380, 58629, 72374, 82508, 83191, 84230, 106806, 115014, 123965, 127883, 128164]
19,3,[19256, 21671, 21675]
20,26,[15157, 19601, 25351, 25525, 25528, 25861, 26664, 28354, 29839, 30202, 31874, 32433, 35382, 35476, 36500, 41270, 41378, 50807, 53791, 53881, 55241, 56372, 60370, 60918, 61508, 65062]
21,11,[2804, 5962, 10697, 12104, 14191, 18469, 19234, 22430, 22493, 27428, 29415]
22,259,[1508, 1648, 1669, 2322, 2325, 2328, 2332, 2335, 4170, 5371, 8418, 8420, 8998, 10037, 10571, 17730, 18396, 18481, 18553, 18619, 18664, 18673, 18679, 18680, 18706, 18710, 18716, 19045, 19281, 19282, 19288, 19383, 19406, 19415, 19422, 19713, 19715, 19719, 19722, 19794, 19796, 20202, 20213, 20311, 20332, 20659, 20804, 21021, 21024, 21079, 21137, 23694, 24012, 24244, 24308, 25297, 29020, 29894, 29925, 29927, 29929, 29946, 29954, 29961, 29963, 29967, 29979, 30180, 30727, 32275, 32751, 32812, 32829, 32969, 33167, 34132, 34555, 35461, 36243, 36506, 38356, 38396, 38398, 38400, 38430, 38913, 38951, 38953, 38955, 38959, 39452, 40353, 40433, 40435, 40444, 40448, 40472, 40477, 40482, 40502, 40505, 42283, 42297, 42308, 42313, 42527, 46603, 47093, 47148, 51639, 51813, 54532, 54996, 55006, 55822, 57029, 57040, 57211, 57849, 58824, 59580, 59595, 59610, 59672, 60152, 60156, 60159, 60163, 60166, 60718, 62628, 62634, 63686, 66459, 68071, 69837, 69840, 70727, 71036, 73348, 75226, 75273, 77115, 81478, 85773, 85817, 87123, 87125, 87173, 87177, 87257, 88607, 88636, 88917, 89137, 89265, 89267, 90093, 90128, 90130, 90202, 90539, 92616, 93614, 94301, 96430, 96431, 96435, 96449, 96452, 96455, 99198, 99210, 100430, 100544, 100546, 102180, 104599, 104609, 104638, 106264, 107044, 107371, 107701, 108662, 109819, 109836, 109940, 110040, 111119, 111319, 112866, 112869, 112917, 113074, 113094, 113601, 113614, 113616, 114041, 114572, 116177, 116430, 117617, 118423, 119104, 119241, 119269, 119272, 120642, 120645, 120647, 120663, 120665, 121754, 121976, 123431, 127239, 127241, 127446, 127527, 127529, 127531, 127533, 127963, 128368, 128389, 130594, 136568, 137507, 138255, 139531, 139626, 139665, 139767, 139922, 140000, 142577, 142578, 142828, 144955, 145606, 145610, 146055, 146545, 147923, 147999, 148182, 148184, 151118, 151202, 151350, 151386, 151390, 152014, 155316, 155324, 158176, 160341]
23,6,[5021, 16830, 16851, 17682, 22436, 24299]
24,8,[6896, 8633, 21253, 21643, 32326, 32349, 34840, 38610]
25,1,[178271]
26,19,[15790, 26145, 26319, 26322, 26661, 27466, 30685, 31049, 32747, 37407, 42207, 54895, 54923, 57528, 59996, 61666, 62813, 66474, 66735]
27,29,[4344, 7107, 23190, 25892, 29310, 30662, 31060, 33187, 35360, 35426, 35524, 35655, 39122, 51585, 51599, 53956, 61656, 69937, 70253, 73320, 76389, 77168, 77218, 79430, 86098, 87058, 91504, 101190, 107040]
28,6,[2325, 3693, 4317, 4733, 8343, 8985]
30,283,[9343, 13333, 15962, 15968, 32759, 40095, 46172, 52326, 66116, 71191, 89069, 93567, 94255, 95123, 95185, 101936, 103319, 104981, 105710, 105888, 106447, 108125, 109309, 109991, 112776, 113058, 114180, 114539, 115053, 115995, 116891, 116968, 120147, 120185, 125091, 125310, 125453, 126139, 126361, 128545, 142113, 142159, 142302, 142487, 142843, 143729, 146593, 146595, 152010, 157293, 157309, 158029, 159879, 159897, 161247, 168591, 168607, 169482, 171259, 171368, 176589, 176634, 183317, 183342, 183352, 183373, 190959, 191086, 192108, 194471, 195524, 206396, 206458, 207488, 208782, 210436, 210886, 211058, 213975, 218929, 219475, 221505, 225806, 225845, 231515, 232870, 233953, 234274, 246117, 246999, 258540, 258878, 259028, 259432, 259539, 263115, 265051, 269377, 271189, 272100, 272182, 272187, 272225, 276488, 283515, 285031, 288847, 292955, 293070, 298301, 301231, 304390, 304489, 307749, 311366, 311947, 314168, 314893, 315289, 315781, 319518, 320396, 322973, 323654, 325744, 329314, 329364, 329541, 330316, 330381, 330657, 333675, 334514, 335723, 339011, 339033, 339478, 341014, 341084, 341612, 341628, 345149, 346177, 346324, 347842, 347983, 353665, 354034, 355482, 357803, 361445, 362296, 363408, 367138, 368661, 369441, 370767, 372021, 372522, 374213, 375250, 375538, 375793, 375799, 376317, 378089, 379134, 388925, 389434, 393512, 393751, 393986, 394161, 394337, 395054, 396052, 397467, 400451, 403157, 403452, 404548, 406945, 407816, 409799, 411209, 411335, 411419, 411423, 412941, 419844, 422814, 423983, 428238, 428843, 428902, 429869, 431213, 431238, 431654, 433267, 433588, 433735, 433778, 436711, 436717, 439986, 440224, 440272, 450291, 450294, 450352, 450358, 450359, 450463, 450552, 452298, 453753, 453975, 454366, 469035, 470488, 470517, 470522, 471311, 472981, 475019, 475510, 476375, 476399, 477436, 477514, 477561, 477590, 477634, 477692, 477762, 477837, 477894, 477924, 478899, 479032, 480197, 482070, 482089, 482093, 484853, 487836, 488243, 488524, 489479, 489487, 489510, 492481, 492881, 493925, 495094, 495540, 495978, 498419, 498464, 499327, 525079, 528151, 528165, 536958, 542428, 545591, 572981, 573745, 574136, 582473, 582533, 589538, 599848, 604747, 608323, 616102, 616363, 616870, 622678, 624047, 627740, 635510]
