11,3,[13503, 13995, 17352]
12,2,[698, 12930]
15,34,[15651, 16149, 16151, 20262, 21376, 46307, 48636, 50101, 50380, 60726, 66437, 68310, 76735, 77728, 78160, 81123, 88408, 88517, 95994, 109275, 126695, 128094, 128627, 131375, 146230, 150500, 150502, 156984, 157202, 167540, 171678, 171680, 172464, 172781]
16,1,[11716]
18,8,[26202, 37511, 95282, 117505, 119897, 124124, 142162, 145989]
20,8,[3018, 8597, 10405, 24827, 28413, 34873, 44274, 53961]
21,1,[27557]
22,3,[2180, 18552, 19712]
26,7,[3482, 9135, 10958, 25608, 29243, 35763, 45239]
27,3,[3070, 35521, 69973]
11,3,[13503, 13995, 17352]
12,2,[698, 12930]
15,34,[15651, 16149, 16151, 20262, 21376, 46307, 48636, 50101, 50380, 60726, 66437, 68310, 76735, 77728, 78160, 81123, 88408, 88517, 95994, 109275, 126695, 128094, 128627, 131375, 146230, 150500, 150502, 156984, 157202, 167540, 171678, 171680, 172464, 172781]
16,1,[11716]
18,8,[26202, 37511, 95282, 117505, 119897, 124124, 142162, 145989]
20,8,[3018, 8597, 10405, 24827, 28413, 34873, 44274, 53961]
21,1,[27557]
22,3,[2180, 18552, 19712]
26,7,[3482, 9135, 10958, 25608, 29243, 35763, 45239]
27,3,[3070, 35521, 69973]
