10,287,[2110, 9135, 9477, 23101, 23378, 26319, 32875, 33582, 35521, 35589, 35709, 35766, 37608, 37955, 40277, 52292, 52491, 53286, 65908, 65952, 66104, 66187, 66240, 66300, 66409, 89539, 93762, 94608, 95215, 95463, 95471, 96866, 97004, 102708, 105489, 105964, 106133, 106803, 111585, 111637, 111677, 112116, 120098, 126187, 132239, 132670, 133244, 133272, 135723, 140021, 145366, 145939, 146714, 150127, 154101, 154565, 156313, 156595, 156770, 156822, 156913, 157479, 158956, 158974, 159039, 159097, 159117, 161079, 161367, 165127, 165888, 167264, 167326, 169274, 169288, 169295, 169971, 170669, 171023, 171421, 171502, 172833, 176768, 178390, 182901, 183422, 194609, 194720, 197720, 201013, 201337, 201341, 206030, 208516, 208949, 208963, 209073, 212569, 215497, 217422, 217647, 219015, 219041, 219268, 219601, 219611, 220660, 221607, 221664, 222822, 223210, 226090, 230413, 231320, 234366, 235526, 236644, 236927, 236960, 237184, 237292, 245010, 250738, 258064, 260583, 262150, 265180, 265773, 271246, 271256, 276862, 280702, 283080, 284163, 289332, 291445, 296041, 296534, 299022, 302233, 303038, 303339, 305595, 306358, 306545, 306618, 308068, 308962, 309299, 310622, 310693, 310947, 312368, 312583, 316819, 317262, 318013, 320660, 324821, 325005, 326216, 326226, 328331, 328731, 328772, 328811, 329000, 329010, 329893, 330468, 331748, 335325, 335368, 337961, 339406, 341197, 341495, 357303, 362414, 365371, 367072, 367176, 367278, 367374, 368458, 371601, 374846, 375324, 377597, 379556, 381854, 383093, 385856, 387066, 389450, 391029, 393606, 393754, 394232, 394833, 395926, 396298, 397673, 399439, 406295, 410581, 411505, 411516, 412926, 414223, 414328, 414351, 417196, 421065, 421437, 422611, 423892, 427715, 427895, 428700, 428773, 429834, 429980, 430043, 430253, 430336, 430449, 434684, 434698, 434810, 439167, 445645, 457708, 469284, 469840, 470035, 473719, 474998, 475737, 477015, 479743, 482275, 485412, 486868, 487513, 489433, 490899, 491157, 494407, 497084, 500945, 506207, 518747, 521335, 530122, 533834, 534536, 536895, 537462, 541168, 542808, 547162, 549665, 560810, 563455, 563510, 565299, 568982, 569029, 570800, 572260, 574961, 575720, 576297, 577915, 611614, 613813, 614991, 615824, 616611, 622339, 622690, 624322, 624694, 628018, 631652, 631661]
11,16,[865, 879, 3307, 3471, 4965, 7031, 7048, 7240, 10233, 11756, 12910, 12959, 15948, 18550, 19292, 19827]
12,18,[2367, 2552, 3043, 3469, 5102, 5147, 11240, 12123, 13207, 15841, 19299, 19336, 19492, 21349, 22591, 22622, 23029, 23045]
13,3,[2389, 2637, 3852]
14,2,[57715, 190632]
15,66,[5608, 7206, 8908, 9405, 10647, 14995, 16996, 18287, 18404, 20527, 20852, 21103, 22521, 22569, 23202, 24811, 28147, 29812, 30871, 33928, 37338, 39656, 40451, 41013, 47890, 50211, 52320, 53813, 56893, 65845, 73609, 78470, 79508, 80664, 93733, 96551, 97899, 100102, 110259, 112351, 112862, 123566, 124054, 125583, 126431, 127047, 127074, 127240, 129903, 139551, 146070, 150435, 150651, 155810, 155825, 156016, 156463, 159997, 163225, 163960, 165311, 168326, 170053, 171655, 171712, 173344]
16,12,[1594, 5033, 13107, 13538, 15778, 15987, 25834, 32118, 32923, 34164, 35377, 37489]
17,31,[20084, 26878, 32407, 34117, 34220, 34321, 34418, 35508, 40459, 67178, 100424, 115460, 116929, 116963, 124320, 126435, 126946, 142110, 142123, 154971, 156654, 164232, 172964, 173279, 175567, 176180, 178783, 181753, 181969, 183125, 188704]
18,11,[19712, 20140, 27564, 59371, 65197, 67696, 77859, 81975, 86264, 106717, 137201]
19,6,[2711, 12585, 14707, 19931, 23300, 27042]
21,10,[1181, 7927, 14860, 20551, 22807, 22885, 22948, 23886, 26504, 34724]
22,3,[16950, 82224, 128615]
23,4,[13587, 22830, 23106, 26588]
24,33,[855, 1449, 2107, 2289, 2468, 3711, 9984, 12195, 16213, 20097, 20810, 21012, 22097, 23517, 24845, 25301, 28194, 28968, 28990, 31443, 33159, 33281, 33599, 34721, 35291, 36947, 39175, 39361, 39594, 40398, 40599, 42667, 43901]
25,4,[55357, 96041, 162381, 183175]
26,34,[15283, 15796, 16063, 16206, 16671, 16794, 19499, 19954, 20092, 20310, 21511, 21651, 23180, 26193, 29191, 31006, 32411, 33307, 34765, 36277, 36374, 40763, 42314, 46477, 46943, 48417, 48963, 51860, 54083, 55027, 56401, 61958, 62216, 64567]
27,102,[1454, 5475, 5558, 5880, 6952, 8563, 10943, 11062, 12135, 14710, 19048, 19980, 20039, 20330, 21656, 21759, 24203, 24378, 24386, 24487, 24626, 25260, 25809, 26777, 27376, 28275, 28770, 30290, 30700, 31045, 33073, 33123, 34035, 34884, 35345, 35455, 35539, 36711, 37678, 39911, 40300, 42462, 43192, 44445, 49061, 49942, 52350, 53331, 54198, 54474, 55246, 55876, 56327, 57626, 57951, 58365, 60840, 61246, 61528, 62293, 62325, 63448, 63735, 63857, 64189, 66140, 67267, 67324, 67978, 68920, 68962, 69385, 70167, 70503, 70765, 71318, 73346, 74290, 74836, 75020, 75568, 76358, 79075, 80240, 81357, 81475, 81772, 85371, 85600, 91635, 92974, 101016, 102460, 102705, 102774, 103025, 103070, 103254, 103312, 104199, 105308, 109581]
28,13,[1045, 1489, 1614, 1860, 2881, 3049, 5060, 5071, 5345, 5517, 8139, 8326, 11120]
30,287,[2017, 9041, 9383, 23007, 23284, 26225, 32777, 33484, 35423, 35491, 35611, 35668, 37510, 37857, 40179, 52194, 52393, 53187, 65805, 65849, 66001, 66084, 66137, 66197, 66306, 89432, 93655, 94501, 95108, 95356, 95364, 96759, 96897, 102601, 105378, 105853, 106022, 106692, 111474, 111526, 111566, 112005, 119987, 126076, 132127, 132558, 133132, 133160, 135611, 139909, 145253, 145826, 146601, 150014, 153988, 154452, 156200, 156482, 156657, 156709, 156800, 157366, 158843, 158861, 158926, 158984, 159004, 160965, 161253, 165004, 165765, 167141, 167203, 169151, 169165, 169172, 169848, 170546, 170900, 171298, 171379, 172710, 176645, 178267, 182769, 183290, 194477, 194588, 197588, 200871, 201195, 201199, 205888, 208374, 208807, 208821, 208931, 212427, 215355, 217282, 217507, 218875, 218901, 219128, 219451, 219461, 220510, 221457, 221514, 222672, 223060, 225940, 230263, 231170, 234216, 235376, 236494, 236777, 236810, 237034, 237142, 244857, 250585, 257908, 260427, 261994, 265024, 265617, 271090, 271100, 276706, 280547, 282925, 284007, 289176, 291289, 295884, 296377, 298864, 302075, 302880, 303181, 305437, 306200, 306387, 306460, 307910, 308804, 309141, 310464, 310535, 310789, 312209, 312424, 316660, 317103, 317854, 320501, 324662, 324846, 326057, 326067, 328172, 328572, 328613, 328652, 328841, 328851, 329734, 330309, 331589, 335166, 335209, 337802, 339247, 341038, 341336, 357143, 362254, 365208, 366909, 367013, 367115, 367211, 368295, 371438, 374683, 375161, 377434, 379393, 381691, 382930, 385693, 386903, 389287, 390866, 393440, 393588, 394066, 394667, 395760, 396132, 397507, 399273, 406129, 410415, 411339, 411350, 412760, 414057, 414162, 414185, 417030, 420899, 421271, 422445, 423726, 427548, 427728, 428533, 428606, 429667, 429813, 429876, 430083, 430166, 430279, 434514, 434528, 434640, 438997, 445475, 457538, 469113, 469669, 469864, 473549, 474828, 475567, 476846, 479575, 482109, 485248, 486705, 487351, 489272, 490739, 490997, 494247, 496915, 500776, 506038, 518575, 521163, 529947, 533659, 534361, 536720, 537287, 540993, 542633, 546987, 549487, 560632, 563277, 563332, 565119, 568802, 568849, 570620, 572080, 574781, 575540, 576117, 577735, 611391, 613579, 614757, 615585, 616372, 622087, 622438, 624068, 624440, 627758, 631377, 631386]
10,287,[2110, 9135, 9477, 23101, 23378, 26319, 32875, 33582, 35521, 35589, 35709, 35766, 37608, 37955, 40277, 52292, 52491, 53286, 65908, 65952, 66104, 66187, 66240, 66300, 66409, 89539, 93762, 94608, 95215, 95463, 95471, 96866, 97004, 102708, 105489, 105964, 106133, 106803, 111585, 111637, 111677, 112116, 120098, 126187, 132239, 132670, 133244, 133272, 135723, 140021, 145366, 145939, 146714, 150127, 154101, 154565, 156313, 156595, 156770, 156822, 156913, 157479, 158956, 158974, 159039, 159097, 159117, 161079, 161367, 165127, 165888, 167264, 167326, 169274, 169288, 169295, 169971, 170669, 171023, 171421, 171502, 172833, 176768, 178390, 182901, 183422, 194609, 194720, 197720, 201013, 201337, 201341, 206030, 208516, 208949, 208963, 209073, 212569, 215497, 217422, 217647, 219015, 219041, 219268, 219601, 219611, 220660, 221607, 221664, 222822, 223210, 226090, 230413, 231320, 234366, 235526, 236644, 236927, 236960, 237184, 237292, 245010, 250738, 258064, 260583, 262150, 265180, 265773, 271246, 271256, 276862, 280702, 283080, 284163, 289332, 291445, 296041, 296534, 299022, 302233, 303038, 303339, 305595, 306358, 306545, 306618, 308068, 308962, 309299, 310622, 310693, 310947, 312368, 312583, 316819, 317262, 318013, 320660, 324821, 325005, 326216, 326226, 328331, 328731, 328772, 328811, 329000, 329010, 329893, 330468, 331748, 335325, 335368, 337961, 339406, 341197, 341495, 357303, 362414, 365371, 367072, 367176, 367278, 367374, 368458, 371601, 374846, 375324, 377597, 379556, 381854, 383093, 385856, 387066, 389450, 391029, 393606, 393754, 394232, 394833, 395926, 396298, 397673, 399439, 406295, 410581, 411505, 411516, 412926, 414223, 414328, 414351, 417196, 421065, 421437, 422611, 423892, 427715, 427895, 428700, 428773, 429834, 429980, 430043, 430253, 430336, 430449, 434684, 434698, 434810, 439167, 445645, 457708, 469284, 469840, 470035, 473719, 474998, 475737, 477015, 479743, 482275, 485412, 486868, 487513, 489433, 490899, 491157, 494407, 497084, 500945, 506207, 518747, 521335, 530122, 533834, 534536, 536895, 537462, 541168, 542808, 547162, 549665, 560810, 563455, 563510, 565299, 568982, 569029, 570800, 572260, 574961, 575720, 576297, 577915, 611614, 613813, 614991, 615824, 616611, 622339, 622690, 624322, 624694, 628018, 631652, 631661]
11,16,[865, 879, 3307, 3471, 4965, 7031, 7048, 7240, 10233, 11756, 12910, 12959, 15948, 18550, 19292, 19827]
12,18,[2367, 2552, 3043, 3469, 5102, 5147, 11240, 12123, 13207, 15841, 19299, 19336, 19492, 21349, 22591, 22622, 23029, 23045]
13,3,[2389, 2637, 3852]
14,2,[57715, 190632]
15,66,[5608, 7206, 8908, 9405, 10647, 14995, 16996, 18287, 18404, 20527, 20852, 21103, 22521, 22569, 23202, 24811, 28147, 29812, 30871, 33928, 37338, 39656, 40451, 41013, 47890, 50211, 52320, 53813, 56893, 65845, 73609, 78470, 79508, 80664, 93733, 96551, 97899, 100102, 110259, 112351, 112862, 123566, 124054, 125583, 126431, 127047, 127074, 127240, 129903, 139551, 146070, 150435, 150651, 155810, 155825, 156016, 156463, 159997, 163225, 163960, 165311, 168326, 170053, 171655, 171712, 173344]
16,12,[1594, 5033, 13107, 13538, 15778, 15987, 25834, 32118, 32923, 34164, 35377, 37489]
17,31,[20084, 26878, 32407, 34117, 34220, 34321, 34418, 35508, 40459, 67178, 100424, 115460, 116929, 116963, 124320, 126435, 126946, 142110, 142123, 154971, 156654, 164232, 172964, 173279, 175567, 176180, 178783, 181753, 181969, 183125, 188704]
18,11,[19712, 20140, 27564, 59371, 65197, 67696, 77859, 81975, 86264, 106717, 137201]
19,6,[2711, 12585, 14707, 19931, 23300, 27042]
21,10,[1181, 7927, 14860, 20551, 22807, 22885, 22948, 23886, 26504, 34724]
22,3,[16950, 82224, 128615]
23,4,[13587, 22830, 23106, 26588]
24,33,[855, 1449, 2107, 2289, 2468, 3711, 9984, 12195, 16213, 20097, 20810, 21012, 22097, 23517, 24845, 25301, 28194, 28968, 28990, 31443, 33159, 33281, 33599, 34721, 35291, 36947, 39175, 39361, 39594, 40398, 40599, 42667, 43901]
25,4,[55357, 96041, 162381, 183175]
26,34,[15283, 15796, 16063, 16206, 16671, 16794, 19499, 19954, 20092, 20310, 21511, 21651, 23180, 26193, 29191, 31006, 32411, 33307, 34765, 36277, 36374, 40763, 42314, 46477, 46943, 48417, 48963, 51860, 54083, 55027, 56401, 61958, 62216, 64567]
27,102,[1454, 5475, 5558, 5880, 6952, 8563, 10943, 11062, 12135, 14710, 19048, 19980, 20039, 20330, 21656, 21759, 24203, 24378, 24386, 24487, 24626, 25260, 25809, 26777, 27376, 28275, 28770, 30290, 30700, 31045, 33073, 33123, 34035, 34884, 35345, 35455, 35539, 36711, 37678, 39911, 40300, 42462, 43192, 44445, 49061, 49942, 52350, 53331, 54198, 54474, 55246, 55876, 56327, 57626, 57951, 58365, 60840, 61246, 61528, 62293, 62325, 63448, 63735, 63857, 64189, 66140, 67267, 67324, 67978, 68920, 68962, 69385, 70167, 70503, 70765, 71318, 73346, 74290, 74836, 75020, 75568, 76358, 79075, 80240, 81357, 81475, 81772, 85371, 85600, 91635, 92974, 101016, 102460, 102705, 102774, 103025, 103070, 103254, 103312, 104199, 105308, 109581]
28,13,[1045, 1489, 1614, 1860, 2881, 3049, 5060, 5071, 5345, 5517, 8139, 8326, 11120]
30,287,[2017, 9041, 9383, 23007, 23284, 26225, 32777, 33484, 35423, 35491, 35611, 35668, 37510, 37857, 40179, 52194, 52393, 53187, 65805, 65849, 66001, 66084, 66137, 66197, 66306, 89432, 93655, 94501, 95108, 95356, 95364, 96759, 96897, 102601, 105378, 105853, 106022, 106692, 111474, 111526, 111566, 112005, 119987, 126076, 132127, 132558, 133132, 133160, 135611, 139909, 145253, 145826, 146601, 150014, 153988, 154452, 156200, 156482, 156657, 156709, 156800, 157366, 158843, 158861, 158926, 158984, 159004, 160965, 161253, 165004, 165765, 167141, 167203, 169151, 169165, 169172, 169848, 170546, 170900, 171298, 171379, 172710, 176645, 178267, 182769, 183290, 194477, 194588, 197588, 200871, 201195, 201199, 205888, 208374, 208807, 208821, 208931, 212427, 215355, 217282, 217507, 218875, 218901, 219128, 219451, 219461, 220510, 221457, 221514, 222672, 223060, 225940, 230263, 231170, 234216, 235376, 236494, 236777, 236810, 237034, 237142, 244857, 250585, 257908, 260427, 261994, 265024, 265617, 271090, 271100, 276706, 280547, 282925, 284007, 289176, 291289, 295884, 296377, 298864, 302075, 302880, 303181, 305437, 306200, 306387, 306460, 307910, 308804, 309141, 310464, 310535, 310789, 312209, 312424, 316660, 317103, 317854, 320501, 324662, 324846, 326057, 326067, 328172, 328572, 328613, 328652, 328841, 328851, 329734, 330309, 331589, 335166, 335209, 337802, 339247, 341038, 341336, 357143, 362254, 365208, 366909, 367013, 367115, 367211, 368295, 371438, 374683, 375161, 377434, 379393, 381691, 382930, 385693, 386903, 389287, 390866, 393440, 393588, 394066, 394667, 395760, 396132, 397507, 399273, 406129, 410415, 411339, 411350, 412760, 414057, 414162, 414185, 417030, 420899, 421271, 422445, 423726, 427548, 427728, 428533, 428606, 429667, 429813, 429876, 430083, 430166, 430279, 434514, 434528, 434640, 438997, 445475, 457538, 469113, 469669, 469864, 473549, 474828, 475567, 476846, 479575, 482109, 485248, 486705, 487351, 489272, 490739, 490997, 494247, 496915, 500776, 506038, 518575, 521163, 529947, 533659, 534361, 536720, 537287, 540993, 542633, 546987, 549487, 560632, 563277, 563332, 565119, 568802, 568849, 570620, 572080, 574781, 575540, 576117, 577735, 611391, 613579, 614757, 615585, 616372, 622087, 622438, 624068, 624440, 627758, 631377, 631386]
