10,23,[84708, 216239, 225367, 231372, 238486, 252271, 252820, 253903, 253907, 275087, 282017, 293642, 293662, 293877, 295861, 296005, 427253, 447623, 449355, 449358, 449774, 450757, 640732]
11,1,[16150]
15,1,[40390]
17,1,[96557]
21,1,[3725]
22,7,[4884, 13156, 13195, 55454, 67612, 128990, 129232]
23,1,[3756]
28,1,[1540]
30,23,[84601, 216097, 225217, 231222, 238336, 252118, 252667, 253750, 253754, 274931, 281862, 293485, 293505, 293720, 295704, 295848, 427087, 447453, 449185, 449188, 449604, 450587, 640457]
10,23,[84708, 216239, 225367, 231372, 238486, 252271, 252820, 253903, 253907, 275087, 282017, 293642, 293662, 293877, 295861, 296005, 427253, 447623, 449355, 449358, 449774, 450757, 640732]
11,1,[16150]
15,1,[40390]
17,1,[96557]
21,1,[3725]
22,7,[4884, 13156, 13195, 55454, 67612, 128990, 129232]
23,1,[3756]
28,1,[1540]
30,23,[84601, 216097, 225217, 231222, 238336, 252118, 252667, 253750, 253754, 274931, 281862, 293485, 293505, 293720, 295704, 295848, 427087, 447453, 449185, 449188, 449604, 450587, 640457]
