10,3,[49404, 57481, 128149]
11,2,[420, 7697]
15,3,[5692, 49190, 129084]
19,6,[16941, 18820, 22734, 22739, 22743, 24691]
20,6,[4291, 14770, 17612, 23242, 32496, 35740]
22,1,[28843]
24,1,[17516]
26,6,[4796, 15384, 18289, 24010, 33370, 36640]
27,3,[70684, 83726, 105984]
28,1,[5311]
30,3,[49306, 57382, 128038]
10,3,[49404, 57481, 128149]
11,2,[420, 7697]
15,3,[5692, 49190, 129084]
19,6,[16941, 18820, 22734, 22739, 22743, 24691]
20,6,[4291, 14770, 17612, 23242, 32496, 35740]
22,1,[28843]
24,1,[17516]
26,6,[4796, 15384, 18289, 24010, 33370, 36640]
27,3,[70684, 83726, 105984]
28,1,[5311]
30,3,[49306, 57382, 128038]
