11,3,[13069, 20420, 20854]
15,2,[102892, 123006]
16,1,[10803]
18,5,[50569, 69457, 90484, 107548, 125300]
20,1,[55611]
21,1,[27678]
22,7,[18081, 113661, 114345, 129893, 156707, 156708, 156710]
23,1,[5748]
26,1,[56771]
27,7,[7760, 20743, 22205, 22210, 37006, 59376, 77965]
11,3,[13069, 20420, 20854]
15,2,[102892, 123006]
16,1,[10803]
18,5,[50569, 69457, 90484, 107548, 125300]
20,1,[55611]
21,1,[27678]
22,7,[18081, 113661, 114345, 129893, 156707, 156708, 156710]
23,1,[5748]
26,1,[56771]
27,7,[7760, 20743, 22205, 22210, 37006, 59376, 77965]
