10,1,[330745]
15,6,[3692, 18684, 18754, 18763, 25006, 159808]
17,8,[26465, 54061, 134693, 150039, 156226, 168335, 168846, 172639]
18,19,[6771, 19564, 19998, 24611, 28468, 31554, 39230, 44317, 72531, 86473, 109160, 109971, 117770, 120162, 132598, 139260, 142395, 148695, 148854]
20,3,[17872, 44181, 51159]
21,1,[5848]
22,14,[6552, 7332, 8256, 10381, 10455, 12397, 12627, 24446, 27872, 39510, 39525, 107926, 108000, 108371]
26,3,[18550, 45144, 52216]
27,1,[23180]
30,1,[330586]
10,1,[330745]
15,6,[3692, 18684, 18754, 18763, 25006, 159808]
17,8,[26465, 54061, 134693, 150039, 156226, 168335, 168846, 172639]
18,19,[6771, 19564, 19998, 24611, 28468, 31554, 39230, 44317, 72531, 86473, 109160, 109971, 117770, 120162, 132598, 139260, 142395, 148695, 148854]
20,3,[17872, 44181, 51159]
21,1,[5848]
22,14,[6552, 7332, 8256, 10381, 10455, 12397, 12627, 24446, 27872, 39510, 39525, 107926, 108000, 108371]
26,3,[18550, 45144, 52216]
27,1,[23180]
30,1,[330586]
