10,25,[38593, 66885, 120718, 138063, 138556, 144471, 219515, 232844, 236490, 243190, 254619, 256916, 259875, 274268, 365885, 378094, 457342, 488162, 525882, 546362, 564697, 570845, 570891, 577431, 578385]
14,117,[3170, 6016, 9444, 10720, 11752, 12911, 13174, 13892, 14820, 17452, 18356, 19364, 20345, 20926, 21063, 21771, 22343, 23365, 24353, 25756, 26373, 28165, 29146, 32431, 33572, 34288, 34896, 36611, 38055, 39850, 40944, 41850, 42617, 46428, 49760, 56151, 57405, 57600, 59443, 62854, 65382, 66376, 66378, 68315, 69685, 74740, 74928, 74931, 74933, 75897, 78105, 80162, 81130, 86092, 88457, 90456, 91565, 93596, 93711, 95830, 101273, 101456, 102093, 102293, 107955, 108306, 110734, 111319, 115627, 119039, 121354, 122980, 123652, 126466, 130119, 131196, 131880, 133643, 134871, 137326, 137331, 138078, 139173, 140423, 141477, 142001, 144225, 146442, 146530, 148150, 148810, 149269, 149403, 156941, 160533, 161631, 164642, 166195, 167950, 170302, 171111, 172353, 173506, 174030, 174256, 177000, 177471, 179937, 181407, 181631, 182423, 182669, 184518, 189291, 192048, 195968, 201739]
15,31,[3394, 38889, 46234, 56990, 76108, 86892, 88136, 88603, 93648, 94076, 94213, 94827, 96110, 100839, 102992, 103153, 103181, 104332, 104358, 104446, 110032, 113557, 114230, 115024, 115122, 115129, 123895, 155050, 156549, 161519, 171629]
16,1,[28298]
17,1,[32929]
20,3,[2160, 52241, 52373]
21,1,[30436]
22,21,[5362, 24203, 24207, 24211, 28705, 29078, 29107, 58476, 68696, 69215, 69755, 69969, 83867, 112665, 112941, 114537, 114541, 131769, 136049, 141346, 141348]
24,2,[15223, 20184]
25,116,[3572, 6331, 9692, 10904, 11890, 12967, 13218, 13877, 14781, 17199, 17998, 18940, 20540, 20666, 21300, 21855, 22805, 23683, 24647, 25013, 25575, 27280, 28214, 31302, 32396, 33043, 35243, 36680, 38309, 39357, 40232, 40938, 44571, 47804, 53793, 55035, 55242, 57093, 60405, 61933, 63389, 63391, 65151, 66485, 71156, 71329, 71332, 71334, 72288, 74577, 76528, 77416, 82447, 84779, 86709, 87727, 89619, 89728, 91772, 97322, 97918, 98178, 103505, 103831, 106260, 106784, 110704, 113989, 116153, 116332, 117582, 117854, 118491, 121182, 124589, 125540, 126184, 127923, 129088, 131524, 131529, 132208, 133349, 134573, 135564, 136029, 138244, 140312, 142102, 142713, 143136, 143271, 150252, 153691, 154899, 157798, 159279, 161019, 163356, 164156, 165525, 166561, 167030, 167269, 169834, 170237, 172525, 173985, 174202, 174974, 175230, 176973, 181458, 184009, 187811, 204100]
26,5,[128, 141, 2550, 53326, 53470]
27,24,[267, 2227, 5152, 10520, 14847, 20024, 21294, 23263, 24468, 24624, 27188, 33879, 34599, 36448, 36569, 63230, 63353, 64302, 66548, 71148, 79805, 85057, 88113, 105336]
30,25,[38495, 66782, 120607, 137951, 138444, 144358, 219365, 232694, 236340, 243037, 254466, 256760, 259719, 274112, 365722, 377931, 457172, 488000, 525710, 546187, 564517, 570665, 570711, 577251, 578205]
10,25,[38593, 66885, 120718, 138063, 138556, 144471, 219515, 232844, 236490, 243190, 254619, 256916, 259875, 274268, 365885, 378094, 457342, 488162, 525882, 546362, 564697, 570845, 570891, 577431, 578385]
14,117,[3170, 6016, 9444, 10720, 11752, 12911, 13174, 13892, 14820, 17452, 18356, 19364, 20345, 20926, 21063, 21771, 22343, 23365, 24353, 25756, 26373, 28165, 29146, 32431, 33572, 34288, 34896, 36611, 38055, 39850, 40944, 41850, 42617, 46428, 49760, 56151, 57405, 57600, 59443, 62854, 65382, 66376, 66378, 68315, 69685, 74740, 74928, 74931, 74933, 75897, 78105, 80162, 81130, 86092, 88457, 90456, 91565, 93596, 93711, 95830, 101273, 101456, 102093, 102293, 107955, 108306, 110734, 111319, 115627, 119039, 121354, 122980, 123652, 126466, 130119, 131196, 131880, 133643, 134871, 137326, 137331, 138078, 139173, 140423, 141477, 142001, 144225, 146442, 146530, 148150, 148810, 149269, 149403, 156941, 160533, 161631, 164642, 166195, 167950, 170302, 171111, 172353, 173506, 174030, 174256, 177000, 177471, 179937, 181407, 181631, 182423, 182669, 184518, 189291, 192048, 195968, 201739]
15,31,[3394, 38889, 46234, 56990, 76108, 86892, 88136, 88603, 93648, 94076, 94213, 94827, 96110, 100839, 102992, 103153, 103181, 104332, 104358, 104446, 110032, 113557, 114230, 115024, 115122, 115129, 123895, 155050, 156549, 161519, 171629]
16,1,[28298]
17,1,[32929]
20,3,[2160, 52241, 52373]
21,1,[30436]
22,21,[5362, 24203, 24207, 24211, 28705, 29078, 29107, 58476, 68696, 69215, 69755, 69969, 83867, 112665, 112941, 114537, 114541, 131769, 136049, 141346, 141348]
24,2,[15223, 20184]
25,116,[3572, 6331, 9692, 10904, 11890, 12967, 13218, 13877, 14781, 17199, 17998, 18940, 20540, 20666, 21300, 21855, 22805, 23683, 24647, 25013, 25575, 27280, 28214, 31302, 32396, 33043, 35243, 36680, 38309, 39357, 40232, 40938, 44571, 47804, 53793, 55035, 55242, 57093, 60405, 61933, 63389, 63391, 65151, 66485, 71156, 71329, 71332, 71334, 72288, 74577, 76528, 77416, 82447, 84779, 86709, 87727, 89619, 89728, 91772, 97322, 97918, 98178, 103505, 103831, 106260, 106784, 110704, 113989, 116153, 116332, 117582, 117854, 118491, 121182, 124589, 125540, 126184, 127923, 129088, 131524, 131529, 132208, 133349, 134573, 135564, 136029, 138244, 140312, 142102, 142713, 143136, 143271, 150252, 153691, 154899, 157798, 159279, 161019, 163356, 164156, 165525, 166561, 167030, 167269, 169834, 170237, 172525, 173985, 174202, 174974, 175230, 176973, 181458, 184009, 187811, 204100]
26,5,[128, 141, 2550, 53326, 53470]
27,24,[267, 2227, 5152, 10520, 14847, 20024, 21294, 23263, 24468, 24624, 27188, 33879, 34599, 36448, 36569, 63230, 63353, 64302, 66548, 71148, 79805, 85057, 88113, 105336]
30,25,[38495, 66782, 120607, 137951, 138444, 144358, 219365, 232694, 236340, 243037, 254466, 256760, 259719, 274112, 365722, 377931, 457172, 488000, 525710, 546187, 564517, 570665, 570711, 577251, 578205]
