15,18,[14309, 20597, 28315, 34895, 34915, 44064, 44147, 93969, 105783, 109726, 109761, 119562, 129586, 153110, 168743, 171521, 171962, 173568]
16,2,[10334, 23374]
17,1,[142758]
18,2,[18830, 146710]
21,1,[25437]
22,9,[5498, 13227, 28763, 29994, 29996, 41709, 41772, 41774, 88244]
24,1,[10396]
25,1,[178251]
27,7,[1354, 12778, 14488, 38339, 43877, 83334, 85669]
15,18,[14309, 20597, 28315, 34895, 34915, 44064, 44147, 93969, 105783, 109726, 109761, 119562, 129586, 153110, 168743, 171521, 171962, 173568]
16,2,[10334, 23374]
17,1,[142758]
18,2,[18830, 146710]
21,1,[25437]
22,9,[5498, 13227, 28763, 29994, 29996, 41709, 41772, 41774, 88244]
24,1,[10396]
25,1,[178251]
27,7,[1354, 12778, 14488, 38339, 43877, 83334, 85669]
