14,1,[6622]
15,12,[37060, 37179, 45474, 47054, 69282, 75255, 89147, 93241, 98566, 98810, 144195, 148151]
18,1,[137964]
22,19,[11252, 11508, 11514, 11672, 11680, 11688, 16368, 87975, 87977, 88320, 88374, 88377, 88380, 88383, 88385, 88388, 88390, 100495, 148190]
25,1,[6863]
27,3,[24225, 38808, 82789]
14,1,[6622]
15,12,[37060, 37179, 45474, 47054, 69282, 75255, 89147, 93241, 98566, 98810, 144195, 148151]
18,1,[137964]
22,19,[11252, 11508, 11514, 11672, 11680, 11688, 16368, 87975, 87977, 88320, 88374, 88377, 88380, 88383, 88385, 88388, 88390, 100495, 148190]
25,1,[6863]
27,3,[24225, 38808, 82789]
