9,1,[1159]
10,1,[617585]
14,16,[28365, 31761, 33589, 34557, 41879, 66572, 73500, 74369, 104724, 110024, 123937, 147496, 152063, 153873, 172357, 193492]
15,7,[5539, 32684, 35970, 44635, 103136, 115568, 144083]
16,1,[12485]
19,1,[15363]
20,1,[38858]
24,1,[15334]
25,20,[27476, 30675, 32413, 33288, 40261, 63574, 69979, 70809, 100529, 105607, 118764, 141464, 145738, 147372, 165529, 185373, 187489, 189922, 193591, 197203]
26,1,[39802]
30,1,[617342]
9,1,[1159]
10,1,[617585]
14,16,[28365, 31761, 33589, 34557, 41879, 66572, 73500, 74369, 104724, 110024, 123937, 147496, 152063, 153873, 172357, 193492]
15,7,[5539, 32684, 35970, 44635, 103136, 115568, 144083]
16,1,[12485]
19,1,[15363]
20,1,[38858]
24,1,[15334]
25,20,[27476, 30675, 32413, 33288, 40261, 63574, 69979, 70809, 100529, 105607, 118764, 141464, 145738, 147372, 165529, 185373, 187489, 189922, 193591, 197203]
26,1,[39802]
30,1,[617342]
