14,155,[4520, 7606, 9761, 9778, 11122, 14299, 14322, 17787, 19696, 21187, 21893, 25888, 26511, 27555, 27593, 28461, 29304, 32811, 35206, 36084, 38294, 43689, 44664, 45810, 46811, 46840, 46888, 47802, 47814, 47847, 49352, 51296, 52472, 53748, 54549, 56366, 57015, 57762, 58720, 58742, 60001, 60032, 60071, 62438, 63216, 63248, 64748, 64782, 65869, 68499, 69305, 70046, 72380, 73624, 75432, 77428, 79593, 80511, 81660, 83153, 84243, 85363, 86473, 86488, 86518, 87701, 87863, 87913, 88987, 89010, 90775, 91991, 92995, 95029, 96770, 97703, 97713, 101631, 102353, 102419, 103393, 104127, 104138, 110122, 114603, 116193, 118558, 119156, 121498, 122178, 123165, 124125, 126646, 127751, 128612, 130289, 132246, 133090, 135339, 137460, 139641, 141579, 142573, 142596, 143600, 143613, 145156, 145849, 146791, 146819, 148263, 148885, 149517, 149528, 150179, 150745, 152265, 154783, 157074, 159016, 159059, 160872, 162175, 162186, 163414, 163425, 164334, 166468, 167331, 167356, 168370, 168390, 168416, 169491, 170443, 171511, 173632, 176382, 177612, 178321, 180499, 180517, 180545, 181818, 182826, 184887, 189998, 191486, 192613, 193654, 194395, 195150, 196083, 196085, 196105]
15,1,[35936]
17,1,[53084]
22,2,[91484, 91541]
24,1,[35485]
25,155,[4942, 7887, 9987, 10005, 11288, 14313, 14332, 17498, 17512, 19243, 20783, 21446, 25137, 25708, 26669, 26706, 27564, 28355, 30031, 31652, 31677, 33884, 34737, 36878, 41918, 42872, 43969, 45009, 45033, 45079, 45968, 45978, 46004, 47440, 49218, 50327, 51610, 52383, 54004, 54669, 55415, 56404, 56425, 57636, 57665, 57702, 60030, 60747, 60778, 62678, 62734, 62778, 65328, 66146, 66841, 68973, 70094, 71840, 73833, 76843, 77996, 79427, 80536, 82813, 82831, 82859, 84002, 84191, 84245, 85316, 85339, 87015, 88140, 89065, 91043, 92688, 93610, 93619, 97480, 98297, 99312, 99978, 99988, 105700, 106376, 109786, 111269, 113537, 114100, 116481, 117073, 118053, 118938, 121356, 122377, 123160, 124745, 126549, 127412, 129634, 131648, 133834, 135663, 136653, 136673, 137656, 137668, 139135, 139802, 140786, 140814, 142208, 142781, 143379, 143987, 144496, 145934, 148219, 150376, 152210, 152251, 154092, 155436, 155446, 156633, 157528, 159532, 160451, 160474, 161463, 161483, 161506, 162564, 163491, 164713, 166679, 169275, 170366, 171004, 173123, 173138, 173160, 174405, 175382, 177337, 179786, 182263, 183368, 184505, 185530, 186249, 186955, 187920, 187922, 187939]
27,4,[30693, 30729, 38565, 66317]
14,155,[4520, 7606, 9761, 9778, 11122, 14299, 14322, 17787, 19696, 21187, 21893, 25888, 26511, 27555, 27593, 28461, 29304, 32811, 35206, 36084, 38294, 43689, 44664, 45810, 46811, 46840, 46888, 47802, 47814, 47847, 49352, 51296, 52472, 53748, 54549, 56366, 57015, 57762, 58720, 58742, 60001, 60032, 60071, 62438, 63216, 63248, 64748, 64782, 65869, 68499, 69305, 70046, 72380, 73624, 75432, 77428, 79593, 80511, 81660, 83153, 84243, 85363, 86473, 86488, 86518, 87701, 87863, 87913, 88987, 89010, 90775, 91991, 92995, 95029, 96770, 97703, 97713, 101631, 102353, 102419, 103393, 104127, 104138, 110122, 114603, 116193, 118558, 119156, 121498, 122178, 123165, 124125, 126646, 127751, 128612, 130289, 132246, 133090, 135339, 137460, 139641, 141579, 142573, 142596, 143600, 143613, 145156, 145849, 146791, 146819, 148263, 148885, 149517, 149528, 150179, 150745, 152265, 154783, 157074, 159016, 159059, 160872, 162175, 162186, 163414, 163425, 164334, 166468, 167331, 167356, 168370, 168390, 168416, 169491, 170443, 171511, 173632, 176382, 177612, 178321, 180499, 180517, 180545, 181818, 182826, 184887, 189998, 191486, 192613, 193654, 194395, 195150, 196083, 196085, 196105]
15,1,[35936]
17,1,[53084]
22,2,[91484, 91541]
24,1,[35485]
25,155,[4942, 7887, 9987, 10005, 11288, 14313, 14332, 17498, 17512, 19243, 20783, 21446, 25137, 25708, 26669, 26706, 27564, 28355, 30031, 31652, 31677, 33884, 34737, 36878, 41918, 42872, 43969, 45009, 45033, 45079, 45968, 45978, 46004, 47440, 49218, 50327, 51610, 52383, 54004, 54669, 55415, 56404, 56425, 57636, 57665, 57702, 60030, 60747, 60778, 62678, 62734, 62778, 65328, 66146, 66841, 68973, 70094, 71840, 73833, 76843, 77996, 79427, 80536, 82813, 82831, 82859, 84002, 84191, 84245, 85316, 85339, 87015, 88140, 89065, 91043, 92688, 93610, 93619, 97480, 98297, 99312, 99978, 99988, 105700, 106376, 109786, 111269, 113537, 114100, 116481, 117073, 118053, 118938, 121356, 122377, 123160, 124745, 126549, 127412, 129634, 131648, 133834, 135663, 136653, 136673, 137656, 137668, 139135, 139802, 140786, 140814, 142208, 142781, 143379, 143987, 144496, 145934, 148219, 150376, 152210, 152251, 154092, 155436, 155446, 156633, 157528, 159532, 160451, 160474, 161463, 161483, 161506, 162564, 163491, 164713, 166679, 169275, 170366, 171004, 173123, 173138, 173160, 174405, 175382, 177337, 179786, 182263, 183368, 184505, 185530, 186249, 186955, 187920, 187922, 187939]
27,4,[30693, 30729, 38565, 66317]
