10,19,[129761, 299352, 302875, 308716, 317698, 318370, 319358, 322837, 326103, 367601, 381919, 454491, 468809, 471133, 471177, 493722, 528869, 571850, 589470]
15,1,[139061]
17,5,[34647, 37405, 44993, 45079, 202294]
18,2,[10030, 57389]
22,6,[5721, 27115, 65471, 79099, 151621, 160685]
26,1,[35557]
30,19,[129649, 299194, 302717, 308558, 317539, 318211, 319199, 322678, 325944, 367438, 381756, 454321, 468638, 470962, 471006, 493562, 528694, 571670, 589285]
10,19,[129761, 299352, 302875, 308716, 317698, 318370, 319358, 322837, 326103, 367601, 381919, 454491, 468809, 471133, 471177, 493722, 528869, 571850, 589470]
15,1,[139061]
17,5,[34647, 37405, 44993, 45079, 202294]
18,2,[10030, 57389]
22,6,[5721, 27115, 65471, 79099, 151621, 160685]
26,1,[35557]
30,19,[129649, 299194, 302717, 308558, 317539, 318211, 319199, 322678, 325944, 367438, 381756, 454321, 468638, 470962, 471006, 493562, 528694, 571670, 589285]
