9,1,[1038]
10,10,[206882, 207017, 207269, 253410, 258986, 259121, 301167, 343305, 617495, 617580]
14,3,[91937, 109173, 172998]
15,5,[13760, 68524, 79592, 81540, 111448]
17,35,[110641, 129472, 129493, 129839, 130115, 130176, 130199, 131945, 135022, 135117, 135289, 135360, 136074, 136571, 136603, 139144, 139555, 140377, 141034, 141139, 141320, 141492, 142648, 143937, 144643, 145041, 145225, 145252, 145260, 146357, 147026, 150815, 168364, 195100, 208758]
18,23,[27812, 29098, 35855, 43590, 43839, 44436, 44467, 52010, 64331, 67625, 72312, 77404, 87636, 94061, 94364, 95134, 98212, 99782, 101316, 105851, 121179, 139938, 141943]
22,11,[18835, 19117, 19129, 23219, 29781, 76202, 86575, 86578, 90039, 99283, 109681]
24,1,[4343]
25,10,[35607, 45883, 54614, 88086, 96556, 104626, 126447, 166101, 198131, 198965]
30,10,[206740, 206875, 207127, 253257, 258830, 258965, 301009, 343146, 617252, 617337]
9,1,[1038]
10,10,[206882, 207017, 207269, 253410, 258986, 259121, 301167, 343305, 617495, 617580]
14,3,[91937, 109173, 172998]
15,5,[13760, 68524, 79592, 81540, 111448]
17,35,[110641, 129472, 129493, 129839, 130115, 130176, 130199, 131945, 135022, 135117, 135289, 135360, 136074, 136571, 136603, 139144, 139555, 140377, 141034, 141139, 141320, 141492, 142648, 143937, 144643, 145041, 145225, 145252, 145260, 146357, 147026, 150815, 168364, 195100, 208758]
18,23,[27812, 29098, 35855, 43590, 43839, 44436, 44467, 52010, 64331, 67625, 72312, 77404, 87636, 94061, 94364, 95134, 98212, 99782, 101316, 105851, 121179, 139938, 141943]
22,11,[18835, 19117, 19129, 23219, 29781, 76202, 86575, 86578, 90039, 99283, 109681]
24,1,[4343]
25,10,[35607, 45883, 54614, 88086, 96556, 104626, 126447, 166101, 198131, 198965]
30,10,[206740, 206875, 207127, 253257, 258830, 258965, 301009, 343146, 617252, 617337]
