9,1,[1357]
10,1,[312380]
14,14,[2345, 2553, 21742, 105650, 124324, 164544, 195898, 195936, 198186, 199631, 200172, 201571, 201661, 201745]
15,5,[12303, 39171, 79646, 85005, 173386]
17,1,[195111]
18,13,[11471, 17772, 21542, 27370, 40351, 52810, 71769, 81748, 88543, 104591, 106574, 135191, 146909]
21,2,[3852, 16388]
25,15,[2699, 2907, 21272, 54789, 92033, 101353, 119123, 157714, 187726, 187764, 201975, 202517, 203931, 204021, 204106]
26,1,[29404]
27,1,[69965]
30,1,[312221]
9,1,[1357]
10,1,[312380]
14,14,[2345, 2553, 21742, 105650, 124324, 164544, 195898, 195936, 198186, 199631, 200172, 201571, 201661, 201745]
15,5,[12303, 39171, 79646, 85005, 173386]
17,1,[195111]
18,13,[11471, 17772, 21542, 27370, 40351, 52810, 71769, 81748, 88543, 104591, 106574, 135191, 146909]
21,2,[3852, 16388]
25,15,[2699, 2907, 21272, 54789, 92033, 101353, 119123, 157714, 187726, 187764, 201975, 202517, 203931, 204021, 204106]
26,1,[29404]
27,1,[69965]
30,1,[312221]
