9,5,[1404, 1548, 1593, 1662, 1705]
14,41,[2500, 18167, 22478, 25600, 31961, 34728, 34762, 42378, 58328, 58445, 68400, 70518, 75791, 76240, 82508, 87993, 107435, 108417, 110649, 112878, 113546, 120325, 127873, 131092, 131106, 132471, 133037, 143865, 147981, 153566, 155847, 158521, 158554, 158577, 168900, 176436, 176800, 176821, 187457, 193141, 195040]
15,3,[89546, 97004, 160099]
18,94,[3050, 13898, 14012, 14778, 14787, 14816, 14917, 14924, 15028, 15625, 15637, 15675, 15847, 24993, 25603, 25632, 32362, 34114, 34126, 34132, 34154, 34290, 34325, 34346, 34408, 34416, 34535, 34570, 34577, 34695, 34863, 35950, 35977, 41545, 41578, 62716, 62724, 62770, 62785, 62796, 62808, 62814, 63434, 63448, 63492, 63498, 64914, 69450, 72164, 72212, 72217, 72309, 72427, 86174, 86201, 86219, 86314, 86406, 86621, 91144, 96175, 96257, 96429, 96522, 97334, 97348, 97414, 97466, 98744, 99179, 102346, 102351, 109051, 109974, 110377, 110651, 110676, 110699, 110854, 112914, 112923, 112939, 113742, 116750, 119142, 123900, 124824, 126884, 126904, 128923, 132022, 147809, 148330, 148345]
22,6,[5266, 13218, 13386, 17176, 17208, 47090]
25,40,[1857, 2854, 17825, 21999, 30876, 33439, 33472, 40718, 65224, 67265, 72174, 72687, 78787, 84324, 97375, 103032, 106177, 108198, 108805, 115235, 122482, 125443, 125456, 126759, 127368, 137908, 141947, 147083, 149224, 151774, 151802, 151825, 153144, 161958, 169328, 169651, 169673, 184988, 185270, 192755]
27,6,[30686, 36913, 45376, 64796, 73889, 91069]
9,5,[1404, 1548, 1593, 1662, 1705]
14,41,[2500, 18167, 22478, 25600, 31961, 34728, 34762, 42378, 58328, 58445, 68400, 70518, 75791, 76240, 82508, 87993, 107435, 108417, 110649, 112878, 113546, 120325, 127873, 131092, 131106, 132471, 133037, 143865, 147981, 153566, 155847, 158521, 158554, 158577, 168900, 176436, 176800, 176821, 187457, 193141, 195040]
15,3,[89546, 97004, 160099]
18,94,[3050, 13898, 14012, 14778, 14787, 14816, 14917, 14924, 15028, 15625, 15637, 15675, 15847, 24993, 25603, 25632, 32362, 34114, 34126, 34132, 34154, 34290, 34325, 34346, 34408, 34416, 34535, 34570, 34577, 34695, 34863, 35950, 35977, 41545, 41578, 62716, 62724, 62770, 62785, 62796, 62808, 62814, 63434, 63448, 63492, 63498, 64914, 69450, 72164, 72212, 72217, 72309, 72427, 86174, 86201, 86219, 86314, 86406, 86621, 91144, 96175, 96257, 96429, 96522, 97334, 97348, 97414, 97466, 98744, 99179, 102346, 102351, 109051, 109974, 110377, 110651, 110676, 110699, 110854, 112914, 112923, 112939, 113742, 116750, 119142, 123900, 124824, 126884, 126904, 128923, 132022, 147809, 148330, 148345]
22,6,[5266, 13218, 13386, 17176, 17208, 47090]
25,40,[1857, 2854, 17825, 21999, 30876, 33439, 33472, 40718, 65224, 67265, 72174, 72687, 78787, 84324, 97375, 103032, 106177, 108198, 108805, 115235, 122482, 125443, 125456, 126759, 127368, 137908, 141947, 147083, 149224, 151774, 151802, 151825, 153144, 161958, 169328, 169651, 169673, 184988, 185270, 192755]
27,6,[30686, 36913, 45376, 64796, 73889, 91069]
