11,11,[1657, 1665, 9864, 14442, 14460, 14466, 14519, 14635, 16953, 19333, 19995]
12,8,[6511, 6800, 9702, 10108, 10299, 17697, 18560, 21584]
14,9,[2398, 2689, 41721, 76218, 95396, 109189, 123955, 152025, 173494]
15,39,[12638, 15600, 21673, 24209, 25079, 26831, 28756, 28881, 40837, 40856, 45111, 54185, 54440, 58131, 59010, 59430, 62454, 86341, 86667, 87125, 89403, 94188, 100936, 101674, 108525, 109176, 111803, 114960, 114966, 129995, 130396, 132967, 135332, 140000, 142414, 143318, 146998, 159026, 160615]
16,6,[605, 615, 724, 4336, 17277, 23313]
18,12,[5953, 13516, 49597, 73549, 81232, 81422, 82210, 92394, 95614, 100857, 104472, 109512]
19,3,[13797, 17833, 18709]
20,6,[13344, 28415, 31227, 32730, 62082, 63148]
21,1,[14416]
22,10,[32, 52, 25468, 77398, 102571, 124525, 144140, 144429, 145082, 149117]
23,4,[2717, 3636, 4278, 7565]
24,15,[2500, 4055, 5380, 8038, 10837, 13107, 14354, 14739, 15183, 16364, 22441, 23275, 25315, 33273, 33640]
25,8,[2752, 3043, 72665, 91382, 104642, 118780, 145701, 166550]
26,7,[13930, 29245, 32096, 33606, 61807, 63385, 64507]
27,24,[3754, 9836, 10865, 15121, 16396, 23884, 24999, 25615, 27440, 44852, 47403, 47661, 48682, 54665, 63396, 64637, 75147, 78779, 86699, 96884, 99179, 103206, 108979, 108984]
11,11,[1657, 1665, 9864, 14442, 14460, 14466, 14519, 14635, 16953, 19333, 19995]
12,8,[6511, 6800, 9702, 10108, 10299, 17697, 18560, 21584]
14,9,[2398, 2689, 41721, 76218, 95396, 109189, 123955, 152025, 173494]
15,39,[12638, 15600, 21673, 24209, 25079, 26831, 28756, 28881, 40837, 40856, 45111, 54185, 54440, 58131, 59010, 59430, 62454, 86341, 86667, 87125, 89403, 94188, 100936, 101674, 108525, 109176, 111803, 114960, 114966, 129995, 130396, 132967, 135332, 140000, 142414, 143318, 146998, 159026, 160615]
16,6,[605, 615, 724, 4336, 17277, 23313]
18,12,[5953, 13516, 49597, 73549, 81232, 81422, 82210, 92394, 95614, 100857, 104472, 109512]
19,3,[13797, 17833, 18709]
20,6,[13344, 28415, 31227, 32730, 62082, 63148]
21,1,[14416]
22,10,[32, 52, 25468, 77398, 102571, 124525, 144140, 144429, 145082, 149117]
23,4,[2717, 3636, 4278, 7565]
24,15,[2500, 4055, 5380, 8038, 10837, 13107, 14354, 14739, 15183, 16364, 22441, 23275, 25315, 33273, 33640]
25,8,[2752, 3043, 72665, 91382, 104642, 118780, 145701, 166550]
26,7,[13930, 29245, 32096, 33606, 61807, 63385, 64507]
27,24,[3754, 9836, 10865, 15121, 16396, 23884, 24999, 25615, 27440, 44852, 47403, 47661, 48682, 54665, 63396, 64637, 75147, 78779, 86699, 96884, 99179, 103206, 108979, 108984]
