10,32,[20896, 39566, 39901, 40002, 46044, 61713, 61946, 80166, 80298, 80426, 80577, 80599, 80664, 98231, 100802, 115799, 116363, 130775, 273323, 273428, 281430, 281446, 281458, 281471, 281484, 281497, 281512, 281526, 281541, 281556, 281574, 281586]
14,166,[3870, 4721, 5721, 7850, 11379, 13576, 14553, 16040, 17214, 17951, 19093, 19896, 20654, 20668, 22037, 23065, 23848, 25206, 26724, 27822, 28624, 29571, 29584, 30333, 31251, 32117, 33113, 33946, 35391, 36261, 37286, 38601, 40570, 41342, 42224, 43901, 44868, 44881, 46078, 47081, 48118, 48823, 50494, 51537, 52778, 53924, 54713, 55714, 57980, 59002, 60358, 61032, 62639, 63369, 65047, 66136, 66973, 68778, 72606, 73828, 74689, 75631, 76501, 77665, 78575, 79824, 80699, 81929, 83430, 84568, 85653, 86691, 88102, 88115, 89255, 90197, 90202, 91002, 92319, 94296, 95286, 96985, 97952, 98291, 98731, 99537, 100364, 100979, 101791, 102716, 103614, 105052, 105686, 106678, 107478, 108808, 109512, 110325, 111078, 113902, 114756, 116473, 118715, 120190, 120933, 121684, 122309, 123369, 124372, 125280, 126836, 127993, 128822, 129774, 132550, 133272, 135608, 136876, 137684, 138848, 139931, 141154, 142856, 143928, 145330, 146012, 147041, 147826, 152405, 153325, 154201, 154965, 155701, 156519, 158074, 159258, 161302, 162506, 163671, 164580, 165479, 166646, 167621, 168628, 169732, 170725, 171861, 172674, 173436, 174595, 175574, 176656, 178532, 179377, 180817, 183014, 185151, 186177, 190918, 191671, 192869, 193182, 193860, 194595, 195367, 196403]
15,3,[120450, 121191, 121210]
20,1,[63156]
25,180,[729, 4252, 5126, 6068, 8116, 11534, 13592, 14545, 15238, 15906, 16991, 17649, 18697, 19439, 20306, 20320, 21580, 22540, 23246, 24507, 25895, 26966, 27718, 28605, 28618, 29365, 30214, 31018, 31974, 32749, 34061, 34916, 35921, 37192, 39026, 39759, 40588, 42114, 43068, 43081, 44227, 45256, 46257, 46931, 48503, 49448, 50617, 51779, 52535, 53436, 55624, 56671, 57971, 58582, 59178, 60216, 60888, 61477, 63174, 63913, 65585, 67664, 69179, 70283, 71109, 72034, 72942, 74062, 75032, 76225, 77031, 78250, 79691, 80863, 82061, 83021, 84445, 84458, 85568, 86478, 86483, 87225, 88470, 90381, 91286, 92887, 93844, 94182, 94673, 95416, 96333, 96881, 97646, 98589, 99519, 100827, 101387, 102314, 103074, 104311, 104945, 105890, 106590, 108391, 109177, 109928, 111534, 113695, 115118, 115855, 116650, 117191, 118239, 119175, 120007, 120616, 121529, 122578, 123361, 124280, 126833, 127586, 129878, 131066, 131861, 132925, 134111, 135291, 136946, 137980, 138698, 139293, 139951, 141018, 141800, 142933, 143526, 144692, 146060, 146863, 147679, 148392, 149102, 149869, 150515, 151364, 152428, 154536, 155753, 156854, 157746, 158639, 159697, 160715, 161704, 162800, 163755, 165030, 165825, 166488, 167593, 168485, 169533, 171201, 171998, 173416, 174704, 175562, 176237, 177583, 178567, 180605, 181696, 182307, 183626, 184745, 185718, 186433, 187157, 188221]
26,1,[64515]
30,32,[20802, 39468, 39803, 39904, 45946, 61610, 61843, 80059, 80191, 80319, 80470, 80492, 80557, 98124, 100695, 115688, 116252, 130663, 273167, 273272, 281275, 281291, 281303, 281316, 281329, 281342, 281357, 281371, 281386, 281401, 281419, 281431]
10,32,[20896, 39566, 39901, 40002, 46044, 61713, 61946, 80166, 80298, 80426, 80577, 80599, 80664, 98231, 100802, 115799, 116363, 130775, 273323, 273428, 281430, 281446, 281458, 281471, 281484, 281497, 281512, 281526, 281541, 281556, 281574, 281586]
14,166,[3870, 4721, 5721, 7850, 11379, 13576, 14553, 16040, 17214, 17951, 19093, 19896, 20654, 20668, 22037, 23065, 23848, 25206, 26724, 27822, 28624, 29571, 29584, 30333, 31251, 32117, 33113, 33946, 35391, 36261, 37286, 38601, 40570, 41342, 42224, 43901, 44868, 44881, 46078, 47081, 48118, 48823, 50494, 51537, 52778, 53924, 54713, 55714, 57980, 59002, 60358, 61032, 62639, 63369, 65047, 66136, 66973, 68778, 72606, 73828, 74689, 75631, 76501, 77665, 78575, 79824, 80699, 81929, 83430, 84568, 85653, 86691, 88102, 88115, 89255, 90197, 90202, 91002, 92319, 94296, 95286, 96985, 97952, 98291, 98731, 99537, 100364, 100979, 101791, 102716, 103614, 105052, 105686, 106678, 107478, 108808, 109512, 110325, 111078, 113902, 114756, 116473, 118715, 120190, 120933, 121684, 122309, 123369, 124372, 125280, 126836, 127993, 128822, 129774, 132550, 133272, 135608, 136876, 137684, 138848, 139931, 141154, 142856, 143928, 145330, 146012, 147041, 147826, 152405, 153325, 154201, 154965, 155701, 156519, 158074, 159258, 161302, 162506, 163671, 164580, 165479, 166646, 167621, 168628, 169732, 170725, 171861, 172674, 173436, 174595, 175574, 176656, 178532, 179377, 180817, 183014, 185151, 186177, 190918, 191671, 192869, 193182, 193860, 194595, 195367, 196403]
15,3,[120450, 121191, 121210]
20,1,[63156]
25,180,[729, 4252, 5126, 6068, 8116, 11534, 13592, 14545, 15238, 15906, 16991, 17649, 18697, 19439, 20306, 20320, 21580, 22540, 23246, 24507, 25895, 26966, 27718, 28605, 28618, 29365, 30214, 31018, 31974, 32749, 34061, 34916, 35921, 37192, 39026, 39759, 40588, 42114, 43068, 43081, 44227, 45256, 46257, 46931, 48503, 49448, 50617, 51779, 52535, 53436, 55624, 56671, 57971, 58582, 59178, 60216, 60888, 61477, 63174, 63913, 65585, 67664, 69179, 70283, 71109, 72034, 72942, 74062, 75032, 76225, 77031, 78250, 79691, 80863, 82061, 83021, 84445, 84458, 85568, 86478, 86483, 87225, 88470, 90381, 91286, 92887, 93844, 94182, 94673, 95416, 96333, 96881, 97646, 98589, 99519, 100827, 101387, 102314, 103074, 104311, 104945, 105890, 106590, 108391, 109177, 109928, 111534, 113695, 115118, 115855, 116650, 117191, 118239, 119175, 120007, 120616, 121529, 122578, 123361, 124280, 126833, 127586, 129878, 131066, 131861, 132925, 134111, 135291, 136946, 137980, 138698, 139293, 139951, 141018, 141800, 142933, 143526, 144692, 146060, 146863, 147679, 148392, 149102, 149869, 150515, 151364, 152428, 154536, 155753, 156854, 157746, 158639, 159697, 160715, 161704, 162800, 163755, 165030, 165825, 166488, 167593, 168485, 169533, 171201, 171998, 173416, 174704, 175562, 176237, 177583, 178567, 180605, 181696, 182307, 183626, 184745, 185718, 186433, 187157, 188221]
26,1,[64515]
30,32,[20802, 39468, 39803, 39904, 45946, 61610, 61843, 80059, 80191, 80319, 80470, 80492, 80557, 98124, 100695, 115688, 116252, 130663, 273167, 273272, 281275, 281291, 281303, 281316, 281329, 281342, 281357, 281371, 281386, 281401, 281419, 281431]
