14,7,[85219, 102005, 148010, 168281, 181049, 192388, 192481]
15,6,[26047, 45492, 90409, 90499, 98781, 110358]
17,3,[112379, 132878, 156922]
18,19,[6397, 9351, 10242, 16493, 34183, 36991, 37145, 37249, 61339, 67480, 70828, 100036, 106461, 120715, 121830, 126256, 126589, 146518, 148417]
22,5,[48526, 48617, 103686, 103829, 104585]
23,1,[6934]
24,1,[35286]
25,9,[62476, 81586, 97842, 133682, 141979, 153489, 161382, 173637, 184318]
27,3,[49841, 99368, 106525]
14,7,[85219, 102005, 148010, 168281, 181049, 192388, 192481]
15,6,[26047, 45492, 90409, 90499, 98781, 110358]
17,3,[112379, 132878, 156922]
18,19,[6397, 9351, 10242, 16493, 34183, 36991, 37145, 37249, 61339, 67480, 70828, 100036, 106461, 120715, 121830, 126256, 126589, 146518, 148417]
22,5,[48526, 48617, 103686, 103829, 104585]
23,1,[6934]
24,1,[35286]
25,9,[62476, 81586, 97842, 133682, 141979, 153489, 161382, 173637, 184318]
27,3,[49841, 99368, 106525]
