11,7,[643, 1849, 1885, 7307, 11303, 12254, 16148]
12,10,[568, 2478, 6683, 9809, 10558, 13367, 16331, 17050, 17415, 19680]
14,1,[66699]
15,2,[3190, 20414]
17,1,[145398]
18,3,[3887, 41827, 106705]
21,2,[10958, 21520]
22,3,[103806, 103891, 112726]
23,2,[6269, 20708]
24,4,[4098, 19454, 25100, 35486]
27,5,[21407, 28045, 57937, 93449, 98991]
28,2,[4715, 6725]
11,7,[643, 1849, 1885, 7307, 11303, 12254, 16148]
12,10,[568, 2478, 6683, 9809, 10558, 13367, 16331, 17050, 17415, 19680]
14,1,[66699]
15,2,[3190, 20414]
17,1,[145398]
18,3,[3887, 41827, 106705]
21,2,[10958, 21520]
22,3,[103806, 103891, 112726]
23,2,[6269, 20708]
24,4,[4098, 19454, 25100, 35486]
27,5,[21407, 28045, 57937, 93449, 98991]
28,2,[4715, 6725]
