10,8,[288769, 289041, 334879, 479185, 543667, 606803, 625337, 626729]
15,3,[82393, 87255, 142327]
19,1,[21178]
20,3,[18954, 38369, 49696]
22,4,[11085, 13449, 67727, 83743]
26,3,[19661, 39312, 50739]
27,1,[50320]
30,8,[288613, 288885, 334720, 479017, 543492, 606596, 625080, 626472]
10,8,[288769, 289041, 334879, 479185, 543667, 606803, 625337, 626729]
15,3,[82393, 87255, 142327]
19,1,[21178]
20,3,[18954, 38369, 49696]
22,4,[11085, 13449, 67727, 83743]
26,3,[19661, 39312, 50739]
27,1,[50320]
30,8,[288613, 288885, 334720, 479017, 543492, 606596, 625080, 626472]
