9,1,[1017]
10,196,[8935, 9195, 10161, 14186, 19711, 24178, 24549, 24631, 28576, 32077, 35448, 38833, 44657, 45316, 45328, 45900, 51798, 51819, 54963, 55011, 55034, 55062, 55115, 61014, 62464, 62523, 62536, 64009, 65181, 65567, 68543, 70524, 70649, 71713, 72565, 74376, 75064, 82277, 85881, 89814, 89879, 90039, 99203, 99298, 99561, 99822, 99884, 99943, 100004, 100064, 100123, 100200, 101309, 107849, 115329, 119317, 122555, 131530, 149775, 152344, 156403, 161506, 166033, 166061, 167710, 172758, 172843, 172853, 174112, 174825, 176002, 180268, 185699, 186585, 190631, 191602, 193109, 205115, 205345, 215249, 218744, 218749, 219677, 227799, 232042, 232063, 232095, 232224, 232393, 242110, 246511, 249345, 251361, 251366, 251984, 252332, 254704, 254931, 254939, 255037, 255111, 256579, 257555, 262479, 264875, 264881, 272529, 273863, 274221, 274238, 275415, 279708, 286300, 286308, 288255, 289844, 291772, 291803, 292497, 293126, 336458, 343954, 362827, 365166, 367822, 367866, 386163, 400395, 405529, 410905, 441469, 443721, 444465, 444470, 467286, 478842, 480482, 497802, 497806, 498001, 498927, 500361, 501255, 501259, 502997, 518188, 524941, 525461, 528582, 529143, 533142, 534457, 535172, 536904, 538632, 545296, 548516, 550019, 554462, 563166, 564667, 571193, 574600, 575041, 576176, 578584, 579900, 581055, 582050, 582135, 582377, 587067, 587344, 594114, 596364, 598317, 601205, 604194, 604576, 611538, 611607, 614184, 616415, 621467, 623770, 625419, 625526, 626204, 628264, 629188, 630993, 635766, 639008, 639013, 640693, 640900]
11,2,[12035, 12686]
12,3,[2484, 2490, 11031]
13,1,[1689]
15,38,[2674, 7138, 9974, 10195, 10672, 11598, 12192, 14280, 14863, 19139, 27985, 30563, 33358, 34641, 38054, 38231, 45274, 55115, 60553, 67948, 76974, 81881, 84766, 85292, 86225, 95742, 98194, 101935, 102840, 104057, 115488, 125597, 125796, 126801, 141350, 142310, 146634, 165473]
16,8,[5336, 6093, 9455, 11410, 19230, 21462, 25118, 26140]
17,232,[1233, 2597, 2720, 4086, 4165, 4256, 5546, 6172, 7138, 7835, 8207, 8518, 8557, 9129, 9266, 14135, 14490, 14522, 14988, 16221, 16237, 16249, 16256, 16268, 17160, 17173, 18192, 20492, 23955, 25404, 25446, 25477, 25506, 25834, 25996, 27188, 28054, 32211, 34868, 34912, 36847, 36862, 37044, 37058, 38393, 39502, 40924, 42924, 45432, 51177, 52518, 52528, 52624, 53096, 53245, 53296, 53649, 56394, 56470, 56503, 57794, 62958, 62977, 63202, 63438, 63442, 63461, 64177, 64356, 64406, 69190, 69828, 72386, 74904, 75986, 77114, 77430, 78962, 79614, 79848, 80294, 80483, 80993, 81434, 81806, 81936, 82357, 82399, 83352, 84301, 84617, 85649, 85674, 86278, 90286, 90327, 92038, 92050, 92233, 94560, 94568, 94578, 94800, 95056, 95123, 96485, 98087, 98269, 101225, 105846, 106227, 108259, 109529, 110853, 112246, 112928, 113908, 114412, 114737, 114761, 114795, 115220, 116042, 116673, 117589, 118482, 119863, 121388, 123385, 125804, 128363, 131611, 132774, 132794, 132810, 134138, 135245, 136136, 136300, 142643, 145434, 145483, 146050, 148377, 148886, 149218, 150227, 150331, 150737, 151879, 152024, 155616, 155777, 155829, 155916, 156335, 157621, 160205, 162098, 162206, 162266, 163623, 163677, 163753, 169701, 170036, 172121, 172220, 172254, 173234, 176668, 177358, 178288, 180275, 180283, 180745, 180830, 181021, 187477, 188377, 190398, 190768, 190800, 191060, 191156, 191378, 191649, 191798, 191971, 195451, 196181, 197914, 198107, 199381, 200409, 200999, 201023, 201058, 202071, 203391, 205522, 205615, 206265, 206462, 206481, 207391, 207935, 207950, 207980, 207997, 208012, 208032, 208046, 208054, 208265, 208582, 208883, 211037, 212604, 213152, 213407, 213470, 213500, 213524, 213624, 213947, 213996, 214438, 214924, 215671, 215873, 216608]
18,83,[2413, 4007, 4944, 6268, 13108, 13389, 16996, 19898, 22183, 25558, 28111, 35150, 37007, 38998, 42555, 45121, 46523, 48788, 51388, 55707, 59333, 60430, 61831, 62783, 64960, 65033, 66539, 69383, 69518, 69654, 70731, 74337, 76092, 79618, 80360, 85796, 86976, 90698, 91172, 92156, 97558, 99040, 99240, 99395, 100310, 101378, 102961, 106020, 106710, 106747, 112289, 113143, 113294, 114807, 116995, 117005, 119387, 119397, 122792, 129313, 129346, 129613, 129669, 129761, 130559, 130572, 132222, 134032, 135380, 135699, 136418, 136512, 137077, 138078, 138426, 140220, 140285, 140554, 140847, 142251, 143391, 145304, 148362]
19,1,[19403]
21,12,[2123, 4031, 4117, 4399, 10671, 18183, 19348, 21935, 24041, 29425, 31813, 33924]
22,20,[1376, 2518, 2650, 2658, 5162, 5232, 10686, 11103, 32561, 38293, 38479, 56754, 76567, 81614, 85964, 90949, 91091, 91528, 103668, 142494]
23,12,[5882, 7355, 8720, 10782, 11565, 16192, 16984, 20022, 21317, 22681, 25647, 29291]
24,5,[1603, 13169, 19065, 22070, 43516]
27,48,[1061, 3096, 4774, 4934, 5915, 6001, 9843, 17644, 18322, 21955, 22059, 22319, 23605, 23750, 24462, 25056, 28114, 32989, 33158, 35236, 37635, 40169, 41260, 46622, 52610, 53998, 56100, 57669, 59163, 60510, 60990, 61719, 63393, 66878, 72626, 72930, 80209, 81991, 88811, 90445, 95579, 96758, 99647, 101666, 101997, 102446, 107020, 109612]
28,1,[9998]
30,196,[8841, 9101, 10067, 14092, 19617, 24084, 24455, 24537, 28482, 31979, 35350, 38735, 44559, 45218, 45230, 45802, 51700, 51721, 54864, 54912, 54935, 54963, 55016, 60911, 62361, 62420, 62433, 63906, 65078, 65464, 68440, 70421, 70546, 71610, 72462, 74273, 74961, 82170, 85774, 89707, 89772, 89932, 99096, 99191, 99454, 99715, 99777, 99836, 99897, 99957, 100016, 100093, 101202, 107738, 115218, 119206, 122444, 131418, 149662, 152231, 156290, 161392, 165910, 165938, 167587, 172635, 172720, 172730, 173989, 174702, 175879, 180145, 185567, 186453, 190499, 191470, 192977, 204973, 205203, 215107, 218604, 218609, 219527, 227649, 231892, 231913, 231945, 232074, 232243, 241957, 246358, 249192, 251208, 251213, 251831, 252179, 254551, 254778, 254786, 254884, 254958, 256423, 257399, 262323, 264719, 264725, 272373, 273707, 274065, 274082, 275259, 279553, 286144, 286152, 288099, 289688, 291616, 291647, 292340, 292969, 336299, 343795, 362667, 365003, 367659, 367703, 386000, 400229, 405363, 410739, 441299, 443551, 444295, 444300, 467115, 478674, 480314, 497633, 497637, 497832, 498758, 500192, 501086, 501090, 502828, 518016, 524769, 525289, 528407, 528968, 532967, 534282, 534997, 536729, 538457, 545121, 548341, 549841, 554284, 562988, 564487, 571013, 574420, 574861, 575996, 578404, 579720, 580875, 581870, 581955, 582197, 586882, 587159, 593923, 596173, 598126, 601008, 603992, 604374, 611315, 611384, 613950, 616176, 621215, 623516, 625162, 625269, 625947, 628004, 628925, 630722, 635491, 638733, 638738, 640418, 640625]
9,1,[1017]
10,196,[8935, 9195, 10161, 14186, 19711, 24178, 24549, 24631, 28576, 32077, 35448, 38833, 44657, 45316, 45328, 45900, 51798, 51819, 54963, 55011, 55034, 55062, 55115, 61014, 62464, 62523, 62536, 64009, 65181, 65567, 68543, 70524, 70649, 71713, 72565, 74376, 75064, 82277, 85881, 89814, 89879, 90039, 99203, 99298, 99561, 99822, 99884, 99943, 100004, 100064, 100123, 100200, 101309, 107849, 115329, 119317, 122555, 131530, 149775, 152344, 156403, 161506, 166033, 166061, 167710, 172758, 172843, 172853, 174112, 174825, 176002, 180268, 185699, 186585, 190631, 191602, 193109, 205115, 205345, 215249, 218744, 218749, 219677, 227799, 232042, 232063, 232095, 232224, 232393, 242110, 246511, 249345, 251361, 251366, 251984, 252332, 254704, 254931, 254939, 255037, 255111, 256579, 257555, 262479, 264875, 264881, 272529, 273863, 274221, 274238, 275415, 279708, 286300, 286308, 288255, 289844, 291772, 291803, 292497, 293126, 336458, 343954, 362827, 365166, 367822, 367866, 386163, 400395, 405529, 410905, 441469, 443721, 444465, 444470, 467286, 478842, 480482, 497802, 497806, 498001, 498927, 500361, 501255, 501259, 502997, 518188, 524941, 525461, 528582, 529143, 533142, 534457, 535172, 536904, 538632, 545296, 548516, 550019, 554462, 563166, 564667, 571193, 574600, 575041, 576176, 578584, 579900, 581055, 582050, 582135, 582377, 587067, 587344, 594114, 596364, 598317, 601205, 604194, 604576, 611538, 611607, 614184, 616415, 621467, 623770, 625419, 625526, 626204, 628264, 629188, 630993, 635766, 639008, 639013, 640693, 640900]
11,2,[12035, 12686]
12,3,[2484, 2490, 11031]
13,1,[1689]
15,38,[2674, 7138, 9974, 10195, 10672, 11598, 12192, 14280, 14863, 19139, 27985, 30563, 33358, 34641, 38054, 38231, 45274, 55115, 60553, 67948, 76974, 81881, 84766, 85292, 86225, 95742, 98194, 101935, 102840, 104057, 115488, 125597, 125796, 126801, 141350, 142310, 146634, 165473]
16,8,[5336, 6093, 9455, 11410, 19230, 21462, 25118, 26140]
17,232,[1233, 2597, 2720, 4086, 4165, 4256, 5546, 6172, 7138, 7835, 8207, 8518, 8557, 9129, 9266, 14135, 14490, 14522, 14988, 16221, 16237, 16249, 16256, 16268, 17160, 17173, 18192, 20492, 23955, 25404, 25446, 25477, 25506, 25834, 25996, 27188, 28054, 32211, 34868, 34912, 36847, 36862, 37044, 37058, 38393, 39502, 40924, 42924, 45432, 51177, 52518, 52528, 52624, 53096, 53245, 53296, 53649, 56394, 56470, 56503, 57794, 62958, 62977, 63202, 63438, 63442, 63461, 64177, 64356, 64406, 69190, 69828, 72386, 74904, 75986, 77114, 77430, 78962, 79614, 79848, 80294, 80483, 80993, 81434, 81806, 81936, 82357, 82399, 83352, 84301, 84617, 85649, 85674, 86278, 90286, 90327, 92038, 92050, 92233, 94560, 94568, 94578, 94800, 95056, 95123, 96485, 98087, 98269, 101225, 105846, 106227, 108259, 109529, 110853, 112246, 112928, 113908, 114412, 114737, 114761, 114795, 115220, 116042, 116673, 117589, 118482, 119863, 121388, 123385, 125804, 128363, 131611, 132774, 132794, 132810, 134138, 135245, 136136, 136300, 142643, 145434, 145483, 146050, 148377, 148886, 149218, 150227, 150331, 150737, 151879, 152024, 155616, 155777, 155829, 155916, 156335, 157621, 160205, 162098, 162206, 162266, 163623, 163677, 163753, 169701, 170036, 172121, 172220, 172254, 173234, 176668, 177358, 178288, 180275, 180283, 180745, 180830, 181021, 187477, 188377, 190398, 190768, 190800, 191060, 191156, 191378, 191649, 191798, 191971, 195451, 196181, 197914, 198107, 199381, 200409, 200999, 201023, 201058, 202071, 203391, 205522, 205615, 206265, 206462, 206481, 207391, 207935, 207950, 207980, 207997, 208012, 208032, 208046, 208054, 208265, 208582, 208883, 211037, 212604, 213152, 213407, 213470, 213500, 213524, 213624, 213947, 213996, 214438, 214924, 215671, 215873, 216608]
18,83,[2413, 4007, 4944, 6268, 13108, 13389, 16996, 19898, 22183, 25558, 28111, 35150, 37007, 38998, 42555, 45121, 46523, 48788, 51388, 55707, 59333, 60430, 61831, 62783, 64960, 65033, 66539, 69383, 69518, 69654, 70731, 74337, 76092, 79618, 80360, 85796, 86976, 90698, 91172, 92156, 97558, 99040, 99240, 99395, 100310, 101378, 102961, 106020, 106710, 106747, 112289, 113143, 113294, 114807, 116995, 117005, 119387, 119397, 122792, 129313, 129346, 129613, 129669, 129761, 130559, 130572, 132222, 134032, 135380, 135699, 136418, 136512, 137077, 138078, 138426, 140220, 140285, 140554, 140847, 142251, 143391, 145304, 148362]
19,1,[19403]
21,12,[2123, 4031, 4117, 4399, 10671, 18183, 19348, 21935, 24041, 29425, 31813, 33924]
22,20,[1376, 2518, 2650, 2658, 5162, 5232, 10686, 11103, 32561, 38293, 38479, 56754, 76567, 81614, 85964, 90949, 91091, 91528, 103668, 142494]
23,12,[5882, 7355, 8720, 10782, 11565, 16192, 16984, 20022, 21317, 22681, 25647, 29291]
24,5,[1603, 13169, 19065, 22070, 43516]
27,48,[1061, 3096, 4774, 4934, 5915, 6001, 9843, 17644, 18322, 21955, 22059, 22319, 23605, 23750, 24462, 25056, 28114, 32989, 33158, 35236, 37635, 40169, 41260, 46622, 52610, 53998, 56100, 57669, 59163, 60510, 60990, 61719, 63393, 66878, 72626, 72930, 80209, 81991, 88811, 90445, 95579, 96758, 99647, 101666, 101997, 102446, 107020, 109612]
28,1,[9998]
30,196,[8841, 9101, 10067, 14092, 19617, 24084, 24455, 24537, 28482, 31979, 35350, 38735, 44559, 45218, 45230, 45802, 51700, 51721, 54864, 54912, 54935, 54963, 55016, 60911, 62361, 62420, 62433, 63906, 65078, 65464, 68440, 70421, 70546, 71610, 72462, 74273, 74961, 82170, 85774, 89707, 89772, 89932, 99096, 99191, 99454, 99715, 99777, 99836, 99897, 99957, 100016, 100093, 101202, 107738, 115218, 119206, 122444, 131418, 149662, 152231, 156290, 161392, 165910, 165938, 167587, 172635, 172720, 172730, 173989, 174702, 175879, 180145, 185567, 186453, 190499, 191470, 192977, 204973, 205203, 215107, 218604, 218609, 219527, 227649, 231892, 231913, 231945, 232074, 232243, 241957, 246358, 249192, 251208, 251213, 251831, 252179, 254551, 254778, 254786, 254884, 254958, 256423, 257399, 262323, 264719, 264725, 272373, 273707, 274065, 274082, 275259, 279553, 286144, 286152, 288099, 289688, 291616, 291647, 292340, 292969, 336299, 343795, 362667, 365003, 367659, 367703, 386000, 400229, 405363, 410739, 441299, 443551, 444295, 444300, 467115, 478674, 480314, 497633, 497637, 497832, 498758, 500192, 501086, 501090, 502828, 518016, 524769, 525289, 528407, 528968, 532967, 534282, 534997, 536729, 538457, 545121, 548341, 549841, 554284, 562988, 564487, 571013, 574420, 574861, 575996, 578404, 579720, 580875, 581870, 581955, 582197, 586882, 587159, 593923, 596173, 598126, 601008, 603992, 604374, 611315, 611384, 613950, 616176, 621215, 623516, 625162, 625269, 625947, 628004, 628925, 630722, 635491, 638733, 638738, 640418, 640625]
