10,6,[72489, 232240, 435210, 573380, 598343, 617954]
11,1,[9075]
12,4,[548, 3272, 20081, 20083]
16,3,[7722, 10976, 20780]
18,6,[2514, 7718, 18716, 30300, 89327, 99268]
22,7,[135978, 145109, 145114, 145271, 145509, 145511, 145513]
23,1,[30360]
24,2,[13670, 41270]
27,6,[18600, 18639, 41925, 48611, 59334, 76284]
30,6,[72386, 232090, 435040, 573200, 598152, 617702]
10,6,[72489, 232240, 435210, 573380, 598343, 617954]
11,1,[9075]
12,4,[548, 3272, 20081, 20083]
16,3,[7722, 10976, 20780]
18,6,[2514, 7718, 18716, 30300, 89327, 99268]
22,7,[135978, 145109, 145114, 145271, 145509, 145511, 145513]
23,1,[30360]
24,2,[13670, 41270]
27,6,[18600, 18639, 41925, 48611, 59334, 76284]
30,6,[72386, 232090, 435040, 573200, 598152, 617702]
