10,13,[146724, 171430, 180643, 216063, 216247, 220236, 220373, 220390, 282281, 282335, 297431, 297781, 337345]
15,2,[36960, 59179]
19,1,[16432]
20,2,[11565, 20054]
22,11,[27073, 29608, 30794, 31204, 46260, 55472, 56288, 117091, 127526, 128434, 146654]
26,2,[12133, 20776]
30,13,[146611, 171307, 180520, 215921, 216105, 220086, 220223, 220240, 282126, 282180, 297273, 297623, 337186]
10,13,[146724, 171430, 180643, 216063, 216247, 220236, 220373, 220390, 282281, 282335, 297431, 297781, 337345]
15,2,[36960, 59179]
19,1,[16432]
20,2,[11565, 20054]
22,11,[27073, 29608, 30794, 31204, 46260, 55472, 56288, 117091, 127526, 128434, 146654]
26,2,[12133, 20776]
30,13,[146611, 171307, 180520, 215921, 216105, 220086, 220223, 220240, 282126, 282180, 297273, 297623, 337186]
