6,1,[6]
8,1,[27]
9,1,[4]
10,5,[325221, 421471, 476419, 486256, 487197]
11,34,[10053, 10274, 10286, 10304, 10408, 10495, 10581, 10609, 10631, 10733, 10746, 10793, 10924, 10930, 10954, 11136, 11265, 11316, 11329, 11513, 11574, 11694, 11797, 11884, 11899, 11924, 12049, 18445, 18460, 18466, 18842, 18847, 18860, 20835]
14,251,[922, 3739, 3740, 5828, 8089, 9518, 9865, 10220, 11603, 12947, 13011, 16348, 16352, 16599, 16612, 16738, 16741, 17887, 19821, 20141, 20182, 20257, 21268, 23325, 23781, 24316, 24382, 24388, 25938, 26296, 29449, 30407, 30801, 32934, 34496, 36562, 36635, 37907, 37922, 37925, 39978, 39981, 39994, 39997, 40824, 40850, 40853, 40867, 40870, 41400, 42310, 42817, 43663, 46315, 46954, 53202, 53205, 53219, 53222, 54636, 56436, 57090, 58376, 58379, 59475, 60686, 60689, 61345, 61348, 62113, 62986, 62989, 63007, 63010, 63939, 64460, 64463, 66252, 66383, 66411, 67222, 67223, 67273, 67316, 67319, 68079, 68102, 68161, 69719, 69771, 69774, 70543, 70546, 71214, 71215, 75860, 75866, 75923, 75950, 76039, 78373, 78386, 79294, 81780, 82753, 82760, 82836, 83275, 84383, 84384, 86076, 87881, 87983, 88411, 89319, 89323, 89522, 90482, 90908, 92115, 93059, 94783, 94798, 94801, 95537, 95793, 95796, 96869, 99072, 99976, 101716, 103085, 103164, 103839, 103928, 103931, 105328, 106135, 106138, 107351, 108872, 109825, 110555, 110973, 111586, 112656, 112670, 112673, 113186, 114197, 114200, 114219, 117600, 118240, 118323, 118333, 118356, 119232, 119528, 119532, 119563, 119589, 121178, 121214, 121257, 121619, 125374, 128334, 128758, 130082, 130366, 134856, 134984, 134987, 136927, 141208, 141243, 141644, 142559, 143257, 144196, 145234, 145644, 145647, 148337, 148745, 148748, 149622, 150092, 153648, 154268, 156395, 156820, 156827, 158138, 159109, 160264, 160274, 160327, 160345, 162742, 163047, 164463, 166571, 166995, 167003, 168923, 168962, 169043, 169059, 170083, 170789, 172258, 172261, 173136, 174052, 174970, 174999, 176019, 176928, 176962, 177244, 177252, 177411, 180625, 182450, 182456, 183909, 185278, 186037, 186458, 187390, 187393, 188290, 188892, 192162, 192172, 192182, 193010, 194153, 194645, 194917, 194920, 194930, 194933, 195598, 195779, 195782, 195796, 195799, 196219]
15,4,[8105, 111533, 117419, 146205]
17,58,[131182, 133034, 135771, 137020, 137071, 137287, 137335, 137411, 137548, 137635, 137683, 137872, 138779, 140828, 141295, 141437, 141451, 141470, 141483, 141498, 141598, 141631, 141692, 141696, 142002, 142046, 142310, 143439, 144441, 144476, 144488, 147287, 147511, 147533, 147576, 147884, 147995, 148157, 148267, 148617, 150442, 150499, 150515, 150546, 150679, 150723, 150752, 169499, 170634, 170703, 170715, 173161, 194685, 195887, 195949, 211356, 211781, 212608]
18,14,[10895, 101482, 105899, 107708, 109242, 110941, 112219, 113367, 115633, 118026, 120410, 121730, 123278, 125082]
19,1,[232]
20,8,[2557, 8450, 8697, 27021, 27554, 28823, 28853, 52545]
22,44,[13950, 14340, 15294, 17290, 20160, 24830, 27855, 35173, 35452, 35611, 35703, 37313, 37316, 37560, 37625, 37628, 38110, 38169, 38172, 38177, 38178, 38531, 38671, 38879, 39807, 39828, 40304, 41542, 47766, 53762, 67100, 69945, 78453, 85551, 96380, 99459, 101500, 102354, 105718, 109162, 109164, 137987, 142839, 142921]
23,3,[1150, 2159, 14499]
24,3,[11001, 16885, 29362]
25,288,[3774, 4027, 4128, 4130, 4131, 4679, 4715, 4756, 6161, 7574, 8321, 9755, 10092, 10429, 11741, 13001, 13064, 13327, 16174, 16178, 16404, 16408, 16417, 16448, 17594, 19358, 19895, 19898, 19909, 19912, 20856, 22768, 23182, 23712, 23718, 24171, 25179, 25487, 26157, 26815, 28492, 28863, 29429, 31809, 32244, 33233, 34362, 34407, 34426, 35198, 35268, 36507, 36523, 36526, 38434, 38451, 39244, 39267, 39270, 39284, 39287, 39806, 40662, 41122, 44432, 51013, 51016, 51030, 51033, 52466, 54070, 54737, 56003, 56006, 58260, 58905, 58908, 59673, 60526, 60529, 60547, 60550, 61447, 61588, 61885, 63276, 63395, 63420, 64126, 64127, 64171, 64211, 64214, 64886, 65834, 65908, 65911, 66517, 66566, 66569, 67288, 67291, 67910, 67911, 72248, 72254, 72255, 74285, 74842, 74854, 75721, 78112, 79025, 79032, 79104, 79549, 79792, 80675, 80676, 80957, 81339, 81346, 81360, 82433, 84148, 84311, 84730, 85622, 85626, 85810, 86733, 87140, 88267, 89121, 90809, 90812, 90824, 90827, 91498, 91733, 92778, 92782, 94973, 95832, 97572, 98928, 99716, 99800, 99803, 101053, 101063, 101806, 101809, 102957, 104360, 105202, 105245, 105250, 105291, 105309, 105358, 105503, 106090, 106490, 107031, 107983, 107997, 108000, 108480, 109411, 109413, 109430, 111897, 111900, 111911, 111914, 112547, 113136, 114180, 114472, 114475, 114504, 114526, 116128, 116145, 116181, 116237, 116590, 119599, 119602, 120082, 121292, 122883, 123302, 124560, 124814, 129076, 129272, 129275, 131108, 135334, 135365, 135720, 137305, 138219, 139208, 139564, 139580, 139583, 142278, 142642, 142645, 143470, 143900, 145605, 145608, 147158, 147735, 149751, 150132, 151852, 152298, 153464, 153475, 153509, 154938, 155949, 156229, 159632, 161977, 162012, 162085, 162101, 163132, 163810, 164093, 164217, 164225, 164235, 164243, 165428, 166224, 167050, 167912, 167938, 169767, 169798, 170045, 170053, 170186, 173236, 175000, 175006, 176398, 177708, 178436, 178813, 179665, 179668, 180558, 181114, 184121, 184131, 184141, 184873, 186000, 186473, 186726, 186729, 186738, 186741, 187367, 187605, 187608, 187622, 187625, 189830, 190149, 190447, 191735, 192047, 192476, 195023, 196155, 197097, 197636, 198601, 198702]
26,7,[2976, 8980, 9239, 27845, 28382, 29656, 53644]
27,4,[375, 22556, 104488, 104497]
30,5,[325062, 421305, 476250, 486093, 487034]
6,1,[6]
8,1,[27]
9,1,[4]
10,5,[325221, 421471, 476419, 486256, 487197]
11,34,[10053, 10274, 10286, 10304, 10408, 10495, 10581, 10609, 10631, 10733, 10746, 10793, 10924, 10930, 10954, 11136, 11265, 11316, 11329, 11513, 11574, 11694, 11797, 11884, 11899, 11924, 12049, 18445, 18460, 18466, 18842, 18847, 18860, 20835]
14,251,[922, 3739, 3740, 5828, 8089, 9518, 9865, 10220, 11603, 12947, 13011, 16348, 16352, 16599, 16612, 16738, 16741, 17887, 19821, 20141, 20182, 20257, 21268, 23325, 23781, 24316, 24382, 24388, 25938, 26296, 29449, 30407, 30801, 32934, 34496, 36562, 36635, 37907, 37922, 37925, 39978, 39981, 39994, 39997, 40824, 40850, 40853, 40867, 40870, 41400, 42310, 42817, 43663, 46315, 46954, 53202, 53205, 53219, 53222, 54636, 56436, 57090, 58376, 58379, 59475, 60686, 60689, 61345, 61348, 62113, 62986, 62989, 63007, 63010, 63939, 64460, 64463, 66252, 66383, 66411, 67222, 67223, 67273, 67316, 67319, 68079, 68102, 68161, 69719, 69771, 69774, 70543, 70546, 71214, 71215, 75860, 75866, 75923, 75950, 76039, 78373, 78386, 79294, 81780, 82753, 82760, 82836, 83275, 84383, 84384, 86076, 87881, 87983, 88411, 89319, 89323, 89522, 90482, 90908, 92115, 93059, 94783, 94798, 94801, 95537, 95793, 95796, 96869, 99072, 99976, 101716, 103085, 103164, 103839, 103928, 103931, 105328, 106135, 106138, 107351, 108872, 109825, 110555, 110973, 111586, 112656, 112670, 112673, 113186, 114197, 114200, 114219, 117600, 118240, 118323, 118333, 118356, 119232, 119528, 119532, 119563, 119589, 121178, 121214, 121257, 121619, 125374, 128334, 128758, 130082, 130366, 134856, 134984, 134987, 136927, 141208, 141243, 141644, 142559, 143257, 144196, 145234, 145644, 145647, 148337, 148745, 148748, 149622, 150092, 153648, 154268, 156395, 156820, 156827, 158138, 159109, 160264, 160274, 160327, 160345, 162742, 163047, 164463, 166571, 166995, 167003, 168923, 168962, 169043, 169059, 170083, 170789, 172258, 172261, 173136, 174052, 174970, 174999, 176019, 176928, 176962, 177244, 177252, 177411, 180625, 182450, 182456, 183909, 185278, 186037, 186458, 187390, 187393, 188290, 188892, 192162, 192172, 192182, 193010, 194153, 194645, 194917, 194920, 194930, 194933, 195598, 195779, 195782, 195796, 195799, 196219]
15,4,[8105, 111533, 117419, 146205]
17,58,[131182, 133034, 135771, 137020, 137071, 137287, 137335, 137411, 137548, 137635, 137683, 137872, 138779, 140828, 141295, 141437, 141451, 141470, 141483, 141498, 141598, 141631, 141692, 141696, 142002, 142046, 142310, 143439, 144441, 144476, 144488, 147287, 147511, 147533, 147576, 147884, 147995, 148157, 148267, 148617, 150442, 150499, 150515, 150546, 150679, 150723, 150752, 169499, 170634, 170703, 170715, 173161, 194685, 195887, 195949, 211356, 211781, 212608]
18,14,[10895, 101482, 105899, 107708, 109242, 110941, 112219, 113367, 115633, 118026, 120410, 121730, 123278, 125082]
19,1,[232]
20,8,[2557, 8450, 8697, 27021, 27554, 28823, 28853, 52545]
22,44,[13950, 14340, 15294, 17290, 20160, 24830, 27855, 35173, 35452, 35611, 35703, 37313, 37316, 37560, 37625, 37628, 38110, 38169, 38172, 38177, 38178, 38531, 38671, 38879, 39807, 39828, 40304, 41542, 47766, 53762, 67100, 69945, 78453, 85551, 96380, 99459, 101500, 102354, 105718, 109162, 109164, 137987, 142839, 142921]
23,3,[1150, 2159, 14499]
24,3,[11001, 16885, 29362]
25,288,[3774, 4027, 4128, 4130, 4131, 4679, 4715, 4756, 6161, 7574, 8321, 9755, 10092, 10429, 11741, 13001, 13064, 13327, 16174, 16178, 16404, 16408, 16417, 16448, 17594, 19358, 19895, 19898, 19909, 19912, 20856, 22768, 23182, 23712, 23718, 24171, 25179, 25487, 26157, 26815, 28492, 28863, 29429, 31809, 32244, 33233, 34362, 34407, 34426, 35198, 35268, 36507, 36523, 36526, 38434, 38451, 39244, 39267, 39270, 39284, 39287, 39806, 40662, 41122, 44432, 51013, 51016, 51030, 51033, 52466, 54070, 54737, 56003, 56006, 58260, 58905, 58908, 59673, 60526, 60529, 60547, 60550, 61447, 61588, 61885, 63276, 63395, 63420, 64126, 64127, 64171, 64211, 64214, 64886, 65834, 65908, 65911, 66517, 66566, 66569, 67288, 67291, 67910, 67911, 72248, 72254, 72255, 74285, 74842, 74854, 75721, 78112, 79025, 79032, 79104, 79549, 79792, 80675, 80676, 80957, 81339, 81346, 81360, 82433, 84148, 84311, 84730, 85622, 85626, 85810, 86733, 87140, 88267, 89121, 90809, 90812, 90824, 90827, 91498, 91733, 92778, 92782, 94973, 95832, 97572, 98928, 99716, 99800, 99803, 101053, 101063, 101806, 101809, 102957, 104360, 105202, 105245, 105250, 105291, 105309, 105358, 105503, 106090, 106490, 107031, 107983, 107997, 108000, 108480, 109411, 109413, 109430, 111897, 111900, 111911, 111914, 112547, 113136, 114180, 114472, 114475, 114504, 114526, 116128, 116145, 116181, 116237, 116590, 119599, 119602, 120082, 121292, 122883, 123302, 124560, 124814, 129076, 129272, 129275, 131108, 135334, 135365, 135720, 137305, 138219, 139208, 139564, 139580, 139583, 142278, 142642, 142645, 143470, 143900, 145605, 145608, 147158, 147735, 149751, 150132, 151852, 152298, 153464, 153475, 153509, 154938, 155949, 156229, 159632, 161977, 162012, 162085, 162101, 163132, 163810, 164093, 164217, 164225, 164235, 164243, 165428, 166224, 167050, 167912, 167938, 169767, 169798, 170045, 170053, 170186, 173236, 175000, 175006, 176398, 177708, 178436, 178813, 179665, 179668, 180558, 181114, 184121, 184131, 184141, 184873, 186000, 186473, 186726, 186729, 186738, 186741, 187367, 187605, 187608, 187622, 187625, 189830, 190149, 190447, 191735, 192047, 192476, 195023, 196155, 197097, 197636, 198601, 198702]
26,7,[2976, 8980, 9239, 27845, 28382, 29656, 53644]
27,4,[375, 22556, 104488, 104497]
30,5,[325062, 421305, 476250, 486093, 487034]
