14,2,[6643, 146352]
22,12,[35618, 35737, 36371, 45805, 46234, 49015, 68587, 78817, 114699, 116554, 147581, 147729]
24,18,[4981, 14469, 34933, 35197, 35548, 37439, 37618, 37880, 39094, 39199, 39226, 39272, 39970, 40284, 40326, 40343, 40383, 40601]
25,2,[6882, 140258]
27,6,[35425, 37385, 37544, 40138, 57107, 98860]
14,2,[6643, 146352]
22,12,[35618, 35737, 36371, 45805, 46234, 49015, 68587, 78817, 114699, 116554, 147581, 147729]
24,18,[4981, 14469, 34933, 35197, 35548, 37439, 37618, 37880, 39094, 39199, 39226, 39272, 39970, 40284, 40326, 40343, 40383, 40601]
25,2,[6882, 140258]
27,6,[35425, 37385, 37544, 40138, 57107, 98860]
