14,189,[867, 2312, 4672, 5620, 5768, 6370, 7768, 9090, 9218, 9884, 10187, 10193, 10281, 11285, 11421, 12292, 12309, 13478, 14478, 14599, 15199, 15962, 16148, 17125, 17898, 19001, 20600, 21283, 22990, 25117, 25255, 26634, 27748, 29487, 32061, 32998, 33876, 33987, 34507, 37191, 38460, 40490, 40618, 43838, 44765, 45947, 47029, 47979, 50436, 51458, 52664, 54646, 55634, 55891, 57098, 57184, 57888, 58913, 60236, 61585, 61823, 62576, 64963, 65157, 66031, 66912, 67585, 68663, 69401, 70984, 72548, 77580, 78405, 78716, 79771, 80626, 81830, 82136, 82303, 83326, 84466, 85539, 86612, 88008, 89152, 90120, 90931, 92197, 92427, 94199, 95493, 96917, 97865, 97948, 98647, 100881, 102596, 103502, 104992, 105104, 106587, 108669, 109465, 110990, 111601, 111726, 112271, 113821, 114680, 114803, 116380, 116469, 116561, 117952, 120067, 120868, 122257, 122361, 123415, 124244, 124364, 125200, 126754, 127920, 129691, 130961, 132398, 133351, 134138, 134256, 135529, 136719, 137602, 138779, 139835, 140015, 141009, 141144, 142781, 143796, 143981, 145254, 146966, 147878, 148359, 150859, 153183, 154140, 154253, 154906, 156405, 157997, 159154, 161135, 161197, 162414, 163402, 163594, 164499, 165407, 167523, 168556, 169648, 170647, 171738, 171840, 172603, 173719, 175468, 176550, 176705, 177682, 178473, 179280, 180710, 182038, 182113, 182127, 182950, 183653, 185055, 186094, 189495, 190843, 191593, 192756, 193797, 195445, 196298]
15,2,[45418, 154292]
18,5,[11743, 16151, 16918, 30939, 76820]
22,8,[36097, 36819, 45077, 80482, 80895, 105563, 111709, 111798]
25,184,[2666, 5083, 5969, 6105, 8045, 9368, 9488, 10107, 10397, 10402, 10489, 11437, 11567, 12384, 12400, 13500, 14474, 14580, 15140, 15835, 16000, 16909, 17601, 18613, 20868, 22485, 24409, 24546, 25818, 26864, 28523, 30967, 31858, 32682, 32781, 33240, 35825, 37053, 38949, 39062, 42057, 42965, 44087, 45208, 46127, 48449, 49378, 50509, 52472, 53360, 53567, 54740, 54826, 55539, 56586, 57856, 59128, 59393, 60155, 61620, 63034, 63855, 64453, 65474, 66236, 67700, 69127, 73970, 74868, 75158, 76166, 76949, 78155, 78445, 78608, 79593, 80751, 81923, 82944, 84336, 85470, 86405, 87157, 88342, 88563, 89376, 90290, 91458, 92822, 93763, 94549, 96787, 98464, 99416, 100775, 100864, 102221, 104178, 104305, 104900, 106503, 107041, 107147, 107642, 109106, 109854, 109961, 111444, 111611, 112877, 114999, 115797, 117142, 117230, 118275, 119046, 119166, 119922, 119996, 121453, 122521, 124202, 125327, 126684, 127531, 127657, 128390, 128508, 129806, 130883, 131780, 132860, 134023, 134185, 135152, 135285, 136847, 137839, 138024, 139224, 140947, 141845, 142298, 144600, 146749, 147622, 147720, 148333, 149756, 151291, 152337, 154382, 155664, 156613, 156792, 157672, 158581, 160624, 161635, 162711, 163682, 164927, 165021, 165761, 166757, 168384, 169431, 169571, 170424, 171147, 171909, 173314, 174614, 174697, 175493, 176160, 177494, 178485, 181651, 183536, 184637, 185662, 187227, 188119]
14,189,[867, 2312, 4672, 5620, 5768, 6370, 7768, 9090, 9218, 9884, 10187, 10193, 10281, 11285, 11421, 12292, 12309, 13478, 14478, 14599, 15199, 15962, 16148, 17125, 17898, 19001, 20600, 21283, 22990, 25117, 25255, 26634, 27748, 29487, 32061, 32998, 33876, 33987, 34507, 37191, 38460, 40490, 40618, 43838, 44765, 45947, 47029, 47979, 50436, 51458, 52664, 54646, 55634, 55891, 57098, 57184, 57888, 58913, 60236, 61585, 61823, 62576, 64963, 65157, 66031, 66912, 67585, 68663, 69401, 70984, 72548, 77580, 78405, 78716, 79771, 80626, 81830, 82136, 82303, 83326, 84466, 85539, 86612, 88008, 89152, 90120, 90931, 92197, 92427, 94199, 95493, 96917, 97865, 97948, 98647, 100881, 102596, 103502, 104992, 105104, 106587, 108669, 109465, 110990, 111601, 111726, 112271, 113821, 114680, 114803, 116380, 116469, 116561, 117952, 120067, 120868, 122257, 122361, 123415, 124244, 124364, 125200, 126754, 127920, 129691, 130961, 132398, 133351, 134138, 134256, 135529, 136719, 137602, 138779, 139835, 140015, 141009, 141144, 142781, 143796, 143981, 145254, 146966, 147878, 148359, 150859, 153183, 154140, 154253, 154906, 156405, 157997, 159154, 161135, 161197, 162414, 163402, 163594, 164499, 165407, 167523, 168556, 169648, 170647, 171738, 171840, 172603, 173719, 175468, 176550, 176705, 177682, 178473, 179280, 180710, 182038, 182113, 182127, 182950, 183653, 185055, 186094, 189495, 190843, 191593, 192756, 193797, 195445, 196298]
15,2,[45418, 154292]
18,5,[11743, 16151, 16918, 30939, 76820]
22,8,[36097, 36819, 45077, 80482, 80895, 105563, 111709, 111798]
25,184,[2666, 5083, 5969, 6105, 8045, 9368, 9488, 10107, 10397, 10402, 10489, 11437, 11567, 12384, 12400, 13500, 14474, 14580, 15140, 15835, 16000, 16909, 17601, 18613, 20868, 22485, 24409, 24546, 25818, 26864, 28523, 30967, 31858, 32682, 32781, 33240, 35825, 37053, 38949, 39062, 42057, 42965, 44087, 45208, 46127, 48449, 49378, 50509, 52472, 53360, 53567, 54740, 54826, 55539, 56586, 57856, 59128, 59393, 60155, 61620, 63034, 63855, 64453, 65474, 66236, 67700, 69127, 73970, 74868, 75158, 76166, 76949, 78155, 78445, 78608, 79593, 80751, 81923, 82944, 84336, 85470, 86405, 87157, 88342, 88563, 89376, 90290, 91458, 92822, 93763, 94549, 96787, 98464, 99416, 100775, 100864, 102221, 104178, 104305, 104900, 106503, 107041, 107147, 107642, 109106, 109854, 109961, 111444, 111611, 112877, 114999, 115797, 117142, 117230, 118275, 119046, 119166, 119922, 119996, 121453, 122521, 124202, 125327, 126684, 127531, 127657, 128390, 128508, 129806, 130883, 131780, 132860, 134023, 134185, 135152, 135285, 136847, 137839, 138024, 139224, 140947, 141845, 142298, 144600, 146749, 147622, 147720, 148333, 149756, 151291, 152337, 154382, 155664, 156613, 156792, 157672, 158581, 160624, 161635, 162711, 163682, 164927, 165021, 165761, 166757, 168384, 169431, 169571, 170424, 171147, 171909, 173314, 174614, 174697, 175493, 176160, 177494, 178485, 181651, 183536, 184637, 185662, 187227, 188119]
