10,7,[446458, 446534, 446583, 446682, 520174, 551917, 576510]
12,1,[16246]
14,50,[15756, 27465, 30106, 32663, 32907, 34355, 38086, 46781, 58611, 63807, 72496, 72502, 77546, 78163, 79507, 79534, 87647, 87759, 92331, 112103, 116316, 117871, 117893, 125014, 126504, 126507, 127858, 139762, 142501, 143555, 146763, 149468, 155446, 157806, 158930, 160586, 160674, 161214, 171633, 176289, 180457, 183498, 184824, 184828, 185785, 190645, 192451, 192487, 196916, 196927]
15,6,[8342, 51215, 51217, 59099, 93018, 115755]
17,1,[157305]
18,2,[22584, 53420]
21,2,[15459, 17474]
22,32,[25904, 48670, 73861, 92576, 92661, 119206, 123302, 123310, 123313, 123316, 123325, 123383, 123455, 123466, 123554, 123616, 123720, 123743, 123751, 123758, 123774, 123777, 123781, 123790, 123801, 123889, 123945, 124355, 126183, 126186, 126198, 126525]
23,1,[5198]
25,62,[1899, 29159, 31533, 31773, 33108, 36709, 42763, 44973, 48205, 56213, 61293, 62284, 62415, 69083, 69089, 73943, 74633, 75897, 75917, 80671, 83948, 84060, 88101, 107492, 111387, 112811, 112832, 121218, 121221, 133960, 136544, 137619, 140741, 143336, 148842, 151118, 152128, 153745, 154280, 158353, 164838, 169188, 173086, 176023, 177273, 177277, 178164, 182160, 183188, 188722, 188733, 190088, 190597, 190739, 190813, 190825, 190856, 191593, 192239, 192346, 192427, 192434]
27,20,[163, 6794, 7200, 8452, 10934, 24126, 24130, 26040, 31259, 31265, 32195, 45767, 45785, 45850, 50673, 69548, 72599, 88369, 95290, 107156]
28,4,[9353, 9543, 11212, 11278]
30,7,[446288, 446364, 446413, 446512, 520002, 551739, 576330]
10,7,[446458, 446534, 446583, 446682, 520174, 551917, 576510]
12,1,[16246]
14,50,[15756, 27465, 30106, 32663, 32907, 34355, 38086, 46781, 58611, 63807, 72496, 72502, 77546, 78163, 79507, 79534, 87647, 87759, 92331, 112103, 116316, 117871, 117893, 125014, 126504, 126507, 127858, 139762, 142501, 143555, 146763, 149468, 155446, 157806, 158930, 160586, 160674, 161214, 171633, 176289, 180457, 183498, 184824, 184828, 185785, 190645, 192451, 192487, 196916, 196927]
15,6,[8342, 51215, 51217, 59099, 93018, 115755]
17,1,[157305]
18,2,[22584, 53420]
21,2,[15459, 17474]
22,32,[25904, 48670, 73861, 92576, 92661, 119206, 123302, 123310, 123313, 123316, 123325, 123383, 123455, 123466, 123554, 123616, 123720, 123743, 123751, 123758, 123774, 123777, 123781, 123790, 123801, 123889, 123945, 124355, 126183, 126186, 126198, 126525]
23,1,[5198]
25,62,[1899, 29159, 31533, 31773, 33108, 36709, 42763, 44973, 48205, 56213, 61293, 62284, 62415, 69083, 69089, 73943, 74633, 75897, 75917, 80671, 83948, 84060, 88101, 107492, 111387, 112811, 112832, 121218, 121221, 133960, 136544, 137619, 140741, 143336, 148842, 151118, 152128, 153745, 154280, 158353, 164838, 169188, 173086, 176023, 177273, 177277, 178164, 182160, 183188, 188722, 188733, 190088, 190597, 190739, 190813, 190825, 190856, 191593, 192239, 192346, 192427, 192434]
27,20,[163, 6794, 7200, 8452, 10934, 24126, 24130, 26040, 31259, 31265, 32195, 45767, 45785, 45850, 50673, 69548, 72599, 88369, 95290, 107156]
28,4,[9353, 9543, 11212, 11278]
30,7,[446288, 446364, 446413, 446512, 520002, 551739, 576330]
