10,2,[71811, 605880]
13,1,[1555]
14,8,[1638, 64879, 64886, 65071, 65926, 65933, 181975, 185541]
15,15,[20846, 47632, 48406, 60980, 62766, 94517, 94722, 94735, 94767, 94900, 97824, 103055, 132798, 146671, 164257]
16,1,[2246]
18,9,[40420, 58057, 66811, 81559, 83190, 94613, 103512, 106261, 140239]
21,1,[17732]
22,2,[76714, 79350]
23,1,[16476]
24,1,[11143]
25,4,[62892, 62898, 174559, 177970]
26,1,[334]
27,3,[28084, 57204, 70931]
28,1,[10854]
30,2,[71708, 605678]
10,2,[71811, 605880]
13,1,[1555]
14,8,[1638, 64879, 64886, 65071, 65926, 65933, 181975, 185541]
15,15,[20846, 47632, 48406, 60980, 62766, 94517, 94722, 94735, 94767, 94900, 97824, 103055, 132798, 146671, 164257]
16,1,[2246]
18,9,[40420, 58057, 66811, 81559, 83190, 94613, 103512, 106261, 140239]
21,1,[17732]
22,2,[76714, 79350]
23,1,[16476]
24,1,[11143]
25,4,[62892, 62898, 174559, 177970]
26,1,[334]
27,3,[28084, 57204, 70931]
28,1,[10854]
30,2,[71708, 605678]
