10,30,[9755, 44520, 73320, 87752, 87755, 104684, 104911, 104920, 119768, 120564, 239449, 262786, 291987, 356251, 387286, 390614, 394334, 495368, 510100, 519358, 522581, 541064, 542995, 587207, 587228, 587244, 594146, 594551, 594592, 594719]
14,3,[22453, 49950, 82805]
15,3,[18523, 111328, 163426]
16,7,[437, 1875, 23027, 36424, 36513, 36548, 37534]
17,2,[185605, 190563]
18,2,[140324, 140426]
19,4,[132, 14339, 14341, 14364]
21,3,[12771, 12785, 12833]
22,8,[48866, 84798, 147519, 147553, 147555, 147557, 147651, 147705]
23,7,[3383, 5640, 13240, 14218, 17110, 22388, 28897]
24,26,[3516, 4301, 4306, 8342, 14496, 15753, 16467, 16571, 17624, 17906, 23641, 23754, 23773, 23786, 23907, 24771, 26153, 26441, 28820, 29239, 30664, 33245, 34288, 41357, 41372, 44908]
25,3,[21975, 47966, 79075]
27,45,[7678, 8135, 10367, 12025, 17036, 17277, 18345, 18672, 18746, 18796, 20723, 21004, 21922, 21981, 22034, 23897, 24956, 25012, 25100, 29794, 29972, 35050, 35835, 46784, 53779, 61511, 61560, 63433, 63534, 63722, 64018, 64282, 64686, 68113, 68205, 68324, 69281, 73261, 73357, 73407, 81334, 102473, 108395, 109314, 109522]
29,50,[50, 298, 546, 794, 1042, 1290, 1538, 1786, 2035, 2284, 2532, 2780, 3028, 3276, 3524, 3772, 4020, 4268, 4516, 4764, 5012, 5260, 5508, 5756, 6004, 6252, 6500, 6748, 6997, 7247, 7497, 7747, 7997, 8247, 8496, 8744, 8992, 9240, 9489, 9739, 9989, 10238, 10486, 10734, 10982, 11233, 11481, 11730, 11979, 12227]
30,30,[9661, 44422, 73217, 87645, 87648, 104577, 104804, 104813, 119657, 120453, 239296, 262630, 291831, 356092, 387123, 390451, 394168, 495209, 509931, 519186, 522409, 540889, 542820, 587022, 587043, 587059, 593955, 594360, 594401, 594528]
10,30,[9755, 44520, 73320, 87752, 87755, 104684, 104911, 104920, 119768, 120564, 239449, 262786, 291987, 356251, 387286, 390614, 394334, 495368, 510100, 519358, 522581, 541064, 542995, 587207, 587228, 587244, 594146, 594551, 594592, 594719]
14,3,[22453, 49950, 82805]
15,3,[18523, 111328, 163426]
16,7,[437, 1875, 23027, 36424, 36513, 36548, 37534]
17,2,[185605, 190563]
18,2,[140324, 140426]
19,4,[132, 14339, 14341, 14364]
21,3,[12771, 12785, 12833]
22,8,[48866, 84798, 147519, 147553, 147555, 147557, 147651, 147705]
23,7,[3383, 5640, 13240, 14218, 17110, 22388, 28897]
24,26,[3516, 4301, 4306, 8342, 14496, 15753, 16467, 16571, 17624, 17906, 23641, 23754, 23773, 23786, 23907, 24771, 26153, 26441, 28820, 29239, 30664, 33245, 34288, 41357, 41372, 44908]
25,3,[21975, 47966, 79075]
27,45,[7678, 8135, 10367, 12025, 17036, 17277, 18345, 18672, 18746, 18796, 20723, 21004, 21922, 21981, 22034, 23897, 24956, 25012, 25100, 29794, 29972, 35050, 35835, 46784, 53779, 61511, 61560, 63433, 63534, 63722, 64018, 64282, 64686, 68113, 68205, 68324, 69281, 73261, 73357, 73407, 81334, 102473, 108395, 109314, 109522]
29,50,[50, 298, 546, 794, 1042, 1290, 1538, 1786, 2035, 2284, 2532, 2780, 3028, 3276, 3524, 3772, 4020, 4268, 4516, 4764, 5012, 5260, 5508, 5756, 6004, 6252, 6500, 6748, 6997, 7247, 7497, 7747, 7997, 8247, 8496, 8744, 8992, 9240, 9489, 9739, 9989, 10238, 10486, 10734, 10982, 11233, 11481, 11730, 11979, 12227]
30,30,[9661, 44422, 73217, 87645, 87648, 104577, 104804, 104813, 119657, 120453, 239296, 262630, 291831, 356092, 387123, 390451, 394168, 495209, 509931, 519186, 522409, 540889, 542820, 587022, 587043, 587059, 593955, 594360, 594401, 594528]
