6,1,[827]
9,2,[246, 1282]
10,80,[12511, 17527, 43147, 43304, 43313, 43405, 45808, 91532, 97134, 97138, 101002, 107413, 116704, 117988, 119907, 161322, 167484, 175383, 175772, 181955, 182504, 194151, 195829, 196393, 196430, 207283, 212586, 253568, 253599, 260175, 268095, 279739, 279750, 280089, 282778, 282943, 283079, 283096, 283143, 286522, 293458, 296666, 303151, 307284, 320773, 324433, 348741, 350762, 351045, 351427, 354070, 358476, 360587, 361081, 417345, 434409, 438002, 462535, 462927, 463213, 464371, 465144, 468184, 468196, 469488, 516291, 522555, 569744, 571933, 574723, 576839, 577124, 578189, 581638, 593625, 601267, 601896, 604014, 612318, 624344]
11,9,[757, 3896, 8229, 9694, 9995, 14093, 19737, 19997, 20122]
12,4,[9922, 10388, 18392, 22596]
13,2,[3391, 3720]
15,87,[2430, 2584, 5147, 5252, 8849, 11939, 13891, 16506, 26934, 27786, 27920, 27973, 27978, 28269, 30471, 31960, 32194, 32406, 33120, 34669, 34830, 37551, 40438, 41108, 41401, 41871, 41942, 47823, 51538, 54967, 55875, 58189, 59302, 60446, 62511, 62842, 64519, 64989, 67661, 67956, 71145, 71190, 73773, 74707, 75087, 77806, 78904, 81434, 82901, 83672, 91068, 94954, 96356, 101837, 103634, 110876, 111183, 112308, 113475, 115259, 121545, 122143, 122855, 123266, 124161, 129897, 133503, 134581, 135374, 136246, 137892, 139958, 140642, 141086, 141450, 141874, 141995, 146488, 156413, 161419, 161559, 162094, 165051, 167181, 169545, 170685, 171134]
16,12,[2076, 3438, 3441, 5408, 15183, 21764, 27796, 30909, 30921, 33136, 33606, 35788]
17,20,[71738, 73249, 76535, 77191, 82196, 95209, 97760, 99940, 106928, 134662, 135211, 135304, 139526, 142817, 146078, 159358, 159444, 159953, 187752, 215593]
18,53,[1718, 9318, 18733, 25406, 26431, 36366, 36372, 36720, 37305, 38089, 38533, 38745, 38832, 39574, 41215, 41487, 42253, 45189, 45419, 47983, 55204, 55766, 58055, 60864, 89577, 89708, 98115, 99337, 100831, 101664, 109280, 114380, 114785, 116245, 118638, 130914, 131623, 135064, 135601, 137636, 138091, 139712, 141401, 141900, 142509, 143463, 143606, 144046, 145225, 146463, 147884, 148435, 148772]
20,12,[1618, 14144, 15347, 25710, 26254, 27330, 35505, 46359, 48134, 49512, 54600, 56231]
21,5,[4584, 7584, 26114, 30999, 31351]
22,85,[702, 703, 706, 709, 804, 1080, 1149, 1151, 1538, 1845, 8713, 11413, 17599, 20094, 20103, 42991, 42993, 43008, 43012, 43035, 43554, 43556, 43615, 43618, 44469, 46480, 46535, 46583, 46585, 46587, 46589, 54941, 54944, 55718, 59212, 59213, 59223, 59352, 60850, 60954, 61351, 63397, 63543, 64512, 64564, 67802, 72565, 72568, 76422, 80519, 81766, 82070, 83863, 83871, 87964, 90438, 90440, 91246, 92865, 92869, 92955, 93173, 93189, 93191, 93193, 93328, 93331, 93335, 93337, 93341, 93495, 93522, 95379, 95557, 100366, 105868, 105953, 105965, 105969, 106751, 134392, 134425, 134447, 139766, 140273]
23,21,[1151, 4280, 7140, 7437, 8015, 8237, 9734, 11815, 11914, 12242, 14658, 15816, 17997, 18057, 18782, 19558, 22583, 22939, 23072, 24937, 26702]
24,15,[775, 1350, 12896, 15387, 16919, 21739, 22437, 23849, 24576, 24955, 27928, 28383, 35049, 35448, 36201]
26,13,[92, 1992, 14730, 15985, 26510, 27052, 28154, 36403, 47364, 49146, 50559, 55761, 57388]
27,66,[1941, 5464, 6044, 10274, 14264, 15046, 18946, 18949, 19439, 21422, 21525, 24815, 24829, 25440, 25944, 27873, 30140, 34224, 34781, 36234, 36573, 38549, 40046, 40345, 40714, 42881, 43663, 43842, 43961, 46349, 50623, 50713, 55449, 56871, 56972, 57697, 63098, 63698, 64241, 65375, 68210, 69355, 70009, 71633, 73104, 74991, 77669, 78000, 78151, 79295, 79490, 80735, 84822, 85814, 88246, 88717, 90814, 94244, 96144, 96540, 99188, 99245, 101856, 106434, 106499, 107777]
30,80,[12417, 17433, 43049, 43206, 43215, 43307, 45710, 91425, 97027, 97031, 100895, 107302, 116593, 117877, 119796, 161208, 167361, 175260, 175649, 181832, 182372, 194019, 195697, 196261, 196298, 207141, 212444, 253415, 253446, 260019, 267939, 279584, 279595, 279934, 282623, 282788, 282924, 282941, 282988, 286366, 293301, 296509, 302993, 307126, 320614, 324274, 348582, 350603, 350886, 351268, 353911, 358316, 360427, 360921, 417179, 434239, 437832, 462364, 462756, 463042, 464200, 464973, 468013, 468025, 469317, 516119, 522383, 569564, 571753, 574543, 576659, 576944, 578009, 581458, 593434, 601070, 601699, 603812, 612095, 624090]
6,1,[827]
9,2,[246, 1282]
10,80,[12511, 17527, 43147, 43304, 43313, 43405, 45808, 91532, 97134, 97138, 101002, 107413, 116704, 117988, 119907, 161322, 167484, 175383, 175772, 181955, 182504, 194151, 195829, 196393, 196430, 207283, 212586, 253568, 253599, 260175, 268095, 279739, 279750, 280089, 282778, 282943, 283079, 283096, 283143, 286522, 293458, 296666, 303151, 307284, 320773, 324433, 348741, 350762, 351045, 351427, 354070, 358476, 360587, 361081, 417345, 434409, 438002, 462535, 462927, 463213, 464371, 465144, 468184, 468196, 469488, 516291, 522555, 569744, 571933, 574723, 576839, 577124, 578189, 581638, 593625, 601267, 601896, 604014, 612318, 624344]
11,9,[757, 3896, 8229, 9694, 9995, 14093, 19737, 19997, 20122]
12,4,[9922, 10388, 18392, 22596]
13,2,[3391, 3720]
15,87,[2430, 2584, 5147, 5252, 8849, 11939, 13891, 16506, 26934, 27786, 27920, 27973, 27978, 28269, 30471, 31960, 32194, 32406, 33120, 34669, 34830, 37551, 40438, 41108, 41401, 41871, 41942, 47823, 51538, 54967, 55875, 58189, 59302, 60446, 62511, 62842, 64519, 64989, 67661, 67956, 71145, 71190, 73773, 74707, 75087, 77806, 78904, 81434, 82901, 83672, 91068, 94954, 96356, 101837, 103634, 110876, 111183, 112308, 113475, 115259, 121545, 122143, 122855, 123266, 124161, 129897, 133503, 134581, 135374, 136246, 137892, 139958, 140642, 141086, 141450, 141874, 141995, 146488, 156413, 161419, 161559, 162094, 165051, 167181, 169545, 170685, 171134]
16,12,[2076, 3438, 3441, 5408, 15183, 21764, 27796, 30909, 30921, 33136, 33606, 35788]
17,20,[71738, 73249, 76535, 77191, 82196, 95209, 97760, 99940, 106928, 134662, 135211, 135304, 139526, 142817, 146078, 159358, 159444, 159953, 187752, 215593]
18,53,[1718, 9318, 18733, 25406, 26431, 36366, 36372, 36720, 37305, 38089, 38533, 38745, 38832, 39574, 41215, 41487, 42253, 45189, 45419, 47983, 55204, 55766, 58055, 60864, 89577, 89708, 98115, 99337, 100831, 101664, 109280, 114380, 114785, 116245, 118638, 130914, 131623, 135064, 135601, 137636, 138091, 139712, 141401, 141900, 142509, 143463, 143606, 144046, 145225, 146463, 147884, 148435, 148772]
20,12,[1618, 14144, 15347, 25710, 26254, 27330, 35505, 46359, 48134, 49512, 54600, 56231]
21,5,[4584, 7584, 26114, 30999, 31351]
22,85,[702, 703, 706, 709, 804, 1080, 1149, 1151, 1538, 1845, 8713, 11413, 17599, 20094, 20103, 42991, 42993, 43008, 43012, 43035, 43554, 43556, 43615, 43618, 44469, 46480, 46535, 46583, 46585, 46587, 46589, 54941, 54944, 55718, 59212, 59213, 59223, 59352, 60850, 60954, 61351, 63397, 63543, 64512, 64564, 67802, 72565, 72568, 76422, 80519, 81766, 82070, 83863, 83871, 87964, 90438, 90440, 91246, 92865, 92869, 92955, 93173, 93189, 93191, 93193, 93328, 93331, 93335, 93337, 93341, 93495, 93522, 95379, 95557, 100366, 105868, 105953, 105965, 105969, 106751, 134392, 134425, 134447, 139766, 140273]
23,21,[1151, 4280, 7140, 7437, 8015, 8237, 9734, 11815, 11914, 12242, 14658, 15816, 17997, 18057, 18782, 19558, 22583, 22939, 23072, 24937, 26702]
24,15,[775, 1350, 12896, 15387, 16919, 21739, 22437, 23849, 24576, 24955, 27928, 28383, 35049, 35448, 36201]
26,13,[92, 1992, 14730, 15985, 26510, 27052, 28154, 36403, 47364, 49146, 50559, 55761, 57388]
27,66,[1941, 5464, 6044, 10274, 14264, 15046, 18946, 18949, 19439, 21422, 21525, 24815, 24829, 25440, 25944, 27873, 30140, 34224, 34781, 36234, 36573, 38549, 40046, 40345, 40714, 42881, 43663, 43842, 43961, 46349, 50623, 50713, 55449, 56871, 56972, 57697, 63098, 63698, 64241, 65375, 68210, 69355, 70009, 71633, 73104, 74991, 77669, 78000, 78151, 79295, 79490, 80735, 84822, 85814, 88246, 88717, 90814, 94244, 96144, 96540, 99188, 99245, 101856, 106434, 106499, 107777]
30,80,[12417, 17433, 43049, 43206, 43215, 43307, 45710, 91425, 97027, 97031, 100895, 107302, 116593, 117877, 119796, 161208, 167361, 175260, 175649, 181832, 182372, 194019, 195697, 196261, 196298, 207141, 212444, 253415, 253446, 260019, 267939, 279584, 279595, 279934, 282623, 282788, 282924, 282941, 282988, 286366, 293301, 296509, 302993, 307126, 320614, 324274, 348582, 350603, 350886, 351268, 353911, 358316, 360427, 360921, 417179, 434239, 437832, 462364, 462756, 463042, 464200, 464973, 468013, 468025, 469317, 516119, 522383, 569564, 571753, 574543, 576659, 576944, 578009, 581458, 593434, 601070, 601699, 603812, 612095, 624090]
