14,1,[2053]
15,1,[35967]
18,10,[2697, 3150, 12024, 16500, 41678, 58329, 122251, 138446, 143004, 148516]
20,6,[4035, 28090, 47220, 53406, 55075, 59749]
22,8,[17235, 19320, 58754, 90917, 94792, 96423, 99759, 100025]
25,2,[2358, 62349]
26,6,[4534, 28924, 48222, 54531, 56235, 61034]
14,1,[2053]
15,1,[35967]
18,10,[2697, 3150, 12024, 16500, 41678, 58329, 122251, 138446, 143004, 148516]
20,6,[4035, 28090, 47220, 53406, 55075, 59749]
22,8,[17235, 19320, 58754, 90917, 94792, 96423, 99759, 100025]
25,2,[2358, 62349]
26,6,[4534, 28924, 48222, 54531, 56235, 61034]
