11,2,[8848, 14438]
12,1,[13794]
15,3,[40417, 52077, 70873]
22,1,[62906]
24,29,[877, 4919, 6199, 6233, 6594, 6665, 6891, 9253, 9689, 9746, 10392, 10939, 10950, 12274, 13475, 20054, 21110, 22388, 23868, 23923, 23951, 25152, 25344, 25654, 25659, 28388, 34636, 40731, 44136]
11,2,[8848, 14438]
12,1,[13794]
15,3,[40417, 52077, 70873]
22,1,[62906]
24,29,[877, 4919, 6199, 6233, 6594, 6665, 6891, 9253, 9689, 9746, 10392, 10939, 10950, 12274, 13475, 20054, 21110, 22388, 23868, 23923, 23951, 25152, 25344, 25654, 25659, 28388, 34636, 40731, 44136]
