10,114,[1331, 12001, 16174, 16191, 23409, 33048, 36051, 36364, 36917, 37292, 37449, 43229, 46682, 48251, 73562, 86161, 86745, 95924, 96207, 106666, 108518, 109847, 110610, 110948, 112853, 112874, 113659, 113709, 113840, 113929, 115040, 115115, 115356, 115988, 116039, 116477, 116953, 118593, 119347, 119458, 120404, 120513, 120540, 122118, 122196, 124107, 125311, 125503, 125543, 125640, 125649, 125656, 125670, 128646, 128667, 128692, 150978, 152129, 157349, 175172, 177655, 180697, 180898, 184232, 192314, 197607, 199629, 200695, 201444, 206428, 222642, 225033, 251272, 251343, 256035, 265212, 281056, 283588, 286343, 310156, 317305, 321025, 332789, 334928, 341574, 345676, 346507, 351855, 372665, 382573, 383361, 384463, 385184, 385272, 394958, 396668, 410746, 438860, 438866, 439048, 486842, 525828, 539957, 541967, 570044, 581375, 581427, 594357, 607907, 614470, 630613, 632937, 632944, 632962]
15,1,[24779]
17,9,[18938, 19020, 57707, 57712, 65656, 76494, 100626, 125192, 217845]
21,1,[20904]
26,13,[23939, 34847, 34906, 35543, 38527, 42742, 42837, 51076, 59231, 59242, 59880, 60661, 61013]
30,114,[1238, 11907, 16080, 16097, 23315, 32950, 35953, 36266, 36819, 37194, 37351, 43131, 46584, 48153, 73459, 86054, 86638, 95817, 96100, 106555, 108407, 109736, 110499, 110837, 112742, 112763, 113548, 113598, 113729, 113818, 114929, 115004, 115245, 115877, 115928, 116366, 116842, 118482, 119236, 119347, 120293, 120402, 120429, 122007, 122085, 123996, 125200, 125392, 125432, 125529, 125538, 125545, 125559, 128534, 128555, 128580, 150865, 152016, 157236, 175049, 177532, 180574, 180775, 184100, 192182, 197475, 199487, 200553, 201302, 206286, 222492, 224883, 251119, 251190, 255879, 265056, 280901, 283432, 286187, 309998, 317146, 320866, 332630, 334769, 341415, 345517, 346348, 351696, 372502, 382410, 383198, 384300, 385021, 385109, 394792, 396502, 410580, 438690, 438696, 438878, 486679, 525656, 539782, 541792, 569864, 581195, 581247, 594166, 607700, 614236, 630344, 632662, 632669, 632687]
10,114,[1331, 12001, 16174, 16191, 23409, 33048, 36051, 36364, 36917, 37292, 37449, 43229, 46682, 48251, 73562, 86161, 86745, 95924, 96207, 106666, 108518, 109847, 110610, 110948, 112853, 112874, 113659, 113709, 113840, 113929, 115040, 115115, 115356, 115988, 116039, 116477, 116953, 118593, 119347, 119458, 120404, 120513, 120540, 122118, 122196, 124107, 125311, 125503, 125543, 125640, 125649, 125656, 125670, 128646, 128667, 128692, 150978, 152129, 157349, 175172, 177655, 180697, 180898, 184232, 192314, 197607, 199629, 200695, 201444, 206428, 222642, 225033, 251272, 251343, 256035, 265212, 281056, 283588, 286343, 310156, 317305, 321025, 332789, 334928, 341574, 345676, 346507, 351855, 372665, 382573, 383361, 384463, 385184, 385272, 394958, 396668, 410746, 438860, 438866, 439048, 486842, 525828, 539957, 541967, 570044, 581375, 581427, 594357, 607907, 614470, 630613, 632937, 632944, 632962]
15,1,[24779]
17,9,[18938, 19020, 57707, 57712, 65656, 76494, 100626, 125192, 217845]
21,1,[20904]
26,13,[23939, 34847, 34906, 35543, 38527, 42742, 42837, 51076, 59231, 59242, 59880, 60661, 61013]
30,114,[1238, 11907, 16080, 16097, 23315, 32950, 35953, 36266, 36819, 37194, 37351, 43131, 46584, 48153, 73459, 86054, 86638, 95817, 96100, 106555, 108407, 109736, 110499, 110837, 112742, 112763, 113548, 113598, 113729, 113818, 114929, 115004, 115245, 115877, 115928, 116366, 116842, 118482, 119236, 119347, 120293, 120402, 120429, 122007, 122085, 123996, 125200, 125392, 125432, 125529, 125538, 125545, 125559, 128534, 128555, 128580, 150865, 152016, 157236, 175049, 177532, 180574, 180775, 184100, 192182, 197475, 199487, 200553, 201302, 206286, 222492, 224883, 251119, 251190, 255879, 265056, 280901, 283432, 286187, 309998, 317146, 320866, 332630, 334769, 341415, 345517, 346348, 351696, 372502, 382410, 383198, 384300, 385021, 385109, 394792, 396502, 410580, 438690, 438696, 438878, 486679, 525656, 539782, 541792, 569864, 581195, 581247, 594166, 607700, 614236, 630344, 632662, 632669, 632687]
