6,2,[407, 411]
10,3,[31729, 541800, 543779]
11,5,[9358, 13149, 19033, 19695, 20001]
12,12,[440, 11483, 12815, 12821, 13278, 13398, 14858, 17387, 17873, 19937, 20580, 22981]
14,1,[152148]
15,14,[5536, 6353, 23247, 40673, 51485, 58692, 76808, 99030, 99807, 100745, 112428, 151649, 151727, 151735]
16,12,[1906, 4202, 5208, 5909, 6766, 14301, 18410, 21525, 24198, 28147, 33438, 36084]
17,3,[93488, 108233, 176197]
18,11,[49789, 54866, 61671, 65056, 68180, 68440, 70372, 71503, 72960, 129420, 134932]
20,8,[14759, 25945, 33712, 46481, 52974, 55984, 56087, 63043]
21,1,[23073]
22,5,[66491, 78894, 89745, 104320, 148047]
23,6,[12390, 12436, 13594, 18606, 19209, 19245]
24,19,[4737, 5892, 7354, 7394, 7877, 8207, 9077, 11070, 18546, 25339, 25612, 26024, 30838, 32702, 34037, 35820, 39018, 42999, 44195]
25,1,[145822]
26,8,[15373, 26743, 34586, 47486, 54082, 57144, 57244, 64396]
27,14,[620, 6388, 8226, 37353, 46154, 51169, 51177, 64084, 65280, 66445, 69343, 73646, 107697, 107783]
30,3,[31635, 541625, 543604]
6,2,[407, 411]
10,3,[31729, 541800, 543779]
11,5,[9358, 13149, 19033, 19695, 20001]
12,12,[440, 11483, 12815, 12821, 13278, 13398, 14858, 17387, 17873, 19937, 20580, 22981]
14,1,[152148]
15,14,[5536, 6353, 23247, 40673, 51485, 58692, 76808, 99030, 99807, 100745, 112428, 151649, 151727, 151735]
16,12,[1906, 4202, 5208, 5909, 6766, 14301, 18410, 21525, 24198, 28147, 33438, 36084]
17,3,[93488, 108233, 176197]
18,11,[49789, 54866, 61671, 65056, 68180, 68440, 70372, 71503, 72960, 129420, 134932]
20,8,[14759, 25945, 33712, 46481, 52974, 55984, 56087, 63043]
21,1,[23073]
22,5,[66491, 78894, 89745, 104320, 148047]
23,6,[12390, 12436, 13594, 18606, 19209, 19245]
24,19,[4737, 5892, 7354, 7394, 7877, 8207, 9077, 11070, 18546, 25339, 25612, 26024, 30838, 32702, 34037, 35820, 39018, 42999, 44195]
25,1,[145822]
26,8,[15373, 26743, 34586, 47486, 54082, 57144, 57244, 64396]
27,14,[620, 6388, 8226, 37353, 46154, 51169, 51177, 64084, 65280, 66445, 69343, 73646, 107697, 107783]
30,3,[31635, 541625, 543604]
