12,2,[73, 78]
14,2,[29535, 155578]
15,17,[203, 266, 313, 352, 385, 446, 496, 511, 73924, 74291, 107610, 123316, 132080, 133294, 149525, 159325, 162408]
20,5,[10750, 17163, 19626, 21178, 43919]
22,3,[73959, 73964, 78896]
23,1,[29513]
25,3,[28572, 148992, 193025]
26,5,[11312, 17816, 20335, 21920, 44880]
27,2,[286, 68568]
12,2,[73, 78]
14,2,[29535, 155578]
15,17,[203, 266, 313, 352, 385, 446, 496, 511, 73924, 74291, 107610, 123316, 132080, 133294, 149525, 159325, 162408]
20,5,[10750, 17163, 19626, 21178, 43919]
22,3,[73959, 73964, 78896]
23,1,[29513]
25,3,[28572, 148992, 193025]
26,5,[11312, 17816, 20335, 21920, 44880]
27,2,[286, 68568]
