10,13,[42090, 130711, 132067, 146957, 169823, 315262, 321138, 333328, 336568, 377458, 443157, 443162, 443168]
12,1,[11726]
15,5,[5373, 51461, 72830, 127728, 148367]
16,2,[20694, 24175]
19,1,[7525]
20,1,[59935]
21,1,[10316]
22,2,[46157, 71853]
23,2,[249, 24845]
26,1,[61225]
30,13,[41992, 130599, 131955, 146844, 169700, 315103, 320979, 333169, 336409, 377295, 442987, 442992, 442998]
10,13,[42090, 130711, 132067, 146957, 169823, 315262, 321138, 333328, 336568, 377458, 443157, 443162, 443168]
12,1,[11726]
15,5,[5373, 51461, 72830, 127728, 148367]
16,2,[20694, 24175]
19,1,[7525]
20,1,[59935]
21,1,[10316]
22,2,[46157, 71853]
23,2,[249, 24845]
26,1,[61225]
30,13,[41992, 130599, 131955, 146844, 169700, 315103, 320979, 333169, 336409, 377295, 442987, 442992, 442998]
