10,6,[119995, 596717, 596788, 596902, 596910, 624336]
14,217,[3339, 4298, 5225, 6832, 7463, 8142, 8777, 9040, 9558, 10875, 13056, 14090, 14138, 14923, 15658, 16762, 17570, 18594, 19456, 19489, 20185, 20260, 20280, 21018, 21719, 22541, 23479, 24576, 25741, 26313, 26317, 27266, 28282, 29085, 29963, 30810, 31668, 32519, 33501, 34267, 34983, 35837, 36817, 37961, 40048, 40878, 41777, 42590, 42594, 43469, 44123, 44340, 45560, 46593, 47585, 48449, 49146, 50027, 51040, 52134, 53451, 54304, 55292, 56856, 57529, 58486, 59673, 60740, 62218, 63024, 64499, 65524, 66486, 68219, 69802, 70638, 72125, 73431, 74282, 75192, 76106, 77117, 78056, 78060, 78539, 79339, 80289, 81349, 82852, 83982, 85087, 86249, 87530, 88686, 89712, 90549, 91697, 93819, 94829, 95807, 95813, 96550, 97471, 98341, 99099, 100401, 101393, 102210, 103941, 104640, 105414, 106200, 107055, 107061, 107786, 107789, 108216, 109138, 109144, 109944, 110664, 112006, 112768, 113448, 114392, 115861, 116901, 117648, 118390, 119680, 120499, 121337, 122002, 122005, 122913, 123819, 124858, 125666, 126380, 127418, 128394, 129270, 130096, 130099, 131999, 132018, 132905, 135046, 136344, 137268, 138264, 139363, 140592, 142261, 143365, 144988, 145729, 146551, 147426, 148759, 149352, 150603, 151324, 151980, 152817, 153777, 154427, 154604, 155328, 156070, 156884, 157648, 158718, 160446, 161924, 162105, 163200, 164024, 164040, 164104, 165017, 166115, 166241, 167090, 168140, 169190, 170230, 171254, 172273, 173462, 174173, 175113, 176094, 176100, 177448, 177452, 178073, 178827, 178870, 178970, 180121, 181544, 182581, 183375, 183999, 184659, 185688, 188598, 189246, 190457, 191308, 192246, 193396, 194206, 194948, 195826, 195853]
15,9,[29309, 29380, 29416, 29445, 40854, 112065, 115104, 121343, 140302]
18,33,[13111, 15938, 24034, 24594, 24627, 25804, 28148, 35500, 42698, 45208, 60570, 69163, 71320, 73058, 73952, 80571, 80967, 86431, 89714, 89794, 90248, 93671, 95725, 95835, 101790, 103577, 109895, 127067, 127156, 129014, 129186, 129879, 143256]
20,1,[9035]
21,1,[3905]
22,7,[7634, 8234, 104450, 104452, 104454, 114999, 115040]
23,2,[103, 15965]
24,1,[13025]
25,30,[9023, 9298, 19027, 38475, 42316, 56354, 59312, 59316, 74999, 136305, 155375, 157213, 157229, 159208, 171478, 171518, 180855, 182719, 182732, 182809, 182817, 182826, 189982, 192542, 192575, 193015, 195188, 197289, 197526, 199176]
26,1,[9588]
27,5,[17543, 48182, 76949, 77444, 78413]
30,6,[119884, 596526, 596597, 596711, 596719, 624082]
10,6,[119995, 596717, 596788, 596902, 596910, 624336]
14,217,[3339, 4298, 5225, 6832, 7463, 8142, 8777, 9040, 9558, 10875, 13056, 14090, 14138, 14923, 15658, 16762, 17570, 18594, 19456, 19489, 20185, 20260, 20280, 21018, 21719, 22541, 23479, 24576, 25741, 26313, 26317, 27266, 28282, 29085, 29963, 30810, 31668, 32519, 33501, 34267, 34983, 35837, 36817, 37961, 40048, 40878, 41777, 42590, 42594, 43469, 44123, 44340, 45560, 46593, 47585, 48449, 49146, 50027, 51040, 52134, 53451, 54304, 55292, 56856, 57529, 58486, 59673, 60740, 62218, 63024, 64499, 65524, 66486, 68219, 69802, 70638, 72125, 73431, 74282, 75192, 76106, 77117, 78056, 78060, 78539, 79339, 80289, 81349, 82852, 83982, 85087, 86249, 87530, 88686, 89712, 90549, 91697, 93819, 94829, 95807, 95813, 96550, 97471, 98341, 99099, 100401, 101393, 102210, 103941, 104640, 105414, 106200, 107055, 107061, 107786, 107789, 108216, 109138, 109144, 109944, 110664, 112006, 112768, 113448, 114392, 115861, 116901, 117648, 118390, 119680, 120499, 121337, 122002, 122005, 122913, 123819, 124858, 125666, 126380, 127418, 128394, 129270, 130096, 130099, 131999, 132018, 132905, 135046, 136344, 137268, 138264, 139363, 140592, 142261, 143365, 144988, 145729, 146551, 147426, 148759, 149352, 150603, 151324, 151980, 152817, 153777, 154427, 154604, 155328, 156070, 156884, 157648, 158718, 160446, 161924, 162105, 163200, 164024, 164040, 164104, 165017, 166115, 166241, 167090, 168140, 169190, 170230, 171254, 172273, 173462, 174173, 175113, 176094, 176100, 177448, 177452, 178073, 178827, 178870, 178970, 180121, 181544, 182581, 183375, 183999, 184659, 185688, 188598, 189246, 190457, 191308, 192246, 193396, 194206, 194948, 195826, 195853]
15,9,[29309, 29380, 29416, 29445, 40854, 112065, 115104, 121343, 140302]
18,33,[13111, 15938, 24034, 24594, 24627, 25804, 28148, 35500, 42698, 45208, 60570, 69163, 71320, 73058, 73952, 80571, 80967, 86431, 89714, 89794, 90248, 93671, 95725, 95835, 101790, 103577, 109895, 127067, 127156, 129014, 129186, 129879, 143256]
20,1,[9035]
21,1,[3905]
22,7,[7634, 8234, 104450, 104452, 104454, 114999, 115040]
23,2,[103, 15965]
24,1,[13025]
25,30,[9023, 9298, 19027, 38475, 42316, 56354, 59312, 59316, 74999, 136305, 155375, 157213, 157229, 159208, 171478, 171518, 180855, 182719, 182732, 182809, 182817, 182826, 189982, 192542, 192575, 193015, 195188, 197289, 197526, 199176]
26,1,[9588]
27,5,[17543, 48182, 76949, 77444, 78413]
30,6,[119884, 596526, 596597, 596711, 596719, 624082]
