10,40,[9836, 53697, 108252, 118832, 127366, 197558, 197563, 217168, 272377, 288733, 289201, 314166, 314171, 316131, 318963, 319968, 320046, 323026, 323194, 323197, 323602, 325013, 330631, 334360, 338262, 338431, 339398, 339593, 340209, 348775, 388287, 394284, 476577, 482334, 497946, 533358, 533362, 543384, 618558, 620501]
15,1,[28089]
17,47,[1216, 6437, 10168, 10261, 18000, 20856, 24256, 26420, 27876, 29655, 30176, 36062, 41601, 46371, 50600, 52867, 75342, 90011, 90047, 93634, 107220, 109079, 109733, 111674, 115872, 116744, 116759, 116778, 116824, 116848, 116913, 124144, 124148, 124155, 124744, 134204, 152433, 157755, 165765, 171586, 177297, 192924, 201585, 205986, 210404, 210416, 217189]
20,1,[65653]
22,3,[148030, 149054, 158641]
23,2,[5915, 29829]
24,1,[39612]
26,1,[67067]
27,2,[16251, 105217]
30,40,[9742, 53598, 108141, 118721, 127255, 197426, 197431, 217027, 272221, 288577, 289045, 314007, 314012, 315972, 318804, 319809, 319887, 322867, 323035, 323038, 323443, 324854, 330472, 334201, 338103, 338272, 339239, 339434, 340050, 348616, 388124, 394118, 476408, 482168, 497777, 533183, 533187, 543209, 618306, 620249]
10,40,[9836, 53697, 108252, 118832, 127366, 197558, 197563, 217168, 272377, 288733, 289201, 314166, 314171, 316131, 318963, 319968, 320046, 323026, 323194, 323197, 323602, 325013, 330631, 334360, 338262, 338431, 339398, 339593, 340209, 348775, 388287, 394284, 476577, 482334, 497946, 533358, 533362, 543384, 618558, 620501]
15,1,[28089]
17,47,[1216, 6437, 10168, 10261, 18000, 20856, 24256, 26420, 27876, 29655, 30176, 36062, 41601, 46371, 50600, 52867, 75342, 90011, 90047, 93634, 107220, 109079, 109733, 111674, 115872, 116744, 116759, 116778, 116824, 116848, 116913, 124144, 124148, 124155, 124744, 134204, 152433, 157755, 165765, 171586, 177297, 192924, 201585, 205986, 210404, 210416, 217189]
20,1,[65653]
22,3,[148030, 149054, 158641]
23,2,[5915, 29829]
24,1,[39612]
26,1,[67067]
27,2,[16251, 105217]
30,40,[9742, 53598, 108141, 118721, 127255, 197426, 197431, 217027, 272221, 288577, 289045, 314007, 314012, 315972, 318804, 319809, 319887, 322867, 323035, 323038, 323443, 324854, 330472, 334201, 338103, 338272, 339239, 339434, 340050, 348616, 388124, 394118, 476408, 482168, 497777, 533183, 533187, 543209, 618306, 620249]
