9,2,[506, 783]
11,2,[7585, 15119]
13,3,[1237, 2607, 3775]
15,19,[19027, 27493, 36158, 39645, 62957, 66291, 67580, 69807, 74768, 101392, 103975, 107547, 112427, 114498, 122052, 138767, 142765, 150055, 156589]
16,13,[5965, 6068, 8364, 8584, 10583, 17965, 24139, 26382, 26526, 27391, 30364, 33176, 35830]
17,1,[117144]
18,38,[1234, 4764, 21774, 25601, 26929, 32268, 33763, 34215, 41697, 45101, 51225, 51284, 65049, 72803, 73361, 77610, 85603, 87946, 90127, 91142, 96307, 101710, 109198, 110214, 111033, 114826, 116548, 118940, 121027, 123317, 127031, 129413, 130892, 134092, 137321, 144864, 145429, 148721]
22,1,[5139]
23,1,[3270]
24,2,[37738, 41371]
26,2,[28358, 39272]
27,24,[4592, 5200, 7573, 19708, 21369, 24433, 24733, 27575, 36360, 50128, 55994, 58065, 62955, 71044, 75158, 78328, 84324, 87616, 90471, 90557, 98406, 104229, 104345, 108150]
9,2,[506, 783]
11,2,[7585, 15119]
13,3,[1237, 2607, 3775]
15,19,[19027, 27493, 36158, 39645, 62957, 66291, 67580, 69807, 74768, 101392, 103975, 107547, 112427, 114498, 122052, 138767, 142765, 150055, 156589]
16,13,[5965, 6068, 8364, 8584, 10583, 17965, 24139, 26382, 26526, 27391, 30364, 33176, 35830]
17,1,[117144]
18,38,[1234, 4764, 21774, 25601, 26929, 32268, 33763, 34215, 41697, 45101, 51225, 51284, 65049, 72803, 73361, 77610, 85603, 87946, 90127, 91142, 96307, 101710, 109198, 110214, 111033, 114826, 116548, 118940, 121027, 123317, 127031, 129413, 130892, 134092, 137321, 144864, 145429, 148721]
22,1,[5139]
23,1,[3270]
24,2,[37738, 41371]
26,2,[28358, 39272]
27,24,[4592, 5200, 7573, 19708, 21369, 24433, 24733, 27575, 36360, 50128, 55994, 58065, 62955, 71044, 75158, 78328, 84324, 87616, 90471, 90557, 98406, 104229, 104345, 108150]
