9,2,[921, 1401]
15,42,[676, 3196, 12224, 14443, 15394, 19429, 20653, 21586, 28616, 45289, 47147, 48325, 48980, 55095, 57410, 59005, 59890, 64917, 65462, 67601, 67627, 68678, 73225, 82645, 94665, 94668, 97945, 106541, 107002, 114272, 115409, 115657, 117685, 136964, 139187, 142876, 143127, 144889, 146507, 153418, 155258, 159228]
18,42,[1553, 13471, 16466, 22552, 23026, 25432, 26006, 26138, 35888, 40964, 41356, 42217, 43537, 45628, 49784, 50021, 51167, 52133, 52451, 52729, 70559, 73200, 83084, 84316, 90259, 93989, 96123, 114320, 116926, 119318, 121556, 123716, 124742, 125239, 129279, 129849, 131654, 133912, 137444, 139655, 146676, 148844]
21,4,[2720, 15255, 16314, 20481]
22,24,[5004, 5079, 8509, 28255, 28975, 45236, 64232, 72707, 77815, 77817, 88867, 89032, 89559, 93195, 93197, 93265, 93373, 93748, 96685, 103515, 106597, 117432, 126538, 126615]
23,6,[6324, 6443, 10090, 11402, 20518, 20786]
24,2,[8676, 41318]
26,2,[18889, 45756]
27,31,[506, 945, 12490, 14315, 15137, 23675, 27413, 31613, 38142, 39091, 40739, 41159, 46533, 47296, 47383, 49695, 53860, 62630, 72284, 73648, 73650, 85377, 86025, 90006, 96422, 100850, 101743, 101971, 102965, 104334, 107443]
9,2,[921, 1401]
15,42,[676, 3196, 12224, 14443, 15394, 19429, 20653, 21586, 28616, 45289, 47147, 48325, 48980, 55095, 57410, 59005, 59890, 64917, 65462, 67601, 67627, 68678, 73225, 82645, 94665, 94668, 97945, 106541, 107002, 114272, 115409, 115657, 117685, 136964, 139187, 142876, 143127, 144889, 146507, 153418, 155258, 159228]
18,42,[1553, 13471, 16466, 22552, 23026, 25432, 26006, 26138, 35888, 40964, 41356, 42217, 43537, 45628, 49784, 50021, 51167, 52133, 52451, 52729, 70559, 73200, 83084, 84316, 90259, 93989, 96123, 114320, 116926, 119318, 121556, 123716, 124742, 125239, 129279, 129849, 131654, 133912, 137444, 139655, 146676, 148844]
21,4,[2720, 15255, 16314, 20481]
22,24,[5004, 5079, 8509, 28255, 28975, 45236, 64232, 72707, 77815, 77817, 88867, 89032, 89559, 93195, 93197, 93265, 93373, 93748, 96685, 103515, 106597, 117432, 126538, 126615]
23,6,[6324, 6443, 10090, 11402, 20518, 20786]
24,2,[8676, 41318]
26,2,[18889, 45756]
27,31,[506, 945, 12490, 14315, 15137, 23675, 27413, 31613, 38142, 39091, 40739, 41159, 46533, 47296, 47383, 49695, 53860, 62630, 72284, 73648, 73650, 85377, 86025, 90006, 96422, 100850, 101743, 101971, 102965, 104334, 107443]
