10,34,[31640, 164261, 177517, 188534, 188613, 188629, 188685, 191756, 215747, 218544, 222747, 224009, 224029, 224056, 225965, 226660, 264683, 297252, 307590, 349549, 351067, 354222, 381885, 425680, 444343, 488993, 495275, 495564, 495583, 502100, 515550, 534203, 603034, 609078]
12,15,[34, 10193, 14133, 14729, 14757, 14833, 14889, 14931, 14969, 15000, 15080, 15088, 15108, 15144, 15428]
14,1,[152916]
17,2,[186387, 186406]
20,2,[42237, 61844]
21,3,[16634, 20899, 20945]
22,8,[46222, 61490, 74187, 76042, 76043, 83980, 116886, 118559]
25,1,[146532]
26,2,[43172, 63147]
27,3,[37864, 64947, 103793]
30,34,[31546, 164138, 177394, 188402, 188481, 188497, 188553, 191624, 215605, 218404, 222597, 223859, 223879, 223906, 225815, 226510, 264527, 297094, 307432, 349390, 350908, 354063, 381722, 425514, 444173, 488832, 495116, 495405, 495424, 501931, 515378, 534028, 602837, 608866]
10,34,[31640, 164261, 177517, 188534, 188613, 188629, 188685, 191756, 215747, 218544, 222747, 224009, 224029, 224056, 225965, 226660, 264683, 297252, 307590, 349549, 351067, 354222, 381885, 425680, 444343, 488993, 495275, 495564, 495583, 502100, 515550, 534203, 603034, 609078]
12,15,[34, 10193, 14133, 14729, 14757, 14833, 14889, 14931, 14969, 15000, 15080, 15088, 15108, 15144, 15428]
14,1,[152916]
17,2,[186387, 186406]
20,2,[42237, 61844]
21,3,[16634, 20899, 20945]
22,8,[46222, 61490, 74187, 76042, 76043, 83980, 116886, 118559]
25,1,[146532]
26,2,[43172, 63147]
27,3,[37864, 64947, 103793]
30,34,[31546, 164138, 177394, 188402, 188481, 188497, 188553, 191624, 215605, 218404, 222597, 223859, 223879, 223906, 225815, 226510, 264527, 297094, 307432, 349390, 350908, 354063, 381722, 425514, 444173, 488832, 495116, 495405, 495424, 501931, 515378, 534028, 602837, 608866]
