10,1,[245450]
15,6,[21880, 85350, 95455, 106449, 116153, 170285]
19,5,[7723, 10293, 10817, 11310, 11527]
20,8,[645, 6797, 29062, 29627, 30807, 31231, 32812, 58875]
22,1,[4855]
23,1,[1126]
24,1,[41040]
26,8,[1011, 7319, 29902, 30469, 31670, 32100, 33688, 60076]
30,1,[245297]
10,1,[245450]
15,6,[21880, 85350, 95455, 106449, 116153, 170285]
19,5,[7723, 10293, 10817, 11310, 11527]
20,8,[645, 6797, 29062, 29627, 30807, 31231, 32812, 58875]
22,1,[4855]
23,1,[1126]
24,1,[41040]
26,8,[1011, 7319, 29902, 30469, 31670, 32100, 33688, 60076]
30,1,[245297]
