10,1,[498617]
11,2,[19772, 19780]
12,2,[5285, 8333]
14,3,[677, 197961, 197968]
15,6,[28125, 90072, 117949, 127058, 164475, 168060]
16,1,[18277]
17,1,[177975]
19,3,[4620, 4783, 11875]
22,4,[27928, 122348, 122357, 149998]
24,3,[11320, 12447, 36850]
25,3,[850, 200298, 200305]
27,12,[12184, 69529, 71429, 71440, 71452, 71645, 71663, 71716, 76137, 87195, 103695, 108039]
30,1,[498448]
10,1,[498617]
11,2,[19772, 19780]
12,2,[5285, 8333]
14,3,[677, 197961, 197968]
15,6,[28125, 90072, 117949, 127058, 164475, 168060]
16,1,[18277]
17,1,[177975]
19,3,[4620, 4783, 11875]
22,4,[27928, 122348, 122357, 149998]
24,3,[11320, 12447, 36850]
25,3,[850, 200298, 200305]
27,12,[12184, 69529, 71429, 71440, 71452, 71645, 71663, 71716, 76137, 87195, 103695, 108039]
30,1,[498448]
