14,14,[3867, 42221, 44859, 66970, 75625, 84557, 99528, 100565, 127990, 151627, 154962, 170722, 191666, 195364]
15,1,[154429]
18,63,[331, 5329, 5370, 5374, 5381, 5389, 5803, 11769, 38417, 38432, 39874, 39956, 42118, 43428, 43580, 43610, 43761, 43832, 44532, 44550, 44589, 44656, 44684, 44711, 44751, 44784, 44815, 44872, 45085, 45144, 45176, 45217, 45231, 45302, 45436, 45472, 45616, 45709, 45735, 45770, 45839, 45885, 45949, 45956, 46104, 66348, 67958, 76731, 76811, 79075, 79110, 79170, 79261, 79270, 89188, 93136, 93513, 113861, 113979, 114009, 114124, 115507, 125106]
22,1,[111483]
25,14,[4250, 20300, 21578, 32745, 40584, 43055, 72027, 80839, 95408, 115853, 145302, 148390, 163753, 187155]
14,14,[3867, 42221, 44859, 66970, 75625, 84557, 99528, 100565, 127990, 151627, 154962, 170722, 191666, 195364]
15,1,[154429]
18,63,[331, 5329, 5370, 5374, 5381, 5389, 5803, 11769, 38417, 38432, 39874, 39956, 42118, 43428, 43580, 43610, 43761, 43832, 44532, 44550, 44589, 44656, 44684, 44711, 44751, 44784, 44815, 44872, 45085, 45144, 45176, 45217, 45231, 45302, 45436, 45472, 45616, 45709, 45735, 45770, 45839, 45885, 45949, 45956, 46104, 66348, 67958, 76731, 76811, 79075, 79110, 79170, 79261, 79270, 89188, 93136, 93513, 113861, 113979, 114009, 114124, 115507, 125106]
22,1,[111483]
25,14,[4250, 20300, 21578, 32745, 40584, 43055, 72027, 80839, 95408, 115853, 145302, 148390, 163753, 187155]
