6,1,[719]
10,1,[13638]
14,1,[81549]
15,7,[2237, 22086, 96142, 113382, 130056, 146876, 166908]
17,2,[212146, 212160]
18,14,[16263, 19243, 19846, 38093, 39898, 54314, 75946, 76745, 76814, 92096, 93881, 93886, 94053, 101276]
20,7,[3704, 4057, 5248, 11138, 20501, 28679, 29749]
23,4,[160, 22164, 29563, 30776]
24,1,[43902]
25,1,[77860]
26,7,[4203, 4555, 5764, 11710, 21228, 29511, 30594]
30,1,[13544]
6,1,[719]
10,1,[13638]
14,1,[81549]
15,7,[2237, 22086, 96142, 113382, 130056, 146876, 166908]
17,2,[212146, 212160]
18,14,[16263, 19243, 19846, 38093, 39898, 54314, 75946, 76745, 76814, 92096, 93881, 93886, 94053, 101276]
20,7,[3704, 4057, 5248, 11138, 20501, 28679, 29749]
23,4,[160, 22164, 29563, 30776]
24,1,[43902]
25,1,[77860]
26,7,[4203, 4555, 5764, 11710, 21228, 29511, 30594]
30,1,[13544]
