10,1,[431851]
14,15,[28508, 35270, 36136, 38341, 63274, 110180, 113735, 121567, 128676, 129555, 154049, 164407, 172536, 175991, 178373]
22,1,[26868]
25,15,[27610, 33945, 34799, 36936, 60803, 105756, 109029, 116541, 123226, 124077, 147540, 157594, 165696, 168867, 171055]
30,1,[431681]
10,1,[431851]
14,15,[28508, 35270, 36136, 38341, 63274, 110180, 113735, 121567, 128676, 129555, 154049, 164407, 172536, 175991, 178373]
22,1,[26868]
25,15,[27610, 33945, 34799, 36936, 60803, 105756, 109029, 116541, 123226, 124077, 147540, 157594, 165696, 168867, 171055]
30,1,[431681]
