10,10,[248065, 288705, 312254, 337554, 338117, 370467, 615611, 618315, 622011, 628051]
17,5,[109772, 109799, 109808, 215472, 215484]
21,1,[7839]
22,2,[59959, 70518]
30,10,[247912, 288549, 312095, 337395, 337958, 370304, 615372, 618063, 621759, 627791]
10,10,[248065, 288705, 312254, 337554, 338117, 370467, 615611, 618315, 622011, 628051]
17,5,[109772, 109799, 109808, 215472, 215484]
21,1,[7839]
22,2,[59959, 70518]
30,10,[247912, 288549, 312095, 337395, 337958, 370304, 615372, 618063, 621759, 627791]
