10,3,[302108, 598123, 632921]
11,2,[18930, 20901]
12,2,[955, 13722]
15,9,[5416, 15351, 16146, 19808, 52822, 58481, 141587, 147297, 170143]
17,6,[22188, 22714, 23059, 94072, 124600, 198418]
18,1,[12832]
19,1,[1995]
20,11,[995, 5512, 9594, 16669, 43017, 49279, 54073, 54799, 55363, 55671, 59532]
22,2,[93425, 129907]
23,3,[4470, 5660, 17136]
24,3,[18274, 33757, 40126]
26,11,[1360, 6029, 10148, 17320, 43966, 50323, 55236, 55959, 56523, 56831, 60812]
27,17,[40429, 47170, 53116, 53441, 55428, 55717, 69341, 69403, 73571, 77263, 78826, 80460, 85743, 86043, 96917, 105568, 107203]
30,3,[301950, 597932, 632646]
10,3,[302108, 598123, 632921]
11,2,[18930, 20901]
12,2,[955, 13722]
15,9,[5416, 15351, 16146, 19808, 52822, 58481, 141587, 147297, 170143]
17,6,[22188, 22714, 23059, 94072, 124600, 198418]
18,1,[12832]
19,1,[1995]
20,11,[995, 5512, 9594, 16669, 43017, 49279, 54073, 54799, 55363, 55671, 59532]
22,2,[93425, 129907]
23,3,[4470, 5660, 17136]
24,3,[18274, 33757, 40126]
26,11,[1360, 6029, 10148, 17320, 43966, 50323, 55236, 55959, 56523, 56831, 60812]
27,17,[40429, 47170, 53116, 53441, 55428, 55717, 69341, 69403, 73571, 77263, 78826, 80460, 85743, 86043, 96917, 105568, 107203]
30,3,[301950, 597932, 632646]
