10,2,[158335, 174990]
11,4,[673, 5002, 12518, 12548]
12,3,[6744, 6750, 6761]
15,1,[34078]
16,2,[790, 1006]
20,4,[16139, 31479, 50250, 51241]
21,2,[4418, 29350]
22,18,[17101, 41670, 41676, 60699, 63674, 68179, 72992, 105305, 113283, 113389, 113390, 113393, 113396, 113399, 113577, 120784, 139067, 156687]
24,3,[7931, 23332, 32070]
26,3,[16789, 51297, 52298]
27,118,[1292, 6425, 6523, 7561, 7628, 8355, 13633, 16949, 17177, 18980, 19167, 19252, 20482, 20546, 20574, 20654, 20724, 20820, 20956, 21041, 21146, 22301, 22461, 25363, 25387, 25417, 25435, 25588, 25833, 25856, 25971, 26317, 27482, 28902, 29460, 30351, 31577, 32771, 34028, 34147, 34427, 34473, 34671, 35588, 35683, 35761, 35850, 36373, 36508, 37712, 39603, 41117, 41325, 42194, 42234, 42727, 42962, 43800, 43957, 44067, 44165, 44488, 44524, 44637, 45016, 45740, 45864, 46268, 46336, 46406, 46563, 46619, 46798, 47150, 47228, 47286, 47478, 47496, 47649, 48033, 48363, 49518, 51191, 51221, 51404, 51505, 52263, 52824, 52861, 52904, 52981, 53019, 53027, 53173, 53219, 53245, 53255, 53525, 53631, 53699, 53799, 55201, 56634, 57768, 57920, 59892, 60294, 60398, 60549, 60715, 60847, 60987, 61512, 61568, 61812, 61862, 68009, 69371]
28,1,[6793]
30,2,[158222, 174867]
10,2,[158335, 174990]
11,4,[673, 5002, 12518, 12548]
12,3,[6744, 6750, 6761]
15,1,[34078]
16,2,[790, 1006]
20,4,[16139, 31479, 50250, 51241]
21,2,[4418, 29350]
22,18,[17101, 41670, 41676, 60699, 63674, 68179, 72992, 105305, 113283, 113389, 113390, 113393, 113396, 113399, 113577, 120784, 139067, 156687]
24,3,[7931, 23332, 32070]
26,3,[16789, 51297, 52298]
27,118,[1292, 6425, 6523, 7561, 7628, 8355, 13633, 16949, 17177, 18980, 19167, 19252, 20482, 20546, 20574, 20654, 20724, 20820, 20956, 21041, 21146, 22301, 22461, 25363, 25387, 25417, 25435, 25588, 25833, 25856, 25971, 26317, 27482, 28902, 29460, 30351, 31577, 32771, 34028, 34147, 34427, 34473, 34671, 35588, 35683, 35761, 35850, 36373, 36508, 37712, 39603, 41117, 41325, 42194, 42234, 42727, 42962, 43800, 43957, 44067, 44165, 44488, 44524, 44637, 45016, 45740, 45864, 46268, 46336, 46406, 46563, 46619, 46798, 47150, 47228, 47286, 47478, 47496, 47649, 48033, 48363, 49518, 51191, 51221, 51404, 51505, 52263, 52824, 52861, 52904, 52981, 53019, 53027, 53173, 53219, 53245, 53255, 53525, 53631, 53699, 53799, 55201, 56634, 57768, 57920, 59892, 60294, 60398, 60549, 60715, 60847, 60987, 61512, 61568, 61812, 61862, 68009, 69371]
28,1,[6793]
30,2,[158222, 174867]
