10,21,[9776, 95358, 155255, 155330, 155402, 215223, 220647, 272411, 277145, 285116, 300736, 496935, 514535, 514561, 527177, 543712, 547200, 547495, 547919, 576830, 605708]
15,1,[148964]
17,2,[67475, 109490]
19,3,[15276, 16524, 26710]
21,2,[20096, 20290]
26,2,[55559, 63834]
30,21,[9682, 95251, 155142, 155217, 155289, 215081, 220497, 272255, 276989, 284960, 300578, 496766, 514366, 514392, 527005, 543537, 547025, 547320, 547744, 576650, 605506]
10,21,[9776, 95358, 155255, 155330, 155402, 215223, 220647, 272411, 277145, 285116, 300736, 496935, 514535, 514561, 527177, 543712, 547200, 547495, 547919, 576830, 605708]
15,1,[148964]
17,2,[67475, 109490]
19,3,[15276, 16524, 26710]
21,2,[20096, 20290]
26,2,[55559, 63834]
30,21,[9682, 95251, 155142, 155217, 155289, 215081, 220497, 272255, 276989, 284960, 300578, 496766, 514366, 514392, 527005, 543537, 547025, 547320, 547744, 576650, 605506]
