10,1,[609606]
14,2,[181730, 192525]
15,1,[91228]
18,16,[1334, 1413, 4496, 17851, 24773, 28240, 50436, 52311, 57101, 73450, 90730, 97616, 111221, 132255, 147648, 148889]
20,1,[58729]
22,9,[4901, 5781, 23878, 23879, 114427, 115797, 128997, 129004, 155540]
25,1,[174298]
26,1,[59927]
30,1,[609394]
10,1,[609606]
14,2,[181730, 192525]
15,1,[91228]
18,16,[1334, 1413, 4496, 17851, 24773, 28240, 50436, 52311, 57101, 73450, 90730, 97616, 111221, 132255, 147648, 148889]
20,1,[58729]
22,9,[4901, 5781, 23878, 23879, 114427, 115797, 128997, 129004, 155540]
25,1,[174298]
26,1,[59927]
30,1,[609394]
