15,12,[22786, 39101, 40591, 64136, 69297, 97342, 109003, 149304, 151339, 157767, 164356, 168136]
16,4,[17375, 19053, 19061, 19915]
18,4,[104196, 104232, 106822, 125697]
22,2,[5253, 102611]
23,8,[9881, 12220, 22915, 22942, 22973, 23099, 26587, 29238]
24,6,[1425, 22513, 24467, 36634, 41860, 44873]
27,9,[33463, 43837, 44193, 73675, 76911, 79951, 84460, 88709, 102359]
15,12,[22786, 39101, 40591, 64136, 69297, 97342, 109003, 149304, 151339, 157767, 164356, 168136]
16,4,[17375, 19053, 19061, 19915]
18,4,[104196, 104232, 106822, 125697]
22,2,[5253, 102611]
23,8,[9881, 12220, 22915, 22942, 22973, 23099, 26587, 29238]
24,6,[1425, 22513, 24467, 36634, 41860, 44873]
27,9,[33463, 43837, 44193, 73675, 76911, 79951, 84460, 88709, 102359]
