10,6,[298378, 586946, 587787, 598651, 598664, 600283]
15,40,[3553, 17610, 20321, 25129, 36947, 37429, 38990, 46095, 47612, 55509, 57824, 59152, 59241, 59516, 64000, 65294, 71354, 71900, 82495, 84684, 85107, 87080, 92405, 98636, 98705, 108821, 119250, 127392, 130084, 130094, 137551, 137609, 141652, 141721, 143854, 150986, 161262, 170004, 170215, 173015]
17,17,[52726, 56387, 56963, 58843, 68590, 69737, 85405, 85426, 87733, 92929, 92937, 92944, 93812, 122823, 123129, 189089, 196520]
18,3,[13772, 25807, 52438]
19,2,[2678, 2898]
20,30,[33, 335, 3409, 3571, 4247, 4684, 8933, 9443, 9990, 11841, 12635, 12852, 12855, 13207, 16242, 30573, 31085, 34225, 40289, 48441, 49897, 51312, 54535, 56795, 58165, 58746, 62181, 63586, 63658, 64500]
21,5,[7290, 9454, 14710, 15573, 33433]
22,15,[14681, 47062, 47668, 47708, 47725, 48773, 48829, 74941, 74951, 89217, 134065, 137391, 139541, 139545, 154885]
26,32,[391, 699, 3894, 4072, 4750, 5202, 9481, 9996, 10542, 12427, 13221, 13439, 13442, 13694, 13791, 16890, 31426, 31952, 35105, 41230, 49457, 50943, 52368, 55696, 57943, 59353, 59944, 63518, 64963, 65038, 65354, 65899]
27,3,[22025, 38190, 108309]
28,1,[10270]
30,6,[298220, 586761, 587602, 598460, 598473, 600086]
10,6,[298378, 586946, 587787, 598651, 598664, 600283]
15,40,[3553, 17610, 20321, 25129, 36947, 37429, 38990, 46095, 47612, 55509, 57824, 59152, 59241, 59516, 64000, 65294, 71354, 71900, 82495, 84684, 85107, 87080, 92405, 98636, 98705, 108821, 119250, 127392, 130084, 130094, 137551, 137609, 141652, 141721, 143854, 150986, 161262, 170004, 170215, 173015]
17,17,[52726, 56387, 56963, 58843, 68590, 69737, 85405, 85426, 87733, 92929, 92937, 92944, 93812, 122823, 123129, 189089, 196520]
18,3,[13772, 25807, 52438]
19,2,[2678, 2898]
20,30,[33, 335, 3409, 3571, 4247, 4684, 8933, 9443, 9990, 11841, 12635, 12852, 12855, 13207, 16242, 30573, 31085, 34225, 40289, 48441, 49897, 51312, 54535, 56795, 58165, 58746, 62181, 63586, 63658, 64500]
21,5,[7290, 9454, 14710, 15573, 33433]
22,15,[14681, 47062, 47668, 47708, 47725, 48773, 48829, 74941, 74951, 89217, 134065, 137391, 139541, 139545, 154885]
26,32,[391, 699, 3894, 4072, 4750, 5202, 9481, 9996, 10542, 12427, 13221, 13439, 13442, 13694, 13791, 16890, 31426, 31952, 35105, 41230, 49457, 50943, 52368, 55696, 57943, 59353, 59944, 63518, 64963, 65038, 65354, 65899]
27,3,[22025, 38190, 108309]
28,1,[10270]
30,6,[298220, 586761, 587602, 598460, 598473, 600086]
