10,263,[5522, 7025, 11722, 18561, 18592, 18627, 18635, 19281, 19298, 21725, 21739, 34049, 42888, 43470, 43683, 43703, 43710, 43741, 43748, 43794, 43830, 43832, 43854, 43883, 43888, 43897, 43952, 43962, 46664, 46697, 46735, 46740, 46748, 46782, 46801, 46806, 47578, 48198, 48538, 52096, 52120, 52497, 52618, 53147, 53599, 53608, 53623, 53633, 53652, 54234, 54248, 54327, 62789, 75118, 77306, 78011, 79787, 86771, 93780, 93790, 93835, 93870, 93897, 93906, 94009, 98578, 98925, 102904, 102910, 103022, 103035, 103075, 103099, 103504, 103507, 105010, 105091, 105100, 105983, 106050, 106980, 107061, 108688, 108774, 108805, 109129, 111464, 111483, 111524, 111643, 111646, 111821, 112028, 112074, 112099, 112123, 112234, 113212, 113218, 122238, 122385, 122411, 127470, 127496, 127509, 127591, 133494, 133595, 133602, 135919, 135931, 136126, 136221, 136303, 136599, 136735, 136877, 137831, 137849, 137857, 137890, 138484, 139103, 140593, 140815, 140819, 141333, 143388, 144042, 144138, 144933, 145161, 145608, 145611, 146161, 146345, 146381, 146537, 146596, 148648, 149292, 150364, 151324, 151593, 153291, 155926, 156112, 156288, 156549, 157085, 157521, 157569, 161854, 166388, 168852, 169990, 182120, 182303, 182567, 192191, 192257, 196434, 202684, 210538, 214989, 215023, 215916, 215990, 220693, 221943, 223100, 234178, 236547, 236653, 240967, 241453, 242473, 244720, 244878, 256717, 262344, 262347, 263371, 265330, 265755, 266092, 266113, 274777, 288119, 288608, 303223, 310021, 321342, 321441, 327303, 329146, 336558, 341110, 361854, 364756, 366688, 367205, 367503, 367956, 369308, 369940, 370792, 373204, 374251, 374722, 374941, 375102, 376456, 379370, 380811, 394978, 396157, 411156, 424231, 426147, 431656, 434802, 442458, 445793, 451904, 451918, 452011, 452205, 470566, 477047, 481128, 481143, 481356, 481418, 481474, 481478, 483713, 487016, 494235, 494244, 508783, 511107, 513190, 523411, 524976, 526070, 544383, 544386, 544512, 546174, 546178, 546798, 554715, 564680, 568770, 568955, 605152, 605162, 620338, 622775, 622851, 627476, 637022]
14,2,[102035, 126140]
15,11,[48229, 49554, 53624, 68421, 71792, 72024, 84662, 93282, 143619, 145162, 154617]
17,25,[16275, 31799, 33737, 34249, 34547, 35002, 36397, 38745, 39602, 66102, 66339, 130602, 130666, 130680, 130691, 130703, 130724, 130769, 130773, 201446, 201451, 201484, 202450, 203324, 203332]
20,26,[108, 4788, 8566, 14837, 16999, 17969, 19794, 25160, 26463, 26726, 27177, 27446, 27448, 27481, 28399, 28915, 33023, 37868, 37975, 57813, 58457, 58928, 61654, 63001, 63012, 63538]
21,4,[4073, 15534, 18111, 23170]
22,16,[4520, 28551, 28663, 41731, 41957, 57626, 57628, 60435, 98220, 115066, 124421, 126107, 142031, 142949, 143513, 158239]
23,1,[16778]
24,1,[36696]
25,2,[97866, 120849]
26,26,[472, 5307, 9103, 15453, 17652, 18669, 20510, 25947, 27263, 27545, 28002, 28272, 28274, 28308, 29229, 29751, 33900, 38785, 38892, 58988, 59647, 60161, 62957, 64350, 64362, 64914]
27,1,[59516]
28,1,[8504]
30,263,[5428, 6931, 11628, 18467, 18498, 18533, 18541, 19187, 19204, 21631, 21645, 33951, 42790, 43372, 43585, 43605, 43612, 43643, 43650, 43696, 43732, 43734, 43756, 43785, 43790, 43799, 43854, 43864, 46566, 46599, 46637, 46642, 46650, 46684, 46703, 46708, 47480, 48100, 48440, 51998, 52022, 52399, 52520, 53048, 53500, 53509, 53524, 53534, 53553, 54135, 54149, 54228, 62686, 75015, 77203, 77908, 79680, 86664, 93673, 93683, 93728, 93763, 93790, 93799, 93902, 98471, 98818, 102797, 102803, 102915, 102928, 102968, 102992, 103397, 103400, 104899, 104980, 104989, 105872, 105939, 106869, 106950, 108577, 108663, 108694, 109018, 111353, 111372, 111413, 111532, 111535, 111710, 111917, 111963, 111988, 112012, 112123, 113101, 113107, 122127, 122274, 122300, 127359, 127385, 127398, 127480, 133382, 133483, 133490, 135807, 135819, 136014, 136109, 136191, 136487, 136623, 136765, 137719, 137737, 137745, 137778, 138372, 138991, 140481, 140703, 140707, 141221, 143276, 143930, 144026, 144820, 145048, 145495, 145498, 146048, 146232, 146268, 146424, 146483, 148535, 149179, 150251, 151211, 151480, 153178, 155813, 155999, 156175, 156436, 156972, 157408, 157456, 161731, 166265, 168729, 169867, 181997, 182180, 182435, 192059, 192125, 196302, 202542, 210396, 214847, 214881, 215774, 215848, 220543, 221793, 222950, 234028, 236397, 236503, 240814, 241300, 242320, 244567, 244725, 256561, 262188, 262191, 263215, 265174, 265599, 265936, 265957, 274621, 287963, 288452, 303065, 309863, 321183, 321282, 327144, 328987, 336399, 340951, 361694, 364593, 366525, 367042, 367340, 367793, 369145, 369777, 370629, 373041, 374088, 374559, 374778, 374939, 376293, 379207, 380648, 394812, 395991, 410990, 424065, 425981, 431486, 434632, 442288, 445623, 451734, 451748, 451841, 452035, 470395, 476878, 480961, 480976, 481189, 481251, 481307, 481311, 483548, 486853, 494075, 494084, 508614, 510938, 513021, 523239, 524804, 525898, 544208, 544211, 544337, 545999, 546003, 546623, 554537, 564500, 568590, 568775, 604950, 604960, 620086, 622523, 622599, 627216, 636747]
10,263,[5522, 7025, 11722, 18561, 18592, 18627, 18635, 19281, 19298, 21725, 21739, 34049, 42888, 43470, 43683, 43703, 43710, 43741, 43748, 43794, 43830, 43832, 43854, 43883, 43888, 43897, 43952, 43962, 46664, 46697, 46735, 46740, 46748, 46782, 46801, 46806, 47578, 48198, 48538, 52096, 52120, 52497, 52618, 53147, 53599, 53608, 53623, 53633, 53652, 54234, 54248, 54327, 62789, 75118, 77306, 78011, 79787, 86771, 93780, 93790, 93835, 93870, 93897, 93906, 94009, 98578, 98925, 102904, 102910, 103022, 103035, 103075, 103099, 103504, 103507, 105010, 105091, 105100, 105983, 106050, 106980, 107061, 108688, 108774, 108805, 109129, 111464, 111483, 111524, 111643, 111646, 111821, 112028, 112074, 112099, 112123, 112234, 113212, 113218, 122238, 122385, 122411, 127470, 127496, 127509, 127591, 133494, 133595, 133602, 135919, 135931, 136126, 136221, 136303, 136599, 136735, 136877, 137831, 137849, 137857, 137890, 138484, 139103, 140593, 140815, 140819, 141333, 143388, 144042, 144138, 144933, 145161, 145608, 145611, 146161, 146345, 146381, 146537, 146596, 148648, 149292, 150364, 151324, 151593, 153291, 155926, 156112, 156288, 156549, 157085, 157521, 157569, 161854, 166388, 168852, 169990, 182120, 182303, 182567, 192191, 192257, 196434, 202684, 210538, 214989, 215023, 215916, 215990, 220693, 221943, 223100, 234178, 236547, 236653, 240967, 241453, 242473, 244720, 244878, 256717, 262344, 262347, 263371, 265330, 265755, 266092, 266113, 274777, 288119, 288608, 303223, 310021, 321342, 321441, 327303, 329146, 336558, 341110, 361854, 364756, 366688, 367205, 367503, 367956, 369308, 369940, 370792, 373204, 374251, 374722, 374941, 375102, 376456, 379370, 380811, 394978, 396157, 411156, 424231, 426147, 431656, 434802, 442458, 445793, 451904, 451918, 452011, 452205, 470566, 477047, 481128, 481143, 481356, 481418, 481474, 481478, 483713, 487016, 494235, 494244, 508783, 511107, 513190, 523411, 524976, 526070, 544383, 544386, 544512, 546174, 546178, 546798, 554715, 564680, 568770, 568955, 605152, 605162, 620338, 622775, 622851, 627476, 637022]
14,2,[102035, 126140]
15,11,[48229, 49554, 53624, 68421, 71792, 72024, 84662, 93282, 143619, 145162, 154617]
17,25,[16275, 31799, 33737, 34249, 34547, 35002, 36397, 38745, 39602, 66102, 66339, 130602, 130666, 130680, 130691, 130703, 130724, 130769, 130773, 201446, 201451, 201484, 202450, 203324, 203332]
20,26,[108, 4788, 8566, 14837, 16999, 17969, 19794, 25160, 26463, 26726, 27177, 27446, 27448, 27481, 28399, 28915, 33023, 37868, 37975, 57813, 58457, 58928, 61654, 63001, 63012, 63538]
21,4,[4073, 15534, 18111, 23170]
22,16,[4520, 28551, 28663, 41731, 41957, 57626, 57628, 60435, 98220, 115066, 124421, 126107, 142031, 142949, 143513, 158239]
23,1,[16778]
24,1,[36696]
25,2,[97866, 120849]
26,26,[472, 5307, 9103, 15453, 17652, 18669, 20510, 25947, 27263, 27545, 28002, 28272, 28274, 28308, 29229, 29751, 33900, 38785, 38892, 58988, 59647, 60161, 62957, 64350, 64362, 64914]
27,1,[59516]
28,1,[8504]
30,263,[5428, 6931, 11628, 18467, 18498, 18533, 18541, 19187, 19204, 21631, 21645, 33951, 42790, 43372, 43585, 43605, 43612, 43643, 43650, 43696, 43732, 43734, 43756, 43785, 43790, 43799, 43854, 43864, 46566, 46599, 46637, 46642, 46650, 46684, 46703, 46708, 47480, 48100, 48440, 51998, 52022, 52399, 52520, 53048, 53500, 53509, 53524, 53534, 53553, 54135, 54149, 54228, 62686, 75015, 77203, 77908, 79680, 86664, 93673, 93683, 93728, 93763, 93790, 93799, 93902, 98471, 98818, 102797, 102803, 102915, 102928, 102968, 102992, 103397, 103400, 104899, 104980, 104989, 105872, 105939, 106869, 106950, 108577, 108663, 108694, 109018, 111353, 111372, 111413, 111532, 111535, 111710, 111917, 111963, 111988, 112012, 112123, 113101, 113107, 122127, 122274, 122300, 127359, 127385, 127398, 127480, 133382, 133483, 133490, 135807, 135819, 136014, 136109, 136191, 136487, 136623, 136765, 137719, 137737, 137745, 137778, 138372, 138991, 140481, 140703, 140707, 141221, 143276, 143930, 144026, 144820, 145048, 145495, 145498, 146048, 146232, 146268, 146424, 146483, 148535, 149179, 150251, 151211, 151480, 153178, 155813, 155999, 156175, 156436, 156972, 157408, 157456, 161731, 166265, 168729, 169867, 181997, 182180, 182435, 192059, 192125, 196302, 202542, 210396, 214847, 214881, 215774, 215848, 220543, 221793, 222950, 234028, 236397, 236503, 240814, 241300, 242320, 244567, 244725, 256561, 262188, 262191, 263215, 265174, 265599, 265936, 265957, 274621, 287963, 288452, 303065, 309863, 321183, 321282, 327144, 328987, 336399, 340951, 361694, 364593, 366525, 367042, 367340, 367793, 369145, 369777, 370629, 373041, 374088, 374559, 374778, 374939, 376293, 379207, 380648, 394812, 395991, 410990, 424065, 425981, 431486, 434632, 442288, 445623, 451734, 451748, 451841, 452035, 470395, 476878, 480961, 480976, 481189, 481251, 481307, 481311, 483548, 486853, 494075, 494084, 508614, 510938, 513021, 523239, 524804, 525898, 544208, 544211, 544337, 545999, 546003, 546623, 554537, 564500, 568590, 568775, 604950, 604960, 620086, 622523, 622599, 627216, 636747]
