10,45,[11931, 171607, 184512, 211543, 212017, 287952, 297751, 298580, 301647, 322701, 346617, 355569, 357676, 364628, 370067, 370974, 379797, 389385, 390260, 390265, 392347, 395203, 399908, 422406, 427440, 433197, 433539, 444909, 445062, 445073, 449218, 472740, 474621, 476020, 477584, 480320, 480644, 493802, 493839, 497915, 500792, 511550, 533178, 624688, 638973]
17,25,[13951, 31672, 43817, 51799, 61559, 61570, 69548, 69552, 72975, 73016, 79033, 84135, 86032, 111253, 140895, 147456, 159240, 159659, 165271, 174430, 177258, 196483, 198244, 198251, 209689]
20,1,[2804]
21,1,[14621]
22,3,[129831, 132071, 132648]
23,1,[13954]
30,45,[11837, 171484, 184380, 211401, 211875, 287796, 297593, 298422, 301489, 322542, 346458, 355410, 357516, 364465, 369904, 370811, 379634, 389222, 390097, 390102, 392184, 395037, 399742, 422240, 427273, 433027, 433369, 444739, 444892, 444903, 449048, 472570, 474451, 475851, 477416, 480152, 480476, 493642, 493679, 497746, 500623, 511381, 533003, 624434, 638698]
10,45,[11931, 171607, 184512, 211543, 212017, 287952, 297751, 298580, 301647, 322701, 346617, 355569, 357676, 364628, 370067, 370974, 379797, 389385, 390260, 390265, 392347, 395203, 399908, 422406, 427440, 433197, 433539, 444909, 445062, 445073, 449218, 472740, 474621, 476020, 477584, 480320, 480644, 493802, 493839, 497915, 500792, 511550, 533178, 624688, 638973]
17,25,[13951, 31672, 43817, 51799, 61559, 61570, 69548, 69552, 72975, 73016, 79033, 84135, 86032, 111253, 140895, 147456, 159240, 159659, 165271, 174430, 177258, 196483, 198244, 198251, 209689]
20,1,[2804]
21,1,[14621]
22,3,[129831, 132071, 132648]
23,1,[13954]
30,45,[11837, 171484, 184380, 211401, 211875, 287796, 297593, 298422, 301489, 322542, 346458, 355410, 357516, 364465, 369904, 370811, 379634, 389222, 390097, 390102, 392184, 395037, 399742, 422240, 427273, 433027, 433369, 444739, 444892, 444903, 449048, 472570, 474451, 475851, 477416, 480152, 480476, 493642, 493679, 497746, 500623, 511381, 533003, 624434, 638698]
