10,2,[65239, 392513]
11,44,[714, 2843, 2857, 2878, 2891, 2900, 2917, 2918, 2919, 2920, 2921, 2923, 2948, 2987, 3027, 3119, 3143, 3187, 3267, 3286, 3304, 3509, 3538, 3566, 3629, 3647, 3675, 3706, 4103, 4245, 4280, 4295, 4309, 4323, 4346, 4380, 4404, 4431, 4453, 4477, 4728, 5021, 12084, 20819]
12,2,[17279, 17301]
15,3,[27800, 37522, 165539]
16,1,[30467]
21,54,[35, 268, 470, 730, 1144, 1148, 2149, 5384, 5390, 5406, 5445, 5486, 5913, 5953, 7596, 9566, 9581, 9608, 9618, 9622, 13220, 13226, 13257, 13272, 13301, 13320, 13357, 15044, 18479, 18486, 18496, 18517, 18527, 18553, 24024, 24052, 25868, 25872, 25874, 25877, 25905, 25940, 25954, 25976, 26054, 32330, 32692, 32711, 35316, 35357, 35478, 35483, 35802, 35806]
22,11,[26865, 35221, 35388, 53323, 56138, 61081, 71334, 78282, 125066, 129176, 139234]
28,24,[62, 66, 84, 2994, 2998, 3005, 3047, 3121, 3138, 3181, 3194, 3227, 3641, 3648, 3679, 3704, 3748, 3780, 4221, 9971, 10056, 10080, 11173, 11194]
30,2,[65136, 392350]
10,2,[65239, 392513]
11,44,[714, 2843, 2857, 2878, 2891, 2900, 2917, 2918, 2919, 2920, 2921, 2923, 2948, 2987, 3027, 3119, 3143, 3187, 3267, 3286, 3304, 3509, 3538, 3566, 3629, 3647, 3675, 3706, 4103, 4245, 4280, 4295, 4309, 4323, 4346, 4380, 4404, 4431, 4453, 4477, 4728, 5021, 12084, 20819]
12,2,[17279, 17301]
15,3,[27800, 37522, 165539]
16,1,[30467]
21,54,[35, 268, 470, 730, 1144, 1148, 2149, 5384, 5390, 5406, 5445, 5486, 5913, 5953, 7596, 9566, 9581, 9608, 9618, 9622, 13220, 13226, 13257, 13272, 13301, 13320, 13357, 15044, 18479, 18486, 18496, 18517, 18527, 18553, 24024, 24052, 25868, 25872, 25874, 25877, 25905, 25940, 25954, 25976, 26054, 32330, 32692, 32711, 35316, 35357, 35478, 35483, 35802, 35806]
22,11,[26865, 35221, 35388, 53323, 56138, 61081, 71334, 78282, 125066, 129176, 139234]
28,24,[62, 66, 84, 2994, 2998, 3005, 3047, 3121, 3138, 3181, 3194, 3227, 3641, 3648, 3679, 3704, 3748, 3780, 4221, 9971, 10056, 10080, 11173, 11194]
30,2,[65136, 392350]
