10,19,[27580, 126205, 126288, 315244, 328616, 338022, 342183, 342207, 354522, 386932, 420653, 429137, 467241, 483331, 617058, 622320, 624295, 635261, 635288]
11,4,[16798, 16825, 16877, 17185]
14,1,[123471]
15,9,[29062, 37425, 42472, 84763, 90830, 120807, 129080, 129088, 173825]
16,7,[4991, 8384, 13671, 24690, 25851, 25891, 27628]
17,10,[55024, 55246, 59403, 114865, 123574, 123627, 176189, 184571, 184965, 187526]
18,1,[138527]
20,5,[8097, 8947, 10970, 19452, 52985]
22,2,[151161, 156400]
23,1,[30742]
24,1,[6062]
25,1,[118326]
26,7,[8619, 9496, 11535, 20161, 32837, 54093, 64457]
27,5,[21139, 32085, 43266, 43322, 84834]
30,19,[27486, 126094, 126177, 315085, 328457, 337863, 342024, 342048, 354363, 386769, 420487, 428970, 467070, 483166, 616815, 622068, 624041, 634986, 635013]
10,19,[27580, 126205, 126288, 315244, 328616, 338022, 342183, 342207, 354522, 386932, 420653, 429137, 467241, 483331, 617058, 622320, 624295, 635261, 635288]
11,4,[16798, 16825, 16877, 17185]
14,1,[123471]
15,9,[29062, 37425, 42472, 84763, 90830, 120807, 129080, 129088, 173825]
16,7,[4991, 8384, 13671, 24690, 25851, 25891, 27628]
17,10,[55024, 55246, 59403, 114865, 123574, 123627, 176189, 184571, 184965, 187526]
18,1,[138527]
20,5,[8097, 8947, 10970, 19452, 52985]
22,2,[151161, 156400]
23,1,[30742]
24,1,[6062]
25,1,[118326]
26,7,[8619, 9496, 11535, 20161, 32837, 54093, 64457]
27,5,[21139, 32085, 43266, 43322, 84834]
30,19,[27486, 126094, 126177, 315085, 328457, 337863, 342024, 342048, 354363, 386769, 420487, 428970, 467070, 483166, 616815, 622068, 624041, 634986, 635013]
