14,1,[75994]
15,3,[19988, 89767, 164229]
16,1,[27763]
17,1,[141200]
18,6,[25133, 34453, 44050, 45247, 112480, 127564]
21,3,[9062, 14552, 24278]
24,1,[1394]
25,2,[72334, 99031]
27,10,[5288, 9354, 12663, 24694, 29187, 35735, 49440, 49963, 68399, 86656]
14,1,[75994]
15,3,[19988, 89767, 164229]
16,1,[27763]
17,1,[141200]
18,6,[25133, 34453, 44050, 45247, 112480, 127564]
21,3,[9062, 14552, 24278]
24,1,[1394]
25,2,[72334, 99031]
27,10,[5288, 9354, 12663, 24694, 29187, 35735, 49440, 49963, 68399, 86656]
