10,9,[41760, 41791, 89208, 89219, 89404, 90687, 91655, 553493, 595600]
15,1,[147258]
16,1,[3877]
17,25,[1823, 1880, 1887, 2305, 3001, 3164, 13013, 13498, 13511, 13528, 13967, 14013, 14720, 14992, 15917, 16800, 25083, 41931, 72212, 77184, 99400, 101995, 144721, 145496, 187769]
19,6,[7543, 8433, 8660, 14544, 22651, 25303]
20,3,[6664, 28149, 34492]
22,5,[45625, 52533, 52545, 132574, 132783]
24,1,[38352]
26,3,[7182, 28985, 35381]
27,3,[44330, 101338, 101846]
30,9,[41662, 41693, 89101, 89112, 89297, 90580, 91548, 553315, 595409]
10,9,[41760, 41791, 89208, 89219, 89404, 90687, 91655, 553493, 595600]
15,1,[147258]
16,1,[3877]
17,25,[1823, 1880, 1887, 2305, 3001, 3164, 13013, 13498, 13511, 13528, 13967, 14013, 14720, 14992, 15917, 16800, 25083, 41931, 72212, 77184, 99400, 101995, 144721, 145496, 187769]
19,6,[7543, 8433, 8660, 14544, 22651, 25303]
20,3,[6664, 28149, 34492]
22,5,[45625, 52533, 52545, 132574, 132783]
24,1,[38352]
26,3,[7182, 28985, 35381]
27,3,[44330, 101338, 101846]
30,9,[41662, 41693, 89101, 89112, 89297, 90580, 91548, 553315, 595409]
