11,3,[11206, 15806, 15839]
12,4,[7821, 7918, 18769, 18886]
15,4,[46442, 53603, 58325, 158996]
16,3,[26010, 27116, 34489]
19,10,[2363, 3813, 7584, 7656, 14941, 14944, 15463, 18347, 18833, 25234]
20,2,[4825, 26158]
21,1,[6526]
22,30,[8334, 43128, 49095, 53546, 53661, 53662, 53671, 53707, 53721, 53745, 53754, 53761, 53764, 53849, 53852, 53859, 53865, 53880, 53889, 54005, 54027, 54040, 54277, 58593, 84617, 84966, 88833, 123664, 133237, 137973]
23,1,[10467]
24,5,[11085, 20882, 29089, 37220, 37274]
26,1,[5344]
27,6,[9817, 13936, 18767, 55254, 102398, 109335]
28,1,[3198]
11,3,[11206, 15806, 15839]
12,4,[7821, 7918, 18769, 18886]
15,4,[46442, 53603, 58325, 158996]
16,3,[26010, 27116, 34489]
19,10,[2363, 3813, 7584, 7656, 14941, 14944, 15463, 18347, 18833, 25234]
20,2,[4825, 26158]
21,1,[6526]
22,30,[8334, 43128, 49095, 53546, 53661, 53662, 53671, 53707, 53721, 53745, 53754, 53761, 53764, 53849, 53852, 53859, 53865, 53880, 53889, 54005, 54027, 54040, 54277, 58593, 84617, 84966, 88833, 123664, 133237, 137973]
23,1,[10467]
24,5,[11085, 20882, 29089, 37220, 37274]
26,1,[5344]
27,6,[9817, 13936, 18767, 55254, 102398, 109335]
28,1,[3198]
