6,3,[339, 620, 624]
8,3,[392, 417, 522]
9,7,[1549, 1552, 1733, 1813, 2069, 2676, 2684]
10,132,[8394, 12401, 17099, 17571, 26879, 30099, 37697, 38090, 38118, 38130, 38843, 43251, 43258, 65307, 73824, 83316, 92459, 93494, 95897, 96186, 105468, 108019, 108023, 113746, 125841, 126032, 129697, 142270, 153706, 159519, 161464, 170560, 190915, 197987, 198068, 215238, 248775, 251091, 283008, 317363, 351570, 351846, 360417, 363063, 374460, 398788, 399096, 451563, 451580, 506166, 506515, 506967, 511172, 513627, 516789, 521297, 521678, 521701, 525045, 525111, 526465, 530202, 531888, 532666, 536257, 540616, 541037, 542969, 543961, 545693, 546283, 546761, 547594, 548355, 548985, 550500, 550612, 550891, 550894, 551030, 551384, 555731, 556643, 558559, 563366, 564773, 564900, 566191, 566545, 570238, 570416, 574471, 575080, 575959, 576196, 577251, 577828, 579389, 580719, 583392, 583420, 590264, 593560, 596248, 598203, 598646, 598652, 600537, 602853, 614281, 614353, 614371, 614409, 615956, 616238, 616996, 617059, 618968, 620864, 621041, 621818, 623275, 626864, 627387, 631380, 633058, 635639, 635764, 636809, 638531, 639926, 641004]
11,41,[485, 1350, 1848, 1856, 1887, 2323, 2419, 2537, 2823, 2895, 3128, 3481, 4020, 4095, 4336, 4624, 5779, 6080, 6226, 6850, 8026, 8080, 9505, 10090, 10412, 10938, 13902, 15049, 15327, 16134, 16446, 17335, 19211, 19216, 19217, 19326, 19481, 19883, 19955, 20191, 20361]
12,40,[4788, 5345, 5367, 5648, 5846, 5870, 5877, 5883, 6450, 6618, 6895, 7448, 9239, 9533, 9615, 9633, 9808, 10542, 10570, 12034, 12253, 12452, 13646, 14100, 14836, 14876, 16551, 16781, 17024, 17187, 18214, 18572, 20600, 20883, 21030, 21255, 22185, 22197, 22374, 23126]
13,7,[1074, 2261, 2432, 2805, 2908, 3079, 3365]
14,41,[1240, 9020, 9181, 15420, 18748, 21227, 23741, 31841, 33667, 34371, 39368, 51976, 63511, 78178, 84688, 85764, 87751, 88898, 91894, 93289, 98594, 109418, 112852, 115126, 117354, 122107, 135185, 138550, 141618, 152490, 156354, 157006, 159279, 171440, 172992, 173541, 174467, 177050, 187037, 187796, 188656]
15,283,[713, 2623, 3654, 4120, 4519, 4744, 5578, 6667, 7212, 7566, 8186, 8436, 9316, 9511, 9865, 9920, 9992, 10905, 11021, 13065, 14449, 14457, 14719, 15199, 18222, 18761, 18768, 19017, 19579, 20976, 21538, 22315, 23208, 24070, 24752, 26279, 26346, 27607, 27745, 27756, 27784, 28400, 28490, 28894, 29270, 29290, 29753, 29948, 30671, 30818, 30906, 31350, 31506, 32797, 33513, 33942, 34336, 36102, 36609, 37284, 37381, 40202, 40457, 40626, 41958, 42343, 42418, 42785, 44781, 46133, 46161, 46566, 46879, 47039, 47722, 48131, 48447, 48496, 49450, 49650, 50407, 50787, 52591, 52785, 53435, 53566, 54068, 54724, 55620, 57678, 60207, 61845, 62340, 62703, 64211, 64874, 65058, 65257, 65418, 65604, 65633, 65780, 65980, 66034, 66372, 67536, 69271, 69286, 70612, 71039, 71337, 71970, 73363, 74532, 74633, 75959, 76401, 77320, 78928, 79328, 79935, 82760, 82773, 83301, 84493, 84511, 86381, 87874, 87919, 89580, 89790, 89848, 89896, 91194, 91231, 91324, 91351, 91857, 92157, 92433, 93708, 94110, 94913, 95697, 95756, 97281, 98285, 98526, 99231, 99569, 99586, 99776, 101737, 101750, 101766, 101842, 101959, 102067, 102432, 103090, 103383, 103629, 103770, 104292, 106333, 108079, 108182, 109024, 109465, 109682, 109702, 110103, 110449, 110716, 112012, 112336, 112912, 113098, 113274, 114001, 118613, 118626, 118951, 119020, 120408, 120896, 121089, 122540, 123083, 123273, 123426, 123459, 123486, 124955, 126079, 126231, 127841, 129285, 129292, 131994, 132342, 132728, 132781, 133651, 134662, 135829, 136330, 136360, 136372, 136384, 138372, 138412, 138671, 139255, 139778, 139881, 140253, 140543, 140639, 141220, 141746, 142782, 143194, 143305, 143325, 143335, 143364, 143376, 143497, 143807, 144073, 144213, 144414, 144945, 145148, 146184, 146745, 146917, 147015, 147059, 147081, 148612, 149437, 150976, 150995, 151066, 151418, 151472, 151904, 152429, 152569, 153995, 154616, 155157, 155690, 155941, 156042, 157890, 158997, 159317, 159624, 159891, 159949, 159951, 159972, 160320, 160520, 160589, 160669, 160779, 160796, 161819, 164167, 165926, 166999, 167485, 169291, 170068, 170341, 170571, 170625, 172749, 173155]
16,61,[174, 212, 2201, 2540, 3231, 4822, 5379, 5587, 6667, 6852, 8680, 8752, 9841, 9851, 9931, 10425, 11873, 12010, 13475, 13587, 14130, 14451, 14939, 15500, 15569, 17157, 17349, 17409, 17733, 18000, 18243, 18461, 18870, 19010, 19621, 19998, 20156, 20808, 21528, 21601, 21755, 22068, 22335, 23703, 24568, 25086, 25188, 25339, 25354, 25604, 26570, 27475, 28717, 33086, 33769, 34253, 34309, 34341, 34885, 35128, 35241]
17,244,[912, 918, 2613, 2648, 5153, 6701, 7061, 7371, 10586, 10595, 10923, 11832, 12731, 12755, 12770, 12785, 12791, 12803, 12829, 14003, 14293, 15078, 15641, 15646, 16744, 17745, 17757, 18033, 20180, 20225, 20262, 20273, 20276, 20312, 20517, 20526, 20544, 20554, 20647, 20709, 21347, 21683, 21808, 21814, 21823, 22383, 22413, 22421, 22441, 22462, 22546, 22622, 22680, 22837, 22877, 22892, 25946, 27807, 27882, 27889, 27918, 27940, 27949, 27977, 28000, 28143, 28149, 28157, 28196, 28303, 28320, 28423, 28593, 28630, 29405, 29681, 30011, 30254, 30586, 37557, 38143, 38172, 38448, 38591, 38633, 40653, 41205, 41211, 41220, 41226, 41358, 41372, 42655, 42877, 42901, 43526, 43738, 43863, 43881, 43895, 43904, 43911, 44440, 44748, 45204, 45217, 45332, 45366, 45532, 45747, 46701, 46712, 47260, 48504, 49601, 50520, 50716, 50825, 51308, 51807, 52667, 52679, 52797, 54663, 55289, 55566, 55781, 58962, 59707, 59813, 60172, 66269, 66838, 67920, 71874, 78041, 78089, 79728, 81241, 82113, 85597, 85837, 85927, 86224, 86548, 86949, 87975, 90447, 93598, 94107, 94113, 96076, 98281, 108430, 113869, 114452, 115560, 115814, 116102, 116153, 116250, 116321, 116342, 116668, 116953, 117541, 117547, 117562, 117597, 117937, 120164, 120565, 120574, 121924, 122963, 130313, 146713, 153707, 154178, 155120, 159460, 164637, 166094, 166101, 167388, 167686, 167697, 171019, 171023, 171029, 171060, 176943, 176962, 179651, 179765, 181701, 181768, 181788, 181996, 186029, 186032, 187783, 188255, 189465, 189512, 189639, 189650, 194178, 194197, 195281, 195292, 195304, 196521, 196532, 196539, 196654, 196662, 196687, 196746, 198018, 198033, 201497, 201548, 203878, 206822, 207057, 209138, 209885, 215216, 215278, 215288, 215356, 215721, 215801, 215839, 215857, 216260, 216942, 217535, 217539, 217542, 217547, 217550, 217579]
18,457,[569, 1060, 1834, 2018, 2152, 2193, 2702, 3114, 6010, 6388, 6814, 7126, 9790, 9799, 10520, 11051, 11469, 11630, 13260, 13988, 14592, 14607, 14921, 14930, 15164, 15350, 15366, 15483, 15899, 17243, 17385, 18211, 18231, 18474, 18519, 18533, 18609, 18624, 18638, 18663, 19134, 19319, 19339, 19352, 19450, 19467, 19476, 20124, 20217, 20260, 21295, 21899, 22252, 23089, 23378, 23397, 23486, 23545, 23552, 24031, 24093, 24955, 25240, 25260, 25279, 25287, 25293, 25311, 25327, 25352, 26911, 29456, 29730, 30632, 31327, 31358, 31951, 32197, 32528, 33160, 34274, 34559, 34583, 34645, 34665, 35127, 35217, 35230, 35564, 36346, 36549, 36561, 36572, 36697, 36712, 36742, 37223, 37317, 37730, 37826, 37901, 38410, 38666, 38675, 39566, 39777, 39794, 39817, 39826, 40566, 40790, 41014, 41522, 42332, 42892, 43415, 43599, 43782, 43985, 44074, 44386, 44421, 45414, 46262, 46266, 46305, 46369, 46374, 46389, 47041, 47060, 47413, 47590, 47672, 47679, 47745, 47766, 48302, 48312, 48342, 48860, 48938, 48973, 49529, 50552, 50680, 50872, 50907, 50936, 51125, 51152, 51901, 52151, 52172, 52669, 54232, 55505, 55526, 55563, 55678, 55701, 55751, 55770, 55838, 56465, 56542, 57079, 57222, 57334, 57494, 57589, 57764, 57894, 57904, 58130, 58424, 58456, 58480, 58514, 58530, 58618, 58675, 58714, 58783, 58789, 58852, 59023, 60372, 60541, 61247, 61334, 61756, 62727, 62788, 62797, 63103, 64316, 65332, 65413, 65515, 66097, 66109, 66172, 66180, 66375, 66659, 67530, 67610, 67642, 68053, 68082, 68105, 68122, 68340, 68501, 69774, 69865, 70217, 70819, 72197, 72580, 72822, 72990, 73167, 73370, 73409, 73414, 73597, 73761, 73829, 74777, 74859, 75098, 75883, 76109, 76296, 76556, 76634, 76760, 77493, 77584, 77590, 78073, 78555, 78874, 78955, 79359, 79490, 79918, 82016, 83419, 83757, 83843, 84955, 85267, 85330, 85509, 85556, 85640, 85651, 85659, 85722, 86322, 86374, 86438, 86652, 86929, 87019, 87025, 87034, 87049, 87111, 87191, 87680, 87703, 89339, 89762, 90119, 91243, 91693, 92214, 92305, 92414, 92663, 92827, 93104, 93273, 94640, 94717, 94814, 95363, 96446, 96873, 97059, 97808, 98288, 99250, 99765, 99781, 99860, 100008, 100045, 100736, 101092, 101845, 101851, 101857, 102027, 102233, 102331, 102354, 102487, 102538, 102603, 102984, 103894, 103904, 103916, 104090, 105055, 105072, 105138, 105210, 105216, 105222, 105229, 105239, 106377, 106692, 106723, 107261, 107468, 107543, 108397, 108906, 109592, 109793, 109993, 110205, 110766, 111262, 111776, 112100, 113092, 113548, 114717, 115026, 115071, 115104, 115664, 115836, 116368, 116687, 116758, 116853, 117684, 117703, 117905, 118057, 118229, 118761, 119079, 119150, 119245, 120076, 120095, 120297, 120465, 120560, 120645, 121026, 122176, 122278, 122288, 122351, 122499, 122776, 123070, 124075, 125992, 126629, 126663, 127437, 127470, 127540, 127788, 128069, 128392, 129329, 129426, 129496, 129791, 130789, 130895, 131045, 131160, 131223, 131428, 131819, 131897, 132281, 132326, 132541, 132548, 132593, 132685, 133407, 133432, 133835, 135957, 137320, 137706, 139156, 139162, 139759, 140455, 140476, 140775, 140900, 141220, 141310, 141387, 141409, 141458, 141964, 142404, 142944, 143123, 143272, 144482, 144661, 145186, 145208, 145393, 145418, 145477, 145565, 145589, 145601, 146087, 146981, 147251, 147472, 147656, 148060, 148092, 148226, 148290, 148387, 148453, 148783, 148806, 148853, 148858, 148863, 148870, 149063]
19,8,[6077, 6134, 6192, 7809, 7962, 19610, 23844, 24300]
20,75,[1033, 1537, 4034, 4048, 5459, 5781, 5791, 5794, 6174, 6427, 6558, 6621, 6826, 7812, 10637, 12167, 12278, 12285, 12820, 12825, 12906, 16362, 16368, 18578, 18810, 19547, 19840, 20151, 21609, 26071, 26212, 31210, 32703, 39017, 40630, 41481, 42316, 43275, 44137, 47507, 48081, 50049, 50951, 51171, 51866, 54546, 54662, 55663, 55692, 56118, 57705, 57932, 58134, 58164, 59321, 59756, 59777, 59833, 60352, 61271, 62186, 62712, 63195, 63205, 63211, 63226, 63234, 63251, 63271, 63280, 63301, 63936, 64160, 64491, 65118]
21,30,[2236, 3076, 3815, 4577, 6287, 7551, 8296, 8451, 12083, 12693, 13543, 14660, 17169, 17606, 18434, 18793, 20376, 21966, 22893, 23434, 24614, 26067, 27105, 30495, 30839, 31068, 31132, 31457, 31852, 32370]
22,16,[23265, 59044, 64580, 67315, 75014, 76354, 84758, 85513, 85641, 85672, 85674, 95259, 116409, 127378, 130906, 156607]
23,46,[1376, 1966, 2348, 2525, 2605, 2945, 4234, 4241, 4385, 4742, 5679, 5686, 5690, 7145, 7161, 7971, 9215, 9457, 11067, 15096, 16138, 18193, 18552, 18560, 18592, 18700, 18802, 18809, 19526, 20444, 20814, 20915, 21208, 21259, 21842, 25341, 25346, 25588, 26114, 26303, 26305, 27087, 27303, 28061, 28068, 28275]
24,60,[882, 1353, 1733, 2579, 4038, 4092, 4148, 4891, 6553, 7756, 8188, 8357, 9192, 10045, 10154, 10649, 12316, 15467, 16147, 16152, 16594, 16686, 16874, 17086, 17881, 18178, 19452, 19778, 19784, 20217, 20365, 22469, 23101, 24583, 26880, 26885, 28619, 28938, 29144, 29974, 30610, 32243, 33452, 33782, 34517, 34876, 35157, 36368, 38082, 38306, 38312, 39079, 39400, 39430, 39676, 40086, 40124, 41439, 41499, 41550]
25,44,[1457, 7821, 7827, 9278, 9460, 15345, 18385, 20818, 23145, 30762, 32486, 33124, 37862, 49851, 54538, 56333, 61027, 74649, 81003, 82155, 84052, 85236, 88044, 89333, 94504, 104856, 108172, 110246, 112346, 117008, 129485, 132652, 135697, 146130, 149713, 150312, 152449, 166095, 166594, 167474, 169882, 179335, 180064, 180907]
26,75,[1398, 1912, 4533, 4547, 5976, 6299, 6309, 6312, 6692, 6947, 7139, 7346, 8334, 11198, 12754, 12864, 12871, 13408, 13412, 13493, 17011, 17017, 19287, 19520, 20256, 20557, 20876, 22355, 25691, 26867, 27008, 32079, 33579, 39960, 41568, 42417, 43244, 44225, 45100, 48512, 49094, 51093, 52007, 52228, 52945, 55707, 55823, 56823, 56852, 57274, 58879, 59112, 59322, 59352, 60580, 61041, 61063, 61119, 61647, 62575, 63523, 64051, 64556, 64566, 64572, 64587, 64595, 64612, 64635, 64644, 64666, 65323, 65554, 65890, 66529]
27,149,[4046, 4054, 5155, 5863, 6490, 7756, 11847, 14868, 16130, 17648, 17776, 17906, 18130, 18142, 18753, 19382, 20432, 20556, 21098, 21927, 23510, 23894, 24418, 25390, 26670, 28191, 29700, 30129, 31531, 33577, 34576, 34876, 35739, 35931, 36028, 37037, 37052, 37075, 37356, 37391, 41615, 41666, 43966, 45408, 45838, 45862, 45921, 46411, 46432, 47985, 48490, 48500, 48516, 48839, 48898, 49168, 50290, 50367, 51442, 52154, 53065, 53102, 53407, 53419, 54269, 54689, 55052, 56627, 56917, 56975, 57132, 58285, 58901, 59886, 61774, 61997, 62016, 62025, 62574, 62727, 62819, 62843, 62888, 63950, 64060, 66019, 68214, 73060, 73078, 73111, 73581, 74501, 76620, 76656, 76874, 77030, 77082, 77239, 77244, 78384, 79312, 79735, 79767, 79852, 80192, 80714, 80715, 82950, 86495, 88972, 88992, 92745, 93395, 93403, 93615, 94464, 94500, 94520, 96365, 96795, 97174, 98092, 98660, 98933, 98965, 98974, 99034, 99479, 99492, 100140, 100379, 101288, 101289, 101295, 101397, 101873, 102301, 104337, 104716, 107747, 107791, 108000, 108238, 108485, 108535, 108673, 108705, 108879, 109071]
28,8,[670, 778, 3001, 3301, 5890, 6183, 7132, 11632]
30,132,[8300, 12307, 17005, 17477, 26785, 30005, 37599, 37992, 38020, 38032, 38745, 43153, 43160, 65204, 73721, 83209, 92352, 93387, 95790, 96079, 105357, 107908, 107912, 113635, 125730, 125921, 129585, 142158, 153593, 159406, 161350, 170437, 190783, 197855, 197936, 215096, 248622, 250938, 282853, 317204, 351411, 351687, 360257, 362903, 374297, 398622, 398930, 451393, 451410, 505997, 506346, 506798, 511003, 513458, 516617, 521125, 521506, 521529, 524873, 524939, 526293, 530027, 531713, 532491, 536082, 540441, 540862, 542794, 543786, 545518, 546108, 546586, 547419, 548180, 548810, 550322, 550434, 550713, 550716, 550852, 551206, 555553, 556465, 558381, 563188, 564593, 564720, 566011, 566365, 570058, 570236, 574291, 574900, 575779, 576016, 577071, 577648, 579209, 580539, 583212, 583240, 590079, 593369, 596057, 598012, 598455, 598461, 600340, 602656, 614047, 614119, 614137, 614175, 615717, 615999, 616753, 616816, 618716, 620612, 620789, 621566, 623023, 626607, 627127, 631105, 632783, 635364, 635489, 636534, 638256, 639651, 640729]
6,3,[339, 620, 624]
8,3,[392, 417, 522]
9,7,[1549, 1552, 1733, 1813, 2069, 2676, 2684]
10,132,[8394, 12401, 17099, 17571, 26879, 30099, 37697, 38090, 38118, 38130, 38843, 43251, 43258, 65307, 73824, 83316, 92459, 93494, 95897, 96186, 105468, 108019, 108023, 113746, 125841, 126032, 129697, 142270, 153706, 159519, 161464, 170560, 190915, 197987, 198068, 215238, 248775, 251091, 283008, 317363, 351570, 351846, 360417, 363063, 374460, 398788, 399096, 451563, 451580, 506166, 506515, 506967, 511172, 513627, 516789, 521297, 521678, 521701, 525045, 525111, 526465, 530202, 531888, 532666, 536257, 540616, 541037, 542969, 543961, 545693, 546283, 546761, 547594, 548355, 548985, 550500, 550612, 550891, 550894, 551030, 551384, 555731, 556643, 558559, 563366, 564773, 564900, 566191, 566545, 570238, 570416, 574471, 575080, 575959, 576196, 577251, 577828, 579389, 580719, 583392, 583420, 590264, 593560, 596248, 598203, 598646, 598652, 600537, 602853, 614281, 614353, 614371, 614409, 615956, 616238, 616996, 617059, 618968, 620864, 621041, 621818, 623275, 626864, 627387, 631380, 633058, 635639, 635764, 636809, 638531, 639926, 641004]
11,41,[485, 1350, 1848, 1856, 1887, 2323, 2419, 2537, 2823, 2895, 3128, 3481, 4020, 4095, 4336, 4624, 5779, 6080, 6226, 6850, 8026, 8080, 9505, 10090, 10412, 10938, 13902, 15049, 15327, 16134, 16446, 17335, 19211, 19216, 19217, 19326, 19481, 19883, 19955, 20191, 20361]
12,40,[4788, 5345, 5367, 5648, 5846, 5870, 5877, 5883, 6450, 6618, 6895, 7448, 9239, 9533, 9615, 9633, 9808, 10542, 10570, 12034, 12253, 12452, 13646, 14100, 14836, 14876, 16551, 16781, 17024, 17187, 18214, 18572, 20600, 20883, 21030, 21255, 22185, 22197, 22374, 23126]
13,7,[1074, 2261, 2432, 2805, 2908, 3079, 3365]
14,41,[1240, 9020, 9181, 15420, 18748, 21227, 23741, 31841, 33667, 34371, 39368, 51976, 63511, 78178, 84688, 85764, 87751, 88898, 91894, 93289, 98594, 109418, 112852, 115126, 117354, 122107, 135185, 138550, 141618, 152490, 156354, 157006, 159279, 171440, 172992, 173541, 174467, 177050, 187037, 187796, 188656]
15,283,[713, 2623, 3654, 4120, 4519, 4744, 5578, 6667, 7212, 7566, 8186, 8436, 9316, 9511, 9865, 9920, 9992, 10905, 11021, 13065, 14449, 14457, 14719, 15199, 18222, 18761, 18768, 19017, 19579, 20976, 21538, 22315, 23208, 24070, 24752, 26279, 26346, 27607, 27745, 27756, 27784, 28400, 28490, 28894, 29270, 29290, 29753, 29948, 30671, 30818, 30906, 31350, 31506, 32797, 33513, 33942, 34336, 36102, 36609, 37284, 37381, 40202, 40457, 40626, 41958, 42343, 42418, 42785, 44781, 46133, 46161, 46566, 46879, 47039, 47722, 48131, 48447, 48496, 49450, 49650, 50407, 50787, 52591, 52785, 53435, 53566, 54068, 54724, 55620, 57678, 60207, 61845, 62340, 62703, 64211, 64874, 65058, 65257, 65418, 65604, 65633, 65780, 65980, 66034, 66372, 67536, 69271, 69286, 70612, 71039, 71337, 71970, 73363, 74532, 74633, 75959, 76401, 77320, 78928, 79328, 79935, 82760, 82773, 83301, 84493, 84511, 86381, 87874, 87919, 89580, 89790, 89848, 89896, 91194, 91231, 91324, 91351, 91857, 92157, 92433, 93708, 94110, 94913, 95697, 95756, 97281, 98285, 98526, 99231, 99569, 99586, 99776, 101737, 101750, 101766, 101842, 101959, 102067, 102432, 103090, 103383, 103629, 103770, 104292, 106333, 108079, 108182, 109024, 109465, 109682, 109702, 110103, 110449, 110716, 112012, 112336, 112912, 113098, 113274, 114001, 118613, 118626, 118951, 119020, 120408, 120896, 121089, 122540, 123083, 123273, 123426, 123459, 123486, 124955, 126079, 126231, 127841, 129285, 129292, 131994, 132342, 132728, 132781, 133651, 134662, 135829, 136330, 136360, 136372, 136384, 138372, 138412, 138671, 139255, 139778, 139881, 140253, 140543, 140639, 141220, 141746, 142782, 143194, 143305, 143325, 143335, 143364, 143376, 143497, 143807, 144073, 144213, 144414, 144945, 145148, 146184, 146745, 146917, 147015, 147059, 147081, 148612, 149437, 150976, 150995, 151066, 151418, 151472, 151904, 152429, 152569, 153995, 154616, 155157, 155690, 155941, 156042, 157890, 158997, 159317, 159624, 159891, 159949, 159951, 159972, 160320, 160520, 160589, 160669, 160779, 160796, 161819, 164167, 165926, 166999, 167485, 169291, 170068, 170341, 170571, 170625, 172749, 173155]
16,61,[174, 212, 2201, 2540, 3231, 4822, 5379, 5587, 6667, 6852, 8680, 8752, 9841, 9851, 9931, 10425, 11873, 12010, 13475, 13587, 14130, 14451, 14939, 15500, 15569, 17157, 17349, 17409, 17733, 18000, 18243, 18461, 18870, 19010, 19621, 19998, 20156, 20808, 21528, 21601, 21755, 22068, 22335, 23703, 24568, 25086, 25188, 25339, 25354, 25604, 26570, 27475, 28717, 33086, 33769, 34253, 34309, 34341, 34885, 35128, 35241]
17,244,[912, 918, 2613, 2648, 5153, 6701, 7061, 7371, 10586, 10595, 10923, 11832, 12731, 12755, 12770, 12785, 12791, 12803, 12829, 14003, 14293, 15078, 15641, 15646, 16744, 17745, 17757, 18033, 20180, 20225, 20262, 20273, 20276, 20312, 20517, 20526, 20544, 20554, 20647, 20709, 21347, 21683, 21808, 21814, 21823, 22383, 22413, 22421, 22441, 22462, 22546, 22622, 22680, 22837, 22877, 22892, 25946, 27807, 27882, 27889, 27918, 27940, 27949, 27977, 28000, 28143, 28149, 28157, 28196, 28303, 28320, 28423, 28593, 28630, 29405, 29681, 30011, 30254, 30586, 37557, 38143, 38172, 38448, 38591, 38633, 40653, 41205, 41211, 41220, 41226, 41358, 41372, 42655, 42877, 42901, 43526, 43738, 43863, 43881, 43895, 43904, 43911, 44440, 44748, 45204, 45217, 45332, 45366, 45532, 45747, 46701, 46712, 47260, 48504, 49601, 50520, 50716, 50825, 51308, 51807, 52667, 52679, 52797, 54663, 55289, 55566, 55781, 58962, 59707, 59813, 60172, 66269, 66838, 67920, 71874, 78041, 78089, 79728, 81241, 82113, 85597, 85837, 85927, 86224, 86548, 86949, 87975, 90447, 93598, 94107, 94113, 96076, 98281, 108430, 113869, 114452, 115560, 115814, 116102, 116153, 116250, 116321, 116342, 116668, 116953, 117541, 117547, 117562, 117597, 117937, 120164, 120565, 120574, 121924, 122963, 130313, 146713, 153707, 154178, 155120, 159460, 164637, 166094, 166101, 167388, 167686, 167697, 171019, 171023, 171029, 171060, 176943, 176962, 179651, 179765, 181701, 181768, 181788, 181996, 186029, 186032, 187783, 188255, 189465, 189512, 189639, 189650, 194178, 194197, 195281, 195292, 195304, 196521, 196532, 196539, 196654, 196662, 196687, 196746, 198018, 198033, 201497, 201548, 203878, 206822, 207057, 209138, 209885, 215216, 215278, 215288, 215356, 215721, 215801, 215839, 215857, 216260, 216942, 217535, 217539, 217542, 217547, 217550, 217579]
18,457,[569, 1060, 1834, 2018, 2152, 2193, 2702, 3114, 6010, 6388, 6814, 7126, 9790, 9799, 10520, 11051, 11469, 11630, 13260, 13988, 14592, 14607, 14921, 14930, 15164, 15350, 15366, 15483, 15899, 17243, 17385, 18211, 18231, 18474, 18519, 18533, 18609, 18624, 18638, 18663, 19134, 19319, 19339, 19352, 19450, 19467, 19476, 20124, 20217, 20260, 21295, 21899, 22252, 23089, 23378, 23397, 23486, 23545, 23552, 24031, 24093, 24955, 25240, 25260, 25279, 25287, 25293, 25311, 25327, 25352, 26911, 29456, 29730, 30632, 31327, 31358, 31951, 32197, 32528, 33160, 34274, 34559, 34583, 34645, 34665, 35127, 35217, 35230, 35564, 36346, 36549, 36561, 36572, 36697, 36712, 36742, 37223, 37317, 37730, 37826, 37901, 38410, 38666, 38675, 39566, 39777, 39794, 39817, 39826, 40566, 40790, 41014, 41522, 42332, 42892, 43415, 43599, 43782, 43985, 44074, 44386, 44421, 45414, 46262, 46266, 46305, 46369, 46374, 46389, 47041, 47060, 47413, 47590, 47672, 47679, 47745, 47766, 48302, 48312, 48342, 48860, 48938, 48973, 49529, 50552, 50680, 50872, 50907, 50936, 51125, 51152, 51901, 52151, 52172, 52669, 54232, 55505, 55526, 55563, 55678, 55701, 55751, 55770, 55838, 56465, 56542, 57079, 57222, 57334, 57494, 57589, 57764, 57894, 57904, 58130, 58424, 58456, 58480, 58514, 58530, 58618, 58675, 58714, 58783, 58789, 58852, 59023, 60372, 60541, 61247, 61334, 61756, 62727, 62788, 62797, 63103, 64316, 65332, 65413, 65515, 66097, 66109, 66172, 66180, 66375, 66659, 67530, 67610, 67642, 68053, 68082, 68105, 68122, 68340, 68501, 69774, 69865, 70217, 70819, 72197, 72580, 72822, 72990, 73167, 73370, 73409, 73414, 73597, 73761, 73829, 74777, 74859, 75098, 75883, 76109, 76296, 76556, 76634, 76760, 77493, 77584, 77590, 78073, 78555, 78874, 78955, 79359, 79490, 79918, 82016, 83419, 83757, 83843, 84955, 85267, 85330, 85509, 85556, 85640, 85651, 85659, 85722, 86322, 86374, 86438, 86652, 86929, 87019, 87025, 87034, 87049, 87111, 87191, 87680, 87703, 89339, 89762, 90119, 91243, 91693, 92214, 92305, 92414, 92663, 92827, 93104, 93273, 94640, 94717, 94814, 95363, 96446, 96873, 97059, 97808, 98288, 99250, 99765, 99781, 99860, 100008, 100045, 100736, 101092, 101845, 101851, 101857, 102027, 102233, 102331, 102354, 102487, 102538, 102603, 102984, 103894, 103904, 103916, 104090, 105055, 105072, 105138, 105210, 105216, 105222, 105229, 105239, 106377, 106692, 106723, 107261, 107468, 107543, 108397, 108906, 109592, 109793, 109993, 110205, 110766, 111262, 111776, 112100, 113092, 113548, 114717, 115026, 115071, 115104, 115664, 115836, 116368, 116687, 116758, 116853, 117684, 117703, 117905, 118057, 118229, 118761, 119079, 119150, 119245, 120076, 120095, 120297, 120465, 120560, 120645, 121026, 122176, 122278, 122288, 122351, 122499, 122776, 123070, 124075, 125992, 126629, 126663, 127437, 127470, 127540, 127788, 128069, 128392, 129329, 129426, 129496, 129791, 130789, 130895, 131045, 131160, 131223, 131428, 131819, 131897, 132281, 132326, 132541, 132548, 132593, 132685, 133407, 133432, 133835, 135957, 137320, 137706, 139156, 139162, 139759, 140455, 140476, 140775, 140900, 141220, 141310, 141387, 141409, 141458, 141964, 142404, 142944, 143123, 143272, 144482, 144661, 145186, 145208, 145393, 145418, 145477, 145565, 145589, 145601, 146087, 146981, 147251, 147472, 147656, 148060, 148092, 148226, 148290, 148387, 148453, 148783, 148806, 148853, 148858, 148863, 148870, 149063]
19,8,[6077, 6134, 6192, 7809, 7962, 19610, 23844, 24300]
20,75,[1033, 1537, 4034, 4048, 5459, 5781, 5791, 5794, 6174, 6427, 6558, 6621, 6826, 7812, 10637, 12167, 12278, 12285, 12820, 12825, 12906, 16362, 16368, 18578, 18810, 19547, 19840, 20151, 21609, 26071, 26212, 31210, 32703, 39017, 40630, 41481, 42316, 43275, 44137, 47507, 48081, 50049, 50951, 51171, 51866, 54546, 54662, 55663, 55692, 56118, 57705, 57932, 58134, 58164, 59321, 59756, 59777, 59833, 60352, 61271, 62186, 62712, 63195, 63205, 63211, 63226, 63234, 63251, 63271, 63280, 63301, 63936, 64160, 64491, 65118]
21,30,[2236, 3076, 3815, 4577, 6287, 7551, 8296, 8451, 12083, 12693, 13543, 14660, 17169, 17606, 18434, 18793, 20376, 21966, 22893, 23434, 24614, 26067, 27105, 30495, 30839, 31068, 31132, 31457, 31852, 32370]
22,16,[23265, 59044, 64580, 67315, 75014, 76354, 84758, 85513, 85641, 85672, 85674, 95259, 116409, 127378, 130906, 156607]
23,46,[1376, 1966, 2348, 2525, 2605, 2945, 4234, 4241, 4385, 4742, 5679, 5686, 5690, 7145, 7161, 7971, 9215, 9457, 11067, 15096, 16138, 18193, 18552, 18560, 18592, 18700, 18802, 18809, 19526, 20444, 20814, 20915, 21208, 21259, 21842, 25341, 25346, 25588, 26114, 26303, 26305, 27087, 27303, 28061, 28068, 28275]
24,60,[882, 1353, 1733, 2579, 4038, 4092, 4148, 4891, 6553, 7756, 8188, 8357, 9192, 10045, 10154, 10649, 12316, 15467, 16147, 16152, 16594, 16686, 16874, 17086, 17881, 18178, 19452, 19778, 19784, 20217, 20365, 22469, 23101, 24583, 26880, 26885, 28619, 28938, 29144, 29974, 30610, 32243, 33452, 33782, 34517, 34876, 35157, 36368, 38082, 38306, 38312, 39079, 39400, 39430, 39676, 40086, 40124, 41439, 41499, 41550]
25,44,[1457, 7821, 7827, 9278, 9460, 15345, 18385, 20818, 23145, 30762, 32486, 33124, 37862, 49851, 54538, 56333, 61027, 74649, 81003, 82155, 84052, 85236, 88044, 89333, 94504, 104856, 108172, 110246, 112346, 117008, 129485, 132652, 135697, 146130, 149713, 150312, 152449, 166095, 166594, 167474, 169882, 179335, 180064, 180907]
26,75,[1398, 1912, 4533, 4547, 5976, 6299, 6309, 6312, 6692, 6947, 7139, 7346, 8334, 11198, 12754, 12864, 12871, 13408, 13412, 13493, 17011, 17017, 19287, 19520, 20256, 20557, 20876, 22355, 25691, 26867, 27008, 32079, 33579, 39960, 41568, 42417, 43244, 44225, 45100, 48512, 49094, 51093, 52007, 52228, 52945, 55707, 55823, 56823, 56852, 57274, 58879, 59112, 59322, 59352, 60580, 61041, 61063, 61119, 61647, 62575, 63523, 64051, 64556, 64566, 64572, 64587, 64595, 64612, 64635, 64644, 64666, 65323, 65554, 65890, 66529]
27,149,[4046, 4054, 5155, 5863, 6490, 7756, 11847, 14868, 16130, 17648, 17776, 17906, 18130, 18142, 18753, 19382, 20432, 20556, 21098, 21927, 23510, 23894, 24418, 25390, 26670, 28191, 29700, 30129, 31531, 33577, 34576, 34876, 35739, 35931, 36028, 37037, 37052, 37075, 37356, 37391, 41615, 41666, 43966, 45408, 45838, 45862, 45921, 46411, 46432, 47985, 48490, 48500, 48516, 48839, 48898, 49168, 50290, 50367, 51442, 52154, 53065, 53102, 53407, 53419, 54269, 54689, 55052, 56627, 56917, 56975, 57132, 58285, 58901, 59886, 61774, 61997, 62016, 62025, 62574, 62727, 62819, 62843, 62888, 63950, 64060, 66019, 68214, 73060, 73078, 73111, 73581, 74501, 76620, 76656, 76874, 77030, 77082, 77239, 77244, 78384, 79312, 79735, 79767, 79852, 80192, 80714, 80715, 82950, 86495, 88972, 88992, 92745, 93395, 93403, 93615, 94464, 94500, 94520, 96365, 96795, 97174, 98092, 98660, 98933, 98965, 98974, 99034, 99479, 99492, 100140, 100379, 101288, 101289, 101295, 101397, 101873, 102301, 104337, 104716, 107747, 107791, 108000, 108238, 108485, 108535, 108673, 108705, 108879, 109071]
28,8,[670, 778, 3001, 3301, 5890, 6183, 7132, 11632]
30,132,[8300, 12307, 17005, 17477, 26785, 30005, 37599, 37992, 38020, 38032, 38745, 43153, 43160, 65204, 73721, 83209, 92352, 93387, 95790, 96079, 105357, 107908, 107912, 113635, 125730, 125921, 129585, 142158, 153593, 159406, 161350, 170437, 190783, 197855, 197936, 215096, 248622, 250938, 282853, 317204, 351411, 351687, 360257, 362903, 374297, 398622, 398930, 451393, 451410, 505997, 506346, 506798, 511003, 513458, 516617, 521125, 521506, 521529, 524873, 524939, 526293, 530027, 531713, 532491, 536082, 540441, 540862, 542794, 543786, 545518, 546108, 546586, 547419, 548180, 548810, 550322, 550434, 550713, 550716, 550852, 551206, 555553, 556465, 558381, 563188, 564593, 564720, 566011, 566365, 570058, 570236, 574291, 574900, 575779, 576016, 577071, 577648, 579209, 580539, 583212, 583240, 590079, 593369, 596057, 598012, 598455, 598461, 600340, 602656, 614047, 614119, 614137, 614175, 615717, 615999, 616753, 616816, 618716, 620612, 620789, 621566, 623023, 626607, 627127, 631105, 632783, 635364, 635489, 636534, 638256, 639651, 640729]
