10,294,[231965, 232154, 234615, 234717, 234781, 234812, 237282, 237426, 237489, 237501, 237520, 237536, 237621, 237644, 237670, 237673, 237677, 237757, 237777, 237900, 237932, 237949, 237958, 238022, 238082, 238281, 238286, 238315, 238345, 238404, 238498, 238530, 243911, 274294, 274669, 276908, 276915, 276925, 276931, 277005, 277238, 277276, 277688, 277713, 277718, 279918, 279931, 279939, 279975, 279985, 280066, 280109, 280216, 280786, 280871, 281035, 281398, 286837, 291549, 292940, 330883, 342570, 342658, 368547, 368915, 369121, 369487, 371679, 379970, 380073, 380133, 380164, 382343, 384173, 384865, 384989, 404278, 404285, 404336, 404353, 404679, 404728, 404821, 404936, 405632, 406723, 406749, 407025, 407215, 407295, 407312, 408708, 408770, 408783, 408835, 408869, 408909, 408945, 408964, 409036, 409050, 409096, 409127, 409142, 409179, 409262, 409282, 409291, 409312, 409323, 409380, 409484, 409577, 409697, 409741, 409744, 409769, 409894, 410011, 410157, 410190, 410209, 410223, 410357, 412122, 412170, 412195, 412214, 412787, 413024, 413920, 413976, 414008, 414019, 414095, 414554, 414831, 415908, 416055, 416435, 416469, 416631, 417034, 417063, 417170, 417226, 417381, 417414, 417436, 417505, 417518, 417530, 417548, 417579, 417632, 417676, 417855, 417928, 417944, 417980, 418053, 418085, 418150, 418212, 418445, 418923, 419200, 419621, 419787, 420861, 421020, 421285, 421567, 423458, 423519, 423755, 423779, 423942, 423963, 424063, 424075, 424132, 424184, 424203, 424313, 424329, 424425, 424443, 424602, 424614, 424810, 424813, 424891, 424924, 424943, 424961, 425057, 425081, 425106, 425125, 425190, 425207, 425232, 425486, 425636, 425640, 425647, 425686, 425724, 425743, 425771, 425812, 425884, 425894, 425926, 425952, 426020, 426049, 426063, 426070, 426145, 426172, 426186, 426213, 426277, 426326, 426348, 426357, 426365, 426429, 426519, 426539, 426670, 426683, 426707, 426714, 426740, 426750, 426831, 426886, 427149, 427154, 427265, 427301, 427331, 435824, 439328, 439346, 439447, 439534, 440604, 442368, 442408, 444601, 445757, 448071, 448120, 448399, 448702, 448731, 448755, 449629, 462213, 462984, 463025, 463108, 463228, 463240, 463907, 463917, 463934, 463965, 464233, 464776, 464861, 465547, 465556, 465993, 467437, 483794, 490228, 491345, 496319, 496325, 496400, 496410, 569078, 627129, 637215, 638205, 638380, 638742, 638955, 639245]
15,1,[46555]
17,11,[1160, 6752, 18562, 18698, 35600, 35962, 36210, 36581, 37269, 37464, 53921]
26,3,[4902, 65635, 65664]
30,294,[231815, 232004, 234465, 234567, 234631, 234662, 237132, 237276, 237339, 237351, 237370, 237386, 237471, 237494, 237520, 237523, 237527, 237607, 237627, 237750, 237782, 237799, 237808, 237872, 237932, 238131, 238136, 238165, 238195, 238254, 238348, 238380, 243758, 274138, 274513, 276752, 276759, 276769, 276775, 276849, 277082, 277120, 277533, 277558, 277563, 279763, 279776, 279784, 279820, 279830, 279911, 279954, 280061, 280631, 280716, 280880, 281243, 286681, 291393, 292783, 330724, 342411, 342499, 368384, 368752, 368958, 369324, 371516, 379807, 379910, 379970, 380001, 382180, 384010, 384702, 384826, 404112, 404119, 404170, 404187, 404513, 404562, 404655, 404770, 405466, 406557, 406583, 406859, 407049, 407129, 407146, 408542, 408604, 408617, 408669, 408703, 408743, 408779, 408798, 408870, 408884, 408930, 408961, 408976, 409013, 409096, 409116, 409125, 409146, 409157, 409214, 409318, 409411, 409531, 409575, 409578, 409603, 409728, 409845, 409991, 410024, 410043, 410057, 410191, 411956, 412004, 412029, 412048, 412621, 412858, 413754, 413810, 413842, 413853, 413929, 414388, 414665, 415742, 415889, 416269, 416303, 416465, 416868, 416897, 417004, 417060, 417215, 417248, 417270, 417339, 417352, 417364, 417382, 417413, 417466, 417510, 417689, 417762, 417778, 417814, 417887, 417919, 417984, 418046, 418279, 418757, 419034, 419455, 419621, 420695, 420854, 421119, 421401, 423292, 423353, 423589, 423613, 423776, 423797, 423897, 423909, 423966, 424018, 424037, 424147, 424163, 424259, 424277, 424436, 424448, 424644, 424647, 424725, 424758, 424777, 424795, 424891, 424915, 424940, 424959, 425024, 425041, 425066, 425320, 425470, 425474, 425481, 425520, 425558, 425577, 425605, 425646, 425718, 425728, 425760, 425786, 425854, 425883, 425897, 425904, 425979, 426006, 426020, 426047, 426111, 426160, 426182, 426191, 426199, 426263, 426353, 426373, 426504, 426517, 426541, 426548, 426574, 426584, 426665, 426720, 426983, 426988, 427099, 427135, 427165, 435654, 439158, 439176, 439277, 439364, 440434, 442198, 442238, 444431, 445587, 447901, 447950, 448229, 448532, 448561, 448585, 449459, 462042, 462813, 462854, 462937, 463057, 463069, 463736, 463746, 463763, 463794, 464062, 464605, 464690, 465376, 465385, 465822, 467266, 483629, 490068, 491185, 496150, 496156, 496231, 496241, 568898, 626872, 636940, 637930, 638105, 638467, 638680, 638970]
10,294,[231965, 232154, 234615, 234717, 234781, 234812, 237282, 237426, 237489, 237501, 237520, 237536, 237621, 237644, 237670, 237673, 237677, 237757, 237777, 237900, 237932, 237949, 237958, 238022, 238082, 238281, 238286, 238315, 238345, 238404, 238498, 238530, 243911, 274294, 274669, 276908, 276915, 276925, 276931, 277005, 277238, 277276, 277688, 277713, 277718, 279918, 279931, 279939, 279975, 279985, 280066, 280109, 280216, 280786, 280871, 281035, 281398, 286837, 291549, 292940, 330883, 342570, 342658, 368547, 368915, 369121, 369487, 371679, 379970, 380073, 380133, 380164, 382343, 384173, 384865, 384989, 404278, 404285, 404336, 404353, 404679, 404728, 404821, 404936, 405632, 406723, 406749, 407025, 407215, 407295, 407312, 408708, 408770, 408783, 408835, 408869, 408909, 408945, 408964, 409036, 409050, 409096, 409127, 409142, 409179, 409262, 409282, 409291, 409312, 409323, 409380, 409484, 409577, 409697, 409741, 409744, 409769, 409894, 410011, 410157, 410190, 410209, 410223, 410357, 412122, 412170, 412195, 412214, 412787, 413024, 413920, 413976, 414008, 414019, 414095, 414554, 414831, 415908, 416055, 416435, 416469, 416631, 417034, 417063, 417170, 417226, 417381, 417414, 417436, 417505, 417518, 417530, 417548, 417579, 417632, 417676, 417855, 417928, 417944, 417980, 418053, 418085, 418150, 418212, 418445, 418923, 419200, 419621, 419787, 420861, 421020, 421285, 421567, 423458, 423519, 423755, 423779, 423942, 423963, 424063, 424075, 424132, 424184, 424203, 424313, 424329, 424425, 424443, 424602, 424614, 424810, 424813, 424891, 424924, 424943, 424961, 425057, 425081, 425106, 425125, 425190, 425207, 425232, 425486, 425636, 425640, 425647, 425686, 425724, 425743, 425771, 425812, 425884, 425894, 425926, 425952, 426020, 426049, 426063, 426070, 426145, 426172, 426186, 426213, 426277, 426326, 426348, 426357, 426365, 426429, 426519, 426539, 426670, 426683, 426707, 426714, 426740, 426750, 426831, 426886, 427149, 427154, 427265, 427301, 427331, 435824, 439328, 439346, 439447, 439534, 440604, 442368, 442408, 444601, 445757, 448071, 448120, 448399, 448702, 448731, 448755, 449629, 462213, 462984, 463025, 463108, 463228, 463240, 463907, 463917, 463934, 463965, 464233, 464776, 464861, 465547, 465556, 465993, 467437, 483794, 490228, 491345, 496319, 496325, 496400, 496410, 569078, 627129, 637215, 638205, 638380, 638742, 638955, 639245]
15,1,[46555]
17,11,[1160, 6752, 18562, 18698, 35600, 35962, 36210, 36581, 37269, 37464, 53921]
26,3,[4902, 65635, 65664]
30,294,[231815, 232004, 234465, 234567, 234631, 234662, 237132, 237276, 237339, 237351, 237370, 237386, 237471, 237494, 237520, 237523, 237527, 237607, 237627, 237750, 237782, 237799, 237808, 237872, 237932, 238131, 238136, 238165, 238195, 238254, 238348, 238380, 243758, 274138, 274513, 276752, 276759, 276769, 276775, 276849, 277082, 277120, 277533, 277558, 277563, 279763, 279776, 279784, 279820, 279830, 279911, 279954, 280061, 280631, 280716, 280880, 281243, 286681, 291393, 292783, 330724, 342411, 342499, 368384, 368752, 368958, 369324, 371516, 379807, 379910, 379970, 380001, 382180, 384010, 384702, 384826, 404112, 404119, 404170, 404187, 404513, 404562, 404655, 404770, 405466, 406557, 406583, 406859, 407049, 407129, 407146, 408542, 408604, 408617, 408669, 408703, 408743, 408779, 408798, 408870, 408884, 408930, 408961, 408976, 409013, 409096, 409116, 409125, 409146, 409157, 409214, 409318, 409411, 409531, 409575, 409578, 409603, 409728, 409845, 409991, 410024, 410043, 410057, 410191, 411956, 412004, 412029, 412048, 412621, 412858, 413754, 413810, 413842, 413853, 413929, 414388, 414665, 415742, 415889, 416269, 416303, 416465, 416868, 416897, 417004, 417060, 417215, 417248, 417270, 417339, 417352, 417364, 417382, 417413, 417466, 417510, 417689, 417762, 417778, 417814, 417887, 417919, 417984, 418046, 418279, 418757, 419034, 419455, 419621, 420695, 420854, 421119, 421401, 423292, 423353, 423589, 423613, 423776, 423797, 423897, 423909, 423966, 424018, 424037, 424147, 424163, 424259, 424277, 424436, 424448, 424644, 424647, 424725, 424758, 424777, 424795, 424891, 424915, 424940, 424959, 425024, 425041, 425066, 425320, 425470, 425474, 425481, 425520, 425558, 425577, 425605, 425646, 425718, 425728, 425760, 425786, 425854, 425883, 425897, 425904, 425979, 426006, 426020, 426047, 426111, 426160, 426182, 426191, 426199, 426263, 426353, 426373, 426504, 426517, 426541, 426548, 426574, 426584, 426665, 426720, 426983, 426988, 427099, 427135, 427165, 435654, 439158, 439176, 439277, 439364, 440434, 442198, 442238, 444431, 445587, 447901, 447950, 448229, 448532, 448561, 448585, 449459, 462042, 462813, 462854, 462937, 463057, 463069, 463736, 463746, 463763, 463794, 464062, 464605, 464690, 465376, 465385, 465822, 467266, 483629, 490068, 491185, 496150, 496156, 496231, 496241, 568898, 626872, 636940, 637930, 638105, 638467, 638680, 638970]
