6,1,[685]
10,8,[46272, 132142, 132241, 158976, 271258, 288994, 433991, 434708]
11,1,[12876]
15,13,[21719, 68986, 79225, 81786, 81981, 90703, 101660, 111154, 118929, 119159, 120108, 128587, 137930]
16,1,[24487]
17,6,[65330, 72157, 75120, 84556, 86803, 156940]
20,1,[35853]
23,3,[13488, 30429, 30715]
24,2,[4968, 40289]
26,1,[36753]
27,5,[5758, 21236, 24202, 32041, 92031]
30,8,[46174, 132030, 132129, 158863, 271102, 288838, 433821, 434538]
6,1,[685]
10,8,[46272, 132142, 132241, 158976, 271258, 288994, 433991, 434708]
11,1,[12876]
15,13,[21719, 68986, 79225, 81786, 81981, 90703, 101660, 111154, 118929, 119159, 120108, 128587, 137930]
16,1,[24487]
17,6,[65330, 72157, 75120, 84556, 86803, 156940]
20,1,[35853]
23,3,[13488, 30429, 30715]
24,2,[4968, 40289]
26,1,[36753]
27,5,[5758, 21236, 24202, 32041, 92031]
30,8,[46174, 132030, 132129, 158863, 271102, 288838, 433821, 434538]
