10,1,[372189]
12,6,[482, 590, 634, 715, 1056, 21056]
15,12,[2991, 3427, 39993, 53758, 66466, 79993, 81342, 87375, 118684, 137765, 138896, 167534]
16,1,[19688]
17,10,[13182, 13192, 13387, 13692, 13714, 13741, 13829, 25368, 55845, 121365]
19,2,[13265, 23041]
22,26,[9081, 9481, 9536, 19144, 20319, 33293, 33335, 33384, 33387, 33390, 37195, 39050, 45863, 55271, 83335, 101476, 104831, 111824, 112105, 112797, 114588, 133096, 133327, 133735, 142851, 144564]
23,1,[19761]
24,6,[19239, 23717, 23737, 23996, 24216, 39386]
26,1,[21815]
27,27,[22108, 22284, 28583, 30052, 30076, 32777, 33767, 33888, 35344, 38528, 39698, 40280, 41179, 49022, 58698, 58793, 58921, 59169, 59218, 59248, 59554, 60381, 60401, 60576, 62485, 91252, 104584]
30,1,[372026]
10,1,[372189]
12,6,[482, 590, 634, 715, 1056, 21056]
15,12,[2991, 3427, 39993, 53758, 66466, 79993, 81342, 87375, 118684, 137765, 138896, 167534]
16,1,[19688]
17,10,[13182, 13192, 13387, 13692, 13714, 13741, 13829, 25368, 55845, 121365]
19,2,[13265, 23041]
22,26,[9081, 9481, 9536, 19144, 20319, 33293, 33335, 33384, 33387, 33390, 37195, 39050, 45863, 55271, 83335, 101476, 104831, 111824, 112105, 112797, 114588, 133096, 133327, 133735, 142851, 144564]
23,1,[19761]
24,6,[19239, 23717, 23737, 23996, 24216, 39386]
26,1,[21815]
27,27,[22108, 22284, 28583, 30052, 30076, 32777, 33767, 33888, 35344, 38528, 39698, 40280, 41179, 49022, 58698, 58793, 58921, 59169, 59218, 59248, 59554, 60381, 60401, 60576, 62485, 91252, 104584]
30,1,[372026]
