10,14,[294497, 294522, 294534, 294585, 294698, 294765, 295181, 295191, 295207, 295328, 295371, 310433, 466075, 479610]
11,1,[17584]
15,4,[20612, 46796, 90976, 95441]
19,5,[4466, 10016, 10078, 14761, 15934]
20,1,[53880]
22,4,[40904, 41089, 133142, 133717]
26,1,[55026]
30,14,[294340, 294365, 294377, 294428, 294541, 294608, 295024, 295034, 295050, 295171, 295214, 310275, 465904, 479442]
10,14,[294497, 294522, 294534, 294585, 294698, 294765, 295181, 295191, 295207, 295328, 295371, 310433, 466075, 479610]
11,1,[17584]
15,4,[20612, 46796, 90976, 95441]
19,5,[4466, 10016, 10078, 14761, 15934]
20,1,[53880]
22,4,[40904, 41089, 133142, 133717]
26,1,[55026]
30,14,[294340, 294365, 294377, 294428, 294541, 294608, 295024, 295034, 295050, 295171, 295214, 310275, 465904, 479442]
