10,61,[497190, 497339, 497348, 497374, 508542, 508547, 508564, 508569, 515606, 515656, 515681, 523122, 523127, 523152, 523155, 527958, 530381, 530486, 530653, 530660, 534253, 534271, 539809, 550768, 550788, 551009, 551017, 556979, 564528, 564533, 565636, 565702, 569590, 569603, 569665, 570033, 570076, 570483, 571864, 571875, 572141, 572146, 575647, 576005, 577030, 577471, 577483, 577511, 580168, 586806, 586811, 592063, 592070, 592083, 592088, 592097, 595486, 596693, 598281, 598294, 604785]
15,3,[19948, 29396, 42870]
17,85,[6939, 6951, 8062, 8067, 28596, 28622, 42995, 43008, 43028, 43069, 43136, 43151, 69608, 69812, 69853, 69884, 73089, 73146, 75957, 75967, 76264, 76573, 76704, 76706, 84172, 84185, 84232, 87080, 87148, 87996, 88692, 90514, 97274, 97310, 97331, 102608, 115729, 133621, 149094, 152369, 154380, 154469, 165978, 166063, 166139, 173668, 173688, 173721, 175178, 176599, 176845, 176866, 176950, 176965, 177152, 177172, 177219, 181428, 181582, 181730, 182088, 182696, 182706, 182720, 184889, 186087, 187574, 187637, 188094, 188225, 189137, 190165, 190252, 193579, 196811, 196917, 199047, 199265, 203065, 203071, 209293, 213708, 213713, 214963, 215724]
26,2,[4045, 66662]
30,61,[497021, 497170, 497179, 497205, 508373, 508378, 508395, 508400, 515434, 515484, 515509, 522950, 522955, 522980, 522983, 527786, 530206, 530311, 530478, 530485, 534078, 534096, 539634, 550590, 550610, 550831, 550839, 556801, 564348, 564353, 565456, 565522, 569410, 569423, 569485, 569853, 569896, 570303, 571684, 571695, 571961, 571966, 575467, 575825, 576850, 577291, 577303, 577331, 579988, 586621, 586626, 591872, 591879, 591892, 591897, 591906, 595295, 596502, 598090, 598103, 604583]
10,61,[497190, 497339, 497348, 497374, 508542, 508547, 508564, 508569, 515606, 515656, 515681, 523122, 523127, 523152, 523155, 527958, 530381, 530486, 530653, 530660, 534253, 534271, 539809, 550768, 550788, 551009, 551017, 556979, 564528, 564533, 565636, 565702, 569590, 569603, 569665, 570033, 570076, 570483, 571864, 571875, 572141, 572146, 575647, 576005, 577030, 577471, 577483, 577511, 580168, 586806, 586811, 592063, 592070, 592083, 592088, 592097, 595486, 596693, 598281, 598294, 604785]
15,3,[19948, 29396, 42870]
17,85,[6939, 6951, 8062, 8067, 28596, 28622, 42995, 43008, 43028, 43069, 43136, 43151, 69608, 69812, 69853, 69884, 73089, 73146, 75957, 75967, 76264, 76573, 76704, 76706, 84172, 84185, 84232, 87080, 87148, 87996, 88692, 90514, 97274, 97310, 97331, 102608, 115729, 133621, 149094, 152369, 154380, 154469, 165978, 166063, 166139, 173668, 173688, 173721, 175178, 176599, 176845, 176866, 176950, 176965, 177152, 177172, 177219, 181428, 181582, 181730, 182088, 182696, 182706, 182720, 184889, 186087, 187574, 187637, 188094, 188225, 189137, 190165, 190252, 193579, 196811, 196917, 199047, 199265, 203065, 203071, 209293, 213708, 213713, 214963, 215724]
26,2,[4045, 66662]
30,61,[497021, 497170, 497179, 497205, 508373, 508378, 508395, 508400, 515434, 515484, 515509, 522950, 522955, 522980, 522983, 527786, 530206, 530311, 530478, 530485, 534078, 534096, 539634, 550590, 550610, 550831, 550839, 556801, 564348, 564353, 565456, 565522, 569410, 569423, 569485, 569853, 569896, 570303, 571684, 571695, 571961, 571966, 575467, 575825, 576850, 577291, 577303, 577331, 579988, 586621, 586626, 591872, 591879, 591892, 591897, 591906, 595295, 596502, 598090, 598103, 604583]
