14,3,[75338, 126110, 133343]
18,14,[12186, 27928, 33131, 49109, 71406, 79175, 82607, 88736, 97227, 109384, 128653, 130749, 130757, 140747]
22,6,[31742, 98759, 106917, 106918, 109473, 118107]
23,2,[1978, 14381]
25,3,[71753, 120819, 127650]
27,1,[87211]
14,3,[75338, 126110, 133343]
18,14,[12186, 27928, 33131, 49109, 71406, 79175, 82607, 88736, 97227, 109384, 128653, 130749, 130757, 140747]
22,6,[31742, 98759, 106917, 106918, 109473, 118107]
23,2,[1978, 14381]
25,3,[71753, 120819, 127650]
27,1,[87211]
