13,1,[186]
14,235,[792, 2735, 2766, 5069, 6152, 6625, 7358, 8042, 9126, 9418, 9622, 11588, 12875, 14794, 15003, 15018, 15560, 16604, 16854, 17708, 18698, 19592, 19871, 20148, 21620, 21799, 21930, 22312, 23330, 23556, 24325, 26213, 26989, 28178, 29856, 30916, 31552, 32389, 32399, 34874, 35722, 35952, 36020, 36567, 36928, 37255, 37604, 39268, 39817, 41626, 43250, 44183, 44426, 45277, 46386, 46656, 48164, 48345, 48525, 48540, 49023, 49283, 49386, 49737, 50207, 50469, 50735, 51878, 53045, 53668, 54174, 54374, 54435, 54763, 55398, 56205, 57385, 58245, 60600, 61230, 62083, 62888, 66394, 69202, 69660, 71380, 72268, 73331, 74945, 75261, 75869, 76369, 77920, 79161, 80133, 81092, 82298, 82665, 82769, 84938, 86052, 88419, 88845, 89591, 89815, 90424, 90644, 92872, 93669, 93891, 94488, 94693, 96381, 98420, 98972, 99656, 100176, 101228, 101497, 102057, 102069, 102300, 103088, 103701, 104010, 104028, 104457, 104731, 104749, 105452, 105971, 106939, 107205, 107909, 108330, 109039, 109227, 109828, 110166, 110536, 111917, 112805, 113362, 114203, 114465, 115111, 116813, 117339, 117550, 118463, 119535, 120407, 120489, 120557, 121220, 122732, 123950, 124641, 126243, 128275, 129152, 132817, 132895, 133607, 134832, 136040, 137157, 138036, 139141, 140144, 140393, 140682, 141607, 144209, 144424, 144437, 145754, 147294, 148622, 149246, 150490, 150673, 151133, 151856, 152059, 152589, 152726, 153653, 154488, 155200, 155904, 155911, 156221, 157273, 157722, 157811, 158442, 158596, 160799, 160928, 161179, 163983, 164188, 166154, 166340, 168965, 170098, 171067, 172177, 172643, 173378, 173997, 174265, 174977, 176874, 177028, 177117, 177918, 179071, 181377, 182395, 183420, 183461, 184483, 185589, 186451, 189083, 190312, 191183, 191361, 193279, 194096, 195020, 195050, 195664]
15,3,[6436, 42994, 48189]
19,1,[90]
22,5,[41, 29174, 29728, 55356, 62530]
25,243,[974, 1929, 2610, 3087, 3117, 5429, 6462, 6865, 7576, 8279, 9410, 9669, 9868, 11727, 12934, 14758, 14952, 14965, 15474, 16410, 16666, 17425, 18337, 19162, 19410, 19657, 21155, 21331, 21482, 21827, 22772, 22977, 23658, 25417, 26130, 26613, 27296, 28148, 28865, 29878, 30480, 31262, 31272, 33582, 34364, 34593, 34655, 35202, 35558, 35886, 36204, 37772, 38277, 40016, 41488, 42368, 42611, 43446, 44511, 44837, 46292, 46456, 46625, 46638, 47108, 47363, 47784, 48258, 48479, 48722, 49759, 50875, 51521, 52006, 52202, 52261, 52575, 53142, 53845, 55018, 55861, 58179, 58803, 59644, 60436, 63404, 65993, 66463, 68072, 68881, 69809, 71343, 71673, 72263, 72817, 74289, 75585, 76503, 77381, 78603, 78942, 79040, 79339, 81265, 82409, 84736, 85180, 85875, 86119, 86680, 86885, 88948, 89689, 89947, 90531, 90726, 92304, 94319, 94881, 95520, 96159, 97099, 97361, 97885, 97897, 98185, 98930, 99592, 99870, 99887, 100266, 100536, 100552, 101172, 101640, 102544, 102800, 103462, 103855, 104508, 104675, 105252, 105742, 106072, 107321, 108126, 108643, 109415, 109670, 110231, 111840, 112331, 112502, 113410, 114477, 115305, 115505, 116136, 117551, 118775, 119414, 120948, 122828, 123671, 127162, 127233, 127890, 129053, 130255, 131325, 132171, 133320, 134298, 134545, 134834, 135686, 138230, 138456, 138469, 139684, 141266, 142531, 143116, 144259, 144423, 144854, 145502, 145734, 146220, 146346, 147162, 147935, 148604, 149288, 149294, 149585, 150561, 151036, 151123, 151694, 151843, 153189, 153955, 154009, 154143, 154292, 154426, 157143, 157374, 158053, 159242, 159413, 162014, 163146, 164095, 165319, 165798, 166431, 167000, 167276, 167917, 169718, 169860, 169938, 170624, 171718, 173958, 174947, 175947, 175986, 176940, 177979, 178807, 181286, 182694, 185125, 185948, 186834, 186864, 187501, 191157, 197643, 197805]
27,5,[34357, 45207, 47234, 92449, 93921]
13,1,[186]
14,235,[792, 2735, 2766, 5069, 6152, 6625, 7358, 8042, 9126, 9418, 9622, 11588, 12875, 14794, 15003, 15018, 15560, 16604, 16854, 17708, 18698, 19592, 19871, 20148, 21620, 21799, 21930, 22312, 23330, 23556, 24325, 26213, 26989, 28178, 29856, 30916, 31552, 32389, 32399, 34874, 35722, 35952, 36020, 36567, 36928, 37255, 37604, 39268, 39817, 41626, 43250, 44183, 44426, 45277, 46386, 46656, 48164, 48345, 48525, 48540, 49023, 49283, 49386, 49737, 50207, 50469, 50735, 51878, 53045, 53668, 54174, 54374, 54435, 54763, 55398, 56205, 57385, 58245, 60600, 61230, 62083, 62888, 66394, 69202, 69660, 71380, 72268, 73331, 74945, 75261, 75869, 76369, 77920, 79161, 80133, 81092, 82298, 82665, 82769, 84938, 86052, 88419, 88845, 89591, 89815, 90424, 90644, 92872, 93669, 93891, 94488, 94693, 96381, 98420, 98972, 99656, 100176, 101228, 101497, 102057, 102069, 102300, 103088, 103701, 104010, 104028, 104457, 104731, 104749, 105452, 105971, 106939, 107205, 107909, 108330, 109039, 109227, 109828, 110166, 110536, 111917, 112805, 113362, 114203, 114465, 115111, 116813, 117339, 117550, 118463, 119535, 120407, 120489, 120557, 121220, 122732, 123950, 124641, 126243, 128275, 129152, 132817, 132895, 133607, 134832, 136040, 137157, 138036, 139141, 140144, 140393, 140682, 141607, 144209, 144424, 144437, 145754, 147294, 148622, 149246, 150490, 150673, 151133, 151856, 152059, 152589, 152726, 153653, 154488, 155200, 155904, 155911, 156221, 157273, 157722, 157811, 158442, 158596, 160799, 160928, 161179, 163983, 164188, 166154, 166340, 168965, 170098, 171067, 172177, 172643, 173378, 173997, 174265, 174977, 176874, 177028, 177117, 177918, 179071, 181377, 182395, 183420, 183461, 184483, 185589, 186451, 189083, 190312, 191183, 191361, 193279, 194096, 195020, 195050, 195664]
15,3,[6436, 42994, 48189]
19,1,[90]
22,5,[41, 29174, 29728, 55356, 62530]
25,243,[974, 1929, 2610, 3087, 3117, 5429, 6462, 6865, 7576, 8279, 9410, 9669, 9868, 11727, 12934, 14758, 14952, 14965, 15474, 16410, 16666, 17425, 18337, 19162, 19410, 19657, 21155, 21331, 21482, 21827, 22772, 22977, 23658, 25417, 26130, 26613, 27296, 28148, 28865, 29878, 30480, 31262, 31272, 33582, 34364, 34593, 34655, 35202, 35558, 35886, 36204, 37772, 38277, 40016, 41488, 42368, 42611, 43446, 44511, 44837, 46292, 46456, 46625, 46638, 47108, 47363, 47784, 48258, 48479, 48722, 49759, 50875, 51521, 52006, 52202, 52261, 52575, 53142, 53845, 55018, 55861, 58179, 58803, 59644, 60436, 63404, 65993, 66463, 68072, 68881, 69809, 71343, 71673, 72263, 72817, 74289, 75585, 76503, 77381, 78603, 78942, 79040, 79339, 81265, 82409, 84736, 85180, 85875, 86119, 86680, 86885, 88948, 89689, 89947, 90531, 90726, 92304, 94319, 94881, 95520, 96159, 97099, 97361, 97885, 97897, 98185, 98930, 99592, 99870, 99887, 100266, 100536, 100552, 101172, 101640, 102544, 102800, 103462, 103855, 104508, 104675, 105252, 105742, 106072, 107321, 108126, 108643, 109415, 109670, 110231, 111840, 112331, 112502, 113410, 114477, 115305, 115505, 116136, 117551, 118775, 119414, 120948, 122828, 123671, 127162, 127233, 127890, 129053, 130255, 131325, 132171, 133320, 134298, 134545, 134834, 135686, 138230, 138456, 138469, 139684, 141266, 142531, 143116, 144259, 144423, 144854, 145502, 145734, 146220, 146346, 147162, 147935, 148604, 149288, 149294, 149585, 150561, 151036, 151123, 151694, 151843, 153189, 153955, 154009, 154143, 154292, 154426, 157143, 157374, 158053, 159242, 159413, 162014, 163146, 164095, 165319, 165798, 166431, 167000, 167276, 167917, 169718, 169860, 169938, 170624, 171718, 173958, 174947, 175947, 175986, 176940, 177979, 178807, 181286, 182694, 185125, 185948, 186834, 186864, 187501, 191157, 197643, 197805]
27,5,[34357, 45207, 47234, 92449, 93921]
