14,19,[10154, 10171, 12277, 24136, 31700, 35868, 41421, 41425, 79002, 83581, 128424, 129302, 138917, 146088, 181063, 192984, 193018, 193072, 197344]
15,1,[114554]
22,5,[25912, 26261, 26316, 33709, 45281]
25,16,[10365, 10382, 12370, 23487, 34693, 39826, 39830, 75410, 79865, 132985, 140007, 173651, 184847, 184880, 184931, 190270]
27,4,[33559, 33749, 87214, 87403]
14,19,[10154, 10171, 12277, 24136, 31700, 35868, 41421, 41425, 79002, 83581, 128424, 129302, 138917, 146088, 181063, 192984, 193018, 193072, 197344]
15,1,[114554]
22,5,[25912, 26261, 26316, 33709, 45281]
25,16,[10365, 10382, 12370, 23487, 34693, 39826, 39830, 75410, 79865, 132985, 140007, 173651, 184847, 184880, 184931, 190270]
27,4,[33559, 33749, 87214, 87403]
