14,13,[6781, 31863, 43645, 45223, 59811, 95768, 96661, 127691, 129414, 152023, 155631, 180280, 181677]
15,3,[43394, 43516, 74420]
18,11,[9643, 12391, 18627, 20062, 20747, 35900, 82581, 107944, 134436, 145214, 146030]
19,1,[222]
20,1,[32825]
22,6,[29156, 29448, 61840, 98559, 99725, 99728]
25,31,[7017, 30784, 41880, 43393, 57462, 84315, 91710, 92569, 122329, 141221, 145699, 149040, 172903, 174248, 182762, 185256, 190952, 190970, 190988, 191013, 191937, 192783, 197761, 198056, 198417, 198448, 198497, 198592, 198898, 199559, 199582]
26,1,[33701]
27,2,[3058, 10869]
14,13,[6781, 31863, 43645, 45223, 59811, 95768, 96661, 127691, 129414, 152023, 155631, 180280, 181677]
15,3,[43394, 43516, 74420]
18,11,[9643, 12391, 18627, 20062, 20747, 35900, 82581, 107944, 134436, 145214, 146030]
19,1,[222]
20,1,[32825]
22,6,[29156, 29448, 61840, 98559, 99725, 99728]
25,31,[7017, 30784, 41880, 43393, 57462, 84315, 91710, 92569, 122329, 141221, 145699, 149040, 172903, 174248, 182762, 185256, 190952, 190970, 190988, 191013, 191937, 192783, 197761, 198056, 198417, 198448, 198497, 198592, 198898, 199559, 199582]
26,1,[33701]
27,2,[3058, 10869]
