10,106,[1169, 1236, 3184, 10045, 10600, 11134, 13777, 14678, 28045, 29893, 30052, 30974, 32470, 33469, 33498, 35428, 35462, 36209, 36219, 36814, 37171, 55415, 87927, 97364, 121713, 132069, 137537, 144112, 144835, 144904, 144947, 150025, 154849, 156060, 156196, 161769, 167415, 172101, 174238, 176311, 179115, 179253, 183591, 184800, 186902, 186980, 187148, 188751, 209418, 210640, 210965, 211646, 211656, 231415, 231737, 237286, 249170, 249245, 249410, 250011, 270302, 288972, 295993, 325825, 330152, 337279, 425661, 439160, 439177, 440478, 440538, 443611, 448895, 451224, 451278, 451282, 452331, 463523, 463549, 468310, 470005, 481214, 515243, 521523, 571152, 584831, 584845, 587060, 595313, 595365, 597148, 601525, 608824, 611547, 611881, 618412, 619320, 620165, 621616, 621853, 634012, 634019, 634725, 634790, 637849, 637877]
11,2,[10224, 20797]
13,1,[3150]
14,18,[21639, 27056, 32739, 42436, 44267, 47399, 55379, 68353, 76043, 79279, 101313, 107904, 116100, 136027, 157506, 157515, 170052, 170061]
15,24,[5251, 7595, 11392, 16634, 18933, 38501, 39337, 42763, 45950, 50514, 56874, 62157, 62884, 97829, 99745, 112031, 112917, 121978, 121991, 134934, 135799, 145331, 154936, 172157]
16,11,[3450, 3757, 6117, 8783, 9724, 17089, 20850, 26830, 32672, 35142, 36517]
17,96,[9118, 22695, 22811, 27906, 27992, 50248, 51723, 52444, 53069, 64312, 64617, 70017, 71513, 73643, 76319, 76346, 77178, 77374, 77405, 77434, 77833, 77843, 80344, 81972, 93904, 93985, 94878, 98139, 99122, 99282, 102611, 106379, 106737, 124463, 124468, 124495, 124573, 124578, 125308, 126553, 128735, 131586, 134187, 138115, 138691, 142652, 142770, 142814, 143602, 143621, 147589, 147727, 149624, 150949, 151193, 151763, 153466, 155757, 160872, 161672, 161690, 167343, 167661, 167883, 168306, 168434, 168447, 170555, 170593, 172140, 172842, 172866, 173015, 173969, 174038, 174129, 190553, 191625, 192447, 204142, 204283, 204359, 204388, 204595, 205153, 206457, 207483, 207573, 207867, 210240, 211079, 211332, 211622, 211831, 212054, 213110]
18,10,[27710, 28360, 28719, 28991, 33646, 35173, 40848, 40912, 116335, 118728]
19,5,[13534, 13989, 15145, 16635, 20904]
20,2,[57477, 59024]
21,17,[5134, 7139, 10401, 12161, 13051, 17437, 18892, 19601, 21308, 22459, 22736, 24159, 26839, 28772, 29193, 30308, 31807]
22,1,[83807]
23,13,[5366, 6835, 9145, 10502, 11479, 11510, 21653, 22576, 25241, 25914, 29001, 29060, 29081]
24,5,[3827, 7802, 14007, 21368, 34070]
25,19,[21173, 23650, 28935, 31610, 40768, 42447, 45553, 53125, 66035, 75679, 93345, 103458, 111167, 124478, 130244, 150775, 150784, 163102, 163111]
26,2,[58646, 60275]
27,39,[4215, 13846, 17119, 18195, 21888, 24086, 26538, 30929, 31275, 32907, 33863, 40076, 44253, 45261, 49830, 51408, 55257, 62315, 66758, 68302, 70163, 70650, 70914, 71277, 71865, 75531, 80464, 81628, 85376, 85681, 89196, 89672, 91311, 91586, 92017, 92243, 99670, 103403, 105073]
28,6,[1356, 1526, 1548, 1572, 1975, 8734]
30,106,[1076, 1143, 3090, 9951, 10506, 11040, 13683, 14584, 27951, 29799, 29958, 30880, 32372, 33371, 33400, 35330, 35364, 36111, 36121, 36716, 37073, 55316, 87820, 97257, 121602, 131957, 137425, 144000, 144722, 144791, 144834, 149912, 154736, 155947, 156083, 161655, 167292, 171978, 174115, 176188, 178992, 179130, 183459, 184668, 186770, 186848, 187016, 188619, 209276, 210498, 210823, 211504, 211514, 231265, 231587, 237136, 249017, 249092, 249257, 249858, 270146, 288816, 295836, 325666, 329993, 337120, 425495, 438990, 439007, 440308, 440368, 443441, 448725, 451054, 451108, 451112, 452161, 463352, 463378, 468139, 469834, 481047, 515074, 521351, 570972, 584646, 584660, 586875, 595122, 595174, 596957, 601328, 608612, 611324, 611658, 618160, 619068, 619913, 621364, 621601, 633737, 633744, 634450, 634515, 637574, 637602]
10,106,[1169, 1236, 3184, 10045, 10600, 11134, 13777, 14678, 28045, 29893, 30052, 30974, 32470, 33469, 33498, 35428, 35462, 36209, 36219, 36814, 37171, 55415, 87927, 97364, 121713, 132069, 137537, 144112, 144835, 144904, 144947, 150025, 154849, 156060, 156196, 161769, 167415, 172101, 174238, 176311, 179115, 179253, 183591, 184800, 186902, 186980, 187148, 188751, 209418, 210640, 210965, 211646, 211656, 231415, 231737, 237286, 249170, 249245, 249410, 250011, 270302, 288972, 295993, 325825, 330152, 337279, 425661, 439160, 439177, 440478, 440538, 443611, 448895, 451224, 451278, 451282, 452331, 463523, 463549, 468310, 470005, 481214, 515243, 521523, 571152, 584831, 584845, 587060, 595313, 595365, 597148, 601525, 608824, 611547, 611881, 618412, 619320, 620165, 621616, 621853, 634012, 634019, 634725, 634790, 637849, 637877]
11,2,[10224, 20797]
13,1,[3150]
14,18,[21639, 27056, 32739, 42436, 44267, 47399, 55379, 68353, 76043, 79279, 101313, 107904, 116100, 136027, 157506, 157515, 170052, 170061]
15,24,[5251, 7595, 11392, 16634, 18933, 38501, 39337, 42763, 45950, 50514, 56874, 62157, 62884, 97829, 99745, 112031, 112917, 121978, 121991, 134934, 135799, 145331, 154936, 172157]
16,11,[3450, 3757, 6117, 8783, 9724, 17089, 20850, 26830, 32672, 35142, 36517]
17,96,[9118, 22695, 22811, 27906, 27992, 50248, 51723, 52444, 53069, 64312, 64617, 70017, 71513, 73643, 76319, 76346, 77178, 77374, 77405, 77434, 77833, 77843, 80344, 81972, 93904, 93985, 94878, 98139, 99122, 99282, 102611, 106379, 106737, 124463, 124468, 124495, 124573, 124578, 125308, 126553, 128735, 131586, 134187, 138115, 138691, 142652, 142770, 142814, 143602, 143621, 147589, 147727, 149624, 150949, 151193, 151763, 153466, 155757, 160872, 161672, 161690, 167343, 167661, 167883, 168306, 168434, 168447, 170555, 170593, 172140, 172842, 172866, 173015, 173969, 174038, 174129, 190553, 191625, 192447, 204142, 204283, 204359, 204388, 204595, 205153, 206457, 207483, 207573, 207867, 210240, 211079, 211332, 211622, 211831, 212054, 213110]
18,10,[27710, 28360, 28719, 28991, 33646, 35173, 40848, 40912, 116335, 118728]
19,5,[13534, 13989, 15145, 16635, 20904]
20,2,[57477, 59024]
21,17,[5134, 7139, 10401, 12161, 13051, 17437, 18892, 19601, 21308, 22459, 22736, 24159, 26839, 28772, 29193, 30308, 31807]
22,1,[83807]
23,13,[5366, 6835, 9145, 10502, 11479, 11510, 21653, 22576, 25241, 25914, 29001, 29060, 29081]
24,5,[3827, 7802, 14007, 21368, 34070]
25,19,[21173, 23650, 28935, 31610, 40768, 42447, 45553, 53125, 66035, 75679, 93345, 103458, 111167, 124478, 130244, 150775, 150784, 163102, 163111]
26,2,[58646, 60275]
27,39,[4215, 13846, 17119, 18195, 21888, 24086, 26538, 30929, 31275, 32907, 33863, 40076, 44253, 45261, 49830, 51408, 55257, 62315, 66758, 68302, 70163, 70650, 70914, 71277, 71865, 75531, 80464, 81628, 85376, 85681, 89196, 89672, 91311, 91586, 92017, 92243, 99670, 103403, 105073]
28,6,[1356, 1526, 1548, 1572, 1975, 8734]
30,106,[1076, 1143, 3090, 9951, 10506, 11040, 13683, 14584, 27951, 29799, 29958, 30880, 32372, 33371, 33400, 35330, 35364, 36111, 36121, 36716, 37073, 55316, 87820, 97257, 121602, 131957, 137425, 144000, 144722, 144791, 144834, 149912, 154736, 155947, 156083, 161655, 167292, 171978, 174115, 176188, 178992, 179130, 183459, 184668, 186770, 186848, 187016, 188619, 209276, 210498, 210823, 211504, 211514, 231265, 231587, 237136, 249017, 249092, 249257, 249858, 270146, 288816, 295836, 325666, 329993, 337120, 425495, 438990, 439007, 440308, 440368, 443441, 448725, 451054, 451108, 451112, 452161, 463352, 463378, 468139, 469834, 481047, 515074, 521351, 570972, 584646, 584660, 586875, 595122, 595174, 596957, 601328, 608612, 611324, 611658, 618160, 619068, 619913, 621364, 621601, 633737, 633744, 634450, 634515, 637574, 637602]
