12,1,[88]
13,1,[1807]
14,3,[84691, 85768, 152494]
15,12,[28747, 49953, 89758, 89858, 94504, 95595, 111002, 119475, 128198, 130550, 160560, 167536]
16,1,[1720]
17,1,[107903]
18,14,[3719, 11657, 14987, 41974, 99510, 103015, 116575, 117023, 117736, 118967, 119415, 120128, 131622, 148219]
19,3,[22344, 25067, 25172]
20,4,[27962, 42994, 56838, 64653]
25,3,[81006, 82158, 146133]
26,4,[28793, 43943, 57986, 66053]
27,3,[22919, 37636, 45452]
12,1,[88]
13,1,[1807]
14,3,[84691, 85768, 152494]
15,12,[28747, 49953, 89758, 89858, 94504, 95595, 111002, 119475, 128198, 130550, 160560, 167536]
16,1,[1720]
17,1,[107903]
18,14,[3719, 11657, 14987, 41974, 99510, 103015, 116575, 117023, 117736, 118967, 119415, 120128, 131622, 148219]
19,3,[22344, 25067, 25172]
20,4,[27962, 42994, 56838, 64653]
25,3,[81006, 82158, 146133]
26,4,[28793, 43943, 57986, 66053]
27,3,[22919, 37636, 45452]
