9,1,[1793]
10,135,[2051, 4892, 9045, 13080, 19530, 20687, 22745, 30614, 30632, 33653, 35399, 35654, 36183, 36774, 41014, 41070, 46308, 52152, 52707, 71831, 82593, 82680, 122344, 123541, 133982, 155470, 180718, 186715, 201016, 211734, 235221, 236012, 293106, 299222, 301997, 303636, 306410, 306430, 313283, 316394, 322525, 324191, 325784, 325985, 325999, 329266, 337037, 338612, 338697, 338705, 339675, 355801, 363502, 363514, 366314, 368479, 369236, 369240, 371036, 371080, 375156, 377611, 377951, 389273, 390197, 393252, 393984, 395635, 395969, 396906, 399127, 405160, 408388, 423102, 424314, 424663, 425814, 425885, 427360, 427376, 427408, 427502, 427669, 429344, 429399, 429506, 442767, 443066, 443097, 445722, 453079, 453093, 453558, 465329, 469308, 470791, 475215, 475620, 475636, 482394, 483491, 487687, 488197, 490737, 506897, 509605, 515809, 524216, 545047, 549262, 566524, 569006, 572850, 585713, 585797, 586288, 587128, 587235, 587426, 592941, 594317, 594898, 596998, 598132, 600698, 603095, 605040, 605316, 617168, 617683, 619374, 623913, 624027, 636020, 638748]
11,5,[5283, 7187, 13569, 18279, 20125]
12,1,[6908]
14,21,[24314, 37374, 37382, 77718, 81076, 91842, 96708, 100578, 104765, 105097, 108374, 109266, 112868, 130770, 137897, 142927, 143175, 153945, 179466, 179870, 189351]
15,28,[7485, 8198, 12189, 19412, 24092, 35417, 38977, 43005, 46013, 48606, 56811, 61647, 72639, 88030, 95027, 113091, 117938, 119215, 119875, 122701, 123846, 126370, 126535, 126655, 130264, 137331, 161528, 166138]
16,11,[856, 1396, 4846, 7163, 9499, 10788, 17342, 19292, 22108, 30003, 36141]
17,145,[14600, 15620, 17845, 20471, 22187, 22713, 22978, 25672, 25760, 27848, 27863, 27978, 28002, 28007, 28222, 28300, 29580, 29884, 33354, 35530, 36325, 36329, 37958, 40974, 40988, 42556, 46379, 46565, 47338, 47374, 48807, 48877, 48894, 48955, 48969, 49094, 49122, 49276, 49513, 49524, 49535, 50241, 53963, 53987, 55230, 55731, 55745, 55790, 58216, 60074, 60625, 73131, 78067, 78584, 80877, 81883, 85569, 94833, 97062, 107107, 107896, 113476, 117258, 118267, 118456, 118498, 119531, 124333, 124564, 127415, 128343, 128455, 128479, 132611, 132992, 140537, 146430, 148339, 148923, 149054, 153575, 153581, 153629, 153740, 153805, 153837, 155491, 155524, 155860, 156645, 157555, 160408, 161072, 162391, 163947, 164045, 164117, 164986, 165000, 168281, 168329, 168404, 168488, 168849, 168856, 168934, 171404, 172938, 173145, 175073, 175449, 176946, 176968, 178078, 179366, 179389, 180217, 180221, 190000, 191028, 191708, 191750, 192113, 192931, 193416, 195599, 196534, 197829, 198117, 201538, 201970, 202644, 202668, 204497, 206451, 208455, 209744, 210343, 210495, 211804, 214690, 215411, 216814, 217107, 217953]
18,72,[2808, 3564, 5047, 5894, 6593, 7925, 8655, 9586, 10508, 10994, 13054, 16763, 17237, 17983, 23553, 24896, 25115, 27591, 27646, 29035, 38692, 40685, 42142, 43086, 43517, 43964, 48541, 48604, 51217, 52604, 56747, 56807, 61405, 66786, 67603, 69041, 70466, 70829, 70994, 71197, 71875, 72426, 73121, 74121, 77911, 80836, 88201, 89269, 89291, 89605, 89750, 92791, 97272, 100963, 106146, 106347, 106447, 107322, 109144, 110242, 113265, 113686, 114749, 124918, 124932, 127280, 129533, 133012, 133210, 141422, 147369, 148334]
20,7,[6605, 7648, 46654, 47640, 49537, 50355, 56982]
21,10,[10744, 11505, 14749, 15455, 17670, 17851, 20410, 22118, 25528, 27485]
22,51,[868, 978, 2573, 3470, 5404, 5579, 5903, 8359, 16381, 19277, 20182, 26670, 26909, 27051, 27208, 27210, 28185, 28671, 33596, 43625, 49253, 54466, 55819, 56282, 57804, 58199, 69623, 69761, 74444, 74446, 75316, 75630, 88133, 95434, 96411, 96700, 96702, 109136, 119862, 119864, 124770, 125648, 125650, 134686, 135310, 138137, 144013, 146004, 150491, 150518, 150522]
23,8,[91, 1047, 4387, 8450, 10633, 13147, 13500, 13772]
24,9,[2216, 2313, 6870, 12991, 14810, 17185, 28431, 29595, 30737]
25,23,[37586, 38261, 42778, 57547, 58791, 87993, 92618, 100568, 100858, 103899, 104714, 108188, 125161, 132047, 136304, 137235, 147442, 172461, 172716, 181516, 182658, 182669, 192541]
26,9,[7123, 8171, 47658, 48646, 50584, 51404, 55253, 58132, 65212]
27,23,[1071, 1177, 13009, 23512, 43782, 51666, 56066, 61532, 62077, 73977, 77947, 85816, 86996, 91960, 92329, 93743, 95137, 98289, 100155, 101736, 103716, 106806, 107473]
28,1,[8374]
30,135,[1958, 4798, 8951, 12986, 19436, 20593, 22651, 30520, 30538, 33555, 35301, 35556, 36085, 36676, 40916, 40972, 46210, 52054, 52609, 71728, 82486, 82573, 122233, 123430, 133870, 155357, 180595, 186583, 200874, 211592, 235071, 235862, 292949, 299064, 301839, 303478, 306252, 306272, 313124, 316235, 322366, 324032, 325625, 325826, 325840, 329107, 336878, 338453, 338538, 338546, 339516, 355642, 363339, 363351, 366151, 368316, 369073, 369077, 370873, 370917, 374993, 377448, 377788, 389110, 390034, 393086, 393818, 395469, 395803, 396740, 398961, 404994, 408222, 422936, 424148, 424497, 425648, 425719, 427193, 427209, 427241, 427335, 427502, 429177, 429232, 429339, 442597, 442896, 442927, 445552, 452909, 452923, 453388, 465158, 469137, 470620, 475045, 475450, 475466, 482228, 483326, 487525, 488035, 490577, 506728, 509436, 515637, 524044, 544872, 549084, 566344, 568826, 572670, 585528, 585612, 586103, 586943, 587050, 587241, 592750, 594126, 594707, 596807, 597941, 600501, 602898, 604838, 605114, 616925, 617436, 619122, 623659, 623773, 635745, 638473]
9,1,[1793]
10,135,[2051, 4892, 9045, 13080, 19530, 20687, 22745, 30614, 30632, 33653, 35399, 35654, 36183, 36774, 41014, 41070, 46308, 52152, 52707, 71831, 82593, 82680, 122344, 123541, 133982, 155470, 180718, 186715, 201016, 211734, 235221, 236012, 293106, 299222, 301997, 303636, 306410, 306430, 313283, 316394, 322525, 324191, 325784, 325985, 325999, 329266, 337037, 338612, 338697, 338705, 339675, 355801, 363502, 363514, 366314, 368479, 369236, 369240, 371036, 371080, 375156, 377611, 377951, 389273, 390197, 393252, 393984, 395635, 395969, 396906, 399127, 405160, 408388, 423102, 424314, 424663, 425814, 425885, 427360, 427376, 427408, 427502, 427669, 429344, 429399, 429506, 442767, 443066, 443097, 445722, 453079, 453093, 453558, 465329, 469308, 470791, 475215, 475620, 475636, 482394, 483491, 487687, 488197, 490737, 506897, 509605, 515809, 524216, 545047, 549262, 566524, 569006, 572850, 585713, 585797, 586288, 587128, 587235, 587426, 592941, 594317, 594898, 596998, 598132, 600698, 603095, 605040, 605316, 617168, 617683, 619374, 623913, 624027, 636020, 638748]
11,5,[5283, 7187, 13569, 18279, 20125]
12,1,[6908]
14,21,[24314, 37374, 37382, 77718, 81076, 91842, 96708, 100578, 104765, 105097, 108374, 109266, 112868, 130770, 137897, 142927, 143175, 153945, 179466, 179870, 189351]
15,28,[7485, 8198, 12189, 19412, 24092, 35417, 38977, 43005, 46013, 48606, 56811, 61647, 72639, 88030, 95027, 113091, 117938, 119215, 119875, 122701, 123846, 126370, 126535, 126655, 130264, 137331, 161528, 166138]
16,11,[856, 1396, 4846, 7163, 9499, 10788, 17342, 19292, 22108, 30003, 36141]
17,145,[14600, 15620, 17845, 20471, 22187, 22713, 22978, 25672, 25760, 27848, 27863, 27978, 28002, 28007, 28222, 28300, 29580, 29884, 33354, 35530, 36325, 36329, 37958, 40974, 40988, 42556, 46379, 46565, 47338, 47374, 48807, 48877, 48894, 48955, 48969, 49094, 49122, 49276, 49513, 49524, 49535, 50241, 53963, 53987, 55230, 55731, 55745, 55790, 58216, 60074, 60625, 73131, 78067, 78584, 80877, 81883, 85569, 94833, 97062, 107107, 107896, 113476, 117258, 118267, 118456, 118498, 119531, 124333, 124564, 127415, 128343, 128455, 128479, 132611, 132992, 140537, 146430, 148339, 148923, 149054, 153575, 153581, 153629, 153740, 153805, 153837, 155491, 155524, 155860, 156645, 157555, 160408, 161072, 162391, 163947, 164045, 164117, 164986, 165000, 168281, 168329, 168404, 168488, 168849, 168856, 168934, 171404, 172938, 173145, 175073, 175449, 176946, 176968, 178078, 179366, 179389, 180217, 180221, 190000, 191028, 191708, 191750, 192113, 192931, 193416, 195599, 196534, 197829, 198117, 201538, 201970, 202644, 202668, 204497, 206451, 208455, 209744, 210343, 210495, 211804, 214690, 215411, 216814, 217107, 217953]
18,72,[2808, 3564, 5047, 5894, 6593, 7925, 8655, 9586, 10508, 10994, 13054, 16763, 17237, 17983, 23553, 24896, 25115, 27591, 27646, 29035, 38692, 40685, 42142, 43086, 43517, 43964, 48541, 48604, 51217, 52604, 56747, 56807, 61405, 66786, 67603, 69041, 70466, 70829, 70994, 71197, 71875, 72426, 73121, 74121, 77911, 80836, 88201, 89269, 89291, 89605, 89750, 92791, 97272, 100963, 106146, 106347, 106447, 107322, 109144, 110242, 113265, 113686, 114749, 124918, 124932, 127280, 129533, 133012, 133210, 141422, 147369, 148334]
20,7,[6605, 7648, 46654, 47640, 49537, 50355, 56982]
21,10,[10744, 11505, 14749, 15455, 17670, 17851, 20410, 22118, 25528, 27485]
22,51,[868, 978, 2573, 3470, 5404, 5579, 5903, 8359, 16381, 19277, 20182, 26670, 26909, 27051, 27208, 27210, 28185, 28671, 33596, 43625, 49253, 54466, 55819, 56282, 57804, 58199, 69623, 69761, 74444, 74446, 75316, 75630, 88133, 95434, 96411, 96700, 96702, 109136, 119862, 119864, 124770, 125648, 125650, 134686, 135310, 138137, 144013, 146004, 150491, 150518, 150522]
23,8,[91, 1047, 4387, 8450, 10633, 13147, 13500, 13772]
24,9,[2216, 2313, 6870, 12991, 14810, 17185, 28431, 29595, 30737]
25,23,[37586, 38261, 42778, 57547, 58791, 87993, 92618, 100568, 100858, 103899, 104714, 108188, 125161, 132047, 136304, 137235, 147442, 172461, 172716, 181516, 182658, 182669, 192541]
26,9,[7123, 8171, 47658, 48646, 50584, 51404, 55253, 58132, 65212]
27,23,[1071, 1177, 13009, 23512, 43782, 51666, 56066, 61532, 62077, 73977, 77947, 85816, 86996, 91960, 92329, 93743, 95137, 98289, 100155, 101736, 103716, 106806, 107473]
28,1,[8374]
30,135,[1958, 4798, 8951, 12986, 19436, 20593, 22651, 30520, 30538, 33555, 35301, 35556, 36085, 36676, 40916, 40972, 46210, 52054, 52609, 71728, 82486, 82573, 122233, 123430, 133870, 155357, 180595, 186583, 200874, 211592, 235071, 235862, 292949, 299064, 301839, 303478, 306252, 306272, 313124, 316235, 322366, 324032, 325625, 325826, 325840, 329107, 336878, 338453, 338538, 338546, 339516, 355642, 363339, 363351, 366151, 368316, 369073, 369077, 370873, 370917, 374993, 377448, 377788, 389110, 390034, 393086, 393818, 395469, 395803, 396740, 398961, 404994, 408222, 422936, 424148, 424497, 425648, 425719, 427193, 427209, 427241, 427335, 427502, 429177, 429232, 429339, 442597, 442896, 442927, 445552, 452909, 452923, 453388, 465158, 469137, 470620, 475045, 475450, 475466, 482228, 483326, 487525, 488035, 490577, 506728, 509436, 515637, 524044, 544872, 549084, 566344, 568826, 572670, 585528, 585612, 586103, 586943, 587050, 587241, 592750, 594126, 594707, 596807, 597941, 600501, 602898, 604838, 605114, 616925, 617436, 619122, 623659, 623773, 635745, 638473]
