6,12,[252, 270, 285, 429, 442, 468, 484, 535, 548, 552, 590, 602]
8,2,[70, 376]
9,4,[86, 106, 1368, 1398]
10,331,[6594, 14557, 18248, 18936, 18998, 19036, 23645, 28221, 29300, 29339, 29572, 32732, 36997, 40452, 42843, 44987, 53799, 64713, 66047, 93225, 106104, 108306, 108314, 111438, 111867, 115774, 118716, 126426, 132126, 133751, 135051, 143024, 155202, 155456, 160536, 162152, 164042, 164086, 164273, 166958, 170179, 170207, 170442, 171287, 173986, 174381, 175180, 175981, 178840, 179012, 181045, 181152, 181218, 182884, 182981, 188981, 190118, 190418, 191421, 191425, 192303, 200211, 201299, 211872, 213973, 214196, 215946, 216090, 221699, 234628, 248675, 254387, 255658, 256067, 263253, 267604, 277706, 279471, 279480, 279500, 279505, 280044, 282119, 282269, 282313, 282378, 282394, 282420, 282847, 282903, 283800, 286065, 286830, 291628, 292919, 292929, 293121, 294236, 294833, 295265, 297997, 298004, 298034, 300366, 300370, 300373, 304107, 306651, 306871, 309339, 310982, 315815, 316307, 318173, 318945, 320120, 321879, 322005, 323782, 323811, 323990, 324313, 325994, 326339, 327095, 330433, 331685, 331886, 332850, 338116, 339358, 339531, 339778, 341012, 341025, 343641, 347517, 356909, 356938, 357047, 357325, 357837, 357844, 358072, 358297, 358907, 363237, 363288, 363293, 364870, 370466, 372655, 373270, 373830, 373835, 373839, 376045, 379703, 379981, 380598, 381776, 382125, 382486, 384951, 384964, 384981, 385569, 386939, 388509, 390018, 392117, 393840, 394026, 394057, 394062, 395014, 401677, 404619, 405527, 409404, 412866, 414297, 419392, 419671, 420450, 422032, 422045, 423881, 424473, 425032, 425083, 430877, 431966, 434670, 435353, 438242, 441783, 441830, 442991, 447200, 447778, 451107, 451403, 454047, 466241, 469178, 469181, 473108, 473125, 475873, 476313, 481353, 483939, 488658, 489623, 494958, 495319, 495440, 495874, 496253, 498437, 498485, 498563, 498641, 502287, 502336, 502340, 504108, 510876, 510884, 512222, 512277, 512836, 513085, 513092, 518251, 518262, 518523, 519972, 520810, 525683, 525693, 525989, 527610, 527862, 527880, 528118, 529199, 530100, 531337, 533869, 534690, 537264, 537271, 542127, 542143, 544176, 548605, 551992, 555977, 557310, 557508, 557619, 557998, 558654, 559605, 560462, 564776, 566575, 566618, 567603, 568215, 569220, 570473, 571178, 571956, 573024, 573911, 574414, 574533, 574728, 575920, 577826, 578586, 580680, 581075, 581411, 581562, 581714, 582009, 582940, 586843, 588773, 588776, 589843, 591233, 591318, 591463, 592023, 596705, 602501, 602722, 602785, 603103, 604357, 604698, 604710, 604784, 605026, 605429, 606778, 607265, 609098, 610342, 610515, 611319, 611737, 613391, 614880, 616477, 617030, 620364, 620370, 622010, 623154, 624389, 624922, 627985, 628982, 633442, 638311]
11,38,[919, 2172, 2225, 2325, 2706, 3603, 3945, 6652, 6852, 7458, 7906, 8046, 8345, 8727, 10185, 10217, 10654, 10988, 11655, 12523, 12560, 13024, 13050, 14855, 14863, 15781, 16136, 16427, 17017, 17958, 19597, 19748, 19863, 19885, 20096, 20167, 20652, 20693]
12,46,[350, 449, 475, 486, 491, 650, 748, 901, 1115, 1195, 1936, 3512, 3881, 4015, 4035, 4725, 4762, 4852, 6217, 6252, 6452, 7733, 7882, 7950, 9585, 9868, 9878, 10313, 12201, 12609, 13535, 13807, 14131, 15125, 15577, 16553, 18807, 21420, 21454, 21882, 21985, 22906, 23059, 23095, 23195, 23274]
13,13,[315, 352, 408, 569, 967, 1936, 2361, 2944, 3154, 3309, 3435, 3623, 3843]
14,122,[526, 540, 569, 746, 919, 2622, 3234, 3318, 3529, 8447, 8549, 11037, 12371, 23555, 23590, 28864, 29189, 29218, 30626, 30909, 30927, 30960, 30988, 31312, 31318, 31338, 35463, 35470, 38067, 38145, 41394, 44519, 45185, 45240, 46724, 46735, 46763, 47743, 52387, 52395, 59809, 64025, 65152, 66599, 73888, 78209, 78877, 81579, 83976, 84082, 87718, 88083, 90670, 90691, 91924, 93961, 95672, 97605, 99201, 100049, 100517, 103057, 103244, 106343, 118462, 118485, 119813, 125044, 126239, 126497, 126538, 126549, 126558, 127580, 128058, 128064, 128886, 128892, 128912, 136405, 137368, 144512, 144984, 145753, 145758, 146625, 150077, 150703, 152171, 152733, 153001, 153406, 160773, 162101, 162114, 163355, 165121, 166147, 169389, 169804, 170003, 171652, 174268, 174335, 178191, 180278, 181337, 181675, 185550, 188089, 188109, 190631, 191421, 192409, 192444, 192464, 192958, 192975, 193545, 193926, 194295, 196018]
15,416,[757, 1411, 2372, 2418, 2433, 2604, 3092, 4346, 4919, 5138, 5743, 6669, 7824, 8601, 9125, 9434, 9499, 9573, 9831, 10257, 10559, 10678, 10811, 11609, 11627, 11933, 12015, 12082, 12102, 12366, 12523, 12891, 12902, 13972, 14025, 15271, 15388, 15399, 18035, 19043, 19135, 23123, 24136, 24158, 24219, 24495, 24508, 24892, 25040, 25201, 25646, 25985, 25988, 26731, 27009, 27015, 27237, 27330, 27803, 28273, 28312, 28676, 28977, 29026, 29379, 29395, 30307, 30396, 31570, 31906, 32402, 32866, 33515, 34656, 34843, 35049, 36104, 36565, 36598, 36612, 37286, 37383, 37738, 38022, 39129, 39891, 39905, 40267, 40459, 40504, 40633, 41765, 42914, 42982, 43042, 43649, 45000, 46212, 46552, 46558, 46568, 46869, 46898, 47725, 49348, 49452, 49830, 49860, 50943, 53052, 54497, 54726, 54738, 54804, 55606, 55622, 55643, 55724, 55733, 55749, 55769, 56133, 56196, 56417, 56536, 56854, 57592, 57807, 57895, 58647, 59058, 59330, 60739, 60885, 61153, 61238, 61257, 61544, 61621, 61626, 61686, 61861, 62342, 62603, 62622, 62643, 62706, 62863, 62874, 63686, 64742, 64788, 64799, 64973, 65060, 65082, 65126, 65220, 65261, 65302, 65827, 65983, 66752, 66926, 68228, 68740, 68779, 70935, 71536, 71807, 72149, 72622, 72865, 73002, 73334, 73421, 73577, 73595, 74463, 74848, 75469, 75558, 75901, 76080, 76329, 76674, 76730, 76748, 76758, 77228, 77609, 79090, 79497, 79869, 80269, 81053, 81085, 81579, 82410, 82924, 84235, 85072, 85835, 89071, 89554, 89980, 91043, 91178, 92651, 93001, 93009, 94962, 95152, 95586, 95630, 96158, 96779, 96845, 96856, 97038, 97742, 98003, 99698, 100301, 101018, 101218, 102803, 102833, 103005, 103229, 103559, 104391, 104639, 104660, 104969, 105113, 105122, 105746, 106004, 106093, 106410, 106750, 106758, 108243, 108485, 109348, 109684, 109704, 109795, 110014, 110053, 110452, 110500, 110516, 110567, 111450, 111608, 112002, 112363, 112413, 113390, 113419, 114017, 115392, 115870, 116751, 116769, 117078, 117202, 117818, 117880, 118036, 118111, 118220, 118747, 119063, 119099, 119596, 120166, 120410, 121538, 122002, 122900, 123101, 123131, 124900, 125327, 125698, 125711, 128064, 128273, 128312, 129189, 129335, 129825, 130499, 130950, 131363, 131391, 131782, 132130, 132658, 132730, 132998, 133032, 133580, 133880, 134440, 134478, 134876, 134945, 136252, 136756, 136832, 137023, 137086, 137295, 137322, 137607, 138026, 138414, 138673, 138715, 138908, 139109, 139289, 139423, 139774, 140215, 140842, 140934, 141062, 141139, 141362, 141478, 141489, 141511, 141777, 141787, 142042, 142684, 142756, 143353, 144885, 145739, 146106, 146171, 146242, 146659, 146747, 147430, 148579, 149519, 149551, 149727, 149743, 149772, 149997, 152663, 152855, 152866, 152948, 153175, 154702, 154715, 155943, 156105, 156236, 156403, 156646, 156730, 156743, 156802, 157503, 157965, 158032, 158999, 159566, 159674, 159789, 159893, 160053, 161015, 161021, 161290, 161757, 162171, 162489, 163313, 163471, 163512, 164030, 164429, 165010, 166150, 166576, 166732, 167175, 167969, 167974, 169061, 169070, 169293, 169951, 170391, 170766, 171100, 171109, 171833, 171857, 171870, 171987, 172127, 172364, 172379, 173873]
16,136,[311, 478, 1082, 1350, 1659, 1807, 1939, 2024, 2150, 2176, 2203, 2281, 2287, 2422, 2503, 2542, 2569, 2883, 3345, 3357, 3405, 4018, 4025, 4777, 5019, 5154, 5573, 5839, 5979, 6854, 7003, 7205, 7331, 7420, 7659, 7821, 7834, 7971, 8140, 8835, 8890, 8916, 9085, 9418, 9444, 9544, 10180, 10316, 10321, 10342, 10809, 11426, 12012, 12212, 12818, 13456, 13556, 13804, 14641, 14858, 16525, 16602, 16635, 16657, 17736, 17881, 17932, 18417, 18594, 19012, 19270, 19738, 19798, 19853, 20673, 21063, 21253, 21640, 22283, 22651, 22914, 22920, 23823, 24008, 24037, 24162, 24673, 24753, 25318, 25356, 25496, 25606, 25950, 26238, 26253, 26262, 26999, 27112, 27242, 27477, 28208, 28587, 28722, 28814, 29310, 29396, 29640, 30017, 30222, 30278, 31425, 31495, 31637, 31699, 32139, 33244, 33303, 33565, 33583, 33798, 34167, 34174, 34394, 34678, 34750, 34754, 34767, 34909, 35091, 35940, 35993, 36351, 36697, 37162, 37267, 37664]
17,728,[270, 278, 314, 484, 797, 819, 1543, 2022, 2396, 2637, 2685, 2695, 3622, 3632, 4383, 4646, 5993, 7005, 7854, 9978, 10038, 10151, 10247, 10554, 10790, 10822, 11460, 11591, 11742, 12782, 13122, 13130, 13538, 14437, 14883, 14923, 15016, 15039, 15331, 15338, 16451, 16473, 16520, 16636, 16698, 16720, 17999, 18155, 18186, 18661, 18674, 18690, 19351, 19662, 19688, 19695, 19701, 19767, 19775, 19826, 20696, 20860, 21191, 21407, 21416, 21650, 21667, 21755, 21767, 21920, 21941, 22444, 22453, 22535, 22929, 24629, 24708, 25571, 25588, 25989, 26002, 26050, 26168, 26288, 29639, 30206, 30215, 30296, 30519, 30526, 30602, 31355, 31918, 36823, 36965, 37198, 37208, 37221, 37233, 37259, 37282, 37478, 37751, 38721, 38756, 38891, 38894, 39872, 41355, 42316, 42825, 43317, 43393, 44316, 44616, 44773, 44981, 45111, 45135, 45140, 45306, 47934, 48539, 48547, 50224, 50344, 50700, 50743, 50783, 51227, 51279, 51291, 51492, 51845, 52672, 53720, 54488, 54588, 54639, 54649, 54656, 54839, 55019, 55026, 55038, 55053, 55062, 55243, 55330, 55375, 55408, 55692, 56401, 56425, 56452, 56623, 56691, 57151, 57269, 57295, 57306, 57325, 57361, 57373, 58244, 58559, 58803, 58901, 59185, 59363, 59987, 60871, 61300, 61578, 61584, 62179, 62312, 62329, 62657, 62679, 64259, 64540, 65782, 65950, 67621, 67960, 68435, 68516, 68546, 69265, 69408, 69945, 70220, 70447, 71409, 71589, 72574, 72733, 72767, 72840, 72854, 72859, 72950, 73010, 73332, 73358, 73666, 73724, 73966, 73972, 73980, 73995, 74029, 74426, 74650, 74947, 75341, 75463, 75668, 75688, 75842, 75916, 76228, 76476, 77000, 78013, 78125, 78164, 78854, 78887, 78929, 79144, 79635, 79920, 80031, 80113, 80396, 80409, 81156, 81226, 81234, 81836, 82096, 83037, 83196, 83200, 83225, 83267, 83306, 84191, 84735, 84955, 85372, 85423, 85454, 85479, 85612, 85797, 85804, 86299, 86401, 86409, 86775, 86781, 87312, 87370, 87418, 87445, 87477, 88198, 88228, 88345, 88438, 88658, 89020, 89281, 89322, 89535, 89772, 89788, 89803, 89914, 89930, 89938, 90165, 90175, 90204, 90211, 90222, 90265, 90277, 90302, 90311, 90320, 90544, 90547, 90566, 90618, 91064, 92078, 92743, 93102, 93522, 93536, 93743, 93917, 93933, 93940, 93965, 94000, 94011, 94027, 94047, 94070, 94083, 94091, 94193, 94646, 94673, 95827, 95925, 95953, 96182, 96255, 96324, 96976, 97042, 97549, 97557, 97667, 97677, 97745, 97809, 97874, 97887, 97914, 98122, 98346, 98527, 99307, 99368, 99888, 100271, 100314, 100322, 100990, 101342, 101445, 101573, 101708, 101842, 101857, 102102, 102265, 102554, 103525, 104621, 105247, 105793, 105796, 106156, 106710, 106883, 106988, 107048, 107228, 107756, 107762, 107872, 108623, 108628, 108645, 108806, 108817, 108999, 109078, 109210, 109224, 109295, 109303, 109409, 109415, 109486, 109501, 109522, 109631, 109771, 109783, 109798, 110344, 110949, 111065, 111541, 111797, 112084, 112834, 115369, 115963, 116847, 116865, 116870, 116911, 116948, 117328, 118591, 118636, 118688, 118982, 119052, 119260, 119509, 119750, 119820, 119852, 120046, 120115, 120253, 120731, 120918, 120927, 120934, 121902, 122397, 123113, 123346, 123352, 123363, 123435, 123571, 123624, 123683, 123705, 123728, 124024, 124425, 124434, 125728, 126669, 128186, 128731, 128961, 129715, 131350, 131570, 131686, 131823, 131834, 131848, 132197, 132213, 132540, 132584, 132778, 132984, 133025, 133138, 133147, 133390, 133614, 134281, 134288, 134340, 134428, 134436, 134615, 134618, 135480, 135487, 135711, 136808, 137429, 137500, 137564, 137897, 137905, 137982, 138361, 138369, 138380, 138390, 138433, 138466, 138686, 138761, 139047, 139549, 139944, 140878, 141536, 141938, 143017, 143076, 143189, 143325, 143523, 144599, 144629, 144834, 145048, 145127, 145392, 145419, 145503, 145519, 145534, 145764, 145875, 145903, 145942, 145957, 146003, 146144, 146594, 146867, 147688, 147980, 148438, 148648, 148663, 148763, 148878, 149312, 149679, 149703, 151051, 151254, 151267, 151702, 152046, 152054, 152072, 152126, 153176, 153533, 153980, 154036, 154528, 154805, 155571, 156009, 156058, 156112, 156381, 157019, 157252, 158193, 158356, 158551, 158873, 159095, 159221, 159251, 160059, 160503, 161027, 161497, 162619, 163694, 165345, 165383, 165572, 165685, 165723, 165815, 165821, 166117, 166482, 166512, 166547, 166893, 166901, 167018, 167047, 167084, 167115, 167301, 167368, 167375, 167442, 167506, 168963, 169515, 169630, 169774, 169783, 169798, 170663, 170844, 170980, 171041, 171072, 171387, 171436, 171467, 171528, 171585, 171727, 171954, 172274, 172326, 172447, 172606, 173305, 173484, 173555, 173594, 173602, 173822, 173861, 173887, 173925, 174409, 174416, 174465, 174470, 175298, 175594, 175853, 175858, 175975, 176300, 176365, 176719, 176733, 177081, 177089, 177518, 177591, 177808, 179437, 179462, 179788, 179889, 179964, 180152, 180160, 180851, 180927, 180939, 182199, 183494, 184578, 184971, 185473, 186043, 186285, 186693, 187322, 187339, 187394, 188028, 188041, 188066, 188307, 188312, 188320, 189107, 189570, 189584, 189833, 189866, 190497, 190520, 190783, 191169, 191868, 192834, 193171, 193178, 193191, 193840, 193923, 193969, 194533, 194538, 194634, 195429, 195612, 195619, 195754, 195790, 196030, 196042, 196080, 196965, 197079, 197142, 198490, 198888, 199354, 199387, 199398, 200138, 200478, 200781, 201438, 201578, 201584, 202323, 202957, 205478, 205622, 205815, 206142, 207597, 208445, 208507, 209240, 210045, 210207, 210335, 210375, 210556, 210731, 210904, 211738, 211744, 211860, 212139, 212157, 212183, 212476, 213136, 213777, 215121, 215471, 215545, 217193]
18,812,[959, 965, 1655, 2257, 2285, 2482, 2547, 2599, 2850, 3203, 3234, 4306, 4322, 5478, 5614, 7061, 7110, 7565, 7658, 7667, 7789, 7816, 7915, 8149, 8161, 8173, 8184, 8460, 8893, 9056, 9069, 9093, 9383, 9449, 9648, 10446, 10693, 11145, 11188, 11222, 11246, 11380, 11779, 11802, 11817, 11850, 11856, 11861, 11914, 12125, 12130, 12142, 12330, 12450, 12465, 12593, 12675, 12721, 12851, 12858, 12916, 12930, 13012, 13306, 13358, 13402, 13438, 13770, 13937, 14318, 14372, 14393, 15058, 15065, 15077, 15083, 16372, 16387, 17656, 17945, 18093, 18299, 18387, 18396, 18402, 19360, 19412, 19778, 20294, 20418, 20496, 20637, 20669, 20873, 21861, 21891, 21902, 21997, 22162, 22339, 22444, 22693, 22770, 23069, 23301, 23674, 23692, 23709, 24065, 24143, 24151, 24218, 24379, 24447, 24485, 25174, 25193, 25198, 25216, 25918, 26622, 27117, 27660, 27668, 27908, 28147, 29646, 29780, 29923, 30212, 31395, 32012, 32031, 32079, 32143, 32276, 32285, 32490, 32503, 32517, 32551, 33206, 33358, 33526, 34355, 34437, 34447, 34469, 34499, 34702, 34999, 35010, 35091, 35105, 35559, 35625, 35808, 35838, 36386, 36392, 37021, 37165, 37277, 37289, 37436, 37458, 38032, 38381, 39188, 39448, 39458, 39694, 39905, 39987, 40547, 40645, 40666, 41243, 41310, 41896, 41965, 42132, 42183, 42212, 42232, 42370, 42932, 43256, 43374, 43558, 43586, 44399, 44722, 44735, 44747, 44879, 44904, 45073, 46205, 46520, 46538, 46615, 46621, 46646, 46660, 47033, 47101, 47134, 48017, 48181, 48198, 48425, 49022, 49714, 49726, 49910, 50106, 50303, 50318, 50445, 50593, 50663, 50718, 50749, 50788, 50801, 51294, 51299, 51506, 51692, 51715, 52217, 52539, 52876, 52901, 52913, 53021, 53034, 53067, 53102, 53265, 53806, 53875, 54009, 54148, 54940, 55193, 55232, 55579, 55857, 55883, 55927, 56151, 56182, 56633, 56884, 56900, 56928, 57132, 57190, 57285, 57311, 57478, 57507, 57518, 57898, 57906, 57932, 57951, 58084, 58156, 58220, 58274, 58613, 58677, 58689, 58791, 58808, 58844, 58854, 58882, 58905, 59132, 59143, 59149, 59231, 59315, 59479, 59771, 59788, 60061, 61363, 61452, 61465, 61469, 61507, 61587, 61815, 61846, 61871, 61896, 62027, 62491, 62824, 63089, 63843, 64114, 64236, 64269, 64399, 64420, 64513, 64625, 64793, 64808, 64876, 64959, 65003, 65017, 65155, 65257, 65484, 65613, 65676, 65838, 66047, 66451, 66644, 66653, 66731, 66895, 67236, 67344, 67369, 67495, 67721, 67744, 67960, 67992, 68001, 68027, 68215, 68287, 68310, 68625, 68912, 68917, 69016, 69063, 69325, 69330, 69357, 69365, 69447, 69474, 69700, 69735, 69930, 70012, 70097, 70287, 70568, 70602, 70640, 70917, 71379, 71519, 71539, 71792, 72095, 72687, 72728, 72733, 72741, 72761, 72992, 73183, 73324, 73850, 74383, 74451, 74505, 74576, 74613, 74652, 74816, 74822, 74834, 74910, 74915, 74973, 75049, 75268, 75288, 75331, 75339, 75514, 75841, 76122, 76138, 76226, 77349, 77369, 77904, 78014, 78348, 78876, 79481, 79602, 79739, 79822, 80149, 80452, 80465, 80481, 80693, 80728, 80853, 81527, 81584, 81602, 81645, 81875, 81893, 82349, 82681, 82736, 82810, 82822, 82863, 82871, 82878, 82891, 82961, 83164, 84140, 84269, 84497, 84667, 84691, 84774, 84798, 84829, 84849, 84900, 85108, 85192, 85228, 85245, 85255, 86451, 86688, 86843, 86859, 86904, 86911, 87007, 87027, 87299, 87453, 87477, 87664, 87671, 87710, 87810, 87839, 87901, 88050, 88196, 88317, 88493, 88510, 88532, 88730, 89374, 90341, 90385, 90552, 90688, 91426, 91888, 91896, 91975, 92588, 92891, 93144, 93270, 93461, 93851, 94111, 94258, 94556, 94876, 95751, 95934, 96154, 96162, 96648, 96930, 96953, 97016, 97024, 97171, 97318, 97329, 97337, 97365, 97496, 97593, 97605, 97621, 97695, 97755, 97764, 97802, 97811, 97834, 97960, 98046, 98327, 98346, 98351, 98382, 100321, 100417, 100651, 100682, 100695, 101169, 101398, 101613, 101675, 101681, 101714, 101859, 101985, 101996, 102914, 103721, 103803, 103841, 104713, 104726, 104898, 104960, 105436, 105448, 105481, 105609, 106030, 106853, 106858, 107546, 108123, 108193, 108233, 108434, 108471, 108701, 108723, 108733, 108822, 109096, 109134, 109209, 109317, 109325, 109581, 109818, 109844, 110423, 110483, 110488, 110668, 110857, 110970, 110985, 111074, 111082, 111095, 111111, 111138, 111145, 111201, 111234, 111325, 111380, 111545, 111709, 111830, 111941, 112079, 112449, 112563, 113171, 113177, 113182, 113404, 113838, 114226, 114256, 114514, 114780, 115157, 115583, 115892, 115941, 116558, 116567, 116599, 117102, 117115, 117231, 117237, 117251, 117256, 117284, 117565, 117797, 117813, 118285, 118334, 118950, 118959, 118991, 119494, 119507, 119623, 119629, 119643, 119648, 119676, 119957, 120189, 120205, 120421, 120456, 121083, 121602, 121625, 121892, 121917, 122981, 123147, 123450, 123486, 123511, 123539, 123596, 123622, 123709, 123724, 123740, 123910, 124394, 124466, 124473, 124882, 124904, 125437, 125446, 125870, 125919, 125951, 126018, 126327, 126494, 126702, 126868, 126932, 126956, 127403, 127939, 127965, 128220, 128246, 128710, 128768, 128786, 128992, 128999, 129050, 129202, 129428, 129432, 129545, 130036, 130239, 130262, 130374, 130529, 130554, 130624, 130705, 132118, 132195, 132260, 132470, 132744, 132940, 132983, 133076, 133113, 133332, 133864, 134235, 134323, 134352, 134369, 134745, 134919, 134929, 134951, 135024, 135101, 135114, 135366, 135377, 135569, 135585, 135604, 135732, 136300, 136457, 136717, 136803, 137068, 137231, 137531, 137542, 137567, 137592, 137641, 137921, 138005, 138135, 138184, 138210, 138286, 138297, 139357, 139637, 139742, 140088, 140280, 140314, 140853, 141200, 141818, 141861, 141884, 141902, 141910, 142271, 142551, 142564, 142571, 142677, 142828, 143038, 143099, 143111, 143130, 143135, 143160, 143169, 143177, 143190, 143201, 143243, 143264, 143287, 143349, 143563, 143634, 143784, 143801, 143961, 143998, 144272, 144443, 144646, 144670, 145104, 145130, 145346, 145424, 145445, 145898, 146158, 146400, 146665, 146687, 146838, 146888, 147126, 147150, 147229, 147519, 147541, 147575, 147587, 147603, 147615, 147660, 147681, 147693, 147847, 147922, 147927, 148183, 148480]
19,5,[2006, 4962, 16872, 23347, 23512]
20,9,[9396, 10771, 13465, 32660, 33389, 39317, 42248, 54284, 58597]
21,59,[2668, 2770, 3473, 3488, 3556, 3560, 3627, 3685, 3817, 4056, 4525, 4594, 4618, 4742, 4858, 4865, 5066, 5274, 5717, 7126, 8118, 9806, 10022, 10814, 13023, 13511, 13548, 13571, 13615, 14155, 14595, 16014, 16536, 16540, 16546, 16554, 16792, 16801, 16940, 19428, 20857, 21975, 22004, 23436, 24212, 24358, 26619, 26686, 28133, 29662, 29986, 29994, 31134, 31567, 32555, 32999, 33140, 33868, 34121]
22,17,[80, 156, 195, 223, 302, 319, 408, 433, 16033, 16036, 16159, 16163, 56203, 60356, 71674, 115393, 159077]
23,88,[248, 840, 1060, 1096, 1238, 1301, 1401, 1619, 2215, 2502, 2860, 3192, 3234, 3429, 4542, 4816, 4836, 4843, 5054, 6547, 6814, 7082, 7089, 7425, 7534, 7603, 7982, 8013, 8610, 8743, 8781, 9256, 9992, 10117, 10172, 10336, 10355, 10696, 11115, 11627, 12196, 12357, 12643, 12886, 12976, 13189, 13490, 13659, 13757, 14768, 14880, 15196, 15986, 16051, 16283, 17029, 18123, 18225, 18961, 19639, 21547, 21554, 23082, 23633, 23799, 23976, 24995, 25007, 25109, 25112, 25667, 26200, 26621, 27096, 27108, 27540, 28077, 28095, 28200, 28358, 28481, 28548, 28792, 28800, 28858, 29125, 29256, 30336]
24,174,[206, 451, 556, 582, 1053, 1073, 2147, 2584, 3086, 3291, 3309, 3506, 3981, 4021, 4233, 4281, 5182, 6708, 6955, 7369, 7378, 7418, 7427, 7476, 7957, 8469, 8477, 8538, 8689, 8842, 9225, 9683, 9954, 10533, 11081, 11163, 11673, 11733, 11870, 12002, 12216, 12334, 12878, 13024, 13295, 13519, 13681, 13689, 13946, 14178, 15298, 15520, 16453, 16526, 17019, 17336, 17343, 17560, 17835, 17945, 18296, 18644, 18698, 19514, 19535, 19583, 19608, 19660, 20109, 20367, 20939, 21802, 21938, 21948, 22577, 23002, 23072, 24360, 24784, 24979, 25066, 25124, 25229, 25249, 25348, 25797, 25898, 25919, 26280, 26684, 26860, 27029, 27316, 27440, 27563, 27810, 28386, 28870, 29218, 29345, 29681, 29691, 29822, 29896, 30071, 30317, 30728, 30759, 30857, 30890, 31009, 31217, 31744, 32078, 32185, 33971, 34035, 34332, 34379, 34391, 34448, 34519, 34762, 34908, 35054, 35159, 35177, 35692, 35724, 35770, 35777, 36562, 36612, 36628, 37136, 37408, 37898, 38110, 38632, 38832, 38883, 38972, 39171, 39344, 39383, 39607, 39795, 39944, 40105, 40192, 40292, 40570, 40675, 41160, 41180, 41200, 41305, 41495, 42171, 42369, 42950, 42956, 43397, 43748, 43803, 43819, 43879, 43995, 44117, 44167, 44368, 44460, 44549, 45012]
25,144,[716, 753, 929, 1045, 1349, 2976, 3721, 3939, 8404, 8655, 8771, 12462, 22976, 23011, 26466, 26642, 27939, 28247, 28276, 29871, 29889, 29922, 29950, 30283, 36690, 36768, 37406, 37425, 39801, 42695, 43359, 43410, 43516, 44904, 44915, 44938, 49140, 50250, 50258, 52333, 52692, 53911, 54526, 57460, 62411, 62452, 63599, 70334, 74675, 75306, 77891, 77896, 79759, 80228, 80256, 80373, 80925, 81608, 84019, 84437, 86911, 86932, 88073, 89825, 90018, 91621, 93515, 94368, 95093, 96040, 96513, 98229, 98242, 98902, 99148, 113409, 113432, 116084, 120945, 121211, 121252, 121263, 121272, 121747, 122218, 123437, 130597, 131399, 131564, 131978, 133186, 133252, 138542, 138961, 139683, 139688, 139705, 140204, 140415, 140555, 140688, 140712, 143704, 143884, 144455, 145845, 146353, 146934, 153178, 153750, 153894, 154444, 155371, 155384, 156557, 156569, 158298, 159236, 162449, 162872, 163055, 164184, 164857, 167350, 170875, 172901, 173046, 173919, 174246, 180326, 180346, 183141, 183160, 183174, 183203, 183242, 183254, 184303, 184822, 184839, 185455, 185775, 186155, 187859]
26,34,[157, 5547, 9949, 11333, 13495, 14050, 16878, 18137, 26357, 30242, 30583, 33536, 34269, 34860, 35421, 40260, 43183, 44044, 44766, 48241, 48598, 48631, 48980, 49293, 49596, 50384, 50456, 50539, 55446, 56314, 57281, 59793, 62010, 65828]
27,472,[1023, 1031, 1678, 1709, 2753, 2850, 2877, 2949, 3128, 3134, 3177, 3429, 3992, 4101, 4140, 4174, 4272, 4289, 4676, 4927, 5052, 5069, 5176, 5246, 5275, 5491, 6159, 7612, 8282, 8296, 8340, 8580, 8994, 9245, 9269, 9342, 9416, 9449, 9554, 9674, 10026, 10232, 10286, 10306, 10601, 10880, 10900, 11040, 11393, 11569, 11611, 11688, 11803, 11806, 12877, 12906, 13349, 13556, 13971, 14619, 14648, 14662, 14793, 15917, 15954, 16032, 16244, 16730, 16876, 16982, 17037, 18034, 18222, 18400, 19174, 19204, 19433, 19667, 19822, 20677, 20791, 20846, 21075, 21459, 21478, 21820, 22339, 22459, 22464, 22941, 23083, 23530, 23654, 24377, 24526, 24539, 24708, 24794, 24803, 24947, 25077, 25374, 25791, 26036, 26887, 27745, 27836, 27985, 28071, 28518, 28804, 28816, 28835, 28920, 28960, 29218, 29652, 29734, 30382, 30436, 30441, 31135, 31383, 31486, 31686, 31798, 31808, 31853, 32352, 32534, 32601, 32666, 32873, 33205, 33280, 33579, 34180, 34191, 34216, 34408, 34996, 35180, 36313, 36426, 36463, 37848, 37919, 38139, 38316, 38666, 39445, 39655, 39794, 40150, 40355, 41493, 42107, 42763, 43011, 43417, 44134, 44387, 44887, 44956, 45005, 45094, 45100, 45504, 45800, 45830, 46021, 46179, 46185, 46204, 46245, 46413, 46848, 47043, 47308, 47694, 47762, 47848, 49042, 49836, 49850, 49877, 49898, 50231, 50243, 50262, 50447, 50699, 50864, 50968, 51077, 51269, 52221, 52452, 53557, 53770, 54010, 54038, 54506, 54624, 54658, 55073, 55321, 55360, 55366, 55791, 55867, 55904, 56510, 56625, 56868, 56997, 57011, 57426, 57559, 57783, 58151, 58287, 58464, 58739, 58941, 60808, 60898, 61155, 61284, 61547, 61559, 62935, 63213, 63540, 63561, 64120, 64388, 64467, 64575, 64765, 65029, 65300, 66187, 66371, 66489, 66642, 67203, 67271, 67291, 67896, 68766, 69047, 69160, 69193, 69207, 69687, 70103, 70981, 71668, 72283, 72291, 72684, 72861, 72871, 73138, 73299, 73314, 73820, 73826, 73834, 73843, 74144, 74648, 74656, 74662, 75015, 75077, 75249, 75705, 76150, 76281, 76454, 76907, 76915, 77208, 77287, 77517, 77521, 77698, 77759, 77990, 78010, 78029, 78106, 78201, 78834, 78879, 79061, 79066, 79263, 79292, 80144, 80439, 81006, 81253, 81289, 81393, 82324, 82719, 83128, 83299, 83525, 83564, 83582, 83669, 83831, 83925, 84379, 84809, 84848, 85213, 85235, 85273, 85418, 85549, 85675, 85827, 85841, 85961, 86021, 86036, 86102, 86230, 86475, 86493, 86497, 86516, 86620, 86673, 86792, 86832, 86894, 87516, 88120, 88189, 88194, 88210, 88320, 88397, 88511, 88688, 88712, 88724, 88729, 89019, 89038, 89208, 89357, 89386, 89468, 89646, 89696, 90155, 90213, 90225, 90348, 90499, 90676, 90800, 90839, 91999, 92620, 92848, 93891, 94283, 94406, 94541, 94761, 95081, 95215, 95687, 95765, 95953, 96242, 96761, 97075, 97495, 97645, 97741, 97783, 97813, 97819, 97845, 97878, 97950, 97956, 97996, 98196, 98483, 98672, 98783, 98849, 98872, 99020, 99203, 99297, 99481, 99526, 99623, 99891, 99933, 99952, 100381, 100614, 101083, 101519, 101562, 101602, 101642, 101697, 101828, 102408, 102988, 103391, 103720, 103727, 103758, 103783, 104034, 104323, 104369, 104416, 104853, 104873, 104936, 104971, 105056, 105065, 105090, 105272, 105291, 105302, 105391, 105421, 105514, 105541, 105636, 105690, 106205, 106285, 106484, 106620, 106960, 107070, 107126, 107465, 107501, 107588, 107592, 107681, 107967, 108208, 108301, 108361, 108443, 108621, 109038, 109073, 109210, 109539, 109545, 109629]
28,32,[444, 609, 694, 914, 1315, 1606, 1859, 2056, 2101, 2333, 2729, 3091, 5166, 5609, 5942, 6036, 6797, 6838, 7253, 7308, 7315, 8040, 8398, 8707, 10105, 10451, 10813, 11064, 11073, 11599, 11608, 11668]
30,331,[6500, 14463, 18154, 18842, 18904, 18942, 23551, 28127, 29206, 29245, 29478, 32634, 36899, 40354, 42745, 44889, 53700, 64610, 65944, 93118, 105993, 108195, 108203, 111327, 111756, 115663, 118605, 126315, 132014, 133639, 134939, 142912, 155089, 155343, 160422, 162029, 163919, 163963, 164150, 166835, 170056, 170084, 170319, 171164, 173863, 174258, 175057, 175858, 178717, 178889, 180922, 181029, 181095, 182752, 182849, 188849, 189986, 190286, 191289, 191293, 192171, 200069, 201157, 211730, 213831, 214054, 215804, 215948, 221549, 234478, 248522, 254234, 255505, 255911, 263097, 267448, 277551, 279316, 279325, 279345, 279350, 279889, 281964, 282114, 282158, 282223, 282239, 282265, 282692, 282748, 283644, 285909, 286674, 291472, 292762, 292772, 292964, 294079, 294676, 295108, 297839, 297846, 297876, 300208, 300212, 300215, 303949, 306493, 306713, 309181, 310824, 315656, 316148, 318014, 318786, 319961, 321720, 321846, 323623, 323652, 323831, 324154, 325835, 326180, 326936, 330274, 331526, 331727, 332691, 337957, 339199, 339372, 339619, 340853, 340866, 343482, 347358, 356749, 356778, 356887, 357165, 357677, 357684, 357912, 358137, 358747, 363074, 363125, 363130, 364707, 370303, 372492, 373107, 373667, 373672, 373676, 375882, 379540, 379818, 380435, 381613, 381962, 382323, 384788, 384801, 384818, 385406, 386776, 388346, 389855, 391954, 393674, 393860, 393891, 393896, 394848, 401511, 404453, 405361, 409238, 412700, 414131, 419226, 419505, 420284, 421866, 421879, 423715, 424307, 424866, 424917, 430707, 431796, 434500, 435183, 438072, 441613, 441660, 442821, 447030, 447608, 450937, 451233, 453877, 466070, 469007, 469010, 472938, 472955, 475704, 476144, 481186, 483774, 488496, 489463, 494799, 495160, 495281, 495715, 496084, 498268, 498316, 498394, 498472, 502118, 502167, 502171, 503939, 510707, 510715, 512053, 512108, 512667, 512916, 512923, 518079, 518090, 518351, 519800, 520638, 525511, 525521, 525817, 527438, 527690, 527708, 527943, 529024, 529925, 531162, 533694, 534515, 537089, 537096, 541952, 541968, 544001, 548430, 551814, 555799, 557132, 557330, 557441, 557820, 558476, 559427, 560284, 564596, 566395, 566438, 567423, 568035, 569040, 570293, 570998, 571776, 572844, 573731, 574234, 574353, 574548, 575740, 577646, 578406, 580500, 580895, 581231, 581382, 581534, 581829, 582760, 586658, 588588, 588591, 589658, 591048, 591133, 591278, 591832, 596514, 602304, 602525, 602588, 602906, 604155, 604496, 604508, 604582, 604824, 605227, 606571, 607058, 608886, 610125, 610298, 611102, 611514, 613162, 614646, 616238, 616787, 620112, 620118, 621758, 622902, 624135, 624668, 627725, 628719, 633167, 638036]
6,12,[252, 270, 285, 429, 442, 468, 484, 535, 548, 552, 590, 602]
8,2,[70, 376]
9,4,[86, 106, 1368, 1398]
10,331,[6594, 14557, 18248, 18936, 18998, 19036, 23645, 28221, 29300, 29339, 29572, 32732, 36997, 40452, 42843, 44987, 53799, 64713, 66047, 93225, 106104, 108306, 108314, 111438, 111867, 115774, 118716, 126426, 132126, 133751, 135051, 143024, 155202, 155456, 160536, 162152, 164042, 164086, 164273, 166958, 170179, 170207, 170442, 171287, 173986, 174381, 175180, 175981, 178840, 179012, 181045, 181152, 181218, 182884, 182981, 188981, 190118, 190418, 191421, 191425, 192303, 200211, 201299, 211872, 213973, 214196, 215946, 216090, 221699, 234628, 248675, 254387, 255658, 256067, 263253, 267604, 277706, 279471, 279480, 279500, 279505, 280044, 282119, 282269, 282313, 282378, 282394, 282420, 282847, 282903, 283800, 286065, 286830, 291628, 292919, 292929, 293121, 294236, 294833, 295265, 297997, 298004, 298034, 300366, 300370, 300373, 304107, 306651, 306871, 309339, 310982, 315815, 316307, 318173, 318945, 320120, 321879, 322005, 323782, 323811, 323990, 324313, 325994, 326339, 327095, 330433, 331685, 331886, 332850, 338116, 339358, 339531, 339778, 341012, 341025, 343641, 347517, 356909, 356938, 357047, 357325, 357837, 357844, 358072, 358297, 358907, 363237, 363288, 363293, 364870, 370466, 372655, 373270, 373830, 373835, 373839, 376045, 379703, 379981, 380598, 381776, 382125, 382486, 384951, 384964, 384981, 385569, 386939, 388509, 390018, 392117, 393840, 394026, 394057, 394062, 395014, 401677, 404619, 405527, 409404, 412866, 414297, 419392, 419671, 420450, 422032, 422045, 423881, 424473, 425032, 425083, 430877, 431966, 434670, 435353, 438242, 441783, 441830, 442991, 447200, 447778, 451107, 451403, 454047, 466241, 469178, 469181, 473108, 473125, 475873, 476313, 481353, 483939, 488658, 489623, 494958, 495319, 495440, 495874, 496253, 498437, 498485, 498563, 498641, 502287, 502336, 502340, 504108, 510876, 510884, 512222, 512277, 512836, 513085, 513092, 518251, 518262, 518523, 519972, 520810, 525683, 525693, 525989, 527610, 527862, 527880, 528118, 529199, 530100, 531337, 533869, 534690, 537264, 537271, 542127, 542143, 544176, 548605, 551992, 555977, 557310, 557508, 557619, 557998, 558654, 559605, 560462, 564776, 566575, 566618, 567603, 568215, 569220, 570473, 571178, 571956, 573024, 573911, 574414, 574533, 574728, 575920, 577826, 578586, 580680, 581075, 581411, 581562, 581714, 582009, 582940, 586843, 588773, 588776, 589843, 591233, 591318, 591463, 592023, 596705, 602501, 602722, 602785, 603103, 604357, 604698, 604710, 604784, 605026, 605429, 606778, 607265, 609098, 610342, 610515, 611319, 611737, 613391, 614880, 616477, 617030, 620364, 620370, 622010, 623154, 624389, 624922, 627985, 628982, 633442, 638311]
11,38,[919, 2172, 2225, 2325, 2706, 3603, 3945, 6652, 6852, 7458, 7906, 8046, 8345, 8727, 10185, 10217, 10654, 10988, 11655, 12523, 12560, 13024, 13050, 14855, 14863, 15781, 16136, 16427, 17017, 17958, 19597, 19748, 19863, 19885, 20096, 20167, 20652, 20693]
12,46,[350, 449, 475, 486, 491, 650, 748, 901, 1115, 1195, 1936, 3512, 3881, 4015, 4035, 4725, 4762, 4852, 6217, 6252, 6452, 7733, 7882, 7950, 9585, 9868, 9878, 10313, 12201, 12609, 13535, 13807, 14131, 15125, 15577, 16553, 18807, 21420, 21454, 21882, 21985, 22906, 23059, 23095, 23195, 23274]
13,13,[315, 352, 408, 569, 967, 1936, 2361, 2944, 3154, 3309, 3435, 3623, 3843]
14,122,[526, 540, 569, 746, 919, 2622, 3234, 3318, 3529, 8447, 8549, 11037, 12371, 23555, 23590, 28864, 29189, 29218, 30626, 30909, 30927, 30960, 30988, 31312, 31318, 31338, 35463, 35470, 38067, 38145, 41394, 44519, 45185, 45240, 46724, 46735, 46763, 47743, 52387, 52395, 59809, 64025, 65152, 66599, 73888, 78209, 78877, 81579, 83976, 84082, 87718, 88083, 90670, 90691, 91924, 93961, 95672, 97605, 99201, 100049, 100517, 103057, 103244, 106343, 118462, 118485, 119813, 125044, 126239, 126497, 126538, 126549, 126558, 127580, 128058, 128064, 128886, 128892, 128912, 136405, 137368, 144512, 144984, 145753, 145758, 146625, 150077, 150703, 152171, 152733, 153001, 153406, 160773, 162101, 162114, 163355, 165121, 166147, 169389, 169804, 170003, 171652, 174268, 174335, 178191, 180278, 181337, 181675, 185550, 188089, 188109, 190631, 191421, 192409, 192444, 192464, 192958, 192975, 193545, 193926, 194295, 196018]
15,416,[757, 1411, 2372, 2418, 2433, 2604, 3092, 4346, 4919, 5138, 5743, 6669, 7824, 8601, 9125, 9434, 9499, 9573, 9831, 10257, 10559, 10678, 10811, 11609, 11627, 11933, 12015, 12082, 12102, 12366, 12523, 12891, 12902, 13972, 14025, 15271, 15388, 15399, 18035, 19043, 19135, 23123, 24136, 24158, 24219, 24495, 24508, 24892, 25040, 25201, 25646, 25985, 25988, 26731, 27009, 27015, 27237, 27330, 27803, 28273, 28312, 28676, 28977, 29026, 29379, 29395, 30307, 30396, 31570, 31906, 32402, 32866, 33515, 34656, 34843, 35049, 36104, 36565, 36598, 36612, 37286, 37383, 37738, 38022, 39129, 39891, 39905, 40267, 40459, 40504, 40633, 41765, 42914, 42982, 43042, 43649, 45000, 46212, 46552, 46558, 46568, 46869, 46898, 47725, 49348, 49452, 49830, 49860, 50943, 53052, 54497, 54726, 54738, 54804, 55606, 55622, 55643, 55724, 55733, 55749, 55769, 56133, 56196, 56417, 56536, 56854, 57592, 57807, 57895, 58647, 59058, 59330, 60739, 60885, 61153, 61238, 61257, 61544, 61621, 61626, 61686, 61861, 62342, 62603, 62622, 62643, 62706, 62863, 62874, 63686, 64742, 64788, 64799, 64973, 65060, 65082, 65126, 65220, 65261, 65302, 65827, 65983, 66752, 66926, 68228, 68740, 68779, 70935, 71536, 71807, 72149, 72622, 72865, 73002, 73334, 73421, 73577, 73595, 74463, 74848, 75469, 75558, 75901, 76080, 76329, 76674, 76730, 76748, 76758, 77228, 77609, 79090, 79497, 79869, 80269, 81053, 81085, 81579, 82410, 82924, 84235, 85072, 85835, 89071, 89554, 89980, 91043, 91178, 92651, 93001, 93009, 94962, 95152, 95586, 95630, 96158, 96779, 96845, 96856, 97038, 97742, 98003, 99698, 100301, 101018, 101218, 102803, 102833, 103005, 103229, 103559, 104391, 104639, 104660, 104969, 105113, 105122, 105746, 106004, 106093, 106410, 106750, 106758, 108243, 108485, 109348, 109684, 109704, 109795, 110014, 110053, 110452, 110500, 110516, 110567, 111450, 111608, 112002, 112363, 112413, 113390, 113419, 114017, 115392, 115870, 116751, 116769, 117078, 117202, 117818, 117880, 118036, 118111, 118220, 118747, 119063, 119099, 119596, 120166, 120410, 121538, 122002, 122900, 123101, 123131, 124900, 125327, 125698, 125711, 128064, 128273, 128312, 129189, 129335, 129825, 130499, 130950, 131363, 131391, 131782, 132130, 132658, 132730, 132998, 133032, 133580, 133880, 134440, 134478, 134876, 134945, 136252, 136756, 136832, 137023, 137086, 137295, 137322, 137607, 138026, 138414, 138673, 138715, 138908, 139109, 139289, 139423, 139774, 140215, 140842, 140934, 141062, 141139, 141362, 141478, 141489, 141511, 141777, 141787, 142042, 142684, 142756, 143353, 144885, 145739, 146106, 146171, 146242, 146659, 146747, 147430, 148579, 149519, 149551, 149727, 149743, 149772, 149997, 152663, 152855, 152866, 152948, 153175, 154702, 154715, 155943, 156105, 156236, 156403, 156646, 156730, 156743, 156802, 157503, 157965, 158032, 158999, 159566, 159674, 159789, 159893, 160053, 161015, 161021, 161290, 161757, 162171, 162489, 163313, 163471, 163512, 164030, 164429, 165010, 166150, 166576, 166732, 167175, 167969, 167974, 169061, 169070, 169293, 169951, 170391, 170766, 171100, 171109, 171833, 171857, 171870, 171987, 172127, 172364, 172379, 173873]
16,136,[311, 478, 1082, 1350, 1659, 1807, 1939, 2024, 2150, 2176, 2203, 2281, 2287, 2422, 2503, 2542, 2569, 2883, 3345, 3357, 3405, 4018, 4025, 4777, 5019, 5154, 5573, 5839, 5979, 6854, 7003, 7205, 7331, 7420, 7659, 7821, 7834, 7971, 8140, 8835, 8890, 8916, 9085, 9418, 9444, 9544, 10180, 10316, 10321, 10342, 10809, 11426, 12012, 12212, 12818, 13456, 13556, 13804, 14641, 14858, 16525, 16602, 16635, 16657, 17736, 17881, 17932, 18417, 18594, 19012, 19270, 19738, 19798, 19853, 20673, 21063, 21253, 21640, 22283, 22651, 22914, 22920, 23823, 24008, 24037, 24162, 24673, 24753, 25318, 25356, 25496, 25606, 25950, 26238, 26253, 26262, 26999, 27112, 27242, 27477, 28208, 28587, 28722, 28814, 29310, 29396, 29640, 30017, 30222, 30278, 31425, 31495, 31637, 31699, 32139, 33244, 33303, 33565, 33583, 33798, 34167, 34174, 34394, 34678, 34750, 34754, 34767, 34909, 35091, 35940, 35993, 36351, 36697, 37162, 37267, 37664]
17,728,[270, 278, 314, 484, 797, 819, 1543, 2022, 2396, 2637, 2685, 2695, 3622, 3632, 4383, 4646, 5993, 7005, 7854, 9978, 10038, 10151, 10247, 10554, 10790, 10822, 11460, 11591, 11742, 12782, 13122, 13130, 13538, 14437, 14883, 14923, 15016, 15039, 15331, 15338, 16451, 16473, 16520, 16636, 16698, 16720, 17999, 18155, 18186, 18661, 18674, 18690, 19351, 19662, 19688, 19695, 19701, 19767, 19775, 19826, 20696, 20860, 21191, 21407, 21416, 21650, 21667, 21755, 21767, 21920, 21941, 22444, 22453, 22535, 22929, 24629, 24708, 25571, 25588, 25989, 26002, 26050, 26168, 26288, 29639, 30206, 30215, 30296, 30519, 30526, 30602, 31355, 31918, 36823, 36965, 37198, 37208, 37221, 37233, 37259, 37282, 37478, 37751, 38721, 38756, 38891, 38894, 39872, 41355, 42316, 42825, 43317, 43393, 44316, 44616, 44773, 44981, 45111, 45135, 45140, 45306, 47934, 48539, 48547, 50224, 50344, 50700, 50743, 50783, 51227, 51279, 51291, 51492, 51845, 52672, 53720, 54488, 54588, 54639, 54649, 54656, 54839, 55019, 55026, 55038, 55053, 55062, 55243, 55330, 55375, 55408, 55692, 56401, 56425, 56452, 56623, 56691, 57151, 57269, 57295, 57306, 57325, 57361, 57373, 58244, 58559, 58803, 58901, 59185, 59363, 59987, 60871, 61300, 61578, 61584, 62179, 62312, 62329, 62657, 62679, 64259, 64540, 65782, 65950, 67621, 67960, 68435, 68516, 68546, 69265, 69408, 69945, 70220, 70447, 71409, 71589, 72574, 72733, 72767, 72840, 72854, 72859, 72950, 73010, 73332, 73358, 73666, 73724, 73966, 73972, 73980, 73995, 74029, 74426, 74650, 74947, 75341, 75463, 75668, 75688, 75842, 75916, 76228, 76476, 77000, 78013, 78125, 78164, 78854, 78887, 78929, 79144, 79635, 79920, 80031, 80113, 80396, 80409, 81156, 81226, 81234, 81836, 82096, 83037, 83196, 83200, 83225, 83267, 83306, 84191, 84735, 84955, 85372, 85423, 85454, 85479, 85612, 85797, 85804, 86299, 86401, 86409, 86775, 86781, 87312, 87370, 87418, 87445, 87477, 88198, 88228, 88345, 88438, 88658, 89020, 89281, 89322, 89535, 89772, 89788, 89803, 89914, 89930, 89938, 90165, 90175, 90204, 90211, 90222, 90265, 90277, 90302, 90311, 90320, 90544, 90547, 90566, 90618, 91064, 92078, 92743, 93102, 93522, 93536, 93743, 93917, 93933, 93940, 93965, 94000, 94011, 94027, 94047, 94070, 94083, 94091, 94193, 94646, 94673, 95827, 95925, 95953, 96182, 96255, 96324, 96976, 97042, 97549, 97557, 97667, 97677, 97745, 97809, 97874, 97887, 97914, 98122, 98346, 98527, 99307, 99368, 99888, 100271, 100314, 100322, 100990, 101342, 101445, 101573, 101708, 101842, 101857, 102102, 102265, 102554, 103525, 104621, 105247, 105793, 105796, 106156, 106710, 106883, 106988, 107048, 107228, 107756, 107762, 107872, 108623, 108628, 108645, 108806, 108817, 108999, 109078, 109210, 109224, 109295, 109303, 109409, 109415, 109486, 109501, 109522, 109631, 109771, 109783, 109798, 110344, 110949, 111065, 111541, 111797, 112084, 112834, 115369, 115963, 116847, 116865, 116870, 116911, 116948, 117328, 118591, 118636, 118688, 118982, 119052, 119260, 119509, 119750, 119820, 119852, 120046, 120115, 120253, 120731, 120918, 120927, 120934, 121902, 122397, 123113, 123346, 123352, 123363, 123435, 123571, 123624, 123683, 123705, 123728, 124024, 124425, 124434, 125728, 126669, 128186, 128731, 128961, 129715, 131350, 131570, 131686, 131823, 131834, 131848, 132197, 132213, 132540, 132584, 132778, 132984, 133025, 133138, 133147, 133390, 133614, 134281, 134288, 134340, 134428, 134436, 134615, 134618, 135480, 135487, 135711, 136808, 137429, 137500, 137564, 137897, 137905, 137982, 138361, 138369, 138380, 138390, 138433, 138466, 138686, 138761, 139047, 139549, 139944, 140878, 141536, 141938, 143017, 143076, 143189, 143325, 143523, 144599, 144629, 144834, 145048, 145127, 145392, 145419, 145503, 145519, 145534, 145764, 145875, 145903, 145942, 145957, 146003, 146144, 146594, 146867, 147688, 147980, 148438, 148648, 148663, 148763, 148878, 149312, 149679, 149703, 151051, 151254, 151267, 151702, 152046, 152054, 152072, 152126, 153176, 153533, 153980, 154036, 154528, 154805, 155571, 156009, 156058, 156112, 156381, 157019, 157252, 158193, 158356, 158551, 158873, 159095, 159221, 159251, 160059, 160503, 161027, 161497, 162619, 163694, 165345, 165383, 165572, 165685, 165723, 165815, 165821, 166117, 166482, 166512, 166547, 166893, 166901, 167018, 167047, 167084, 167115, 167301, 167368, 167375, 167442, 167506, 168963, 169515, 169630, 169774, 169783, 169798, 170663, 170844, 170980, 171041, 171072, 171387, 171436, 171467, 171528, 171585, 171727, 171954, 172274, 172326, 172447, 172606, 173305, 173484, 173555, 173594, 173602, 173822, 173861, 173887, 173925, 174409, 174416, 174465, 174470, 175298, 175594, 175853, 175858, 175975, 176300, 176365, 176719, 176733, 177081, 177089, 177518, 177591, 177808, 179437, 179462, 179788, 179889, 179964, 180152, 180160, 180851, 180927, 180939, 182199, 183494, 184578, 184971, 185473, 186043, 186285, 186693, 187322, 187339, 187394, 188028, 188041, 188066, 188307, 188312, 188320, 189107, 189570, 189584, 189833, 189866, 190497, 190520, 190783, 191169, 191868, 192834, 193171, 193178, 193191, 193840, 193923, 193969, 194533, 194538, 194634, 195429, 195612, 195619, 195754, 195790, 196030, 196042, 196080, 196965, 197079, 197142, 198490, 198888, 199354, 199387, 199398, 200138, 200478, 200781, 201438, 201578, 201584, 202323, 202957, 205478, 205622, 205815, 206142, 207597, 208445, 208507, 209240, 210045, 210207, 210335, 210375, 210556, 210731, 210904, 211738, 211744, 211860, 212139, 212157, 212183, 212476, 213136, 213777, 215121, 215471, 215545, 217193]
18,812,[959, 965, 1655, 2257, 2285, 2482, 2547, 2599, 2850, 3203, 3234, 4306, 4322, 5478, 5614, 7061, 7110, 7565, 7658, 7667, 7789, 7816, 7915, 8149, 8161, 8173, 8184, 8460, 8893, 9056, 9069, 9093, 9383, 9449, 9648, 10446, 10693, 11145, 11188, 11222, 11246, 11380, 11779, 11802, 11817, 11850, 11856, 11861, 11914, 12125, 12130, 12142, 12330, 12450, 12465, 12593, 12675, 12721, 12851, 12858, 12916, 12930, 13012, 13306, 13358, 13402, 13438, 13770, 13937, 14318, 14372, 14393, 15058, 15065, 15077, 15083, 16372, 16387, 17656, 17945, 18093, 18299, 18387, 18396, 18402, 19360, 19412, 19778, 20294, 20418, 20496, 20637, 20669, 20873, 21861, 21891, 21902, 21997, 22162, 22339, 22444, 22693, 22770, 23069, 23301, 23674, 23692, 23709, 24065, 24143, 24151, 24218, 24379, 24447, 24485, 25174, 25193, 25198, 25216, 25918, 26622, 27117, 27660, 27668, 27908, 28147, 29646, 29780, 29923, 30212, 31395, 32012, 32031, 32079, 32143, 32276, 32285, 32490, 32503, 32517, 32551, 33206, 33358, 33526, 34355, 34437, 34447, 34469, 34499, 34702, 34999, 35010, 35091, 35105, 35559, 35625, 35808, 35838, 36386, 36392, 37021, 37165, 37277, 37289, 37436, 37458, 38032, 38381, 39188, 39448, 39458, 39694, 39905, 39987, 40547, 40645, 40666, 41243, 41310, 41896, 41965, 42132, 42183, 42212, 42232, 42370, 42932, 43256, 43374, 43558, 43586, 44399, 44722, 44735, 44747, 44879, 44904, 45073, 46205, 46520, 46538, 46615, 46621, 46646, 46660, 47033, 47101, 47134, 48017, 48181, 48198, 48425, 49022, 49714, 49726, 49910, 50106, 50303, 50318, 50445, 50593, 50663, 50718, 50749, 50788, 50801, 51294, 51299, 51506, 51692, 51715, 52217, 52539, 52876, 52901, 52913, 53021, 53034, 53067, 53102, 53265, 53806, 53875, 54009, 54148, 54940, 55193, 55232, 55579, 55857, 55883, 55927, 56151, 56182, 56633, 56884, 56900, 56928, 57132, 57190, 57285, 57311, 57478, 57507, 57518, 57898, 57906, 57932, 57951, 58084, 58156, 58220, 58274, 58613, 58677, 58689, 58791, 58808, 58844, 58854, 58882, 58905, 59132, 59143, 59149, 59231, 59315, 59479, 59771, 59788, 60061, 61363, 61452, 61465, 61469, 61507, 61587, 61815, 61846, 61871, 61896, 62027, 62491, 62824, 63089, 63843, 64114, 64236, 64269, 64399, 64420, 64513, 64625, 64793, 64808, 64876, 64959, 65003, 65017, 65155, 65257, 65484, 65613, 65676, 65838, 66047, 66451, 66644, 66653, 66731, 66895, 67236, 67344, 67369, 67495, 67721, 67744, 67960, 67992, 68001, 68027, 68215, 68287, 68310, 68625, 68912, 68917, 69016, 69063, 69325, 69330, 69357, 69365, 69447, 69474, 69700, 69735, 69930, 70012, 70097, 70287, 70568, 70602, 70640, 70917, 71379, 71519, 71539, 71792, 72095, 72687, 72728, 72733, 72741, 72761, 72992, 73183, 73324, 73850, 74383, 74451, 74505, 74576, 74613, 74652, 74816, 74822, 74834, 74910, 74915, 74973, 75049, 75268, 75288, 75331, 75339, 75514, 75841, 76122, 76138, 76226, 77349, 77369, 77904, 78014, 78348, 78876, 79481, 79602, 79739, 79822, 80149, 80452, 80465, 80481, 80693, 80728, 80853, 81527, 81584, 81602, 81645, 81875, 81893, 82349, 82681, 82736, 82810, 82822, 82863, 82871, 82878, 82891, 82961, 83164, 84140, 84269, 84497, 84667, 84691, 84774, 84798, 84829, 84849, 84900, 85108, 85192, 85228, 85245, 85255, 86451, 86688, 86843, 86859, 86904, 86911, 87007, 87027, 87299, 87453, 87477, 87664, 87671, 87710, 87810, 87839, 87901, 88050, 88196, 88317, 88493, 88510, 88532, 88730, 89374, 90341, 90385, 90552, 90688, 91426, 91888, 91896, 91975, 92588, 92891, 93144, 93270, 93461, 93851, 94111, 94258, 94556, 94876, 95751, 95934, 96154, 96162, 96648, 96930, 96953, 97016, 97024, 97171, 97318, 97329, 97337, 97365, 97496, 97593, 97605, 97621, 97695, 97755, 97764, 97802, 97811, 97834, 97960, 98046, 98327, 98346, 98351, 98382, 100321, 100417, 100651, 100682, 100695, 101169, 101398, 101613, 101675, 101681, 101714, 101859, 101985, 101996, 102914, 103721, 103803, 103841, 104713, 104726, 104898, 104960, 105436, 105448, 105481, 105609, 106030, 106853, 106858, 107546, 108123, 108193, 108233, 108434, 108471, 108701, 108723, 108733, 108822, 109096, 109134, 109209, 109317, 109325, 109581, 109818, 109844, 110423, 110483, 110488, 110668, 110857, 110970, 110985, 111074, 111082, 111095, 111111, 111138, 111145, 111201, 111234, 111325, 111380, 111545, 111709, 111830, 111941, 112079, 112449, 112563, 113171, 113177, 113182, 113404, 113838, 114226, 114256, 114514, 114780, 115157, 115583, 115892, 115941, 116558, 116567, 116599, 117102, 117115, 117231, 117237, 117251, 117256, 117284, 117565, 117797, 117813, 118285, 118334, 118950, 118959, 118991, 119494, 119507, 119623, 119629, 119643, 119648, 119676, 119957, 120189, 120205, 120421, 120456, 121083, 121602, 121625, 121892, 121917, 122981, 123147, 123450, 123486, 123511, 123539, 123596, 123622, 123709, 123724, 123740, 123910, 124394, 124466, 124473, 124882, 124904, 125437, 125446, 125870, 125919, 125951, 126018, 126327, 126494, 126702, 126868, 126932, 126956, 127403, 127939, 127965, 128220, 128246, 128710, 128768, 128786, 128992, 128999, 129050, 129202, 129428, 129432, 129545, 130036, 130239, 130262, 130374, 130529, 130554, 130624, 130705, 132118, 132195, 132260, 132470, 132744, 132940, 132983, 133076, 133113, 133332, 133864, 134235, 134323, 134352, 134369, 134745, 134919, 134929, 134951, 135024, 135101, 135114, 135366, 135377, 135569, 135585, 135604, 135732, 136300, 136457, 136717, 136803, 137068, 137231, 137531, 137542, 137567, 137592, 137641, 137921, 138005, 138135, 138184, 138210, 138286, 138297, 139357, 139637, 139742, 140088, 140280, 140314, 140853, 141200, 141818, 141861, 141884, 141902, 141910, 142271, 142551, 142564, 142571, 142677, 142828, 143038, 143099, 143111, 143130, 143135, 143160, 143169, 143177, 143190, 143201, 143243, 143264, 143287, 143349, 143563, 143634, 143784, 143801, 143961, 143998, 144272, 144443, 144646, 144670, 145104, 145130, 145346, 145424, 145445, 145898, 146158, 146400, 146665, 146687, 146838, 146888, 147126, 147150, 147229, 147519, 147541, 147575, 147587, 147603, 147615, 147660, 147681, 147693, 147847, 147922, 147927, 148183, 148480]
19,5,[2006, 4962, 16872, 23347, 23512]
20,9,[9396, 10771, 13465, 32660, 33389, 39317, 42248, 54284, 58597]
21,59,[2668, 2770, 3473, 3488, 3556, 3560, 3627, 3685, 3817, 4056, 4525, 4594, 4618, 4742, 4858, 4865, 5066, 5274, 5717, 7126, 8118, 9806, 10022, 10814, 13023, 13511, 13548, 13571, 13615, 14155, 14595, 16014, 16536, 16540, 16546, 16554, 16792, 16801, 16940, 19428, 20857, 21975, 22004, 23436, 24212, 24358, 26619, 26686, 28133, 29662, 29986, 29994, 31134, 31567, 32555, 32999, 33140, 33868, 34121]
22,17,[80, 156, 195, 223, 302, 319, 408, 433, 16033, 16036, 16159, 16163, 56203, 60356, 71674, 115393, 159077]
23,88,[248, 840, 1060, 1096, 1238, 1301, 1401, 1619, 2215, 2502, 2860, 3192, 3234, 3429, 4542, 4816, 4836, 4843, 5054, 6547, 6814, 7082, 7089, 7425, 7534, 7603, 7982, 8013, 8610, 8743, 8781, 9256, 9992, 10117, 10172, 10336, 10355, 10696, 11115, 11627, 12196, 12357, 12643, 12886, 12976, 13189, 13490, 13659, 13757, 14768, 14880, 15196, 15986, 16051, 16283, 17029, 18123, 18225, 18961, 19639, 21547, 21554, 23082, 23633, 23799, 23976, 24995, 25007, 25109, 25112, 25667, 26200, 26621, 27096, 27108, 27540, 28077, 28095, 28200, 28358, 28481, 28548, 28792, 28800, 28858, 29125, 29256, 30336]
24,174,[206, 451, 556, 582, 1053, 1073, 2147, 2584, 3086, 3291, 3309, 3506, 3981, 4021, 4233, 4281, 5182, 6708, 6955, 7369, 7378, 7418, 7427, 7476, 7957, 8469, 8477, 8538, 8689, 8842, 9225, 9683, 9954, 10533, 11081, 11163, 11673, 11733, 11870, 12002, 12216, 12334, 12878, 13024, 13295, 13519, 13681, 13689, 13946, 14178, 15298, 15520, 16453, 16526, 17019, 17336, 17343, 17560, 17835, 17945, 18296, 18644, 18698, 19514, 19535, 19583, 19608, 19660, 20109, 20367, 20939, 21802, 21938, 21948, 22577, 23002, 23072, 24360, 24784, 24979, 25066, 25124, 25229, 25249, 25348, 25797, 25898, 25919, 26280, 26684, 26860, 27029, 27316, 27440, 27563, 27810, 28386, 28870, 29218, 29345, 29681, 29691, 29822, 29896, 30071, 30317, 30728, 30759, 30857, 30890, 31009, 31217, 31744, 32078, 32185, 33971, 34035, 34332, 34379, 34391, 34448, 34519, 34762, 34908, 35054, 35159, 35177, 35692, 35724, 35770, 35777, 36562, 36612, 36628, 37136, 37408, 37898, 38110, 38632, 38832, 38883, 38972, 39171, 39344, 39383, 39607, 39795, 39944, 40105, 40192, 40292, 40570, 40675, 41160, 41180, 41200, 41305, 41495, 42171, 42369, 42950, 42956, 43397, 43748, 43803, 43819, 43879, 43995, 44117, 44167, 44368, 44460, 44549, 45012]
25,144,[716, 753, 929, 1045, 1349, 2976, 3721, 3939, 8404, 8655, 8771, 12462, 22976, 23011, 26466, 26642, 27939, 28247, 28276, 29871, 29889, 29922, 29950, 30283, 36690, 36768, 37406, 37425, 39801, 42695, 43359, 43410, 43516, 44904, 44915, 44938, 49140, 50250, 50258, 52333, 52692, 53911, 54526, 57460, 62411, 62452, 63599, 70334, 74675, 75306, 77891, 77896, 79759, 80228, 80256, 80373, 80925, 81608, 84019, 84437, 86911, 86932, 88073, 89825, 90018, 91621, 93515, 94368, 95093, 96040, 96513, 98229, 98242, 98902, 99148, 113409, 113432, 116084, 120945, 121211, 121252, 121263, 121272, 121747, 122218, 123437, 130597, 131399, 131564, 131978, 133186, 133252, 138542, 138961, 139683, 139688, 139705, 140204, 140415, 140555, 140688, 140712, 143704, 143884, 144455, 145845, 146353, 146934, 153178, 153750, 153894, 154444, 155371, 155384, 156557, 156569, 158298, 159236, 162449, 162872, 163055, 164184, 164857, 167350, 170875, 172901, 173046, 173919, 174246, 180326, 180346, 183141, 183160, 183174, 183203, 183242, 183254, 184303, 184822, 184839, 185455, 185775, 186155, 187859]
26,34,[157, 5547, 9949, 11333, 13495, 14050, 16878, 18137, 26357, 30242, 30583, 33536, 34269, 34860, 35421, 40260, 43183, 44044, 44766, 48241, 48598, 48631, 48980, 49293, 49596, 50384, 50456, 50539, 55446, 56314, 57281, 59793, 62010, 65828]
27,472,[1023, 1031, 1678, 1709, 2753, 2850, 2877, 2949, 3128, 3134, 3177, 3429, 3992, 4101, 4140, 4174, 4272, 4289, 4676, 4927, 5052, 5069, 5176, 5246, 5275, 5491, 6159, 7612, 8282, 8296, 8340, 8580, 8994, 9245, 9269, 9342, 9416, 9449, 9554, 9674, 10026, 10232, 10286, 10306, 10601, 10880, 10900, 11040, 11393, 11569, 11611, 11688, 11803, 11806, 12877, 12906, 13349, 13556, 13971, 14619, 14648, 14662, 14793, 15917, 15954, 16032, 16244, 16730, 16876, 16982, 17037, 18034, 18222, 18400, 19174, 19204, 19433, 19667, 19822, 20677, 20791, 20846, 21075, 21459, 21478, 21820, 22339, 22459, 22464, 22941, 23083, 23530, 23654, 24377, 24526, 24539, 24708, 24794, 24803, 24947, 25077, 25374, 25791, 26036, 26887, 27745, 27836, 27985, 28071, 28518, 28804, 28816, 28835, 28920, 28960, 29218, 29652, 29734, 30382, 30436, 30441, 31135, 31383, 31486, 31686, 31798, 31808, 31853, 32352, 32534, 32601, 32666, 32873, 33205, 33280, 33579, 34180, 34191, 34216, 34408, 34996, 35180, 36313, 36426, 36463, 37848, 37919, 38139, 38316, 38666, 39445, 39655, 39794, 40150, 40355, 41493, 42107, 42763, 43011, 43417, 44134, 44387, 44887, 44956, 45005, 45094, 45100, 45504, 45800, 45830, 46021, 46179, 46185, 46204, 46245, 46413, 46848, 47043, 47308, 47694, 47762, 47848, 49042, 49836, 49850, 49877, 49898, 50231, 50243, 50262, 50447, 50699, 50864, 50968, 51077, 51269, 52221, 52452, 53557, 53770, 54010, 54038, 54506, 54624, 54658, 55073, 55321, 55360, 55366, 55791, 55867, 55904, 56510, 56625, 56868, 56997, 57011, 57426, 57559, 57783, 58151, 58287, 58464, 58739, 58941, 60808, 60898, 61155, 61284, 61547, 61559, 62935, 63213, 63540, 63561, 64120, 64388, 64467, 64575, 64765, 65029, 65300, 66187, 66371, 66489, 66642, 67203, 67271, 67291, 67896, 68766, 69047, 69160, 69193, 69207, 69687, 70103, 70981, 71668, 72283, 72291, 72684, 72861, 72871, 73138, 73299, 73314, 73820, 73826, 73834, 73843, 74144, 74648, 74656, 74662, 75015, 75077, 75249, 75705, 76150, 76281, 76454, 76907, 76915, 77208, 77287, 77517, 77521, 77698, 77759, 77990, 78010, 78029, 78106, 78201, 78834, 78879, 79061, 79066, 79263, 79292, 80144, 80439, 81006, 81253, 81289, 81393, 82324, 82719, 83128, 83299, 83525, 83564, 83582, 83669, 83831, 83925, 84379, 84809, 84848, 85213, 85235, 85273, 85418, 85549, 85675, 85827, 85841, 85961, 86021, 86036, 86102, 86230, 86475, 86493, 86497, 86516, 86620, 86673, 86792, 86832, 86894, 87516, 88120, 88189, 88194, 88210, 88320, 88397, 88511, 88688, 88712, 88724, 88729, 89019, 89038, 89208, 89357, 89386, 89468, 89646, 89696, 90155, 90213, 90225, 90348, 90499, 90676, 90800, 90839, 91999, 92620, 92848, 93891, 94283, 94406, 94541, 94761, 95081, 95215, 95687, 95765, 95953, 96242, 96761, 97075, 97495, 97645, 97741, 97783, 97813, 97819, 97845, 97878, 97950, 97956, 97996, 98196, 98483, 98672, 98783, 98849, 98872, 99020, 99203, 99297, 99481, 99526, 99623, 99891, 99933, 99952, 100381, 100614, 101083, 101519, 101562, 101602, 101642, 101697, 101828, 102408, 102988, 103391, 103720, 103727, 103758, 103783, 104034, 104323, 104369, 104416, 104853, 104873, 104936, 104971, 105056, 105065, 105090, 105272, 105291, 105302, 105391, 105421, 105514, 105541, 105636, 105690, 106205, 106285, 106484, 106620, 106960, 107070, 107126, 107465, 107501, 107588, 107592, 107681, 107967, 108208, 108301, 108361, 108443, 108621, 109038, 109073, 109210, 109539, 109545, 109629]
28,32,[444, 609, 694, 914, 1315, 1606, 1859, 2056, 2101, 2333, 2729, 3091, 5166, 5609, 5942, 6036, 6797, 6838, 7253, 7308, 7315, 8040, 8398, 8707, 10105, 10451, 10813, 11064, 11073, 11599, 11608, 11668]
30,331,[6500, 14463, 18154, 18842, 18904, 18942, 23551, 28127, 29206, 29245, 29478, 32634, 36899, 40354, 42745, 44889, 53700, 64610, 65944, 93118, 105993, 108195, 108203, 111327, 111756, 115663, 118605, 126315, 132014, 133639, 134939, 142912, 155089, 155343, 160422, 162029, 163919, 163963, 164150, 166835, 170056, 170084, 170319, 171164, 173863, 174258, 175057, 175858, 178717, 178889, 180922, 181029, 181095, 182752, 182849, 188849, 189986, 190286, 191289, 191293, 192171, 200069, 201157, 211730, 213831, 214054, 215804, 215948, 221549, 234478, 248522, 254234, 255505, 255911, 263097, 267448, 277551, 279316, 279325, 279345, 279350, 279889, 281964, 282114, 282158, 282223, 282239, 282265, 282692, 282748, 283644, 285909, 286674, 291472, 292762, 292772, 292964, 294079, 294676, 295108, 297839, 297846, 297876, 300208, 300212, 300215, 303949, 306493, 306713, 309181, 310824, 315656, 316148, 318014, 318786, 319961, 321720, 321846, 323623, 323652, 323831, 324154, 325835, 326180, 326936, 330274, 331526, 331727, 332691, 337957, 339199, 339372, 339619, 340853, 340866, 343482, 347358, 356749, 356778, 356887, 357165, 357677, 357684, 357912, 358137, 358747, 363074, 363125, 363130, 364707, 370303, 372492, 373107, 373667, 373672, 373676, 375882, 379540, 379818, 380435, 381613, 381962, 382323, 384788, 384801, 384818, 385406, 386776, 388346, 389855, 391954, 393674, 393860, 393891, 393896, 394848, 401511, 404453, 405361, 409238, 412700, 414131, 419226, 419505, 420284, 421866, 421879, 423715, 424307, 424866, 424917, 430707, 431796, 434500, 435183, 438072, 441613, 441660, 442821, 447030, 447608, 450937, 451233, 453877, 466070, 469007, 469010, 472938, 472955, 475704, 476144, 481186, 483774, 488496, 489463, 494799, 495160, 495281, 495715, 496084, 498268, 498316, 498394, 498472, 502118, 502167, 502171, 503939, 510707, 510715, 512053, 512108, 512667, 512916, 512923, 518079, 518090, 518351, 519800, 520638, 525511, 525521, 525817, 527438, 527690, 527708, 527943, 529024, 529925, 531162, 533694, 534515, 537089, 537096, 541952, 541968, 544001, 548430, 551814, 555799, 557132, 557330, 557441, 557820, 558476, 559427, 560284, 564596, 566395, 566438, 567423, 568035, 569040, 570293, 570998, 571776, 572844, 573731, 574234, 574353, 574548, 575740, 577646, 578406, 580500, 580895, 581231, 581382, 581534, 581829, 582760, 586658, 588588, 588591, 589658, 591048, 591133, 591278, 591832, 596514, 602304, 602525, 602588, 602906, 604155, 604496, 604508, 604582, 604824, 605227, 606571, 607058, 608886, 610125, 610298, 611102, 611514, 613162, 614646, 616238, 616787, 620112, 620118, 621758, 622902, 624135, 624668, 627725, 628719, 633167, 638036]
