6,2,[65, 516]
8,1,[304]
9,6,[18, 38, 903, 1278, 1887, 2085]
10,1796,[1105, 1114, 3304, 3343, 3594, 5243, 5253, 5990, 6440, 6706, 6749, 6816, 8177, 8509, 8865, 9148, 9499, 9733, 10058, 10657, 11942, 12120, 12219, 12256, 12277, 12462, 12658, 13052, 13166, 13286, 13454, 13943, 14087, 15202, 15253, 15256, 15305, 15779, 17107, 17802, 17901, 18026, 18051, 18111, 18198, 18242, 18779, 18867, 18921, 19354, 19644, 19677, 19737, 19751, 20023, 20215, 20255, 20267, 20350, 20567, 22124, 22698, 24462, 25576, 25641, 25726, 25997, 26342, 26852, 26947, 26985, 27385, 27412, 27694, 28110, 28210, 28241, 28698, 29198, 29492, 29533, 29597, 29833, 30277, 30505, 30655, 30847, 31226, 31586, 31648, 31701, 33475, 33928, 34854, 35214, 35395, 35421, 35424, 36284, 36456, 36806, 36831, 36878, 37444, 37503, 37722, 37838, 38433, 39283, 40143, 40176, 40196, 40206, 40372, 40613, 40629, 41821, 42357, 42370, 42518, 42543, 43071, 43468, 43570, 44041, 44359, 44496, 45341, 46004, 46047, 46097, 46156, 46252, 46279, 46293, 46301, 46326, 46373, 47371, 48811, 48823, 49119, 49359, 49478, 49502, 49517, 49613, 49691, 50043, 50068, 50429, 50452, 50474, 50498, 50880, 51079, 51087, 51130, 51335, 51707, 52136, 52232, 52691, 52970, 53038, 53468, 53477, 53631, 53688, 53790, 53839, 54042, 54089, 54102, 54119, 54345, 57441, 58025, 58047, 58373, 58402, 58418, 58714, 58742, 58879, 59444, 59583, 59598, 59707, 59720, 59907, 59923, 59957, 59960, 59980, 60200, 60219, 60227, 60258, 60262, 60277, 60430, 61441, 61616, 61619, 61874, 62608, 63387, 63428, 63470, 63693, 63733, 63757, 63770, 64113, 64177, 64227, 64248, 64269, 64302, 64584, 64657, 64696, 65782, 67477, 67509, 67625, 67695, 67823, 67849, 67929, 67995, 68040, 68120, 68868, 68909, 69251, 69338, 69366, 69497, 69557, 69617, 69641, 69679, 69728, 69809, 70167, 70340, 71100, 71122, 71179, 71201, 71239, 71488, 71683, 71862, 72495, 73906, 74160, 74334, 74601, 74723, 74741, 74775, 74805, 76446, 76469, 76628, 77060, 77070, 77457, 77538, 79828, 79836, 79874, 79896, 80517, 80524, 82355, 82391, 82612, 82746, 83043, 83142, 83264, 83455, 83477, 83604, 85147, 85169, 85189, 85246, 85249, 85457, 85480, 85483, 85693, 85696, 86309, 86356, 86785, 86837, 86975, 87330, 88357, 88540, 88726, 88841, 88951, 89427, 89519, 89530, 89872, 90083, 90143, 90453, 90580, 90642, 90795, 90816, 91272, 91328, 91403, 91622, 91698, 91745, 91772, 91900, 92393, 92784, 92803, 93337, 93437, 93471, 93484, 94187, 95457, 96853, 96916, 98216, 98372, 98375, 98380, 98452, 98622, 98657, 98662, 98710, 98715, 98746, 98760, 98799, 98804, 101649, 101730, 101812, 102087, 102156, 102167, 102177, 102183, 102192, 102196, 102204, 102288, 102337, 102345, 102396, 102713, 102718, 102724, 103157, 103227, 103319, 104155, 104639, 104642, 105143, 105425, 105454, 105614, 105627, 105674, 105775, 105887, 105936, 106218, 106409, 106431, 106660, 106688, 107211, 107455, 107663, 107713, 108281, 108374, 108450, 108598, 108828, 109866, 109938, 109987, 110015, 110053, 110604, 110665, 111191, 111248, 111264, 111276, 111310, 111335, 111366, 111703, 111709, 111881, 112198, 112268, 113061, 113107, 113137, 113280, 113446, 113585, 113749, 113787, 114082, 114111, 115082, 115216, 115832, 116196, 116365, 116392, 116857, 117033, 117271, 117366, 118012, 118015, 119063, 119405, 119651, 120283, 120662, 120872, 121144, 121679, 121692, 121817, 121824, 121903, 122304, 122770, 122783, 123224, 123238, 123373, 123389, 124321, 124456, 124608, 124721, 125142, 125507, 125619, 125731, 125739, 125750, 125781, 125869, 125935, 125950, 126300, 127544, 127572, 127771, 128161, 128596, 128839, 129147, 129628, 129736, 129748, 129840, 129874, 129961, 130176, 130237, 130418, 130434, 130542, 130620, 130637, 130700, 131187, 131258, 131286, 131307, 131333, 131355, 131454, 131471, 131698, 131881, 132032, 132050, 132083, 132143, 132235, 132242, 132289, 132569, 132833, 132854, 132860, 132948, 132969, 133066, 133091, 133570, 133611, 133651, 134252, 134471, 134554, 134573, 134604, 134658, 134723, 135631, 136534, 136625, 137011, 137561, 137744, 137797, 137983, 138790, 138795, 138801, 138874, 139229, 139347, 139425, 139459, 139585, 139640, 140018, 140494, 140630, 140772, 140898, 141725, 142522, 142624, 142919, 143013, 143027, 143107, 143311, 143517, 143601, 143608, 143789, 144363, 144386, 144652, 145030, 145297, 145502, 145587, 146163, 146590, 146622, 146863, 146959, 146966, 147713, 147930, 149302, 149671, 150036, 151125, 151139, 152165, 152207, 152511, 152540, 152766, 153101, 154310, 154352, 154396, 155089, 155574, 156376, 156784, 158472, 158559, 158575, 158604, 158713, 158792, 158922, 158977, 159183, 161226, 161416, 161420, 162123, 162191, 162262, 162355, 162724, 162798, 162873, 162886, 162968, 163127, 163188, 163337, 163388, 163866, 163899, 164267, 164491, 164523, 165385, 165560, 165696, 166088, 166255, 166611, 166639, 166707, 166797, 166939, 166949, 167051, 167241, 167290, 167570, 167718, 168158, 168169, 168210, 168225, 168236, 168240, 168343, 168609, 169751, 169953, 171483, 171488, 171555, 171748, 171795, 171825, 171970, 172094, 172114, 172299, 172866, 173129, 173545, 173875, 173916, 174822, 174855, 174866, 176030, 176053, 176206, 176356, 177288, 177426, 178577, 178683, 179302, 179333, 179798, 179826, 180892, 180963, 180966, 181818, 182113, 183321, 183392, 183574, 184428, 184513, 184568, 185129, 185482, 185567, 185684, 185695, 185904, 185960, 185997, 186102, 186107, 186111, 186127, 186504, 186516, 186544, 186683, 186765, 186830, 187726, 187807, 187913, 187930, 187955, 187986, 188020, 188060, 188414, 189074, 189101, 189105, 189339, 189838, 191465, 191489, 191898, 193962, 194545, 194938, 195071, 195171, 195196, 195442, 196096, 196831, 197399, 197522, 197535, 198976, 199184, 199392, 199471, 199883, 199888, 199950, 200019, 200107, 200724, 201292, 201850, 202007, 202174, 202245, 202279, 202417, 202460, 203670, 203693, 203785, 204001, 204086, 204563, 204574, 205617, 205830, 205914, 206219, 206260, 206329, 206333, 206401, 206489, 206527, 207043, 207150, 207256, 207332, 207382, 207407, 207447, 207553, 207580, 207645, 208126, 208371, 209036, 209739, 210012, 210087, 210647, 210967, 211900, 212323, 212518, 213855, 213967, 214036, 214090, 214127, 214162, 214918, 215719, 215991, 216012, 216234, 217025, 217788, 217866, 218206, 218252, 218256, 218495, 218757, 219862, 220276, 220453, 221022, 221266, 221686, 222109, 222296, 222453, 222478, 222904, 222932, 223151, 223179, 223759, 224004, 225007, 226534, 227953, 229548, 230165, 230900, 231163, 231405, 231545, 231623, 232537, 232987, 233727, 233733, 234063, 234208, 234385, 234922, 235110, 235143, 235745, 235993, 236023, 236145, 236539, 236924, 237914, 238541, 239024, 241510, 241889, 244713, 245087, 245300, 246783, 246848, 247188, 247669, 247851, 247900, 247957, 248243, 248252, 248376, 248388, 248421, 248690, 248824, 248864, 248997, 249076, 249099, 249127, 249692, 249731, 249757, 249852, 249861, 249877, 249901, 249924, 249967, 250003, 250487, 250985, 251109, 251430, 251434, 251696, 252025, 252081, 252196, 252212, 254400, 255238, 255357, 255568, 255661, 255883, 255902, 255985, 256068, 256093, 256287, 256362, 257036, 257083, 257556, 257759, 257843, 258261, 258310, 258347, 258424, 258492, 258579, 258620, 258641, 259008, 259302, 259370, 259385, 259653, 259705, 260074, 260137, 260437, 260556, 261096, 261159, 262624, 262641, 262677, 262686, 262915, 262961, 263105, 263108, 263142, 263146, 263381, 264635, 264889, 265290, 265526, 265635, 265686, 265723, 265825, 265916, 265973, 266061, 267865, 268355, 268978, 269172, 269410, 270036, 270308, 270437, 270593, 270760, 271359, 271606, 271720, 272356, 273458, 273785, 274422, 274556, 274625, 274683, 274892, 274973, 275543, 275715, 275791, 275809, 275817, 275936, 277055, 278943, 279474, 279572, 281125, 281351, 281358, 281772, 281966, 282654, 282661, 282679, 282816, 283547, 283596, 283786, 284106, 285121, 285215, 285223, 286066, 286662, 287675, 287705, 287729, 287734, 287743, 288464, 288556, 288913, 289064, 289227, 289329, 291064, 291469, 291873, 292247, 292440, 292560, 292623, 292687, 293093, 293475, 293652, 293976, 294089, 294159, 294795, 295013, 295082, 295145, 295161, 295316, 295392, 295412, 295482, 295522, 295565, 295583, 296229, 296612, 297076, 297490, 297501, 298130, 298350, 298367, 298417, 299588, 299633, 300394, 301171, 301181, 301687, 301727, 302048, 302817, 303652, 303779, 303984, 304424, 304594, 305131, 306315, 307387, 308394, 310488, 310625, 310964, 310985, 311743, 313533, 313905, 313994, 314131, 314143, 314401, 315415, 315460, 315491, 315580, 316036, 317132, 317175, 318024, 318424, 319255, 319367, 319439, 319492, 319608, 320074, 320116, 320622, 321807, 321881, 322056, 322121, 322473, 322634, 323188, 323304, 323488, 324041, 324160, 325124, 325134, 325152, 325178, 325215, 325501, 325945, 325987, 326746, 326778, 327184, 328970, 329392, 329460, 329552, 330188, 330358, 330600, 330717, 330799, 330951, 330956, 331384, 331506, 331664, 331892, 331980, 332949, 333007, 333150, 333196, 333256, 333308, 333539, 333570, 333738, 333826, 334273, 335236, 335878, 337137, 338303, 339108, 339271, 339485, 340593, 340599, 340610, 342688, 342869, 343349, 343362, 343503, 343506, 344619, 346470, 346747, 347767, 347796, 347801, 347884, 349893, 350231, 350519, 350740, 350745, 351108, 351221, 351415, 351422, 351428, 351470, 353131, 353136, 353148, 354106, 354388, 354724, 354805, 355992, 356944, 357048, 357199, 357240, 357627, 357832, 358298, 358355, 358426, 358885, 359233, 359676, 359696, 359866, 363060, 363344, 363429, 366095, 366400, 366420, 366862, 367053, 368860, 370564, 370571, 370579, 372726, 373209, 374331, 375645, 375713, 378220, 378930, 379257, 379400, 379577, 380392, 380526, 380830, 380867, 381671, 381837, 382270, 382310, 383305, 383314, 383327, 384520, 384648, 384708, 384987, 385428, 386882, 386970, 387097, 387942, 388651, 388959, 389406, 390511, 390783, 391080, 391587, 391754, 392034, 392199, 392260, 392266, 392663, 392694, 392808, 392816, 393092, 393630, 396185, 396521, 396888, 397536, 398367, 400600, 400604, 401441, 401689, 401903, 402915, 403523, 403611, 403712, 403907, 404869, 406714, 408021, 409405, 409407, 410195, 410948, 411965, 411979, 412399, 412412, 412842, 412886, 413428, 413722, 413852, 414056, 414344, 414452, 414699, 415115, 415298, 415368, 415723, 416492, 416842, 417303, 417524, 417758, 417950, 418969, 419163, 420174, 420177, 421677, 423279, 423680, 423684, 423953, 424880, 426688, 427312, 427487, 427514, 427948, 428053, 428564, 429015, 430975, 431419, 431637, 432639, 432651, 433598, 433837, 434277, 436769, 436794, 436831, 436922, 437944, 437964, 438751, 438924, 440758, 440964, 441080, 441789, 442101, 443372, 443946, 444371, 447129, 447354, 448716, 449601, 451038, 452662, 452827, 453636, 454302, 455581, 455857, 455943, 456477, 456646, 456868, 457151, 457272, 457278, 457322, 457428, 457478, 457531, 457553, 458388, 458538, 458563, 458785, 458795, 458908, 459104, 459513, 459520, 460105, 460233, 462343, 462511, 462626, 462650, 462737, 462890, 462911, 462956, 463242, 463257, 463444, 463566, 464043, 464276, 464862, 464888, 464905, 464922, 465828, 466184, 466243, 466314, 466372, 466502, 466911, 466927, 466936, 466993, 467163, 467248, 467255, 467372, 467619, 467636, 467708, 467722, 467807, 467965, 468253, 468292, 468352, 468394, 468608, 469111, 469199, 469365, 469416, 469934, 470029, 470605, 470765, 473609, 476168, 476329, 476341, 476389, 476484, 476511, 477023, 477561, 478137, 478659, 480601, 481511, 482323, 482632, 483180, 483200, 484257, 484319, 484355, 484361, 484367, 485173, 485391, 486193, 486974, 487050, 487850, 487855, 487861, 487870, 488690, 488985, 489349, 489376, 490343, 490359, 490408, 490419, 490532, 490554, 490733, 491239, 491544, 492021, 492297, 492322, 493754, 494238, 494300, 494712, 495231, 495308, 495570, 495847, 495906, 495952, 496125, 496431, 496767, 498024, 498087, 498273, 498748, 498768, 498922, 499486, 500423, 501512, 501770, 501776, 501784, 501790, 502101, 502109, 504629, 504647, 504894, 506359, 508919, 509390, 511452, 511682, 512463, 513222, 513254, 513921, 514013, 514211, 514446, 514532, 515292, 515551, 515559, 516120, 516524, 517117, 518800, 519841, 519895, 520888, 520895, 520911, 521518, 522974, 523555, 525098, 526099, 526130, 526866, 527569, 527795, 528152, 528189, 528333, 529255, 529274, 529706, 529806, 529866, 532286, 532321, 532418, 534204, 534212, 535233, 535679, 535685, 536168, 536838, 537051, 537172, 537958, 538565, 539006, 539034, 539043, 539050, 539054, 540720, 541658, 542210, 543801, 543926, 544362, 544369, 545210, 545736, 545757, 545776, 546155, 546410, 546696, 546918, 547179, 547519, 547558, 548201, 548579, 548963, 549327, 549330, 549504, 549552, 549555, 549865, 550863, 552027, 553782, 554678, 555658, 555802, 556437, 556504, 557934, 557988, 558624, 558852, 559165, 559971, 560282, 561155, 561526, 564786, 565307, 565400, 565505, 566142, 566183, 566511, 566863, 567527, 567614, 567768, 568035, 568245, 568992, 569120, 569132, 569212, 569953, 570400, 571063, 571292, 571550, 571613, 571751, 572542, 572758, 573490, 574260, 575947, 576020, 576705, 577171, 577580, 577784, 578326, 578478, 579589, 579783, 580474, 580491, 581145, 581192, 581564, 581586, 581927, 582057, 582285, 582289, 582348, 582828, 583394, 585258, 585675, 585768, 585799, 585999, 586262, 588764, 590650, 590837, 591539, 592462, 593057, 593629, 593634, 593715, 595871, 596281, 599353, 600540, 601074, 601345, 601545, 601787, 601879, 601890, 603251, 603342, 603690, 603825, 603868, 604125, 604185, 604351, 604453, 604618, 604733, 605558, 605956, 605967, 606437, 609405, 609980, 610175, 611662, 612061, 612160, 612224, 613929, 614031, 614809, 615064, 615072, 615081, 615100, 615139, 615385, 615399, 615403, 615718, 616058, 616539, 616851, 616912, 619709, 620047, 621335, 621799, 622477, 622494, 623822, 623954, 624995, 625590, 627765, 628057, 628390, 629170, 629515, 630665, 630905, 631234, 631334, 631461, 632190, 632557, 632638, 632641, 632692, 632738, 633146, 633156, 633181, 633276, 633295, 633494, 634342, 634346, 634394, 634477, 634567, 634608, 634624, 635169, 635642, 635738, 636043, 636236, 636395, 636847, 637068, 637072, 637146, 637675, 638208, 639801, 640172, 641036]
11,37,[229, 305, 833, 1013, 1188, 2643, 2659, 2907, 4969, 5156, 5651, 7231, 7463, 10281, 10401, 11318, 11589, 11922, 14229, 15440, 15488, 15763, 16124, 16897, 16963, 17406, 17879, 17961, 18119, 18138, 18225, 18372, 19137, 19171, 19448, 20148, 20168]
12,32,[18, 866, 1161, 1276, 2150, 2837, 3053, 3515, 3583, 3613, 4018, 7384, 7410, 8386, 8536, 10144, 10765, 11550, 11754, 13704, 15938, 16101, 16421, 16486, 18184, 18479, 19911, 21128, 21212, 21798, 21810, 22642]
13,8,[580, 1993, 2069, 3005, 3324, 3343, 3470, 3928]
14,13,[25317, 44081, 63495, 84690, 85767, 97621, 98295, 110653, 135440, 141952, 152493, 187780, 194329]
15,299,[887, 1089, 2277, 2575, 3378, 3907, 4277, 5242, 5380, 5451, 6085, 7218, 8188, 9379, 10084, 10245, 10907, 11039, 13571, 13842, 15679, 16891, 16900, 17686, 17694, 18787, 19276, 19938, 20628, 20900, 21373, 21660, 22678, 22742, 22805, 22891, 23649, 24286, 24381, 24497, 25380, 25532, 25768, 26592, 26885, 27487, 27644, 27722, 28569, 28717, 29842, 30350, 30599, 30604, 30629, 31352, 31410, 31585, 32276, 33101, 33160, 33365, 34822, 38089, 38135, 38326, 38344, 38522, 39013, 39276, 40116, 41432, 41836, 44833, 45601, 46083, 46119, 46687, 46717, 47127, 47183, 47810, 49652, 50551, 50811, 51066, 51715, 51777, 51950, 51988, 52053, 52188, 52580, 53461, 55330, 56121, 56385, 56870, 58036, 58459, 58522, 60467, 60817, 60826, 60856, 60994, 61882, 63870, 63895, 66683, 67288, 67733, 69608, 70341, 71985, 72335, 72407, 72419, 72521, 72572, 72761, 72839, 73332, 73365, 73411, 73479, 73529, 74736, 75390, 78217, 79000, 79134, 79519, 79915, 80351, 80809, 81319, 81561, 82264, 83685, 83929, 85666, 86884, 87184, 87389, 87466, 87862, 88401, 88443, 89561, 90568, 90690, 91132, 91716, 92358, 92561, 92924, 92968, 94522, 95078, 95954, 97190, 98523, 98889, 100058, 100523, 100904, 101076, 101866, 103364, 104369, 104393, 105267, 105287, 106024, 106893, 107993, 108181, 108382, 108872, 109788, 110419, 110507, 111645, 111670, 112005, 113048, 113103, 113186, 113384, 114807, 116658, 116997, 117554, 118154, 118200, 121814, 122626, 123404, 124295, 126230, 127329, 127529, 128683, 129724, 129817, 129836, 130621, 131417, 131421, 131451, 131838, 131954, 132182, 132630, 132732, 132737, 133579, 134743, 134972, 136948, 137752, 137885, 138197, 138318, 139596, 139775, 139876, 140022, 140402, 141286, 141789, 141808, 142010, 142978, 143190, 143826, 144126, 144331, 149541, 150051, 150235, 150336, 150499, 151048, 151057, 151830, 152173, 152758, 153284, 155018, 155745, 155859, 156011, 156023, 156032, 156117, 156170, 156290, 156340, 156574, 156975, 157723, 158204, 158611, 159573, 160346, 160443, 160827, 161331, 162313, 162649, 163349, 164518, 164799, 165063, 165614, 165982, 166392, 166748, 166820, 166843, 166980, 167004, 167018, 167679, 167706, 168939, 169011, 169575, 169752, 169858, 170743, 171247, 171738, 172130, 172579, 172641, 172999]
16,52,[1717, 2188, 2460, 3980, 4986, 5156, 5197, 5980, 6860, 8323, 8514, 9150, 9915, 10971, 11095, 11205, 12610, 12623, 13558, 14197, 14860, 15241, 17353, 19731, 20264, 20471, 21440, 22153, 22163, 22173, 22661, 22785, 23844, 24001, 24312, 24632, 24794, 24854, 25093, 27027, 28978, 29127, 30756, 30985, 31089, 32335, 32850, 34303, 34680, 35471, 35918, 35981]
17,436,[339, 416, 956, 1097, 1957, 2845, 2939, 3235, 3722, 3776, 5348, 5420, 5646, 5744, 6862, 7358, 7435, 7442, 7725, 7774, 8052, 8136, 9463, 9505, 9527, 10878, 12408, 12773, 13008, 13048, 13882, 14617, 14889, 15191, 15897, 16037, 16070, 16105, 16144, 16324, 16463, 16476, 17282, 18315, 18385, 18696, 19207, 22703, 24286, 24497, 24666, 24686, 24883, 24900, 24932, 24940, 24954, 27985, 28305, 28580, 29093, 29172, 29217, 29260, 33142, 33460, 33471, 33912, 34098, 35908, 37767, 38146, 38442, 41360, 43050, 43105, 43188, 44308, 45199, 45224, 45240, 45607, 45818, 45905, 46065, 46109, 46225, 46449, 46512, 46811, 46830, 47129, 50812, 50884, 51444, 51901, 51903, 51940, 52023, 52032, 52733, 54244, 55394, 55491, 55590, 56598, 56980, 57663, 58337, 58972, 58999, 59633, 60879, 60890, 61010, 61020, 61805, 61939, 62054, 64447, 65335, 65466, 65478, 65717, 66031, 66126, 67082, 67209, 67505, 68050, 68097, 68331, 68604, 68864, 68928, 69614, 70228, 70637, 70643, 70696, 71015, 71437, 71535, 71613, 71641, 72034, 72881, 73313, 73758, 74964, 75230, 76368, 76383, 76435, 76450, 76465, 76490, 76788, 76877, 77080, 77202, 77679, 77867, 78199, 79744, 79824, 80789, 80833, 81120, 81134, 82201, 82512, 82536, 82772, 82896, 82987, 83085, 83099, 85415, 85497, 85637, 85784, 87176, 87511, 87527, 88332, 88569, 89233, 89368, 89797, 91293, 91910, 91943, 92254, 92401, 92766, 92828, 92891, 93351, 93510, 93603, 94893, 94943, 94982, 95184, 95219, 95497, 95732, 95810, 95880, 96206, 96372, 96605, 97446, 97457, 97619, 98558, 98569, 99093, 99152, 99187, 99808, 100978, 101797, 104561, 104912, 105086, 105099, 105134, 105318, 107084, 107264, 107552, 110859, 111495, 112486, 112533, 112899, 112919, 112942, 113336, 115743, 117226, 117349, 118162, 118370, 120540, 121157, 122144, 123319, 123463, 123554, 126642, 126995, 127685, 127906, 128396, 128864, 129688, 130873, 131080, 133229, 134933, 136161, 137537, 137598, 137713, 138770, 141555, 141608, 141658, 141772, 141783, 142061, 142552, 142679, 142933, 142955, 144503, 145197, 146918, 148259, 148479, 148732, 148945, 149188, 149325, 149632, 149707, 149826, 150586, 150631, 150896, 150910, 151714, 151739, 153298, 156774, 157100, 158498, 158527, 159561, 161581, 163067, 163488, 164315, 164384, 165436, 166317, 168385, 170271, 171472, 171529, 172135, 172591, 173696, 174397, 174435, 174601, 174675, 174739, 174818, 174914, 176512, 176532, 177386, 177469, 177553, 177599, 178111, 178130, 178283, 178895, 179304, 181035, 182385, 183635, 184521, 185554, 186167, 186393, 186666, 186725, 186771, 186946, 187112, 187161, 188051, 188107, 188239, 188761, 189456, 189468, 189486, 192803, 192903, 193071, 193085, 193172, 193299, 193330, 193360, 193370, 193826, 194181, 194267, 194830, 194868, 194941, 195129, 195263, 195273, 195658, 195692, 195802, 195843, 195889, 196541, 196563, 196568, 196749, 196765, 196825, 197632, 198245, 198252, 198357, 198429, 198447, 198738, 199225, 199331, 200231, 200486, 201514, 201530, 201759, 201839, 202348, 202646, 203287, 203483, 203606, 203735, 203743, 203817, 203834, 203904, 203971, 204163, 205274, 205325, 206946, 207079, 208712, 209331, 209393, 209730, 209735, 210095, 210955, 211583, 211630, 211689, 211697, 211944, 211959, 212321, 212407, 213901, 214181, 215253, 215688, 216068, 216705, 217984]
18,62,[1812, 7931, 8043, 8458, 10544, 12085, 12270, 13164, 18961, 19413, 21069, 22046, 22771, 23230, 26479, 28230, 29748, 29761, 29966, 39757, 39798, 40242, 49250, 51251, 53193, 56416, 57003, 59011, 59995, 60819, 67152, 69034, 69462, 69905, 72659, 72849, 76133, 80830, 83168, 84623, 85112, 88234, 89792, 92403, 93310, 94782, 103264, 103437, 105202, 105242, 109406, 112075, 116656, 119048, 121420, 122282, 122399, 122462, 132518, 142295, 142488, 147902]
19,38,[1539, 1750, 1967, 3653, 4937, 4950, 7086, 7256, 7994, 8003, 10804, 11882, 12189, 12311, 12730, 12789, 13140, 14855, 15514, 16550, 18010, 18203, 19486, 19530, 19825, 20787, 21335, 21879, 22708, 23291, 24595, 25327, 25370, 25859, 25988, 26063, 26098, 26469]
20,76,[123, 2690, 4572, 6484, 8214, 8904, 9274, 9921, 10485, 11552, 11555, 15547, 17482, 17540, 18369, 22137, 26389, 26704, 27187, 27632, 28070, 28461, 28545, 29032, 29364, 33243, 33596, 33732, 34131, 34476, 36207, 36455, 38204, 38522, 38612, 39415, 40130, 40155, 40551, 41097, 41175, 41302, 42576, 43092, 45429, 45450, 48339, 50056, 50390, 50501, 50599, 50944, 53233, 55476, 55519, 55753, 56334, 56412, 56534, 56573, 56611, 56702, 57385, 57615, 59394, 59410, 60423, 61550, 62342, 63380, 63692, 64349, 65265, 65926, 66083, 66167]
21,43,[2647, 2782, 3392, 4012, 6789, 7953, 7971, 9693, 10333, 10997, 11134, 11195, 11408, 11789, 11833, 11854, 15792, 16060, 16663, 16861, 18512, 19584, 21482, 21512, 21533, 22345, 22897, 23751, 23800, 25444, 25956, 26045, 26793, 26863, 27437, 27643, 27692, 28311, 29250, 29480, 30522, 33145, 33987]
22,75,[8704, 9036, 9054, 9090, 9092, 9103, 9122, 14100, 15282, 15284, 15318, 15326, 15341, 15343, 16114, 16124, 17336, 17346, 17349, 17356, 17397, 17488, 19391, 25332, 29976, 31885, 31899, 31902, 38271, 38491, 38504, 38533, 38548, 57160, 57421, 57899, 57955, 57961, 57975, 71653, 73641, 73644, 73647, 73839, 74315, 74317, 74319, 75539, 75543, 75547, 85233, 85236, 87470, 87638, 89415, 92068, 93910, 100093, 105102, 111270, 111305, 112810, 113938, 132798, 136899, 136906, 138476, 138483, 138656, 138801, 142938, 143307, 149220, 149226, 150934]
23,61,[950, 1144, 1682, 2581, 2631, 2667, 3728, 3750, 3933, 3989, 4862, 5032, 8750, 8897, 9403, 9467, 10001, 10892, 11705, 12385, 13539, 14160, 14595, 15204, 15564, 16057, 16147, 16282, 16326, 16533, 16844, 17513, 17519, 17856, 18308, 18441, 18664, 18722, 18807, 19007, 19402, 19472, 22091, 22497, 22801, 23088, 23486, 23661, 23969, 25246, 25455, 26739, 26798, 27046, 27093, 27989, 28889, 29000, 29121, 29129, 30340]
24,85,[584, 1055, 1470, 2055, 3379, 3458, 5622, 5983, 6559, 7310, 8025, 8485, 9881, 10163, 10218, 10771, 11065, 12448, 14958, 15078, 15363, 15413, 15631, 16389, 16439, 17827, 18266, 18817, 20431, 20653, 21622, 21795, 21808, 21879, 22417, 22701, 22732, 23860, 23936, 24914, 25068, 25274, 25727, 27538, 27612, 27769, 27941, 27954, 28045, 28066, 28702, 28842, 29213, 29476, 29658, 29850, 30354, 30535, 32340, 32465, 32663, 33147, 33905, 34348, 35876, 36000, 36314, 37029, 37272, 37277, 37656, 38591, 38686, 38891, 40414, 40710, 40744, 41608, 42970, 43285, 44122, 44134, 44276, 44896, 44988]
25,18,[809, 827, 874, 903, 24600, 42267, 61011, 81005, 82157, 94186, 106181, 115373, 129726, 136249, 146132, 180048, 185238, 186189]
26,76,[487, 3119, 5090, 7002, 8737, 9452, 9826, 10474, 11042, 12120, 12123, 16187, 18151, 18215, 19075, 22892, 27188, 27522, 28012, 28459, 28905, 29291, 29375, 29870, 30207, 34122, 34469, 34606, 35007, 35365, 37110, 37362, 39124, 39465, 39556, 40357, 41070, 41095, 41490, 42032, 42113, 42239, 43513, 44042, 46429, 46450, 49354, 51100, 51440, 51551, 51650, 52000, 54355, 56635, 56677, 56912, 57490, 57569, 57687, 57726, 57764, 57851, 58552, 58785, 60655, 60673, 61720, 62854, 63679, 64746, 65071, 65747, 66678, 67343, 67500, 67587]
27,164,[1227, 3036, 3247, 4491, 6144, 6187, 6944, 7475, 7921, 8331, 9808, 10856, 11308, 11330, 12371, 13604, 14207, 18752, 19084, 19258, 21094, 21363, 21381, 22334, 22705, 22782, 22788, 22795, 23659, 23996, 24558, 24834, 25480, 25538, 26506, 27253, 28183, 29039, 29301, 29540, 29647, 30175, 30280, 30986, 31539, 32656, 35701, 36860, 37466, 38799, 39685, 39782, 40298, 41210, 42004, 42086, 42208, 42989, 43108, 43504, 44823, 47500, 47695, 49191, 49441, 49989, 50112, 50194, 51616, 51925, 52647, 52677, 52809, 53893, 54475, 54981, 55304, 55355, 56254, 57259, 58405, 60301, 60449, 60669, 62816, 63318, 63375, 63815, 64425, 65705, 67017, 67058, 67631, 68372, 68762, 69084, 69783, 70016, 70161, 70785, 70961, 71719, 72641, 73072, 73162, 73249, 73491, 76246, 76350, 78224, 78579, 78835, 79996, 80560, 81392, 81439, 82527, 83619, 85552, 86363, 86716, 87287, 87419, 87944, 88154, 88176, 88347, 89211, 89373, 90035, 90272, 91102, 91460, 91560, 92110, 92664, 92824, 93131, 93138, 93751, 93964, 94422, 94490, 94509, 95328, 95892, 96619, 97164, 97647, 99096, 99105, 99291, 100230, 100482, 102378, 102732, 103032, 103317, 103386, 103670, 103769, 103774, 107586, 108749]
28,18,[1103, 1514, 2487, 3459, 4457, 4614, 6111, 7245, 7256, 7329, 7636, 8266, 8622, 9451, 9753, 10098, 10781, 11339]
30,1796,[1012, 1021, 3210, 3249, 3500, 5149, 5159, 5896, 6346, 6612, 6655, 6722, 8083, 8415, 8771, 9054, 9405, 9639, 9964, 10563, 11848, 12026, 12125, 12162, 12183, 12368, 12564, 12958, 13072, 13192, 13360, 13849, 13993, 15108, 15159, 15162, 15211, 15685, 17013, 17708, 17807, 17932, 17957, 18017, 18104, 18148, 18685, 18773, 18827, 19260, 19550, 19583, 19643, 19657, 19929, 20121, 20161, 20173, 20256, 20473, 22030, 22604, 24368, 25482, 25547, 25632, 25903, 26248, 26758, 26853, 26891, 27291, 27318, 27600, 28016, 28116, 28147, 28604, 29104, 29398, 29439, 29503, 29739, 30183, 30411, 30561, 30753, 31132, 31492, 31554, 31607, 33377, 33830, 34756, 35116, 35297, 35323, 35326, 36186, 36358, 36708, 36733, 36780, 37346, 37405, 37624, 37740, 38335, 39185, 40045, 40078, 40098, 40108, 40274, 40515, 40531, 41723, 42259, 42272, 42420, 42445, 42973, 43370, 43472, 43943, 44261, 44398, 45243, 45906, 45949, 45999, 46058, 46154, 46181, 46195, 46203, 46228, 46275, 47273, 48713, 48725, 49021, 49261, 49380, 49404, 49419, 49515, 49593, 49945, 49970, 50331, 50354, 50376, 50400, 50782, 50981, 50989, 51032, 51237, 51609, 52038, 52134, 52593, 52871, 52939, 53369, 53378, 53532, 53589, 53691, 53740, 53943, 53990, 54003, 54020, 54246, 57342, 57926, 57948, 58274, 58303, 58319, 58611, 58639, 58776, 59341, 59480, 59495, 59604, 59617, 59804, 59820, 59854, 59857, 59877, 60097, 60116, 60124, 60155, 60159, 60174, 60327, 61338, 61513, 61516, 61771, 62505, 63284, 63325, 63367, 63590, 63630, 63654, 63667, 64010, 64074, 64124, 64145, 64166, 64199, 64481, 64554, 64593, 65679, 67374, 67406, 67522, 67592, 67720, 67746, 67826, 67892, 67937, 68017, 68765, 68806, 69148, 69235, 69263, 69394, 69454, 69514, 69538, 69576, 69625, 69706, 70064, 70237, 70997, 71019, 71076, 71098, 71136, 71385, 71580, 71759, 72392, 73803, 74057, 74231, 74498, 74620, 74638, 74672, 74702, 76343, 76366, 76525, 76957, 76967, 77354, 77435, 79721, 79729, 79767, 79789, 80410, 80417, 82248, 82284, 82505, 82639, 82936, 83035, 83157, 83348, 83370, 83497, 85040, 85062, 85082, 85139, 85142, 85350, 85373, 85376, 85586, 85589, 86202, 86249, 86678, 86730, 86868, 87223, 88250, 88433, 88619, 88734, 88844, 89320, 89412, 89423, 89765, 89976, 90036, 90346, 90473, 90535, 90688, 90709, 91165, 91221, 91296, 91515, 91591, 91638, 91665, 91793, 92286, 92677, 92696, 93230, 93330, 93364, 93377, 94080, 95350, 96746, 96809, 98109, 98265, 98268, 98273, 98345, 98515, 98550, 98555, 98603, 98608, 98639, 98653, 98692, 98697, 101542, 101623, 101705, 101980, 102049, 102060, 102070, 102076, 102085, 102089, 102097, 102181, 102230, 102238, 102289, 102606, 102611, 102617, 103050, 103120, 103212, 104048, 104532, 104535, 105032, 105314, 105343, 105503, 105516, 105563, 105664, 105776, 105825, 106107, 106298, 106320, 106549, 106577, 107100, 107344, 107552, 107602, 108170, 108263, 108339, 108487, 108717, 109755, 109827, 109876, 109904, 109942, 110493, 110554, 111080, 111137, 111153, 111165, 111199, 111224, 111255, 111592, 111598, 111770, 112087, 112157, 112950, 112996, 113026, 113169, 113335, 113474, 113638, 113676, 113971, 114000, 114971, 115105, 115721, 116085, 116254, 116281, 116746, 116922, 117160, 117255, 117901, 117904, 118952, 119294, 119540, 120172, 120551, 120761, 121033, 121568, 121581, 121706, 121713, 121792, 122193, 122659, 122672, 123113, 123127, 123262, 123278, 124210, 124345, 124497, 124610, 125031, 125396, 125508, 125620, 125628, 125639, 125670, 125758, 125824, 125839, 126189, 127433, 127461, 127660, 128050, 128484, 128727, 129035, 129516, 129624, 129636, 129728, 129762, 129849, 130064, 130125, 130306, 130322, 130430, 130508, 130525, 130588, 131075, 131146, 131174, 131195, 131221, 131243, 131342, 131359, 131586, 131769, 131920, 131938, 131971, 132031, 132123, 132130, 132177, 132457, 132721, 132742, 132748, 132836, 132857, 132954, 132979, 133458, 133499, 133539, 134140, 134359, 134442, 134461, 134492, 134546, 134611, 135519, 136422, 136513, 136899, 137449, 137632, 137685, 137871, 138678, 138683, 138689, 138762, 139117, 139235, 139313, 139347, 139473, 139528, 139906, 140382, 140518, 140660, 140786, 141613, 142410, 142512, 142807, 142901, 142915, 142995, 143199, 143405, 143489, 143496, 143677, 144250, 144273, 144539, 144917, 145184, 145389, 145474, 146050, 146477, 146509, 146750, 146846, 146853, 147600, 147817, 149189, 149558, 149923, 151012, 151026, 152052, 152094, 152398, 152427, 152653, 152988, 154197, 154239, 154283, 154976, 155461, 156263, 156671, 158359, 158446, 158462, 158491, 158600, 158679, 158809, 158864, 159070, 161112, 161302, 161306, 162000, 162068, 162139, 162232, 162601, 162675, 162750, 162763, 162845, 163004, 163065, 163214, 163265, 163743, 163776, 164144, 164368, 164400, 165262, 165437, 165573, 165965, 166132, 166488, 166516, 166584, 166674, 166816, 166826, 166928, 167118, 167167, 167447, 167595, 168035, 168046, 168087, 168102, 168113, 168117, 168220, 168486, 169628, 169830, 171360, 171365, 171432, 171625, 171672, 171702, 171847, 171971, 171991, 172176, 172743, 173006, 173422, 173752, 173793, 174699, 174732, 174743, 175907, 175930, 176083, 176233, 177165, 177303, 178454, 178560, 179179, 179210, 179675, 179703, 180769, 180840, 180843, 181695, 181990, 183189, 183260, 183442, 184296, 184381, 184436, 184997, 185350, 185435, 185552, 185563, 185772, 185828, 185865, 185970, 185975, 185979, 185995, 186372, 186384, 186412, 186551, 186633, 186698, 187594, 187675, 187781, 187798, 187823, 187854, 187888, 187928, 188282, 188942, 188969, 188973, 189207, 189706, 191333, 191357, 191766, 193830, 194413, 194806, 194939, 195039, 195064, 195310, 195964, 196699, 197267, 197390, 197403, 198844, 199052, 199250, 199329, 199741, 199746, 199808, 199877, 199965, 200582, 201150, 201708, 201865, 202032, 202103, 202137, 202275, 202318, 203528, 203551, 203643, 203859, 203944, 204421, 204432, 205475, 205688, 205772, 206077, 206118, 206187, 206191, 206259, 206347, 206385, 206901, 207008, 207114, 207190, 207240, 207265, 207305, 207411, 207438, 207503, 207984, 208229, 208894, 209597, 209870, 209945, 210505, 210825, 211758, 212181, 212376, 213713, 213825, 213894, 213948, 213985, 214020, 214776, 215577, 215849, 215870, 216092, 216884, 217648, 217726, 218066, 218112, 218116, 218355, 218617, 219712, 220126, 220303, 220872, 221116, 221536, 221959, 222146, 222303, 222328, 222754, 222782, 223001, 223029, 223609, 223854, 224857, 226384, 227803, 229398, 230015, 230750, 231013, 231255, 231395, 231473, 232387, 232837, 233577, 233583, 233913, 234058, 234235, 234772, 234960, 234993, 235595, 235843, 235873, 235995, 236389, 236774, 237764, 238391, 238871, 241357, 241736, 244560, 244934, 245147, 246630, 246695, 247035, 247516, 247698, 247747, 247804, 248090, 248099, 248223, 248235, 248268, 248537, 248671, 248711, 248844, 248923, 248946, 248974, 249539, 249578, 249604, 249699, 249708, 249724, 249748, 249771, 249814, 249850, 250334, 250832, 250956, 251277, 251281, 251543, 251872, 251928, 252043, 252059, 254247, 255085, 255204, 255415, 255508, 255727, 255746, 255829, 255912, 255937, 256131, 256206, 256880, 256927, 257400, 257603, 257687, 258105, 258154, 258191, 258268, 258336, 258423, 258464, 258485, 258852, 259146, 259214, 259229, 259497, 259549, 259918, 259981, 260281, 260400, 260940, 261003, 262468, 262485, 262521, 262530, 262759, 262805, 262949, 262952, 262986, 262990, 263225, 264479, 264733, 265134, 265370, 265479, 265530, 265567, 265669, 265760, 265817, 265905, 267709, 268199, 268822, 269016, 269254, 269880, 270152, 270281, 270437, 270604, 271203, 271450, 271564, 272200, 273302, 273629, 274266, 274400, 274469, 274527, 274736, 274817, 275387, 275559, 275635, 275653, 275661, 275780, 276899, 278788, 279319, 279417, 280970, 281196, 281203, 281617, 281811, 282499, 282506, 282524, 282661, 283391, 283440, 283630, 283950, 284965, 285059, 285067, 285910, 286506, 287519, 287549, 287573, 287578, 287587, 288308, 288400, 288757, 288908, 289071, 289173, 290908, 291313, 291717, 292090, 292283, 292403, 292466, 292530, 292936, 293318, 293495, 293819, 293932, 294002, 294638, 294856, 294925, 294988, 295004, 295159, 295235, 295255, 295325, 295365, 295408, 295426, 296072, 296455, 296918, 297332, 297343, 297972, 298192, 298209, 298259, 299430, 299475, 300236, 301013, 301023, 301529, 301569, 301890, 302659, 303494, 303621, 303826, 304266, 304436, 304973, 306157, 307229, 308236, 310330, 310467, 310806, 310827, 311584, 313374, 313746, 313835, 313972, 313984, 314242, 315256, 315301, 315332, 315421, 315877, 316973, 317016, 317865, 318265, 319096, 319208, 319280, 319333, 319449, 319915, 319957, 320463, 321648, 321722, 321897, 321962, 322314, 322475, 323029, 323145, 323329, 323882, 324001, 324965, 324975, 324993, 325019, 325056, 325342, 325786, 325828, 326587, 326619, 327025, 328811, 329233, 329301, 329393, 330029, 330199, 330441, 330558, 330640, 330792, 330797, 331225, 331347, 331505, 331733, 331821, 332790, 332848, 332991, 333037, 333097, 333149, 333380, 333411, 333579, 333667, 334114, 335077, 335719, 336978, 338144, 338949, 339112, 339326, 340434, 340440, 340451, 342529, 342710, 343190, 343203, 343344, 343347, 344460, 346311, 346588, 347608, 347637, 347642, 347725, 349734, 350072, 350360, 350581, 350586, 350949, 351062, 351256, 351263, 351269, 351311, 352972, 352977, 352989, 353947, 354229, 354565, 354646, 355833, 356784, 356888, 357039, 357080, 357467, 357672, 358138, 358195, 358266, 358725, 359073, 359516, 359536, 359706, 362900, 363181, 363266, 365932, 366237, 366257, 366699, 366890, 368697, 370401, 370408, 370416, 372563, 373046, 374168, 375482, 375550, 378057, 378767, 379094, 379237, 379414, 380229, 380363, 380667, 380704, 381508, 381674, 382107, 382147, 383142, 383151, 383164, 384357, 384485, 384545, 384824, 385265, 386719, 386807, 386934, 387779, 388488, 388796, 389243, 390348, 390620, 390917, 391424, 391591, 391871, 392036, 392097, 392103, 392500, 392531, 392642, 392650, 392926, 393464, 396019, 396355, 396722, 397370, 398201, 400434, 400438, 401275, 401523, 401737, 402749, 403357, 403445, 403546, 403741, 404703, 406548, 407855, 409239, 409241, 410029, 410782, 411799, 411813, 412233, 412246, 412676, 412720, 413262, 413556, 413686, 413890, 414178, 414286, 414533, 414949, 415132, 415202, 415557, 416326, 416676, 417137, 417358, 417592, 417784, 418803, 418997, 420008, 420011, 421511, 423113, 423514, 423518, 423787, 424714, 426522, 427146, 427320, 427347, 427781, 427886, 428397, 428848, 430805, 431249, 431467, 432469, 432481, 433428, 433667, 434107, 436599, 436624, 436661, 436752, 437774, 437794, 438581, 438754, 440588, 440794, 440910, 441619, 441931, 443202, 443776, 444201, 446959, 447184, 448546, 449431, 450868, 452492, 452657, 453466, 454132, 455411, 455687, 455773, 456307, 456476, 456698, 456981, 457102, 457108, 457152, 457258, 457308, 457361, 457383, 458218, 458368, 458393, 458615, 458625, 458738, 458934, 459343, 459350, 459935, 460063, 462172, 462340, 462455, 462479, 462566, 462719, 462740, 462785, 463071, 463086, 463273, 463395, 463872, 464105, 464691, 464717, 464734, 464751, 465657, 466013, 466072, 466143, 466201, 466331, 466740, 466756, 466765, 466822, 466992, 467077, 467084, 467201, 467448, 467465, 467537, 467551, 467636, 467794, 468082, 468121, 468181, 468223, 468437, 468940, 469028, 469194, 469245, 469763, 469858, 470434, 470594, 473439, 475999, 476160, 476172, 476220, 476315, 476342, 476854, 477393, 477969, 478491, 480433, 481345, 482157, 482467, 483015, 483035, 484092, 484154, 484190, 484196, 484202, 485009, 485227, 486030, 486811, 486887, 487688, 487693, 487699, 487708, 488528, 488824, 489188, 489215, 490183, 490199, 490248, 490259, 490372, 490394, 490573, 491079, 491384, 491861, 492137, 492162, 493594, 494078, 494140, 494552, 495072, 495149, 495411, 495688, 495747, 495793, 495966, 496262, 496598, 497855, 497918, 498104, 498579, 498599, 498753, 499317, 500254, 501343, 501601, 501607, 501615, 501621, 501932, 501940, 504460, 504478, 504725, 506190, 508750, 509221, 511283, 511513, 512294, 513053, 513085, 513752, 513844, 514042, 514277, 514363, 515123, 515379, 515387, 515948, 516352, 516945, 518628, 519669, 519723, 520716, 520723, 520739, 521346, 522802, 523383, 524926, 525927, 525958, 526694, 527397, 527623, 527977, 528014, 528158, 529080, 529099, 529531, 529631, 529691, 532111, 532146, 532243, 534029, 534037, 535058, 535504, 535510, 535993, 536663, 536876, 536997, 537783, 538390, 538831, 538859, 538868, 538875, 538879, 540545, 541483, 542035, 543626, 543751, 544187, 544194, 545035, 545561, 545582, 545601, 545980, 546235, 546521, 546743, 547004, 547344, 547383, 548026, 548404, 548788, 549149, 549152, 549326, 549374, 549377, 549687, 550685, 551849, 553604, 554500, 555480, 555624, 556259, 556326, 557756, 557810, 558446, 558674, 558987, 559793, 560104, 560977, 561348, 564606, 565127, 565220, 565325, 565962, 566003, 566331, 566683, 567347, 567434, 567588, 567855, 568065, 568812, 568940, 568952, 569032, 569773, 570220, 570883, 571112, 571370, 571433, 571571, 572362, 572578, 573310, 574080, 575767, 575840, 576525, 576991, 577400, 577604, 578146, 578298, 579409, 579603, 580294, 580311, 580965, 581012, 581384, 581406, 581747, 581877, 582105, 582109, 582168, 582648, 583214, 585073, 585490, 585583, 585614, 585814, 586077, 588579, 590465, 590652, 591354, 592271, 592866, 593438, 593443, 593524, 595680, 596090, 599156, 600343, 600877, 601148, 601348, 601590, 601682, 601693, 603054, 603145, 603488, 603623, 603666, 603923, 603983, 604149, 604251, 604416, 604531, 605356, 605749, 605760, 606230, 609193, 609763, 609958, 611439, 611838, 611937, 612001, 613695, 613797, 614575, 614830, 614838, 614847, 614866, 614905, 615151, 615165, 615169, 615479, 615819, 616300, 616612, 616669, 619457, 619795, 621083, 621547, 622225, 622242, 623568, 623700, 624741, 625333, 627505, 627797, 628130, 628907, 629252, 630396, 630634, 630963, 631063, 631186, 631915, 632282, 632363, 632366, 632417, 632463, 632871, 632881, 632906, 633001, 633020, 633219, 634067, 634071, 634119, 634202, 634292, 634333, 634349, 634894, 635367, 635463, 635768, 635961, 636120, 636572, 636793, 636797, 636871, 637400, 637933, 639526, 639897, 640761]
6,2,[65, 516]
8,1,[304]
9,6,[18, 38, 903, 1278, 1887, 2085]
10,1796,[1105, 1114, 3304, 3343, 3594, 5243, 5253, 5990, 6440, 6706, 6749, 6816, 8177, 8509, 8865, 9148, 9499, 9733, 10058, 10657, 11942, 12120, 12219, 12256, 12277, 12462, 12658, 13052, 13166, 13286, 13454, 13943, 14087, 15202, 15253, 15256, 15305, 15779, 17107, 17802, 17901, 18026, 18051, 18111, 18198, 18242, 18779, 18867, 18921, 19354, 19644, 19677, 19737, 19751, 20023, 20215, 20255, 20267, 20350, 20567, 22124, 22698, 24462, 25576, 25641, 25726, 25997, 26342, 26852, 26947, 26985, 27385, 27412, 27694, 28110, 28210, 28241, 28698, 29198, 29492, 29533, 29597, 29833, 30277, 30505, 30655, 30847, 31226, 31586, 31648, 31701, 33475, 33928, 34854, 35214, 35395, 35421, 35424, 36284, 36456, 36806, 36831, 36878, 37444, 37503, 37722, 37838, 38433, 39283, 40143, 40176, 40196, 40206, 40372, 40613, 40629, 41821, 42357, 42370, 42518, 42543, 43071, 43468, 43570, 44041, 44359, 44496, 45341, 46004, 46047, 46097, 46156, 46252, 46279, 46293, 46301, 46326, 46373, 47371, 48811, 48823, 49119, 49359, 49478, 49502, 49517, 49613, 49691, 50043, 50068, 50429, 50452, 50474, 50498, 50880, 51079, 51087, 51130, 51335, 51707, 52136, 52232, 52691, 52970, 53038, 53468, 53477, 53631, 53688, 53790, 53839, 54042, 54089, 54102, 54119, 54345, 57441, 58025, 58047, 58373, 58402, 58418, 58714, 58742, 58879, 59444, 59583, 59598, 59707, 59720, 59907, 59923, 59957, 59960, 59980, 60200, 60219, 60227, 60258, 60262, 60277, 60430, 61441, 61616, 61619, 61874, 62608, 63387, 63428, 63470, 63693, 63733, 63757, 63770, 64113, 64177, 64227, 64248, 64269, 64302, 64584, 64657, 64696, 65782, 67477, 67509, 67625, 67695, 67823, 67849, 67929, 67995, 68040, 68120, 68868, 68909, 69251, 69338, 69366, 69497, 69557, 69617, 69641, 69679, 69728, 69809, 70167, 70340, 71100, 71122, 71179, 71201, 71239, 71488, 71683, 71862, 72495, 73906, 74160, 74334, 74601, 74723, 74741, 74775, 74805, 76446, 76469, 76628, 77060, 77070, 77457, 77538, 79828, 79836, 79874, 79896, 80517, 80524, 82355, 82391, 82612, 82746, 83043, 83142, 83264, 83455, 83477, 83604, 85147, 85169, 85189, 85246, 85249, 85457, 85480, 85483, 85693, 85696, 86309, 86356, 86785, 86837, 86975, 87330, 88357, 88540, 88726, 88841, 88951, 89427, 89519, 89530, 89872, 90083, 90143, 90453, 90580, 90642, 90795, 90816, 91272, 91328, 91403, 91622, 91698, 91745, 91772, 91900, 92393, 92784, 92803, 93337, 93437, 93471, 93484, 94187, 95457, 96853, 96916, 98216, 98372, 98375, 98380, 98452, 98622, 98657, 98662, 98710, 98715, 98746, 98760, 98799, 98804, 101649, 101730, 101812, 102087, 102156, 102167, 102177, 102183, 102192, 102196, 102204, 102288, 102337, 102345, 102396, 102713, 102718, 102724, 103157, 103227, 103319, 104155, 104639, 104642, 105143, 105425, 105454, 105614, 105627, 105674, 105775, 105887, 105936, 106218, 106409, 106431, 106660, 106688, 107211, 107455, 107663, 107713, 108281, 108374, 108450, 108598, 108828, 109866, 109938, 109987, 110015, 110053, 110604, 110665, 111191, 111248, 111264, 111276, 111310, 111335, 111366, 111703, 111709, 111881, 112198, 112268, 113061, 113107, 113137, 113280, 113446, 113585, 113749, 113787, 114082, 114111, 115082, 115216, 115832, 116196, 116365, 116392, 116857, 117033, 117271, 117366, 118012, 118015, 119063, 119405, 119651, 120283, 120662, 120872, 121144, 121679, 121692, 121817, 121824, 121903, 122304, 122770, 122783, 123224, 123238, 123373, 123389, 124321, 124456, 124608, 124721, 125142, 125507, 125619, 125731, 125739, 125750, 125781, 125869, 125935, 125950, 126300, 127544, 127572, 127771, 128161, 128596, 128839, 129147, 129628, 129736, 129748, 129840, 129874, 129961, 130176, 130237, 130418, 130434, 130542, 130620, 130637, 130700, 131187, 131258, 131286, 131307, 131333, 131355, 131454, 131471, 131698, 131881, 132032, 132050, 132083, 132143, 132235, 132242, 132289, 132569, 132833, 132854, 132860, 132948, 132969, 133066, 133091, 133570, 133611, 133651, 134252, 134471, 134554, 134573, 134604, 134658, 134723, 135631, 136534, 136625, 137011, 137561, 137744, 137797, 137983, 138790, 138795, 138801, 138874, 139229, 139347, 139425, 139459, 139585, 139640, 140018, 140494, 140630, 140772, 140898, 141725, 142522, 142624, 142919, 143013, 143027, 143107, 143311, 143517, 143601, 143608, 143789, 144363, 144386, 144652, 145030, 145297, 145502, 145587, 146163, 146590, 146622, 146863, 146959, 146966, 147713, 147930, 149302, 149671, 150036, 151125, 151139, 152165, 152207, 152511, 152540, 152766, 153101, 154310, 154352, 154396, 155089, 155574, 156376, 156784, 158472, 158559, 158575, 158604, 158713, 158792, 158922, 158977, 159183, 161226, 161416, 161420, 162123, 162191, 162262, 162355, 162724, 162798, 162873, 162886, 162968, 163127, 163188, 163337, 163388, 163866, 163899, 164267, 164491, 164523, 165385, 165560, 165696, 166088, 166255, 166611, 166639, 166707, 166797, 166939, 166949, 167051, 167241, 167290, 167570, 167718, 168158, 168169, 168210, 168225, 168236, 168240, 168343, 168609, 169751, 169953, 171483, 171488, 171555, 171748, 171795, 171825, 171970, 172094, 172114, 172299, 172866, 173129, 173545, 173875, 173916, 174822, 174855, 174866, 176030, 176053, 176206, 176356, 177288, 177426, 178577, 178683, 179302, 179333, 179798, 179826, 180892, 180963, 180966, 181818, 182113, 183321, 183392, 183574, 184428, 184513, 184568, 185129, 185482, 185567, 185684, 185695, 185904, 185960, 185997, 186102, 186107, 186111, 186127, 186504, 186516, 186544, 186683, 186765, 186830, 187726, 187807, 187913, 187930, 187955, 187986, 188020, 188060, 188414, 189074, 189101, 189105, 189339, 189838, 191465, 191489, 191898, 193962, 194545, 194938, 195071, 195171, 195196, 195442, 196096, 196831, 197399, 197522, 197535, 198976, 199184, 199392, 199471, 199883, 199888, 199950, 200019, 200107, 200724, 201292, 201850, 202007, 202174, 202245, 202279, 202417, 202460, 203670, 203693, 203785, 204001, 204086, 204563, 204574, 205617, 205830, 205914, 206219, 206260, 206329, 206333, 206401, 206489, 206527, 207043, 207150, 207256, 207332, 207382, 207407, 207447, 207553, 207580, 207645, 208126, 208371, 209036, 209739, 210012, 210087, 210647, 210967, 211900, 212323, 212518, 213855, 213967, 214036, 214090, 214127, 214162, 214918, 215719, 215991, 216012, 216234, 217025, 217788, 217866, 218206, 218252, 218256, 218495, 218757, 219862, 220276, 220453, 221022, 221266, 221686, 222109, 222296, 222453, 222478, 222904, 222932, 223151, 223179, 223759, 224004, 225007, 226534, 227953, 229548, 230165, 230900, 231163, 231405, 231545, 231623, 232537, 232987, 233727, 233733, 234063, 234208, 234385, 234922, 235110, 235143, 235745, 235993, 236023, 236145, 236539, 236924, 237914, 238541, 239024, 241510, 241889, 244713, 245087, 245300, 246783, 246848, 247188, 247669, 247851, 247900, 247957, 248243, 248252, 248376, 248388, 248421, 248690, 248824, 248864, 248997, 249076, 249099, 249127, 249692, 249731, 249757, 249852, 249861, 249877, 249901, 249924, 249967, 250003, 250487, 250985, 251109, 251430, 251434, 251696, 252025, 252081, 252196, 252212, 254400, 255238, 255357, 255568, 255661, 255883, 255902, 255985, 256068, 256093, 256287, 256362, 257036, 257083, 257556, 257759, 257843, 258261, 258310, 258347, 258424, 258492, 258579, 258620, 258641, 259008, 259302, 259370, 259385, 259653, 259705, 260074, 260137, 260437, 260556, 261096, 261159, 262624, 262641, 262677, 262686, 262915, 262961, 263105, 263108, 263142, 263146, 263381, 264635, 264889, 265290, 265526, 265635, 265686, 265723, 265825, 265916, 265973, 266061, 267865, 268355, 268978, 269172, 269410, 270036, 270308, 270437, 270593, 270760, 271359, 271606, 271720, 272356, 273458, 273785, 274422, 274556, 274625, 274683, 274892, 274973, 275543, 275715, 275791, 275809, 275817, 275936, 277055, 278943, 279474, 279572, 281125, 281351, 281358, 281772, 281966, 282654, 282661, 282679, 282816, 283547, 283596, 283786, 284106, 285121, 285215, 285223, 286066, 286662, 287675, 287705, 287729, 287734, 287743, 288464, 288556, 288913, 289064, 289227, 289329, 291064, 291469, 291873, 292247, 292440, 292560, 292623, 292687, 293093, 293475, 293652, 293976, 294089, 294159, 294795, 295013, 295082, 295145, 295161, 295316, 295392, 295412, 295482, 295522, 295565, 295583, 296229, 296612, 297076, 297490, 297501, 298130, 298350, 298367, 298417, 299588, 299633, 300394, 301171, 301181, 301687, 301727, 302048, 302817, 303652, 303779, 303984, 304424, 304594, 305131, 306315, 307387, 308394, 310488, 310625, 310964, 310985, 311743, 313533, 313905, 313994, 314131, 314143, 314401, 315415, 315460, 315491, 315580, 316036, 317132, 317175, 318024, 318424, 319255, 319367, 319439, 319492, 319608, 320074, 320116, 320622, 321807, 321881, 322056, 322121, 322473, 322634, 323188, 323304, 323488, 324041, 324160, 325124, 325134, 325152, 325178, 325215, 325501, 325945, 325987, 326746, 326778, 327184, 328970, 329392, 329460, 329552, 330188, 330358, 330600, 330717, 330799, 330951, 330956, 331384, 331506, 331664, 331892, 331980, 332949, 333007, 333150, 333196, 333256, 333308, 333539, 333570, 333738, 333826, 334273, 335236, 335878, 337137, 338303, 339108, 339271, 339485, 340593, 340599, 340610, 342688, 342869, 343349, 343362, 343503, 343506, 344619, 346470, 346747, 347767, 347796, 347801, 347884, 349893, 350231, 350519, 350740, 350745, 351108, 351221, 351415, 351422, 351428, 351470, 353131, 353136, 353148, 354106, 354388, 354724, 354805, 355992, 356944, 357048, 357199, 357240, 357627, 357832, 358298, 358355, 358426, 358885, 359233, 359676, 359696, 359866, 363060, 363344, 363429, 366095, 366400, 366420, 366862, 367053, 368860, 370564, 370571, 370579, 372726, 373209, 374331, 375645, 375713, 378220, 378930, 379257, 379400, 379577, 380392, 380526, 380830, 380867, 381671, 381837, 382270, 382310, 383305, 383314, 383327, 384520, 384648, 384708, 384987, 385428, 386882, 386970, 387097, 387942, 388651, 388959, 389406, 390511, 390783, 391080, 391587, 391754, 392034, 392199, 392260, 392266, 392663, 392694, 392808, 392816, 393092, 393630, 396185, 396521, 396888, 397536, 398367, 400600, 400604, 401441, 401689, 401903, 402915, 403523, 403611, 403712, 403907, 404869, 406714, 408021, 409405, 409407, 410195, 410948, 411965, 411979, 412399, 412412, 412842, 412886, 413428, 413722, 413852, 414056, 414344, 414452, 414699, 415115, 415298, 415368, 415723, 416492, 416842, 417303, 417524, 417758, 417950, 418969, 419163, 420174, 420177, 421677, 423279, 423680, 423684, 423953, 424880, 426688, 427312, 427487, 427514, 427948, 428053, 428564, 429015, 430975, 431419, 431637, 432639, 432651, 433598, 433837, 434277, 436769, 436794, 436831, 436922, 437944, 437964, 438751, 438924, 440758, 440964, 441080, 441789, 442101, 443372, 443946, 444371, 447129, 447354, 448716, 449601, 451038, 452662, 452827, 453636, 454302, 455581, 455857, 455943, 456477, 456646, 456868, 457151, 457272, 457278, 457322, 457428, 457478, 457531, 457553, 458388, 458538, 458563, 458785, 458795, 458908, 459104, 459513, 459520, 460105, 460233, 462343, 462511, 462626, 462650, 462737, 462890, 462911, 462956, 463242, 463257, 463444, 463566, 464043, 464276, 464862, 464888, 464905, 464922, 465828, 466184, 466243, 466314, 466372, 466502, 466911, 466927, 466936, 466993, 467163, 467248, 467255, 467372, 467619, 467636, 467708, 467722, 467807, 467965, 468253, 468292, 468352, 468394, 468608, 469111, 469199, 469365, 469416, 469934, 470029, 470605, 470765, 473609, 476168, 476329, 476341, 476389, 476484, 476511, 477023, 477561, 478137, 478659, 480601, 481511, 482323, 482632, 483180, 483200, 484257, 484319, 484355, 484361, 484367, 485173, 485391, 486193, 486974, 487050, 487850, 487855, 487861, 487870, 488690, 488985, 489349, 489376, 490343, 490359, 490408, 490419, 490532, 490554, 490733, 491239, 491544, 492021, 492297, 492322, 493754, 494238, 494300, 494712, 495231, 495308, 495570, 495847, 495906, 495952, 496125, 496431, 496767, 498024, 498087, 498273, 498748, 498768, 498922, 499486, 500423, 501512, 501770, 501776, 501784, 501790, 502101, 502109, 504629, 504647, 504894, 506359, 508919, 509390, 511452, 511682, 512463, 513222, 513254, 513921, 514013, 514211, 514446, 514532, 515292, 515551, 515559, 516120, 516524, 517117, 518800, 519841, 519895, 520888, 520895, 520911, 521518, 522974, 523555, 525098, 526099, 526130, 526866, 527569, 527795, 528152, 528189, 528333, 529255, 529274, 529706, 529806, 529866, 532286, 532321, 532418, 534204, 534212, 535233, 535679, 535685, 536168, 536838, 537051, 537172, 537958, 538565, 539006, 539034, 539043, 539050, 539054, 540720, 541658, 542210, 543801, 543926, 544362, 544369, 545210, 545736, 545757, 545776, 546155, 546410, 546696, 546918, 547179, 547519, 547558, 548201, 548579, 548963, 549327, 549330, 549504, 549552, 549555, 549865, 550863, 552027, 553782, 554678, 555658, 555802, 556437, 556504, 557934, 557988, 558624, 558852, 559165, 559971, 560282, 561155, 561526, 564786, 565307, 565400, 565505, 566142, 566183, 566511, 566863, 567527, 567614, 567768, 568035, 568245, 568992, 569120, 569132, 569212, 569953, 570400, 571063, 571292, 571550, 571613, 571751, 572542, 572758, 573490, 574260, 575947, 576020, 576705, 577171, 577580, 577784, 578326, 578478, 579589, 579783, 580474, 580491, 581145, 581192, 581564, 581586, 581927, 582057, 582285, 582289, 582348, 582828, 583394, 585258, 585675, 585768, 585799, 585999, 586262, 588764, 590650, 590837, 591539, 592462, 593057, 593629, 593634, 593715, 595871, 596281, 599353, 600540, 601074, 601345, 601545, 601787, 601879, 601890, 603251, 603342, 603690, 603825, 603868, 604125, 604185, 604351, 604453, 604618, 604733, 605558, 605956, 605967, 606437, 609405, 609980, 610175, 611662, 612061, 612160, 612224, 613929, 614031, 614809, 615064, 615072, 615081, 615100, 615139, 615385, 615399, 615403, 615718, 616058, 616539, 616851, 616912, 619709, 620047, 621335, 621799, 622477, 622494, 623822, 623954, 624995, 625590, 627765, 628057, 628390, 629170, 629515, 630665, 630905, 631234, 631334, 631461, 632190, 632557, 632638, 632641, 632692, 632738, 633146, 633156, 633181, 633276, 633295, 633494, 634342, 634346, 634394, 634477, 634567, 634608, 634624, 635169, 635642, 635738, 636043, 636236, 636395, 636847, 637068, 637072, 637146, 637675, 638208, 639801, 640172, 641036]
11,37,[229, 305, 833, 1013, 1188, 2643, 2659, 2907, 4969, 5156, 5651, 7231, 7463, 10281, 10401, 11318, 11589, 11922, 14229, 15440, 15488, 15763, 16124, 16897, 16963, 17406, 17879, 17961, 18119, 18138, 18225, 18372, 19137, 19171, 19448, 20148, 20168]
12,32,[18, 866, 1161, 1276, 2150, 2837, 3053, 3515, 3583, 3613, 4018, 7384, 7410, 8386, 8536, 10144, 10765, 11550, 11754, 13704, 15938, 16101, 16421, 16486, 18184, 18479, 19911, 21128, 21212, 21798, 21810, 22642]
13,8,[580, 1993, 2069, 3005, 3324, 3343, 3470, 3928]
14,13,[25317, 44081, 63495, 84690, 85767, 97621, 98295, 110653, 135440, 141952, 152493, 187780, 194329]
15,299,[887, 1089, 2277, 2575, 3378, 3907, 4277, 5242, 5380, 5451, 6085, 7218, 8188, 9379, 10084, 10245, 10907, 11039, 13571, 13842, 15679, 16891, 16900, 17686, 17694, 18787, 19276, 19938, 20628, 20900, 21373, 21660, 22678, 22742, 22805, 22891, 23649, 24286, 24381, 24497, 25380, 25532, 25768, 26592, 26885, 27487, 27644, 27722, 28569, 28717, 29842, 30350, 30599, 30604, 30629, 31352, 31410, 31585, 32276, 33101, 33160, 33365, 34822, 38089, 38135, 38326, 38344, 38522, 39013, 39276, 40116, 41432, 41836, 44833, 45601, 46083, 46119, 46687, 46717, 47127, 47183, 47810, 49652, 50551, 50811, 51066, 51715, 51777, 51950, 51988, 52053, 52188, 52580, 53461, 55330, 56121, 56385, 56870, 58036, 58459, 58522, 60467, 60817, 60826, 60856, 60994, 61882, 63870, 63895, 66683, 67288, 67733, 69608, 70341, 71985, 72335, 72407, 72419, 72521, 72572, 72761, 72839, 73332, 73365, 73411, 73479, 73529, 74736, 75390, 78217, 79000, 79134, 79519, 79915, 80351, 80809, 81319, 81561, 82264, 83685, 83929, 85666, 86884, 87184, 87389, 87466, 87862, 88401, 88443, 89561, 90568, 90690, 91132, 91716, 92358, 92561, 92924, 92968, 94522, 95078, 95954, 97190, 98523, 98889, 100058, 100523, 100904, 101076, 101866, 103364, 104369, 104393, 105267, 105287, 106024, 106893, 107993, 108181, 108382, 108872, 109788, 110419, 110507, 111645, 111670, 112005, 113048, 113103, 113186, 113384, 114807, 116658, 116997, 117554, 118154, 118200, 121814, 122626, 123404, 124295, 126230, 127329, 127529, 128683, 129724, 129817, 129836, 130621, 131417, 131421, 131451, 131838, 131954, 132182, 132630, 132732, 132737, 133579, 134743, 134972, 136948, 137752, 137885, 138197, 138318, 139596, 139775, 139876, 140022, 140402, 141286, 141789, 141808, 142010, 142978, 143190, 143826, 144126, 144331, 149541, 150051, 150235, 150336, 150499, 151048, 151057, 151830, 152173, 152758, 153284, 155018, 155745, 155859, 156011, 156023, 156032, 156117, 156170, 156290, 156340, 156574, 156975, 157723, 158204, 158611, 159573, 160346, 160443, 160827, 161331, 162313, 162649, 163349, 164518, 164799, 165063, 165614, 165982, 166392, 166748, 166820, 166843, 166980, 167004, 167018, 167679, 167706, 168939, 169011, 169575, 169752, 169858, 170743, 171247, 171738, 172130, 172579, 172641, 172999]
16,52,[1717, 2188, 2460, 3980, 4986, 5156, 5197, 5980, 6860, 8323, 8514, 9150, 9915, 10971, 11095, 11205, 12610, 12623, 13558, 14197, 14860, 15241, 17353, 19731, 20264, 20471, 21440, 22153, 22163, 22173, 22661, 22785, 23844, 24001, 24312, 24632, 24794, 24854, 25093, 27027, 28978, 29127, 30756, 30985, 31089, 32335, 32850, 34303, 34680, 35471, 35918, 35981]
17,436,[339, 416, 956, 1097, 1957, 2845, 2939, 3235, 3722, 3776, 5348, 5420, 5646, 5744, 6862, 7358, 7435, 7442, 7725, 7774, 8052, 8136, 9463, 9505, 9527, 10878, 12408, 12773, 13008, 13048, 13882, 14617, 14889, 15191, 15897, 16037, 16070, 16105, 16144, 16324, 16463, 16476, 17282, 18315, 18385, 18696, 19207, 22703, 24286, 24497, 24666, 24686, 24883, 24900, 24932, 24940, 24954, 27985, 28305, 28580, 29093, 29172, 29217, 29260, 33142, 33460, 33471, 33912, 34098, 35908, 37767, 38146, 38442, 41360, 43050, 43105, 43188, 44308, 45199, 45224, 45240, 45607, 45818, 45905, 46065, 46109, 46225, 46449, 46512, 46811, 46830, 47129, 50812, 50884, 51444, 51901, 51903, 51940, 52023, 52032, 52733, 54244, 55394, 55491, 55590, 56598, 56980, 57663, 58337, 58972, 58999, 59633, 60879, 60890, 61010, 61020, 61805, 61939, 62054, 64447, 65335, 65466, 65478, 65717, 66031, 66126, 67082, 67209, 67505, 68050, 68097, 68331, 68604, 68864, 68928, 69614, 70228, 70637, 70643, 70696, 71015, 71437, 71535, 71613, 71641, 72034, 72881, 73313, 73758, 74964, 75230, 76368, 76383, 76435, 76450, 76465, 76490, 76788, 76877, 77080, 77202, 77679, 77867, 78199, 79744, 79824, 80789, 80833, 81120, 81134, 82201, 82512, 82536, 82772, 82896, 82987, 83085, 83099, 85415, 85497, 85637, 85784, 87176, 87511, 87527, 88332, 88569, 89233, 89368, 89797, 91293, 91910, 91943, 92254, 92401, 92766, 92828, 92891, 93351, 93510, 93603, 94893, 94943, 94982, 95184, 95219, 95497, 95732, 95810, 95880, 96206, 96372, 96605, 97446, 97457, 97619, 98558, 98569, 99093, 99152, 99187, 99808, 100978, 101797, 104561, 104912, 105086, 105099, 105134, 105318, 107084, 107264, 107552, 110859, 111495, 112486, 112533, 112899, 112919, 112942, 113336, 115743, 117226, 117349, 118162, 118370, 120540, 121157, 122144, 123319, 123463, 123554, 126642, 126995, 127685, 127906, 128396, 128864, 129688, 130873, 131080, 133229, 134933, 136161, 137537, 137598, 137713, 138770, 141555, 141608, 141658, 141772, 141783, 142061, 142552, 142679, 142933, 142955, 144503, 145197, 146918, 148259, 148479, 148732, 148945, 149188, 149325, 149632, 149707, 149826, 150586, 150631, 150896, 150910, 151714, 151739, 153298, 156774, 157100, 158498, 158527, 159561, 161581, 163067, 163488, 164315, 164384, 165436, 166317, 168385, 170271, 171472, 171529, 172135, 172591, 173696, 174397, 174435, 174601, 174675, 174739, 174818, 174914, 176512, 176532, 177386, 177469, 177553, 177599, 178111, 178130, 178283, 178895, 179304, 181035, 182385, 183635, 184521, 185554, 186167, 186393, 186666, 186725, 186771, 186946, 187112, 187161, 188051, 188107, 188239, 188761, 189456, 189468, 189486, 192803, 192903, 193071, 193085, 193172, 193299, 193330, 193360, 193370, 193826, 194181, 194267, 194830, 194868, 194941, 195129, 195263, 195273, 195658, 195692, 195802, 195843, 195889, 196541, 196563, 196568, 196749, 196765, 196825, 197632, 198245, 198252, 198357, 198429, 198447, 198738, 199225, 199331, 200231, 200486, 201514, 201530, 201759, 201839, 202348, 202646, 203287, 203483, 203606, 203735, 203743, 203817, 203834, 203904, 203971, 204163, 205274, 205325, 206946, 207079, 208712, 209331, 209393, 209730, 209735, 210095, 210955, 211583, 211630, 211689, 211697, 211944, 211959, 212321, 212407, 213901, 214181, 215253, 215688, 216068, 216705, 217984]
18,62,[1812, 7931, 8043, 8458, 10544, 12085, 12270, 13164, 18961, 19413, 21069, 22046, 22771, 23230, 26479, 28230, 29748, 29761, 29966, 39757, 39798, 40242, 49250, 51251, 53193, 56416, 57003, 59011, 59995, 60819, 67152, 69034, 69462, 69905, 72659, 72849, 76133, 80830, 83168, 84623, 85112, 88234, 89792, 92403, 93310, 94782, 103264, 103437, 105202, 105242, 109406, 112075, 116656, 119048, 121420, 122282, 122399, 122462, 132518, 142295, 142488, 147902]
19,38,[1539, 1750, 1967, 3653, 4937, 4950, 7086, 7256, 7994, 8003, 10804, 11882, 12189, 12311, 12730, 12789, 13140, 14855, 15514, 16550, 18010, 18203, 19486, 19530, 19825, 20787, 21335, 21879, 22708, 23291, 24595, 25327, 25370, 25859, 25988, 26063, 26098, 26469]
20,76,[123, 2690, 4572, 6484, 8214, 8904, 9274, 9921, 10485, 11552, 11555, 15547, 17482, 17540, 18369, 22137, 26389, 26704, 27187, 27632, 28070, 28461, 28545, 29032, 29364, 33243, 33596, 33732, 34131, 34476, 36207, 36455, 38204, 38522, 38612, 39415, 40130, 40155, 40551, 41097, 41175, 41302, 42576, 43092, 45429, 45450, 48339, 50056, 50390, 50501, 50599, 50944, 53233, 55476, 55519, 55753, 56334, 56412, 56534, 56573, 56611, 56702, 57385, 57615, 59394, 59410, 60423, 61550, 62342, 63380, 63692, 64349, 65265, 65926, 66083, 66167]
21,43,[2647, 2782, 3392, 4012, 6789, 7953, 7971, 9693, 10333, 10997, 11134, 11195, 11408, 11789, 11833, 11854, 15792, 16060, 16663, 16861, 18512, 19584, 21482, 21512, 21533, 22345, 22897, 23751, 23800, 25444, 25956, 26045, 26793, 26863, 27437, 27643, 27692, 28311, 29250, 29480, 30522, 33145, 33987]
22,75,[8704, 9036, 9054, 9090, 9092, 9103, 9122, 14100, 15282, 15284, 15318, 15326, 15341, 15343, 16114, 16124, 17336, 17346, 17349, 17356, 17397, 17488, 19391, 25332, 29976, 31885, 31899, 31902, 38271, 38491, 38504, 38533, 38548, 57160, 57421, 57899, 57955, 57961, 57975, 71653, 73641, 73644, 73647, 73839, 74315, 74317, 74319, 75539, 75543, 75547, 85233, 85236, 87470, 87638, 89415, 92068, 93910, 100093, 105102, 111270, 111305, 112810, 113938, 132798, 136899, 136906, 138476, 138483, 138656, 138801, 142938, 143307, 149220, 149226, 150934]
23,61,[950, 1144, 1682, 2581, 2631, 2667, 3728, 3750, 3933, 3989, 4862, 5032, 8750, 8897, 9403, 9467, 10001, 10892, 11705, 12385, 13539, 14160, 14595, 15204, 15564, 16057, 16147, 16282, 16326, 16533, 16844, 17513, 17519, 17856, 18308, 18441, 18664, 18722, 18807, 19007, 19402, 19472, 22091, 22497, 22801, 23088, 23486, 23661, 23969, 25246, 25455, 26739, 26798, 27046, 27093, 27989, 28889, 29000, 29121, 29129, 30340]
24,85,[584, 1055, 1470, 2055, 3379, 3458, 5622, 5983, 6559, 7310, 8025, 8485, 9881, 10163, 10218, 10771, 11065, 12448, 14958, 15078, 15363, 15413, 15631, 16389, 16439, 17827, 18266, 18817, 20431, 20653, 21622, 21795, 21808, 21879, 22417, 22701, 22732, 23860, 23936, 24914, 25068, 25274, 25727, 27538, 27612, 27769, 27941, 27954, 28045, 28066, 28702, 28842, 29213, 29476, 29658, 29850, 30354, 30535, 32340, 32465, 32663, 33147, 33905, 34348, 35876, 36000, 36314, 37029, 37272, 37277, 37656, 38591, 38686, 38891, 40414, 40710, 40744, 41608, 42970, 43285, 44122, 44134, 44276, 44896, 44988]
25,18,[809, 827, 874, 903, 24600, 42267, 61011, 81005, 82157, 94186, 106181, 115373, 129726, 136249, 146132, 180048, 185238, 186189]
26,76,[487, 3119, 5090, 7002, 8737, 9452, 9826, 10474, 11042, 12120, 12123, 16187, 18151, 18215, 19075, 22892, 27188, 27522, 28012, 28459, 28905, 29291, 29375, 29870, 30207, 34122, 34469, 34606, 35007, 35365, 37110, 37362, 39124, 39465, 39556, 40357, 41070, 41095, 41490, 42032, 42113, 42239, 43513, 44042, 46429, 46450, 49354, 51100, 51440, 51551, 51650, 52000, 54355, 56635, 56677, 56912, 57490, 57569, 57687, 57726, 57764, 57851, 58552, 58785, 60655, 60673, 61720, 62854, 63679, 64746, 65071, 65747, 66678, 67343, 67500, 67587]
27,164,[1227, 3036, 3247, 4491, 6144, 6187, 6944, 7475, 7921, 8331, 9808, 10856, 11308, 11330, 12371, 13604, 14207, 18752, 19084, 19258, 21094, 21363, 21381, 22334, 22705, 22782, 22788, 22795, 23659, 23996, 24558, 24834, 25480, 25538, 26506, 27253, 28183, 29039, 29301, 29540, 29647, 30175, 30280, 30986, 31539, 32656, 35701, 36860, 37466, 38799, 39685, 39782, 40298, 41210, 42004, 42086, 42208, 42989, 43108, 43504, 44823, 47500, 47695, 49191, 49441, 49989, 50112, 50194, 51616, 51925, 52647, 52677, 52809, 53893, 54475, 54981, 55304, 55355, 56254, 57259, 58405, 60301, 60449, 60669, 62816, 63318, 63375, 63815, 64425, 65705, 67017, 67058, 67631, 68372, 68762, 69084, 69783, 70016, 70161, 70785, 70961, 71719, 72641, 73072, 73162, 73249, 73491, 76246, 76350, 78224, 78579, 78835, 79996, 80560, 81392, 81439, 82527, 83619, 85552, 86363, 86716, 87287, 87419, 87944, 88154, 88176, 88347, 89211, 89373, 90035, 90272, 91102, 91460, 91560, 92110, 92664, 92824, 93131, 93138, 93751, 93964, 94422, 94490, 94509, 95328, 95892, 96619, 97164, 97647, 99096, 99105, 99291, 100230, 100482, 102378, 102732, 103032, 103317, 103386, 103670, 103769, 103774, 107586, 108749]
28,18,[1103, 1514, 2487, 3459, 4457, 4614, 6111, 7245, 7256, 7329, 7636, 8266, 8622, 9451, 9753, 10098, 10781, 11339]
30,1796,[1012, 1021, 3210, 3249, 3500, 5149, 5159, 5896, 6346, 6612, 6655, 6722, 8083, 8415, 8771, 9054, 9405, 9639, 9964, 10563, 11848, 12026, 12125, 12162, 12183, 12368, 12564, 12958, 13072, 13192, 13360, 13849, 13993, 15108, 15159, 15162, 15211, 15685, 17013, 17708, 17807, 17932, 17957, 18017, 18104, 18148, 18685, 18773, 18827, 19260, 19550, 19583, 19643, 19657, 19929, 20121, 20161, 20173, 20256, 20473, 22030, 22604, 24368, 25482, 25547, 25632, 25903, 26248, 26758, 26853, 26891, 27291, 27318, 27600, 28016, 28116, 28147, 28604, 29104, 29398, 29439, 29503, 29739, 30183, 30411, 30561, 30753, 31132, 31492, 31554, 31607, 33377, 33830, 34756, 35116, 35297, 35323, 35326, 36186, 36358, 36708, 36733, 36780, 37346, 37405, 37624, 37740, 38335, 39185, 40045, 40078, 40098, 40108, 40274, 40515, 40531, 41723, 42259, 42272, 42420, 42445, 42973, 43370, 43472, 43943, 44261, 44398, 45243, 45906, 45949, 45999, 46058, 46154, 46181, 46195, 46203, 46228, 46275, 47273, 48713, 48725, 49021, 49261, 49380, 49404, 49419, 49515, 49593, 49945, 49970, 50331, 50354, 50376, 50400, 50782, 50981, 50989, 51032, 51237, 51609, 52038, 52134, 52593, 52871, 52939, 53369, 53378, 53532, 53589, 53691, 53740, 53943, 53990, 54003, 54020, 54246, 57342, 57926, 57948, 58274, 58303, 58319, 58611, 58639, 58776, 59341, 59480, 59495, 59604, 59617, 59804, 59820, 59854, 59857, 59877, 60097, 60116, 60124, 60155, 60159, 60174, 60327, 61338, 61513, 61516, 61771, 62505, 63284, 63325, 63367, 63590, 63630, 63654, 63667, 64010, 64074, 64124, 64145, 64166, 64199, 64481, 64554, 64593, 65679, 67374, 67406, 67522, 67592, 67720, 67746, 67826, 67892, 67937, 68017, 68765, 68806, 69148, 69235, 69263, 69394, 69454, 69514, 69538, 69576, 69625, 69706, 70064, 70237, 70997, 71019, 71076, 71098, 71136, 71385, 71580, 71759, 72392, 73803, 74057, 74231, 74498, 74620, 74638, 74672, 74702, 76343, 76366, 76525, 76957, 76967, 77354, 77435, 79721, 79729, 79767, 79789, 80410, 80417, 82248, 82284, 82505, 82639, 82936, 83035, 83157, 83348, 83370, 83497, 85040, 85062, 85082, 85139, 85142, 85350, 85373, 85376, 85586, 85589, 86202, 86249, 86678, 86730, 86868, 87223, 88250, 88433, 88619, 88734, 88844, 89320, 89412, 89423, 89765, 89976, 90036, 90346, 90473, 90535, 90688, 90709, 91165, 91221, 91296, 91515, 91591, 91638, 91665, 91793, 92286, 92677, 92696, 93230, 93330, 93364, 93377, 94080, 95350, 96746, 96809, 98109, 98265, 98268, 98273, 98345, 98515, 98550, 98555, 98603, 98608, 98639, 98653, 98692, 98697, 101542, 101623, 101705, 101980, 102049, 102060, 102070, 102076, 102085, 102089, 102097, 102181, 102230, 102238, 102289, 102606, 102611, 102617, 103050, 103120, 103212, 104048, 104532, 104535, 105032, 105314, 105343, 105503, 105516, 105563, 105664, 105776, 105825, 106107, 106298, 106320, 106549, 106577, 107100, 107344, 107552, 107602, 108170, 108263, 108339, 108487, 108717, 109755, 109827, 109876, 109904, 109942, 110493, 110554, 111080, 111137, 111153, 111165, 111199, 111224, 111255, 111592, 111598, 111770, 112087, 112157, 112950, 112996, 113026, 113169, 113335, 113474, 113638, 113676, 113971, 114000, 114971, 115105, 115721, 116085, 116254, 116281, 116746, 116922, 117160, 117255, 117901, 117904, 118952, 119294, 119540, 120172, 120551, 120761, 121033, 121568, 121581, 121706, 121713, 121792, 122193, 122659, 122672, 123113, 123127, 123262, 123278, 124210, 124345, 124497, 124610, 125031, 125396, 125508, 125620, 125628, 125639, 125670, 125758, 125824, 125839, 126189, 127433, 127461, 127660, 128050, 128484, 128727, 129035, 129516, 129624, 129636, 129728, 129762, 129849, 130064, 130125, 130306, 130322, 130430, 130508, 130525, 130588, 131075, 131146, 131174, 131195, 131221, 131243, 131342, 131359, 131586, 131769, 131920, 131938, 131971, 132031, 132123, 132130, 132177, 132457, 132721, 132742, 132748, 132836, 132857, 132954, 132979, 133458, 133499, 133539, 134140, 134359, 134442, 134461, 134492, 134546, 134611, 135519, 136422, 136513, 136899, 137449, 137632, 137685, 137871, 138678, 138683, 138689, 138762, 139117, 139235, 139313, 139347, 139473, 139528, 139906, 140382, 140518, 140660, 140786, 141613, 142410, 142512, 142807, 142901, 142915, 142995, 143199, 143405, 143489, 143496, 143677, 144250, 144273, 144539, 144917, 145184, 145389, 145474, 146050, 146477, 146509, 146750, 146846, 146853, 147600, 147817, 149189, 149558, 149923, 151012, 151026, 152052, 152094, 152398, 152427, 152653, 152988, 154197, 154239, 154283, 154976, 155461, 156263, 156671, 158359, 158446, 158462, 158491, 158600, 158679, 158809, 158864, 159070, 161112, 161302, 161306, 162000, 162068, 162139, 162232, 162601, 162675, 162750, 162763, 162845, 163004, 163065, 163214, 163265, 163743, 163776, 164144, 164368, 164400, 165262, 165437, 165573, 165965, 166132, 166488, 166516, 166584, 166674, 166816, 166826, 166928, 167118, 167167, 167447, 167595, 168035, 168046, 168087, 168102, 168113, 168117, 168220, 168486, 169628, 169830, 171360, 171365, 171432, 171625, 171672, 171702, 171847, 171971, 171991, 172176, 172743, 173006, 173422, 173752, 173793, 174699, 174732, 174743, 175907, 175930, 176083, 176233, 177165, 177303, 178454, 178560, 179179, 179210, 179675, 179703, 180769, 180840, 180843, 181695, 181990, 183189, 183260, 183442, 184296, 184381, 184436, 184997, 185350, 185435, 185552, 185563, 185772, 185828, 185865, 185970, 185975, 185979, 185995, 186372, 186384, 186412, 186551, 186633, 186698, 187594, 187675, 187781, 187798, 187823, 187854, 187888, 187928, 188282, 188942, 188969, 188973, 189207, 189706, 191333, 191357, 191766, 193830, 194413, 194806, 194939, 195039, 195064, 195310, 195964, 196699, 197267, 197390, 197403, 198844, 199052, 199250, 199329, 199741, 199746, 199808, 199877, 199965, 200582, 201150, 201708, 201865, 202032, 202103, 202137, 202275, 202318, 203528, 203551, 203643, 203859, 203944, 204421, 204432, 205475, 205688, 205772, 206077, 206118, 206187, 206191, 206259, 206347, 206385, 206901, 207008, 207114, 207190, 207240, 207265, 207305, 207411, 207438, 207503, 207984, 208229, 208894, 209597, 209870, 209945, 210505, 210825, 211758, 212181, 212376, 213713, 213825, 213894, 213948, 213985, 214020, 214776, 215577, 215849, 215870, 216092, 216884, 217648, 217726, 218066, 218112, 218116, 218355, 218617, 219712, 220126, 220303, 220872, 221116, 221536, 221959, 222146, 222303, 222328, 222754, 222782, 223001, 223029, 223609, 223854, 224857, 226384, 227803, 229398, 230015, 230750, 231013, 231255, 231395, 231473, 232387, 232837, 233577, 233583, 233913, 234058, 234235, 234772, 234960, 234993, 235595, 235843, 235873, 235995, 236389, 236774, 237764, 238391, 238871, 241357, 241736, 244560, 244934, 245147, 246630, 246695, 247035, 247516, 247698, 247747, 247804, 248090, 248099, 248223, 248235, 248268, 248537, 248671, 248711, 248844, 248923, 248946, 248974, 249539, 249578, 249604, 249699, 249708, 249724, 249748, 249771, 249814, 249850, 250334, 250832, 250956, 251277, 251281, 251543, 251872, 251928, 252043, 252059, 254247, 255085, 255204, 255415, 255508, 255727, 255746, 255829, 255912, 255937, 256131, 256206, 256880, 256927, 257400, 257603, 257687, 258105, 258154, 258191, 258268, 258336, 258423, 258464, 258485, 258852, 259146, 259214, 259229, 259497, 259549, 259918, 259981, 260281, 260400, 260940, 261003, 262468, 262485, 262521, 262530, 262759, 262805, 262949, 262952, 262986, 262990, 263225, 264479, 264733, 265134, 265370, 265479, 265530, 265567, 265669, 265760, 265817, 265905, 267709, 268199, 268822, 269016, 269254, 269880, 270152, 270281, 270437, 270604, 271203, 271450, 271564, 272200, 273302, 273629, 274266, 274400, 274469, 274527, 274736, 274817, 275387, 275559, 275635, 275653, 275661, 275780, 276899, 278788, 279319, 279417, 280970, 281196, 281203, 281617, 281811, 282499, 282506, 282524, 282661, 283391, 283440, 283630, 283950, 284965, 285059, 285067, 285910, 286506, 287519, 287549, 287573, 287578, 287587, 288308, 288400, 288757, 288908, 289071, 289173, 290908, 291313, 291717, 292090, 292283, 292403, 292466, 292530, 292936, 293318, 293495, 293819, 293932, 294002, 294638, 294856, 294925, 294988, 295004, 295159, 295235, 295255, 295325, 295365, 295408, 295426, 296072, 296455, 296918, 297332, 297343, 297972, 298192, 298209, 298259, 299430, 299475, 300236, 301013, 301023, 301529, 301569, 301890, 302659, 303494, 303621, 303826, 304266, 304436, 304973, 306157, 307229, 308236, 310330, 310467, 310806, 310827, 311584, 313374, 313746, 313835, 313972, 313984, 314242, 315256, 315301, 315332, 315421, 315877, 316973, 317016, 317865, 318265, 319096, 319208, 319280, 319333, 319449, 319915, 319957, 320463, 321648, 321722, 321897, 321962, 322314, 322475, 323029, 323145, 323329, 323882, 324001, 324965, 324975, 324993, 325019, 325056, 325342, 325786, 325828, 326587, 326619, 327025, 328811, 329233, 329301, 329393, 330029, 330199, 330441, 330558, 330640, 330792, 330797, 331225, 331347, 331505, 331733, 331821, 332790, 332848, 332991, 333037, 333097, 333149, 333380, 333411, 333579, 333667, 334114, 335077, 335719, 336978, 338144, 338949, 339112, 339326, 340434, 340440, 340451, 342529, 342710, 343190, 343203, 343344, 343347, 344460, 346311, 346588, 347608, 347637, 347642, 347725, 349734, 350072, 350360, 350581, 350586, 350949, 351062, 351256, 351263, 351269, 351311, 352972, 352977, 352989, 353947, 354229, 354565, 354646, 355833, 356784, 356888, 357039, 357080, 357467, 357672, 358138, 358195, 358266, 358725, 359073, 359516, 359536, 359706, 362900, 363181, 363266, 365932, 366237, 366257, 366699, 366890, 368697, 370401, 370408, 370416, 372563, 373046, 374168, 375482, 375550, 378057, 378767, 379094, 379237, 379414, 380229, 380363, 380667, 380704, 381508, 381674, 382107, 382147, 383142, 383151, 383164, 384357, 384485, 384545, 384824, 385265, 386719, 386807, 386934, 387779, 388488, 388796, 389243, 390348, 390620, 390917, 391424, 391591, 391871, 392036, 392097, 392103, 392500, 392531, 392642, 392650, 392926, 393464, 396019, 396355, 396722, 397370, 398201, 400434, 400438, 401275, 401523, 401737, 402749, 403357, 403445, 403546, 403741, 404703, 406548, 407855, 409239, 409241, 410029, 410782, 411799, 411813, 412233, 412246, 412676, 412720, 413262, 413556, 413686, 413890, 414178, 414286, 414533, 414949, 415132, 415202, 415557, 416326, 416676, 417137, 417358, 417592, 417784, 418803, 418997, 420008, 420011, 421511, 423113, 423514, 423518, 423787, 424714, 426522, 427146, 427320, 427347, 427781, 427886, 428397, 428848, 430805, 431249, 431467, 432469, 432481, 433428, 433667, 434107, 436599, 436624, 436661, 436752, 437774, 437794, 438581, 438754, 440588, 440794, 440910, 441619, 441931, 443202, 443776, 444201, 446959, 447184, 448546, 449431, 450868, 452492, 452657, 453466, 454132, 455411, 455687, 455773, 456307, 456476, 456698, 456981, 457102, 457108, 457152, 457258, 457308, 457361, 457383, 458218, 458368, 458393, 458615, 458625, 458738, 458934, 459343, 459350, 459935, 460063, 462172, 462340, 462455, 462479, 462566, 462719, 462740, 462785, 463071, 463086, 463273, 463395, 463872, 464105, 464691, 464717, 464734, 464751, 465657, 466013, 466072, 466143, 466201, 466331, 466740, 466756, 466765, 466822, 466992, 467077, 467084, 467201, 467448, 467465, 467537, 467551, 467636, 467794, 468082, 468121, 468181, 468223, 468437, 468940, 469028, 469194, 469245, 469763, 469858, 470434, 470594, 473439, 475999, 476160, 476172, 476220, 476315, 476342, 476854, 477393, 477969, 478491, 480433, 481345, 482157, 482467, 483015, 483035, 484092, 484154, 484190, 484196, 484202, 485009, 485227, 486030, 486811, 486887, 487688, 487693, 487699, 487708, 488528, 488824, 489188, 489215, 490183, 490199, 490248, 490259, 490372, 490394, 490573, 491079, 491384, 491861, 492137, 492162, 493594, 494078, 494140, 494552, 495072, 495149, 495411, 495688, 495747, 495793, 495966, 496262, 496598, 497855, 497918, 498104, 498579, 498599, 498753, 499317, 500254, 501343, 501601, 501607, 501615, 501621, 501932, 501940, 504460, 504478, 504725, 506190, 508750, 509221, 511283, 511513, 512294, 513053, 513085, 513752, 513844, 514042, 514277, 514363, 515123, 515379, 515387, 515948, 516352, 516945, 518628, 519669, 519723, 520716, 520723, 520739, 521346, 522802, 523383, 524926, 525927, 525958, 526694, 527397, 527623, 527977, 528014, 528158, 529080, 529099, 529531, 529631, 529691, 532111, 532146, 532243, 534029, 534037, 535058, 535504, 535510, 535993, 536663, 536876, 536997, 537783, 538390, 538831, 538859, 538868, 538875, 538879, 540545, 541483, 542035, 543626, 543751, 544187, 544194, 545035, 545561, 545582, 545601, 545980, 546235, 546521, 546743, 547004, 547344, 547383, 548026, 548404, 548788, 549149, 549152, 549326, 549374, 549377, 549687, 550685, 551849, 553604, 554500, 555480, 555624, 556259, 556326, 557756, 557810, 558446, 558674, 558987, 559793, 560104, 560977, 561348, 564606, 565127, 565220, 565325, 565962, 566003, 566331, 566683, 567347, 567434, 567588, 567855, 568065, 568812, 568940, 568952, 569032, 569773, 570220, 570883, 571112, 571370, 571433, 571571, 572362, 572578, 573310, 574080, 575767, 575840, 576525, 576991, 577400, 577604, 578146, 578298, 579409, 579603, 580294, 580311, 580965, 581012, 581384, 581406, 581747, 581877, 582105, 582109, 582168, 582648, 583214, 585073, 585490, 585583, 585614, 585814, 586077, 588579, 590465, 590652, 591354, 592271, 592866, 593438, 593443, 593524, 595680, 596090, 599156, 600343, 600877, 601148, 601348, 601590, 601682, 601693, 603054, 603145, 603488, 603623, 603666, 603923, 603983, 604149, 604251, 604416, 604531, 605356, 605749, 605760, 606230, 609193, 609763, 609958, 611439, 611838, 611937, 612001, 613695, 613797, 614575, 614830, 614838, 614847, 614866, 614905, 615151, 615165, 615169, 615479, 615819, 616300, 616612, 616669, 619457, 619795, 621083, 621547, 622225, 622242, 623568, 623700, 624741, 625333, 627505, 627797, 628130, 628907, 629252, 630396, 630634, 630963, 631063, 631186, 631915, 632282, 632363, 632366, 632417, 632463, 632871, 632881, 632906, 633001, 633020, 633219, 634067, 634071, 634119, 634202, 634292, 634333, 634349, 634894, 635367, 635463, 635768, 635961, 636120, 636572, 636793, 636797, 636871, 637400, 637933, 639526, 639897, 640761]
