10,3,[515021, 548181, 555815]
11,1,[4243]
15,4,[11734, 19391, 21460, 64134]
16,3,[10001, 34213, 34727]
17,1,[59378]
21,10,[6248, 8823, 16672, 19591, 24510, 25643, 29057, 31650, 32193, 33477]
24,1,[15405]
26,1,[57580]
27,2,[37659, 101964]
28,2,[5558, 11455]
30,3,[514852, 548006, 555637]
10,3,[515021, 548181, 555815]
11,1,[4243]
15,4,[11734, 19391, 21460, 64134]
16,3,[10001, 34213, 34727]
17,1,[59378]
21,10,[6248, 8823, 16672, 19591, 24510, 25643, 29057, 31650, 32193, 33477]
24,1,[15405]
26,1,[57580]
27,2,[37659, 101964]
28,2,[5558, 11455]
30,3,[514852, 548006, 555637]
