10,27,[5677, 106491, 106501, 106662, 116142, 129760, 151954, 153410, 163636, 176655, 225382, 290323, 407668, 434267, 511858, 530401, 539695, 540448, 540474, 540843, 541243, 546017, 547813, 599793, 626865, 626871, 635536]
11,13,[1124, 6138, 6897, 10115, 11241, 13436, 14233, 15566, 15876, 17256, 18440, 20064, 20069]
12,18,[1879, 3274, 3487, 4455, 7943, 8431, 9616, 9856, 10203, 10674, 12488, 12831, 13572, 13592, 15666, 16397, 19787, 19849]
14,2,[52353, 64601]
15,12,[4098, 4105, 17784, 39832, 100718, 104930, 115010, 124707, 132413, 138530, 143655, 148440]
16,1,[565]
17,30,[13497, 17083, 42503, 42536, 42542, 45777, 49771, 49861, 62981, 102636, 116085, 116098, 116296, 116302, 116676, 117186, 117827, 117834, 145176, 146265, 148369, 153377, 155162, 156742, 156763, 159656, 184915, 192908, 193069, 199203]
18,5,[2068, 6522, 39785, 46022, 86770]
19,1,[18700]
20,8,[21488, 30119, 39216, 46360, 49300, 50956, 60391, 62164]
21,1,[33762]
22,13,[864, 9420, 9563, 9566, 9569, 9571, 13694, 19338, 89902, 99745, 100433, 102297, 105078]
23,1,[18948]
24,6,[3819, 8697, 22258, 22868, 34090, 35492]
25,4,[50216, 52343, 96494, 111223]
26,8,[22233, 30966, 40158, 47365, 50344, 52012, 61687, 63501]
27,7,[6877, 8098, 20558, 21382, 51107, 51357, 108100]
28,1,[9069]
30,27,[5583, 106380, 106390, 106551, 116031, 129648, 151841, 153297, 163513, 176532, 225232, 290167, 407502, 434097, 511689, 530226, 539520, 540273, 540299, 540668, 541068, 545842, 547638, 599596, 626608, 626614, 635261]
10,27,[5677, 106491, 106501, 106662, 116142, 129760, 151954, 153410, 163636, 176655, 225382, 290323, 407668, 434267, 511858, 530401, 539695, 540448, 540474, 540843, 541243, 546017, 547813, 599793, 626865, 626871, 635536]
11,13,[1124, 6138, 6897, 10115, 11241, 13436, 14233, 15566, 15876, 17256, 18440, 20064, 20069]
12,18,[1879, 3274, 3487, 4455, 7943, 8431, 9616, 9856, 10203, 10674, 12488, 12831, 13572, 13592, 15666, 16397, 19787, 19849]
14,2,[52353, 64601]
15,12,[4098, 4105, 17784, 39832, 100718, 104930, 115010, 124707, 132413, 138530, 143655, 148440]
16,1,[565]
17,30,[13497, 17083, 42503, 42536, 42542, 45777, 49771, 49861, 62981, 102636, 116085, 116098, 116296, 116302, 116676, 117186, 117827, 117834, 145176, 146265, 148369, 153377, 155162, 156742, 156763, 159656, 184915, 192908, 193069, 199203]
18,5,[2068, 6522, 39785, 46022, 86770]
19,1,[18700]
20,8,[21488, 30119, 39216, 46360, 49300, 50956, 60391, 62164]
21,1,[33762]
22,13,[864, 9420, 9563, 9566, 9569, 9571, 13694, 19338, 89902, 99745, 100433, 102297, 105078]
23,1,[18948]
24,6,[3819, 8697, 22258, 22868, 34090, 35492]
25,4,[50216, 52343, 96494, 111223]
26,8,[22233, 30966, 40158, 47365, 50344, 52012, 61687, 63501]
27,7,[6877, 8098, 20558, 21382, 51107, 51357, 108100]
28,1,[9069]
30,27,[5583, 106380, 106390, 106551, 116031, 129648, 151841, 153297, 163513, 176532, 225232, 290167, 407502, 434097, 511689, 530226, 539520, 540273, 540299, 540668, 541068, 545842, 547638, 599596, 626608, 626614, 635261]
