10,53,[6423, 6738, 10075, 18188, 30346, 94162, 96077, 155780, 179378, 250587, 306859, 340477, 343532, 347278, 359798, 381460, 395117, 395133, 395145, 395158, 411686, 430390, 433609, 453320, 467498, 467555, 467662, 467733, 467745, 467990, 487067, 508033, 521750, 524846, 527661, 537346, 544592, 545030, 547078, 548227, 548439, 549298, 549754, 564620, 576627, 633424, 633563, 633801, 633997, 634325, 634847, 635956, 636823]
13,2,[1542, 4021]
15,21,[58277, 58637, 71835, 80271, 86020, 86069, 105554, 107159, 110055, 116065, 117388, 117573, 117755, 118883, 145399, 146916, 150490, 153122, 156072, 162476, 164507]
17,130,[343, 366, 1051, 3228, 3250, 3598, 3767, 4317, 5663, 5705, 5714, 5735, 5748, 5802, 5836, 5946, 5964, 6071, 6137, 7558, 7605, 7683, 7733, 7743, 7751, 7842, 7872, 7953, 7977, 8008, 8033, 8044, 8068, 8088, 8109, 8120, 8156, 8184, 8195, 8258, 8337, 8463, 8468, 8484, 8494, 8511, 8525, 8785, 8862, 9010, 9036, 9050, 9111, 9146, 9236, 9335, 9367, 9383, 9416, 9439, 9449, 9470, 9492, 9514, 9539, 9559, 9586, 9611, 9619, 9654, 9736, 10421, 10462, 10892, 11115, 11146, 11170, 11211, 11243, 11291, 11425, 11489, 11760, 11866, 12584, 13177, 13706, 13735, 13864, 14376, 16306, 21380, 22089, 22102, 24719, 37004, 38229, 47924, 47945, 48113, 48123, 48869, 75664, 77789, 84374, 93026, 100576, 101959, 102176, 114420, 115469, 115474, 115507, 117410, 117430, 119349, 137516, 140192, 154785, 154997, 155018, 157393, 160234, 164397, 180685, 196274, 209415, 209477, 212494, 213128]
18,1,[95975]
19,11,[1160, 2278, 2301, 3018, 3113, 14256, 21670, 24054, 25918, 25932, 25993]
20,23,[1938, 3694, 11903, 14987, 16942, 20792, 22763, 23243, 24110, 32154, 32627, 33525, 34924, 35658, 40004, 45562, 45565, 45974, 48919, 52427, 54953, 59086, 66134]
23,2,[4694, 10027]
24,1,[15660]
26,23,[2324, 4193, 12489, 15614, 17594, 21529, 23528, 24011, 24873, 33027, 33503, 34399, 35816, 36557, 40943, 46563, 46566, 46976, 49951, 53525, 56115, 60341, 67554]
27,12,[1269, 11826, 33075, 34144, 43705, 53964, 60934, 63439, 64369, 80648, 85605, 86854]
30,53,[6329, 6644, 9981, 18094, 30252, 94055, 95970, 155667, 179255, 250434, 306701, 340318, 343373, 347119, 359638, 381297, 394951, 394967, 394979, 394992, 411520, 430220, 433439, 453150, 467327, 467384, 467491, 467562, 467574, 467819, 486904, 507864, 521578, 524674, 527489, 537171, 544417, 544855, 546903, 548052, 548264, 549120, 549576, 564440, 576447, 633149, 633288, 633526, 633722, 634050, 634572, 635681, 636548]
10,53,[6423, 6738, 10075, 18188, 30346, 94162, 96077, 155780, 179378, 250587, 306859, 340477, 343532, 347278, 359798, 381460, 395117, 395133, 395145, 395158, 411686, 430390, 433609, 453320, 467498, 467555, 467662, 467733, 467745, 467990, 487067, 508033, 521750, 524846, 527661, 537346, 544592, 545030, 547078, 548227, 548439, 549298, 549754, 564620, 576627, 633424, 633563, 633801, 633997, 634325, 634847, 635956, 636823]
13,2,[1542, 4021]
15,21,[58277, 58637, 71835, 80271, 86020, 86069, 105554, 107159, 110055, 116065, 117388, 117573, 117755, 118883, 145399, 146916, 150490, 153122, 156072, 162476, 164507]
17,130,[343, 366, 1051, 3228, 3250, 3598, 3767, 4317, 5663, 5705, 5714, 5735, 5748, 5802, 5836, 5946, 5964, 6071, 6137, 7558, 7605, 7683, 7733, 7743, 7751, 7842, 7872, 7953, 7977, 8008, 8033, 8044, 8068, 8088, 8109, 8120, 8156, 8184, 8195, 8258, 8337, 8463, 8468, 8484, 8494, 8511, 8525, 8785, 8862, 9010, 9036, 9050, 9111, 9146, 9236, 9335, 9367, 9383, 9416, 9439, 9449, 9470, 9492, 9514, 9539, 9559, 9586, 9611, 9619, 9654, 9736, 10421, 10462, 10892, 11115, 11146, 11170, 11211, 11243, 11291, 11425, 11489, 11760, 11866, 12584, 13177, 13706, 13735, 13864, 14376, 16306, 21380, 22089, 22102, 24719, 37004, 38229, 47924, 47945, 48113, 48123, 48869, 75664, 77789, 84374, 93026, 100576, 101959, 102176, 114420, 115469, 115474, 115507, 117410, 117430, 119349, 137516, 140192, 154785, 154997, 155018, 157393, 160234, 164397, 180685, 196274, 209415, 209477, 212494, 213128]
18,1,[95975]
19,11,[1160, 2278, 2301, 3018, 3113, 14256, 21670, 24054, 25918, 25932, 25993]
20,23,[1938, 3694, 11903, 14987, 16942, 20792, 22763, 23243, 24110, 32154, 32627, 33525, 34924, 35658, 40004, 45562, 45565, 45974, 48919, 52427, 54953, 59086, 66134]
23,2,[4694, 10027]
24,1,[15660]
26,23,[2324, 4193, 12489, 15614, 17594, 21529, 23528, 24011, 24873, 33027, 33503, 34399, 35816, 36557, 40943, 46563, 46566, 46976, 49951, 53525, 56115, 60341, 67554]
27,12,[1269, 11826, 33075, 34144, 43705, 53964, 60934, 63439, 64369, 80648, 85605, 86854]
30,53,[6329, 6644, 9981, 18094, 30252, 94055, 95970, 155667, 179255, 250434, 306701, 340318, 343373, 347119, 359638, 381297, 394951, 394967, 394979, 394992, 411520, 430220, 433439, 453150, 467327, 467384, 467491, 467562, 467574, 467819, 486904, 507864, 521578, 524674, 527489, 537171, 544417, 544855, 546903, 548052, 548264, 549120, 549576, 564440, 576447, 633149, 633288, 633526, 633722, 634050, 634572, 635681, 636548]
