10,116,[7545, 28653, 34113, 40967, 93537, 111859, 180279, 208332, 260394, 306147, 316359, 328506, 328642, 335750, 335897, 338310, 339482, 386957, 418303, 429590, 467293, 482145, 500117, 509401, 509410, 527883, 527909, 527931, 528070, 528850, 544825, 548425, 548936, 550141, 550325, 550345, 550684, 551609, 551646, 551812, 551881, 552680, 552684, 553822, 554371, 554649, 555218, 555226, 556776, 557005, 557746, 558180, 558628, 558644, 558711, 560951, 561225, 563357, 563804, 563815, 565748, 566389, 566939, 569574, 569598, 570625, 570972, 571822, 572162, 572258, 573253, 573971, 574063, 574501, 574699, 575390, 576218, 576241, 576401, 576852, 577015, 577027, 577400, 577448, 577573, 577762, 580229, 583140, 584310, 584318, 586007, 586265, 586284, 589073, 589132, 589773, 589789, 590399, 592730, 597882, 598020, 600298, 604233, 604419, 606106, 613073, 613330, 614513, 615770, 617491, 618856, 618911, 622274, 624198, 629849, 630955]
11,1,[20911]
12,1,[10760]
14,1,[136246]
15,6,[37945, 55770, 55832, 97801, 98945, 112790]
16,9,[935, 1866, 3102, 3901, 19111, 27932, 28074, 36089, 36091]
17,45,[2057, 25226, 28438, 46833, 51527, 59845, 67069, 67677, 67987, 68798, 69449, 69481, 74956, 81004, 83575, 83595, 84138, 95920, 95951, 96983, 100126, 101138, 102497, 104140, 106326, 106364, 108133, 112136, 113737, 113863, 129022, 159044, 159061, 160040, 160050, 165947, 166131, 167036, 167101, 167333, 167362, 173568, 201988, 206854, 209379]
18,2,[9380, 105084]
21,1,[22546]
22,3,[65907, 65985, 66236]
23,4,[570, 2194, 15333, 25997]
24,6,[9454, 16230, 34587, 34754, 34758, 44111]
25,1,[130440]
27,8,[42597, 78401, 81696, 85726, 89504, 92751, 98657, 106786]
28,1,[7293]
30,116,[7451, 28559, 34015, 40869, 93430, 111748, 180156, 208190, 260238, 305989, 316200, 328347, 328483, 335591, 335738, 338151, 339323, 386794, 418137, 429423, 467122, 481979, 499948, 509232, 509241, 527711, 527737, 527759, 527895, 528675, 544650, 548250, 548761, 549963, 550147, 550167, 550506, 551431, 551468, 551634, 551703, 552502, 552506, 553644, 554193, 554471, 555040, 555048, 556598, 556827, 557568, 558002, 558450, 558466, 558533, 560773, 561047, 563179, 563626, 563637, 565568, 566209, 566759, 569394, 569418, 570445, 570792, 571642, 571982, 572078, 573073, 573791, 573883, 574321, 574519, 575210, 576038, 576061, 576221, 576672, 576835, 576847, 577220, 577268, 577393, 577582, 580049, 582960, 584130, 584138, 585822, 586080, 586099, 588888, 588947, 589588, 589604, 590214, 592539, 597691, 597829, 600101, 604031, 604217, 605899, 612844, 613101, 614279, 615531, 617248, 618604, 618659, 622022, 623944, 629586, 630684]
10,116,[7545, 28653, 34113, 40967, 93537, 111859, 180279, 208332, 260394, 306147, 316359, 328506, 328642, 335750, 335897, 338310, 339482, 386957, 418303, 429590, 467293, 482145, 500117, 509401, 509410, 527883, 527909, 527931, 528070, 528850, 544825, 548425, 548936, 550141, 550325, 550345, 550684, 551609, 551646, 551812, 551881, 552680, 552684, 553822, 554371, 554649, 555218, 555226, 556776, 557005, 557746, 558180, 558628, 558644, 558711, 560951, 561225, 563357, 563804, 563815, 565748, 566389, 566939, 569574, 569598, 570625, 570972, 571822, 572162, 572258, 573253, 573971, 574063, 574501, 574699, 575390, 576218, 576241, 576401, 576852, 577015, 577027, 577400, 577448, 577573, 577762, 580229, 583140, 584310, 584318, 586007, 586265, 586284, 589073, 589132, 589773, 589789, 590399, 592730, 597882, 598020, 600298, 604233, 604419, 606106, 613073, 613330, 614513, 615770, 617491, 618856, 618911, 622274, 624198, 629849, 630955]
11,1,[20911]
12,1,[10760]
14,1,[136246]
15,6,[37945, 55770, 55832, 97801, 98945, 112790]
16,9,[935, 1866, 3102, 3901, 19111, 27932, 28074, 36089, 36091]
17,45,[2057, 25226, 28438, 46833, 51527, 59845, 67069, 67677, 67987, 68798, 69449, 69481, 74956, 81004, 83575, 83595, 84138, 95920, 95951, 96983, 100126, 101138, 102497, 104140, 106326, 106364, 108133, 112136, 113737, 113863, 129022, 159044, 159061, 160040, 160050, 165947, 166131, 167036, 167101, 167333, 167362, 173568, 201988, 206854, 209379]
18,2,[9380, 105084]
21,1,[22546]
22,3,[65907, 65985, 66236]
23,4,[570, 2194, 15333, 25997]
24,6,[9454, 16230, 34587, 34754, 34758, 44111]
25,1,[130440]
27,8,[42597, 78401, 81696, 85726, 89504, 92751, 98657, 106786]
28,1,[7293]
30,116,[7451, 28559, 34015, 40869, 93430, 111748, 180156, 208190, 260238, 305989, 316200, 328347, 328483, 335591, 335738, 338151, 339323, 386794, 418137, 429423, 467122, 481979, 499948, 509232, 509241, 527711, 527737, 527759, 527895, 528675, 544650, 548250, 548761, 549963, 550147, 550167, 550506, 551431, 551468, 551634, 551703, 552502, 552506, 553644, 554193, 554471, 555040, 555048, 556598, 556827, 557568, 558002, 558450, 558466, 558533, 560773, 561047, 563179, 563626, 563637, 565568, 566209, 566759, 569394, 569418, 570445, 570792, 571642, 571982, 572078, 573073, 573791, 573883, 574321, 574519, 575210, 576038, 576061, 576221, 576672, 576835, 576847, 577220, 577268, 577393, 577582, 580049, 582960, 584130, 584138, 585822, 586080, 586099, 588888, 588947, 589588, 589604, 590214, 592539, 597691, 597829, 600101, 604031, 604217, 605899, 612844, 613101, 614279, 615531, 617248, 618604, 618659, 622022, 623944, 629586, 630684]
