10,49,[1859, 65497, 82523, 82538, 82684, 96967, 146016, 146040, 204902, 297978, 301664, 302095, 303360, 303429, 303467, 307290, 310259, 313798, 315218, 316971, 320755, 349656, 351379, 351513, 352331, 352368, 354679, 362367, 362648, 383958, 392812, 425759, 431024, 463465, 481898, 481917, 481931, 487277, 503192, 505381, 520458, 541610, 554508, 591679, 593841, 593844, 609491, 635604, 635632]
15,9,[1655, 15070, 16804, 17231, 43779, 53493, 110264, 110824, 112245]
20,2,[50701, 52778]
21,6,[392, 12110, 12121, 12156, 26700, 34600]
22,7,[30256, 33445, 33448, 33598, 40719, 132983, 155973]
26,2,[51753, 53877]
28,5,[167, 5767, 5788, 5806, 5875]
30,49,[1766, 65394, 82416, 82431, 82577, 96860, 145903, 145927, 204760, 297820, 301506, 301937, 303202, 303271, 303309, 307132, 310101, 313639, 315059, 316812, 320596, 349497, 351220, 351354, 352172, 352209, 354520, 362207, 362488, 383795, 392646, 425593, 430854, 463294, 481732, 481751, 481765, 487114, 503023, 505212, 520286, 541435, 554330, 591494, 593650, 593653, 609279, 635329, 635357]
10,49,[1859, 65497, 82523, 82538, 82684, 96967, 146016, 146040, 204902, 297978, 301664, 302095, 303360, 303429, 303467, 307290, 310259, 313798, 315218, 316971, 320755, 349656, 351379, 351513, 352331, 352368, 354679, 362367, 362648, 383958, 392812, 425759, 431024, 463465, 481898, 481917, 481931, 487277, 503192, 505381, 520458, 541610, 554508, 591679, 593841, 593844, 609491, 635604, 635632]
15,9,[1655, 15070, 16804, 17231, 43779, 53493, 110264, 110824, 112245]
20,2,[50701, 52778]
21,6,[392, 12110, 12121, 12156, 26700, 34600]
22,7,[30256, 33445, 33448, 33598, 40719, 132983, 155973]
26,2,[51753, 53877]
28,5,[167, 5767, 5788, 5806, 5875]
30,49,[1766, 65394, 82416, 82431, 82577, 96860, 145903, 145927, 204760, 297820, 301506, 301937, 303202, 303271, 303309, 307132, 310101, 313639, 315059, 316812, 320596, 349497, 351220, 351354, 352172, 352209, 354520, 362207, 362488, 383795, 392646, 425593, 430854, 463294, 481732, 481751, 481765, 487114, 503023, 505212, 520286, 541435, 554330, 591494, 593650, 593653, 609279, 635329, 635357]
