10,4,[49583, 49587, 57606, 57609]
12,5,[16069, 21231, 21237, 21242, 21254]
13,6,[1071, 1296, 1769, 1863, 3671, 3828]
14,1,[178468]
15,10,[12832, 14847, 29984, 53352, 53356, 53647, 53653, 96160, 157397, 161733]
16,32,[2626, 5069, 5112, 5127, 5243, 6316, 6526, 6590, 9542, 10134, 10339, 10924, 13273, 13425, 14033, 14074, 15044, 15844, 17182, 20505, 22582, 22587, 22629, 23987, 24639, 27578, 27678, 27711, 28251, 34323, 36213, 36221]
21,5,[10441, 10463, 10484, 14792, 14827]
22,26,[32877, 33289, 33358, 33799, 47759, 51478, 52841, 52954, 53594, 54201, 76261, 79653, 79663, 79665, 94316, 95739, 99145, 99179, 112756, 116893, 131713, 137974, 140597, 148483, 160957, 161704]
23,2,[29647, 29652]
24,2,[31322, 36926]
25,1,[171143]
27,17,[3174, 9824, 9893, 19151, 23298, 30062, 30720, 30734, 30774, 58886, 71427, 72418, 75593, 76676, 76693, 76697, 103347]
28,2,[10020, 10066]
30,4,[49485, 49489, 57507, 57510]
10,4,[49583, 49587, 57606, 57609]
12,5,[16069, 21231, 21237, 21242, 21254]
13,6,[1071, 1296, 1769, 1863, 3671, 3828]
14,1,[178468]
15,10,[12832, 14847, 29984, 53352, 53356, 53647, 53653, 96160, 157397, 161733]
16,32,[2626, 5069, 5112, 5127, 5243, 6316, 6526, 6590, 9542, 10134, 10339, 10924, 13273, 13425, 14033, 14074, 15044, 15844, 17182, 20505, 22582, 22587, 22629, 23987, 24639, 27578, 27678, 27711, 28251, 34323, 36213, 36221]
21,5,[10441, 10463, 10484, 14792, 14827]
22,26,[32877, 33289, 33358, 33799, 47759, 51478, 52841, 52954, 53594, 54201, 76261, 79653, 79663, 79665, 94316, 95739, 99145, 99179, 112756, 116893, 131713, 137974, 140597, 148483, 160957, 161704]
23,2,[29647, 29652]
24,2,[31322, 36926]
25,1,[171143]
27,17,[3174, 9824, 9893, 19151, 23298, 30062, 30720, 30734, 30774, 58886, 71427, 72418, 75593, 76676, 76693, 76697, 103347]
28,2,[10020, 10066]
30,4,[49485, 49489, 57507, 57510]
