10,12,[138899, 176067, 199540, 213104, 213621, 229928, 239495, 246741, 270158, 292401, 293041, 547421]
13,1,[285]
14,1,[75159]
15,13,[2795, 11083, 29798, 37774, 70677, 78680, 86184, 108055, 122068, 129162, 137094, 137997, 139481]
16,1,[837]
17,12,[11333, 55185, 77235, 81010, 102070, 129298, 139385, 151219, 151333, 154958, 156352, 157920]
18,3,[60581, 128686, 134738]
21,1,[26342]
23,4,[7412, 18545, 22385, 22390]
24,5,[701, 3990, 18911, 31171, 34500]
25,2,[46201, 71546]
27,10,[843, 9310, 9469, 30222, 36829, 47560, 88001, 89882, 91433, 95898]
28,1,[6857]
30,12,[138787, 175944, 199398, 212962, 213479, 229778, 239342, 246588, 270002, 292244, 292884, 547246]
10,12,[138899, 176067, 199540, 213104, 213621, 229928, 239495, 246741, 270158, 292401, 293041, 547421]
13,1,[285]
14,1,[75159]
15,13,[2795, 11083, 29798, 37774, 70677, 78680, 86184, 108055, 122068, 129162, 137094, 137997, 139481]
16,1,[837]
17,12,[11333, 55185, 77235, 81010, 102070, 129298, 139385, 151219, 151333, 154958, 156352, 157920]
18,3,[60581, 128686, 134738]
21,1,[26342]
23,4,[7412, 18545, 22385, 22390]
24,5,[701, 3990, 18911, 31171, 34500]
25,2,[46201, 71546]
27,10,[843, 9310, 9469, 30222, 36829, 47560, 88001, 89882, 91433, 95898]
28,1,[6857]
30,12,[138787, 175944, 199398, 212962, 213479, 229778, 239342, 246588, 270002, 292244, 292884, 547246]
