9,1,[1291]
10,3,[325411, 334296, 338332]
14,10,[14205, 14271, 65674, 126534, 131341, 132462, 143847, 167228, 176214, 187501]
18,10,[9724, 16567, 21449, 23194, 26473, 26581, 91837, 108758, 126497, 132251]
21,5,[5488, 13632, 19652, 21362, 30919]
22,4,[149322, 149324, 149333, 149348]
23,1,[26329]
25,9,[14167, 14257, 62324, 121248, 125689, 126750, 137890, 160306, 169113]
30,3,[325252, 334137, 338173]
9,1,[1291]
10,3,[325411, 334296, 338332]
14,10,[14205, 14271, 65674, 126534, 131341, 132462, 143847, 167228, 176214, 187501]
18,10,[9724, 16567, 21449, 23194, 26473, 26581, 91837, 108758, 126497, 132251]
21,5,[5488, 13632, 19652, 21362, 30919]
22,4,[149322, 149324, 149333, 149348]
23,1,[26329]
25,9,[14167, 14257, 62324, 121248, 125689, 126750, 137890, 160306, 169113]
30,3,[325252, 334137, 338173]
