6,2,[742, 781]
10,8,[9702, 29158, 62213, 218408, 264541, 416034, 592093, 617876]
11,4,[2263, 12749, 13454, 19802]
12,4,[3653, 5454, 8420, 8830]
14,1,[60772]
15,50,[992, 1694, 4132, 4843, 5132, 7798, 8942, 10616, 12642, 12651, 17882, 19251, 20063, 27286, 28878, 31481, 32604, 36496, 40911, 47143, 57802, 61259, 67605, 70775, 71389, 73925, 74028, 74391, 76721, 84397, 88131, 94848, 98962, 111493, 112361, 112581, 112686, 114343, 114726, 125438, 128808, 128817, 130891, 136109, 138702, 142232, 151462, 152593, 154232, 156419]
16,5,[1888, 2838, 5535, 7107, 27739]
17,3,[39925, 142475, 194234]
18,19,[4514, 15708, 34338, 35385, 39425, 57451, 58349, 72247, 77654, 79142, 80576, 82415, 87670, 93248, 95421, 105776, 126541, 134333, 142443]
20,13,[222, 1231, 1875, 5028, 6266, 8017, 15262, 32280, 34845, 38348, 54175, 58341, 59682]
21,2,[7501, 12643]
22,1,[5946]
23,6,[6672, 6889, 9482, 12695, 17737, 26964]
24,3,[5355, 10505, 26215]
25,1,[58340]
26,13,[586, 1595, 2254, 5543, 6784, 8538, 15896, 33153, 35735, 39291, 55340, 59532, 60966]
27,12,[7729, 19111, 25176, 35130, 59698, 59711, 76173, 82598, 99925, 100138, 102152, 102161]
30,8,[9608, 29064, 62110, 218268, 264385, 415868, 591902, 617629]
6,2,[742, 781]
10,8,[9702, 29158, 62213, 218408, 264541, 416034, 592093, 617876]
11,4,[2263, 12749, 13454, 19802]
12,4,[3653, 5454, 8420, 8830]
14,1,[60772]
15,50,[992, 1694, 4132, 4843, 5132, 7798, 8942, 10616, 12642, 12651, 17882, 19251, 20063, 27286, 28878, 31481, 32604, 36496, 40911, 47143, 57802, 61259, 67605, 70775, 71389, 73925, 74028, 74391, 76721, 84397, 88131, 94848, 98962, 111493, 112361, 112581, 112686, 114343, 114726, 125438, 128808, 128817, 130891, 136109, 138702, 142232, 151462, 152593, 154232, 156419]
16,5,[1888, 2838, 5535, 7107, 27739]
17,3,[39925, 142475, 194234]
18,19,[4514, 15708, 34338, 35385, 39425, 57451, 58349, 72247, 77654, 79142, 80576, 82415, 87670, 93248, 95421, 105776, 126541, 134333, 142443]
20,13,[222, 1231, 1875, 5028, 6266, 8017, 15262, 32280, 34845, 38348, 54175, 58341, 59682]
21,2,[7501, 12643]
22,1,[5946]
23,6,[6672, 6889, 9482, 12695, 17737, 26964]
24,3,[5355, 10505, 26215]
25,1,[58340]
26,13,[586, 1595, 2254, 5543, 6784, 8538, 15896, 33153, 35735, 39291, 55340, 59532, 60966]
27,12,[7729, 19111, 25176, 35130, 59698, 59711, 76173, 82598, 99925, 100138, 102152, 102161]
30,8,[9608, 29064, 62110, 218268, 264385, 415868, 591902, 617629]
