10,132,[14402, 19197, 39357, 40370, 50100, 59012, 61533, 64024, 64497, 71016, 74517, 74523, 74527, 74532, 82179, 82482, 83304, 86972, 91526, 96373, 99028, 99162, 99285, 99319, 99427, 99535, 99656, 99768, 99831, 99891, 99952, 100011, 100071, 100130, 100207, 100229, 100809, 106920, 108392, 113245, 117280, 117837, 124431, 130019, 131965, 136359, 136576, 138834, 142333, 142616, 148464, 148577, 149983, 149996, 152796, 158304, 158340, 158842, 160651, 161442, 162522, 163843, 174327, 186640, 190185, 191497, 191874, 202348, 202913, 203536, 208140, 208506, 208543, 208643, 209445, 211587, 228031, 228255, 235269, 240057, 248960, 260573, 260612, 264404, 265554, 270044, 273320, 277515, 277579, 278393, 286079, 286130, 287495, 287783, 297265, 315540, 327217, 361260, 373731, 376906, 382283, 382723, 382775, 383404, 383428, 383817, 383824, 384329, 384402, 388187, 391312, 415704, 434151, 434578, 434813, 434874, 435468, 449671, 470251, 475435, 488194, 504880, 505775, 512203, 512262, 517259, 542426, 548612, 582799, 600612, 602827, 627249]
14,1,[119060]
15,6,[25616, 38115, 60866, 72852, 147038, 161878]
16,3,[13930, 17780, 20078]
19,12,[640, 1580, 4213, 7217, 12503, 14508, 14715, 17871, 18485, 24838, 24841, 24978]
20,2,[23025, 33140]
21,4,[2992, 13458, 22352, 27883]
22,12,[1944, 1960, 1963, 1966, 1969, 11845, 27703, 32117, 68394, 69873, 116833, 128504]
23,1,[21584]
24,18,[527, 4824, 7512, 7817, 10811, 11136, 18598, 19145, 20128, 20211, 20510, 22669, 25987, 30510, 37233, 37825, 38522, 40468]
25,1,[114010]
26,2,[23795, 34018]
27,53,[3419, 4119, 4389, 4884, 6015, 7142, 7143, 8156, 12238, 12890, 21330, 25027, 27667, 33698, 33701, 38351, 40023, 41303, 52333, 54716, 58357, 64075, 64586, 64665, 64966, 67772, 69586, 70964, 72150, 75634, 75759, 78485, 78653, 79710, 80005, 80171, 80516, 81167, 81787, 82413, 83042, 84440, 87551, 89341, 90919, 94306, 94884, 95091, 95322, 96238, 103464, 106136, 108180]
30,132,[14308, 19103, 39259, 40272, 50002, 58909, 61430, 63921, 64394, 70913, 74414, 74420, 74424, 74429, 82072, 82375, 83197, 86865, 91419, 96266, 98921, 99055, 99178, 99212, 99320, 99428, 99549, 99661, 99724, 99784, 99845, 99904, 99964, 100023, 100100, 100122, 100702, 106809, 108281, 113134, 117169, 117726, 124320, 129907, 131853, 136247, 136464, 138722, 142221, 142504, 148351, 148464, 149870, 149883, 152683, 158191, 158227, 158729, 160537, 161328, 162399, 163720, 174204, 186508, 190053, 191365, 191742, 202206, 202771, 203394, 207998, 208364, 208401, 208501, 209303, 211445, 227881, 228105, 235119, 239904, 248807, 260417, 260456, 264248, 265398, 269888, 273164, 277360, 277424, 278238, 285923, 285974, 287339, 287627, 297107, 315381, 327058, 361100, 373568, 376743, 382120, 382560, 382612, 383241, 383265, 383654, 383661, 384166, 384239, 388024, 391149, 415538, 433981, 434408, 434643, 434704, 435298, 449501, 470080, 475265, 488032, 504711, 505606, 512034, 512093, 517087, 542251, 548437, 582619, 600415, 602630, 626989]
10,132,[14402, 19197, 39357, 40370, 50100, 59012, 61533, 64024, 64497, 71016, 74517, 74523, 74527, 74532, 82179, 82482, 83304, 86972, 91526, 96373, 99028, 99162, 99285, 99319, 99427, 99535, 99656, 99768, 99831, 99891, 99952, 100011, 100071, 100130, 100207, 100229, 100809, 106920, 108392, 113245, 117280, 117837, 124431, 130019, 131965, 136359, 136576, 138834, 142333, 142616, 148464, 148577, 149983, 149996, 152796, 158304, 158340, 158842, 160651, 161442, 162522, 163843, 174327, 186640, 190185, 191497, 191874, 202348, 202913, 203536, 208140, 208506, 208543, 208643, 209445, 211587, 228031, 228255, 235269, 240057, 248960, 260573, 260612, 264404, 265554, 270044, 273320, 277515, 277579, 278393, 286079, 286130, 287495, 287783, 297265, 315540, 327217, 361260, 373731, 376906, 382283, 382723, 382775, 383404, 383428, 383817, 383824, 384329, 384402, 388187, 391312, 415704, 434151, 434578, 434813, 434874, 435468, 449671, 470251, 475435, 488194, 504880, 505775, 512203, 512262, 517259, 542426, 548612, 582799, 600612, 602827, 627249]
14,1,[119060]
15,6,[25616, 38115, 60866, 72852, 147038, 161878]
16,3,[13930, 17780, 20078]
19,12,[640, 1580, 4213, 7217, 12503, 14508, 14715, 17871, 18485, 24838, 24841, 24978]
20,2,[23025, 33140]
21,4,[2992, 13458, 22352, 27883]
22,12,[1944, 1960, 1963, 1966, 1969, 11845, 27703, 32117, 68394, 69873, 116833, 128504]
23,1,[21584]
24,18,[527, 4824, 7512, 7817, 10811, 11136, 18598, 19145, 20128, 20211, 20510, 22669, 25987, 30510, 37233, 37825, 38522, 40468]
25,1,[114010]
26,2,[23795, 34018]
27,53,[3419, 4119, 4389, 4884, 6015, 7142, 7143, 8156, 12238, 12890, 21330, 25027, 27667, 33698, 33701, 38351, 40023, 41303, 52333, 54716, 58357, 64075, 64586, 64665, 64966, 67772, 69586, 70964, 72150, 75634, 75759, 78485, 78653, 79710, 80005, 80171, 80516, 81167, 81787, 82413, 83042, 84440, 87551, 89341, 90919, 94306, 94884, 95091, 95322, 96238, 103464, 106136, 108180]
30,132,[14308, 19103, 39259, 40272, 50002, 58909, 61430, 63921, 64394, 70913, 74414, 74420, 74424, 74429, 82072, 82375, 83197, 86865, 91419, 96266, 98921, 99055, 99178, 99212, 99320, 99428, 99549, 99661, 99724, 99784, 99845, 99904, 99964, 100023, 100100, 100122, 100702, 106809, 108281, 113134, 117169, 117726, 124320, 129907, 131853, 136247, 136464, 138722, 142221, 142504, 148351, 148464, 149870, 149883, 152683, 158191, 158227, 158729, 160537, 161328, 162399, 163720, 174204, 186508, 190053, 191365, 191742, 202206, 202771, 203394, 207998, 208364, 208401, 208501, 209303, 211445, 227881, 228105, 235119, 239904, 248807, 260417, 260456, 264248, 265398, 269888, 273164, 277360, 277424, 278238, 285923, 285974, 287339, 287627, 297107, 315381, 327058, 361100, 373568, 376743, 382120, 382560, 382612, 383241, 383265, 383654, 383661, 384166, 384239, 388024, 391149, 415538, 433981, 434408, 434643, 434704, 435298, 449501, 470080, 475265, 488032, 504711, 505606, 512034, 512093, 517087, 542251, 548437, 582619, 600415, 602630, 626989]
