10,44,[26270, 52366, 107336, 189183, 210953, 219865, 228692, 274674, 281839, 295531, 408416, 500440, 500526, 505120, 505482, 507425, 518355, 518383, 518624, 520095, 520564, 521143, 531775, 532150, 533732, 535309, 535332, 535449, 535479, 535561, 536612, 538543, 551631, 551761, 562988, 563110, 573820, 575652, 576119, 579211, 581781, 583553, 603045, 613757]
17,2,[97156, 113762]
19,1,[7773]
20,4,[5924, 27996, 34755, 49251]
21,7,[13067, 15564, 25297, 26173, 29071, 30942, 32032]
26,6,[6442, 28829, 35644, 50295, 56423, 64981]
30,44,[26176, 52268, 107225, 189051, 210811, 219715, 228542, 274518, 281684, 295374, 408250, 500271, 500357, 504951, 505313, 507256, 518183, 518211, 518452, 519923, 520392, 520971, 531600, 531975, 533557, 535134, 535157, 535274, 535304, 535386, 536437, 538368, 551453, 551583, 562810, 562932, 573640, 575472, 575939, 579031, 581601, 583373, 602848, 613523]
10,44,[26270, 52366, 107336, 189183, 210953, 219865, 228692, 274674, 281839, 295531, 408416, 500440, 500526, 505120, 505482, 507425, 518355, 518383, 518624, 520095, 520564, 521143, 531775, 532150, 533732, 535309, 535332, 535449, 535479, 535561, 536612, 538543, 551631, 551761, 562988, 563110, 573820, 575652, 576119, 579211, 581781, 583553, 603045, 613757]
17,2,[97156, 113762]
19,1,[7773]
20,4,[5924, 27996, 34755, 49251]
21,7,[13067, 15564, 25297, 26173, 29071, 30942, 32032]
26,6,[6442, 28829, 35644, 50295, 56423, 64981]
30,44,[26176, 52268, 107225, 189051, 210811, 219715, 228542, 274518, 281684, 295374, 408250, 500271, 500357, 504951, 505313, 507256, 518183, 518211, 518452, 519923, 520392, 520971, 531600, 531975, 533557, 535134, 535157, 535274, 535304, 535386, 536437, 538368, 551453, 551583, 562810, 562932, 573640, 575472, 575939, 579031, 581601, 583373, 602848, 613523]
