10,14,[208796, 223164, 228448, 255650, 260865, 390954, 390965, 551592, 591518, 597993, 599266, 601385, 604972, 629193]
15,8,[42789, 44607, 70311, 102810, 121069, 127979, 139533, 139943]
17,6,[108585, 108624, 117021, 132009, 204462, 215398]
18,2,[61816, 90290]
21,4,[2239, 13633, 24431, 29401]
26,4,[16388, 25518, 25971, 42502]
27,3,[47885, 68926, 76838]
30,14,[208654, 223014, 228298, 255497, 260709, 390791, 390802, 551414, 591333, 597802, 599069, 601188, 604770, 628930]
10,14,[208796, 223164, 228448, 255650, 260865, 390954, 390965, 551592, 591518, 597993, 599266, 601385, 604972, 629193]
15,8,[42789, 44607, 70311, 102810, 121069, 127979, 139533, 139943]
17,6,[108585, 108624, 117021, 132009, 204462, 215398]
18,2,[61816, 90290]
21,4,[2239, 13633, 24431, 29401]
26,4,[16388, 25518, 25971, 42502]
27,3,[47885, 68926, 76838]
30,14,[208654, 223014, 228298, 255497, 260709, 390791, 390802, 551414, 591333, 597802, 599069, 601188, 604770, 628930]
