10,16,[8354, 12175, 14983, 14985, 17981, 18930, 19204, 19221, 19266, 19648, 300091, 308813, 361313, 364864, 417470, 608593]
17,5,[31912, 67577, 118943, 122966, 216770]
18,1,[6006]
20,7,[8564, 11271, 14437, 17797, 19674, 22550, 51641]
22,2,[31545, 31555]
23,2,[14382, 17552]
26,8,[9100, 11844, 15036, 18475, 20383, 23313, 52716, 63476]
27,2,[43852, 86646]
30,16,[8260, 12081, 14889, 14891, 17887, 18836, 19110, 19127, 19172, 19554, 299933, 308655, 361153, 364701, 417304, 608381]
10,16,[8354, 12175, 14983, 14985, 17981, 18930, 19204, 19221, 19266, 19648, 300091, 308813, 361313, 364864, 417470, 608593]
17,5,[31912, 67577, 118943, 122966, 216770]
18,1,[6006]
20,7,[8564, 11271, 14437, 17797, 19674, 22550, 51641]
22,2,[31545, 31555]
23,2,[14382, 17552]
26,8,[9100, 11844, 15036, 18475, 20383, 23313, 52716, 63476]
27,2,[43852, 86646]
30,16,[8260, 12081, 14889, 14891, 17887, 18836, 19110, 19127, 19172, 19554, 299933, 308655, 361153, 364701, 417304, 608381]
