10,28,[12419, 46112, 109723, 110974, 115507, 153369, 153632, 194132, 223409, 308642, 351923, 378480, 499632, 501493, 505900, 505975, 505991, 521036, 524800, 538906, 539151, 545496, 573777, 609190, 609192, 609195, 610521, 628391]
12,2,[2657, 2669]
13,1,[1947]
15,14,[34101, 49618, 49644, 95521, 97271, 97320, 97893, 143280, 143281, 144759, 144768, 144770, 144791, 158828]
17,3,[57189, 179042, 197481]
18,1,[147780]
19,1,[3463]
20,7,[19738, 24225, 33970, 34341, 37622, 42197, 44409]
22,4,[66278, 99051, 99084, 146971]
26,6,[20452, 24992, 34848, 35226, 38539, 43131]
28,2,[2579, 3814]
30,28,[12325, 46014, 109612, 110863, 115396, 153256, 153519, 194000, 223259, 308484, 351764, 378317, 499463, 501324, 505731, 505806, 505822, 520864, 524628, 538731, 538976, 545321, 573597, 608978, 608980, 608983, 610304, 628131]
10,28,[12419, 46112, 109723, 110974, 115507, 153369, 153632, 194132, 223409, 308642, 351923, 378480, 499632, 501493, 505900, 505975, 505991, 521036, 524800, 538906, 539151, 545496, 573777, 609190, 609192, 609195, 610521, 628391]
12,2,[2657, 2669]
13,1,[1947]
15,14,[34101, 49618, 49644, 95521, 97271, 97320, 97893, 143280, 143281, 144759, 144768, 144770, 144791, 158828]
17,3,[57189, 179042, 197481]
18,1,[147780]
19,1,[3463]
20,7,[19738, 24225, 33970, 34341, 37622, 42197, 44409]
22,4,[66278, 99051, 99084, 146971]
26,6,[20452, 24992, 34848, 35226, 38539, 43131]
28,2,[2579, 3814]
30,28,[12325, 46014, 109612, 110863, 115396, 153256, 153519, 194000, 223259, 308484, 351764, 378317, 499463, 501324, 505731, 505806, 505822, 520864, 524628, 538731, 538976, 545321, 573597, 608978, 608980, 608983, 610304, 628131]
