10,2,[320220, 481956]
12,1,[8082]
15,20,[17572, 22140, 44824, 52378, 55927, 68809, 81725, 85961, 93956, 119981, 150569, 150754, 155713, 155867, 156889, 157169, 165826, 165879, 173189, 173471]
20,1,[1411]
22,1,[45048]
26,1,[1784]
30,2,[320061, 481790]
10,2,[320220, 481956]
12,1,[8082]
15,20,[17572, 22140, 44824, 52378, 55927, 68809, 81725, 85961, 93956, 119981, 150569, 150754, 155713, 155867, 156889, 157169, 165826, 165879, 173189, 173471]
20,1,[1411]
22,1,[45048]
26,1,[1784]
30,2,[320061, 481790]
