10,25,[7625, 24637, 24680, 67258, 67277, 68429, 68443, 114913, 196883, 334787, 360163, 361509, 376463, 395153, 395960, 399928, 400043, 454606, 465680, 500249, 504041, 536953, 584861, 598439, 624379]
11,10,[3357, 3406, 3810, 4214, 4592, 4610, 6265, 14748, 17867, 18051]
12,4,[8146, 8153, 21712, 22567]
14,2,[42969, 134257]
15,11,[28084, 58622, 72437, 106236, 130293, 148038, 162197, 162840, 165232, 165234, 165246]
16,10,[8202, 8227, 8379, 8394, 13242, 17105, 20733, 21222, 28156, 28170]
19,24,[2217, 2921, 4188, 7431, 7549, 8320, 9752, 11043, 12814, 14914, 14945, 15053, 15211, 15223, 15262, 15442, 15589, 15639, 20003, 20022, 20075, 20245, 24374, 25422]
20,12,[7951, 17876, 20264, 20329, 22729, 23971, 28837, 36865, 39869, 41423, 41512, 57612]
21,34,[342, 1238, 1257, 1769, 5903, 6100, 7555, 7672, 8234, 8268, 11044, 11049, 11122, 11192, 11220, 12562, 13801, 17100, 20344, 20352, 24532, 24552, 25410, 27541, 27548, 27780, 27786, 27870, 27873, 27907, 32399, 34612, 34707, 35555]
22,5,[2723, 53391, 71749, 101503, 115609]
23,1,[9133]
24,17,[5361, 5955, 6047, 6068, 6219, 6276, 6296, 6318, 6503, 6602, 6741, 7068, 19052, 19194, 19237, 20760, 27086]
25,2,[41246, 128509]
26,12,[8472, 18554, 20990, 21055, 23493, 24734, 29670, 37777, 40807, 42359, 42450, 58782]
27,9,[1402, 8457, 11465, 11497, 12482, 27350, 33567, 53888, 63246]
28,15,[90, 142, 254, 3305, 3323, 3792, 3807, 3841, 4888, 5265, 5277, 5294, 5336, 7682, 7763]
30,25,[7531, 24543, 24586, 67155, 67174, 68326, 68340, 114802, 196751, 334628, 360003, 361349, 376300, 394987, 395794, 399762, 399877, 454436, 465509, 500080, 503872, 536778, 584676, 598248, 624125]
10,25,[7625, 24637, 24680, 67258, 67277, 68429, 68443, 114913, 196883, 334787, 360163, 361509, 376463, 395153, 395960, 399928, 400043, 454606, 465680, 500249, 504041, 536953, 584861, 598439, 624379]
11,10,[3357, 3406, 3810, 4214, 4592, 4610, 6265, 14748, 17867, 18051]
12,4,[8146, 8153, 21712, 22567]
14,2,[42969, 134257]
15,11,[28084, 58622, 72437, 106236, 130293, 148038, 162197, 162840, 165232, 165234, 165246]
16,10,[8202, 8227, 8379, 8394, 13242, 17105, 20733, 21222, 28156, 28170]
19,24,[2217, 2921, 4188, 7431, 7549, 8320, 9752, 11043, 12814, 14914, 14945, 15053, 15211, 15223, 15262, 15442, 15589, 15639, 20003, 20022, 20075, 20245, 24374, 25422]
20,12,[7951, 17876, 20264, 20329, 22729, 23971, 28837, 36865, 39869, 41423, 41512, 57612]
21,34,[342, 1238, 1257, 1769, 5903, 6100, 7555, 7672, 8234, 8268, 11044, 11049, 11122, 11192, 11220, 12562, 13801, 17100, 20344, 20352, 24532, 24552, 25410, 27541, 27548, 27780, 27786, 27870, 27873, 27907, 32399, 34612, 34707, 35555]
22,5,[2723, 53391, 71749, 101503, 115609]
23,1,[9133]
24,17,[5361, 5955, 6047, 6068, 6219, 6276, 6296, 6318, 6503, 6602, 6741, 7068, 19052, 19194, 19237, 20760, 27086]
25,2,[41246, 128509]
26,12,[8472, 18554, 20990, 21055, 23493, 24734, 29670, 37777, 40807, 42359, 42450, 58782]
27,9,[1402, 8457, 11465, 11497, 12482, 27350, 33567, 53888, 63246]
28,15,[90, 142, 254, 3305, 3323, 3792, 3807, 3841, 4888, 5265, 5277, 5294, 5336, 7682, 7763]
30,25,[7531, 24543, 24586, 67155, 67174, 68326, 68340, 114802, 196751, 334628, 360003, 361349, 376300, 394987, 395794, 399762, 399877, 454436, 465509, 500080, 503872, 536778, 584676, 598248, 624125]
