14,436,[823, 1721, 2115, 2960, 2991, 4002, 4018, 4884, 4900, 5879, 5895, 6503, 6519, 7238, 7254, 7960, 7976, 9286, 9302, 10538, 10555, 11469, 11485, 12738, 12754, 13729, 13745, 14663, 14679, 15432, 15448, 16414, 16430, 17302, 17318, 18187, 18203, 19221, 19237, 20007, 20024, 20783, 20799, 21469, 21485, 22186, 22202, 23198, 23214, 24170, 24186, 25551, 25567, 26085, 26101, 26847, 26863, 28001, 28017, 28768, 28784, 29695, 29711, 30471, 30487, 31416, 31432, 32259, 32275, 33240, 33256, 34051, 34067, 34685, 34701, 35560, 35577, 36441, 36457, 37527, 37543, 38701, 38717, 39181, 39197, 39644, 39661, 40674, 40690, 41473, 41489, 42326, 42342, 43143, 43159, 44035, 44051, 45050, 45066, 46216, 46233, 47264, 47281, 48225, 48241, 48915, 48931, 49605, 49621, 50614, 50630, 51715, 51732, 52907, 52923, 54028, 54044, 54886, 54902, 55966, 55982, 56619, 56635, 57248, 57264, 58120, 58137, 59201, 59217, 60471, 60487, 61139, 61155, 61939, 61955, 62753, 62769, 63638, 63654, 64122, 64138, 65223, 65239, 66267, 66283, 67096, 67112, 67908, 67924, 68924, 68940, 69554, 69570, 70330, 70346, 71110, 71126, 71717, 71733, 72715, 72731, 73183, 73199, 73964, 73980, 74819, 74835, 75745, 75761, 76741, 76757, 77783, 77799, 79010, 79026, 79977, 79993, 80869, 80885, 82471, 82487, 83632, 83648, 84801, 84817, 85921, 85937, 87035, 87051, 88269, 88285, 89381, 89397, 90297, 90313, 91359, 91375, 92660, 92676, 93545, 93561, 94578, 94594, 95570, 95586, 96243, 96259, 97109, 97125, 98082, 98098, 98837, 98853, 99687, 99703, 101096, 101112, 101904, 101920, 102874, 102890, 103712, 103728, 104333, 104349, 105160, 105176, 105814, 105830, 106787, 106803, 107638, 107654, 108926, 108942, 109688, 109704, 110436, 110452, 111189, 111205, 111800, 111816, 112444, 112460, 113202, 113218, 114045, 114061, 114870, 114886, 115442, 115458, 116616, 116632, 117459, 117475, 118088, 118104, 118808, 118824, 119375, 119391, 120288, 120304, 121074, 121090, 121805, 121822, 122582, 122598, 123487, 123503, 124519, 124535, 125390, 125406, 126000, 126016, 126969, 126985, 128152, 128168, 128987, 129003, 129872, 129888, 130494, 130510, 131057, 131073, 131690, 131706, 132712, 132728, 133408, 133424, 134656, 134672, 135886, 135903, 136997, 137013, 137916, 137933, 138982, 138998, 140091, 140107, 141264, 141280, 141791, 141807, 143008, 143024, 144087, 144103, 144808, 144824, 145439, 145455, 146176, 146192, 147171, 147187, 147941, 147958, 148496, 148512, 149146, 149162, 149798, 149814, 150387, 150403, 151022, 151038, 151722, 151738, 152614, 152630, 153484, 153500, 154342, 154358, 155069, 155085, 155805, 155821, 156628, 156644, 157374, 157390, 158281, 158298, 159931, 159947, 161464, 161480, 162809, 162826, 163814, 163830, 164714, 164730, 165690, 165706, 166022, 166038, 166757, 166773, 167739, 167755, 168818, 168834, 169878, 169895, 170859, 170875, 171971, 171987, 172769, 172785, 173281, 173297, 173876, 173892, 174842, 174858, 175777, 175793, 176764, 176780, 177300, 177316, 177797, 177813, 178706, 178722, 179596, 179612, 181088, 181104, 182254, 182270, 183131, 183147, 184338, 184354, 185335, 185351, 186320, 186336, 187195, 187966, 187982, 188459, 188475, 188954, 188970, 189749, 189760, 190208, 190224, 191073, 191089, 191818, 191834, 193098, 193115, 193989, 194005, 194715, 194731, 195508, 195525]
20,1,[60742]
25,432,[1004, 2027, 2419, 3374, 3402, 4366, 4379, 5268, 5281, 6208, 6221, 6761, 6774, 7454, 7468, 8204, 8217, 9548, 9561, 10722, 10736, 11607, 11620, 12808, 12821, 13723, 13736, 14636, 14649, 15354, 15367, 16232, 16245, 17060, 17073, 17842, 17855, 18807, 18820, 19532, 19545, 20411, 20424, 21036, 21049, 21711, 21724, 22650, 22663, 23517, 23530, 24817, 24830, 25301, 25314, 25997, 26010, 27124, 27137, 27845, 27858, 28709, 28722, 29485, 29498, 30352, 30365, 31142, 31155, 32082, 32095, 32837, 32850, 33403, 33416, 34203, 34217, 35078, 35091, 36136, 36149, 37269, 37282, 37699, 37712, 38100, 38114, 39110, 39123, 39872, 39885, 40674, 40687, 41391, 41404, 42230, 42243, 43231, 43244, 44345, 44359, 45418, 45432, 46344, 46357, 47003, 47016, 47662, 47675, 48611, 48624, 49610, 49624, 50737, 50750, 51870, 51883, 52702, 52716, 53635, 53648, 54237, 54250, 54882, 54895, 55747, 55761, 56857, 56870, 58065, 58078, 58676, 58689, 59509, 59522, 60311, 60324, 61139, 61152, 61711, 61724, 63287, 63300, 64013, 64026, 64726, 64739, 65703, 65716, 66368, 66381, 67095, 67108, 67818, 67831, 68374, 68387, 69265, 69278, 69675, 69688, 70402, 70415, 71227, 71240, 72131, 72144, 73154, 73167, 74152, 74165, 75415, 75428, 76357, 76370, 77182, 77195, 78757, 78770, 79910, 79923, 81138, 81151, 82284, 82297, 83345, 83358, 84593, 84606, 85677, 85690, 86561, 86574, 87535, 87548, 88760, 88773, 89577, 89590, 90611, 90624, 91529, 91542, 92187, 92200, 93007, 93020, 93984, 93997, 94758, 94771, 95547, 95560, 96978, 96991, 97742, 97755, 98726, 98739, 99599, 99612, 100152, 100165, 100912, 100925, 101493, 101506, 102409, 102422, 103215, 103228, 104406, 104419, 105103, 105116, 105984, 105997, 106678, 106691, 107215, 107228, 107791, 107804, 108493, 108506, 109303, 109316, 110020, 110033, 110533, 110546, 111660, 111673, 112429, 112442, 112997, 113010, 113771, 113784, 114323, 114336, 115205, 115218, 115983, 115996, 116736, 116750, 117418, 117431, 118339, 118352, 119303, 119316, 120094, 120107, 120714, 120727, 121648, 121661, 122715, 122728, 123504, 123518, 124360, 124373, 124914, 124927, 125415, 125428, 126005, 126018, 126975, 126988, 127708, 127721, 128884, 128897, 130112, 130126, 131170, 131183, 132062, 132075, 133043, 133056, 134254, 134267, 135382, 135395, 135841, 135854, 137075, 137088, 138122, 138135, 138804, 138817, 139381, 139394, 140088, 140101, 141129, 141142, 141913, 141927, 142416, 142429, 143025, 143038, 143623, 143636, 144165, 144178, 144754, 144767, 145380, 145393, 146244, 146257, 147003, 147016, 147801, 147814, 148479, 148492, 149190, 149203, 149960, 149973, 150653, 150666, 151552, 151566, 153037, 153050, 154720, 154733, 156008, 156021, 156983, 156996, 157862, 157875, 158824, 158837, 159121, 159134, 159792, 159805, 160815, 160828, 161877, 161890, 162938, 162951, 163872, 163885, 165123, 165136, 165903, 165916, 166346, 166359, 166887, 166900, 167793, 167806, 168672, 168685, 169622, 169635, 170093, 170106, 170517, 170530, 171362, 171375, 172197, 172210, 173672, 173685, 174816, 174829, 175662, 175675, 176805, 176818, 177758, 177771, 178694, 178707, 179479, 180218, 180231, 180722, 180735, 181168, 181181, 181965, 181974, 182495, 182508, 183760, 183773, 184953, 184966, 185829, 185842, 186537, 186550, 187283, 187297]
26,1,[62040]
27,1,[8507]
28,1,[1199]
14,436,[823, 1721, 2115, 2960, 2991, 4002, 4018, 4884, 4900, 5879, 5895, 6503, 6519, 7238, 7254, 7960, 7976, 9286, 9302, 10538, 10555, 11469, 11485, 12738, 12754, 13729, 13745, 14663, 14679, 15432, 15448, 16414, 16430, 17302, 17318, 18187, 18203, 19221, 19237, 20007, 20024, 20783, 20799, 21469, 21485, 22186, 22202, 23198, 23214, 24170, 24186, 25551, 25567, 26085, 26101, 26847, 26863, 28001, 28017, 28768, 28784, 29695, 29711, 30471, 30487, 31416, 31432, 32259, 32275, 33240, 33256, 34051, 34067, 34685, 34701, 35560, 35577, 36441, 36457, 37527, 37543, 38701, 38717, 39181, 39197, 39644, 39661, 40674, 40690, 41473, 41489, 42326, 42342, 43143, 43159, 44035, 44051, 45050, 45066, 46216, 46233, 47264, 47281, 48225, 48241, 48915, 48931, 49605, 49621, 50614, 50630, 51715, 51732, 52907, 52923, 54028, 54044, 54886, 54902, 55966, 55982, 56619, 56635, 57248, 57264, 58120, 58137, 59201, 59217, 60471, 60487, 61139, 61155, 61939, 61955, 62753, 62769, 63638, 63654, 64122, 64138, 65223, 65239, 66267, 66283, 67096, 67112, 67908, 67924, 68924, 68940, 69554, 69570, 70330, 70346, 71110, 71126, 71717, 71733, 72715, 72731, 73183, 73199, 73964, 73980, 74819, 74835, 75745, 75761, 76741, 76757, 77783, 77799, 79010, 79026, 79977, 79993, 80869, 80885, 82471, 82487, 83632, 83648, 84801, 84817, 85921, 85937, 87035, 87051, 88269, 88285, 89381, 89397, 90297, 90313, 91359, 91375, 92660, 92676, 93545, 93561, 94578, 94594, 95570, 95586, 96243, 96259, 97109, 97125, 98082, 98098, 98837, 98853, 99687, 99703, 101096, 101112, 101904, 101920, 102874, 102890, 103712, 103728, 104333, 104349, 105160, 105176, 105814, 105830, 106787, 106803, 107638, 107654, 108926, 108942, 109688, 109704, 110436, 110452, 111189, 111205, 111800, 111816, 112444, 112460, 113202, 113218, 114045, 114061, 114870, 114886, 115442, 115458, 116616, 116632, 117459, 117475, 118088, 118104, 118808, 118824, 119375, 119391, 120288, 120304, 121074, 121090, 121805, 121822, 122582, 122598, 123487, 123503, 124519, 124535, 125390, 125406, 126000, 126016, 126969, 126985, 128152, 128168, 128987, 129003, 129872, 129888, 130494, 130510, 131057, 131073, 131690, 131706, 132712, 132728, 133408, 133424, 134656, 134672, 135886, 135903, 136997, 137013, 137916, 137933, 138982, 138998, 140091, 140107, 141264, 141280, 141791, 141807, 143008, 143024, 144087, 144103, 144808, 144824, 145439, 145455, 146176, 146192, 147171, 147187, 147941, 147958, 148496, 148512, 149146, 149162, 149798, 149814, 150387, 150403, 151022, 151038, 151722, 151738, 152614, 152630, 153484, 153500, 154342, 154358, 155069, 155085, 155805, 155821, 156628, 156644, 157374, 157390, 158281, 158298, 159931, 159947, 161464, 161480, 162809, 162826, 163814, 163830, 164714, 164730, 165690, 165706, 166022, 166038, 166757, 166773, 167739, 167755, 168818, 168834, 169878, 169895, 170859, 170875, 171971, 171987, 172769, 172785, 173281, 173297, 173876, 173892, 174842, 174858, 175777, 175793, 176764, 176780, 177300, 177316, 177797, 177813, 178706, 178722, 179596, 179612, 181088, 181104, 182254, 182270, 183131, 183147, 184338, 184354, 185335, 185351, 186320, 186336, 187195, 187966, 187982, 188459, 188475, 188954, 188970, 189749, 189760, 190208, 190224, 191073, 191089, 191818, 191834, 193098, 193115, 193989, 194005, 194715, 194731, 195508, 195525]
20,1,[60742]
25,432,[1004, 2027, 2419, 3374, 3402, 4366, 4379, 5268, 5281, 6208, 6221, 6761, 6774, 7454, 7468, 8204, 8217, 9548, 9561, 10722, 10736, 11607, 11620, 12808, 12821, 13723, 13736, 14636, 14649, 15354, 15367, 16232, 16245, 17060, 17073, 17842, 17855, 18807, 18820, 19532, 19545, 20411, 20424, 21036, 21049, 21711, 21724, 22650, 22663, 23517, 23530, 24817, 24830, 25301, 25314, 25997, 26010, 27124, 27137, 27845, 27858, 28709, 28722, 29485, 29498, 30352, 30365, 31142, 31155, 32082, 32095, 32837, 32850, 33403, 33416, 34203, 34217, 35078, 35091, 36136, 36149, 37269, 37282, 37699, 37712, 38100, 38114, 39110, 39123, 39872, 39885, 40674, 40687, 41391, 41404, 42230, 42243, 43231, 43244, 44345, 44359, 45418, 45432, 46344, 46357, 47003, 47016, 47662, 47675, 48611, 48624, 49610, 49624, 50737, 50750, 51870, 51883, 52702, 52716, 53635, 53648, 54237, 54250, 54882, 54895, 55747, 55761, 56857, 56870, 58065, 58078, 58676, 58689, 59509, 59522, 60311, 60324, 61139, 61152, 61711, 61724, 63287, 63300, 64013, 64026, 64726, 64739, 65703, 65716, 66368, 66381, 67095, 67108, 67818, 67831, 68374, 68387, 69265, 69278, 69675, 69688, 70402, 70415, 71227, 71240, 72131, 72144, 73154, 73167, 74152, 74165, 75415, 75428, 76357, 76370, 77182, 77195, 78757, 78770, 79910, 79923, 81138, 81151, 82284, 82297, 83345, 83358, 84593, 84606, 85677, 85690, 86561, 86574, 87535, 87548, 88760, 88773, 89577, 89590, 90611, 90624, 91529, 91542, 92187, 92200, 93007, 93020, 93984, 93997, 94758, 94771, 95547, 95560, 96978, 96991, 97742, 97755, 98726, 98739, 99599, 99612, 100152, 100165, 100912, 100925, 101493, 101506, 102409, 102422, 103215, 103228, 104406, 104419, 105103, 105116, 105984, 105997, 106678, 106691, 107215, 107228, 107791, 107804, 108493, 108506, 109303, 109316, 110020, 110033, 110533, 110546, 111660, 111673, 112429, 112442, 112997, 113010, 113771, 113784, 114323, 114336, 115205, 115218, 115983, 115996, 116736, 116750, 117418, 117431, 118339, 118352, 119303, 119316, 120094, 120107, 120714, 120727, 121648, 121661, 122715, 122728, 123504, 123518, 124360, 124373, 124914, 124927, 125415, 125428, 126005, 126018, 126975, 126988, 127708, 127721, 128884, 128897, 130112, 130126, 131170, 131183, 132062, 132075, 133043, 133056, 134254, 134267, 135382, 135395, 135841, 135854, 137075, 137088, 138122, 138135, 138804, 138817, 139381, 139394, 140088, 140101, 141129, 141142, 141913, 141927, 142416, 142429, 143025, 143038, 143623, 143636, 144165, 144178, 144754, 144767, 145380, 145393, 146244, 146257, 147003, 147016, 147801, 147814, 148479, 148492, 149190, 149203, 149960, 149973, 150653, 150666, 151552, 151566, 153037, 153050, 154720, 154733, 156008, 156021, 156983, 156996, 157862, 157875, 158824, 158837, 159121, 159134, 159792, 159805, 160815, 160828, 161877, 161890, 162938, 162951, 163872, 163885, 165123, 165136, 165903, 165916, 166346, 166359, 166887, 166900, 167793, 167806, 168672, 168685, 169622, 169635, 170093, 170106, 170517, 170530, 171362, 171375, 172197, 172210, 173672, 173685, 174816, 174829, 175662, 175675, 176805, 176818, 177758, 177771, 178694, 178707, 179479, 180218, 180231, 180722, 180735, 181168, 181181, 181965, 181974, 182495, 182508, 183760, 183773, 184953, 184966, 185829, 185842, 186537, 186550, 187283, 187297]
26,1,[62040]
27,1,[8507]
28,1,[1199]
