10,3,[94073, 317366, 479354]
11,16,[818, 1687, 6451, 6947, 7667, 7686, 7733, 7760, 8442, 9492, 10447, 10767, 14535, 18590, 19738, 20238]
12,10,[888, 1378, 1385, 2481, 8382, 8898, 9460, 10238, 15603, 19692]
15,26,[2934, 3812, 7861, 9130, 10089, 11836, 18716, 23421, 23459, 24494, 47118, 65235, 68786, 84222, 84273, 91891, 93531, 108251, 118406, 119272, 132386, 146586, 156470, 165685, 168885, 172150]
16,10,[8765, 9782, 9797, 14934, 19811, 23338, 23476, 25434, 36947, 37354]
21,9,[7285, 12994, 13609, 13754, 20318, 23149, 30225, 32912, 33429]
22,32,[3882, 3883, 4966, 5100, 5102, 5220, 5222, 7609, 7690, 7691, 11008, 11009, 21414, 37743, 37744, 71643, 74239, 74408, 76532, 85085, 109801, 110057, 116183, 118054, 124067, 124069, 128577, 128743, 136750, 146649, 146652, 156232]
24,8,[8994, 10354, 19636, 26150, 31028, 34338, 38709, 40052]
27,23,[7974, 8937, 13297, 13627, 15322, 29707, 29711, 43493, 52820, 56815, 60579, 63494, 63778, 67205, 68370, 69014, 73598, 76525, 97918, 101149, 107778, 107874, 109464]
28,5,[2883, 4941, 5743, 6268, 7356]
30,3,[93966, 317207, 479186]
10,3,[94073, 317366, 479354]
11,16,[818, 1687, 6451, 6947, 7667, 7686, 7733, 7760, 8442, 9492, 10447, 10767, 14535, 18590, 19738, 20238]
12,10,[888, 1378, 1385, 2481, 8382, 8898, 9460, 10238, 15603, 19692]
15,26,[2934, 3812, 7861, 9130, 10089, 11836, 18716, 23421, 23459, 24494, 47118, 65235, 68786, 84222, 84273, 91891, 93531, 108251, 118406, 119272, 132386, 146586, 156470, 165685, 168885, 172150]
16,10,[8765, 9782, 9797, 14934, 19811, 23338, 23476, 25434, 36947, 37354]
21,9,[7285, 12994, 13609, 13754, 20318, 23149, 30225, 32912, 33429]
22,32,[3882, 3883, 4966, 5100, 5102, 5220, 5222, 7609, 7690, 7691, 11008, 11009, 21414, 37743, 37744, 71643, 74239, 74408, 76532, 85085, 109801, 110057, 116183, 118054, 124067, 124069, 128577, 128743, 136750, 146649, 146652, 156232]
24,8,[8994, 10354, 19636, 26150, 31028, 34338, 38709, 40052]
27,23,[7974, 8937, 13297, 13627, 15322, 29707, 29711, 43493, 52820, 56815, 60579, 63494, 63778, 67205, 68370, 69014, 73598, 76525, 97918, 101149, 107778, 107874, 109464]
28,5,[2883, 4941, 5743, 6268, 7356]
30,3,[93966, 317207, 479186]
