10,38,[15803, 32068, 38618, 41442, 82418, 82457, 82566, 82575, 82594, 82681, 85797, 126996, 127160, 229867, 293971, 298086, 301287, 304404, 324413, 346533, 354834, 359365, 365241, 365247, 372911, 393542, 395035, 396648, 411419, 446844, 480399, 486250, 611067, 624443, 624485, 634802, 635605, 635634]
11,1,[14468]
12,2,[192, 8205]
15,8,[6987, 10891, 11686, 13617, 25423, 127604, 147349, 163569]
16,2,[21202, 24287]
17,12,[22643, 32283, 32289, 49388, 49565, 49871, 119677, 121964, 123690, 176248, 214223, 214236]
18,4,[10202, 104272, 116466, 118858]
19,2,[24290, 25631]
20,6,[8599, 9957, 16355, 40270, 43289, 53105]
22,25,[50189, 51378, 51430, 51435, 51441, 51443, 51448, 51649, 51650, 52143, 71221, 114247, 129787, 130293, 130295, 130693, 144414, 145732, 146269, 146339, 146449, 146852, 148309, 151966, 158285]
23,4,[2928, 5902, 10875, 29659]
24,4,[1236, 2217, 7664, 42779]
25,1,[80402]
26,6,[9137, 10511, 17004, 41211, 44239, 54217]
27,8,[17682, 25323, 28010, 41147, 55059, 61969, 81275, 83742]
28,1,[8539]
30,38,[15709, 31970, 38520, 41344, 82311, 82350, 82459, 82468, 82487, 82574, 85690, 126885, 127049, 229717, 293814, 297928, 301129, 304246, 324254, 346374, 354675, 359205, 365078, 365084, 372748, 393376, 394869, 396482, 411253, 446674, 480231, 486087, 610850, 624189, 624231, 634527, 635330, 635359]
10,38,[15803, 32068, 38618, 41442, 82418, 82457, 82566, 82575, 82594, 82681, 85797, 126996, 127160, 229867, 293971, 298086, 301287, 304404, 324413, 346533, 354834, 359365, 365241, 365247, 372911, 393542, 395035, 396648, 411419, 446844, 480399, 486250, 611067, 624443, 624485, 634802, 635605, 635634]
11,1,[14468]
12,2,[192, 8205]
15,8,[6987, 10891, 11686, 13617, 25423, 127604, 147349, 163569]
16,2,[21202, 24287]
17,12,[22643, 32283, 32289, 49388, 49565, 49871, 119677, 121964, 123690, 176248, 214223, 214236]
18,4,[10202, 104272, 116466, 118858]
19,2,[24290, 25631]
20,6,[8599, 9957, 16355, 40270, 43289, 53105]
22,25,[50189, 51378, 51430, 51435, 51441, 51443, 51448, 51649, 51650, 52143, 71221, 114247, 129787, 130293, 130295, 130693, 144414, 145732, 146269, 146339, 146449, 146852, 148309, 151966, 158285]
23,4,[2928, 5902, 10875, 29659]
24,4,[1236, 2217, 7664, 42779]
25,1,[80402]
26,6,[9137, 10511, 17004, 41211, 44239, 54217]
27,8,[17682, 25323, 28010, 41147, 55059, 61969, 81275, 83742]
28,1,[8539]
30,38,[15709, 31970, 38520, 41344, 82311, 82350, 82459, 82468, 82487, 82574, 85690, 126885, 127049, 229717, 293814, 297928, 301129, 304246, 324254, 346374, 354675, 359205, 365078, 365084, 372748, 393376, 394869, 396482, 411253, 446674, 480231, 486087, 610850, 624189, 624231, 634527, 635330, 635359]
