10,6,[297879, 385810, 476401, 485610, 622786, 631148]
15,11,[5484, 5632, 16446, 17264, 44034, 72582, 126341, 129635, 129674, 152472, 160656]
17,2,[25698, 26828]
22,4,[54858, 55081, 55969, 55970]
23,1,[1552]
27,1,[11532]
30,6,[297721, 385647, 476232, 485446, 622534, 630877]
10,6,[297879, 385810, 476401, 485610, 622786, 631148]
15,11,[5484, 5632, 16446, 17264, 44034, 72582, 126341, 129635, 129674, 152472, 160656]
17,2,[25698, 26828]
22,4,[54858, 55081, 55969, 55970]
23,1,[1552]
27,1,[11532]
30,6,[297721, 385647, 476232, 485446, 622534, 630877]
