10,6,[195179, 553073, 553093, 583252, 583503, 583540]
12,11,[11251, 11411, 11497, 11512, 11572, 11602, 11634, 11845, 11857, 11926, 23328]
14,8,[8275, 16254, 78847, 92529, 109386, 141069, 154822, 179193]
15,335,[193, 1001, 1521, 2827, 3159, 3266, 7332, 13445, 13865, 13953, 14245, 20038, 21344, 21443, 24138, 24428, 25368, 29616, 30058, 33711, 33948, 34150, 34153, 36395, 37108, 37131, 37722, 45569, 46209, 50482, 62784, 63485, 63936, 66143, 66918, 66923, 67342, 67694, 68036, 68090, 68116, 68139, 68146, 68236, 68275, 68446, 68528, 68948, 69045, 69233, 69334, 69553, 69588, 69683, 69705, 69738, 69757, 69816, 69859, 69945, 70022, 70044, 70111, 70554, 70622, 70650, 70682, 70852, 70871, 71029, 71057, 71082, 71102, 71122, 71244, 71272, 71290, 71367, 71372, 73243, 74559, 74588, 74621, 74631, 74640, 74755, 79681, 79809, 79832, 80434, 80465, 80486, 80559, 80584, 80806, 80934, 80962, 80992, 81070, 83113, 83136, 83253, 83356, 83636, 83816, 85198, 86032, 86446, 86519, 86651, 86686, 86713, 86774, 86805, 86811, 86837, 86862, 86887, 86914, 86951, 86978, 87039, 87172, 87234, 87248, 87283, 87453, 87510, 88007, 88173, 88271, 88528, 88606, 88634, 88742, 88747, 88775, 88921, 89152, 89377, 89439, 89477, 89797, 89867, 89936, 90376, 91822, 91828, 96518, 96543, 96575, 96633, 96671, 96717, 97254, 97290, 97309, 97316, 97332, 97534, 97588, 97667, 97709, 98047, 98133, 98143, 98165, 98197, 98454, 99691, 100164, 101138, 105640, 105721, 106423, 107685, 107944, 108352, 108498, 108797, 110215, 110342, 112752, 112786, 112794, 112929, 113002, 113138, 115572, 115601, 115624, 118379, 118647, 118704, 118716, 119044, 119109, 119792, 120114, 120291, 121638, 121795, 121852, 121878, 122045, 123874, 125005, 125018, 125118, 125163, 125546, 126600, 126637, 126685, 126717, 126820, 126882, 127035, 127246, 128342, 131154, 133330, 133345, 133412, 133519, 133530, 133955, 133971, 134165, 134179, 134194, 134285, 135357, 135396, 135417, 135642, 136763, 136818, 137129, 141379, 145684, 145976, 146354, 146385, 146595, 147222, 147233, 149045, 149111, 149450, 149616, 149953, 150470, 150803, 150814, 150868, 151147, 151242, 151690, 152111, 152130, 152405, 152762, 153698, 153700, 153705, 153726, 157282, 159408, 159427, 159466, 159562, 159578, 159604, 159678, 159710, 159842, 159868, 160024, 160032, 160385, 160901, 162491, 164689, 165189, 165253, 165356, 165412, 165453, 165592, 165732, 165767, 165785, 165972, 166031, 166242, 166276, 166449, 166456, 166461, 166481, 166574, 166729, 168289, 168336, 168431, 168590, 168598, 168787, 168956, 169019, 169213, 169732, 170976, 171014, 171058, 171147, 171168, 171790, 171816, 171921, 172113, 172147, 172251, 172359, 172481, 172519, 172634, 172656, 173076, 173113, 173302, 173339, 173399, 173700]
16,11,[1593, 9247, 9257, 18165, 18574, 18604, 18623, 18645, 18978, 19483, 19527]
21,1,[16277]
22,27,[12543, 26342, 32879, 36840, 36842, 36950, 36954, 36956, 36958, 36960, 36962, 36964, 36968, 36970, 36983, 37057, 37068, 103804, 108034, 108038, 108042, 108410, 110145, 111731, 111736, 111737, 111762]
24,1,[6238]
25,8,[8499, 16095, 75277, 88654, 104825, 135212, 148257, 171831]
27,5,[87529, 87699, 87765, 87778, 92113]
28,1,[9913]
30,6,[195047, 552895, 552915, 583072, 583323, 583360]
10,6,[195179, 553073, 553093, 583252, 583503, 583540]
12,11,[11251, 11411, 11497, 11512, 11572, 11602, 11634, 11845, 11857, 11926, 23328]
14,8,[8275, 16254, 78847, 92529, 109386, 141069, 154822, 179193]
15,335,[193, 1001, 1521, 2827, 3159, 3266, 7332, 13445, 13865, 13953, 14245, 20038, 21344, 21443, 24138, 24428, 25368, 29616, 30058, 33711, 33948, 34150, 34153, 36395, 37108, 37131, 37722, 45569, 46209, 50482, 62784, 63485, 63936, 66143, 66918, 66923, 67342, 67694, 68036, 68090, 68116, 68139, 68146, 68236, 68275, 68446, 68528, 68948, 69045, 69233, 69334, 69553, 69588, 69683, 69705, 69738, 69757, 69816, 69859, 69945, 70022, 70044, 70111, 70554, 70622, 70650, 70682, 70852, 70871, 71029, 71057, 71082, 71102, 71122, 71244, 71272, 71290, 71367, 71372, 73243, 74559, 74588, 74621, 74631, 74640, 74755, 79681, 79809, 79832, 80434, 80465, 80486, 80559, 80584, 80806, 80934, 80962, 80992, 81070, 83113, 83136, 83253, 83356, 83636, 83816, 85198, 86032, 86446, 86519, 86651, 86686, 86713, 86774, 86805, 86811, 86837, 86862, 86887, 86914, 86951, 86978, 87039, 87172, 87234, 87248, 87283, 87453, 87510, 88007, 88173, 88271, 88528, 88606, 88634, 88742, 88747, 88775, 88921, 89152, 89377, 89439, 89477, 89797, 89867, 89936, 90376, 91822, 91828, 96518, 96543, 96575, 96633, 96671, 96717, 97254, 97290, 97309, 97316, 97332, 97534, 97588, 97667, 97709, 98047, 98133, 98143, 98165, 98197, 98454, 99691, 100164, 101138, 105640, 105721, 106423, 107685, 107944, 108352, 108498, 108797, 110215, 110342, 112752, 112786, 112794, 112929, 113002, 113138, 115572, 115601, 115624, 118379, 118647, 118704, 118716, 119044, 119109, 119792, 120114, 120291, 121638, 121795, 121852, 121878, 122045, 123874, 125005, 125018, 125118, 125163, 125546, 126600, 126637, 126685, 126717, 126820, 126882, 127035, 127246, 128342, 131154, 133330, 133345, 133412, 133519, 133530, 133955, 133971, 134165, 134179, 134194, 134285, 135357, 135396, 135417, 135642, 136763, 136818, 137129, 141379, 145684, 145976, 146354, 146385, 146595, 147222, 147233, 149045, 149111, 149450, 149616, 149953, 150470, 150803, 150814, 150868, 151147, 151242, 151690, 152111, 152130, 152405, 152762, 153698, 153700, 153705, 153726, 157282, 159408, 159427, 159466, 159562, 159578, 159604, 159678, 159710, 159842, 159868, 160024, 160032, 160385, 160901, 162491, 164689, 165189, 165253, 165356, 165412, 165453, 165592, 165732, 165767, 165785, 165972, 166031, 166242, 166276, 166449, 166456, 166461, 166481, 166574, 166729, 168289, 168336, 168431, 168590, 168598, 168787, 168956, 169019, 169213, 169732, 170976, 171014, 171058, 171147, 171168, 171790, 171816, 171921, 172113, 172147, 172251, 172359, 172481, 172519, 172634, 172656, 173076, 173113, 173302, 173339, 173399, 173700]
16,11,[1593, 9247, 9257, 18165, 18574, 18604, 18623, 18645, 18978, 19483, 19527]
21,1,[16277]
22,27,[12543, 26342, 32879, 36840, 36842, 36950, 36954, 36956, 36958, 36960, 36962, 36964, 36968, 36970, 36983, 37057, 37068, 103804, 108034, 108038, 108042, 108410, 110145, 111731, 111736, 111737, 111762]
24,1,[6238]
25,8,[8499, 16095, 75277, 88654, 104825, 135212, 148257, 171831]
27,5,[87529, 87699, 87765, 87778, 92113]
28,1,[9913]
30,6,[195047, 552895, 552915, 583072, 583323, 583360]
