7,1,[85]
9,1,[1960]
10,175,[46631, 72859, 82899, 85679, 85710, 85769, 92970, 93008, 93090, 119221, 122718, 122875, 123060, 123918, 125369, 150075, 182346, 182375, 224863, 244948, 303019, 303118, 303503, 341792, 346625, 367686, 373868, 386610, 408548, 415944, 429482, 434705, 465661, 466447, 467754, 467851, 469761, 484395, 489325, 498399, 498431, 499122, 499131, 499141, 499203, 499215, 501710, 501728, 504707, 512879, 513129, 515023, 515029, 515037, 518729, 525743, 526010, 526488, 527592, 527621, 538482, 538492, 538502, 538518, 538960, 539283, 539294, 543174, 546473, 548183, 548233, 548297, 548644, 550306, 563117, 563129, 563156, 563417, 570929, 577630, 586310, 586867, 586947, 587240, 587562, 587755, 587820, 587993, 589953, 589966, 593424, 593856, 593869, 593915, 593939, 593948, 593954, 593979, 594041, 594055, 594586, 595445, 595710, 595720, 596354, 596414, 596449, 596668, 596680, 596685, 596696, 596714, 596730, 596734, 596746, 596750, 596753, 596779, 596792, 596802, 596829, 596840, 596870, 596886, 596920, 597041, 598373, 598395, 598410, 598419, 598502, 598505, 598508, 598512, 600247, 600262, 600501, 600521, 600554, 602930, 602936, 602953, 602956, 605878, 606280, 606551, 606715, 606986, 607102, 607173, 607195, 607727, 607822, 608567, 609521, 609529, 610187, 610255, 610317, 610578, 610684, 610719, 610783, 611004, 612837, 621188, 621262, 623042, 624100, 624248, 624289, 624305, 624363, 626099, 631039]
11,2,[13372, 14219]
12,4,[6485, 6585, 18394, 19263]
14,5,[26302, 35550, 53247, 104503, 144980]
15,110,[550, 2662, 5901, 6639, 13930, 13938, 13956, 25547, 28883, 32434, 38573, 47973, 48944, 48993, 54928, 54992, 55204, 56016, 56628, 62626, 64296, 65480, 66495, 68072, 72877, 79609, 81391, 86574, 87624, 87626, 88807, 89345, 89413, 90184, 90437, 90601, 93862, 93891, 94007, 94442, 94467, 94568, 94754, 95010, 95281, 95464, 95583, 95637, 95681, 95804, 95862, 97088, 97727, 97740, 100064, 101156, 102254, 102392, 103879, 110321, 110387, 110542, 110575, 110708, 111040, 111061, 112317, 112342, 114438, 115035, 115517, 115937, 116352, 119319, 120243, 120304, 120382, 121453, 125098, 125123, 127302, 129270, 136042, 137319, 138152, 138432, 138667, 139586, 142949, 143799, 144021, 146654, 146676, 152964, 153900, 155577, 159038, 160593, 161274, 162673, 165118, 165587, 165836, 166266, 169242, 169612, 170205, 171699, 172306, 173120]
16,9,[1914, 2675, 7177, 9473, 11574, 13399, 16775, 16792, 25107]
17,78,[3539, 12070, 12685, 12701, 12744, 17490, 21617, 22420, 24707, 27630, 27824, 28087, 28207, 28215, 34733, 50252, 55147, 56396, 57817, 58844, 69738, 72582, 75892, 85406, 85427, 92803, 92885, 92930, 92938, 92945, 92948, 98591, 101249, 109787, 111833, 118250, 119536, 123130, 123415, 123526, 123550, 123582, 123585, 123597, 123780, 123786, 126511, 126517, 127029, 133184, 141022, 143404, 147877, 147887, 147913, 148540, 169621, 169851, 169876, 175892, 178472, 178481, 178491, 178592, 178604, 181452, 183524, 189016, 189019, 189038, 192701, 202014, 202019, 202027, 202077, 213577, 217057, 217971]
18,227,[1976, 2962, 8437, 10037, 11421, 11605, 13087, 14508, 15227, 15933, 20724, 24037, 25614, 25781, 26157, 28942, 29499, 29775, 35740, 36812, 37632, 40069, 40890, 41100, 41222, 41731, 43353, 43361, 44475, 44767, 44786, 45267, 45469, 45518, 46325, 49878, 50158, 52432, 53927, 53994, 54466, 54503, 55169, 57420, 57731, 59391, 59466, 61060, 61064, 61481, 61558, 61824, 61833, 61931, 61956, 62169, 62833, 64291, 65190, 65719, 65731, 67412, 67449, 75174, 76040, 77501, 78832, 80072, 80177, 80339, 80738, 82469, 82725, 83048, 85001, 85071, 90181, 92133, 92477, 94460, 97153, 98478, 98507, 98547, 99148, 99406, 100051, 100142, 100159, 100405, 101438, 101499, 101561, 102692, 103363, 103751, 103839, 104070, 104075, 104092, 104242, 104674, 104936, 104979, 105266, 105556, 105800, 105881, 106376, 107081, 107317, 107431, 108091, 108110, 108171, 108202, 109296, 109376, 109413, 109609, 109998, 110555, 110622, 110748, 110819, 110885, 111713, 111821, 111904, 111927, 111956, 112017, 112335, 112467, 112706, 112837, 113192, 113218, 115232, 116304, 117808, 118697, 120200, 120605, 121048, 121265, 121283, 121749, 123438, 123691, 123818, 123880, 123902, 123947, 124251, 124263, 124355, 124567, 124638, 124711, 125424, 125460, 125477, 125566, 126290, 126737, 126778, 126860, 126886, 127019, 127057, 127078, 127272, 127536, 127544, 127581, 127647, 127712, 127757, 128600, 128603, 128638, 128792, 128819, 128845, 128885, 128968, 129074, 129168, 129277, 129632, 130096, 130287, 130479, 130764, 131326, 131394, 131450, 131844, 131859, 132061, 132203, 133040, 134299, 135591, 135639, 135665, 135706, 135932, 135998, 136024, 136101, 136548, 136558, 136589, 136594, 140499, 141082, 141152, 143108, 143409, 144065, 145496, 145524, 146074, 148311, 148678]
19,13,[3936, 5014, 9875, 9952, 11376, 16613, 18251, 20172, 20511, 21224, 21275, 24810, 25347]
20,6,[15388, 20115, 22269, 25743, 42093, 53237]
21,8,[7639, 8494, 11176, 12117, 12159, 13329, 19487, 32050]
22,39,[485, 1073, 7461, 7546, 7565, 8272, 10248, 12588, 25475, 30976, 33423, 33490, 43009, 43086, 43595, 45509, 46775, 47301, 47544, 48774, 48811, 49572, 54933, 55203, 67016, 67030, 80387, 80521, 95665, 108267, 108293, 109550, 114822, 121490, 129353, 135386, 159625, 159642, 160130]
23,7,[105, 2071, 8399, 16345, 17281, 18625, 28349]
24,17,[5652, 8617, 8648, 9571, 13614, 26579, 29797, 30283, 30347, 36821, 37019, 37123, 39436, 40182, 40189, 40891, 41465]
25,6,[25493, 28939, 34196, 51060, 100309, 138957]
26,9,[16028, 20840, 23025, 26543, 43026, 48068, 54359, 55666, 62041]
27,43,[936, 2468, 3237, 11925, 12576, 14897, 15712, 17597, 18325, 19984, 25113, 29194, 32794, 32983, 35381, 35497, 38922, 39959, 41282, 42798, 49636, 62581, 66302, 66418, 71267, 72313, 74532, 75887, 76706, 77953, 78160, 78487, 91798, 93657, 94091, 96500, 98401, 98839, 100187, 100310, 103106, 103466, 104321]
28,5,[859, 5778, 5886, 5894, 8841]
30,175,[46533, 72756, 82792, 85572, 85603, 85662, 92863, 92901, 92983, 119110, 122607, 122764, 122949, 123807, 125258, 149962, 182223, 182252, 224713, 244795, 302861, 302960, 303345, 341633, 346466, 367523, 373705, 386447, 408382, 415778, 429315, 434535, 465490, 466276, 467583, 467680, 469590, 484230, 489164, 498230, 498262, 498953, 498962, 498972, 499034, 499046, 501541, 501559, 504538, 512710, 512960, 514854, 514860, 514868, 518557, 525571, 525838, 526316, 527420, 527449, 538307, 538317, 538327, 538343, 538785, 539108, 539119, 542999, 546298, 548008, 548058, 548122, 548469, 550128, 562939, 562951, 562978, 563239, 570749, 577450, 586125, 586682, 586762, 587055, 587377, 587570, 587635, 587808, 589768, 589781, 593233, 593665, 593678, 593724, 593748, 593757, 593763, 593788, 593850, 593864, 594395, 595254, 595519, 595529, 596163, 596223, 596258, 596477, 596489, 596494, 596505, 596523, 596539, 596543, 596555, 596559, 596562, 596588, 596601, 596611, 596638, 596649, 596679, 596695, 596729, 596850, 598182, 598204, 598219, 598228, 598311, 598314, 598317, 598321, 600050, 600065, 600304, 600324, 600357, 602733, 602739, 602756, 602759, 605676, 606073, 606344, 606508, 606779, 606895, 606966, 606988, 607520, 607615, 608355, 609309, 609317, 609970, 610038, 610100, 610361, 610467, 610502, 610566, 610787, 612614, 620936, 621010, 622790, 623846, 623994, 624035, 624051, 624109, 625842, 630768]
7,1,[85]
9,1,[1960]
10,175,[46631, 72859, 82899, 85679, 85710, 85769, 92970, 93008, 93090, 119221, 122718, 122875, 123060, 123918, 125369, 150075, 182346, 182375, 224863, 244948, 303019, 303118, 303503, 341792, 346625, 367686, 373868, 386610, 408548, 415944, 429482, 434705, 465661, 466447, 467754, 467851, 469761, 484395, 489325, 498399, 498431, 499122, 499131, 499141, 499203, 499215, 501710, 501728, 504707, 512879, 513129, 515023, 515029, 515037, 518729, 525743, 526010, 526488, 527592, 527621, 538482, 538492, 538502, 538518, 538960, 539283, 539294, 543174, 546473, 548183, 548233, 548297, 548644, 550306, 563117, 563129, 563156, 563417, 570929, 577630, 586310, 586867, 586947, 587240, 587562, 587755, 587820, 587993, 589953, 589966, 593424, 593856, 593869, 593915, 593939, 593948, 593954, 593979, 594041, 594055, 594586, 595445, 595710, 595720, 596354, 596414, 596449, 596668, 596680, 596685, 596696, 596714, 596730, 596734, 596746, 596750, 596753, 596779, 596792, 596802, 596829, 596840, 596870, 596886, 596920, 597041, 598373, 598395, 598410, 598419, 598502, 598505, 598508, 598512, 600247, 600262, 600501, 600521, 600554, 602930, 602936, 602953, 602956, 605878, 606280, 606551, 606715, 606986, 607102, 607173, 607195, 607727, 607822, 608567, 609521, 609529, 610187, 610255, 610317, 610578, 610684, 610719, 610783, 611004, 612837, 621188, 621262, 623042, 624100, 624248, 624289, 624305, 624363, 626099, 631039]
11,2,[13372, 14219]
12,4,[6485, 6585, 18394, 19263]
14,5,[26302, 35550, 53247, 104503, 144980]
15,110,[550, 2662, 5901, 6639, 13930, 13938, 13956, 25547, 28883, 32434, 38573, 47973, 48944, 48993, 54928, 54992, 55204, 56016, 56628, 62626, 64296, 65480, 66495, 68072, 72877, 79609, 81391, 86574, 87624, 87626, 88807, 89345, 89413, 90184, 90437, 90601, 93862, 93891, 94007, 94442, 94467, 94568, 94754, 95010, 95281, 95464, 95583, 95637, 95681, 95804, 95862, 97088, 97727, 97740, 100064, 101156, 102254, 102392, 103879, 110321, 110387, 110542, 110575, 110708, 111040, 111061, 112317, 112342, 114438, 115035, 115517, 115937, 116352, 119319, 120243, 120304, 120382, 121453, 125098, 125123, 127302, 129270, 136042, 137319, 138152, 138432, 138667, 139586, 142949, 143799, 144021, 146654, 146676, 152964, 153900, 155577, 159038, 160593, 161274, 162673, 165118, 165587, 165836, 166266, 169242, 169612, 170205, 171699, 172306, 173120]
16,9,[1914, 2675, 7177, 9473, 11574, 13399, 16775, 16792, 25107]
17,78,[3539, 12070, 12685, 12701, 12744, 17490, 21617, 22420, 24707, 27630, 27824, 28087, 28207, 28215, 34733, 50252, 55147, 56396, 57817, 58844, 69738, 72582, 75892, 85406, 85427, 92803, 92885, 92930, 92938, 92945, 92948, 98591, 101249, 109787, 111833, 118250, 119536, 123130, 123415, 123526, 123550, 123582, 123585, 123597, 123780, 123786, 126511, 126517, 127029, 133184, 141022, 143404, 147877, 147887, 147913, 148540, 169621, 169851, 169876, 175892, 178472, 178481, 178491, 178592, 178604, 181452, 183524, 189016, 189019, 189038, 192701, 202014, 202019, 202027, 202077, 213577, 217057, 217971]
18,227,[1976, 2962, 8437, 10037, 11421, 11605, 13087, 14508, 15227, 15933, 20724, 24037, 25614, 25781, 26157, 28942, 29499, 29775, 35740, 36812, 37632, 40069, 40890, 41100, 41222, 41731, 43353, 43361, 44475, 44767, 44786, 45267, 45469, 45518, 46325, 49878, 50158, 52432, 53927, 53994, 54466, 54503, 55169, 57420, 57731, 59391, 59466, 61060, 61064, 61481, 61558, 61824, 61833, 61931, 61956, 62169, 62833, 64291, 65190, 65719, 65731, 67412, 67449, 75174, 76040, 77501, 78832, 80072, 80177, 80339, 80738, 82469, 82725, 83048, 85001, 85071, 90181, 92133, 92477, 94460, 97153, 98478, 98507, 98547, 99148, 99406, 100051, 100142, 100159, 100405, 101438, 101499, 101561, 102692, 103363, 103751, 103839, 104070, 104075, 104092, 104242, 104674, 104936, 104979, 105266, 105556, 105800, 105881, 106376, 107081, 107317, 107431, 108091, 108110, 108171, 108202, 109296, 109376, 109413, 109609, 109998, 110555, 110622, 110748, 110819, 110885, 111713, 111821, 111904, 111927, 111956, 112017, 112335, 112467, 112706, 112837, 113192, 113218, 115232, 116304, 117808, 118697, 120200, 120605, 121048, 121265, 121283, 121749, 123438, 123691, 123818, 123880, 123902, 123947, 124251, 124263, 124355, 124567, 124638, 124711, 125424, 125460, 125477, 125566, 126290, 126737, 126778, 126860, 126886, 127019, 127057, 127078, 127272, 127536, 127544, 127581, 127647, 127712, 127757, 128600, 128603, 128638, 128792, 128819, 128845, 128885, 128968, 129074, 129168, 129277, 129632, 130096, 130287, 130479, 130764, 131326, 131394, 131450, 131844, 131859, 132061, 132203, 133040, 134299, 135591, 135639, 135665, 135706, 135932, 135998, 136024, 136101, 136548, 136558, 136589, 136594, 140499, 141082, 141152, 143108, 143409, 144065, 145496, 145524, 146074, 148311, 148678]
19,13,[3936, 5014, 9875, 9952, 11376, 16613, 18251, 20172, 20511, 21224, 21275, 24810, 25347]
20,6,[15388, 20115, 22269, 25743, 42093, 53237]
21,8,[7639, 8494, 11176, 12117, 12159, 13329, 19487, 32050]
22,39,[485, 1073, 7461, 7546, 7565, 8272, 10248, 12588, 25475, 30976, 33423, 33490, 43009, 43086, 43595, 45509, 46775, 47301, 47544, 48774, 48811, 49572, 54933, 55203, 67016, 67030, 80387, 80521, 95665, 108267, 108293, 109550, 114822, 121490, 129353, 135386, 159625, 159642, 160130]
23,7,[105, 2071, 8399, 16345, 17281, 18625, 28349]
24,17,[5652, 8617, 8648, 9571, 13614, 26579, 29797, 30283, 30347, 36821, 37019, 37123, 39436, 40182, 40189, 40891, 41465]
25,6,[25493, 28939, 34196, 51060, 100309, 138957]
26,9,[16028, 20840, 23025, 26543, 43026, 48068, 54359, 55666, 62041]
27,43,[936, 2468, 3237, 11925, 12576, 14897, 15712, 17597, 18325, 19984, 25113, 29194, 32794, 32983, 35381, 35497, 38922, 39959, 41282, 42798, 49636, 62581, 66302, 66418, 71267, 72313, 74532, 75887, 76706, 77953, 78160, 78487, 91798, 93657, 94091, 96500, 98401, 98839, 100187, 100310, 103106, 103466, 104321]
28,5,[859, 5778, 5886, 5894, 8841]
30,175,[46533, 72756, 82792, 85572, 85603, 85662, 92863, 92901, 92983, 119110, 122607, 122764, 122949, 123807, 125258, 149962, 182223, 182252, 224713, 244795, 302861, 302960, 303345, 341633, 346466, 367523, 373705, 386447, 408382, 415778, 429315, 434535, 465490, 466276, 467583, 467680, 469590, 484230, 489164, 498230, 498262, 498953, 498962, 498972, 499034, 499046, 501541, 501559, 504538, 512710, 512960, 514854, 514860, 514868, 518557, 525571, 525838, 526316, 527420, 527449, 538307, 538317, 538327, 538343, 538785, 539108, 539119, 542999, 546298, 548008, 548058, 548122, 548469, 550128, 562939, 562951, 562978, 563239, 570749, 577450, 586125, 586682, 586762, 587055, 587377, 587570, 587635, 587808, 589768, 589781, 593233, 593665, 593678, 593724, 593748, 593757, 593763, 593788, 593850, 593864, 594395, 595254, 595519, 595529, 596163, 596223, 596258, 596477, 596489, 596494, 596505, 596523, 596539, 596543, 596555, 596559, 596562, 596588, 596601, 596611, 596638, 596649, 596679, 596695, 596729, 596850, 598182, 598204, 598219, 598228, 598311, 598314, 598317, 598321, 600050, 600065, 600304, 600324, 600357, 602733, 602739, 602756, 602759, 605676, 606073, 606344, 606508, 606779, 606895, 606966, 606988, 607520, 607615, 608355, 609309, 609317, 609970, 610038, 610100, 610361, 610467, 610502, 610566, 610787, 612614, 620936, 621010, 622790, 623846, 623994, 624035, 624051, 624109, 625842, 630768]
