10,10,[359462, 566552, 566879, 566933, 601085, 606818, 608560, 614449, 621382, 629874]
15,2,[1979, 15581]
17,12,[45220, 61035, 81142, 89686, 100743, 112760, 122080, 169034, 170338, 193337, 194886, 215884]
20,1,[21991]
21,2,[21004, 23984]
22,2,[81914, 137799]
26,1,[22746]
27,1,[70094]
30,10,[359302, 566372, 566699, 566753, 600888, 606611, 608348, 614215, 621130, 629611]
10,10,[359462, 566552, 566879, 566933, 601085, 606818, 608560, 614449, 621382, 629874]
15,2,[1979, 15581]
17,12,[45220, 61035, 81142, 89686, 100743, 112760, 122080, 169034, 170338, 193337, 194886, 215884]
20,1,[21991]
21,2,[21004, 23984]
22,2,[81914, 137799]
26,1,[22746]
27,1,[70094]
30,10,[359302, 566372, 566699, 566753, 600888, 606611, 608348, 614215, 621130, 629611]
