10,11,[355132, 573899, 589193, 602090, 602099, 602107, 602727, 602730, 608471, 611670, 617715]
13,1,[1926]
14,4,[71373, 130144, 168231, 173500]
15,17,[2677, 3288, 17871, 24991, 25072, 38044, 44444, 53328, 77714, 111147, 116547, 122879, 129391, 140385, 157005, 162916, 173188]
16,1,[25554]
17,3,[24683, 60953, 139543]
18,6,[11722, 12859, 37469, 41776, 62481, 111372]
20,22,[532, 818, 2875, 4671, 6160, 7283, 8430, 9587, 16278, 21632, 21816, 23103, 23108, 27707, 28174, 39679, 44117, 44920, 46330, 47952, 50602, 52818]
21,3,[2078, 17716, 29831]
22,29,[33622, 57950, 72189, 79338, 81954, 83624, 87276, 90825, 98690, 100318, 100342, 108938, 110009, 112640, 119448, 136862, 137856, 137880, 137960, 137964, 137967, 138053, 138054, 138076, 138078, 143430, 145590, 148503, 149800]
23,2,[12071, 19489]
25,4,[68067, 124614, 161334, 166555]
26,23,[898, 1184, 3328, 5189, 6679, 7806, 8960, 10141, 16927, 22379, 22568, 23873, 23878, 28535, 29010, 40618, 45080, 45904, 47335, 48964, 51653, 53917, 61744]
27,7,[13113, 20937, 40443, 44210, 46049, 53679, 108347]
30,11,[354973, 573719, 589008, 601893, 601902, 601910, 602530, 602533, 608259, 611447, 617468]
10,11,[355132, 573899, 589193, 602090, 602099, 602107, 602727, 602730, 608471, 611670, 617715]
13,1,[1926]
14,4,[71373, 130144, 168231, 173500]
15,17,[2677, 3288, 17871, 24991, 25072, 38044, 44444, 53328, 77714, 111147, 116547, 122879, 129391, 140385, 157005, 162916, 173188]
16,1,[25554]
17,3,[24683, 60953, 139543]
18,6,[11722, 12859, 37469, 41776, 62481, 111372]
20,22,[532, 818, 2875, 4671, 6160, 7283, 8430, 9587, 16278, 21632, 21816, 23103, 23108, 27707, 28174, 39679, 44117, 44920, 46330, 47952, 50602, 52818]
21,3,[2078, 17716, 29831]
22,29,[33622, 57950, 72189, 79338, 81954, 83624, 87276, 90825, 98690, 100318, 100342, 108938, 110009, 112640, 119448, 136862, 137856, 137880, 137960, 137964, 137967, 138053, 138054, 138076, 138078, 143430, 145590, 148503, 149800]
23,2,[12071, 19489]
25,4,[68067, 124614, 161334, 166555]
26,23,[898, 1184, 3328, 5189, 6679, 7806, 8960, 10141, 16927, 22379, 22568, 23873, 23878, 28535, 29010, 40618, 45080, 45904, 47335, 48964, 51653, 53917, 61744]
27,7,[13113, 20937, 40443, 44210, 46049, 53679, 108347]
30,11,[354973, 573719, 589008, 601893, 601902, 601910, 602530, 602533, 608259, 611447, 617468]
