9,1,[2688]
10,26,[100386, 100444, 100626, 338381, 395472, 408604, 410624, 485316, 578678, 581121, 582025, 582893, 582930, 608173, 608353, 608448, 608467, 608500, 611192, 611431, 615993, 617749, 617786, 621625, 622375, 623029]
16,3,[18493, 31489, 36055]
17,9,[74002, 74017, 78132, 119873, 121804, 124061, 149211, 197948, 215823]
18,1,[94881]
20,2,[6179, 37097]
22,9,[52881, 108751, 117022, 117050, 117673, 123910, 124656, 125620, 147512]
23,4,[225, 6492, 29094, 30778]
26,2,[6697, 38012]
27,1,[5735]
30,26,[100279, 100337, 100519, 338222, 395306, 408438, 410458, 485152, 578498, 580941, 581845, 582713, 582750, 607966, 608141, 608236, 608255, 608288, 610975, 611214, 615754, 617502, 617539, 621373, 622123, 622777]
9,1,[2688]
10,26,[100386, 100444, 100626, 338381, 395472, 408604, 410624, 485316, 578678, 581121, 582025, 582893, 582930, 608173, 608353, 608448, 608467, 608500, 611192, 611431, 615993, 617749, 617786, 621625, 622375, 623029]
16,3,[18493, 31489, 36055]
17,9,[74002, 74017, 78132, 119873, 121804, 124061, 149211, 197948, 215823]
18,1,[94881]
20,2,[6179, 37097]
22,9,[52881, 108751, 117022, 117050, 117673, 123910, 124656, 125620, 147512]
23,4,[225, 6492, 29094, 30778]
26,2,[6697, 38012]
27,1,[5735]
30,26,[100279, 100337, 100519, 338222, 395306, 408438, 410458, 485152, 578498, 580941, 581845, 582713, 582750, 607966, 608141, 608236, 608255, 608288, 610975, 611214, 615754, 617502, 617539, 621373, 622123, 622777]
