11,4,[1874, 16922, 16935, 16973]
12,1,[21339]
13,3,[656, 800, 2321]
15,14,[5413, 5456, 7282, 9237, 11524, 11540, 11573, 11621, 11666, 11733, 14785, 48699, 100340, 100343]
16,1,[15907]
22,6,[19154, 31058, 37480, 93517, 105679, 116895]
24,6,[1925, 22324, 26371, 27424, 30134, 39809]
27,8,[736, 7219, 22478, 27854, 33730, 59975, 89936, 92071]
11,4,[1874, 16922, 16935, 16973]
12,1,[21339]
13,3,[656, 800, 2321]
15,14,[5413, 5456, 7282, 9237, 11524, 11540, 11573, 11621, 11666, 11733, 14785, 48699, 100340, 100343]
16,1,[15907]
22,6,[19154, 31058, 37480, 93517, 105679, 116895]
24,6,[1925, 22324, 26371, 27424, 30134, 39809]
27,8,[736, 7219, 22478, 27854, 33730, 59975, 89936, 92071]
