10,43,[12241, 29906, 35845, 42397, 54107, 90344, 90358, 93685, 94386, 104445, 135530, 136525, 136539, 136582, 138497, 142047, 142101, 205118, 205121, 205128, 205219, 205226, 205313, 205326, 231274, 232587, 233980, 241283, 243258, 327516, 344581, 361287, 369889, 387544, 390105, 401777, 402631, 446240, 459345, 484063, 497637, 510464, 520522]
14,7,[64021, 65148, 67041, 84742, 121379, 174832, 179808]
15,2,[13345, 115084]
17,75,[1648, 1660, 1749, 13349, 34585, 69404, 70308, 70575, 72117, 72875, 74290, 83113, 83938, 84986, 88640, 88681, 97598, 97646, 97782, 97835, 98864, 103702, 103733, 105612, 105617, 105629, 105686, 107962, 110280, 110919, 122281, 125790, 125941, 126334, 131882, 132548, 133911, 133925, 134110, 134148, 134456, 134462, 134758, 135629, 135980, 136112, 136154, 136281, 136292, 136849, 136901, 136943, 137013, 138792, 141462, 143997, 146200, 148294, 148516, 148571, 148583, 148590, 149426, 150801, 150821, 170287, 170316, 185868, 192198, 192680, 193690, 194374, 211523, 211913, 217841]
18,3,[2440, 21480, 70794]
19,1,[16215]
20,2,[14873, 36141]
25,6,[63965, 81085, 116357, 167786, 172402, 183856]
26,2,[15497, 37043]
27,1,[92955]
30,43,[12147, 29812, 35747, 42299, 54008, 90237, 90251, 93578, 94279, 104338, 135418, 136413, 136427, 136470, 138385, 141935, 141989, 204976, 204979, 204986, 205077, 205084, 205171, 205184, 231124, 232437, 233830, 241130, 243105, 327357, 344422, 361127, 369726, 387381, 389942, 401611, 402465, 446070, 459175, 483898, 497468, 510295, 520350]
10,43,[12241, 29906, 35845, 42397, 54107, 90344, 90358, 93685, 94386, 104445, 135530, 136525, 136539, 136582, 138497, 142047, 142101, 205118, 205121, 205128, 205219, 205226, 205313, 205326, 231274, 232587, 233980, 241283, 243258, 327516, 344581, 361287, 369889, 387544, 390105, 401777, 402631, 446240, 459345, 484063, 497637, 510464, 520522]
14,7,[64021, 65148, 67041, 84742, 121379, 174832, 179808]
15,2,[13345, 115084]
17,75,[1648, 1660, 1749, 13349, 34585, 69404, 70308, 70575, 72117, 72875, 74290, 83113, 83938, 84986, 88640, 88681, 97598, 97646, 97782, 97835, 98864, 103702, 103733, 105612, 105617, 105629, 105686, 107962, 110280, 110919, 122281, 125790, 125941, 126334, 131882, 132548, 133911, 133925, 134110, 134148, 134456, 134462, 134758, 135629, 135980, 136112, 136154, 136281, 136292, 136849, 136901, 136943, 137013, 138792, 141462, 143997, 146200, 148294, 148516, 148571, 148583, 148590, 149426, 150801, 150821, 170287, 170316, 185868, 192198, 192680, 193690, 194374, 211523, 211913, 217841]
18,3,[2440, 21480, 70794]
19,1,[16215]
20,2,[14873, 36141]
25,6,[63965, 81085, 116357, 167786, 172402, 183856]
26,2,[15497, 37043]
27,1,[92955]
30,43,[12147, 29812, 35747, 42299, 54008, 90237, 90251, 93578, 94279, 104338, 135418, 136413, 136427, 136470, 138385, 141935, 141989, 204976, 204979, 204986, 205077, 205084, 205171, 205184, 231124, 232437, 233830, 241130, 243105, 327357, 344422, 361127, 369726, 387381, 389942, 401611, 402465, 446070, 459175, 483898, 497468, 510295, 520350]
