10,158,[2476, 2625, 3110, 5142, 5323, 5422, 5457, 7211, 7487, 8372, 8385, 8485, 8613, 8691, 10291, 10770, 10803, 10838, 10874, 11844, 12669, 15458, 17266, 17646, 17711, 19099, 21527, 21646, 25723, 29057, 29098, 29175, 30271, 32247, 38297, 38927, 39580, 44537, 65656, 65806, 70847, 70849, 71901, 73308, 74639, 74989, 85897, 89806, 90168, 90189, 98199, 119027, 130806, 133588, 153515, 157006, 161757, 161782, 162587, 164396, 183800, 183855, 185361, 185370, 189153, 191302, 197179, 197198, 210793, 238746, 239222, 239305, 239948, 239994, 240016, 243132, 250246, 251181, 253040, 282755, 296949, 297839, 298533, 300572, 301325, 301723, 301813, 305040, 309398, 315523, 323404, 328273, 330896, 330907, 330928, 351144, 357184, 357647, 358265, 366919, 392295, 402015, 404558, 404577, 405656, 437556, 437606, 461288, 472060, 496378, 496598, 496618, 496667, 502119, 507760, 513093, 525990, 528699, 529517, 534222, 549274, 550433, 550447, 550460, 550470, 550483, 550490, 550501, 550526, 555377, 555710, 556005, 556026, 556236, 556254, 560838, 562275, 565110, 568597, 576884, 577313, 579884, 580410, 588453, 597964, 605129, 605224, 605232, 622139, 625650, 629184, 629327, 629342, 629728, 629952, 629999, 630277, 636249]
14,236,[2285, 2794, 3003, 4030, 4912, 5907, 6531, 7266, 7988, 9314, 10567, 11497, 12766, 13757, 14691, 15460, 15622, 16442, 17330, 18215, 18403, 19249, 20036, 20811, 21497, 22214, 23226, 24198, 25579, 26113, 26875, 28029, 28796, 29723, 30499, 31444, 32287, 33268, 34079, 34713, 35589, 36469, 37555, 38729, 39209, 39673, 40702, 41501, 42354, 43171, 44063, 45078, 46245, 47293, 47458, 48253, 48943, 49633, 50642, 51744, 52935, 54056, 54914, 55994, 56647, 57276, 58149, 59229, 60499, 61167, 61967, 62781, 63666, 64150, 65251, 66295, 67124, 67936, 68952, 68965, 69582, 70358, 71138, 71745, 72743, 73211, 73992, 74847, 75773, 76769, 77811, 79038, 80005, 80897, 82499, 83660, 84829, 85949, 87065, 88297, 89409, 90325, 91387, 92688, 93573, 94606, 95598, 96271, 96449, 97137, 98110, 98865, 99715, 101124, 101932, 102902, 103740, 104361, 104535, 105188, 105842, 106815, 107666, 108954, 109716, 110464, 111217, 111828, 112472, 113230, 114073, 114898, 115470, 116644, 117487, 117599, 118116, 118836, 119403, 120316, 121102, 121834, 122610, 122804, 123515, 123689, 124547, 125418, 126028, 126997, 128180, 129015, 129900, 130522, 131085, 131718, 131904, 132740, 133436, 134684, 135915, 137025, 137945, 139010, 140119, 141292, 141819, 143036, 144115, 144836, 145467, 146204, 147199, 147970, 148524, 149174, 149826, 150415, 151050, 151750, 151782, 152642, 153512, 154370, 155097, 155833, 156656, 157402, 158310, 159959, 161492, 162838, 163842, 164742, 165718, 166050, 166785, 166802, 166986, 167767, 168846, 169907, 170887, 171142, 171999, 172797, 173309, 173904, 174870, 175805, 176792, 177328, 177825, 178734, 179624, 179964, 181116, 182282, 183159, 184366, 185363, 186348, 186361, 186366, 187222, 187994, 188487, 188982, 189772, 190236, 191101, 191846, 193127, 194017, 194743, 195537]
15,36,[18672, 21815, 25234, 28892, 28921, 29444, 35322, 36074, 36105, 38145, 38926, 40346, 53809, 74471, 75799, 76330, 77816, 87421, 91817, 91826, 91839, 91860, 94603, 103517, 108244, 119277, 125365, 131964, 134899, 140406, 141632, 142720, 150743, 157083, 157101, 157117]
16,5,[3237, 3255, 6079, 12495, 35697]
17,32,[798, 22011, 22036, 22392, 23174, 23177, 23234, 24159, 33966, 36740, 51785, 54171, 60070, 78018, 78042, 78045, 78121, 85373, 86551, 87818, 87978, 87986, 101651, 105030, 119261, 119751, 119786, 119821, 121903, 164385, 167500, 189571]
18,4,[99582, 100117, 100183, 147582]
19,3,[3426, 3559, 3563]
20,21,[2978, 3114, 9154, 9884, 10295, 10882, 11514, 14448, 18468, 28592, 31759, 33223, 36849, 37136, 53221, 53296, 55664, 58900, 59509, 63300, 64340]
21,5,[4859, 5540, 21536, 21838, 29004]
22,22,[1325, 1377, 2428, 4872, 14255, 16262, 46738, 58078, 68743, 68915, 114079, 114085, 114391, 114395, 129593, 134833, 139341, 140806, 141508, 141867, 154336, 154594]
23,6,[49, 3333, 3508, 14877, 14977, 17569]
24,2,[40713, 40747]
25,235,[2586, 3144, 3412, 4389, 5291, 6231, 6784, 7478, 8227, 9571, 10746, 11630, 12831, 13746, 14659, 15377, 15531, 16255, 17083, 17865, 18043, 18830, 19555, 20434, 21059, 21734, 22673, 23540, 24840, 25324, 26020, 27147, 27868, 28732, 29508, 30375, 31165, 32105, 32860, 33426, 34227, 35101, 36159, 37292, 37722, 38124, 39133, 39895, 40697, 41414, 42253, 43254, 44369, 45442, 45605, 46367, 47026, 47685, 48634, 49634, 50760, 51893, 52726, 53658, 54260, 54905, 55771, 56880, 58088, 58699, 59532, 60334, 61162, 61734, 63310, 64036, 64749, 65726, 65737, 66391, 67118, 67841, 68397, 69288, 69698, 70425, 71250, 72154, 73177, 74175, 75438, 76380, 77205, 78780, 79933, 81161, 82307, 83368, 84616, 85700, 86584, 87558, 88783, 89600, 90634, 91552, 92210, 92367, 93030, 94007, 94781, 95570, 97001, 97765, 98749, 99622, 99764, 100175, 100339, 100935, 101516, 102432, 103238, 104429, 105126, 106007, 106701, 107238, 107814, 108516, 109326, 110043, 110556, 111683, 112452, 112546, 113020, 113794, 114346, 115228, 116006, 116760, 117441, 117621, 118362, 118526, 119326, 120117, 120737, 121671, 122738, 123528, 124383, 124937, 125438, 126028, 126207, 126998, 127731, 128907, 130136, 131193, 132085, 133066, 134277, 135405, 135864, 137098, 138145, 138827, 139404, 140111, 141152, 141937, 142439, 143048, 143646, 144188, 144777, 145403, 145433, 146267, 147026, 147824, 148502, 149213, 149983, 150676, 151576, 153060, 154743, 156031, 157006, 157885, 158847, 159144, 159815, 159829, 160012, 160838, 161900, 162961, 163895, 164207, 165146, 165926, 166369, 166910, 167816, 168695, 169645, 170116, 170540, 171385, 172220, 172550, 173695, 174839, 175685, 176828, 177781, 178717, 178728, 178733, 179501, 180241, 180745, 181191, 181984, 182518, 183783, 184976, 185852, 186560, 187307]
26,18,[1617, 3442, 3585, 9708, 10437, 10848, 15048, 18937, 19179, 35006, 38052, 54342, 54420, 56824, 60121, 60789, 64664, 65738]
27,12,[3097, 3211, 17915, 28419, 29526, 43804, 44622, 51455, 59465, 76999, 86063, 102475]
30,158,[2383, 2532, 3016, 5048, 5229, 5328, 5363, 7117, 7393, 8278, 8291, 8391, 8519, 8597, 10197, 10676, 10709, 10744, 10780, 11750, 12575, 15364, 17172, 17552, 17617, 19005, 21433, 21552, 25629, 28963, 29004, 29081, 30177, 32149, 38199, 38829, 39482, 44439, 65553, 65703, 70744, 70746, 71798, 73205, 74536, 74886, 85790, 89699, 90061, 90082, 98092, 118916, 130694, 133476, 153402, 156893, 161643, 161668, 162464, 164273, 183668, 183723, 185229, 185238, 189021, 191170, 197047, 197066, 210651, 238593, 239069, 239152, 239795, 239841, 239863, 242979, 250093, 251028, 252887, 282600, 296791, 297681, 298375, 300414, 301167, 301565, 301655, 304882, 309240, 315364, 323245, 328114, 330737, 330748, 330769, 350985, 357024, 357487, 358105, 366756, 392132, 401849, 404392, 404411, 405490, 437386, 437436, 461118, 471890, 496209, 496429, 496449, 496498, 501950, 507591, 512924, 525818, 528524, 529342, 534047, 549096, 550255, 550269, 550282, 550292, 550305, 550312, 550323, 550348, 555199, 555532, 555827, 555848, 556058, 556076, 560660, 562097, 564930, 568417, 576704, 577133, 579704, 580230, 588268, 597773, 604927, 605022, 605030, 621887, 625393, 628921, 629064, 629079, 629465, 629689, 629736, 630014, 635974]
10,158,[2476, 2625, 3110, 5142, 5323, 5422, 5457, 7211, 7487, 8372, 8385, 8485, 8613, 8691, 10291, 10770, 10803, 10838, 10874, 11844, 12669, 15458, 17266, 17646, 17711, 19099, 21527, 21646, 25723, 29057, 29098, 29175, 30271, 32247, 38297, 38927, 39580, 44537, 65656, 65806, 70847, 70849, 71901, 73308, 74639, 74989, 85897, 89806, 90168, 90189, 98199, 119027, 130806, 133588, 153515, 157006, 161757, 161782, 162587, 164396, 183800, 183855, 185361, 185370, 189153, 191302, 197179, 197198, 210793, 238746, 239222, 239305, 239948, 239994, 240016, 243132, 250246, 251181, 253040, 282755, 296949, 297839, 298533, 300572, 301325, 301723, 301813, 305040, 309398, 315523, 323404, 328273, 330896, 330907, 330928, 351144, 357184, 357647, 358265, 366919, 392295, 402015, 404558, 404577, 405656, 437556, 437606, 461288, 472060, 496378, 496598, 496618, 496667, 502119, 507760, 513093, 525990, 528699, 529517, 534222, 549274, 550433, 550447, 550460, 550470, 550483, 550490, 550501, 550526, 555377, 555710, 556005, 556026, 556236, 556254, 560838, 562275, 565110, 568597, 576884, 577313, 579884, 580410, 588453, 597964, 605129, 605224, 605232, 622139, 625650, 629184, 629327, 629342, 629728, 629952, 629999, 630277, 636249]
14,236,[2285, 2794, 3003, 4030, 4912, 5907, 6531, 7266, 7988, 9314, 10567, 11497, 12766, 13757, 14691, 15460, 15622, 16442, 17330, 18215, 18403, 19249, 20036, 20811, 21497, 22214, 23226, 24198, 25579, 26113, 26875, 28029, 28796, 29723, 30499, 31444, 32287, 33268, 34079, 34713, 35589, 36469, 37555, 38729, 39209, 39673, 40702, 41501, 42354, 43171, 44063, 45078, 46245, 47293, 47458, 48253, 48943, 49633, 50642, 51744, 52935, 54056, 54914, 55994, 56647, 57276, 58149, 59229, 60499, 61167, 61967, 62781, 63666, 64150, 65251, 66295, 67124, 67936, 68952, 68965, 69582, 70358, 71138, 71745, 72743, 73211, 73992, 74847, 75773, 76769, 77811, 79038, 80005, 80897, 82499, 83660, 84829, 85949, 87065, 88297, 89409, 90325, 91387, 92688, 93573, 94606, 95598, 96271, 96449, 97137, 98110, 98865, 99715, 101124, 101932, 102902, 103740, 104361, 104535, 105188, 105842, 106815, 107666, 108954, 109716, 110464, 111217, 111828, 112472, 113230, 114073, 114898, 115470, 116644, 117487, 117599, 118116, 118836, 119403, 120316, 121102, 121834, 122610, 122804, 123515, 123689, 124547, 125418, 126028, 126997, 128180, 129015, 129900, 130522, 131085, 131718, 131904, 132740, 133436, 134684, 135915, 137025, 137945, 139010, 140119, 141292, 141819, 143036, 144115, 144836, 145467, 146204, 147199, 147970, 148524, 149174, 149826, 150415, 151050, 151750, 151782, 152642, 153512, 154370, 155097, 155833, 156656, 157402, 158310, 159959, 161492, 162838, 163842, 164742, 165718, 166050, 166785, 166802, 166986, 167767, 168846, 169907, 170887, 171142, 171999, 172797, 173309, 173904, 174870, 175805, 176792, 177328, 177825, 178734, 179624, 179964, 181116, 182282, 183159, 184366, 185363, 186348, 186361, 186366, 187222, 187994, 188487, 188982, 189772, 190236, 191101, 191846, 193127, 194017, 194743, 195537]
15,36,[18672, 21815, 25234, 28892, 28921, 29444, 35322, 36074, 36105, 38145, 38926, 40346, 53809, 74471, 75799, 76330, 77816, 87421, 91817, 91826, 91839, 91860, 94603, 103517, 108244, 119277, 125365, 131964, 134899, 140406, 141632, 142720, 150743, 157083, 157101, 157117]
16,5,[3237, 3255, 6079, 12495, 35697]
17,32,[798, 22011, 22036, 22392, 23174, 23177, 23234, 24159, 33966, 36740, 51785, 54171, 60070, 78018, 78042, 78045, 78121, 85373, 86551, 87818, 87978, 87986, 101651, 105030, 119261, 119751, 119786, 119821, 121903, 164385, 167500, 189571]
18,4,[99582, 100117, 100183, 147582]
19,3,[3426, 3559, 3563]
20,21,[2978, 3114, 9154, 9884, 10295, 10882, 11514, 14448, 18468, 28592, 31759, 33223, 36849, 37136, 53221, 53296, 55664, 58900, 59509, 63300, 64340]
21,5,[4859, 5540, 21536, 21838, 29004]
22,22,[1325, 1377, 2428, 4872, 14255, 16262, 46738, 58078, 68743, 68915, 114079, 114085, 114391, 114395, 129593, 134833, 139341, 140806, 141508, 141867, 154336, 154594]
23,6,[49, 3333, 3508, 14877, 14977, 17569]
24,2,[40713, 40747]
25,235,[2586, 3144, 3412, 4389, 5291, 6231, 6784, 7478, 8227, 9571, 10746, 11630, 12831, 13746, 14659, 15377, 15531, 16255, 17083, 17865, 18043, 18830, 19555, 20434, 21059, 21734, 22673, 23540, 24840, 25324, 26020, 27147, 27868, 28732, 29508, 30375, 31165, 32105, 32860, 33426, 34227, 35101, 36159, 37292, 37722, 38124, 39133, 39895, 40697, 41414, 42253, 43254, 44369, 45442, 45605, 46367, 47026, 47685, 48634, 49634, 50760, 51893, 52726, 53658, 54260, 54905, 55771, 56880, 58088, 58699, 59532, 60334, 61162, 61734, 63310, 64036, 64749, 65726, 65737, 66391, 67118, 67841, 68397, 69288, 69698, 70425, 71250, 72154, 73177, 74175, 75438, 76380, 77205, 78780, 79933, 81161, 82307, 83368, 84616, 85700, 86584, 87558, 88783, 89600, 90634, 91552, 92210, 92367, 93030, 94007, 94781, 95570, 97001, 97765, 98749, 99622, 99764, 100175, 100339, 100935, 101516, 102432, 103238, 104429, 105126, 106007, 106701, 107238, 107814, 108516, 109326, 110043, 110556, 111683, 112452, 112546, 113020, 113794, 114346, 115228, 116006, 116760, 117441, 117621, 118362, 118526, 119326, 120117, 120737, 121671, 122738, 123528, 124383, 124937, 125438, 126028, 126207, 126998, 127731, 128907, 130136, 131193, 132085, 133066, 134277, 135405, 135864, 137098, 138145, 138827, 139404, 140111, 141152, 141937, 142439, 143048, 143646, 144188, 144777, 145403, 145433, 146267, 147026, 147824, 148502, 149213, 149983, 150676, 151576, 153060, 154743, 156031, 157006, 157885, 158847, 159144, 159815, 159829, 160012, 160838, 161900, 162961, 163895, 164207, 165146, 165926, 166369, 166910, 167816, 168695, 169645, 170116, 170540, 171385, 172220, 172550, 173695, 174839, 175685, 176828, 177781, 178717, 178728, 178733, 179501, 180241, 180745, 181191, 181984, 182518, 183783, 184976, 185852, 186560, 187307]
26,18,[1617, 3442, 3585, 9708, 10437, 10848, 15048, 18937, 19179, 35006, 38052, 54342, 54420, 56824, 60121, 60789, 64664, 65738]
27,12,[3097, 3211, 17915, 28419, 29526, 43804, 44622, 51455, 59465, 76999, 86063, 102475]
30,158,[2383, 2532, 3016, 5048, 5229, 5328, 5363, 7117, 7393, 8278, 8291, 8391, 8519, 8597, 10197, 10676, 10709, 10744, 10780, 11750, 12575, 15364, 17172, 17552, 17617, 19005, 21433, 21552, 25629, 28963, 29004, 29081, 30177, 32149, 38199, 38829, 39482, 44439, 65553, 65703, 70744, 70746, 71798, 73205, 74536, 74886, 85790, 89699, 90061, 90082, 98092, 118916, 130694, 133476, 153402, 156893, 161643, 161668, 162464, 164273, 183668, 183723, 185229, 185238, 189021, 191170, 197047, 197066, 210651, 238593, 239069, 239152, 239795, 239841, 239863, 242979, 250093, 251028, 252887, 282600, 296791, 297681, 298375, 300414, 301167, 301565, 301655, 304882, 309240, 315364, 323245, 328114, 330737, 330748, 330769, 350985, 357024, 357487, 358105, 366756, 392132, 401849, 404392, 404411, 405490, 437386, 437436, 461118, 471890, 496209, 496429, 496449, 496498, 501950, 507591, 512924, 525818, 528524, 529342, 534047, 549096, 550255, 550269, 550282, 550292, 550305, 550312, 550323, 550348, 555199, 555532, 555827, 555848, 556058, 556076, 560660, 562097, 564930, 568417, 576704, 577133, 579704, 580230, 588268, 597773, 604927, 605022, 605030, 621887, 625393, 628921, 629064, 629079, 629465, 629689, 629736, 630014, 635974]
