10,8,[33388, 38227, 45432, 115436, 122934, 221463, 221473, 498631]
13,1,[431]
15,1,[59161]
17,2,[177989, 211251]
18,2,[47567, 61022]
20,2,[2945, 16934]
22,5,[19588, 122334, 122377, 122942, 125307]
24,3,[10369, 21248, 28469]
25,1,[81645]
30,8,[33290, 38129, 45334, 115325, 122823, 221313, 221323, 498462]
10,8,[33388, 38227, 45432, 115436, 122934, 221463, 221473, 498631]
13,1,[431]
15,1,[59161]
17,2,[177989, 211251]
18,2,[47567, 61022]
20,2,[2945, 16934]
22,5,[19588, 122334, 122377, 122942, 125307]
24,3,[10369, 21248, 28469]
25,1,[81645]
30,8,[33290, 38129, 45334, 115325, 122823, 221313, 221323, 498462]
