10,20,[41064, 50102, 59997, 60293, 60464, 60600, 60713, 60999, 63113, 63879, 308789, 361788, 458104, 458133, 458217, 467340, 480584, 489792, 514895, 527485]
11,4,[11616, 11687, 11768, 15850]
14,27,[6934, 19548, 19583, 30023, 34324, 44419, 50161, 53587, 56194, 64576, 68307, 69866, 69898, 77276, 84054, 87639, 90632, 102281, 108301, 127536, 136448, 144417, 172341, 181623, 181650, 182661, 183415]
15,54,[6847, 13034, 14835, 15087, 17466, 18840, 19765, 24007, 25111, 38907, 42007, 42561, 43827, 44269, 49176, 63398, 65207, 67838, 69863, 70042, 71242, 76012, 76451, 80560, 86683, 86742, 102238, 105274, 105569, 105766, 107421, 108499, 110392, 112027, 112756, 112816, 113700, 118717, 126281, 133988, 141696, 141882, 145245, 149619, 151148, 152131, 153735, 158117, 160066, 165329, 166274, 168810, 169510, 170755]
16,2,[1356, 14962]
17,2,[201075, 201199]
19,13,[8389, 9016, 9021, 9062, 9139, 9333, 9495, 18246, 20651, 20759, 20812, 20981, 22814]
20,8,[1483, 2056, 10439, 16319, 32429, 35381, 35872, 61171]
21,1,[28984]
22,27,[1390, 5659, 7947, 9717, 20687, 26287, 28766, 29159, 29169, 29775, 29993, 33722, 36817, 41907, 42261, 42267, 61146, 77708, 78224, 78293, 86541, 124036, 127273, 127676, 131247, 136759, 137838]
24,8,[2783, 5303, 5347, 5474, 5508, 27624, 32105, 37964]
25,27,[19122, 19155, 29078, 33079, 42604, 48176, 51476, 53836, 65143, 65980, 66666, 66698, 73672, 80347, 83942, 86875, 98166, 103826, 122176, 130639, 138449, 165513, 174194, 174221, 175222, 175942, 196496]
26,8,[1858, 2442, 10993, 16968, 33303, 36276, 36772, 62471]
27,32,[1821, 5819, 6773, 6782, 7246, 11585, 12754, 13940, 15131, 15176, 19079, 28439, 35278, 37814, 41373, 42101, 48415, 49181, 49243, 56506, 56591, 56875, 67800, 69559, 76303, 94953, 95011, 100178, 100477, 102383, 103750, 109397]
30,20,[40966, 50004, 59894, 60190, 60361, 60497, 60610, 60896, 63010, 63776, 308631, 361628, 457934, 457963, 458047, 467169, 480416, 489632, 514726, 527313]
10,20,[41064, 50102, 59997, 60293, 60464, 60600, 60713, 60999, 63113, 63879, 308789, 361788, 458104, 458133, 458217, 467340, 480584, 489792, 514895, 527485]
11,4,[11616, 11687, 11768, 15850]
14,27,[6934, 19548, 19583, 30023, 34324, 44419, 50161, 53587, 56194, 64576, 68307, 69866, 69898, 77276, 84054, 87639, 90632, 102281, 108301, 127536, 136448, 144417, 172341, 181623, 181650, 182661, 183415]
15,54,[6847, 13034, 14835, 15087, 17466, 18840, 19765, 24007, 25111, 38907, 42007, 42561, 43827, 44269, 49176, 63398, 65207, 67838, 69863, 70042, 71242, 76012, 76451, 80560, 86683, 86742, 102238, 105274, 105569, 105766, 107421, 108499, 110392, 112027, 112756, 112816, 113700, 118717, 126281, 133988, 141696, 141882, 145245, 149619, 151148, 152131, 153735, 158117, 160066, 165329, 166274, 168810, 169510, 170755]
16,2,[1356, 14962]
17,2,[201075, 201199]
19,13,[8389, 9016, 9021, 9062, 9139, 9333, 9495, 18246, 20651, 20759, 20812, 20981, 22814]
20,8,[1483, 2056, 10439, 16319, 32429, 35381, 35872, 61171]
21,1,[28984]
22,27,[1390, 5659, 7947, 9717, 20687, 26287, 28766, 29159, 29169, 29775, 29993, 33722, 36817, 41907, 42261, 42267, 61146, 77708, 78224, 78293, 86541, 124036, 127273, 127676, 131247, 136759, 137838]
24,8,[2783, 5303, 5347, 5474, 5508, 27624, 32105, 37964]
25,27,[19122, 19155, 29078, 33079, 42604, 48176, 51476, 53836, 65143, 65980, 66666, 66698, 73672, 80347, 83942, 86875, 98166, 103826, 122176, 130639, 138449, 165513, 174194, 174221, 175222, 175942, 196496]
26,8,[1858, 2442, 10993, 16968, 33303, 36276, 36772, 62471]
27,32,[1821, 5819, 6773, 6782, 7246, 11585, 12754, 13940, 15131, 15176, 19079, 28439, 35278, 37814, 41373, 42101, 48415, 49181, 49243, 56506, 56591, 56875, 67800, 69559, 76303, 94953, 95011, 100178, 100477, 102383, 103750, 109397]
30,20,[40966, 50004, 59894, 60190, 60361, 60497, 60610, 60896, 63010, 63776, 308631, 361628, 457934, 457963, 458047, 467169, 480416, 489632, 514726, 527313]
