10,2,[352859, 376652]
15,1,[13110]
17,36,[770, 14354, 14425, 14440, 105773, 105838, 105875, 105922, 110523, 110529, 134008, 134681, 136157, 136205, 136284, 136737, 137024, 137102, 137126, 137488, 137505, 137880, 138041, 138061, 138101, 140343, 149429, 150688, 150902, 150915, 153010, 153024, 154297, 169550, 169559, 175937]
22,2,[126663, 148036]
25,1,[168155]
27,1,[38942]
30,2,[352700, 376489]
10,2,[352859, 376652]
15,1,[13110]
17,36,[770, 14354, 14425, 14440, 105773, 105838, 105875, 105922, 110523, 110529, 134008, 134681, 136157, 136205, 136284, 136737, 137024, 137102, 137126, 137488, 137505, 137880, 138041, 138061, 138101, 140343, 149429, 150688, 150902, 150915, 153010, 153024, 154297, 169550, 169559, 175937]
22,2,[126663, 148036]
25,1,[168155]
27,1,[38942]
30,2,[352700, 376489]
