10,39,[7514, 14192, 27314, 82535, 186448, 192712, 196165, 202495, 266836, 266839, 266914, 266930, 274062, 303338, 306510, 315265, 326350, 337196, 362201, 370179, 384971, 385067, 391145, 395041, 395042, 411552, 427890, 428300, 431029, 433383, 564825, 600922, 608375, 608733, 610954, 617704, 617772, 617886, 629481]
15,11,[43578, 54477, 78757, 83307, 125518, 130724, 132901, 137067, 138727, 139047, 153035]
17,8,[18680, 18820, 67566, 87908, 109821, 117756, 180709, 180758]
18,2,[29516, 59818]
20,3,[4204, 9904, 10312]
22,4,[28874, 30255, 110964, 148948]
26,3,[4706, 10457, 10865]
30,39,[7420, 14098, 27220, 82428, 186316, 192580, 196033, 202353, 266680, 266683, 266758, 266774, 273906, 303180, 306352, 315106, 326191, 337037, 362041, 370016, 384808, 384904, 390982, 394875, 394876, 411386, 427723, 428133, 430859, 433213, 564645, 600725, 608163, 608521, 610737, 617457, 617525, 617639, 629218]
10,39,[7514, 14192, 27314, 82535, 186448, 192712, 196165, 202495, 266836, 266839, 266914, 266930, 274062, 303338, 306510, 315265, 326350, 337196, 362201, 370179, 384971, 385067, 391145, 395041, 395042, 411552, 427890, 428300, 431029, 433383, 564825, 600922, 608375, 608733, 610954, 617704, 617772, 617886, 629481]
15,11,[43578, 54477, 78757, 83307, 125518, 130724, 132901, 137067, 138727, 139047, 153035]
17,8,[18680, 18820, 67566, 87908, 109821, 117756, 180709, 180758]
18,2,[29516, 59818]
20,3,[4204, 9904, 10312]
22,4,[28874, 30255, 110964, 148948]
26,3,[4706, 10457, 10865]
30,39,[7420, 14098, 27220, 82428, 186316, 192580, 196033, 202353, 266680, 266683, 266758, 266774, 273906, 303180, 306352, 315106, 326191, 337037, 362041, 370016, 384808, 384904, 390982, 394875, 394876, 411386, 427723, 428133, 430859, 433213, 564645, 600725, 608163, 608521, 610737, 617457, 617525, 617639, 629218]
