8,1,[353]
10,361,[1991, 7304, 8787, 9493, 10968, 14376, 15423, 16567, 19287, 19292, 22842, 23900, 25811, 25825, 27218, 27345, 27372, 28593, 29638, 29645, 29718, 29755, 29777, 29845, 31025, 32704, 38615, 38784, 38800, 38856, 38891, 38940, 39694, 39755, 39765, 39774, 41641, 41666, 41780, 41884, 41964, 42102, 42260, 42327, 43066, 45978, 45983, 46060, 46220, 49869, 50413, 50418, 50427, 50642, 50684, 53967, 53977, 54210, 58370, 61672, 62222, 62840, 63384, 63397, 63554, 63575, 72750, 72790, 72954, 73020, 73026, 73601, 73818, 73827, 73980, 74086, 74154, 74790, 76398, 76822, 76828, 76837, 80989, 83114, 83124, 83171, 85795, 88808, 89921, 94050, 94061, 98841, 99194, 110823, 110929, 111492, 111722, 115963, 115971, 115975, 116009, 116119, 116378, 120058, 124534, 133784, 133941, 148981, 149476, 149510, 149730, 153698, 157212, 157600, 159898, 160641, 162576, 163363, 163379, 166500, 167174, 167190, 172074, 175937, 175952, 175959, 176001, 176017, 176021, 176035, 176608, 178368, 180829, 180891, 180958, 181565, 181598, 184474, 184603, 186039, 187407, 187486, 189220, 189338, 189379, 192419, 192453, 211008, 211023, 211162, 211176, 211194, 211234, 211249, 211317, 211331, 211351, 214169, 214175, 214273, 214686, 214895, 217654, 217672, 217725, 218898, 221601, 221610, 222422, 223756, 233253, 236420, 237821, 238539, 246584, 247886, 260106, 265033, 272456, 272659, 276519, 280689, 282835, 286056, 286076, 286175, 288651, 291429, 301920, 304078, 305409, 305592, 307554, 310989, 313303, 318961, 320037, 322544, 328477, 329502, 333971, 334015, 334767, 335233, 335512, 337068, 341309, 341850, 346364, 347096, 348013, 348158, 349097, 349120, 352152, 352191, 352866, 353201, 354328, 355400, 355433, 356722, 360018, 360127, 360590, 364166, 364284, 364653, 371769, 374864, 375919, 376010, 377215, 378477, 382960, 383065, 386381, 387694, 387896, 388906, 395717, 416530, 416538, 416816, 418410, 419275, 426584, 427311, 427652, 429422, 429877, 429904, 431862, 431950, 432006, 432018, 432024, 432042, 432530, 435928, 435963, 436621, 437075, 438725, 439813, 440012, 444948, 445045, 458537, 458673, 459906, 469705, 472111, 474227, 474237, 478725, 480044, 480417, 481100, 489304, 494897, 497450, 497460, 498951, 499540, 505165, 505524, 505692, 505891, 505917, 505934, 505972, 505994, 512958, 513115, 517244, 519181, 519747, 519772, 520137, 520219, 520591, 520850, 521018, 521053, 521065, 525602, 525809, 525997, 531132, 531144, 534326, 535888, 537905, 538045, 540706, 540984, 541635, 546198, 546279, 546461, 548770, 548858, 552763, 552784, 553117, 553283, 553302, 553311, 553316, 553338, 553345, 553458, 553563, 553577, 553593, 553603, 553610, 553711, 553729, 559155, 564058, 564125, 565727, 565782, 572476, 578339, 578364, 578452, 583601, 593532, 595703, 595717, 595727, 596342, 596387, 596403, 596429, 601978, 613555, 613640]
11,7,[10951, 11751, 18408, 18598, 18795, 18902, 18936]
12,15,[6573, 6581, 8410, 9792, 9795, 15291, 15441, 15497, 15564, 15590, 15643, 15978, 18980, 20184, 20394]
14,3,[86551, 87931, 90022]
15,16,[2338, 26375, 31576, 36517, 46192, 47424, 47604, 122311, 136104, 136115, 136219, 136516, 136574, 145027, 149726, 163383]
16,1,[8437]
17,22,[27408, 31209, 31334, 31700, 85984, 89228, 89241, 178950, 181314, 181325, 181347, 181352, 181412, 181441, 183442, 183462, 183495, 183509, 183522, 187371, 213564, 213869]
20,3,[50897, 56120, 62617]
21,4,[9517, 13595, 17791, 25958]
22,19,[40723, 40724, 40736, 40737, 40772, 41091, 92062, 92703, 102071, 104655, 105130, 105139, 119557, 125029, 131239, 154133, 158286, 158778, 160128]
23,7,[11445, 11710, 11739, 11754, 27365, 30466, 30665]
24,8,[7154, 9780, 9787, 9793, 12729, 28287, 28309, 37589]
25,3,[82891, 84262, 86317]
26,3,[51952, 57276, 63956]
27,13,[3405, 11638, 15307, 27673, 27686, 27695, 27791, 38924, 39331, 58864, 60580, 82618, 94856]
28,1,[3036]
30,361,[1898, 7210, 8693, 9399, 10874, 14282, 15329, 16473, 19193, 19198, 22748, 23806, 25717, 25731, 27124, 27251, 27278, 28499, 29544, 29551, 29624, 29661, 29683, 29751, 30931, 32606, 38517, 38686, 38702, 38758, 38793, 38842, 39596, 39657, 39667, 39676, 41543, 41568, 41682, 41786, 41866, 42004, 42162, 42229, 42968, 45880, 45885, 45962, 46122, 49771, 50315, 50320, 50329, 50544, 50586, 53868, 53878, 54111, 58271, 61569, 62119, 62737, 63281, 63294, 63451, 63472, 72647, 72687, 72851, 72917, 72923, 73498, 73715, 73724, 73877, 73983, 74051, 74687, 76295, 76719, 76725, 76734, 80882, 83007, 83017, 83064, 85688, 88701, 89814, 93943, 93954, 98734, 99087, 110712, 110818, 111381, 111611, 115852, 115860, 115864, 115898, 116008, 116267, 119947, 124423, 133672, 133829, 148868, 149363, 149397, 149617, 153585, 157099, 157487, 159784, 160527, 162453, 163240, 163256, 166377, 167051, 167067, 171951, 175814, 175829, 175836, 175878, 175894, 175898, 175912, 176485, 178245, 180706, 180768, 180835, 181442, 181475, 184342, 184471, 185907, 187275, 187354, 189088, 189206, 189247, 192287, 192321, 210866, 210881, 211020, 211034, 211052, 211092, 211107, 211175, 211189, 211209, 214027, 214033, 214131, 214544, 214753, 217514, 217532, 217585, 218758, 221451, 221460, 222272, 223606, 233103, 236270, 237671, 238389, 246431, 247733, 259950, 264877, 272300, 272503, 276363, 280534, 282680, 285900, 285920, 286019, 288495, 291273, 301762, 303920, 305251, 305434, 307396, 310831, 313144, 318802, 319878, 322385, 328318, 329343, 333812, 333856, 334608, 335074, 335353, 336909, 341150, 341691, 346205, 346937, 347854, 347999, 348938, 348961, 351993, 352032, 352707, 353042, 354169, 355241, 355274, 356563, 359858, 359967, 360430, 364003, 364121, 364490, 371606, 374701, 375756, 375847, 377052, 378314, 382797, 382902, 386218, 387531, 387733, 388743, 395551, 416364, 416372, 416650, 418244, 419109, 426418, 427145, 427485, 429255, 429710, 429737, 431692, 431780, 431836, 431848, 431854, 431872, 432360, 435758, 435793, 436451, 436905, 438555, 439643, 439842, 444778, 444875, 458367, 458503, 459736, 469534, 471941, 474057, 474067, 478557, 479876, 480249, 480933, 489143, 494738, 497281, 497291, 498782, 499371, 504996, 505355, 505523, 505722, 505748, 505765, 505803, 505825, 512789, 512946, 517072, 519009, 519575, 519600, 519965, 520047, 520419, 520678, 520846, 520881, 520893, 525430, 525637, 525825, 530957, 530969, 534151, 535713, 537730, 537870, 540531, 540809, 541460, 546023, 546104, 546286, 548595, 548683, 552585, 552606, 552939, 553105, 553124, 553133, 553138, 553160, 553167, 553280, 553385, 553399, 553415, 553425, 553432, 553533, 553551, 558977, 563880, 563947, 565547, 565602, 572296, 578159, 578184, 578272, 583421, 593341, 595512, 595526, 595536, 596151, 596196, 596212, 596238, 601781, 613326, 613411]
8,1,[353]
10,361,[1991, 7304, 8787, 9493, 10968, 14376, 15423, 16567, 19287, 19292, 22842, 23900, 25811, 25825, 27218, 27345, 27372, 28593, 29638, 29645, 29718, 29755, 29777, 29845, 31025, 32704, 38615, 38784, 38800, 38856, 38891, 38940, 39694, 39755, 39765, 39774, 41641, 41666, 41780, 41884, 41964, 42102, 42260, 42327, 43066, 45978, 45983, 46060, 46220, 49869, 50413, 50418, 50427, 50642, 50684, 53967, 53977, 54210, 58370, 61672, 62222, 62840, 63384, 63397, 63554, 63575, 72750, 72790, 72954, 73020, 73026, 73601, 73818, 73827, 73980, 74086, 74154, 74790, 76398, 76822, 76828, 76837, 80989, 83114, 83124, 83171, 85795, 88808, 89921, 94050, 94061, 98841, 99194, 110823, 110929, 111492, 111722, 115963, 115971, 115975, 116009, 116119, 116378, 120058, 124534, 133784, 133941, 148981, 149476, 149510, 149730, 153698, 157212, 157600, 159898, 160641, 162576, 163363, 163379, 166500, 167174, 167190, 172074, 175937, 175952, 175959, 176001, 176017, 176021, 176035, 176608, 178368, 180829, 180891, 180958, 181565, 181598, 184474, 184603, 186039, 187407, 187486, 189220, 189338, 189379, 192419, 192453, 211008, 211023, 211162, 211176, 211194, 211234, 211249, 211317, 211331, 211351, 214169, 214175, 214273, 214686, 214895, 217654, 217672, 217725, 218898, 221601, 221610, 222422, 223756, 233253, 236420, 237821, 238539, 246584, 247886, 260106, 265033, 272456, 272659, 276519, 280689, 282835, 286056, 286076, 286175, 288651, 291429, 301920, 304078, 305409, 305592, 307554, 310989, 313303, 318961, 320037, 322544, 328477, 329502, 333971, 334015, 334767, 335233, 335512, 337068, 341309, 341850, 346364, 347096, 348013, 348158, 349097, 349120, 352152, 352191, 352866, 353201, 354328, 355400, 355433, 356722, 360018, 360127, 360590, 364166, 364284, 364653, 371769, 374864, 375919, 376010, 377215, 378477, 382960, 383065, 386381, 387694, 387896, 388906, 395717, 416530, 416538, 416816, 418410, 419275, 426584, 427311, 427652, 429422, 429877, 429904, 431862, 431950, 432006, 432018, 432024, 432042, 432530, 435928, 435963, 436621, 437075, 438725, 439813, 440012, 444948, 445045, 458537, 458673, 459906, 469705, 472111, 474227, 474237, 478725, 480044, 480417, 481100, 489304, 494897, 497450, 497460, 498951, 499540, 505165, 505524, 505692, 505891, 505917, 505934, 505972, 505994, 512958, 513115, 517244, 519181, 519747, 519772, 520137, 520219, 520591, 520850, 521018, 521053, 521065, 525602, 525809, 525997, 531132, 531144, 534326, 535888, 537905, 538045, 540706, 540984, 541635, 546198, 546279, 546461, 548770, 548858, 552763, 552784, 553117, 553283, 553302, 553311, 553316, 553338, 553345, 553458, 553563, 553577, 553593, 553603, 553610, 553711, 553729, 559155, 564058, 564125, 565727, 565782, 572476, 578339, 578364, 578452, 583601, 593532, 595703, 595717, 595727, 596342, 596387, 596403, 596429, 601978, 613555, 613640]
11,7,[10951, 11751, 18408, 18598, 18795, 18902, 18936]
12,15,[6573, 6581, 8410, 9792, 9795, 15291, 15441, 15497, 15564, 15590, 15643, 15978, 18980, 20184, 20394]
14,3,[86551, 87931, 90022]
15,16,[2338, 26375, 31576, 36517, 46192, 47424, 47604, 122311, 136104, 136115, 136219, 136516, 136574, 145027, 149726, 163383]
16,1,[8437]
17,22,[27408, 31209, 31334, 31700, 85984, 89228, 89241, 178950, 181314, 181325, 181347, 181352, 181412, 181441, 183442, 183462, 183495, 183509, 183522, 187371, 213564, 213869]
20,3,[50897, 56120, 62617]
21,4,[9517, 13595, 17791, 25958]
22,19,[40723, 40724, 40736, 40737, 40772, 41091, 92062, 92703, 102071, 104655, 105130, 105139, 119557, 125029, 131239, 154133, 158286, 158778, 160128]
23,7,[11445, 11710, 11739, 11754, 27365, 30466, 30665]
24,8,[7154, 9780, 9787, 9793, 12729, 28287, 28309, 37589]
25,3,[82891, 84262, 86317]
26,3,[51952, 57276, 63956]
27,13,[3405, 11638, 15307, 27673, 27686, 27695, 27791, 38924, 39331, 58864, 60580, 82618, 94856]
28,1,[3036]
30,361,[1898, 7210, 8693, 9399, 10874, 14282, 15329, 16473, 19193, 19198, 22748, 23806, 25717, 25731, 27124, 27251, 27278, 28499, 29544, 29551, 29624, 29661, 29683, 29751, 30931, 32606, 38517, 38686, 38702, 38758, 38793, 38842, 39596, 39657, 39667, 39676, 41543, 41568, 41682, 41786, 41866, 42004, 42162, 42229, 42968, 45880, 45885, 45962, 46122, 49771, 50315, 50320, 50329, 50544, 50586, 53868, 53878, 54111, 58271, 61569, 62119, 62737, 63281, 63294, 63451, 63472, 72647, 72687, 72851, 72917, 72923, 73498, 73715, 73724, 73877, 73983, 74051, 74687, 76295, 76719, 76725, 76734, 80882, 83007, 83017, 83064, 85688, 88701, 89814, 93943, 93954, 98734, 99087, 110712, 110818, 111381, 111611, 115852, 115860, 115864, 115898, 116008, 116267, 119947, 124423, 133672, 133829, 148868, 149363, 149397, 149617, 153585, 157099, 157487, 159784, 160527, 162453, 163240, 163256, 166377, 167051, 167067, 171951, 175814, 175829, 175836, 175878, 175894, 175898, 175912, 176485, 178245, 180706, 180768, 180835, 181442, 181475, 184342, 184471, 185907, 187275, 187354, 189088, 189206, 189247, 192287, 192321, 210866, 210881, 211020, 211034, 211052, 211092, 211107, 211175, 211189, 211209, 214027, 214033, 214131, 214544, 214753, 217514, 217532, 217585, 218758, 221451, 221460, 222272, 223606, 233103, 236270, 237671, 238389, 246431, 247733, 259950, 264877, 272300, 272503, 276363, 280534, 282680, 285900, 285920, 286019, 288495, 291273, 301762, 303920, 305251, 305434, 307396, 310831, 313144, 318802, 319878, 322385, 328318, 329343, 333812, 333856, 334608, 335074, 335353, 336909, 341150, 341691, 346205, 346937, 347854, 347999, 348938, 348961, 351993, 352032, 352707, 353042, 354169, 355241, 355274, 356563, 359858, 359967, 360430, 364003, 364121, 364490, 371606, 374701, 375756, 375847, 377052, 378314, 382797, 382902, 386218, 387531, 387733, 388743, 395551, 416364, 416372, 416650, 418244, 419109, 426418, 427145, 427485, 429255, 429710, 429737, 431692, 431780, 431836, 431848, 431854, 431872, 432360, 435758, 435793, 436451, 436905, 438555, 439643, 439842, 444778, 444875, 458367, 458503, 459736, 469534, 471941, 474057, 474067, 478557, 479876, 480249, 480933, 489143, 494738, 497281, 497291, 498782, 499371, 504996, 505355, 505523, 505722, 505748, 505765, 505803, 505825, 512789, 512946, 517072, 519009, 519575, 519600, 519965, 520047, 520419, 520678, 520846, 520881, 520893, 525430, 525637, 525825, 530957, 530969, 534151, 535713, 537730, 537870, 540531, 540809, 541460, 546023, 546104, 546286, 548595, 548683, 552585, 552606, 552939, 553105, 553124, 553133, 553138, 553160, 553167, 553280, 553385, 553399, 553415, 553425, 553432, 553533, 553551, 558977, 563880, 563947, 565547, 565602, 572296, 578159, 578184, 578272, 583421, 593341, 595512, 595526, 595536, 596151, 596196, 596212, 596238, 601781, 613326, 613411]
