10,89,[3396, 6899, 46947, 47083, 47240, 47270, 47616, 47752, 47927, 48623, 48642, 48742, 49198, 50985, 55323, 55445, 55533, 55860, 55950, 56040, 56326, 56436, 56782, 57292, 106046, 107041, 158332, 203657, 203683, 203691, 204053, 204475, 204555, 205066, 205101, 256779, 256796, 256884, 256891, 257124, 280171, 308947, 309355, 366504, 455417, 455420, 455564, 455626, 455746, 455782, 455820, 455928, 456185, 456503, 456525, 456572, 456577, 456609, 456630, 456643, 456667, 456748, 456852, 456920, 457289, 457329, 458101, 458109, 458146, 458163, 459336, 459361, 459388, 459444, 461478, 461516, 461542, 461549, 461632, 461643, 461672, 463955, 486259, 490131, 490928, 606895, 640081, 640626, 640641]
13,1,[520]
14,2,[139994, 197636]
15,10,[61383, 74767, 77379, 85918, 88134, 109792, 120157, 139710, 166714, 168463]
16,1,[11950]
17,1,[33555]
20,3,[10505, 53798, 61009]
22,11,[7442, 17471, 24664, 24736, 27555, 28164, 28166, 28228, 28230, 54684, 75672]
24,1,[10136]
25,1,[134166]
26,4,[11062, 15653, 54931, 62307]
27,8,[1020, 9519, 39115, 49524, 49951, 61759, 70807, 89871]
30,89,[3302, 6805, 46849, 46985, 47142, 47172, 47518, 47654, 47829, 48525, 48544, 48644, 49100, 50887, 55224, 55346, 55434, 55761, 55851, 55941, 56227, 56337, 56683, 57193, 105935, 106930, 158219, 203515, 203541, 203549, 203911, 204333, 204413, 204924, 204959, 256623, 256640, 256728, 256735, 256968, 280016, 308789, 309197, 366341, 455247, 455250, 455394, 455456, 455576, 455612, 455650, 455758, 456015, 456333, 456355, 456402, 456407, 456439, 456460, 456473, 456497, 456578, 456682, 456750, 457119, 457159, 457931, 457939, 457976, 457993, 459166, 459191, 459218, 459274, 461308, 461346, 461372, 461379, 461462, 461473, 461502, 463784, 486096, 489971, 490768, 606688, 639806, 640351, 640366]
10,89,[3396, 6899, 46947, 47083, 47240, 47270, 47616, 47752, 47927, 48623, 48642, 48742, 49198, 50985, 55323, 55445, 55533, 55860, 55950, 56040, 56326, 56436, 56782, 57292, 106046, 107041, 158332, 203657, 203683, 203691, 204053, 204475, 204555, 205066, 205101, 256779, 256796, 256884, 256891, 257124, 280171, 308947, 309355, 366504, 455417, 455420, 455564, 455626, 455746, 455782, 455820, 455928, 456185, 456503, 456525, 456572, 456577, 456609, 456630, 456643, 456667, 456748, 456852, 456920, 457289, 457329, 458101, 458109, 458146, 458163, 459336, 459361, 459388, 459444, 461478, 461516, 461542, 461549, 461632, 461643, 461672, 463955, 486259, 490131, 490928, 606895, 640081, 640626, 640641]
13,1,[520]
14,2,[139994, 197636]
15,10,[61383, 74767, 77379, 85918, 88134, 109792, 120157, 139710, 166714, 168463]
16,1,[11950]
17,1,[33555]
20,3,[10505, 53798, 61009]
22,11,[7442, 17471, 24664, 24736, 27555, 28164, 28166, 28228, 28230, 54684, 75672]
24,1,[10136]
25,1,[134166]
26,4,[11062, 15653, 54931, 62307]
27,8,[1020, 9519, 39115, 49524, 49951, 61759, 70807, 89871]
30,89,[3302, 6805, 46849, 46985, 47142, 47172, 47518, 47654, 47829, 48525, 48544, 48644, 49100, 50887, 55224, 55346, 55434, 55761, 55851, 55941, 56227, 56337, 56683, 57193, 105935, 106930, 158219, 203515, 203541, 203549, 203911, 204333, 204413, 204924, 204959, 256623, 256640, 256728, 256735, 256968, 280016, 308789, 309197, 366341, 455247, 455250, 455394, 455456, 455576, 455612, 455650, 455758, 456015, 456333, 456355, 456402, 456407, 456439, 456460, 456473, 456497, 456578, 456682, 456750, 457119, 457159, 457931, 457939, 457976, 457993, 459166, 459191, 459218, 459274, 461308, 461346, 461372, 461379, 461462, 461473, 461502, 463784, 486096, 489971, 490768, 606688, 639806, 640351, 640366]
