10,1,[42064]
15,9,[1297, 12768, 12774, 18674, 46478, 54777, 72503, 91504, 140443]
20,9,[9896, 14257, 18178, 22709, 48724, 58180, 58978, 60287, 62828]
21,1,[13212]
22,7,[1369, 135871, 135900, 136127, 145404, 145661, 155796]
24,1,[41260]
26,9,[10449, 14848, 18880, 23471, 49747, 59368, 60228, 61582, 64171]
27,1,[24282]
30,1,[41966]
10,1,[42064]
15,9,[1297, 12768, 12774, 18674, 46478, 54777, 72503, 91504, 140443]
20,9,[9896, 14257, 18178, 22709, 48724, 58180, 58978, 60287, 62828]
21,1,[13212]
22,7,[1369, 135871, 135900, 136127, 145404, 145661, 155796]
24,1,[41260]
26,9,[10449, 14848, 18880, 23471, 49747, 59368, 60228, 61582, 64171]
27,1,[24282]
30,1,[41966]
