6,1,[857]
10,564,[5013, 5073, 6701, 8091, 9569, 12923, 14099, 15663, 15873, 16687, 18577, 18632, 18781, 18922, 18925, 19129, 19285, 20587, 20880, 22340, 22391, 22402, 22420, 22467, 22503, 22530, 22553, 22564, 22575, 22589, 22615, 22657, 22685, 22805, 22875, 22907, 22960, 23099, 23275, 25931, 25946, 25991, 26008, 26042, 26115, 26222, 26409, 26479, 26515, 27683, 28085, 28136, 28153, 28161, 28177, 28413, 28422, 28436, 28454, 28603, 29265, 29279, 29376, 29405, 29419, 29484, 29502, 29606, 29631, 30308, 30686, 30772, 30831, 31156, 31457, 31595, 31613, 31662, 31695, 31799, 31923, 32502, 32514, 33849, 64300, 64356, 72831, 76091, 76138, 85552, 90657, 91868, 91989, 93335, 96898, 98444, 98477, 98522, 98525, 98534, 98539, 101859, 105306, 105571, 106014, 106116, 107213, 107256, 112219, 115458, 116945, 117076, 117140, 117265, 117415, 117478, 118327, 120731, 120889, 121189, 127741, 127933, 128104, 128841, 128857, 129294, 129438, 131783, 137372, 138813, 138825, 141795, 141824, 141936, 141994, 149799, 150189, 150249, 150305, 150751, 150787, 150921, 151164, 151550, 152023, 153975, 155890, 156440, 156446, 156573, 157726, 158263, 159630, 161607, 171913, 172500, 172514, 172529, 172622, 175537, 176276, 181927, 183633, 183931, 191950, 195039, 195787, 199564, 210506, 225544, 226790, 226803, 236423, 240380, 240722, 241040, 241103, 241210, 242053, 242102, 242803, 243153, 243748, 243985, 244030, 244111, 244204, 244237, 244363, 244506, 244601, 244606, 245847, 246431, 246565, 246650, 247314, 247326, 247339, 247351, 247362, 247372, 247415, 247500, 247526, 247536, 247545, 247980, 248386, 248400, 248418, 251810, 252052, 252471, 252501, 252674, 252724, 252736, 252746, 252756, 252766, 252776, 252786, 252796, 252806, 252816, 252826, 252836, 252846, 252856, 252866, 252876, 252886, 252896, 252906, 252918, 252930, 252942, 252954, 253064, 253082, 253100, 253140, 253347, 253372, 253451, 253475, 253540, 253955, 254343, 257929, 261524, 261835, 265453, 265488, 266503, 266567, 266799, 267193, 270559, 270673, 270822, 271446, 272030, 272289, 272349, 273313, 276156, 276176, 276269, 276470, 278557, 278567, 278766, 278809, 278833, 280646, 281093, 281675, 281719, 281731, 281859, 283186, 283471, 284335, 284781, 285123, 285439, 285658, 285694, 285765, 285850, 285864, 285899, 286051, 289466, 289578, 290197, 290232, 290257, 290333, 290364, 290643, 290664, 290670, 290807, 291041, 291726, 296907, 298979, 302968, 310972, 311097, 315356, 325787, 340917, 341899, 347001, 350959, 351664, 392218, 392597, 397001, 399976, 410036, 414648, 418620, 423040, 435262, 435265, 472013, 475602, 483962, 496196, 496311, 497708, 497752, 498724, 503343, 503360, 503381, 503395, 504487, 508111, 508601, 510094, 510501, 512608, 515354, 517394, 517422, 517433, 517448, 522915, 522936, 524419, 535034, 535054, 535068, 540916, 541188, 542470, 543655, 545270, 545803, 546670, 550153, 553950, 553995, 554054, 563532, 564363, 564747, 564770, 565456, 565626, 566127, 566230, 567968, 568230, 568483, 568653, 568678, 568714, 568935, 570695, 571416, 571891, 572075, 572419, 572829, 573320, 573525, 573748, 574079, 574593, 574662, 574739, 574859, 575033, 575047, 575052, 575216, 575236, 575276, 575355, 575401, 576150, 576287, 576354, 576439, 577197, 577384, 578838, 579097, 579289, 579853, 579950, 580485, 580550, 580587, 584066, 584084, 584154, 584245, 584669, 587159, 587232, 587795, 588111, 588310, 588847, 589685, 589875, 591077, 591093, 591367, 591611, 591648, 591990, 592027, 592255, 592357, 592655, 593092, 593706, 593748, 594388, 594474, 594950, 595030, 595462, 595985, 596486, 596521, 597271, 597504, 597639, 597836, 597853, 597933, 598595, 598712, 598890, 598903, 598940, 599024, 599205, 601379, 601771, 601838, 601875, 602550, 602813, 603508, 603586, 603729, 603969, 604572, 604977, 605213, 605264, 605403, 605427, 605627, 605884, 608011, 608225, 608431, 608462, 609174, 609381, 609452, 609542, 609650, 609874, 609923, 611374, 611512, 611646, 611778, 611880, 611949, 612123, 612243, 612382, 612390, 612433, 612557, 612602, 612711, 612744, 612854, 612860, 612876, 612933, 613130, 613347, 613382, 613433, 613514, 613642, 614593, 614770, 615200, 616865, 618456, 618463, 618555, 618588, 618751, 619853, 621381, 623368, 623437, 623653, 623692, 623842, 623919, 624058, 624258, 624428, 624448, 624715, 624943, 624988, 624999, 625045, 625193, 625639, 626279, 627066, 627323, 628708, 629408, 629424, 629465, 630626, 630656, 630739, 633988, 636389, 639558, 641056]
17,548,[257, 709, 755, 2138, 2166, 2250, 2403, 2426, 2536, 2724, 3037, 3651, 3669, 3697, 3768, 4130, 4839, 4865, 5011, 5252, 5314, 5349, 5388, 5504, 6709, 6974, 7146, 8459, 8855, 8872, 9016, 9040, 9057, 9346, 9363, 9378, 9406, 9458, 10104, 10116, 10328, 10426, 10454, 10487, 11761, 11879, 12399, 12911, 12926, 12991, 13031, 13095, 13448, 13541, 13571, 13722, 14061, 14690, 14711, 14744, 14991, 15999, 16064, 16099, 16305, 16485, 16731, 16868, 16938, 18054, 18182, 19533, 19807, 19935, 20255, 20686, 20758, 20789, 22032, 23216, 23418, 23888, 23922, 24032, 25064, 25127, 25207, 25574, 25969, 25986, 27691, 27763, 28980, 29009, 29069, 29207, 29267, 29358, 29430, 29508, 29589, 29616, 30085, 30172, 30265, 30325, 37719, 37910, 38208, 38713, 39049, 40639, 42277, 42853, 42868, 43018, 43117, 43173, 43261, 43351, 43482, 43568, 43623, 43853, 44223, 44347, 44455, 45071, 45410, 45478, 45500, 45510, 45586, 45656, 45868, 46051, 46091, 46291, 46429, 46537, 46733, 46757, 46998, 47060, 47090, 47165, 47381, 47407, 50490, 50645, 50853, 51688, 51791, 51855, 51859, 52060, 52093, 52120, 52157, 52793, 53320, 53696, 54311, 54723, 54764, 54900, 55412, 55750, 56308, 56567, 56710, 57131, 57354, 57618, 58727, 60732, 60814, 61066, 61094, 61135, 61178, 61193, 61576, 61927, 61952, 62119, 62720, 62843, 63320, 63761, 63827, 64769, 72316, 72724, 72746, 72791, 72940, 72948, 73136, 73336, 73594, 74298, 74395, 74495, 74511, 74524, 74551, 74563, 74620, 74714, 74795, 74833, 74913, 74927, 75162, 75614, 75685, 75719, 75747, 75777, 75911, 75989, 76317, 76471, 77132, 78537, 79267, 82284, 82418, 82765, 83438, 83455, 83497, 83726, 84098, 85002, 85084, 85179, 85367, 85629, 85677, 85761, 86247, 86506, 86584, 86695, 86761, 86932, 87414, 87540, 87604, 87630, 88128, 88191, 88313, 88461, 89767, 90596, 90599, 90829, 94391, 94452, 94504, 94683, 94695, 94976, 95461, 97742, 97806, 97871, 97898, 98447, 98458, 98746, 98798, 99409, 99500, 99510, 99594, 99690, 99744, 100096, 100158, 100516, 100645, 101705, 101747, 102086, 102323, 102745, 102802, 102815, 102834, 102883, 103102, 103308, 103358, 103449, 103488, 103497, 103561, 103698, 104098, 104152, 104508, 104557, 104572, 105242, 105292, 105361, 105489, 105531, 106033, 106065, 106210, 106246, 106340, 106403, 106595, 106733, 106810, 106826, 106839, 106894, 106942, 106975, 107045, 107095, 107119, 107137, 107276, 107289, 107291, 107324, 107418, 107499, 107617, 107677, 107727, 107819, 107931, 108011, 108075, 108143, 108163, 108357, 108497, 108543, 108549, 108595, 108798, 108914, 108957, 109156, 109230, 109234, 109239, 109249, 109311, 109345, 109356, 109388, 109588, 109622, 109657, 109804, 109912, 109947, 109987, 110018, 110066, 110083, 110111, 110132, 110193, 110293, 110312, 110336, 110405, 110435, 110465, 110490, 110541, 110562, 110570, 110578, 110612, 110695, 110798, 110813, 110858, 110933, 111104, 111129, 111642, 111794, 111824, 111844, 113043, 113087, 113325, 114358, 114417, 114512, 114519, 114600, 114639, 114710, 115117, 115130, 115330, 115403, 115601, 115929, 116600, 116972, 117029, 117141, 117239, 117317, 117824, 117987, 118068, 118354, 118433, 118471, 118555, 118693, 118719, 118969, 119402, 120310, 120370, 120832, 122129, 122138, 124158, 125554, 125690, 126240, 128758, 128808, 128834, 128881, 128887, 128911, 128997, 129279, 129599, 129649, 129668, 130907, 131987, 132263, 132356, 132410, 132446, 132473, 132753, 133607, 134338, 134496, 135337, 135926, 137875, 138352, 138397, 138430, 138445, 138522, 138557, 139372, 140738, 141894, 142486, 143170, 143455, 145297, 145584, 145679, 145762, 145869, 147132, 147356, 149067, 149945, 150074, 152663, 153233, 153634, 154518, 157263, 157282, 157718, 158255, 161522, 161616, 163056, 165159, 165246, 165374, 165480, 165702, 165726, 166995, 168338, 168858, 168868, 171183, 174407, 179598, 180777, 183970, 191713, 193421, 193837, 193991, 197673, 199461, 199475, 200805, 200916, 200932, 201017, 204574, 209308, 209528, 210089, 213301, 214021, 214091, 214320, 214337, 214461, 214493, 214524, 214726, 214801, 214974, 215127, 215159, 215335, 215380, 216977, 217128, 217331, 217481, 217495]
18,4,[2565, 69471, 90095, 90468]
20,7,[13393, 59258, 60696, 62307, 62534, 63159, 63162]
22,1,[161435]
23,7,[163, 6491, 15255, 27218, 29093, 29261, 30777]
26,7,[13979, 60514, 61993, 63644, 63873, 64518, 64521]
27,1,[16392]
30,564,[4919, 4979, 6607, 7997, 9475, 12829, 14005, 15569, 15779, 16593, 18483, 18538, 18687, 18828, 18831, 19035, 19191, 20493, 20786, 22246, 22297, 22308, 22326, 22373, 22409, 22436, 22459, 22470, 22481, 22495, 22521, 22563, 22591, 22711, 22781, 22813, 22866, 23005, 23181, 25837, 25852, 25897, 25914, 25948, 26021, 26128, 26315, 26385, 26421, 27589, 27991, 28042, 28059, 28067, 28083, 28319, 28328, 28342, 28360, 28509, 29171, 29185, 29282, 29311, 29325, 29390, 29408, 29512, 29537, 30214, 30592, 30678, 30737, 31062, 31363, 31501, 31519, 31568, 31601, 31705, 31825, 32404, 32416, 33751, 64197, 64253, 72728, 75988, 76035, 85445, 90550, 91761, 91882, 93228, 96791, 98337, 98370, 98415, 98418, 98427, 98432, 101752, 105195, 105460, 105903, 106005, 107102, 107145, 112108, 115347, 116834, 116965, 117029, 117154, 117304, 117367, 118216, 120620, 120778, 121078, 127630, 127822, 127993, 128729, 128745, 129182, 129326, 131671, 137260, 138701, 138713, 141683, 141712, 141824, 141882, 149686, 150076, 150136, 150192, 150638, 150674, 150808, 151051, 151437, 151910, 153862, 155777, 156327, 156333, 156460, 157613, 158150, 159517, 161493, 171790, 172377, 172391, 172406, 172499, 175414, 176153, 181804, 183501, 183799, 191818, 194907, 195655, 199422, 210364, 225394, 226640, 226653, 236273, 240227, 240569, 240887, 240950, 241057, 241900, 241949, 242650, 243000, 243595, 243832, 243877, 243958, 244051, 244084, 244210, 244353, 244448, 244453, 245694, 246278, 246412, 246497, 247161, 247173, 247186, 247198, 247209, 247219, 247262, 247347, 247373, 247383, 247392, 247827, 248233, 248247, 248265, 251657, 251899, 252318, 252348, 252521, 252571, 252583, 252593, 252603, 252613, 252623, 252633, 252643, 252653, 252663, 252673, 252683, 252693, 252703, 252713, 252723, 252733, 252743, 252753, 252765, 252777, 252789, 252801, 252911, 252929, 252947, 252987, 253194, 253219, 253298, 253322, 253387, 253802, 254190, 257773, 261368, 261679, 265297, 265332, 266347, 266411, 266643, 267037, 270403, 270517, 270666, 271290, 271874, 272133, 272193, 273157, 276000, 276020, 276113, 276314, 278402, 278412, 278611, 278654, 278678, 280491, 280938, 281520, 281564, 281576, 281704, 283031, 283315, 284179, 284625, 284967, 285283, 285502, 285538, 285609, 285694, 285708, 285743, 285895, 289310, 289422, 290041, 290076, 290101, 290177, 290208, 290487, 290508, 290514, 290651, 290885, 291570, 296750, 298821, 302810, 310814, 310939, 315197, 325628, 340758, 341740, 346842, 350800, 351505, 392055, 392434, 396835, 399810, 409870, 414482, 418454, 422874, 435092, 435095, 471843, 475432, 483797, 496027, 496142, 497539, 497583, 498555, 503174, 503191, 503212, 503226, 504318, 507942, 508432, 509925, 510332, 512439, 515185, 517222, 517250, 517261, 517276, 522743, 522764, 524247, 534859, 534879, 534893, 540741, 541013, 542295, 543480, 545095, 545628, 546495, 549975, 553772, 553817, 553876, 563354, 564185, 564567, 564590, 565276, 565446, 565947, 566050, 567788, 568050, 568303, 568473, 568498, 568534, 568755, 570515, 571236, 571711, 571895, 572239, 572649, 573140, 573345, 573568, 573899, 574413, 574482, 574559, 574679, 574853, 574867, 574872, 575036, 575056, 575096, 575175, 575221, 575970, 576107, 576174, 576259, 577017, 577204, 578658, 578917, 579109, 579673, 579770, 580305, 580370, 580407, 583886, 583904, 583974, 584065, 584484, 586974, 587047, 587610, 587926, 588125, 588662, 589500, 589690, 590892, 590908, 591182, 591426, 591463, 591799, 591836, 592064, 592166, 592464, 592901, 593515, 593557, 594197, 594283, 594759, 594839, 595271, 595794, 596295, 596330, 597080, 597313, 597448, 597645, 597662, 597742, 598404, 598521, 598699, 598712, 598749, 598833, 599008, 601182, 601574, 601641, 601678, 602353, 602616, 603311, 603384, 603527, 603767, 604370, 604775, 605011, 605062, 605201, 605225, 605425, 605682, 607804, 608018, 608219, 608250, 608962, 609169, 609240, 609330, 609438, 609662, 609706, 611157, 611289, 611423, 611555, 611657, 611726, 611900, 612020, 612159, 612167, 612210, 612334, 612379, 612488, 612521, 612631, 612637, 612653, 612704, 612901, 613118, 613153, 613204, 613285, 613413, 614359, 614536, 614966, 616626, 618204, 618211, 618303, 618336, 618499, 619601, 621129, 623116, 623183, 623399, 623438, 623588, 623665, 623804, 624004, 624174, 624194, 624461, 624689, 624734, 624745, 624791, 624939, 625382, 626022, 626809, 627063, 628445, 629145, 629161, 629202, 630357, 630387, 630470, 633713, 636114, 639283, 640781]
6,1,[857]
10,564,[5013, 5073, 6701, 8091, 9569, 12923, 14099, 15663, 15873, 16687, 18577, 18632, 18781, 18922, 18925, 19129, 19285, 20587, 20880, 22340, 22391, 22402, 22420, 22467, 22503, 22530, 22553, 22564, 22575, 22589, 22615, 22657, 22685, 22805, 22875, 22907, 22960, 23099, 23275, 25931, 25946, 25991, 26008, 26042, 26115, 26222, 26409, 26479, 26515, 27683, 28085, 28136, 28153, 28161, 28177, 28413, 28422, 28436, 28454, 28603, 29265, 29279, 29376, 29405, 29419, 29484, 29502, 29606, 29631, 30308, 30686, 30772, 30831, 31156, 31457, 31595, 31613, 31662, 31695, 31799, 31923, 32502, 32514, 33849, 64300, 64356, 72831, 76091, 76138, 85552, 90657, 91868, 91989, 93335, 96898, 98444, 98477, 98522, 98525, 98534, 98539, 101859, 105306, 105571, 106014, 106116, 107213, 107256, 112219, 115458, 116945, 117076, 117140, 117265, 117415, 117478, 118327, 120731, 120889, 121189, 127741, 127933, 128104, 128841, 128857, 129294, 129438, 131783, 137372, 138813, 138825, 141795, 141824, 141936, 141994, 149799, 150189, 150249, 150305, 150751, 150787, 150921, 151164, 151550, 152023, 153975, 155890, 156440, 156446, 156573, 157726, 158263, 159630, 161607, 171913, 172500, 172514, 172529, 172622, 175537, 176276, 181927, 183633, 183931, 191950, 195039, 195787, 199564, 210506, 225544, 226790, 226803, 236423, 240380, 240722, 241040, 241103, 241210, 242053, 242102, 242803, 243153, 243748, 243985, 244030, 244111, 244204, 244237, 244363, 244506, 244601, 244606, 245847, 246431, 246565, 246650, 247314, 247326, 247339, 247351, 247362, 247372, 247415, 247500, 247526, 247536, 247545, 247980, 248386, 248400, 248418, 251810, 252052, 252471, 252501, 252674, 252724, 252736, 252746, 252756, 252766, 252776, 252786, 252796, 252806, 252816, 252826, 252836, 252846, 252856, 252866, 252876, 252886, 252896, 252906, 252918, 252930, 252942, 252954, 253064, 253082, 253100, 253140, 253347, 253372, 253451, 253475, 253540, 253955, 254343, 257929, 261524, 261835, 265453, 265488, 266503, 266567, 266799, 267193, 270559, 270673, 270822, 271446, 272030, 272289, 272349, 273313, 276156, 276176, 276269, 276470, 278557, 278567, 278766, 278809, 278833, 280646, 281093, 281675, 281719, 281731, 281859, 283186, 283471, 284335, 284781, 285123, 285439, 285658, 285694, 285765, 285850, 285864, 285899, 286051, 289466, 289578, 290197, 290232, 290257, 290333, 290364, 290643, 290664, 290670, 290807, 291041, 291726, 296907, 298979, 302968, 310972, 311097, 315356, 325787, 340917, 341899, 347001, 350959, 351664, 392218, 392597, 397001, 399976, 410036, 414648, 418620, 423040, 435262, 435265, 472013, 475602, 483962, 496196, 496311, 497708, 497752, 498724, 503343, 503360, 503381, 503395, 504487, 508111, 508601, 510094, 510501, 512608, 515354, 517394, 517422, 517433, 517448, 522915, 522936, 524419, 535034, 535054, 535068, 540916, 541188, 542470, 543655, 545270, 545803, 546670, 550153, 553950, 553995, 554054, 563532, 564363, 564747, 564770, 565456, 565626, 566127, 566230, 567968, 568230, 568483, 568653, 568678, 568714, 568935, 570695, 571416, 571891, 572075, 572419, 572829, 573320, 573525, 573748, 574079, 574593, 574662, 574739, 574859, 575033, 575047, 575052, 575216, 575236, 575276, 575355, 575401, 576150, 576287, 576354, 576439, 577197, 577384, 578838, 579097, 579289, 579853, 579950, 580485, 580550, 580587, 584066, 584084, 584154, 584245, 584669, 587159, 587232, 587795, 588111, 588310, 588847, 589685, 589875, 591077, 591093, 591367, 591611, 591648, 591990, 592027, 592255, 592357, 592655, 593092, 593706, 593748, 594388, 594474, 594950, 595030, 595462, 595985, 596486, 596521, 597271, 597504, 597639, 597836, 597853, 597933, 598595, 598712, 598890, 598903, 598940, 599024, 599205, 601379, 601771, 601838, 601875, 602550, 602813, 603508, 603586, 603729, 603969, 604572, 604977, 605213, 605264, 605403, 605427, 605627, 605884, 608011, 608225, 608431, 608462, 609174, 609381, 609452, 609542, 609650, 609874, 609923, 611374, 611512, 611646, 611778, 611880, 611949, 612123, 612243, 612382, 612390, 612433, 612557, 612602, 612711, 612744, 612854, 612860, 612876, 612933, 613130, 613347, 613382, 613433, 613514, 613642, 614593, 614770, 615200, 616865, 618456, 618463, 618555, 618588, 618751, 619853, 621381, 623368, 623437, 623653, 623692, 623842, 623919, 624058, 624258, 624428, 624448, 624715, 624943, 624988, 624999, 625045, 625193, 625639, 626279, 627066, 627323, 628708, 629408, 629424, 629465, 630626, 630656, 630739, 633988, 636389, 639558, 641056]
17,548,[257, 709, 755, 2138, 2166, 2250, 2403, 2426, 2536, 2724, 3037, 3651, 3669, 3697, 3768, 4130, 4839, 4865, 5011, 5252, 5314, 5349, 5388, 5504, 6709, 6974, 7146, 8459, 8855, 8872, 9016, 9040, 9057, 9346, 9363, 9378, 9406, 9458, 10104, 10116, 10328, 10426, 10454, 10487, 11761, 11879, 12399, 12911, 12926, 12991, 13031, 13095, 13448, 13541, 13571, 13722, 14061, 14690, 14711, 14744, 14991, 15999, 16064, 16099, 16305, 16485, 16731, 16868, 16938, 18054, 18182, 19533, 19807, 19935, 20255, 20686, 20758, 20789, 22032, 23216, 23418, 23888, 23922, 24032, 25064, 25127, 25207, 25574, 25969, 25986, 27691, 27763, 28980, 29009, 29069, 29207, 29267, 29358, 29430, 29508, 29589, 29616, 30085, 30172, 30265, 30325, 37719, 37910, 38208, 38713, 39049, 40639, 42277, 42853, 42868, 43018, 43117, 43173, 43261, 43351, 43482, 43568, 43623, 43853, 44223, 44347, 44455, 45071, 45410, 45478, 45500, 45510, 45586, 45656, 45868, 46051, 46091, 46291, 46429, 46537, 46733, 46757, 46998, 47060, 47090, 47165, 47381, 47407, 50490, 50645, 50853, 51688, 51791, 51855, 51859, 52060, 52093, 52120, 52157, 52793, 53320, 53696, 54311, 54723, 54764, 54900, 55412, 55750, 56308, 56567, 56710, 57131, 57354, 57618, 58727, 60732, 60814, 61066, 61094, 61135, 61178, 61193, 61576, 61927, 61952, 62119, 62720, 62843, 63320, 63761, 63827, 64769, 72316, 72724, 72746, 72791, 72940, 72948, 73136, 73336, 73594, 74298, 74395, 74495, 74511, 74524, 74551, 74563, 74620, 74714, 74795, 74833, 74913, 74927, 75162, 75614, 75685, 75719, 75747, 75777, 75911, 75989, 76317, 76471, 77132, 78537, 79267, 82284, 82418, 82765, 83438, 83455, 83497, 83726, 84098, 85002, 85084, 85179, 85367, 85629, 85677, 85761, 86247, 86506, 86584, 86695, 86761, 86932, 87414, 87540, 87604, 87630, 88128, 88191, 88313, 88461, 89767, 90596, 90599, 90829, 94391, 94452, 94504, 94683, 94695, 94976, 95461, 97742, 97806, 97871, 97898, 98447, 98458, 98746, 98798, 99409, 99500, 99510, 99594, 99690, 99744, 100096, 100158, 100516, 100645, 101705, 101747, 102086, 102323, 102745, 102802, 102815, 102834, 102883, 103102, 103308, 103358, 103449, 103488, 103497, 103561, 103698, 104098, 104152, 104508, 104557, 104572, 105242, 105292, 105361, 105489, 105531, 106033, 106065, 106210, 106246, 106340, 106403, 106595, 106733, 106810, 106826, 106839, 106894, 106942, 106975, 107045, 107095, 107119, 107137, 107276, 107289, 107291, 107324, 107418, 107499, 107617, 107677, 107727, 107819, 107931, 108011, 108075, 108143, 108163, 108357, 108497, 108543, 108549, 108595, 108798, 108914, 108957, 109156, 109230, 109234, 109239, 109249, 109311, 109345, 109356, 109388, 109588, 109622, 109657, 109804, 109912, 109947, 109987, 110018, 110066, 110083, 110111, 110132, 110193, 110293, 110312, 110336, 110405, 110435, 110465, 110490, 110541, 110562, 110570, 110578, 110612, 110695, 110798, 110813, 110858, 110933, 111104, 111129, 111642, 111794, 111824, 111844, 113043, 113087, 113325, 114358, 114417, 114512, 114519, 114600, 114639, 114710, 115117, 115130, 115330, 115403, 115601, 115929, 116600, 116972, 117029, 117141, 117239, 117317, 117824, 117987, 118068, 118354, 118433, 118471, 118555, 118693, 118719, 118969, 119402, 120310, 120370, 120832, 122129, 122138, 124158, 125554, 125690, 126240, 128758, 128808, 128834, 128881, 128887, 128911, 128997, 129279, 129599, 129649, 129668, 130907, 131987, 132263, 132356, 132410, 132446, 132473, 132753, 133607, 134338, 134496, 135337, 135926, 137875, 138352, 138397, 138430, 138445, 138522, 138557, 139372, 140738, 141894, 142486, 143170, 143455, 145297, 145584, 145679, 145762, 145869, 147132, 147356, 149067, 149945, 150074, 152663, 153233, 153634, 154518, 157263, 157282, 157718, 158255, 161522, 161616, 163056, 165159, 165246, 165374, 165480, 165702, 165726, 166995, 168338, 168858, 168868, 171183, 174407, 179598, 180777, 183970, 191713, 193421, 193837, 193991, 197673, 199461, 199475, 200805, 200916, 200932, 201017, 204574, 209308, 209528, 210089, 213301, 214021, 214091, 214320, 214337, 214461, 214493, 214524, 214726, 214801, 214974, 215127, 215159, 215335, 215380, 216977, 217128, 217331, 217481, 217495]
18,4,[2565, 69471, 90095, 90468]
20,7,[13393, 59258, 60696, 62307, 62534, 63159, 63162]
22,1,[161435]
23,7,[163, 6491, 15255, 27218, 29093, 29261, 30777]
26,7,[13979, 60514, 61993, 63644, 63873, 64518, 64521]
27,1,[16392]
30,564,[4919, 4979, 6607, 7997, 9475, 12829, 14005, 15569, 15779, 16593, 18483, 18538, 18687, 18828, 18831, 19035, 19191, 20493, 20786, 22246, 22297, 22308, 22326, 22373, 22409, 22436, 22459, 22470, 22481, 22495, 22521, 22563, 22591, 22711, 22781, 22813, 22866, 23005, 23181, 25837, 25852, 25897, 25914, 25948, 26021, 26128, 26315, 26385, 26421, 27589, 27991, 28042, 28059, 28067, 28083, 28319, 28328, 28342, 28360, 28509, 29171, 29185, 29282, 29311, 29325, 29390, 29408, 29512, 29537, 30214, 30592, 30678, 30737, 31062, 31363, 31501, 31519, 31568, 31601, 31705, 31825, 32404, 32416, 33751, 64197, 64253, 72728, 75988, 76035, 85445, 90550, 91761, 91882, 93228, 96791, 98337, 98370, 98415, 98418, 98427, 98432, 101752, 105195, 105460, 105903, 106005, 107102, 107145, 112108, 115347, 116834, 116965, 117029, 117154, 117304, 117367, 118216, 120620, 120778, 121078, 127630, 127822, 127993, 128729, 128745, 129182, 129326, 131671, 137260, 138701, 138713, 141683, 141712, 141824, 141882, 149686, 150076, 150136, 150192, 150638, 150674, 150808, 151051, 151437, 151910, 153862, 155777, 156327, 156333, 156460, 157613, 158150, 159517, 161493, 171790, 172377, 172391, 172406, 172499, 175414, 176153, 181804, 183501, 183799, 191818, 194907, 195655, 199422, 210364, 225394, 226640, 226653, 236273, 240227, 240569, 240887, 240950, 241057, 241900, 241949, 242650, 243000, 243595, 243832, 243877, 243958, 244051, 244084, 244210, 244353, 244448, 244453, 245694, 246278, 246412, 246497, 247161, 247173, 247186, 247198, 247209, 247219, 247262, 247347, 247373, 247383, 247392, 247827, 248233, 248247, 248265, 251657, 251899, 252318, 252348, 252521, 252571, 252583, 252593, 252603, 252613, 252623, 252633, 252643, 252653, 252663, 252673, 252683, 252693, 252703, 252713, 252723, 252733, 252743, 252753, 252765, 252777, 252789, 252801, 252911, 252929, 252947, 252987, 253194, 253219, 253298, 253322, 253387, 253802, 254190, 257773, 261368, 261679, 265297, 265332, 266347, 266411, 266643, 267037, 270403, 270517, 270666, 271290, 271874, 272133, 272193, 273157, 276000, 276020, 276113, 276314, 278402, 278412, 278611, 278654, 278678, 280491, 280938, 281520, 281564, 281576, 281704, 283031, 283315, 284179, 284625, 284967, 285283, 285502, 285538, 285609, 285694, 285708, 285743, 285895, 289310, 289422, 290041, 290076, 290101, 290177, 290208, 290487, 290508, 290514, 290651, 290885, 291570, 296750, 298821, 302810, 310814, 310939, 315197, 325628, 340758, 341740, 346842, 350800, 351505, 392055, 392434, 396835, 399810, 409870, 414482, 418454, 422874, 435092, 435095, 471843, 475432, 483797, 496027, 496142, 497539, 497583, 498555, 503174, 503191, 503212, 503226, 504318, 507942, 508432, 509925, 510332, 512439, 515185, 517222, 517250, 517261, 517276, 522743, 522764, 524247, 534859, 534879, 534893, 540741, 541013, 542295, 543480, 545095, 545628, 546495, 549975, 553772, 553817, 553876, 563354, 564185, 564567, 564590, 565276, 565446, 565947, 566050, 567788, 568050, 568303, 568473, 568498, 568534, 568755, 570515, 571236, 571711, 571895, 572239, 572649, 573140, 573345, 573568, 573899, 574413, 574482, 574559, 574679, 574853, 574867, 574872, 575036, 575056, 575096, 575175, 575221, 575970, 576107, 576174, 576259, 577017, 577204, 578658, 578917, 579109, 579673, 579770, 580305, 580370, 580407, 583886, 583904, 583974, 584065, 584484, 586974, 587047, 587610, 587926, 588125, 588662, 589500, 589690, 590892, 590908, 591182, 591426, 591463, 591799, 591836, 592064, 592166, 592464, 592901, 593515, 593557, 594197, 594283, 594759, 594839, 595271, 595794, 596295, 596330, 597080, 597313, 597448, 597645, 597662, 597742, 598404, 598521, 598699, 598712, 598749, 598833, 599008, 601182, 601574, 601641, 601678, 602353, 602616, 603311, 603384, 603527, 603767, 604370, 604775, 605011, 605062, 605201, 605225, 605425, 605682, 607804, 608018, 608219, 608250, 608962, 609169, 609240, 609330, 609438, 609662, 609706, 611157, 611289, 611423, 611555, 611657, 611726, 611900, 612020, 612159, 612167, 612210, 612334, 612379, 612488, 612521, 612631, 612637, 612653, 612704, 612901, 613118, 613153, 613204, 613285, 613413, 614359, 614536, 614966, 616626, 618204, 618211, 618303, 618336, 618499, 619601, 621129, 623116, 623183, 623399, 623438, 623588, 623665, 623804, 624004, 624174, 624194, 624461, 624689, 624734, 624745, 624791, 624939, 625382, 626022, 626809, 627063, 628445, 629145, 629161, 629202, 630357, 630387, 630470, 633713, 636114, 639283, 640781]
