9,1,[2709]
10,36,[48389, 91262, 91306, 203738, 203745, 203752, 258289, 284540, 291128, 308610, 339824, 361641, 377319, 395348, 426275, 455455, 455466, 455478, 456031, 456046, 456123, 456331, 456356, 456470, 456558, 456565, 456880, 457494, 457737, 458188, 458203, 459470, 460638, 485474, 499604, 510458]
12,1,[22629]
14,33,[1184, 4436, 11249, 12247, 17107, 17637, 35482, 46966, 50888, 79705, 81785, 82032, 84735, 104288, 118655, 132968, 134064, 135488, 135495, 142717, 145052, 146919, 148795, 149096, 159803, 163554, 180987, 182468, 182535, 182547, 182555, 182570, 185866]
15,58,[5429, 11003, 11283, 23909, 25361, 25564, 25612, 25993, 29694, 29908, 33545, 34987, 38828, 40926, 40931, 41425, 43322, 44796, 47572, 50566, 56851, 56858, 61975, 62047, 68591, 81635, 85019, 87750, 90452, 93878, 97615, 98538, 101638, 102187, 102626, 103511, 104340, 106661, 108089, 109688, 112970, 115041, 115843, 117292, 117866, 120217, 129400, 149784, 150525, 150857, 159362, 162447, 164814, 168806, 171454, 171589, 172994, 173529]
16,2,[21082, 21229]
17,3,[8933, 179014, 188587]
18,1,[12411]
19,8,[3773, 10924, 16088, 16344, 20914, 21377, 26480, 27090]
20,18,[1808, 10724, 11320, 14643, 18112, 24472, 30298, 35851, 35873, 37073, 37816, 48952, 48999, 49056, 49104, 51465, 51504, 52538]
21,1,[27398]
22,24,[4067, 10818, 21837, 28183, 28186, 28188, 28195, 45239, 54592, 60522, 72576, 73868, 74225, 76325, 82380, 91033, 101682, 132441, 134130, 134132, 148028, 154013, 156580, 159736]
23,2,[3065, 17399]
24,5,[4967, 13612, 20967, 27621, 36782]
25,33,[1401, 11406, 12340, 16895, 17356, 34134, 44963, 45151, 48875, 76105, 78115, 78343, 81078, 100114, 113643, 127302, 128318, 129769, 129776, 136788, 139032, 140905, 142698, 142982, 152903, 156756, 173578, 175022, 175092, 175105, 175113, 175128, 178266]
26,18,[2183, 11286, 11893, 15253, 18814, 25249, 31146, 36751, 36773, 37988, 38733, 49983, 50030, 50090, 50141, 52530, 52569, 53637]
27,8,[32234, 48519, 48538, 67517, 85414, 87323, 93576, 97196]
28,1,[4950]
30,36,[48291, 91155, 91199, 203596, 203603, 203610, 258133, 284384, 290972, 308452, 339665, 361481, 377156, 395182, 426109, 455285, 455296, 455308, 455861, 455876, 455953, 456161, 456186, 456300, 456388, 456395, 456710, 457324, 457567, 458018, 458033, 459300, 460468, 485310, 499435, 510289]
9,1,[2709]
10,36,[48389, 91262, 91306, 203738, 203745, 203752, 258289, 284540, 291128, 308610, 339824, 361641, 377319, 395348, 426275, 455455, 455466, 455478, 456031, 456046, 456123, 456331, 456356, 456470, 456558, 456565, 456880, 457494, 457737, 458188, 458203, 459470, 460638, 485474, 499604, 510458]
12,1,[22629]
14,33,[1184, 4436, 11249, 12247, 17107, 17637, 35482, 46966, 50888, 79705, 81785, 82032, 84735, 104288, 118655, 132968, 134064, 135488, 135495, 142717, 145052, 146919, 148795, 149096, 159803, 163554, 180987, 182468, 182535, 182547, 182555, 182570, 185866]
15,58,[5429, 11003, 11283, 23909, 25361, 25564, 25612, 25993, 29694, 29908, 33545, 34987, 38828, 40926, 40931, 41425, 43322, 44796, 47572, 50566, 56851, 56858, 61975, 62047, 68591, 81635, 85019, 87750, 90452, 93878, 97615, 98538, 101638, 102187, 102626, 103511, 104340, 106661, 108089, 109688, 112970, 115041, 115843, 117292, 117866, 120217, 129400, 149784, 150525, 150857, 159362, 162447, 164814, 168806, 171454, 171589, 172994, 173529]
16,2,[21082, 21229]
17,3,[8933, 179014, 188587]
18,1,[12411]
19,8,[3773, 10924, 16088, 16344, 20914, 21377, 26480, 27090]
20,18,[1808, 10724, 11320, 14643, 18112, 24472, 30298, 35851, 35873, 37073, 37816, 48952, 48999, 49056, 49104, 51465, 51504, 52538]
21,1,[27398]
22,24,[4067, 10818, 21837, 28183, 28186, 28188, 28195, 45239, 54592, 60522, 72576, 73868, 74225, 76325, 82380, 91033, 101682, 132441, 134130, 134132, 148028, 154013, 156580, 159736]
23,2,[3065, 17399]
24,5,[4967, 13612, 20967, 27621, 36782]
25,33,[1401, 11406, 12340, 16895, 17356, 34134, 44963, 45151, 48875, 76105, 78115, 78343, 81078, 100114, 113643, 127302, 128318, 129769, 129776, 136788, 139032, 140905, 142698, 142982, 152903, 156756, 173578, 175022, 175092, 175105, 175113, 175128, 178266]
26,18,[2183, 11286, 11893, 15253, 18814, 25249, 31146, 36751, 36773, 37988, 38733, 49983, 50030, 50090, 50141, 52530, 52569, 53637]
27,8,[32234, 48519, 48538, 67517, 85414, 87323, 93576, 97196]
28,1,[4950]
30,36,[48291, 91155, 91199, 203596, 203603, 203610, 258133, 284384, 290972, 308452, 339665, 361481, 377156, 395182, 426109, 455285, 455296, 455308, 455861, 455876, 455953, 456161, 456186, 456300, 456388, 456395, 456710, 457324, 457567, 458018, 458033, 459300, 460468, 485310, 499435, 510289]
