11,2,[7665, 8838]
12,3,[16702, 19807, 20026]
13,1,[1700]
14,1,[23169]
15,14,[8407, 8410, 15510, 35260, 72696, 96942, 108901, 109813, 124168, 127637, 137759, 141289, 144952, 165861]
16,12,[6234, 7606, 12983, 14515, 14759, 19261, 21998, 23129, 29190, 30709, 31247, 31719]
17,6,[96706, 127665, 143421, 145908, 203504, 204646]
18,2,[8427, 28706]
19,10,[1009, 1124, 1704, 1716, 2066, 5229, 7873, 18236, 19345, 21114]
20,11,[9176, 12041, 21792, 22055, 30339, 37095, 47804, 51806, 55832, 61635, 61932]
21,10,[5834, 9923, 9956, 13942, 18342, 18746, 22841, 31177, 32827, 33587]
22,4,[8580, 97042, 101286, 138853]
23,7,[1308, 8841, 12536, 17894, 21339, 24485, 30680]
24,11,[3043, 11656, 22222, 24971, 25441, 26350, 31628, 32486, 36811, 37147, 42857]
25,1,[22631]
26,11,[9729, 12628, 22544, 22810, 31188, 38010, 48815, 52885, 56988, 62938, 63234]
27,10,[9073, 16510, 36210, 36625, 47936, 51093, 58683, 87691, 103216, 106767]
28,2,[3582, 7047]
11,2,[7665, 8838]
12,3,[16702, 19807, 20026]
13,1,[1700]
14,1,[23169]
15,14,[8407, 8410, 15510, 35260, 72696, 96942, 108901, 109813, 124168, 127637, 137759, 141289, 144952, 165861]
16,12,[6234, 7606, 12983, 14515, 14759, 19261, 21998, 23129, 29190, 30709, 31247, 31719]
17,6,[96706, 127665, 143421, 145908, 203504, 204646]
18,2,[8427, 28706]
19,10,[1009, 1124, 1704, 1716, 2066, 5229, 7873, 18236, 19345, 21114]
20,11,[9176, 12041, 21792, 22055, 30339, 37095, 47804, 51806, 55832, 61635, 61932]
21,10,[5834, 9923, 9956, 13942, 18342, 18746, 22841, 31177, 32827, 33587]
22,4,[8580, 97042, 101286, 138853]
23,7,[1308, 8841, 12536, 17894, 21339, 24485, 30680]
24,11,[3043, 11656, 22222, 24971, 25441, 26350, 31628, 32486, 36811, 37147, 42857]
25,1,[22631]
26,11,[9729, 12628, 22544, 22810, 31188, 38010, 48815, 52885, 56988, 62938, 63234]
27,10,[9073, 16510, 36210, 36625, 47936, 51093, 58683, 87691, 103216, 106767]
28,2,[3582, 7047]
