10,2,[627771, 631069]
15,8,[44589, 51277, 57574, 58202, 60109, 92941, 108953, 111127]
16,3,[3431, 7453, 12587]
20,11,[2317, 2812, 37369, 40667, 40957, 42829, 43721, 45643, 46623, 50626, 52662]
22,16,[21691, 23507, 43011, 46586, 48006, 48009, 58614, 58617, 76689, 115572, 115574, 116354, 145569, 148823, 149364, 156940]
23,6,[1513, 2291, 11355, 17314, 17573, 19222]
26,11,[2710, 3254, 38285, 41605, 41893, 43777, 44680, 46645, 47628, 51678, 53762]
27,2,[7451, 70488]
30,2,[627511, 630798]
10,2,[627771, 631069]
15,8,[44589, 51277, 57574, 58202, 60109, 92941, 108953, 111127]
16,3,[3431, 7453, 12587]
20,11,[2317, 2812, 37369, 40667, 40957, 42829, 43721, 45643, 46623, 50626, 52662]
22,16,[21691, 23507, 43011, 46586, 48006, 48009, 58614, 58617, 76689, 115572, 115574, 116354, 145569, 148823, 149364, 156940]
23,6,[1513, 2291, 11355, 17314, 17573, 19222]
26,11,[2710, 3254, 38285, 41605, 41893, 43777, 44680, 46645, 47628, 51678, 53762]
27,2,[7451, 70488]
30,2,[627511, 630798]
