10,3,[511072, 524945, 524958]
14,2,[3525, 183804]
17,13,[25442, 38368, 53082, 62171, 62930, 64346, 64522, 73816, 151881, 174058, 192116, 207319, 207580]
18,2,[33182, 71030]
22,2,[25887, 25903]
23,1,[9769]
24,2,[182, 284]
25,2,[3935, 176305]
27,4,[19907, 31107, 38618, 43244]
30,3,[510903, 524773, 524786]
10,3,[511072, 524945, 524958]
14,2,[3525, 183804]
17,13,[25442, 38368, 53082, 62171, 62930, 64346, 64522, 73816, 151881, 174058, 192116, 207319, 207580]
18,2,[33182, 71030]
22,2,[25887, 25903]
23,1,[9769]
24,2,[182, 284]
25,2,[3935, 176305]
27,4,[19907, 31107, 38618, 43244]
30,3,[510903, 524773, 524786]
