10,2,[303668, 386525]
15,15,[20180, 48915, 57930, 100296, 106495, 108031, 121253, 121333, 122349, 132306, 132424, 136046, 142285, 164936, 173050]
17,1,[27547]
19,2,[10717, 27296]
21,47,[122, 733, 803, 871, 922, 1102, 1328, 2083, 6826, 6833, 6922, 14487, 16142, 18482, 18483, 18503, 18542, 19801, 19805, 19830, 19861, 20800, 20808, 21487, 21491, 21528, 25102, 25107, 25124, 25154, 25170, 25221, 25238, 28574, 28627, 29312, 29317, 29334, 29339, 32014, 34674, 34679, 34684, 35075, 35173, 35291, 35481]
22,24,[8582, 25567, 30345, 48119, 48172, 48576, 48892, 55328, 68216, 68557, 69478, 69513, 78797, 81578, 86322, 89353, 112624, 115281, 115891, 123531, 123862, 132749, 132752, 137979]
23,1,[30596]
24,4,[29075, 31476, 31589, 31641]
28,3,[3448, 10371, 10383]
30,2,[303510, 386362]
10,2,[303668, 386525]
15,15,[20180, 48915, 57930, 100296, 106495, 108031, 121253, 121333, 122349, 132306, 132424, 136046, 142285, 164936, 173050]
17,1,[27547]
19,2,[10717, 27296]
21,47,[122, 733, 803, 871, 922, 1102, 1328, 2083, 6826, 6833, 6922, 14487, 16142, 18482, 18483, 18503, 18542, 19801, 19805, 19830, 19861, 20800, 20808, 21487, 21491, 21528, 25102, 25107, 25124, 25154, 25170, 25221, 25238, 28574, 28627, 29312, 29317, 29334, 29339, 32014, 34674, 34679, 34684, 35075, 35173, 35291, 35481]
22,24,[8582, 25567, 30345, 48119, 48172, 48576, 48892, 55328, 68216, 68557, 69478, 69513, 78797, 81578, 86322, 89353, 112624, 115281, 115891, 123531, 123862, 132749, 132752, 137979]
23,1,[30596]
24,4,[29075, 31476, 31589, 31641]
28,3,[3448, 10371, 10383]
30,2,[303510, 386362]
