10,5,[118637, 269897, 321466, 360212, 373523]
15,37,[3573, 6178, 16405, 21298, 21521, 23733, 29261, 29370, 29633, 33562, 40500, 50275, 50356, 66824, 72391, 72704, 73170, 79797, 90114, 91269, 97248, 100266, 105597, 110638, 124052, 128730, 130804, 130925, 132008, 133534, 133787, 135354, 135393, 152521, 154137, 156823, 169221]
16,3,[28527, 30109, 32497]
18,1,[131867]
30,5,[118526, 269741, 321307, 360052, 373360]
10,5,[118637, 269897, 321466, 360212, 373523]
15,37,[3573, 6178, 16405, 21298, 21521, 23733, 29261, 29370, 29633, 33562, 40500, 50275, 50356, 66824, 72391, 72704, 73170, 79797, 90114, 91269, 97248, 100266, 105597, 110638, 124052, 128730, 130804, 130925, 132008, 133534, 133787, 135354, 135393, 152521, 154137, 156823, 169221]
16,3,[28527, 30109, 32497]
18,1,[131867]
30,5,[118526, 269741, 321307, 360052, 373360]
