10,60,[7751, 44905, 44907, 61481, 61496, 61564, 61597, 64363, 66365, 66382, 66421, 66504, 66515, 69610, 76597, 91239, 92848, 123161, 124952, 126992, 264025, 266943, 266948, 310590, 343266, 350854, 354657, 354680, 364608, 364746, 366912, 367642, 367645, 376124, 377612, 404432, 415722, 420090, 430351, 464105, 464217, 464342, 464380, 464466, 464492, 464535, 464606, 467699, 467759, 478892, 487056, 539501, 552516, 623557, 633145, 634711, 634761, 638940, 639163, 639828]
11,1,[240]
12,1,[6497]
14,3,[16090, 78649, 92374]
15,12,[18235, 69893, 76873, 129253, 129376, 129668, 151278, 152749, 152852, 152878, 153844, 155031]
16,1,[12677]
17,9,[31652, 31789, 33959, 34688, 34691, 78119, 97016, 97071, 97135]
19,11,[4810, 5702, 6545, 18859, 23488, 23609, 24207, 24741, 24862, 25038, 26084]
20,7,[450, 1322, 1860, 5940, 7595, 8461, 33569]
21,1,[28956]
22,18,[47835, 49641, 49990, 49998, 50275, 50342, 50779, 55281, 57560, 59333, 127023, 127630, 128886, 131188, 139247, 140978, 146467, 146858]
24,2,[18872, 40793]
25,3,[15946, 75095, 88514]
26,7,[814, 1694, 2239, 6458, 8119, 8991, 34442]
27,6,[9323, 12716, 55038, 55237, 80316, 80318]
30,60,[7657, 44807, 44809, 61378, 61393, 61461, 61494, 64260, 66262, 66279, 66318, 66401, 66412, 69507, 76494, 91132, 92741, 123050, 124841, 126881, 263869, 266787, 266792, 310432, 343107, 350695, 354498, 354521, 364445, 364583, 366749, 367479, 367482, 375961, 377449, 404266, 415556, 419924, 430181, 463934, 464046, 464171, 464209, 464295, 464321, 464364, 464435, 467528, 467588, 478724, 486893, 539326, 552338, 623303, 632870, 634436, 634486, 638665, 638888, 639553]
10,60,[7751, 44905, 44907, 61481, 61496, 61564, 61597, 64363, 66365, 66382, 66421, 66504, 66515, 69610, 76597, 91239, 92848, 123161, 124952, 126992, 264025, 266943, 266948, 310590, 343266, 350854, 354657, 354680, 364608, 364746, 366912, 367642, 367645, 376124, 377612, 404432, 415722, 420090, 430351, 464105, 464217, 464342, 464380, 464466, 464492, 464535, 464606, 467699, 467759, 478892, 487056, 539501, 552516, 623557, 633145, 634711, 634761, 638940, 639163, 639828]
11,1,[240]
12,1,[6497]
14,3,[16090, 78649, 92374]
15,12,[18235, 69893, 76873, 129253, 129376, 129668, 151278, 152749, 152852, 152878, 153844, 155031]
16,1,[12677]
17,9,[31652, 31789, 33959, 34688, 34691, 78119, 97016, 97071, 97135]
19,11,[4810, 5702, 6545, 18859, 23488, 23609, 24207, 24741, 24862, 25038, 26084]
20,7,[450, 1322, 1860, 5940, 7595, 8461, 33569]
21,1,[28956]
22,18,[47835, 49641, 49990, 49998, 50275, 50342, 50779, 55281, 57560, 59333, 127023, 127630, 128886, 131188, 139247, 140978, 146467, 146858]
24,2,[18872, 40793]
25,3,[15946, 75095, 88514]
26,7,[814, 1694, 2239, 6458, 8119, 8991, 34442]
27,6,[9323, 12716, 55038, 55237, 80316, 80318]
30,60,[7657, 44807, 44809, 61378, 61393, 61461, 61494, 64260, 66262, 66279, 66318, 66401, 66412, 69507, 76494, 91132, 92741, 123050, 124841, 126881, 263869, 266787, 266792, 310432, 343107, 350695, 354498, 354521, 364445, 364583, 366749, 367479, 367482, 375961, 377449, 404266, 415556, 419924, 430181, 463934, 464046, 464171, 464209, 464295, 464321, 464364, 464435, 467528, 467588, 478724, 486893, 539326, 552338, 623303, 632870, 634436, 634486, 638665, 638888, 639553]
