10,11,[32836, 32842, 32848, 32866, 32886, 127912, 524531, 533548, 545393, 568777, 568893]
12,1,[6400]
14,11,[1805, 1839, 6033, 71240, 131213, 133661, 144242, 164759, 181427, 181478, 186507]
15,1,[117356]
16,1,[25736]
19,1,[20571]
20,2,[36104, 43216]
22,11,[7648, 36141, 45298, 48303, 48345, 64309, 69799, 77916, 81853, 91210, 153073]
23,1,[16770]
25,11,[2110, 2144, 6346, 67933, 125555, 127938, 138259, 157900, 174003, 174050, 178858]
26,2,[37005, 44166]
27,10,[5190, 8162, 8187, 8414, 8739, 8791, 48164, 48568, 63364, 66777]
28,1,[9612]
30,11,[32738, 32744, 32750, 32768, 32788, 127801, 524359, 533373, 545218, 568597, 568713]
10,11,[32836, 32842, 32848, 32866, 32886, 127912, 524531, 533548, 545393, 568777, 568893]
12,1,[6400]
14,11,[1805, 1839, 6033, 71240, 131213, 133661, 144242, 164759, 181427, 181478, 186507]
15,1,[117356]
16,1,[25736]
19,1,[20571]
20,2,[36104, 43216]
22,11,[7648, 36141, 45298, 48303, 48345, 64309, 69799, 77916, 81853, 91210, 153073]
23,1,[16770]
25,11,[2110, 2144, 6346, 67933, 125555, 127938, 138259, 157900, 174003, 174050, 178858]
26,2,[37005, 44166]
27,10,[5190, 8162, 8187, 8414, 8739, 8791, 48164, 48568, 63364, 66777]
28,1,[9612]
30,11,[32738, 32744, 32750, 32768, 32788, 127801, 524359, 533373, 545218, 568597, 568713]
