11,2,[1800, 10222]
12,5,[4955, 5152, 14206, 14237, 14367]
15,14,[27274, 32268, 33785, 33970, 34104, 34106, 124092, 125348, 134949, 136008, 160309, 160311, 170655, 170657]
16,5,[7642, 20340, 24558, 35500, 37731]
22,2,[39908, 144994]
24,5,[21123, 22498, 33026, 35558, 37551]
27,6,[44434, 48038, 62033, 70485, 70491, 105306]
28,3,[3222, 5756, 11778]
11,2,[1800, 10222]
12,5,[4955, 5152, 14206, 14237, 14367]
15,14,[27274, 32268, 33785, 33970, 34104, 34106, 124092, 125348, 134949, 136008, 160309, 160311, 170655, 170657]
16,5,[7642, 20340, 24558, 35500, 37731]
22,2,[39908, 144994]
24,5,[21123, 22498, 33026, 35558, 37551]
27,6,[44434, 48038, 62033, 70485, 70491, 105306]
28,3,[3222, 5756, 11778]
