10,25,[13492, 13495, 33397, 33400, 38235, 38238, 39309, 39312, 54800, 101635, 101665, 165020, 165219, 266186, 274223, 305739, 361278, 362631, 364554, 390482, 437908, 438466, 444013, 472321, 495978]
13,1,[748]
15,2,[116576, 134267]
17,2,[31601, 186797]
21,1,[6017]
22,3,[78355, 94453, 135497]
30,25,[13398, 13401, 33299, 33302, 38137, 38140, 39211, 39214, 54701, 101528, 101558, 164897, 165096, 266030, 274067, 305581, 361118, 362471, 364391, 390319, 437738, 438296, 443843, 472151, 495819]
10,25,[13492, 13495, 33397, 33400, 38235, 38238, 39309, 39312, 54800, 101635, 101665, 165020, 165219, 266186, 274223, 305739, 361278, 362631, 364554, 390482, 437908, 438466, 444013, 472321, 495978]
13,1,[748]
15,2,[116576, 134267]
17,2,[31601, 186797]
21,1,[6017]
22,3,[78355, 94453, 135497]
30,25,[13398, 13401, 33299, 33302, 38137, 38140, 39211, 39214, 54701, 101528, 101558, 164897, 165096, 266030, 274067, 305581, 361118, 362471, 364391, 390319, 437738, 438296, 443843, 472151, 495819]
