10,121,[157027, 168858, 168872, 169242, 169397, 169403, 169425, 169503, 169511, 169562, 169615, 169703, 169716, 169734, 169752, 169764, 169855, 169980, 170097, 170166, 170453, 170479, 170510, 170524, 170527, 170533, 170540, 170574, 170582, 170616, 170695, 173588, 173596, 173618, 173630, 174276, 174289, 174296, 174348, 174429, 174440, 174444, 174451, 174856, 174922, 174944, 174959, 175062, 175086, 175097, 175118, 175156, 175229, 175247, 175263, 175431, 175483, 175498, 175551, 175609, 175632, 175641, 175675, 175723, 175726, 175739, 175750, 175767, 175774, 175827, 175858, 177236, 177297, 182137, 182530, 182552, 182694, 182803, 182900, 182913, 182965, 182976, 184760, 184780, 187244, 187302, 187352, 187389, 192154, 192367, 193414, 193505, 196761, 196776, 196920, 196958, 196975, 197186, 198578, 200352, 200375, 239631, 239640, 243764, 243774, 244618, 244628, 244737, 245671, 250236, 254219, 281466, 283083, 290692, 290694, 290716, 291023, 416368, 416501, 417311, 418099]
14,1,[69075]
15,1,[122360]
22,3,[25586, 123119, 155130]
30,121,[156914, 168735, 168749, 169119, 169274, 169280, 169302, 169380, 169388, 169439, 169492, 169580, 169593, 169611, 169629, 169641, 169732, 169857, 169974, 170043, 170330, 170356, 170387, 170401, 170404, 170410, 170417, 170451, 170459, 170493, 170572, 173465, 173473, 173495, 173507, 174153, 174166, 174173, 174225, 174306, 174317, 174321, 174328, 174733, 174799, 174821, 174836, 174939, 174963, 174974, 174995, 175033, 175106, 175124, 175140, 175308, 175360, 175375, 175428, 175486, 175509, 175518, 175552, 175600, 175603, 175616, 175627, 175644, 175651, 175704, 175735, 177113, 177174, 182014, 182398, 182420, 182562, 182671, 182768, 182781, 182833, 182844, 184628, 184648, 187112, 187170, 187220, 187257, 192022, 192235, 193282, 193373, 196629, 196644, 196788, 196826, 196843, 197054, 198446, 200210, 200233, 239478, 239487, 243611, 243621, 244465, 244475, 244584, 245518, 250083, 254066, 281311, 282928, 290536, 290538, 290560, 290867, 416202, 416335, 417145, 417933]
10,121,[157027, 168858, 168872, 169242, 169397, 169403, 169425, 169503, 169511, 169562, 169615, 169703, 169716, 169734, 169752, 169764, 169855, 169980, 170097, 170166, 170453, 170479, 170510, 170524, 170527, 170533, 170540, 170574, 170582, 170616, 170695, 173588, 173596, 173618, 173630, 174276, 174289, 174296, 174348, 174429, 174440, 174444, 174451, 174856, 174922, 174944, 174959, 175062, 175086, 175097, 175118, 175156, 175229, 175247, 175263, 175431, 175483, 175498, 175551, 175609, 175632, 175641, 175675, 175723, 175726, 175739, 175750, 175767, 175774, 175827, 175858, 177236, 177297, 182137, 182530, 182552, 182694, 182803, 182900, 182913, 182965, 182976, 184760, 184780, 187244, 187302, 187352, 187389, 192154, 192367, 193414, 193505, 196761, 196776, 196920, 196958, 196975, 197186, 198578, 200352, 200375, 239631, 239640, 243764, 243774, 244618, 244628, 244737, 245671, 250236, 254219, 281466, 283083, 290692, 290694, 290716, 291023, 416368, 416501, 417311, 418099]
14,1,[69075]
15,1,[122360]
22,3,[25586, 123119, 155130]
30,121,[156914, 168735, 168749, 169119, 169274, 169280, 169302, 169380, 169388, 169439, 169492, 169580, 169593, 169611, 169629, 169641, 169732, 169857, 169974, 170043, 170330, 170356, 170387, 170401, 170404, 170410, 170417, 170451, 170459, 170493, 170572, 173465, 173473, 173495, 173507, 174153, 174166, 174173, 174225, 174306, 174317, 174321, 174328, 174733, 174799, 174821, 174836, 174939, 174963, 174974, 174995, 175033, 175106, 175124, 175140, 175308, 175360, 175375, 175428, 175486, 175509, 175518, 175552, 175600, 175603, 175616, 175627, 175644, 175651, 175704, 175735, 177113, 177174, 182014, 182398, 182420, 182562, 182671, 182768, 182781, 182833, 182844, 184628, 184648, 187112, 187170, 187220, 187257, 192022, 192235, 193282, 193373, 196629, 196644, 196788, 196826, 196843, 197054, 198446, 200210, 200233, 239478, 239487, 243611, 243621, 244465, 244475, 244584, 245518, 250083, 254066, 281311, 282928, 290536, 290538, 290560, 290867, 416202, 416335, 417145, 417933]
