10,250,[17696, 17712, 20018, 20111, 21499, 22329, 22358, 22369, 22414, 22586, 22681, 22800, 22809, 22920, 22926, 22936, 22947, 22972, 23019, 23755, 23785, 23820, 23869, 23891, 23905, 23926, 23990, 24009, 24188, 24215, 24236, 24337, 24346, 24390, 24435, 24454, 24509, 24613, 24647, 24740, 24751, 25013, 25037, 25059, 25074, 25213, 25488, 25527, 25549, 25594, 25612, 25625, 25634, 25646, 25703, 25721, 25741, 25795, 25834, 25849, 25873, 25929, 25939, 25973, 25990, 26005, 26039, 26049, 26136, 26204, 26310, 26346, 26595, 26986, 26989, 27019, 27028, 27040, 27079, 27185, 27208, 27222, 27309, 27477, 27507, 27685, 27699, 28105, 28130, 28149, 28154, 28173, 28188, 28291, 28435, 28450, 28537, 28638, 28663, 28675, 28690, 28770, 29047, 29052, 29172, 29201, 29215, 29246, 29261, 29367, 29478, 29525, 29600, 29625, 29669, 29691, 29714, 29730, 29750, 29752, 29869, 29944, 30028, 30105, 30180, 30204, 30221, 30347, 30355, 30408, 30423, 30440, 30501, 30557, 30585, 30661, 31040, 31144, 31303, 31317, 31365, 31426, 31454, 31589, 31612, 31622, 31642, 31654, 31686, 31711, 31760, 31768, 31775, 31792, 31795, 31823, 31841, 31913, 31918, 31960, 40101, 78152, 78557, 88146, 88170, 97628, 97792, 98353, 102434, 103771, 104634, 104772, 104929, 122403, 127837, 127920, 137269, 138466, 138525, 138683, 138751, 139052, 139112, 139153, 139320, 139501, 144085, 144117, 144628, 144643, 144943, 195257, 209531, 239205, 241023, 241051, 243282, 252543, 252717, 283419, 290718, 328109, 329133, 329449, 329764, 335239, 453535, 453594, 461081, 462131, 479058, 479262, 479597, 481381, 492944, 496372, 496430, 496444, 496478, 496558, 496860, 497020, 515011, 515033, 527572, 527622, 528534, 529382, 529614, 529882, 530089, 530705, 530735, 530780, 530874, 531472, 548144, 549818, 551050, 553472, 563099, 564911, 568405, 568478, 568485, 568494, 568567, 622109, 622119, 634311]
14,13,[17399, 49005, 71246, 75057, 103837, 108065, 149378, 155244, 155276, 155292, 162009, 168211, 170167]
17,46,[206, 470, 586, 4408, 4412, 4479, 4660, 16429, 16907, 23172, 23232, 23265, 23282, 23284, 23358, 23377, 23641, 23717, 23952, 24038, 24084, 24133, 25205, 25816, 37851, 44979, 45851, 83444, 90820, 129643, 129681, 129700, 129735, 129781, 171590, 171618, 175796, 175804, 179569, 210369, 210378, 210397, 210408, 210420, 210430, 210533]
22,3,[56709, 78952, 156422]
23,2,[23606, 27842]
25,18,[17152, 19795, 47093, 63526, 67939, 71450, 72344, 72594, 99714, 103612, 113349, 135508, 143246, 148643, 148674, 148697, 155283, 161315]
26,1,[33]
27,137,[302, 12613, 15661, 15696, 15699, 15709, 15745, 15782, 15806, 15830, 15964, 16179, 16183, 16207, 16232, 16259, 16282, 16291, 16336, 16491, 17068, 17132, 17310, 17378, 18378, 18453, 18458, 18605, 18619, 18941, 18952, 19142, 19231, 21508, 21880, 27953, 28152, 28267, 28512, 28565, 28927, 28946, 29164, 29293, 29314, 29315, 29336, 29358, 29374, 29592, 29614, 33890, 36553, 36612, 36643, 36655, 36670, 36722, 36749, 36874, 37090, 37112, 37192, 37196, 37616, 38522, 40887, 41256, 41586, 41593, 41610, 41659, 41668, 41854, 41869, 42602, 42691, 58767, 59204, 59241, 59406, 59497, 59743, 60228, 60262, 60409, 60503, 60534, 60582, 65912, 74240, 74268, 74297, 74523, 74541, 74797, 74802, 74886, 74919, 74961, 75121, 75170, 75228, 75403, 75589, 75710, 75957, 76329, 76398, 76483, 76494, 76529, 76543, 76645, 76722, 76879, 76882, 76903, 76950, 77111, 77236, 77260, 77297, 77395, 77411, 77646, 77704, 77845, 91746, 91903, 93053, 93701, 95235, 104660, 104750, 104805, 109588]
28,3,[11, 792, 2122]
30,250,[17602, 17618, 19924, 20017, 21405, 22235, 22264, 22275, 22320, 22492, 22587, 22706, 22715, 22826, 22832, 22842, 22853, 22878, 22925, 23661, 23691, 23726, 23775, 23797, 23811, 23832, 23896, 23915, 24094, 24121, 24142, 24243, 24252, 24296, 24341, 24360, 24415, 24519, 24553, 24646, 24657, 24919, 24943, 24965, 24980, 25119, 25394, 25433, 25455, 25500, 25518, 25531, 25540, 25552, 25609, 25627, 25647, 25701, 25740, 25755, 25779, 25835, 25845, 25879, 25896, 25911, 25945, 25955, 26042, 26110, 26216, 26252, 26501, 26892, 26895, 26925, 26934, 26946, 26985, 27091, 27114, 27128, 27215, 27383, 27413, 27591, 27605, 28011, 28036, 28055, 28060, 28079, 28094, 28197, 28341, 28356, 28443, 28544, 28569, 28581, 28596, 28676, 28953, 28958, 29078, 29107, 29121, 29152, 29167, 29273, 29384, 29431, 29506, 29531, 29575, 29597, 29620, 29636, 29656, 29658, 29775, 29850, 29934, 30011, 30086, 30110, 30127, 30253, 30261, 30314, 30329, 30346, 30407, 30463, 30491, 30567, 30946, 31050, 31209, 31223, 31271, 31332, 31360, 31495, 31518, 31528, 31548, 31560, 31592, 31617, 31666, 31674, 31681, 31698, 31701, 31729, 31747, 31815, 31820, 31862, 40003, 78045, 78450, 88039, 88063, 97521, 97685, 98246, 102327, 103664, 104527, 104665, 104822, 122292, 127726, 127809, 137157, 138354, 138413, 138571, 138639, 138940, 139000, 139041, 139208, 139389, 143973, 144005, 144515, 144530, 144830, 195125, 209389, 239052, 240870, 240898, 243129, 252390, 252564, 283264, 290562, 327950, 328974, 329290, 329605, 335080, 453365, 453424, 460911, 461961, 478890, 479094, 479429, 481214, 492784, 496203, 496261, 496275, 496309, 496389, 496691, 496851, 514842, 514864, 527400, 527450, 528359, 529207, 529439, 529707, 529914, 530530, 530560, 530605, 530699, 531297, 547969, 549640, 550872, 553294, 562921, 564731, 568225, 568298, 568305, 568314, 568387, 621857, 621867, 634036]
10,250,[17696, 17712, 20018, 20111, 21499, 22329, 22358, 22369, 22414, 22586, 22681, 22800, 22809, 22920, 22926, 22936, 22947, 22972, 23019, 23755, 23785, 23820, 23869, 23891, 23905, 23926, 23990, 24009, 24188, 24215, 24236, 24337, 24346, 24390, 24435, 24454, 24509, 24613, 24647, 24740, 24751, 25013, 25037, 25059, 25074, 25213, 25488, 25527, 25549, 25594, 25612, 25625, 25634, 25646, 25703, 25721, 25741, 25795, 25834, 25849, 25873, 25929, 25939, 25973, 25990, 26005, 26039, 26049, 26136, 26204, 26310, 26346, 26595, 26986, 26989, 27019, 27028, 27040, 27079, 27185, 27208, 27222, 27309, 27477, 27507, 27685, 27699, 28105, 28130, 28149, 28154, 28173, 28188, 28291, 28435, 28450, 28537, 28638, 28663, 28675, 28690, 28770, 29047, 29052, 29172, 29201, 29215, 29246, 29261, 29367, 29478, 29525, 29600, 29625, 29669, 29691, 29714, 29730, 29750, 29752, 29869, 29944, 30028, 30105, 30180, 30204, 30221, 30347, 30355, 30408, 30423, 30440, 30501, 30557, 30585, 30661, 31040, 31144, 31303, 31317, 31365, 31426, 31454, 31589, 31612, 31622, 31642, 31654, 31686, 31711, 31760, 31768, 31775, 31792, 31795, 31823, 31841, 31913, 31918, 31960, 40101, 78152, 78557, 88146, 88170, 97628, 97792, 98353, 102434, 103771, 104634, 104772, 104929, 122403, 127837, 127920, 137269, 138466, 138525, 138683, 138751, 139052, 139112, 139153, 139320, 139501, 144085, 144117, 144628, 144643, 144943, 195257, 209531, 239205, 241023, 241051, 243282, 252543, 252717, 283419, 290718, 328109, 329133, 329449, 329764, 335239, 453535, 453594, 461081, 462131, 479058, 479262, 479597, 481381, 492944, 496372, 496430, 496444, 496478, 496558, 496860, 497020, 515011, 515033, 527572, 527622, 528534, 529382, 529614, 529882, 530089, 530705, 530735, 530780, 530874, 531472, 548144, 549818, 551050, 553472, 563099, 564911, 568405, 568478, 568485, 568494, 568567, 622109, 622119, 634311]
14,13,[17399, 49005, 71246, 75057, 103837, 108065, 149378, 155244, 155276, 155292, 162009, 168211, 170167]
17,46,[206, 470, 586, 4408, 4412, 4479, 4660, 16429, 16907, 23172, 23232, 23265, 23282, 23284, 23358, 23377, 23641, 23717, 23952, 24038, 24084, 24133, 25205, 25816, 37851, 44979, 45851, 83444, 90820, 129643, 129681, 129700, 129735, 129781, 171590, 171618, 175796, 175804, 179569, 210369, 210378, 210397, 210408, 210420, 210430, 210533]
22,3,[56709, 78952, 156422]
23,2,[23606, 27842]
25,18,[17152, 19795, 47093, 63526, 67939, 71450, 72344, 72594, 99714, 103612, 113349, 135508, 143246, 148643, 148674, 148697, 155283, 161315]
26,1,[33]
27,137,[302, 12613, 15661, 15696, 15699, 15709, 15745, 15782, 15806, 15830, 15964, 16179, 16183, 16207, 16232, 16259, 16282, 16291, 16336, 16491, 17068, 17132, 17310, 17378, 18378, 18453, 18458, 18605, 18619, 18941, 18952, 19142, 19231, 21508, 21880, 27953, 28152, 28267, 28512, 28565, 28927, 28946, 29164, 29293, 29314, 29315, 29336, 29358, 29374, 29592, 29614, 33890, 36553, 36612, 36643, 36655, 36670, 36722, 36749, 36874, 37090, 37112, 37192, 37196, 37616, 38522, 40887, 41256, 41586, 41593, 41610, 41659, 41668, 41854, 41869, 42602, 42691, 58767, 59204, 59241, 59406, 59497, 59743, 60228, 60262, 60409, 60503, 60534, 60582, 65912, 74240, 74268, 74297, 74523, 74541, 74797, 74802, 74886, 74919, 74961, 75121, 75170, 75228, 75403, 75589, 75710, 75957, 76329, 76398, 76483, 76494, 76529, 76543, 76645, 76722, 76879, 76882, 76903, 76950, 77111, 77236, 77260, 77297, 77395, 77411, 77646, 77704, 77845, 91746, 91903, 93053, 93701, 95235, 104660, 104750, 104805, 109588]
28,3,[11, 792, 2122]
30,250,[17602, 17618, 19924, 20017, 21405, 22235, 22264, 22275, 22320, 22492, 22587, 22706, 22715, 22826, 22832, 22842, 22853, 22878, 22925, 23661, 23691, 23726, 23775, 23797, 23811, 23832, 23896, 23915, 24094, 24121, 24142, 24243, 24252, 24296, 24341, 24360, 24415, 24519, 24553, 24646, 24657, 24919, 24943, 24965, 24980, 25119, 25394, 25433, 25455, 25500, 25518, 25531, 25540, 25552, 25609, 25627, 25647, 25701, 25740, 25755, 25779, 25835, 25845, 25879, 25896, 25911, 25945, 25955, 26042, 26110, 26216, 26252, 26501, 26892, 26895, 26925, 26934, 26946, 26985, 27091, 27114, 27128, 27215, 27383, 27413, 27591, 27605, 28011, 28036, 28055, 28060, 28079, 28094, 28197, 28341, 28356, 28443, 28544, 28569, 28581, 28596, 28676, 28953, 28958, 29078, 29107, 29121, 29152, 29167, 29273, 29384, 29431, 29506, 29531, 29575, 29597, 29620, 29636, 29656, 29658, 29775, 29850, 29934, 30011, 30086, 30110, 30127, 30253, 30261, 30314, 30329, 30346, 30407, 30463, 30491, 30567, 30946, 31050, 31209, 31223, 31271, 31332, 31360, 31495, 31518, 31528, 31548, 31560, 31592, 31617, 31666, 31674, 31681, 31698, 31701, 31729, 31747, 31815, 31820, 31862, 40003, 78045, 78450, 88039, 88063, 97521, 97685, 98246, 102327, 103664, 104527, 104665, 104822, 122292, 127726, 127809, 137157, 138354, 138413, 138571, 138639, 138940, 139000, 139041, 139208, 139389, 143973, 144005, 144515, 144530, 144830, 195125, 209389, 239052, 240870, 240898, 243129, 252390, 252564, 283264, 290562, 327950, 328974, 329290, 329605, 335080, 453365, 453424, 460911, 461961, 478890, 479094, 479429, 481214, 492784, 496203, 496261, 496275, 496309, 496389, 496691, 496851, 514842, 514864, 527400, 527450, 528359, 529207, 529439, 529707, 529914, 530530, 530560, 530605, 530699, 531297, 547969, 549640, 550872, 553294, 562921, 564731, 568225, 568298, 568305, 568314, 568387, 621857, 621867, 634036]
