10,165,[173719, 200306, 246612, 247516, 247705, 255232, 255426, 266255, 272804, 278955, 278966, 280552, 280693, 288001, 291239, 291249, 295960, 295980, 296539, 296554, 299672, 303214, 306029, 307645, 309218, 310624, 311802, 313576, 314871, 316257, 316755, 317399, 318377, 320155, 320365, 321338, 322185, 322233, 324749, 325056, 335544, 341258, 341765, 341865, 342640, 349243, 349787, 350354, 350378, 351196, 352547, 353439, 357260, 357612, 358729, 360020, 366859, 366861, 366866, 367147, 368483, 370149, 372072, 372897, 372934, 375364, 376800, 376824, 377848, 378035, 378042, 386072, 386285, 386295, 386810, 387928, 390032, 390275, 390391, 391796, 391903, 391909, 392238, 392342, 401838, 411379, 413424, 413501, 422333, 422446, 423412, 428446, 429974, 445113, 452373, 474154, 476083, 476172, 487351, 488595, 488601, 492255, 496789, 503789, 504282, 512238, 512293, 515314, 528284, 528845, 529509, 533132, 534896, 537330, 541437, 541510, 548939, 549104, 550888, 560165, 560172, 560812, 560835, 560859, 560895, 561334, 565450, 569510, 574031, 574658, 578698, 586548, 590762, 591058, 591414, 599503, 599556, 599558, 601316, 601397, 605582, 608309, 608629, 608737, 608971, 608982, 609548, 611559, 611988, 612007, 612154, 612156, 615618, 617697, 617881, 622490, 623282, 623440, 624698, 625383, 626805, 628522, 630580, 630641, 631341]
12,1,[2754]
13,1,[89]
15,17,[2107, 7552, 14874, 15144, 17440, 19308, 29786, 51642, 85505, 119673, 130089, 141612, 141644, 154955, 159431, 161153, 163577]
16,8,[3225, 14728, 19772, 24215, 32229, 33312, 34936, 35125]
17,137,[4028, 4195, 5773, 10409, 13054, 13873, 17711, 21540, 22913, 22950, 27096, 27307, 27320, 28473, 33909, 33911, 33916, 34190, 35534, 40501, 46776, 49682, 50114, 50373, 51927, 57686, 57723, 58045, 58680, 59028, 59397, 59415, 59951, 65847, 68245, 69655, 72804, 72912, 73654, 75481, 75678, 82228, 84642, 87559, 87581, 87588, 87608, 88171, 95287, 98217, 98337, 98453, 99451, 101437, 101678, 101753, 102437, 105047, 105072, 108840, 108861, 108867, 109022, 109546, 109713, 109757, 109830, 110354, 110366, 110384, 110387, 110401, 110412, 110420, 110703, 111122, 111347, 111522, 111636, 111655, 111779, 111783, 111788, 111836, 113085, 113117, 115226, 115472, 116925, 117279, 119650, 119662, 119698, 119778, 119805, 121734, 121778, 128147, 129752, 131977, 139837, 140818, 141077, 142207, 143123, 143503, 146814, 146827, 147340, 147437, 152587, 152604, 152714, 155258, 155558, 155592, 155950, 157260, 166415, 167010, 170142, 170948, 175569, 177369, 180523, 181079, 181111, 181148, 184305, 187943, 188431, 188487, 188887, 188897, 188906, 192937, 203742]
19,7,[4927, 7407, 13748, 14255, 15467, 26152, 26529]
20,59,[793, 1579, 3191, 4831, 7196, 7201, 7291, 7960, 8518, 9682, 11920, 11924, 12365, 13190, 13664, 13727, 14170, 16777, 17173, 18530, 19423, 22982, 26715, 28520, 28957, 29629, 32219, 33214, 35064, 35665, 39271, 39880, 42947, 45185, 46125, 47010, 47464, 47716, 48363, 48915, 50244, 51754, 51781, 51791, 52449, 53182, 56105, 56733, 56954, 57317, 58721, 60339, 60357, 61931, 62273, 64424, 65044, 65276, 65572]
21,4,[18631, 25777, 25847, 29670]
22,19,[78129, 129334, 129406, 129551, 129558, 129566, 129616, 131126, 132486, 132489, 132492, 132540, 139353, 145771, 145774, 145809, 146217, 149707, 159452]
23,8,[6207, 6612, 6616, 9366, 13627, 17158, 22745, 29114]
24,2,[37319, 37640]
26,60,[1159, 1953, 3674, 5350, 7717, 7722, 7814, 8481, 9053, 10234, 12506, 12510, 12951, 13774, 14249, 14312, 14756, 17430, 17826, 19239, 20132, 23752, 27513, 27534, 29350, 29793, 30471, 33091, 34091, 35957, 36564, 40213, 40818, 43895, 46174, 47127, 48013, 48470, 48722, 49379, 49947, 51291, 52833, 52861, 52871, 53549, 54295, 57262, 57881, 58103, 58481, 59919, 61634, 61653, 63233, 63610, 65823, 66456, 66689, 66985]
27,7,[43053, 64681, 64698, 64756, 64804, 108421, 109599]
28,2,[8324, 8357]
30,165,[173596, 200164, 246459, 247363, 247552, 255079, 255273, 266099, 272648, 278800, 278811, 280397, 280538, 287845, 291083, 291093, 295803, 295823, 296382, 296397, 299514, 303056, 305871, 307487, 309060, 310466, 311643, 313417, 314712, 316098, 316596, 317240, 318218, 319996, 320206, 321179, 322026, 322074, 324590, 324897, 335385, 341099, 341606, 341706, 342481, 349084, 349628, 350195, 350219, 351037, 352388, 353280, 357100, 357452, 358569, 359860, 366696, 366698, 366703, 366984, 368320, 369986, 371909, 372734, 372771, 375201, 376637, 376661, 377685, 377872, 377879, 385909, 386122, 386132, 386647, 387765, 389869, 390112, 390228, 391633, 391740, 391746, 392075, 392179, 401672, 411213, 413258, 413335, 422167, 422280, 423246, 428279, 429807, 444943, 452203, 473984, 475914, 476003, 487188, 488433, 488439, 492095, 496620, 503620, 504113, 512069, 512124, 515145, 528109, 528670, 529334, 532957, 534721, 537155, 541262, 541335, 548764, 548929, 550710, 559987, 559994, 560634, 560657, 560681, 560717, 561156, 565270, 569330, 573851, 574478, 578518, 586363, 590577, 590873, 591229, 599306, 599359, 599361, 601119, 601200, 605380, 608097, 608417, 608525, 608759, 608770, 609336, 611336, 611765, 611784, 611931, 611933, 615379, 617450, 617634, 622238, 623030, 623186, 624444, 625126, 626548, 628259, 630314, 630372, 631070]
10,165,[173719, 200306, 246612, 247516, 247705, 255232, 255426, 266255, 272804, 278955, 278966, 280552, 280693, 288001, 291239, 291249, 295960, 295980, 296539, 296554, 299672, 303214, 306029, 307645, 309218, 310624, 311802, 313576, 314871, 316257, 316755, 317399, 318377, 320155, 320365, 321338, 322185, 322233, 324749, 325056, 335544, 341258, 341765, 341865, 342640, 349243, 349787, 350354, 350378, 351196, 352547, 353439, 357260, 357612, 358729, 360020, 366859, 366861, 366866, 367147, 368483, 370149, 372072, 372897, 372934, 375364, 376800, 376824, 377848, 378035, 378042, 386072, 386285, 386295, 386810, 387928, 390032, 390275, 390391, 391796, 391903, 391909, 392238, 392342, 401838, 411379, 413424, 413501, 422333, 422446, 423412, 428446, 429974, 445113, 452373, 474154, 476083, 476172, 487351, 488595, 488601, 492255, 496789, 503789, 504282, 512238, 512293, 515314, 528284, 528845, 529509, 533132, 534896, 537330, 541437, 541510, 548939, 549104, 550888, 560165, 560172, 560812, 560835, 560859, 560895, 561334, 565450, 569510, 574031, 574658, 578698, 586548, 590762, 591058, 591414, 599503, 599556, 599558, 601316, 601397, 605582, 608309, 608629, 608737, 608971, 608982, 609548, 611559, 611988, 612007, 612154, 612156, 615618, 617697, 617881, 622490, 623282, 623440, 624698, 625383, 626805, 628522, 630580, 630641, 631341]
12,1,[2754]
13,1,[89]
15,17,[2107, 7552, 14874, 15144, 17440, 19308, 29786, 51642, 85505, 119673, 130089, 141612, 141644, 154955, 159431, 161153, 163577]
16,8,[3225, 14728, 19772, 24215, 32229, 33312, 34936, 35125]
17,137,[4028, 4195, 5773, 10409, 13054, 13873, 17711, 21540, 22913, 22950, 27096, 27307, 27320, 28473, 33909, 33911, 33916, 34190, 35534, 40501, 46776, 49682, 50114, 50373, 51927, 57686, 57723, 58045, 58680, 59028, 59397, 59415, 59951, 65847, 68245, 69655, 72804, 72912, 73654, 75481, 75678, 82228, 84642, 87559, 87581, 87588, 87608, 88171, 95287, 98217, 98337, 98453, 99451, 101437, 101678, 101753, 102437, 105047, 105072, 108840, 108861, 108867, 109022, 109546, 109713, 109757, 109830, 110354, 110366, 110384, 110387, 110401, 110412, 110420, 110703, 111122, 111347, 111522, 111636, 111655, 111779, 111783, 111788, 111836, 113085, 113117, 115226, 115472, 116925, 117279, 119650, 119662, 119698, 119778, 119805, 121734, 121778, 128147, 129752, 131977, 139837, 140818, 141077, 142207, 143123, 143503, 146814, 146827, 147340, 147437, 152587, 152604, 152714, 155258, 155558, 155592, 155950, 157260, 166415, 167010, 170142, 170948, 175569, 177369, 180523, 181079, 181111, 181148, 184305, 187943, 188431, 188487, 188887, 188897, 188906, 192937, 203742]
19,7,[4927, 7407, 13748, 14255, 15467, 26152, 26529]
20,59,[793, 1579, 3191, 4831, 7196, 7201, 7291, 7960, 8518, 9682, 11920, 11924, 12365, 13190, 13664, 13727, 14170, 16777, 17173, 18530, 19423, 22982, 26715, 28520, 28957, 29629, 32219, 33214, 35064, 35665, 39271, 39880, 42947, 45185, 46125, 47010, 47464, 47716, 48363, 48915, 50244, 51754, 51781, 51791, 52449, 53182, 56105, 56733, 56954, 57317, 58721, 60339, 60357, 61931, 62273, 64424, 65044, 65276, 65572]
21,4,[18631, 25777, 25847, 29670]
22,19,[78129, 129334, 129406, 129551, 129558, 129566, 129616, 131126, 132486, 132489, 132492, 132540, 139353, 145771, 145774, 145809, 146217, 149707, 159452]
23,8,[6207, 6612, 6616, 9366, 13627, 17158, 22745, 29114]
24,2,[37319, 37640]
26,60,[1159, 1953, 3674, 5350, 7717, 7722, 7814, 8481, 9053, 10234, 12506, 12510, 12951, 13774, 14249, 14312, 14756, 17430, 17826, 19239, 20132, 23752, 27513, 27534, 29350, 29793, 30471, 33091, 34091, 35957, 36564, 40213, 40818, 43895, 46174, 47127, 48013, 48470, 48722, 49379, 49947, 51291, 52833, 52861, 52871, 53549, 54295, 57262, 57881, 58103, 58481, 59919, 61634, 61653, 63233, 63610, 65823, 66456, 66689, 66985]
27,7,[43053, 64681, 64698, 64756, 64804, 108421, 109599]
28,2,[8324, 8357]
30,165,[173596, 200164, 246459, 247363, 247552, 255079, 255273, 266099, 272648, 278800, 278811, 280397, 280538, 287845, 291083, 291093, 295803, 295823, 296382, 296397, 299514, 303056, 305871, 307487, 309060, 310466, 311643, 313417, 314712, 316098, 316596, 317240, 318218, 319996, 320206, 321179, 322026, 322074, 324590, 324897, 335385, 341099, 341606, 341706, 342481, 349084, 349628, 350195, 350219, 351037, 352388, 353280, 357100, 357452, 358569, 359860, 366696, 366698, 366703, 366984, 368320, 369986, 371909, 372734, 372771, 375201, 376637, 376661, 377685, 377872, 377879, 385909, 386122, 386132, 386647, 387765, 389869, 390112, 390228, 391633, 391740, 391746, 392075, 392179, 401672, 411213, 413258, 413335, 422167, 422280, 423246, 428279, 429807, 444943, 452203, 473984, 475914, 476003, 487188, 488433, 488439, 492095, 496620, 503620, 504113, 512069, 512124, 515145, 528109, 528670, 529334, 532957, 534721, 537155, 541262, 541335, 548764, 548929, 550710, 559987, 559994, 560634, 560657, 560681, 560717, 561156, 565270, 569330, 573851, 574478, 578518, 586363, 590577, 590873, 591229, 599306, 599359, 599361, 601119, 601200, 605380, 608097, 608417, 608525, 608759, 608770, 609336, 611336, 611765, 611784, 611931, 611933, 615379, 617450, 617634, 622238, 623030, 623186, 624444, 625126, 626548, 628259, 630314, 630372, 631070]
