10,25,[207477, 280700, 294604, 297911, 311814, 318092, 324297, 324754, 329719, 331393, 332941, 332956, 333243, 333501, 333537, 333568, 333725, 337877, 344865, 344902, 359159, 385358, 388149, 390456, 601096]
15,3,[14962, 57819, 105693]
17,3,[19111, 95391, 110350]
22,2,[129499, 129525]
23,1,[29156]
27,1,[28937]
30,25,[207335, 280545, 294447, 297753, 311655, 317933, 324138, 324595, 329560, 331234, 332782, 332797, 333084, 333342, 333378, 333409, 333566, 337718, 344706, 344743, 358999, 385195, 387986, 390293, 600899]
10,25,[207477, 280700, 294604, 297911, 311814, 318092, 324297, 324754, 329719, 331393, 332941, 332956, 333243, 333501, 333537, 333568, 333725, 337877, 344865, 344902, 359159, 385358, 388149, 390456, 601096]
15,3,[14962, 57819, 105693]
17,3,[19111, 95391, 110350]
22,2,[129499, 129525]
23,1,[29156]
27,1,[28937]
30,25,[207335, 280545, 294447, 297753, 311655, 317933, 324138, 324595, 329560, 331234, 332782, 332797, 333084, 333342, 333378, 333409, 333566, 337718, 344706, 344743, 358999, 385195, 387986, 390293, 600899]
