10,4,[371857, 372470, 376802, 622652]
15,3,[95393, 127345, 165270]
16,2,[15277, 34888]
17,1,[7938]
19,9,[7611, 11513, 12998, 13213, 13619, 14098, 14772, 26061, 26381]
20,1,[41421]
24,2,[11397, 29799]
26,1,[42357]
30,4,[371694, 372307, 376639, 622400]
10,4,[371857, 372470, 376802, 622652]
15,3,[95393, 127345, 165270]
16,2,[15277, 34888]
17,1,[7938]
19,9,[7611, 11513, 12998, 13213, 13619, 14098, 14772, 26061, 26381]
20,1,[41421]
24,2,[11397, 29799]
26,1,[42357]
30,4,[371694, 372307, 376639, 622400]
