9,2,[219, 2438]
10,294,[9082, 38718, 45038, 45746, 45798, 49160, 49466, 49488, 49510, 71500, 71922, 98563, 98758, 104158, 104496, 105326, 105343, 112415, 116440, 116445, 116709, 116772, 116814, 120963, 121110, 122518, 126578, 127305, 140776, 146354, 147046, 165897, 187167, 191515, 191612, 202154, 202546, 202566, 204588, 208402, 217468, 237905, 249427, 260476, 265375, 265420, 265719, 267179, 268666, 281312, 292504, 299463, 299933, 300086, 301357, 302905, 303167, 304041, 305255, 306034, 307182, 307766, 307783, 307871, 308030, 308393, 308630, 308633, 309117, 310150, 311210, 312032, 312439, 312448, 312567, 315850, 317456, 318317, 318663, 318983, 319023, 326652, 327861, 327874, 331374, 332819, 333300, 333629, 333636, 333798, 334340, 335613, 335966, 337580, 339477, 339696, 340089, 340389, 340890, 343611, 344357, 344949, 345062, 345540, 345553, 347746, 349632, 350649, 351219, 351342, 351965, 352081, 352397, 352452, 352550, 353896, 355185, 355587, 355863, 356445, 357859, 358469, 359524, 359531, 360793, 361101, 363437, 363506, 363613, 364412, 364742, 364962, 365151, 366967, 367306, 369963, 370027, 374366, 374370, 374423, 374620, 375877, 376583, 376849, 377021, 377513, 380479, 380740, 380851, 381512, 381542, 381553, 385118, 386099, 387111, 387644, 387992, 389324, 389341, 389391, 389449, 389488, 390399, 394677, 395358, 395435, 395459, 396809, 397710, 398638, 399186, 404962, 405089, 405399, 405862, 413670, 417512, 422235, 422798, 423067, 425142, 426015, 426130, 426677, 439845, 443619, 443945, 451530, 455053, 459132, 459595, 465808, 467725, 468010, 468129, 472477, 473103, 473289, 474600, 475196, 479068, 479248, 479422, 479744, 483224, 483401, 483428, 484796, 486207, 486221, 486275, 486403, 487890, 488297, 491681, 492186, 495560, 495667, 498214, 498230, 499397, 501473, 502314, 502363, 502787, 502818, 503130, 503211, 503237, 510746, 514328, 519247, 537293, 538405, 538439, 538637, 552301, 552403, 552458, 554276, 554982, 556322, 558510, 560608, 560620, 562087, 562098, 562185, 562499, 562600, 569963, 577097, 577155, 577173, 581227, 581689, 581854, 581933, 582043, 582091, 585025, 585077, 585107, 585147, 586666, 586706, 590652, 592020, 593034, 594407, 594732, 600542, 605400, 608393, 612976, 615140, 619453, 621075, 621503, 623956, 624043, 624054, 626863, 627598, 627630, 627724, 628165, 629877, 630979, 631172, 637192, 638287, 638963, 639939]
15,11,[4858, 23230, 30167, 30205, 30231, 53441, 71908, 93075, 108771, 129317, 164290]
16,1,[37335]
17,116,[202, 418, 7345, 7360, 10181, 10220, 14819, 18870, 20404, 23755, 27123, 27935, 28307, 28317, 28326, 28585, 29309, 31463, 31785, 32011, 32196, 34012, 34350, 44162, 44431, 53582, 57941, 58193, 58419, 67223, 78231, 80827, 84763, 84796, 84881, 87449, 87474, 88901, 89963, 94115, 94119, 113047, 117232, 124193, 134928, 134975, 135230, 135329, 145805, 146577, 146862, 147082, 147468, 147669, 149031, 149941, 149961, 149994, 150036, 150137, 150146, 151104, 151119, 151135, 151212, 151244, 151300, 151361, 151388, 152179, 152812, 153763, 153845, 155995, 156168, 157080, 158822, 158858, 158881, 158925, 159007, 159131, 159375, 165138, 172784, 177613, 177628, 178809, 185969, 186490, 188366, 189470, 189488, 189745, 190073, 194183, 194269, 196543, 196751, 196768, 196945, 197528, 198758, 204203, 204397, 204480, 204850, 204957, 206591, 208688, 208859, 210097, 214484, 216020, 216684, 216694]
18,50,[1306, 1613, 3169, 3216, 4063, 8880, 14495, 24012, 27500, 29898, 31869, 41029, 42442, 45129, 46551, 51852, 52091, 55658, 57185, 57969, 64098, 65622, 65673, 66252, 71404, 84289, 85379, 88853, 97065, 102462, 103626, 103925, 106198, 109168, 110994, 112141, 123360, 125508, 128016, 128297, 128482, 129518, 130893, 131832, 137871, 142100, 144136, 144172, 145568, 147729]
21,1,[22412]
22,34,[9733, 15764, 58413, 61865, 63919, 64728, 64762, 64783, 64802, 64862, 64869, 64871, 64899, 64901, 64919, 65126, 65610, 66995, 68488, 68688, 68723, 68891, 86218, 87442, 111263, 135666, 157171, 157205, 157452, 157656, 157738, 157860, 157923, 158808]
23,4,[769, 1312, 30013, 30174]
24,1,[3405]
27,6,[538, 5024, 8309, 31512, 36058, 69812]
28,1,[2655]
30,294,[8988, 38620, 44940, 45648, 45700, 49062, 49368, 49390, 49412, 71397, 71819, 98456, 98651, 104051, 104389, 105215, 105232, 112304, 116329, 116334, 116598, 116661, 116703, 120852, 120999, 122407, 126467, 127194, 140664, 146241, 146933, 165774, 187035, 191383, 191480, 202012, 202404, 202424, 204446, 208260, 217328, 237755, 249274, 260320, 265219, 265264, 265563, 267023, 268510, 281157, 292347, 299305, 299775, 299928, 301199, 302747, 303009, 303883, 305097, 305876, 307024, 307608, 307625, 307713, 307872, 308235, 308472, 308475, 308959, 309992, 311051, 311873, 312280, 312289, 312408, 315691, 317297, 318158, 318504, 318824, 318864, 326493, 327702, 327715, 331215, 332660, 333141, 333470, 333477, 333639, 334181, 335454, 335807, 337421, 339318, 339537, 339930, 340230, 340731, 343452, 344198, 344790, 344903, 345381, 345394, 347587, 349473, 350490, 351060, 351183, 351806, 351922, 352238, 352293, 352391, 353737, 355026, 355428, 355704, 356286, 357699, 358309, 359364, 359371, 360633, 360941, 363274, 363343, 363450, 364249, 364579, 364799, 364988, 366804, 367143, 369800, 369864, 374203, 374207, 374260, 374457, 375714, 376420, 376686, 376858, 377350, 380316, 380577, 380688, 381349, 381379, 381390, 384955, 385936, 386948, 387481, 387829, 389161, 389178, 389228, 389286, 389325, 390236, 394511, 395192, 395269, 395293, 396643, 397544, 398472, 399020, 404796, 404923, 405233, 405696, 413504, 417346, 422069, 422632, 422901, 424976, 425849, 425964, 426511, 439675, 443449, 443775, 451360, 454883, 458962, 459425, 465637, 467554, 467839, 467958, 472307, 472933, 473119, 474430, 475026, 478900, 479080, 479254, 479576, 483059, 483236, 483263, 484631, 486044, 486058, 486112, 486240, 487728, 488135, 491521, 492026, 495401, 495508, 498045, 498061, 499228, 501304, 502145, 502194, 502618, 502649, 502961, 503042, 503068, 510577, 514159, 519075, 537118, 538230, 538264, 538462, 552123, 552225, 552280, 554098, 554804, 556144, 558332, 560430, 560442, 561909, 561920, 562007, 562321, 562422, 569783, 576917, 576975, 576993, 581047, 581509, 581674, 581753, 581863, 581911, 584840, 584892, 584922, 584962, 586481, 586521, 590467, 591829, 592843, 594216, 594541, 600345, 605198, 608181, 612747, 614906, 619201, 620823, 621251, 623702, 623789, 623800, 626606, 627338, 627370, 627464, 627905, 629614, 630708, 630901, 636917, 638012, 638688, 639664]
9,2,[219, 2438]
10,294,[9082, 38718, 45038, 45746, 45798, 49160, 49466, 49488, 49510, 71500, 71922, 98563, 98758, 104158, 104496, 105326, 105343, 112415, 116440, 116445, 116709, 116772, 116814, 120963, 121110, 122518, 126578, 127305, 140776, 146354, 147046, 165897, 187167, 191515, 191612, 202154, 202546, 202566, 204588, 208402, 217468, 237905, 249427, 260476, 265375, 265420, 265719, 267179, 268666, 281312, 292504, 299463, 299933, 300086, 301357, 302905, 303167, 304041, 305255, 306034, 307182, 307766, 307783, 307871, 308030, 308393, 308630, 308633, 309117, 310150, 311210, 312032, 312439, 312448, 312567, 315850, 317456, 318317, 318663, 318983, 319023, 326652, 327861, 327874, 331374, 332819, 333300, 333629, 333636, 333798, 334340, 335613, 335966, 337580, 339477, 339696, 340089, 340389, 340890, 343611, 344357, 344949, 345062, 345540, 345553, 347746, 349632, 350649, 351219, 351342, 351965, 352081, 352397, 352452, 352550, 353896, 355185, 355587, 355863, 356445, 357859, 358469, 359524, 359531, 360793, 361101, 363437, 363506, 363613, 364412, 364742, 364962, 365151, 366967, 367306, 369963, 370027, 374366, 374370, 374423, 374620, 375877, 376583, 376849, 377021, 377513, 380479, 380740, 380851, 381512, 381542, 381553, 385118, 386099, 387111, 387644, 387992, 389324, 389341, 389391, 389449, 389488, 390399, 394677, 395358, 395435, 395459, 396809, 397710, 398638, 399186, 404962, 405089, 405399, 405862, 413670, 417512, 422235, 422798, 423067, 425142, 426015, 426130, 426677, 439845, 443619, 443945, 451530, 455053, 459132, 459595, 465808, 467725, 468010, 468129, 472477, 473103, 473289, 474600, 475196, 479068, 479248, 479422, 479744, 483224, 483401, 483428, 484796, 486207, 486221, 486275, 486403, 487890, 488297, 491681, 492186, 495560, 495667, 498214, 498230, 499397, 501473, 502314, 502363, 502787, 502818, 503130, 503211, 503237, 510746, 514328, 519247, 537293, 538405, 538439, 538637, 552301, 552403, 552458, 554276, 554982, 556322, 558510, 560608, 560620, 562087, 562098, 562185, 562499, 562600, 569963, 577097, 577155, 577173, 581227, 581689, 581854, 581933, 582043, 582091, 585025, 585077, 585107, 585147, 586666, 586706, 590652, 592020, 593034, 594407, 594732, 600542, 605400, 608393, 612976, 615140, 619453, 621075, 621503, 623956, 624043, 624054, 626863, 627598, 627630, 627724, 628165, 629877, 630979, 631172, 637192, 638287, 638963, 639939]
15,11,[4858, 23230, 30167, 30205, 30231, 53441, 71908, 93075, 108771, 129317, 164290]
16,1,[37335]
17,116,[202, 418, 7345, 7360, 10181, 10220, 14819, 18870, 20404, 23755, 27123, 27935, 28307, 28317, 28326, 28585, 29309, 31463, 31785, 32011, 32196, 34012, 34350, 44162, 44431, 53582, 57941, 58193, 58419, 67223, 78231, 80827, 84763, 84796, 84881, 87449, 87474, 88901, 89963, 94115, 94119, 113047, 117232, 124193, 134928, 134975, 135230, 135329, 145805, 146577, 146862, 147082, 147468, 147669, 149031, 149941, 149961, 149994, 150036, 150137, 150146, 151104, 151119, 151135, 151212, 151244, 151300, 151361, 151388, 152179, 152812, 153763, 153845, 155995, 156168, 157080, 158822, 158858, 158881, 158925, 159007, 159131, 159375, 165138, 172784, 177613, 177628, 178809, 185969, 186490, 188366, 189470, 189488, 189745, 190073, 194183, 194269, 196543, 196751, 196768, 196945, 197528, 198758, 204203, 204397, 204480, 204850, 204957, 206591, 208688, 208859, 210097, 214484, 216020, 216684, 216694]
18,50,[1306, 1613, 3169, 3216, 4063, 8880, 14495, 24012, 27500, 29898, 31869, 41029, 42442, 45129, 46551, 51852, 52091, 55658, 57185, 57969, 64098, 65622, 65673, 66252, 71404, 84289, 85379, 88853, 97065, 102462, 103626, 103925, 106198, 109168, 110994, 112141, 123360, 125508, 128016, 128297, 128482, 129518, 130893, 131832, 137871, 142100, 144136, 144172, 145568, 147729]
21,1,[22412]
22,34,[9733, 15764, 58413, 61865, 63919, 64728, 64762, 64783, 64802, 64862, 64869, 64871, 64899, 64901, 64919, 65126, 65610, 66995, 68488, 68688, 68723, 68891, 86218, 87442, 111263, 135666, 157171, 157205, 157452, 157656, 157738, 157860, 157923, 158808]
23,4,[769, 1312, 30013, 30174]
24,1,[3405]
27,6,[538, 5024, 8309, 31512, 36058, 69812]
28,1,[2655]
30,294,[8988, 38620, 44940, 45648, 45700, 49062, 49368, 49390, 49412, 71397, 71819, 98456, 98651, 104051, 104389, 105215, 105232, 112304, 116329, 116334, 116598, 116661, 116703, 120852, 120999, 122407, 126467, 127194, 140664, 146241, 146933, 165774, 187035, 191383, 191480, 202012, 202404, 202424, 204446, 208260, 217328, 237755, 249274, 260320, 265219, 265264, 265563, 267023, 268510, 281157, 292347, 299305, 299775, 299928, 301199, 302747, 303009, 303883, 305097, 305876, 307024, 307608, 307625, 307713, 307872, 308235, 308472, 308475, 308959, 309992, 311051, 311873, 312280, 312289, 312408, 315691, 317297, 318158, 318504, 318824, 318864, 326493, 327702, 327715, 331215, 332660, 333141, 333470, 333477, 333639, 334181, 335454, 335807, 337421, 339318, 339537, 339930, 340230, 340731, 343452, 344198, 344790, 344903, 345381, 345394, 347587, 349473, 350490, 351060, 351183, 351806, 351922, 352238, 352293, 352391, 353737, 355026, 355428, 355704, 356286, 357699, 358309, 359364, 359371, 360633, 360941, 363274, 363343, 363450, 364249, 364579, 364799, 364988, 366804, 367143, 369800, 369864, 374203, 374207, 374260, 374457, 375714, 376420, 376686, 376858, 377350, 380316, 380577, 380688, 381349, 381379, 381390, 384955, 385936, 386948, 387481, 387829, 389161, 389178, 389228, 389286, 389325, 390236, 394511, 395192, 395269, 395293, 396643, 397544, 398472, 399020, 404796, 404923, 405233, 405696, 413504, 417346, 422069, 422632, 422901, 424976, 425849, 425964, 426511, 439675, 443449, 443775, 451360, 454883, 458962, 459425, 465637, 467554, 467839, 467958, 472307, 472933, 473119, 474430, 475026, 478900, 479080, 479254, 479576, 483059, 483236, 483263, 484631, 486044, 486058, 486112, 486240, 487728, 488135, 491521, 492026, 495401, 495508, 498045, 498061, 499228, 501304, 502145, 502194, 502618, 502649, 502961, 503042, 503068, 510577, 514159, 519075, 537118, 538230, 538264, 538462, 552123, 552225, 552280, 554098, 554804, 556144, 558332, 560430, 560442, 561909, 561920, 562007, 562321, 562422, 569783, 576917, 576975, 576993, 581047, 581509, 581674, 581753, 581863, 581911, 584840, 584892, 584922, 584962, 586481, 586521, 590467, 591829, 592843, 594216, 594541, 600345, 605198, 608181, 612747, 614906, 619201, 620823, 621251, 623702, 623789, 623800, 626606, 627338, 627370, 627464, 627905, 629614, 630708, 630901, 636917, 638012, 638688, 639664]
