6,2,[237, 244]
10,6,[230060, 270119, 312388, 370024, 508099, 546631]
11,1,[8493]
15,2,[5829, 73588]
16,1,[25499]
18,7,[40563, 80076, 80365, 92398, 109437, 131001, 135994]
22,2,[64905, 65355]
27,1,[47079]
30,6,[229910, 269963, 312229, 369861, 507930, 546456]
6,2,[237, 244]
10,6,[230060, 270119, 312388, 370024, 508099, 546631]
11,1,[8493]
15,2,[5829, 73588]
16,1,[25499]
18,7,[40563, 80076, 80365, 92398, 109437, 131001, 135994]
22,2,[64905, 65355]
27,1,[47079]
30,6,[229910, 269963, 312229, 369861, 507930, 546456]
