10,1,[547424]
14,123,[2521, 3140, 4176, 5095, 6640, 9025, 10700, 12882, 13870, 18328, 20160, 21632, 21759, 22323, 23348, 24333, 27008, 28934, 29870, 31566, 32406, 35736, 36593, 39830, 43267, 44199, 46403, 47416, 50744, 51901, 53064, 55113, 58259, 60603, 62102, 62901, 64284, 65368, 66406, 70460, 71327, 71867, 73350, 74960, 75877, 76874, 79195, 80141, 81104, 82683, 84953, 86071, 87241, 88439, 89612, 90433, 91544, 93688, 94709, 96402, 97290, 98230, 98981, 100246, 101250, 103111, 103832, 104464, 105985, 106959, 107930, 109055, 109849, 110548, 115607, 117558, 118269, 122745, 123625, 126258, 128288, 131857, 132833, 134846, 136055, 138056, 139150, 140402, 141974, 143210, 146398, 146407, 147316, 151146, 151868, 152745, 153676, 155214, 155920, 158453, 160203, 161597, 163009, 164009, 166174, 166940, 167915, 168980, 170114, 171080, 174013, 175962, 177933, 179912, 181388, 182403, 184498, 189105, 190326, 191999, 193292, 194115, 195671]
15,1,[122677]
18,103,[4061, 9043, 21151, 21239, 26083, 27286, 27984, 29056, 29210, 31971, 35275, 35384, 35471, 36723, 43084, 43563, 46257, 49345, 49370, 50044, 50978, 51013, 51454, 53073, 53124, 53212, 53726, 58285, 63293, 64759, 66032, 69792, 69951, 70121, 70470, 70555, 70813, 71451, 77627, 80021, 107800, 115384, 133719, 133927, 134107, 134623, 134831, 134924, 135070, 135152, 135169, 135250, 135559, 136704, 136836, 136928, 137097, 137476, 137497, 137513, 137529, 137798, 137826, 137851, 137880, 137915, 137985, 138051, 138059, 138208, 138229, 138252, 138372, 138501, 138509, 138652, 138790, 138818, 138853, 138911, 138986, 139049, 139080, 139102, 139166, 139307, 139428, 139530, 140251, 140604, 140620, 141617, 141720, 141732, 142366, 142397, 142403, 142540, 142594, 142606, 142851, 142957, 143878]
20,1,[6875]
22,4,[114471, 157081, 157083, 157163]
25,119,[2875, 3545, 4551, 5455, 6880, 9283, 10887, 12941, 13858, 17973, 19669, 21167, 21289, 21838, 22790, 23666, 26149, 28008, 28879, 30494, 31279, 34378, 35228, 38290, 41505, 42384, 44528, 45568, 48731, 49782, 50894, 52933, 55875, 58182, 59663, 60449, 61912, 63416, 67209, 68019, 68514, 69828, 71358, 72271, 73277, 76511, 77393, 78960, 81280, 82428, 83538, 84760, 85896, 86689, 87709, 89708, 90742, 92325, 93177, 94121, 94890, 96222, 97121, 98953, 99709, 100273, 101654, 102564, 103483, 104524, 105273, 106084, 110687, 112510, 113163, 117564, 118468, 120963, 122841, 126165, 127178, 129067, 130270, 132191, 133329, 134554, 136010, 137263, 141288, 144867, 145514, 146365, 147185, 148618, 149303, 151705, 153405, 154868, 156196, 157200, 159262, 159971, 160981, 162029, 163162, 164108, 167016, 168841, 170639, 172503, 173969, 174955, 176955, 181308, 182711, 183966, 185138, 185967, 187508]
26,1,[7395]
30,1,[547249]
10,1,[547424]
14,123,[2521, 3140, 4176, 5095, 6640, 9025, 10700, 12882, 13870, 18328, 20160, 21632, 21759, 22323, 23348, 24333, 27008, 28934, 29870, 31566, 32406, 35736, 36593, 39830, 43267, 44199, 46403, 47416, 50744, 51901, 53064, 55113, 58259, 60603, 62102, 62901, 64284, 65368, 66406, 70460, 71327, 71867, 73350, 74960, 75877, 76874, 79195, 80141, 81104, 82683, 84953, 86071, 87241, 88439, 89612, 90433, 91544, 93688, 94709, 96402, 97290, 98230, 98981, 100246, 101250, 103111, 103832, 104464, 105985, 106959, 107930, 109055, 109849, 110548, 115607, 117558, 118269, 122745, 123625, 126258, 128288, 131857, 132833, 134846, 136055, 138056, 139150, 140402, 141974, 143210, 146398, 146407, 147316, 151146, 151868, 152745, 153676, 155214, 155920, 158453, 160203, 161597, 163009, 164009, 166174, 166940, 167915, 168980, 170114, 171080, 174013, 175962, 177933, 179912, 181388, 182403, 184498, 189105, 190326, 191999, 193292, 194115, 195671]
15,1,[122677]
18,103,[4061, 9043, 21151, 21239, 26083, 27286, 27984, 29056, 29210, 31971, 35275, 35384, 35471, 36723, 43084, 43563, 46257, 49345, 49370, 50044, 50978, 51013, 51454, 53073, 53124, 53212, 53726, 58285, 63293, 64759, 66032, 69792, 69951, 70121, 70470, 70555, 70813, 71451, 77627, 80021, 107800, 115384, 133719, 133927, 134107, 134623, 134831, 134924, 135070, 135152, 135169, 135250, 135559, 136704, 136836, 136928, 137097, 137476, 137497, 137513, 137529, 137798, 137826, 137851, 137880, 137915, 137985, 138051, 138059, 138208, 138229, 138252, 138372, 138501, 138509, 138652, 138790, 138818, 138853, 138911, 138986, 139049, 139080, 139102, 139166, 139307, 139428, 139530, 140251, 140604, 140620, 141617, 141720, 141732, 142366, 142397, 142403, 142540, 142594, 142606, 142851, 142957, 143878]
20,1,[6875]
22,4,[114471, 157081, 157083, 157163]
25,119,[2875, 3545, 4551, 5455, 6880, 9283, 10887, 12941, 13858, 17973, 19669, 21167, 21289, 21838, 22790, 23666, 26149, 28008, 28879, 30494, 31279, 34378, 35228, 38290, 41505, 42384, 44528, 45568, 48731, 49782, 50894, 52933, 55875, 58182, 59663, 60449, 61912, 63416, 67209, 68019, 68514, 69828, 71358, 72271, 73277, 76511, 77393, 78960, 81280, 82428, 83538, 84760, 85896, 86689, 87709, 89708, 90742, 92325, 93177, 94121, 94890, 96222, 97121, 98953, 99709, 100273, 101654, 102564, 103483, 104524, 105273, 106084, 110687, 112510, 113163, 117564, 118468, 120963, 122841, 126165, 127178, 129067, 130270, 132191, 133329, 134554, 136010, 137263, 141288, 144867, 145514, 146365, 147185, 148618, 149303, 151705, 153405, 154868, 156196, 157200, 159262, 159971, 160981, 162029, 163162, 164108, 167016, 168841, 170639, 172503, 173969, 174955, 176955, 181308, 182711, 183966, 185138, 185967, 187508]
26,1,[7395]
30,1,[547249]
