10,43,[300441, 301199, 305033, 307071, 322137, 343621, 382245, 382574, 383894, 394252, 438776, 438825, 502251, 503136, 534250, 534354, 543394, 573765, 573773, 585266, 585593, 585809, 585864, 585930, 585992, 586401, 586515, 588124, 588127, 593048, 593803, 604221, 604238, 604255, 604259, 604505, 604760, 605323, 614504, 617465, 624165, 624219, 624231]
15,2,[12415, 56042]
17,2,[12966, 22160]
18,5,[65287, 65774, 73614, 96312, 109743]
21,1,[3879]
22,2,[153048, 160212]
30,43,[300283, 301041, 304875, 306913, 321978, 343462, 382082, 382411, 383731, 394086, 438606, 438655, 502082, 502967, 534075, 534179, 543219, 573585, 573593, 585081, 585408, 585624, 585679, 585745, 585807, 586216, 586330, 587939, 587942, 592857, 593612, 604019, 604036, 604053, 604057, 604303, 604558, 605121, 614270, 617222, 623911, 623965, 623977]
10,43,[300441, 301199, 305033, 307071, 322137, 343621, 382245, 382574, 383894, 394252, 438776, 438825, 502251, 503136, 534250, 534354, 543394, 573765, 573773, 585266, 585593, 585809, 585864, 585930, 585992, 586401, 586515, 588124, 588127, 593048, 593803, 604221, 604238, 604255, 604259, 604505, 604760, 605323, 614504, 617465, 624165, 624219, 624231]
15,2,[12415, 56042]
17,2,[12966, 22160]
18,5,[65287, 65774, 73614, 96312, 109743]
21,1,[3879]
22,2,[153048, 160212]
30,43,[300283, 301041, 304875, 306913, 321978, 343462, 382082, 382411, 383731, 394086, 438606, 438655, 502082, 502967, 534075, 534179, 543219, 573585, 573593, 585081, 585408, 585624, 585679, 585745, 585807, 586216, 586330, 587939, 587942, 592857, 593612, 604019, 604036, 604053, 604057, 604303, 604558, 605121, 614270, 617222, 623911, 623965, 623977]
