6,2,[22, 751]
7,1,[106]
8,2,[348, 582]
10,94,[3279, 71926, 71928, 71930, 71933, 116439, 116471, 121439, 121443, 126584, 197988, 289262, 298381, 299735, 300747, 305437, 307454, 307934, 312077, 318758, 346133, 346375, 348066, 348252, 348263, 348418, 348551, 348582, 348689, 349151, 349249, 349619, 350650, 351119, 351249, 351479, 352065, 352549, 353787, 355662, 355872, 359192, 359276, 359707, 373600, 373610, 375416, 383818, 429620, 439758, 439859, 459610, 459613, 459616, 475839, 479194, 486597, 488284, 492565, 496448, 498702, 504376, 514341, 514454, 519396, 528353, 529778, 540964, 541451, 545109, 548151, 552459, 566072, 569216, 571368, 580138, 581517, 584749, 585257, 585665, 585906, 587397, 604514, 609662, 611157, 617021, 618244, 621684, 622886, 624935, 626457, 627678, 628595, 637644]
11,52,[252, 771, 861, 1920, 2169, 2586, 2800, 5081, 5127, 5585, 5623, 6379, 6839, 7617, 7879, 8057, 8072, 8833, 9318, 9531, 9555, 9786, 9885, 10239, 10773, 10788, 10807, 11041, 11102, 11239, 11317, 11927, 12208, 12362, 12456, 13387, 13778, 13803, 14526, 14967, 17169, 17773, 18093, 18601, 18729, 18973, 19119, 19667, 19809, 19862, 20651, 20699]
12,73,[417, 705, 859, 989, 1092, 1096, 1356, 1415, 1483, 1592, 1869, 2880, 3126, 3448, 4351, 4465, 4685, 4733, 4865, 5046, 5311, 5378, 5935, 6223, 6453, 6941, 6956, 7085, 7150, 7390, 7510, 7612, 7949, 8823, 9007, 10335, 10699, 11574, 11687, 11820, 12776, 13226, 13306, 13407, 13537, 14278, 14649, 15347, 15447, 15610, 15802, 16026, 16468, 16651, 16729, 16911, 16934, 17201, 17940, 18011, 18577, 19166, 19645, 19932, 20697, 20708, 21082, 21275, 22354, 22624, 22801, 23092, 23185]
13,6,[599, 623, 637, 902, 944, 3822]
14,10,[2407, 16159, 24037, 42977, 67735, 78729, 92438, 137817, 156612, 188634]
15,117,[3656, 4335, 7328, 7654, 7840, 8605, 8655, 9430, 9441, 9781, 9836, 10568, 10570, 11331, 11588, 12276, 15334, 16829, 20526, 21163, 21416, 23071, 24606, 27804, 27853, 28449, 28500, 28778, 29073, 30321, 30452, 30965, 31442, 32519, 32933, 32993, 34241, 36952, 41094, 43482, 45115, 46211, 46650, 47809, 48249, 53225, 54009, 54425, 59773, 63232, 63869, 64524, 70340, 70423, 78051, 78415, 79520, 79654, 80106, 83109, 83141, 83841, 88442, 90687, 91506, 91712, 91992, 93667, 93868, 94054, 97906, 98488, 99324, 100611, 100741, 100921, 103886, 104561, 105293, 110153, 113759, 114227, 120165, 120604, 120749, 124143, 129787, 129922, 130884, 131228, 132323, 134361, 134367, 140437, 143185, 143233, 145532, 146458, 149560, 152192, 152662, 153174, 154170, 154201, 154563, 155338, 155926, 156817, 157047, 157309, 164447, 166633, 170849, 171986, 172059, 172729, 172968]
16,78,[747, 802, 1422, 1832, 1903, 1922, 1944, 2111, 3210, 3226, 4217, 4237, 4823, 5591, 6357, 6714, 6904, 7543, 7567, 7758, 7857, 8006, 8245, 8513, 8643, 8992, 9286, 9401, 9635, 9706, 9806, 10017, 10390, 10821, 11764, 12056, 14903, 15092, 15205, 15246, 15383, 16045, 16057, 16076, 16235, 16484, 17173, 17352, 17368, 19730, 19905, 20126, 20434, 21549, 22191, 22449, 22540, 23124, 23135, 23250, 23421, 23897, 24359, 24458, 24793, 24853, 25092, 26348, 27653, 31939, 33012, 33879, 34600, 34906, 34967, 35732, 37050, 37759]
17,57,[11477, 21228, 21603, 38455, 40564, 41131, 51873, 54159, 54242, 56083, 56089, 57055, 57346, 58194, 59122, 59286, 59481, 59598, 68337, 70895, 73888, 74120, 78234, 79508, 79516, 79524, 79649, 83449, 91647, 93343, 93626, 93628, 95424, 96123, 100926, 103109, 111447, 111596, 114162, 117628, 121591, 123766, 124139, 124143, 124741, 124808, 134206, 139598, 143195, 147353, 149319, 169078, 171496, 173752, 188374, 198423, 217279]
18,78,[1450, 3718, 3724, 3765, 4218, 4246, 4421, 4643, 4696, 4723, 8373, 10100, 10927, 11266, 12440, 20790, 22479, 32562, 33089, 33624, 34232, 36958, 37081, 42682, 42709, 43127, 43841, 46003, 49722, 50893, 51250, 52774, 52866, 55866, 57073, 57104, 57257, 57368, 60785, 61259, 62012, 62515, 67218, 67279, 68295, 86007, 86848, 90807, 93761, 93865, 94941, 96337, 96514, 96552, 96691, 96792, 97671, 98001, 103017, 105907, 106159, 107281, 107284, 110204, 116685, 119077, 120747, 123826, 126019, 126336, 133657, 134038, 134236, 134456, 138629, 139861, 140061, 148540]
19,5,[8368, 8373, 11195, 12609, 21460]
20,56,[5011, 5142, 10076, 12116, 12858, 13376, 13648, 14820, 18658, 19010, 19117, 20995, 21692, 26184, 27772, 29122, 30028, 30781, 32913, 33002, 35207, 35220, 35494, 37236, 37780, 38165, 41771, 42342, 43957, 46534, 46550, 46552, 48765, 49642, 52906, 53603, 54913, 55109, 55406, 55608, 56061, 56860, 59266, 59673, 60007, 60703, 60842, 61578, 61980, 62070, 62155, 62230, 62697, 63804, 63940, 65508]
21,25,[6084, 6893, 7157, 7847, 9850, 10570, 10864, 11511, 12302, 15389, 17113, 19014, 19504, 21044, 22938, 24078, 25443, 25855, 25996, 28382, 28928, 29323, 29737, 29982, 31364]
22,40,[420, 2402, 2859, 3432, 5010, 5194, 9617, 15088, 15512, 15691, 16273, 16304, 17482, 17853, 20109, 20294, 28987, 45718, 52570, 62892, 63961, 66724, 66738, 67884, 67948, 67949, 68150, 68153, 70946, 70950, 75802, 92198, 107616, 134374, 134376, 149835, 149911, 150236, 153455, 160145]
23,31,[562, 7922, 7930, 8061, 10553, 10725, 11892, 13652, 16324, 16389, 16488, 16653, 17050, 17103, 18642, 19045, 19240, 19249, 20020, 20127, 22882, 23280, 23360, 23388, 24666, 25061, 28076, 28759, 29045, 29777, 29858]
24,65,[637, 922, 2338, 3875, 3973, 4996, 6069, 6703, 8933, 9065, 9373, 9741, 9749, 10325, 10559, 10681, 10770, 11923, 12892, 14667, 15271, 15438, 15630, 16468, 16689, 17418, 17503, 17558, 17992, 18235, 18659, 18828, 18924, 19353, 20164, 20831, 22401, 22869, 23459, 23630, 24642, 25219, 25813, 25928, 26056, 26245, 28816, 29273, 30353, 30880, 31059, 31786, 32079, 32425, 33413, 33611, 33708, 34819, 35735, 38374, 41981, 42318, 43854, 44052, 44288]
25,11,[2761, 16010, 23391, 41253, 64583, 75170, 88573, 131969, 149947, 169098, 180885]
26,56,[5526, 5657, 10627, 12701, 13445, 13962, 14233, 15435, 19366, 19718, 19825, 21733, 22438, 26980, 28600, 29964, 30876, 31644, 33789, 33878, 36100, 36115, 36392, 38152, 38697, 39084, 42705, 43270, 44918, 47538, 47554, 47556, 49789, 50684, 54013, 54730, 56074, 56269, 56564, 56768, 57219, 58008, 60524, 60956, 61297, 62000, 62139, 62882, 63281, 63373, 63457, 63567, 64036, 65190, 65327, 66920]
27,146,[1125, 1283, 1377, 3238, 6437, 7059, 7359, 7426, 7892, 8947, 9807, 10200, 11537, 14038, 15401, 15753, 15910, 18401, 18536, 18933, 21936, 22130, 23000, 24844, 25203, 25406, 25986, 26105, 26198, 27975, 28177, 28721, 28953, 32219, 33632, 34449, 34620, 35827, 36173, 36581, 37092, 37161, 39798, 41167, 41623, 42778, 43581, 44452, 44687, 46180, 46740, 47298, 47482, 47672, 48173, 48377, 49083, 49498, 49570, 49615, 50098, 51731, 52589, 53424, 53845, 54847, 54853, 55832, 55925, 56018, 56378, 56585, 59053, 59064, 60966, 61261, 61266, 61302, 61990, 62563, 63317, 63462, 63603, 63934, 64094, 66142, 67813, 69216, 69941, 71998, 72434, 73607, 75063, 75333, 76747, 78047, 78105, 78316, 78934, 78964, 80559, 81652, 81721, 81784, 82526, 82711, 83123, 83443, 86009, 86194, 86521, 86867, 89109, 90322, 92785, 92877, 93049, 93422, 93463, 93829, 94348, 95080, 96427, 97360, 97949, 98043, 98831, 98856, 99217, 99224, 99257, 100070, 100133, 100809, 101297, 101514, 101918, 102247, 102401, 102630, 103768, 106512, 107128, 107228, 109242, 109553]
28,15,[2387, 3200, 3306, 3744, 3908, 4305, 4951, 6031, 6041, 6056, 6728, 8218, 9327, 10194, 11296]
30,94,[3185, 71823, 71825, 71827, 71830, 116328, 116360, 121328, 121332, 126473, 197856, 289106, 298223, 299577, 300589, 305279, 307296, 307776, 311918, 318599, 345974, 346216, 347907, 348093, 348104, 348259, 348392, 348423, 348530, 348992, 349090, 349460, 350491, 350960, 351090, 351320, 351906, 352390, 353628, 355503, 355713, 359032, 359116, 359547, 373437, 373447, 375253, 383655, 429453, 439588, 439689, 459440, 459443, 459446, 475669, 479026, 486434, 488122, 492405, 496279, 498533, 504207, 514172, 514285, 519224, 528178, 529603, 540789, 541276, 544934, 547976, 552281, 565892, 569036, 571188, 579958, 581337, 584564, 585072, 585480, 585721, 587212, 604312, 609450, 610940, 616778, 617992, 621432, 622634, 624681, 626200, 627418, 628332, 637369]
6,2,[22, 751]
7,1,[106]
8,2,[348, 582]
10,94,[3279, 71926, 71928, 71930, 71933, 116439, 116471, 121439, 121443, 126584, 197988, 289262, 298381, 299735, 300747, 305437, 307454, 307934, 312077, 318758, 346133, 346375, 348066, 348252, 348263, 348418, 348551, 348582, 348689, 349151, 349249, 349619, 350650, 351119, 351249, 351479, 352065, 352549, 353787, 355662, 355872, 359192, 359276, 359707, 373600, 373610, 375416, 383818, 429620, 439758, 439859, 459610, 459613, 459616, 475839, 479194, 486597, 488284, 492565, 496448, 498702, 504376, 514341, 514454, 519396, 528353, 529778, 540964, 541451, 545109, 548151, 552459, 566072, 569216, 571368, 580138, 581517, 584749, 585257, 585665, 585906, 587397, 604514, 609662, 611157, 617021, 618244, 621684, 622886, 624935, 626457, 627678, 628595, 637644]
11,52,[252, 771, 861, 1920, 2169, 2586, 2800, 5081, 5127, 5585, 5623, 6379, 6839, 7617, 7879, 8057, 8072, 8833, 9318, 9531, 9555, 9786, 9885, 10239, 10773, 10788, 10807, 11041, 11102, 11239, 11317, 11927, 12208, 12362, 12456, 13387, 13778, 13803, 14526, 14967, 17169, 17773, 18093, 18601, 18729, 18973, 19119, 19667, 19809, 19862, 20651, 20699]
12,73,[417, 705, 859, 989, 1092, 1096, 1356, 1415, 1483, 1592, 1869, 2880, 3126, 3448, 4351, 4465, 4685, 4733, 4865, 5046, 5311, 5378, 5935, 6223, 6453, 6941, 6956, 7085, 7150, 7390, 7510, 7612, 7949, 8823, 9007, 10335, 10699, 11574, 11687, 11820, 12776, 13226, 13306, 13407, 13537, 14278, 14649, 15347, 15447, 15610, 15802, 16026, 16468, 16651, 16729, 16911, 16934, 17201, 17940, 18011, 18577, 19166, 19645, 19932, 20697, 20708, 21082, 21275, 22354, 22624, 22801, 23092, 23185]
13,6,[599, 623, 637, 902, 944, 3822]
14,10,[2407, 16159, 24037, 42977, 67735, 78729, 92438, 137817, 156612, 188634]
15,117,[3656, 4335, 7328, 7654, 7840, 8605, 8655, 9430, 9441, 9781, 9836, 10568, 10570, 11331, 11588, 12276, 15334, 16829, 20526, 21163, 21416, 23071, 24606, 27804, 27853, 28449, 28500, 28778, 29073, 30321, 30452, 30965, 31442, 32519, 32933, 32993, 34241, 36952, 41094, 43482, 45115, 46211, 46650, 47809, 48249, 53225, 54009, 54425, 59773, 63232, 63869, 64524, 70340, 70423, 78051, 78415, 79520, 79654, 80106, 83109, 83141, 83841, 88442, 90687, 91506, 91712, 91992, 93667, 93868, 94054, 97906, 98488, 99324, 100611, 100741, 100921, 103886, 104561, 105293, 110153, 113759, 114227, 120165, 120604, 120749, 124143, 129787, 129922, 130884, 131228, 132323, 134361, 134367, 140437, 143185, 143233, 145532, 146458, 149560, 152192, 152662, 153174, 154170, 154201, 154563, 155338, 155926, 156817, 157047, 157309, 164447, 166633, 170849, 171986, 172059, 172729, 172968]
16,78,[747, 802, 1422, 1832, 1903, 1922, 1944, 2111, 3210, 3226, 4217, 4237, 4823, 5591, 6357, 6714, 6904, 7543, 7567, 7758, 7857, 8006, 8245, 8513, 8643, 8992, 9286, 9401, 9635, 9706, 9806, 10017, 10390, 10821, 11764, 12056, 14903, 15092, 15205, 15246, 15383, 16045, 16057, 16076, 16235, 16484, 17173, 17352, 17368, 19730, 19905, 20126, 20434, 21549, 22191, 22449, 22540, 23124, 23135, 23250, 23421, 23897, 24359, 24458, 24793, 24853, 25092, 26348, 27653, 31939, 33012, 33879, 34600, 34906, 34967, 35732, 37050, 37759]
17,57,[11477, 21228, 21603, 38455, 40564, 41131, 51873, 54159, 54242, 56083, 56089, 57055, 57346, 58194, 59122, 59286, 59481, 59598, 68337, 70895, 73888, 74120, 78234, 79508, 79516, 79524, 79649, 83449, 91647, 93343, 93626, 93628, 95424, 96123, 100926, 103109, 111447, 111596, 114162, 117628, 121591, 123766, 124139, 124143, 124741, 124808, 134206, 139598, 143195, 147353, 149319, 169078, 171496, 173752, 188374, 198423, 217279]
18,78,[1450, 3718, 3724, 3765, 4218, 4246, 4421, 4643, 4696, 4723, 8373, 10100, 10927, 11266, 12440, 20790, 22479, 32562, 33089, 33624, 34232, 36958, 37081, 42682, 42709, 43127, 43841, 46003, 49722, 50893, 51250, 52774, 52866, 55866, 57073, 57104, 57257, 57368, 60785, 61259, 62012, 62515, 67218, 67279, 68295, 86007, 86848, 90807, 93761, 93865, 94941, 96337, 96514, 96552, 96691, 96792, 97671, 98001, 103017, 105907, 106159, 107281, 107284, 110204, 116685, 119077, 120747, 123826, 126019, 126336, 133657, 134038, 134236, 134456, 138629, 139861, 140061, 148540]
19,5,[8368, 8373, 11195, 12609, 21460]
20,56,[5011, 5142, 10076, 12116, 12858, 13376, 13648, 14820, 18658, 19010, 19117, 20995, 21692, 26184, 27772, 29122, 30028, 30781, 32913, 33002, 35207, 35220, 35494, 37236, 37780, 38165, 41771, 42342, 43957, 46534, 46550, 46552, 48765, 49642, 52906, 53603, 54913, 55109, 55406, 55608, 56061, 56860, 59266, 59673, 60007, 60703, 60842, 61578, 61980, 62070, 62155, 62230, 62697, 63804, 63940, 65508]
21,25,[6084, 6893, 7157, 7847, 9850, 10570, 10864, 11511, 12302, 15389, 17113, 19014, 19504, 21044, 22938, 24078, 25443, 25855, 25996, 28382, 28928, 29323, 29737, 29982, 31364]
22,40,[420, 2402, 2859, 3432, 5010, 5194, 9617, 15088, 15512, 15691, 16273, 16304, 17482, 17853, 20109, 20294, 28987, 45718, 52570, 62892, 63961, 66724, 66738, 67884, 67948, 67949, 68150, 68153, 70946, 70950, 75802, 92198, 107616, 134374, 134376, 149835, 149911, 150236, 153455, 160145]
23,31,[562, 7922, 7930, 8061, 10553, 10725, 11892, 13652, 16324, 16389, 16488, 16653, 17050, 17103, 18642, 19045, 19240, 19249, 20020, 20127, 22882, 23280, 23360, 23388, 24666, 25061, 28076, 28759, 29045, 29777, 29858]
24,65,[637, 922, 2338, 3875, 3973, 4996, 6069, 6703, 8933, 9065, 9373, 9741, 9749, 10325, 10559, 10681, 10770, 11923, 12892, 14667, 15271, 15438, 15630, 16468, 16689, 17418, 17503, 17558, 17992, 18235, 18659, 18828, 18924, 19353, 20164, 20831, 22401, 22869, 23459, 23630, 24642, 25219, 25813, 25928, 26056, 26245, 28816, 29273, 30353, 30880, 31059, 31786, 32079, 32425, 33413, 33611, 33708, 34819, 35735, 38374, 41981, 42318, 43854, 44052, 44288]
25,11,[2761, 16010, 23391, 41253, 64583, 75170, 88573, 131969, 149947, 169098, 180885]
26,56,[5526, 5657, 10627, 12701, 13445, 13962, 14233, 15435, 19366, 19718, 19825, 21733, 22438, 26980, 28600, 29964, 30876, 31644, 33789, 33878, 36100, 36115, 36392, 38152, 38697, 39084, 42705, 43270, 44918, 47538, 47554, 47556, 49789, 50684, 54013, 54730, 56074, 56269, 56564, 56768, 57219, 58008, 60524, 60956, 61297, 62000, 62139, 62882, 63281, 63373, 63457, 63567, 64036, 65190, 65327, 66920]
27,146,[1125, 1283, 1377, 3238, 6437, 7059, 7359, 7426, 7892, 8947, 9807, 10200, 11537, 14038, 15401, 15753, 15910, 18401, 18536, 18933, 21936, 22130, 23000, 24844, 25203, 25406, 25986, 26105, 26198, 27975, 28177, 28721, 28953, 32219, 33632, 34449, 34620, 35827, 36173, 36581, 37092, 37161, 39798, 41167, 41623, 42778, 43581, 44452, 44687, 46180, 46740, 47298, 47482, 47672, 48173, 48377, 49083, 49498, 49570, 49615, 50098, 51731, 52589, 53424, 53845, 54847, 54853, 55832, 55925, 56018, 56378, 56585, 59053, 59064, 60966, 61261, 61266, 61302, 61990, 62563, 63317, 63462, 63603, 63934, 64094, 66142, 67813, 69216, 69941, 71998, 72434, 73607, 75063, 75333, 76747, 78047, 78105, 78316, 78934, 78964, 80559, 81652, 81721, 81784, 82526, 82711, 83123, 83443, 86009, 86194, 86521, 86867, 89109, 90322, 92785, 92877, 93049, 93422, 93463, 93829, 94348, 95080, 96427, 97360, 97949, 98043, 98831, 98856, 99217, 99224, 99257, 100070, 100133, 100809, 101297, 101514, 101918, 102247, 102401, 102630, 103768, 106512, 107128, 107228, 109242, 109553]
28,15,[2387, 3200, 3306, 3744, 3908, 4305, 4951, 6031, 6041, 6056, 6728, 8218, 9327, 10194, 11296]
30,94,[3185, 71823, 71825, 71827, 71830, 116328, 116360, 121328, 121332, 126473, 197856, 289106, 298223, 299577, 300589, 305279, 307296, 307776, 311918, 318599, 345974, 346216, 347907, 348093, 348104, 348259, 348392, 348423, 348530, 348992, 349090, 349460, 350491, 350960, 351090, 351320, 351906, 352390, 353628, 355503, 355713, 359032, 359116, 359547, 373437, 373447, 375253, 383655, 429453, 439588, 439689, 459440, 459443, 459446, 475669, 479026, 486434, 488122, 492405, 496279, 498533, 504207, 514172, 514285, 519224, 528178, 529603, 540789, 541276, 544934, 547976, 552281, 565892, 569036, 571188, 579958, 581337, 584564, 585072, 585480, 585721, 587212, 604312, 609450, 610940, 616778, 617992, 621432, 622634, 624681, 626200, 627418, 628332, 637369]
