10,19,[127194, 197477, 298814, 306340, 314086, 345350, 346950, 351751, 353874, 354879, 403538, 421452, 422142, 422990, 423581, 451973, 481250, 481262, 481272]
15,2,[55563, 97756]
17,3,[193430, 195403, 208412]
18,2,[29085, 72608]
20,1,[1199]
21,2,[7593, 28206]
22,2,[89238, 114259]
23,2,[20571, 23482]
26,2,[1563, 56387]
27,1,[29414]
30,19,[127083, 197345, 298656, 306182, 313927, 345191, 346791, 351592, 353715, 354720, 403372, 421286, 421976, 422824, 423415, 451803, 481083, 481095, 481105]
10,19,[127194, 197477, 298814, 306340, 314086, 345350, 346950, 351751, 353874, 354879, 403538, 421452, 422142, 422990, 423581, 451973, 481250, 481262, 481272]
15,2,[55563, 97756]
17,3,[193430, 195403, 208412]
18,2,[29085, 72608]
20,1,[1199]
21,2,[7593, 28206]
22,2,[89238, 114259]
23,2,[20571, 23482]
26,2,[1563, 56387]
27,1,[29414]
30,19,[127083, 197345, 298656, 306182, 313927, 345191, 346791, 351592, 353715, 354720, 403372, 421286, 421976, 422824, 423415, 451803, 481083, 481095, 481105]
