10,30,[8840, 8859, 52211, 52306, 52597, 52622, 52733, 52993, 63679, 63713, 63843, 111675, 111790, 180941, 288750, 303680, 316607, 335826, 368142, 374138, 414457, 414489, 430215, 473961, 473992, 541748, 541815, 541886, 569011, 633196]
15,3,[92901, 92922, 132899]
17,2,[35190, 42693]
20,1,[2949]
21,8,[925, 6834, 6855, 6880, 6924, 21490, 21508, 34677]
22,9,[17082, 48124, 69469, 69514, 124807, 143158, 144727, 160081, 160801]
26,1,[3409]
27,2,[4125, 4388]
28,2,[10464, 10785]
30,30,[8746, 8765, 52113, 52208, 52499, 52524, 52635, 52894, 63576, 63610, 63740, 111564, 111679, 180818, 288594, 303522, 316448, 335667, 367979, 373975, 414291, 414323, 430045, 473791, 473822, 541573, 541640, 541711, 568831, 632921]
10,30,[8840, 8859, 52211, 52306, 52597, 52622, 52733, 52993, 63679, 63713, 63843, 111675, 111790, 180941, 288750, 303680, 316607, 335826, 368142, 374138, 414457, 414489, 430215, 473961, 473992, 541748, 541815, 541886, 569011, 633196]
15,3,[92901, 92922, 132899]
17,2,[35190, 42693]
20,1,[2949]
21,8,[925, 6834, 6855, 6880, 6924, 21490, 21508, 34677]
22,9,[17082, 48124, 69469, 69514, 124807, 143158, 144727, 160081, 160801]
26,1,[3409]
27,2,[4125, 4388]
28,2,[10464, 10785]
30,30,[8746, 8765, 52113, 52208, 52499, 52524, 52635, 52894, 63576, 63610, 63740, 111564, 111679, 180818, 288594, 303522, 316448, 335667, 367979, 373975, 414291, 414323, 430045, 473791, 473822, 541573, 541640, 541711, 568831, 632921]
