14,24,[5966, 31274, 35417, 53496, 91237, 115546, 115549, 115946, 115959, 115970, 119270, 120219, 128849, 134505, 136899, 137796, 158779, 166665, 169758, 181191, 182030, 184214, 192297, 198804]
24,5,[26967, 27956, 29500, 37392, 39026]
25,24,[6289, 30232, 34081, 51386, 87428, 110630, 110632, 111016, 111029, 111040, 114208, 115142, 123383, 128746, 131084, 131952, 151980, 159712, 162830, 173773, 174607, 176699, 184242, 201138]
27,1,[106563]
29,2,[1001, 1122]
14,24,[5966, 31274, 35417, 53496, 91237, 115546, 115549, 115946, 115959, 115970, 119270, 120219, 128849, 134505, 136899, 137796, 158779, 166665, 169758, 181191, 182030, 184214, 192297, 198804]
24,5,[26967, 27956, 29500, 37392, 39026]
25,24,[6289, 30232, 34081, 51386, 87428, 110630, 110632, 111016, 111029, 111040, 114208, 115142, 123383, 128746, 131084, 131952, 151980, 159712, 162830, 173773, 174607, 176699, 184242, 201138]
27,1,[106563]
29,2,[1001, 1122]
