14,2,[84097, 144973]
15,12,[15722, 16263, 53211, 53703, 59228, 64545, 82259, 103120, 130159, 132243, 132250, 150693]
16,1,[24945]
18,4,[59887, 100060, 126803, 144535]
19,3,[1200, 1205, 11916]
20,6,[5476, 9471, 22805, 27069, 57519, 62488]
22,2,[123912, 145085]
23,3,[8330, 8359, 18264]
24,1,[13053]
25,3,[7368, 80388, 138950]
26,6,[5993, 10024, 23572, 27894, 58687, 63826]
27,1,[42807]
14,2,[84097, 144973]
15,12,[15722, 16263, 53211, 53703, 59228, 64545, 82259, 103120, 130159, 132243, 132250, 150693]
16,1,[24945]
18,4,[59887, 100060, 126803, 144535]
19,3,[1200, 1205, 11916]
20,6,[5476, 9471, 22805, 27069, 57519, 62488]
22,2,[123912, 145085]
23,3,[8330, 8359, 18264]
24,1,[13053]
25,3,[7368, 80388, 138950]
26,6,[5993, 10024, 23572, 27894, 58687, 63826]
27,1,[42807]
