6,1,[340]
8,1,[72]
10,639,[13, 19, 25, 31, 37, 311, 376, 383, 439, 477, 488, 1406, 1496, 1743, 2015, 2461, 2602, 2628, 2667, 2695, 3027, 5727, 6304, 6490, 6615, 8094, 8121, 8135, 8221, 9527, 9983, 10295, 10316, 10499, 10518, 10763, 10947, 11059, 11316, 11355, 11632, 11712, 11732, 13591, 14236, 14258, 14333, 14582, 14775, 14785, 14813, 14835, 14854, 14916, 15082, 15140, 16014, 16120, 16534, 16546, 17201, 17244, 17274, 17293, 17397, 17428, 17464, 17488, 17616, 17652, 17662, 17693, 18222, 19149, 19153, 19170, 19283, 19344, 19868, 19912, 20330, 20378, 21187, 21221, 21248, 21258, 21340, 21406, 21413, 23133, 23145, 23158, 23732, 23752, 24066, 24896, 25012, 25611, 25742, 25765, 30102, 30303, 30701, 31543, 31862, 32162, 32427, 32475, 32725, 32879, 35433, 35974, 36421, 37221, 37902, 38063, 38943, 39213, 41447, 42286, 42576, 42763, 43479, 43562, 43892, 46760, 51771, 53165, 54288, 54985, 55131, 58643, 58648, 63663, 64282, 78017, 86903, 87714, 87836, 88222, 88395, 93999, 96467, 96805, 102560, 102574, 104968, 106197, 107099, 107119, 108712, 115350, 121353, 122854, 124441, 125824, 130155, 130947, 131265, 132682, 133106, 134174, 134934, 140531, 141757, 142785, 142825, 143290, 143534, 144536, 144723, 145071, 146359, 146479, 148092, 148348, 150094, 151486, 151637, 153023, 153892, 154301, 154916, 154925, 154979, 155491, 155530, 155707, 155787, 156534, 156992, 161786, 161842, 162301, 163450, 163467, 163480, 163499, 163526, 163551, 163589, 163712, 164820, 165728, 166557, 166561, 167011, 167495, 168647, 168925, 171728, 171789, 174441, 177051, 177546, 180693, 181140, 182413, 182591, 182753, 183372, 183601, 185270, 185487, 185627, 185771, 187261, 187429, 188408, 189441, 189458, 189515, 190030, 191452, 191518, 191711, 194280, 194288, 194482, 194529, 196609, 197303, 199350, 199561, 199590, 199787, 199809, 199930, 199977, 201598, 201744, 204934, 204945, 206834, 207847, 209944, 210401, 213825, 214247, 214265, 214648, 215188, 216475, 218456, 219493, 220903, 221004, 221682, 221753, 221873, 222239, 222246, 223460, 224389, 224426, 224760, 225499, 228193, 229418, 232514, 232856, 240384, 240396, 242445, 243037, 243168, 245169, 246757, 246865, 247106, 247378, 250909, 251113, 257096, 258936, 259577, 261032, 264591, 266232, 268104, 278329, 285963, 287433, 293222, 293785, 294053, 294211, 294237, 294639, 295705, 296643, 297008, 299898, 302999, 311060, 313665, 313889, 317081, 321774, 322548, 329311, 331058, 333667, 335223, 338243, 338495, 345326, 350777, 353672, 362246, 363602, 364661, 364706, 366934, 368583, 371207, 376432, 376646, 377979, 380860, 381001, 381603, 382055, 382186, 382480, 383384, 384186, 384255, 384554, 384751, 384816, 384877, 385061, 385773, 386036, 387395, 387400, 388167, 389078, 390288, 390557, 390599, 390800, 391228, 391507, 391742, 392185, 396892, 396904, 396962, 396973, 397371, 397415, 399613, 399992, 401037, 401844, 403877, 404234, 405883, 407674, 410862, 412957, 413692, 414348, 415051, 415213, 419121, 427766, 427863, 427937, 428652, 429217, 429242, 434173, 441449, 466174, 468621, 469357, 469396, 469673, 474864, 474869, 474966, 479871, 480832, 488897, 491865, 493278, 493283, 496381, 496590, 496710, 496927, 497095, 497106, 497710, 497770, 497969, 498152, 498167, 501237, 501273, 501653, 504483, 505268, 505648, 506877, 507479, 508417, 508604, 508732, 509001, 509917, 510484, 510490, 510517, 512093, 512765, 512913, 513289, 514160, 514291, 514312, 514398, 514605, 515847, 517281, 519146, 520360, 520793, 521364, 522116, 523188, 523328, 523730, 524877, 526857, 527122, 528623, 528702, 528728, 529036, 529053, 529065, 529078, 529266, 529398, 529699, 529743, 532944, 532981, 533881, 534697, 535811, 535846, 536028, 537778, 540187, 541663, 541717, 541791, 541950, 542003, 543434, 544086, 544135, 544384, 546176, 546202, 546568, 546912, 547529, 547853, 548463, 549765, 549868, 549965, 550091, 551039, 551400, 551920, 555840, 555985, 556087, 556900, 557234, 557412, 557912, 558282, 560220, 562189, 562604, 562681, 562686, 563680, 563880, 564681, 564839, 564912, 565849, 566006, 566650, 567480, 567865, 567947, 568091, 568496, 569518, 570322, 570331, 570527, 570813, 570956, 570992, 570997, 571104, 571296, 571401, 571436, 572366, 573015, 573051, 573139, 573172, 574243, 574928, 575548, 575936, 577880, 578219, 578249, 578559, 580598, 580839, 580874, 581007, 581256, 581604, 583080, 583221, 583245, 583819, 584137, 584211, 584490, 584559, 584567, 585332, 587212, 588089, 588118, 588121, 588393, 588673, 588718, 591854, 591878, 591977, 592224, 592272, 593577, 594267, 594299, 594311, 594320, 594346, 594349, 594364, 594375, 594393, 594810, 597976, 603644, 603798, 605430, 606454, 606458, 606963, 606992, 611002, 611303, 611839, 612337, 613195, 613369, 615379, 615536, 615698, 618770, 619239, 619331, 619953, 620563, 620574, 620853, 621863, 622038, 622073, 622167, 623967, 624209, 625521, 625849, 626050, 626297, 627078, 627219, 629197, 630853, 631583, 634782, 635839, 636340, 638132, 638616, 639526, 639587, 639628]
11,15,[3283, 3516, 3957, 4465, 4635, 4853, 6091, 7037, 8500, 12566, 13910, 15675, 16102, 16912, 18391]
12,12,[2025, 3378, 12293, 13514, 13697, 14834, 15624, 16315, 18657, 18693, 18704, 21959]
13,4,[847, 1785, 2116, 3492]
14,17,[1531, 6591, 48019, 51666, 56270, 62870, 100068, 104061, 115752, 126289, 135264, 153633, 158236, 159288, 164786, 172145, 194825]
15,116,[605, 1039, 1393, 1607, 5833, 6806, 13277, 14015, 14921, 22227, 22464, 25181, 25812, 28456, 31701, 34560, 35896, 37062, 37603, 37992, 38382, 40079, 40083, 40401, 43308, 44032, 44339, 45079, 45455, 45465, 47195, 48898, 49024, 49091, 49324, 58623, 59787, 61286, 61549, 63440, 65184, 66136, 66934, 69224, 71267, 71700, 72512, 72906, 74970, 74991, 78443, 80689, 84162, 86985, 88995, 89195, 89686, 91087, 92666, 93579, 94041, 94137, 94215, 94265, 94970, 95673, 97167, 97776, 98503, 99448, 101206, 104034, 104420, 104838, 107887, 109358, 111635, 112056, 112396, 112966, 113035, 118536, 118850, 121021, 121147, 122681, 122708, 123872, 124481, 125874, 126168, 127213, 127381, 127922, 128106, 128145, 128575, 129237, 135782, 135964, 137212, 139336, 140891, 142002, 145201, 145521, 145951, 146057, 146063, 147427, 156597, 162449, 165918, 166469, 169656, 169721]
16,34,[833, 3866, 5067, 5128, 6330, 6588, 8161, 10473, 13243, 13585, 15884, 16930, 17936, 18448, 18480, 19083, 19344, 20702, 20711, 20789, 21432, 22210, 22983, 23088, 23147, 23660, 24029, 24640, 28301, 29740, 35780, 36080, 36583, 37839]
17,209,[664, 1732, 3745, 6544, 6557, 8323, 13080, 13941, 14353, 14380, 14422, 16424, 18207, 18433, 18498, 18582, 18814, 23681, 24134, 25417, 25435, 25990, 26784, 27063, 31708, 31750, 33981, 35636, 44539, 44810, 44828, 44855, 46647, 50301, 53849, 53859, 55207, 56656, 57852, 57874, 60040, 60150, 60153, 60173, 60253, 60336, 62376, 62402, 67398, 67974, 68655, 69393, 69519, 69530, 69867, 74149, 74172, 74445, 74773, 74782, 75318, 75797, 75813, 75823, 76076, 76162, 76639, 76751, 77399, 78958, 79280, 80602, 82022, 82303, 82309, 82612, 82680, 83156, 83551, 83603, 83755, 83765, 84993, 85789, 86061, 86113, 86274, 86501, 87317, 87327, 87330, 87405, 88659, 88721, 88951, 89223, 89282, 90133, 90910, 92777, 94585, 94623, 94647, 94729, 94802, 94907, 95165, 98008, 99115, 99329, 100909, 103717, 103751, 104081, 104661, 105772, 105781, 105829, 105837, 106624, 106633, 106639, 106780, 110723, 111542, 111763, 113942, 114087, 114668, 117447, 121369, 122680, 123167, 125170, 125281, 125564, 128464, 129257, 129302, 129337, 129852, 130534, 130605, 131949, 134072, 134116, 134141, 135233, 135564, 138609, 140862, 141861, 149641, 149644, 149886, 151744, 152098, 155793, 155800, 156148, 158504, 164982, 165319, 168459, 169573, 171329, 171348, 171351, 171388, 175854, 176558, 177082, 177090, 177324, 185387, 185722, 185727, 187642, 187796, 187846, 187850, 187856, 187865, 188658, 191452, 191469, 191499, 191518, 191695, 192022, 192178, 193237, 195921, 199369, 199599, 200341, 200826, 201449, 203779, 204340, 204755, 206054, 206956, 209212, 211643, 212422, 213333, 213413, 215476]
18,34,[914, 2145, 5459, 11482, 18810, 27936, 28022, 31373, 42844, 44600, 45959, 50665, 64923, 68135, 83171, 83285, 84990, 86590, 87434, 100186, 102181, 102740, 108255, 108927, 113866, 113985, 125111, 135090, 137533, 138312, 141696, 142481, 144751, 147741]
19,25,[955, 958, 2203, 2207, 3420, 4056, 4100, 4480, 4486, 7289, 8795, 9896, 9899, 11316, 13242, 13289, 13293, 14726, 16916, 16921, 18522, 19105, 19764, 21998, 22002]
21,19,[11305, 11593, 11823, 12425, 13082, 13443, 14489, 15710, 16760, 21454, 24097, 24317, 25639, 26563, 26608, 27261, 30203, 31608, 33522]
22,8,[78642, 81359, 81451, 81456, 91322, 157559, 157562, 161426]
23,37,[1774, 4025, 4429, 4768, 5107, 5950, 6020, 6110, 7878, 9284, 9302, 9518, 10666, 11251, 11613, 15061, 15065, 15370, 15379, 18251, 19010, 19145, 19275, 19538, 20387, 21989, 23034, 24207, 24474, 26518, 26641, 26762, 27680, 27970, 28096, 28706, 29928]
24,22,[1224, 1577, 1599, 2688, 3372, 3771, 3837, 4807, 6009, 8503, 11772, 12018, 17097, 20008, 24124, 25693, 32301, 33099, 33326, 34940, 35367, 35388]
25,14,[1749, 6836, 37564, 46171, 49565, 60420, 99916, 110825, 120991, 147144, 151508, 152458, 157925, 165290]
26,44,[895, 2268, 2351, 2515, 2932, 3132, 5037, 5148, 7351, 7570, 9552, 9582, 9593, 10201, 15255, 19917, 20172, 21940, 22456, 23678, 24616, 24881, 25445, 27186, 28319, 31846, 33035, 34971, 36898, 40930, 41020, 41999, 51283, 53346, 54317, 54631, 58609, 62062, 62099, 64303, 64446, 65637, 65859, 67190]
27,52,[784, 1200, 1999, 2524, 3130, 3430, 7179, 7893, 9364, 9648, 9728, 10007, 10071, 14592, 15107, 16562, 17441, 18688, 21960, 22056, 22179, 22892, 23580, 25246, 27792, 31921, 34192, 38581, 49660, 56545, 58510, 59547, 63029, 66854, 67531, 72201, 74256, 76132, 77673, 77760, 84987, 85003, 86263, 86799, 90723, 93351, 94046, 97712, 99892, 104074, 108185, 108758]
28,3,[833, 2403, 10715]
30,625,[283, 290, 346, 384, 395, 1313, 1403, 1650, 1922, 2368, 2509, 2535, 2574, 2601, 2933, 5633, 6210, 6396, 6521, 8000, 8027, 8041, 8127, 9433, 9889, 10201, 10222, 10405, 10424, 10669, 10853, 10965, 11222, 11261, 11538, 11618, 11638, 13497, 14142, 14164, 14239, 14488, 14681, 14691, 14719, 14741, 14760, 14822, 14988, 15046, 15920, 16026, 16440, 16452, 17107, 17150, 17180, 17199, 17303, 17334, 17370, 17394, 17522, 17558, 17568, 17599, 18128, 19055, 19059, 19076, 19189, 19250, 19774, 19818, 20236, 20284, 21093, 21127, 21154, 21164, 21246, 21312, 21319, 23039, 23051, 23064, 23638, 23658, 23972, 24802, 24918, 25517, 25648, 25671, 30008, 30209, 30607, 31449, 32064, 32329, 32377, 32627, 32781, 35335, 35876, 36323, 37123, 37804, 37965, 38845, 39115, 41349, 42188, 42478, 42665, 43381, 43464, 43794, 46662, 51673, 53066, 54189, 54886, 55032, 58545, 63560, 64179, 86796, 87607, 87729, 88115, 88288, 93892, 96360, 96698, 102453, 102467, 106086, 106988, 107008, 108601, 115239, 121242, 122743, 124330, 125713, 130043, 130835, 131153, 132570, 132994, 134062, 134822, 140419, 141645, 142673, 142713, 143178, 143422, 144423, 144610, 144958, 146246, 146366, 147979, 148235, 149981, 151373, 151524, 152910, 153779, 154188, 154803, 154812, 154866, 155378, 155417, 155594, 155674, 156421, 156879, 161672, 162178, 163327, 163344, 163357, 163376, 163403, 163428, 163466, 163589, 164697, 165605, 166434, 166438, 166888, 167372, 168524, 168802, 171605, 171666, 174318, 176928, 177423, 180570, 181017, 182459, 182621, 183240, 183469, 185138, 185355, 185495, 185639, 187129, 187297, 188276, 189309, 189326, 189383, 189898, 191320, 191386, 191579, 194148, 194156, 194350, 194397, 196477, 197171, 199419, 199448, 199645, 199667, 199788, 199835, 201456, 201602, 204792, 204803, 206692, 207705, 209802, 210259, 213683, 214105, 214123, 214506, 215046, 216333, 218316, 220753, 220854, 221532, 221603, 221723, 222089, 222096, 223310, 224239, 224276, 224610, 225349, 228043, 229268, 232364, 232706, 240231, 240243, 242292, 242884, 243015, 245016, 246604, 246712, 246953, 247225, 250756, 250960, 256940, 258780, 259421, 260876, 264435, 266076, 267948, 278174, 285807, 287277, 293065, 293628, 293896, 294054, 294080, 294482, 295548, 296486, 296850, 299740, 302841, 310902, 313506, 313730, 316922, 321615, 322389, 329152, 330899, 333508, 335064, 338084, 338336, 345167, 350618, 353513, 362086, 363439, 364498, 364543, 366771, 368420, 371044, 376269, 376483, 377816, 380697, 380838, 381440, 381892, 382023, 382317, 383221, 384023, 384092, 384391, 384588, 384653, 384714, 384898, 385610, 385873, 387232, 387237, 388004, 388915, 390125, 390394, 390436, 390637, 391065, 391344, 391579, 392022, 396726, 396738, 396796, 396807, 397205, 397249, 399447, 399826, 400871, 401678, 403711, 404068, 405717, 407508, 410696, 412791, 413526, 414182, 414885, 415047, 418955, 427599, 427696, 427770, 428485, 429050, 429075, 434003, 441279, 466003, 468450, 469186, 469225, 469502, 474694, 474699, 474796, 479703, 480664, 488736, 491705, 493118, 493123, 496212, 496421, 496541, 496758, 496926, 496937, 497541, 497601, 497800, 497983, 497998, 501068, 501104, 501484, 504314, 505099, 505479, 506708, 507310, 508248, 508435, 508563, 508832, 509748, 510315, 510321, 510348, 511924, 512596, 512744, 513120, 513991, 514122, 514143, 514229, 514436, 515675, 517109, 518974, 520188, 520621, 521192, 521944, 523016, 523156, 523558, 524705, 526685, 526950, 528448, 528527, 528553, 528861, 528878, 528890, 528903, 529091, 529223, 529524, 529568, 532769, 532806, 533706, 534522, 535636, 535671, 535853, 537603, 540012, 541488, 541542, 541616, 541775, 541828, 543259, 543911, 543960, 544209, 546001, 546027, 546393, 546737, 547354, 547678, 548288, 549587, 549690, 549787, 549913, 550861, 551222, 551742, 555662, 555807, 555909, 556722, 557056, 557234, 557734, 558104, 560042, 562011, 562426, 562503, 562508, 563502, 563702, 564501, 564659, 564732, 565669, 565826, 566470, 567300, 567685, 567767, 567911, 568316, 569338, 570142, 570151, 570347, 570633, 570776, 570812, 570817, 570924, 571116, 571221, 571256, 572186, 572835, 572871, 572959, 572992, 574063, 574748, 575368, 575756, 577700, 578039, 578069, 578379, 580418, 580659, 580694, 580827, 581076, 581424, 582900, 583041, 583065, 583639, 583957, 584031, 584305, 584374, 584382, 585147, 587027, 587904, 587933, 587936, 588208, 588488, 588533, 591663, 591687, 591786, 592033, 592081, 593386, 594076, 594108, 594120, 594129, 594155, 594158, 594173, 594184, 594202, 594619, 597785, 603442, 603596, 605228, 606247, 606251, 606756, 606785, 610785, 611086, 611616, 612114, 612966, 613140, 615145, 615302, 615459, 618518, 618987, 619079, 619701, 620311, 620322, 620601, 621611, 621786, 621821, 621915, 623713, 623955, 625264, 625592, 625793, 626040, 626821, 626959, 628934, 630582, 631308, 634507, 635564, 636065, 637857, 638341, 639251, 639312, 639353]
6,1,[340]
8,1,[72]
10,639,[13, 19, 25, 31, 37, 311, 376, 383, 439, 477, 488, 1406, 1496, 1743, 2015, 2461, 2602, 2628, 2667, 2695, 3027, 5727, 6304, 6490, 6615, 8094, 8121, 8135, 8221, 9527, 9983, 10295, 10316, 10499, 10518, 10763, 10947, 11059, 11316, 11355, 11632, 11712, 11732, 13591, 14236, 14258, 14333, 14582, 14775, 14785, 14813, 14835, 14854, 14916, 15082, 15140, 16014, 16120, 16534, 16546, 17201, 17244, 17274, 17293, 17397, 17428, 17464, 17488, 17616, 17652, 17662, 17693, 18222, 19149, 19153, 19170, 19283, 19344, 19868, 19912, 20330, 20378, 21187, 21221, 21248, 21258, 21340, 21406, 21413, 23133, 23145, 23158, 23732, 23752, 24066, 24896, 25012, 25611, 25742, 25765, 30102, 30303, 30701, 31543, 31862, 32162, 32427, 32475, 32725, 32879, 35433, 35974, 36421, 37221, 37902, 38063, 38943, 39213, 41447, 42286, 42576, 42763, 43479, 43562, 43892, 46760, 51771, 53165, 54288, 54985, 55131, 58643, 58648, 63663, 64282, 78017, 86903, 87714, 87836, 88222, 88395, 93999, 96467, 96805, 102560, 102574, 104968, 106197, 107099, 107119, 108712, 115350, 121353, 122854, 124441, 125824, 130155, 130947, 131265, 132682, 133106, 134174, 134934, 140531, 141757, 142785, 142825, 143290, 143534, 144536, 144723, 145071, 146359, 146479, 148092, 148348, 150094, 151486, 151637, 153023, 153892, 154301, 154916, 154925, 154979, 155491, 155530, 155707, 155787, 156534, 156992, 161786, 161842, 162301, 163450, 163467, 163480, 163499, 163526, 163551, 163589, 163712, 164820, 165728, 166557, 166561, 167011, 167495, 168647, 168925, 171728, 171789, 174441, 177051, 177546, 180693, 181140, 182413, 182591, 182753, 183372, 183601, 185270, 185487, 185627, 185771, 187261, 187429, 188408, 189441, 189458, 189515, 190030, 191452, 191518, 191711, 194280, 194288, 194482, 194529, 196609, 197303, 199350, 199561, 199590, 199787, 199809, 199930, 199977, 201598, 201744, 204934, 204945, 206834, 207847, 209944, 210401, 213825, 214247, 214265, 214648, 215188, 216475, 218456, 219493, 220903, 221004, 221682, 221753, 221873, 222239, 222246, 223460, 224389, 224426, 224760, 225499, 228193, 229418, 232514, 232856, 240384, 240396, 242445, 243037, 243168, 245169, 246757, 246865, 247106, 247378, 250909, 251113, 257096, 258936, 259577, 261032, 264591, 266232, 268104, 278329, 285963, 287433, 293222, 293785, 294053, 294211, 294237, 294639, 295705, 296643, 297008, 299898, 302999, 311060, 313665, 313889, 317081, 321774, 322548, 329311, 331058, 333667, 335223, 338243, 338495, 345326, 350777, 353672, 362246, 363602, 364661, 364706, 366934, 368583, 371207, 376432, 376646, 377979, 380860, 381001, 381603, 382055, 382186, 382480, 383384, 384186, 384255, 384554, 384751, 384816, 384877, 385061, 385773, 386036, 387395, 387400, 388167, 389078, 390288, 390557, 390599, 390800, 391228, 391507, 391742, 392185, 396892, 396904, 396962, 396973, 397371, 397415, 399613, 399992, 401037, 401844, 403877, 404234, 405883, 407674, 410862, 412957, 413692, 414348, 415051, 415213, 419121, 427766, 427863, 427937, 428652, 429217, 429242, 434173, 441449, 466174, 468621, 469357, 469396, 469673, 474864, 474869, 474966, 479871, 480832, 488897, 491865, 493278, 493283, 496381, 496590, 496710, 496927, 497095, 497106, 497710, 497770, 497969, 498152, 498167, 501237, 501273, 501653, 504483, 505268, 505648, 506877, 507479, 508417, 508604, 508732, 509001, 509917, 510484, 510490, 510517, 512093, 512765, 512913, 513289, 514160, 514291, 514312, 514398, 514605, 515847, 517281, 519146, 520360, 520793, 521364, 522116, 523188, 523328, 523730, 524877, 526857, 527122, 528623, 528702, 528728, 529036, 529053, 529065, 529078, 529266, 529398, 529699, 529743, 532944, 532981, 533881, 534697, 535811, 535846, 536028, 537778, 540187, 541663, 541717, 541791, 541950, 542003, 543434, 544086, 544135, 544384, 546176, 546202, 546568, 546912, 547529, 547853, 548463, 549765, 549868, 549965, 550091, 551039, 551400, 551920, 555840, 555985, 556087, 556900, 557234, 557412, 557912, 558282, 560220, 562189, 562604, 562681, 562686, 563680, 563880, 564681, 564839, 564912, 565849, 566006, 566650, 567480, 567865, 567947, 568091, 568496, 569518, 570322, 570331, 570527, 570813, 570956, 570992, 570997, 571104, 571296, 571401, 571436, 572366, 573015, 573051, 573139, 573172, 574243, 574928, 575548, 575936, 577880, 578219, 578249, 578559, 580598, 580839, 580874, 581007, 581256, 581604, 583080, 583221, 583245, 583819, 584137, 584211, 584490, 584559, 584567, 585332, 587212, 588089, 588118, 588121, 588393, 588673, 588718, 591854, 591878, 591977, 592224, 592272, 593577, 594267, 594299, 594311, 594320, 594346, 594349, 594364, 594375, 594393, 594810, 597976, 603644, 603798, 605430, 606454, 606458, 606963, 606992, 611002, 611303, 611839, 612337, 613195, 613369, 615379, 615536, 615698, 618770, 619239, 619331, 619953, 620563, 620574, 620853, 621863, 622038, 622073, 622167, 623967, 624209, 625521, 625849, 626050, 626297, 627078, 627219, 629197, 630853, 631583, 634782, 635839, 636340, 638132, 638616, 639526, 639587, 639628]
11,15,[3283, 3516, 3957, 4465, 4635, 4853, 6091, 7037, 8500, 12566, 13910, 15675, 16102, 16912, 18391]
12,12,[2025, 3378, 12293, 13514, 13697, 14834, 15624, 16315, 18657, 18693, 18704, 21959]
13,4,[847, 1785, 2116, 3492]
14,17,[1531, 6591, 48019, 51666, 56270, 62870, 100068, 104061, 115752, 126289, 135264, 153633, 158236, 159288, 164786, 172145, 194825]
15,116,[605, 1039, 1393, 1607, 5833, 6806, 13277, 14015, 14921, 22227, 22464, 25181, 25812, 28456, 31701, 34560, 35896, 37062, 37603, 37992, 38382, 40079, 40083, 40401, 43308, 44032, 44339, 45079, 45455, 45465, 47195, 48898, 49024, 49091, 49324, 58623, 59787, 61286, 61549, 63440, 65184, 66136, 66934, 69224, 71267, 71700, 72512, 72906, 74970, 74991, 78443, 80689, 84162, 86985, 88995, 89195, 89686, 91087, 92666, 93579, 94041, 94137, 94215, 94265, 94970, 95673, 97167, 97776, 98503, 99448, 101206, 104034, 104420, 104838, 107887, 109358, 111635, 112056, 112396, 112966, 113035, 118536, 118850, 121021, 121147, 122681, 122708, 123872, 124481, 125874, 126168, 127213, 127381, 127922, 128106, 128145, 128575, 129237, 135782, 135964, 137212, 139336, 140891, 142002, 145201, 145521, 145951, 146057, 146063, 147427, 156597, 162449, 165918, 166469, 169656, 169721]
16,34,[833, 3866, 5067, 5128, 6330, 6588, 8161, 10473, 13243, 13585, 15884, 16930, 17936, 18448, 18480, 19083, 19344, 20702, 20711, 20789, 21432, 22210, 22983, 23088, 23147, 23660, 24029, 24640, 28301, 29740, 35780, 36080, 36583, 37839]
17,209,[664, 1732, 3745, 6544, 6557, 8323, 13080, 13941, 14353, 14380, 14422, 16424, 18207, 18433, 18498, 18582, 18814, 23681, 24134, 25417, 25435, 25990, 26784, 27063, 31708, 31750, 33981, 35636, 44539, 44810, 44828, 44855, 46647, 50301, 53849, 53859, 55207, 56656, 57852, 57874, 60040, 60150, 60153, 60173, 60253, 60336, 62376, 62402, 67398, 67974, 68655, 69393, 69519, 69530, 69867, 74149, 74172, 74445, 74773, 74782, 75318, 75797, 75813, 75823, 76076, 76162, 76639, 76751, 77399, 78958, 79280, 80602, 82022, 82303, 82309, 82612, 82680, 83156, 83551, 83603, 83755, 83765, 84993, 85789, 86061, 86113, 86274, 86501, 87317, 87327, 87330, 87405, 88659, 88721, 88951, 89223, 89282, 90133, 90910, 92777, 94585, 94623, 94647, 94729, 94802, 94907, 95165, 98008, 99115, 99329, 100909, 103717, 103751, 104081, 104661, 105772, 105781, 105829, 105837, 106624, 106633, 106639, 106780, 110723, 111542, 111763, 113942, 114087, 114668, 117447, 121369, 122680, 123167, 125170, 125281, 125564, 128464, 129257, 129302, 129337, 129852, 130534, 130605, 131949, 134072, 134116, 134141, 135233, 135564, 138609, 140862, 141861, 149641, 149644, 149886, 151744, 152098, 155793, 155800, 156148, 158504, 164982, 165319, 168459, 169573, 171329, 171348, 171351, 171388, 175854, 176558, 177082, 177090, 177324, 185387, 185722, 185727, 187642, 187796, 187846, 187850, 187856, 187865, 188658, 191452, 191469, 191499, 191518, 191695, 192022, 192178, 193237, 195921, 199369, 199599, 200341, 200826, 201449, 203779, 204340, 204755, 206054, 206956, 209212, 211643, 212422, 213333, 213413, 215476]
18,34,[914, 2145, 5459, 11482, 18810, 27936, 28022, 31373, 42844, 44600, 45959, 50665, 64923, 68135, 83171, 83285, 84990, 86590, 87434, 100186, 102181, 102740, 108255, 108927, 113866, 113985, 125111, 135090, 137533, 138312, 141696, 142481, 144751, 147741]
19,25,[955, 958, 2203, 2207, 3420, 4056, 4100, 4480, 4486, 7289, 8795, 9896, 9899, 11316, 13242, 13289, 13293, 14726, 16916, 16921, 18522, 19105, 19764, 21998, 22002]
21,19,[11305, 11593, 11823, 12425, 13082, 13443, 14489, 15710, 16760, 21454, 24097, 24317, 25639, 26563, 26608, 27261, 30203, 31608, 33522]
22,8,[78642, 81359, 81451, 81456, 91322, 157559, 157562, 161426]
23,37,[1774, 4025, 4429, 4768, 5107, 5950, 6020, 6110, 7878, 9284, 9302, 9518, 10666, 11251, 11613, 15061, 15065, 15370, 15379, 18251, 19010, 19145, 19275, 19538, 20387, 21989, 23034, 24207, 24474, 26518, 26641, 26762, 27680, 27970, 28096, 28706, 29928]
24,22,[1224, 1577, 1599, 2688, 3372, 3771, 3837, 4807, 6009, 8503, 11772, 12018, 17097, 20008, 24124, 25693, 32301, 33099, 33326, 34940, 35367, 35388]
25,14,[1749, 6836, 37564, 46171, 49565, 60420, 99916, 110825, 120991, 147144, 151508, 152458, 157925, 165290]
26,44,[895, 2268, 2351, 2515, 2932, 3132, 5037, 5148, 7351, 7570, 9552, 9582, 9593, 10201, 15255, 19917, 20172, 21940, 22456, 23678, 24616, 24881, 25445, 27186, 28319, 31846, 33035, 34971, 36898, 40930, 41020, 41999, 51283, 53346, 54317, 54631, 58609, 62062, 62099, 64303, 64446, 65637, 65859, 67190]
27,52,[784, 1200, 1999, 2524, 3130, 3430, 7179, 7893, 9364, 9648, 9728, 10007, 10071, 14592, 15107, 16562, 17441, 18688, 21960, 22056, 22179, 22892, 23580, 25246, 27792, 31921, 34192, 38581, 49660, 56545, 58510, 59547, 63029, 66854, 67531, 72201, 74256, 76132, 77673, 77760, 84987, 85003, 86263, 86799, 90723, 93351, 94046, 97712, 99892, 104074, 108185, 108758]
28,3,[833, 2403, 10715]
30,625,[283, 290, 346, 384, 395, 1313, 1403, 1650, 1922, 2368, 2509, 2535, 2574, 2601, 2933, 5633, 6210, 6396, 6521, 8000, 8027, 8041, 8127, 9433, 9889, 10201, 10222, 10405, 10424, 10669, 10853, 10965, 11222, 11261, 11538, 11618, 11638, 13497, 14142, 14164, 14239, 14488, 14681, 14691, 14719, 14741, 14760, 14822, 14988, 15046, 15920, 16026, 16440, 16452, 17107, 17150, 17180, 17199, 17303, 17334, 17370, 17394, 17522, 17558, 17568, 17599, 18128, 19055, 19059, 19076, 19189, 19250, 19774, 19818, 20236, 20284, 21093, 21127, 21154, 21164, 21246, 21312, 21319, 23039, 23051, 23064, 23638, 23658, 23972, 24802, 24918, 25517, 25648, 25671, 30008, 30209, 30607, 31449, 32064, 32329, 32377, 32627, 32781, 35335, 35876, 36323, 37123, 37804, 37965, 38845, 39115, 41349, 42188, 42478, 42665, 43381, 43464, 43794, 46662, 51673, 53066, 54189, 54886, 55032, 58545, 63560, 64179, 86796, 87607, 87729, 88115, 88288, 93892, 96360, 96698, 102453, 102467, 106086, 106988, 107008, 108601, 115239, 121242, 122743, 124330, 125713, 130043, 130835, 131153, 132570, 132994, 134062, 134822, 140419, 141645, 142673, 142713, 143178, 143422, 144423, 144610, 144958, 146246, 146366, 147979, 148235, 149981, 151373, 151524, 152910, 153779, 154188, 154803, 154812, 154866, 155378, 155417, 155594, 155674, 156421, 156879, 161672, 162178, 163327, 163344, 163357, 163376, 163403, 163428, 163466, 163589, 164697, 165605, 166434, 166438, 166888, 167372, 168524, 168802, 171605, 171666, 174318, 176928, 177423, 180570, 181017, 182459, 182621, 183240, 183469, 185138, 185355, 185495, 185639, 187129, 187297, 188276, 189309, 189326, 189383, 189898, 191320, 191386, 191579, 194148, 194156, 194350, 194397, 196477, 197171, 199419, 199448, 199645, 199667, 199788, 199835, 201456, 201602, 204792, 204803, 206692, 207705, 209802, 210259, 213683, 214105, 214123, 214506, 215046, 216333, 218316, 220753, 220854, 221532, 221603, 221723, 222089, 222096, 223310, 224239, 224276, 224610, 225349, 228043, 229268, 232364, 232706, 240231, 240243, 242292, 242884, 243015, 245016, 246604, 246712, 246953, 247225, 250756, 250960, 256940, 258780, 259421, 260876, 264435, 266076, 267948, 278174, 285807, 287277, 293065, 293628, 293896, 294054, 294080, 294482, 295548, 296486, 296850, 299740, 302841, 310902, 313506, 313730, 316922, 321615, 322389, 329152, 330899, 333508, 335064, 338084, 338336, 345167, 350618, 353513, 362086, 363439, 364498, 364543, 366771, 368420, 371044, 376269, 376483, 377816, 380697, 380838, 381440, 381892, 382023, 382317, 383221, 384023, 384092, 384391, 384588, 384653, 384714, 384898, 385610, 385873, 387232, 387237, 388004, 388915, 390125, 390394, 390436, 390637, 391065, 391344, 391579, 392022, 396726, 396738, 396796, 396807, 397205, 397249, 399447, 399826, 400871, 401678, 403711, 404068, 405717, 407508, 410696, 412791, 413526, 414182, 414885, 415047, 418955, 427599, 427696, 427770, 428485, 429050, 429075, 434003, 441279, 466003, 468450, 469186, 469225, 469502, 474694, 474699, 474796, 479703, 480664, 488736, 491705, 493118, 493123, 496212, 496421, 496541, 496758, 496926, 496937, 497541, 497601, 497800, 497983, 497998, 501068, 501104, 501484, 504314, 505099, 505479, 506708, 507310, 508248, 508435, 508563, 508832, 509748, 510315, 510321, 510348, 511924, 512596, 512744, 513120, 513991, 514122, 514143, 514229, 514436, 515675, 517109, 518974, 520188, 520621, 521192, 521944, 523016, 523156, 523558, 524705, 526685, 526950, 528448, 528527, 528553, 528861, 528878, 528890, 528903, 529091, 529223, 529524, 529568, 532769, 532806, 533706, 534522, 535636, 535671, 535853, 537603, 540012, 541488, 541542, 541616, 541775, 541828, 543259, 543911, 543960, 544209, 546001, 546027, 546393, 546737, 547354, 547678, 548288, 549587, 549690, 549787, 549913, 550861, 551222, 551742, 555662, 555807, 555909, 556722, 557056, 557234, 557734, 558104, 560042, 562011, 562426, 562503, 562508, 563502, 563702, 564501, 564659, 564732, 565669, 565826, 566470, 567300, 567685, 567767, 567911, 568316, 569338, 570142, 570151, 570347, 570633, 570776, 570812, 570817, 570924, 571116, 571221, 571256, 572186, 572835, 572871, 572959, 572992, 574063, 574748, 575368, 575756, 577700, 578039, 578069, 578379, 580418, 580659, 580694, 580827, 581076, 581424, 582900, 583041, 583065, 583639, 583957, 584031, 584305, 584374, 584382, 585147, 587027, 587904, 587933, 587936, 588208, 588488, 588533, 591663, 591687, 591786, 592033, 592081, 593386, 594076, 594108, 594120, 594129, 594155, 594158, 594173, 594184, 594202, 594619, 597785, 603442, 603596, 605228, 606247, 606251, 606756, 606785, 610785, 611086, 611616, 612114, 612966, 613140, 615145, 615302, 615459, 618518, 618987, 619079, 619701, 620311, 620322, 620601, 621611, 621786, 621821, 621915, 623713, 623955, 625264, 625592, 625793, 626040, 626821, 626959, 628934, 630582, 631308, 634507, 635564, 636065, 637857, 638341, 639251, 639312, 639353]
