10,12,[13724, 18839, 64790, 114834, 170859, 494572, 497157, 508004, 510767, 515619, 522840, 543596]
15,2,[113761, 140009]
21,17,[713, 884, 1333, 1492, 18006, 18011, 18018, 20963, 20969, 29372, 29397, 32006, 32010, 34693, 34695, 34700, 35453]
22,6,[20543, 32519, 36402, 37216, 87360, 105097]
23,2,[30034, 30121]
30,12,[13630, 18745, 64687, 114723, 170736, 494412, 496988, 507835, 510598, 515447, 522668, 543421]
10,12,[13724, 18839, 64790, 114834, 170859, 494572, 497157, 508004, 510767, 515619, 522840, 543596]
15,2,[113761, 140009]
21,17,[713, 884, 1333, 1492, 18006, 18011, 18018, 20963, 20969, 29372, 29397, 32006, 32010, 34693, 34695, 34700, 35453]
22,6,[20543, 32519, 36402, 37216, 87360, 105097]
23,2,[30034, 30121]
30,12,[13630, 18745, 64687, 114723, 170736, 494412, 496988, 507835, 510598, 515447, 522668, 543421]
