10,16,[302633, 303758, 305891, 314214, 352322, 353849, 356605, 407279, 498067, 517834, 534966, 538462, 538534, 541470, 639289, 640958]
11,3,[1419, 1432, 1436]
12,1,[8825]
13,1,[849]
15,7,[5493, 5495, 8814, 8886, 9359, 28613, 69992]
16,2,[2244, 26802]
17,1,[177448]
19,3,[343, 3843, 3880]
22,21,[5633, 5636, 6151, 47129, 51005, 55138, 55330, 71877, 76264, 92048, 93905, 102871, 105271, 108204, 120033, 126709, 126949, 142771, 148486, 160960, 161707]
24,4,[31822, 32358, 32372, 32617]
27,21,[3272, 3345, 17052, 21733, 21795, 26362, 27512, 38134, 57585, 57956, 62981, 64965, 66715, 74374, 77372, 77460, 78677, 79707, 80787, 84694, 99815]
30,16,[302475, 303600, 305733, 314055, 352163, 353690, 356446, 407113, 497898, 517662, 534791, 538287, 538359, 541295, 639014, 640683]
10,16,[302633, 303758, 305891, 314214, 352322, 353849, 356605, 407279, 498067, 517834, 534966, 538462, 538534, 541470, 639289, 640958]
11,3,[1419, 1432, 1436]
12,1,[8825]
13,1,[849]
15,7,[5493, 5495, 8814, 8886, 9359, 28613, 69992]
16,2,[2244, 26802]
17,1,[177448]
19,3,[343, 3843, 3880]
22,21,[5633, 5636, 6151, 47129, 51005, 55138, 55330, 71877, 76264, 92048, 93905, 102871, 105271, 108204, 120033, 126709, 126949, 142771, 148486, 160960, 161707]
24,4,[31822, 32358, 32372, 32617]
27,21,[3272, 3345, 17052, 21733, 21795, 26362, 27512, 38134, 57585, 57956, 62981, 64965, 66715, 74374, 77372, 77460, 78677, 79707, 80787, 84694, 99815]
30,16,[302475, 303600, 305733, 314055, 352163, 353690, 356446, 407113, 497898, 517662, 534791, 538287, 538359, 541295, 639014, 640683]
