14,5,[15219, 34806, 35074, 35132, 146979]
15,1,[122603]
20,1,[5199]
22,29,[36539, 36541, 36568, 36594, 36597, 36616, 36626, 36642, 36647, 36665, 36670, 36672, 36730, 36732, 36734, 36736, 36738, 36740, 36742, 36745, 36747, 36749, 36751, 36753, 36757, 36772, 54338, 112883, 123696]
24,3,[39028, 43367, 43381]
25,5,[15158, 33520, 33771, 33816, 140960]
26,1,[43584]
27,1,[75738]
14,5,[15219, 34806, 35074, 35132, 146979]
15,1,[122603]
20,1,[5199]
22,29,[36539, 36541, 36568, 36594, 36597, 36616, 36626, 36642, 36647, 36665, 36670, 36672, 36730, 36732, 36734, 36736, 36738, 36740, 36742, 36745, 36747, 36749, 36751, 36753, 36757, 36772, 54338, 112883, 123696]
24,3,[39028, 43367, 43381]
25,5,[15158, 33520, 33771, 33816, 140960]
26,1,[43584]
27,1,[75738]
