10,11,[587436, 587704, 591330, 592665, 592693, 592706, 592720, 595141, 602133, 620021, 620730]
17,15,[41274, 58598, 68380, 68414, 68458, 68649, 76284, 78050, 104916, 113724, 119249, 124053, 124123, 124125, 124565]
20,4,[41907, 48497, 57785, 65384]
22,5,[49131, 49267, 156594, 156595, 160497]
26,4,[42841, 49515, 58957, 66797]
30,11,[587251, 587519, 591145, 592474, 592502, 592515, 592529, 594950, 601936, 619769, 620478]
10,11,[587436, 587704, 591330, 592665, 592693, 592706, 592720, 595141, 602133, 620021, 620730]
17,15,[41274, 58598, 68380, 68414, 68458, 68649, 76284, 78050, 104916, 113724, 119249, 124053, 124123, 124125, 124565]
20,4,[41907, 48497, 57785, 65384]
22,5,[49131, 49267, 156594, 156595, 160497]
26,4,[42841, 49515, 58957, 66797]
30,11,[587251, 587519, 591145, 592474, 592502, 592515, 592529, 594950, 601936, 619769, 620478]
