10,8,[167166, 167171, 167177, 328329, 392793, 496397, 496407, 567266]
11,2,[12600, 12702]
12,1,[15637]
14,2,[6172, 7452]
15,15,[22496, 29216, 31595, 31614, 85450, 86594, 101236, 107784, 111313, 119701, 119793, 119823, 128602, 137469, 147978]
16,6,[3090, 8228, 14337, 19436, 21344, 36504]
17,4,[29863, 71961, 141445, 146039]
18,12,[4890, 4906, 16093, 48556, 50240, 52532, 61189, 74424, 74721, 74806, 75569, 96788]
21,14,[601, 4065, 9895, 13042, 15412, 15768, 16992, 20430, 25043, 28766, 30312, 31499, 31551, 34546]
22,3,[36170, 36411, 54315]
23,7,[5196, 9232, 16181, 17867, 18826, 18864, 23393]
24,5,[1991, 2488, 21443, 38124, 41743]
25,2,[6482, 87095]
27,5,[6206, 27524, 58861, 62943, 107924]
28,4,[2512, 9806, 11213, 11363]
30,8,[167043, 167048, 167054, 328170, 392627, 496228, 496238, 567086]
10,8,[167166, 167171, 167177, 328329, 392793, 496397, 496407, 567266]
11,2,[12600, 12702]
12,1,[15637]
14,2,[6172, 7452]
15,15,[22496, 29216, 31595, 31614, 85450, 86594, 101236, 107784, 111313, 119701, 119793, 119823, 128602, 137469, 147978]
16,6,[3090, 8228, 14337, 19436, 21344, 36504]
17,4,[29863, 71961, 141445, 146039]
18,12,[4890, 4906, 16093, 48556, 50240, 52532, 61189, 74424, 74721, 74806, 75569, 96788]
21,14,[601, 4065, 9895, 13042, 15412, 15768, 16992, 20430, 25043, 28766, 30312, 31499, 31551, 34546]
22,3,[36170, 36411, 54315]
23,7,[5196, 9232, 16181, 17867, 18826, 18864, 23393]
24,5,[1991, 2488, 21443, 38124, 41743]
25,2,[6482, 87095]
27,5,[6206, 27524, 58861, 62943, 107924]
28,4,[2512, 9806, 11213, 11363]
30,8,[167043, 167048, 167054, 328170, 392627, 496228, 496238, 567086]
