10,15,[164982, 164998, 165016, 165080, 165095, 165171, 165192, 185646, 185666, 246765, 246776, 365190, 374844, 374878, 478220]
11,1,[6527]
15,1,[64819]
17,1,[32234]
22,13,[8703, 25182, 29975, 36355, 36414, 36437, 36478, 36496, 36629, 45588, 102839, 105101, 123571]
23,8,[16183, 16214, 16240, 16263, 16271, 16288, 16347, 16398]
24,13,[11743, 11764, 11793, 12105, 14471, 22237, 24373, 25559, 27660, 28945, 39972, 40310, 40562]
27,4,[27384, 27979, 29681, 84250]
30,15,[164859, 164875, 164893, 164957, 164972, 165048, 165069, 185514, 185534, 246612, 246623, 365027, 374681, 374715, 478052]
10,15,[164982, 164998, 165016, 165080, 165095, 165171, 165192, 185646, 185666, 246765, 246776, 365190, 374844, 374878, 478220]
11,1,[6527]
15,1,[64819]
17,1,[32234]
22,13,[8703, 25182, 29975, 36355, 36414, 36437, 36478, 36496, 36629, 45588, 102839, 105101, 123571]
23,8,[16183, 16214, 16240, 16263, 16271, 16288, 16347, 16398]
24,13,[11743, 11764, 11793, 12105, 14471, 22237, 24373, 25559, 27660, 28945, 39972, 40310, 40562]
27,4,[27384, 27979, 29681, 84250]
30,15,[164859, 164875, 164893, 164957, 164972, 165048, 165069, 185514, 185534, 246612, 246623, 365027, 374681, 374715, 478052]
