11,29,[36, 6767, 6793, 6795, 6807, 6824, 6864, 6883, 6910, 6950, 6968, 6986, 7009, 7025, 7036, 7058, 7072, 7142, 7167, 7395, 7414, 7424, 7451, 7479, 7501, 7536, 7560, 7616, 17210]
15,1,[11584]
19,2,[16276, 27803]
22,2,[17090, 36803]
27,4,[50051, 50058, 50116, 50135]
11,29,[36, 6767, 6793, 6795, 6807, 6824, 6864, 6883, 6910, 6950, 6968, 6986, 7009, 7025, 7036, 7058, 7072, 7142, 7167, 7395, 7414, 7424, 7451, 7479, 7501, 7536, 7560, 7616, 17210]
15,1,[11584]
19,2,[16276, 27803]
22,2,[17090, 36803]
27,4,[50051, 50058, 50116, 50135]
