9,1,[1848]
10,33,[8930, 37369, 37393, 130996, 145455, 146994, 146996, 162582, 178337, 279596, 279604, 307041, 318208, 327952, 369128, 369132, 429963, 429977, 481865, 505063, 518162, 520008, 534583, 535151, 537862, 567911, 578247, 578826, 579245, 605416, 619030, 621137, 626579]
14,3,[136844, 146514, 146549]
16,5,[7554, 10197, 25863, 34579, 36052]
17,18,[36217, 36221, 121482, 195638, 198829, 198922, 210945, 212756, 214729, 214804, 214813, 215014, 215017, 215074, 215104, 215108, 216223, 216404]
18,1,[9160]
19,7,[7542, 7550, 7557, 18520, 23680, 23683, 23920]
21,2,[6606, 8245]
23,1,[11299]
24,1,[38265]
25,3,[131006, 140404, 140478]
26,13,[2160, 5683, 10754, 11790, 14294, 37795, 41725, 56409, 58391, 62211, 62283, 62635, 65818]
27,21,[2980, 4719, 6920, 7477, 12487, 12751, 14626, 24372, 26936, 36536, 38225, 41862, 49249, 49977, 68180, 78925, 85450, 88091, 97152, 100827, 103519]
30,33,[8836, 37271, 37295, 130884, 145342, 146881, 146883, 162459, 178214, 279441, 279449, 306883, 318049, 327793, 368965, 368969, 429796, 429810, 481699, 504894, 517990, 519836, 534408, 534976, 537687, 567731, 578067, 578646, 579065, 605214, 618778, 620885, 626322]
9,1,[1848]
10,33,[8930, 37369, 37393, 130996, 145455, 146994, 146996, 162582, 178337, 279596, 279604, 307041, 318208, 327952, 369128, 369132, 429963, 429977, 481865, 505063, 518162, 520008, 534583, 535151, 537862, 567911, 578247, 578826, 579245, 605416, 619030, 621137, 626579]
14,3,[136844, 146514, 146549]
16,5,[7554, 10197, 25863, 34579, 36052]
17,18,[36217, 36221, 121482, 195638, 198829, 198922, 210945, 212756, 214729, 214804, 214813, 215014, 215017, 215074, 215104, 215108, 216223, 216404]
18,1,[9160]
19,7,[7542, 7550, 7557, 18520, 23680, 23683, 23920]
21,2,[6606, 8245]
23,1,[11299]
24,1,[38265]
25,3,[131006, 140404, 140478]
26,13,[2160, 5683, 10754, 11790, 14294, 37795, 41725, 56409, 58391, 62211, 62283, 62635, 65818]
27,21,[2980, 4719, 6920, 7477, 12487, 12751, 14626, 24372, 26936, 36536, 38225, 41862, 49249, 49977, 68180, 78925, 85450, 88091, 97152, 100827, 103519]
30,33,[8836, 37271, 37295, 130884, 145342, 146881, 146883, 162459, 178214, 279441, 279449, 306883, 318049, 327793, 368965, 368969, 429796, 429810, 481699, 504894, 517990, 519836, 534408, 534976, 537687, 567731, 578067, 578646, 579065, 605214, 618778, 620885, 626322]
