8,2,[301, 309]
9,2,[1553, 2125]
10,70,[4596, 37283, 85537, 87477, 91646, 115591, 127046, 142486, 154662, 158619, 165619, 263766, 279535, 279591, 279736, 285353, 286278, 298043, 300384, 301419, 318691, 321163, 330484, 331766, 351491, 351950, 352013, 352882, 353171, 360876, 363432, 364133, 367833, 368762, 370177, 370296, 371567, 375711, 376941, 397462, 401280, 402193, 402764, 411975, 415919, 422511, 428548, 432692, 433488, 436048, 438515, 444019, 444533, 445928, 448394, 448476, 448578, 450950, 451332, 451717, 469638, 470681, 471831, 472251, 479887, 573202, 597111, 606145, 610040, 627829]
14,1,[99814]
15,3,[53788, 94087, 153563]
16,1,[8561]
17,35,[3755, 3981, 5399, 6472, 16641, 17017, 17022, 31174, 34879, 35808, 124677, 124903, 124999, 127973, 132366, 152259, 153666, 160868, 161127, 161181, 174200, 175287, 175515, 175521, 175528, 175562, 183122, 183400, 183413, 192302, 198937, 203588, 203646, 211844, 216448]
18,6,[17821, 41385, 94806, 97725, 116788, 119180]
19,1,[2701]
20,6,[5522, 5879, 11668, 27974, 58395, 63599]
21,5,[7440, 11543, 15335, 25837, 28421]
22,10,[972, 9801, 18960, 46994, 46996, 90371, 101160, 103161, 104304, 119014]
23,2,[1005, 4622]
25,3,[7378, 95670, 97991]
26,6,[6039, 6397, 12241, 28805, 59586, 64977]
27,5,[17650, 44999, 58195, 86690, 95853]
30,70,[4502, 37185, 85430, 87370, 91539, 115480, 126935, 142374, 154549, 158506, 165496, 263610, 279380, 279436, 279581, 285197, 286122, 297885, 300226, 301261, 318532, 321004, 330325, 331607, 351332, 351791, 351854, 352723, 353012, 360716, 363269, 363970, 367670, 368599, 370014, 370133, 371404, 375548, 376778, 397296, 401114, 402027, 402598, 411809, 415753, 422345, 428381, 432522, 433318, 435878, 438345, 443849, 444363, 445758, 448224, 448306, 448408, 450780, 451162, 451547, 469467, 470510, 471661, 472081, 479719, 573022, 596920, 605938, 609823, 627569]
8,2,[301, 309]
9,2,[1553, 2125]
10,70,[4596, 37283, 85537, 87477, 91646, 115591, 127046, 142486, 154662, 158619, 165619, 263766, 279535, 279591, 279736, 285353, 286278, 298043, 300384, 301419, 318691, 321163, 330484, 331766, 351491, 351950, 352013, 352882, 353171, 360876, 363432, 364133, 367833, 368762, 370177, 370296, 371567, 375711, 376941, 397462, 401280, 402193, 402764, 411975, 415919, 422511, 428548, 432692, 433488, 436048, 438515, 444019, 444533, 445928, 448394, 448476, 448578, 450950, 451332, 451717, 469638, 470681, 471831, 472251, 479887, 573202, 597111, 606145, 610040, 627829]
14,1,[99814]
15,3,[53788, 94087, 153563]
16,1,[8561]
17,35,[3755, 3981, 5399, 6472, 16641, 17017, 17022, 31174, 34879, 35808, 124677, 124903, 124999, 127973, 132366, 152259, 153666, 160868, 161127, 161181, 174200, 175287, 175515, 175521, 175528, 175562, 183122, 183400, 183413, 192302, 198937, 203588, 203646, 211844, 216448]
18,6,[17821, 41385, 94806, 97725, 116788, 119180]
19,1,[2701]
20,6,[5522, 5879, 11668, 27974, 58395, 63599]
21,5,[7440, 11543, 15335, 25837, 28421]
22,10,[972, 9801, 18960, 46994, 46996, 90371, 101160, 103161, 104304, 119014]
23,2,[1005, 4622]
25,3,[7378, 95670, 97991]
26,6,[6039, 6397, 12241, 28805, 59586, 64977]
27,5,[17650, 44999, 58195, 86690, 95853]
30,70,[4502, 37185, 85430, 87370, 91539, 115480, 126935, 142374, 154549, 158506, 165496, 263610, 279380, 279436, 279581, 285197, 286122, 297885, 300226, 301261, 318532, 321004, 330325, 331607, 351332, 351791, 351854, 352723, 353012, 360716, 363269, 363970, 367670, 368599, 370014, 370133, 371404, 375548, 376778, 397296, 401114, 402027, 402598, 411809, 415753, 422345, 428381, 432522, 433318, 435878, 438345, 443849, 444363, 445758, 448224, 448306, 448408, 450780, 451162, 451547, 469467, 470510, 471661, 472081, 479719, 573022, 596920, 605938, 609823, 627569]
