10,2,[598443, 598452]
14,1,[24692]
15,5,[58225, 71769, 115000, 127398, 139859]
19,1,[15169]
20,28,[1546, 4990, 11812, 13835, 15513, 19695, 20536, 21360, 22641, 24294, 25294, 26799, 28659, 30475, 31544, 33124, 34157, 35319, 35648, 36326, 41044, 42071, 42397, 45557, 49749, 57947, 58309, 61370]
22,7,[43150, 43262, 71663, 82457, 158868, 159374, 159423]
25,1,[24022]
26,29,[1921, 4519, 5506, 12398, 14423, 16153, 20407, 21263, 22106, 23407, 25062, 26088, 27620, 29490, 31328, 32414, 34001, 35034, 36214, 36547, 37231, 41978, 43004, 43333, 46558, 50794, 59128, 59500, 62673]
30,2,[598252, 598261]
10,2,[598443, 598452]
14,1,[24692]
15,5,[58225, 71769, 115000, 127398, 139859]
19,1,[15169]
20,28,[1546, 4990, 11812, 13835, 15513, 19695, 20536, 21360, 22641, 24294, 25294, 26799, 28659, 30475, 31544, 33124, 34157, 35319, 35648, 36326, 41044, 42071, 42397, 45557, 49749, 57947, 58309, 61370]
22,7,[43150, 43262, 71663, 82457, 158868, 159374, 159423]
25,1,[24022]
26,29,[1921, 4519, 5506, 12398, 14423, 16153, 20407, 21263, 22106, 23407, 25062, 26088, 27620, 29490, 31328, 32414, 34001, 35034, 36214, 36547, 37231, 41978, 43004, 43333, 46558, 50794, 59128, 59500, 62673]
30,2,[598252, 598261]
