15,1,[23437]
18,20,[5479, 7342, 12332, 20580, 27194, 27738, 31004, 41245, 59379, 59512, 79781, 80425, 80428, 109577, 115944, 117625, 118337, 120017, 132767, 135966]
20,1,[33930]
21,6,[3150, 3265, 3693, 4730, 34130, 34316]
22,2,[140731, 143165]
23,1,[52]
26,1,[34808]
27,2,[17121, 109363]
15,1,[23437]
18,20,[5479, 7342, 12332, 20580, 27194, 27738, 31004, 41245, 59379, 59512, 79781, 80425, 80428, 109577, 115944, 117625, 118337, 120017, 132767, 135966]
20,1,[33930]
21,6,[3150, 3265, 3693, 4730, 34130, 34316]
22,2,[140731, 143165]
23,1,[52]
26,1,[34808]
27,2,[17121, 109363]
