11,1,[490]
14,3,[31526, 59313, 75837]
15,22,[6304, 8898, 8946, 11793, 20983, 36880, 52007, 85932, 88705, 89317, 117463, 118970, 119626, 120051, 120181, 127069, 157468, 160728, 163207, 166135, 168860, 173765]
16,1,[15656]
18,5,[15468, 20820, 23849, 36822, 112930]
19,1,[17919]
25,3,[30457, 56962, 72227]
26,2,[845, 4699]
27,16,[11046, 14373, 14845, 19942, 22453, 26047, 28022, 29018, 31545, 35498, 38957, 48262, 49230, 65967, 92655, 92996]
11,1,[490]
14,3,[31526, 59313, 75837]
15,22,[6304, 8898, 8946, 11793, 20983, 36880, 52007, 85932, 88705, 89317, 117463, 118970, 119626, 120051, 120181, 127069, 157468, 160728, 163207, 166135, 168860, 173765]
16,1,[15656]
18,5,[15468, 20820, 23849, 36822, 112930]
19,1,[17919]
25,3,[30457, 56962, 72227]
26,2,[845, 4699]
27,16,[11046, 14373, 14845, 19942, 22453, 26047, 28022, 29018, 31545, 35498, 38957, 48262, 49230, 65967, 92655, 92996]
