14,113,[862, 4352, 6908, 10775, 10779, 16844, 23548, 24689, 25919, 26382, 28364, 30037, 30861, 30898, 31361, 33320, 34676, 35056, 35485, 35619, 36925, 40170, 41537, 44436, 45388, 45505, 45649, 47500, 47555, 47581, 48535, 48568, 49211, 50173, 50795, 50853, 51149, 57952, 58321, 58386, 58413, 59504, 60776, 63903, 65176, 65648, 67363, 69907, 71034, 71969, 74389, 78702, 87407, 87480, 90614, 91831, 94931, 97578, 102695, 105347, 105758, 109208, 111404, 111546, 115033, 115397, 115411, 119765, 120246, 121758, 122039, 122240, 124905, 124922, 128920, 130137, 130587, 130591, 131336, 131925, 131969, 131982, 136441, 136463, 138822, 138911, 140687, 142040, 142076, 142103, 143301, 143343, 143356, 144435, 145988, 151392, 152051, 157720, 158814, 161697, 167012, 167067, 168236, 172869, 175179, 178151, 185731, 186611, 190134, 192346, 193473, 195033, 196459]
17,9,[12988, 114427, 150718, 150756, 150788, 150838, 162419, 169414, 176036]
18,1,[27644]
20,12,[481, 4197, 15113, 25932, 26357, 29744, 35395, 35472, 35569, 38961, 42902, 54193]
22,17,[822, 9885, 10397, 10612, 30247, 30335, 30361, 30363, 30365, 30367, 30369, 39518, 39520, 42886, 104076, 123687, 141200]
25,126,[123, 4771, 7140, 10957, 10961, 16651, 22971, 24019, 25164, 25584, 27475, 29092, 29862, 30304, 32160, 33397, 33755, 34137, 34256, 35555, 38655, 39929, 42621, 43552, 43697, 43842, 45637, 45696, 45721, 46635, 46668, 47292, 48188, 48776, 48838, 49114, 55597, 55927, 56008, 56034, 57152, 58344, 61415, 61638, 64255, 65896, 65923, 65972, 66707, 67749, 68614, 70829, 74814, 75144, 83703, 83778, 86858, 87984, 90954, 93490, 98565, 101074, 101444, 104658, 106865, 106995, 110160, 110492, 110506, 114702, 115164, 116692, 116942, 117128, 117650, 119696, 119713, 123444, 124607, 124992, 124996, 125686, 126229, 126274, 126288, 130632, 130654, 132900, 132979, 134839, 136060, 136079, 136082, 136106, 137344, 138467, 139929, 145097, 145726, 149608, 151034, 152014, 154961, 160041, 160100, 160121, 161339, 165605, 165987, 168110, 168927, 168948, 170842, 178110, 178961, 182415, 184293, 185354, 186847, 187791, 187799, 188258, 189026, 189369, 193455, 198400]
26,9,[15746, 26730, 27155, 30589, 36290, 36468, 39905, 43850, 55355]
14,113,[862, 4352, 6908, 10775, 10779, 16844, 23548, 24689, 25919, 26382, 28364, 30037, 30861, 30898, 31361, 33320, 34676, 35056, 35485, 35619, 36925, 40170, 41537, 44436, 45388, 45505, 45649, 47500, 47555, 47581, 48535, 48568, 49211, 50173, 50795, 50853, 51149, 57952, 58321, 58386, 58413, 59504, 60776, 63903, 65176, 65648, 67363, 69907, 71034, 71969, 74389, 78702, 87407, 87480, 90614, 91831, 94931, 97578, 102695, 105347, 105758, 109208, 111404, 111546, 115033, 115397, 115411, 119765, 120246, 121758, 122039, 122240, 124905, 124922, 128920, 130137, 130587, 130591, 131336, 131925, 131969, 131982, 136441, 136463, 138822, 138911, 140687, 142040, 142076, 142103, 143301, 143343, 143356, 144435, 145988, 151392, 152051, 157720, 158814, 161697, 167012, 167067, 168236, 172869, 175179, 178151, 185731, 186611, 190134, 192346, 193473, 195033, 196459]
17,9,[12988, 114427, 150718, 150756, 150788, 150838, 162419, 169414, 176036]
18,1,[27644]
20,12,[481, 4197, 15113, 25932, 26357, 29744, 35395, 35472, 35569, 38961, 42902, 54193]
22,17,[822, 9885, 10397, 10612, 30247, 30335, 30361, 30363, 30365, 30367, 30369, 39518, 39520, 42886, 104076, 123687, 141200]
25,126,[123, 4771, 7140, 10957, 10961, 16651, 22971, 24019, 25164, 25584, 27475, 29092, 29862, 30304, 32160, 33397, 33755, 34137, 34256, 35555, 38655, 39929, 42621, 43552, 43697, 43842, 45637, 45696, 45721, 46635, 46668, 47292, 48188, 48776, 48838, 49114, 55597, 55927, 56008, 56034, 57152, 58344, 61415, 61638, 64255, 65896, 65923, 65972, 66707, 67749, 68614, 70829, 74814, 75144, 83703, 83778, 86858, 87984, 90954, 93490, 98565, 101074, 101444, 104658, 106865, 106995, 110160, 110492, 110506, 114702, 115164, 116692, 116942, 117128, 117650, 119696, 119713, 123444, 124607, 124992, 124996, 125686, 126229, 126274, 126288, 130632, 130654, 132900, 132979, 134839, 136060, 136079, 136082, 136106, 137344, 138467, 139929, 145097, 145726, 149608, 151034, 152014, 154961, 160041, 160100, 160121, 161339, 165605, 165987, 168110, 168927, 168948, 170842, 178110, 178961, 182415, 184293, 185354, 186847, 187791, 187799, 188258, 189026, 189369, 193455, 198400]
26,9,[15746, 26730, 27155, 30589, 36290, 36468, 39905, 43850, 55355]
