10,7,[143093, 177399, 353022, 462856, 528112, 579717, 580446]
15,3,[61658, 103075, 114091]
16,1,[9379]
18,11,[19996, 24965, 33224, 48081, 58041, 58163, 69298, 96225, 99107, 112977, 136497]
21,1,[5206]
22,8,[63354, 63355, 63361, 63363, 63547, 65600, 66028, 76173]
23,2,[8043, 22085]
24,1,[10039]
27,3,[79310, 94239, 100185]
30,7,[142981, 177276, 352863, 462685, 527937, 579537, 580266]
10,7,[143093, 177399, 353022, 462856, 528112, 579717, 580446]
15,3,[61658, 103075, 114091]
16,1,[9379]
18,11,[19996, 24965, 33224, 48081, 58041, 58163, 69298, 96225, 99107, 112977, 136497]
21,1,[5206]
22,8,[63354, 63355, 63361, 63363, 63547, 65600, 66028, 76173]
23,2,[8043, 22085]
24,1,[10039]
27,3,[79310, 94239, 100185]
30,7,[142981, 177276, 352863, 462685, 527937, 579537, 580266]
