9,1,[1419]
10,31,[8894, 14970, 26797, 27715, 31628, 33079, 45201, 61286, 74982, 134225, 154199, 174910, 175069, 177092, 178824, 200062, 225034, 265046, 353187, 397723, 400507, 407665, 415910, 418282, 419437, 419508, 420378, 428470, 470427, 470519, 548095]
11,14,[1184, 4287, 6681, 7046, 8164, 8706, 8995, 9011, 11062, 11273, 15813, 18022, 20329, 20669]
12,12,[1586, 6233, 6880, 7854, 9409, 11616, 13246, 15980, 15981, 17603, 18453, 21868]
13,1,[4006]
14,2,[3543, 135283]
15,29,[7790, 12447, 12672, 14131, 25431, 25466, 27535, 28491, 31993, 36003, 38939, 44327, 44350, 46565, 47723, 74473, 75455, 78719, 83674, 93006, 93011, 111871, 114449, 125941, 145924, 146496, 153609, 161289, 167314]
16,10,[2030, 2278, 4156, 8447, 8828, 14942, 21865, 22426, 30376, 35804]
17,1,[214518]
18,32,[2357, 2914, 3419, 13597, 13813, 14492, 23563, 37340, 43190, 44759, 52201, 79645, 83413, 84120, 98235, 98361, 100680, 108721, 120959, 130736, 132368, 134644, 138118, 138143, 138533, 139085, 141311, 143750, 144854, 145392, 146933, 148157]
21,2,[16625, 31746]
22,4,[20474, 63525, 66740, 68033]
23,3,[344, 936, 22687]
24,12,[3270, 7375, 14976, 24675, 25353, 26136, 26183, 28281, 30164, 31307, 35960, 41500]
25,4,[3953, 29988, 113495, 129579]
27,23,[1601, 8960, 22320, 25865, 27948, 34575, 39875, 43535, 44164, 46456, 47068, 51717, 52261, 57649, 61544, 68228, 74801, 84871, 89999, 90627, 90785, 95752, 106518]
30,31,[8800, 14876, 26703, 27621, 31534, 32981, 45103, 61183, 74879, 134113, 154086, 174787, 174946, 176969, 178701, 199920, 224884, 264890, 353028, 397557, 400341, 407499, 415744, 418116, 419271, 419342, 420212, 428303, 470256, 470348, 547920]
9,1,[1419]
10,31,[8894, 14970, 26797, 27715, 31628, 33079, 45201, 61286, 74982, 134225, 154199, 174910, 175069, 177092, 178824, 200062, 225034, 265046, 353187, 397723, 400507, 407665, 415910, 418282, 419437, 419508, 420378, 428470, 470427, 470519, 548095]
11,14,[1184, 4287, 6681, 7046, 8164, 8706, 8995, 9011, 11062, 11273, 15813, 18022, 20329, 20669]
12,12,[1586, 6233, 6880, 7854, 9409, 11616, 13246, 15980, 15981, 17603, 18453, 21868]
13,1,[4006]
14,2,[3543, 135283]
15,29,[7790, 12447, 12672, 14131, 25431, 25466, 27535, 28491, 31993, 36003, 38939, 44327, 44350, 46565, 47723, 74473, 75455, 78719, 83674, 93006, 93011, 111871, 114449, 125941, 145924, 146496, 153609, 161289, 167314]
16,10,[2030, 2278, 4156, 8447, 8828, 14942, 21865, 22426, 30376, 35804]
17,1,[214518]
18,32,[2357, 2914, 3419, 13597, 13813, 14492, 23563, 37340, 43190, 44759, 52201, 79645, 83413, 84120, 98235, 98361, 100680, 108721, 120959, 130736, 132368, 134644, 138118, 138143, 138533, 139085, 141311, 143750, 144854, 145392, 146933, 148157]
21,2,[16625, 31746]
22,4,[20474, 63525, 66740, 68033]
23,3,[344, 936, 22687]
24,12,[3270, 7375, 14976, 24675, 25353, 26136, 26183, 28281, 30164, 31307, 35960, 41500]
25,4,[3953, 29988, 113495, 129579]
27,23,[1601, 8960, 22320, 25865, 27948, 34575, 39875, 43535, 44164, 46456, 47068, 51717, 52261, 57649, 61544, 68228, 74801, 84871, 89999, 90627, 90785, 95752, 106518]
30,31,[8800, 14876, 26703, 27621, 31534, 32981, 45103, 61183, 74879, 134113, 154086, 174787, 174946, 176969, 178701, 199920, 224884, 264890, 353028, 397557, 400341, 407499, 415744, 418116, 419271, 419342, 420212, 428303, 470256, 470348, 547920]
