10,3,[197430, 314039, 366475]
14,5,[1770, 46766, 91259, 142484, 181991]
15,2,[73024, 118393]
17,1,[33526]
18,8,[18013, 26529, 42867, 53385, 56387, 69884, 85470, 136854]
20,1,[35963]
25,6,[170, 2075, 44941, 87447, 136527, 174570]
26,1,[36863]
30,3,[197298, 313880, 366312]
10,3,[197430, 314039, 366475]
14,5,[1770, 46766, 91259, 142484, 181991]
15,2,[73024, 118393]
17,1,[33526]
18,8,[18013, 26529, 42867, 53385, 56387, 69884, 85470, 136854]
20,1,[35963]
25,6,[170, 2075, 44941, 87447, 136527, 174570]
26,1,[36863]
30,3,[197298, 313880, 366312]
