10,6,[260133, 273348, 273371, 276064, 579421, 595050]
11,1,[6548]
15,1,[15818]
16,2,[905, 7581]
17,1,[60485]
18,4,[64804, 68562, 91429, 109004]
22,3,[39477, 39480, 157826]
25,1,[131406]
27,2,[55094, 91107]
30,6,[259977, 273192, 273215, 275908, 579241, 594859]
10,6,[260133, 273348, 273371, 276064, 579421, 595050]
11,1,[6548]
15,1,[15818]
16,2,[905, 7581]
17,1,[60485]
18,4,[64804, 68562, 91429, 109004]
22,3,[39477, 39480, 157826]
25,1,[131406]
27,2,[55094, 91107]
30,6,[259977, 273192, 273215, 275908, 579241, 594859]
