10,113,[31483, 40310, 40314, 40356, 40581, 40602, 40746, 40832, 40878, 41037, 41327, 112594, 118118, 135589, 135641, 135716, 139130, 139202, 143438, 144583, 146312, 146412, 146545, 146549, 146612, 146641, 147430, 166080, 166090, 166121, 168941, 182577, 186930, 186951, 188029, 191482, 199464, 202986, 207953, 208048, 208781, 208790, 208800, 213462, 216345, 216860, 218982, 219003, 219031, 223523, 223558, 223617, 224245, 225280, 225298, 226492, 228771, 233036, 233949, 236477, 249197, 249217, 249663, 249680, 249979, 256105, 256114, 259996, 260859, 261917, 263033, 263845, 265108, 265132, 265171, 266671, 266688, 314835, 325360, 361271, 362594, 363870, 371941, 371960, 372200, 376317, 378268, 379146, 392458, 392609, 394936, 403110, 405136, 421156, 421737, 424648, 443922, 445767, 445842, 446591, 455027, 471263, 476368, 484166, 485445, 485462, 485675, 485733, 487129, 489545, 491169, 635090, 639048]
17,7,[30856, 100260, 100301, 100365, 102859, 169479, 185192]
20,5,[10467, 28480, 29694, 33185, 35299]
26,5,[11024, 29310, 30539, 34063, 36194]
30,113,[31389, 40212, 40216, 40258, 40483, 40504, 40648, 40734, 40780, 40939, 41229, 112483, 118007, 135477, 135529, 135604, 139018, 139090, 143326, 144470, 146199, 146299, 146432, 146436, 146499, 146528, 147317, 165957, 165967, 165998, 168818, 182445, 186798, 186819, 187897, 191350, 199322, 202844, 207811, 207906, 208639, 208648, 208658, 213320, 216203, 216719, 218842, 218863, 218891, 223373, 223408, 223467, 224095, 225130, 225148, 226342, 228621, 232886, 233799, 236327, 249044, 249064, 249510, 249527, 249826, 255949, 255958, 259840, 260703, 261761, 262877, 263689, 264952, 264976, 265015, 266515, 266532, 314676, 325201, 361111, 362434, 363707, 371778, 371797, 372037, 376154, 378105, 378983, 392295, 392446, 394770, 402944, 404970, 420990, 421571, 424482, 443752, 445597, 445672, 446421, 454857, 471092, 476199, 484001, 485281, 485298, 485511, 485569, 486966, 489384, 491009, 634815, 638773]
10,113,[31483, 40310, 40314, 40356, 40581, 40602, 40746, 40832, 40878, 41037, 41327, 112594, 118118, 135589, 135641, 135716, 139130, 139202, 143438, 144583, 146312, 146412, 146545, 146549, 146612, 146641, 147430, 166080, 166090, 166121, 168941, 182577, 186930, 186951, 188029, 191482, 199464, 202986, 207953, 208048, 208781, 208790, 208800, 213462, 216345, 216860, 218982, 219003, 219031, 223523, 223558, 223617, 224245, 225280, 225298, 226492, 228771, 233036, 233949, 236477, 249197, 249217, 249663, 249680, 249979, 256105, 256114, 259996, 260859, 261917, 263033, 263845, 265108, 265132, 265171, 266671, 266688, 314835, 325360, 361271, 362594, 363870, 371941, 371960, 372200, 376317, 378268, 379146, 392458, 392609, 394936, 403110, 405136, 421156, 421737, 424648, 443922, 445767, 445842, 446591, 455027, 471263, 476368, 484166, 485445, 485462, 485675, 485733, 487129, 489545, 491169, 635090, 639048]
17,7,[30856, 100260, 100301, 100365, 102859, 169479, 185192]
20,5,[10467, 28480, 29694, 33185, 35299]
26,5,[11024, 29310, 30539, 34063, 36194]
30,113,[31389, 40212, 40216, 40258, 40483, 40504, 40648, 40734, 40780, 40939, 41229, 112483, 118007, 135477, 135529, 135604, 139018, 139090, 143326, 144470, 146199, 146299, 146432, 146436, 146499, 146528, 147317, 165957, 165967, 165998, 168818, 182445, 186798, 186819, 187897, 191350, 199322, 202844, 207811, 207906, 208639, 208648, 208658, 213320, 216203, 216719, 218842, 218863, 218891, 223373, 223408, 223467, 224095, 225130, 225148, 226342, 228621, 232886, 233799, 236327, 249044, 249064, 249510, 249527, 249826, 255949, 255958, 259840, 260703, 261761, 262877, 263689, 264952, 264976, 265015, 266515, 266532, 314676, 325201, 361111, 362434, 363707, 371778, 371797, 372037, 376154, 378105, 378983, 392295, 392446, 394770, 402944, 404970, 420990, 421571, 424482, 443752, 445597, 445672, 446421, 454857, 471092, 476199, 484001, 485281, 485298, 485511, 485569, 486966, 489384, 491009, 634815, 638773]
