14,18,[12972, 15700, 36880, 49071, 49084, 72868, 79383, 80349, 86120, 86136, 89754, 99140, 152876, 167167, 170263, 174232, 179960, 190507]
16,1,[11500]
18,10,[7471, 7526, 40881, 66637, 66978, 87359, 87423, 115486, 115491, 144724]
21,2,[3911, 34441]
22,1,[43203]
23,5,[2176, 22376, 22387, 23621, 23838]
25,20,[15609, 35511, 47145, 47162, 69399, 75805, 76696, 82474, 82489, 86059, 95035, 97231, 97980, 106821, 146493, 160248, 163318, 167245, 172546, 182999]
27,1,[11832]
28,1,[1499]
14,18,[12972, 15700, 36880, 49071, 49084, 72868, 79383, 80349, 86120, 86136, 89754, 99140, 152876, 167167, 170263, 174232, 179960, 190507]
16,1,[11500]
18,10,[7471, 7526, 40881, 66637, 66978, 87359, 87423, 115486, 115491, 144724]
21,2,[3911, 34441]
22,1,[43203]
23,5,[2176, 22376, 22387, 23621, 23838]
25,20,[15609, 35511, 47145, 47162, 69399, 75805, 76696, 82474, 82489, 86059, 95035, 97231, 97980, 106821, 146493, 160248, 163318, 167245, 172546, 182999]
27,1,[11832]
28,1,[1499]
