10,5,[117177, 361273, 362343, 385864, 427388]
11,1,[16233]
12,3,[6793, 10601, 11665]
15,7,[9468, 11847, 13168, 51494, 52373, 60379, 144716]
17,6,[26886, 72144, 96221, 96278, 96424, 109498]
19,3,[2189, 17909, 24924]
20,1,[55843]
22,1,[12611]
24,10,[486, 5667, 7945, 11823, 12833, 28005, 32779, 32801, 37837, 43694]
26,1,[57000]
27,10,[245, 41353, 41859, 42734, 52463, 58603, 64599, 91447, 92657, 109133]
30,5,[117066, 361113, 362183, 385701, 427221]
10,5,[117177, 361273, 362343, 385864, 427388]
11,1,[16233]
12,3,[6793, 10601, 11665]
15,7,[9468, 11847, 13168, 51494, 52373, 60379, 144716]
17,6,[26886, 72144, 96221, 96278, 96424, 109498]
19,3,[2189, 17909, 24924]
20,1,[55843]
22,1,[12611]
24,10,[486, 5667, 7945, 11823, 12833, 28005, 32779, 32801, 37837, 43694]
26,1,[57000]
27,10,[245, 41353, 41859, 42734, 52463, 58603, 64599, 91447, 92657, 109133]
30,5,[117066, 361113, 362183, 385701, 427221]
