10,10,[120706, 360763, 500571, 504984, 519995, 561059, 580712, 583362, 583410, 583620]
12,1,[18524]
15,8,[33288, 57281, 78176, 99166, 132085, 136242, 136319, 136560]
16,3,[13667, 26007, 31323]
17,3,[30303, 99512, 167200]
20,1,[65906]
21,2,[22857, 25984]
22,27,[40715, 40755, 53192, 107475, 129338, 131494, 131510, 131665, 131752, 131780, 131795, 131810, 131913, 132978, 133694, 136749, 136881, 136938, 138008, 144485, 145306, 151524, 151609, 151660, 151670, 151795, 155958]
23,1,[10284]
26,1,[32334]
30,10,[120595, 360603, 500402, 504815, 519823, 560881, 580532, 583182, 583230, 583440]
10,10,[120706, 360763, 500571, 504984, 519995, 561059, 580712, 583362, 583410, 583620]
12,1,[18524]
15,8,[33288, 57281, 78176, 99166, 132085, 136242, 136319, 136560]
16,3,[13667, 26007, 31323]
17,3,[30303, 99512, 167200]
20,1,[65906]
21,2,[22857, 25984]
22,27,[40715, 40755, 53192, 107475, 129338, 131494, 131510, 131665, 131752, 131780, 131795, 131810, 131913, 132978, 133694, 136749, 136881, 136938, 138008, 144485, 145306, 151524, 151609, 151660, 151670, 151795, 155958]
23,1,[10284]
26,1,[32334]
30,10,[120595, 360603, 500402, 504815, 519823, 560881, 580532, 583182, 583230, 583440]
