14,67,[26123, 26138, 28809, 30510, 37559, 37562, 37566, 37601, 37656, 37886, 37997, 38064, 38587, 38740, 40031, 43187, 44075, 57292, 60516, 61179, 70375, 71150, 74865, 77819, 77828, 78023, 78030, 78040, 90344, 90347, 97148, 97282, 105199, 105211, 105226, 105389, 105405, 105419, 107679, 107688, 107713, 107728, 108034, 112495, 114376, 118127, 118154, 118252, 121847, 131998, 139029, 140132, 145485, 155842, 155848, 155864, 156671, 164762, 170899, 173920, 183173, 185376, 185403, 195541, 195544, 195549, 195561]
15,5,[66967, 82325, 82336, 121561, 150566]
22,2,[15185, 158537]
25,65,[25332, 25346, 27879, 29516, 36162, 36165, 36168, 36201, 36262, 36486, 36618, 36687, 37175, 37187, 37301, 41428, 42263, 54919, 58103, 58709, 67131, 67851, 71266, 74181, 74188, 74498, 74508, 86601, 86604, 93039, 93169, 100944, 101113, 101129, 101142, 103249, 103257, 103281, 103296, 103581, 107833, 109581, 113029, 113054, 113146, 116771, 126304, 131929, 133083, 134288, 139420, 149220, 149225, 149241, 149996, 157903, 163905, 166924, 175700, 177792, 177817, 187310, 187313, 187317, 187327]
27,1,[44593]
28,2,[1973, 1993]
14,67,[26123, 26138, 28809, 30510, 37559, 37562, 37566, 37601, 37656, 37886, 37997, 38064, 38587, 38740, 40031, 43187, 44075, 57292, 60516, 61179, 70375, 71150, 74865, 77819, 77828, 78023, 78030, 78040, 90344, 90347, 97148, 97282, 105199, 105211, 105226, 105389, 105405, 105419, 107679, 107688, 107713, 107728, 108034, 112495, 114376, 118127, 118154, 118252, 121847, 131998, 139029, 140132, 145485, 155842, 155848, 155864, 156671, 164762, 170899, 173920, 183173, 185376, 185403, 195541, 195544, 195549, 195561]
15,5,[66967, 82325, 82336, 121561, 150566]
22,2,[15185, 158537]
25,65,[25332, 25346, 27879, 29516, 36162, 36165, 36168, 36201, 36262, 36486, 36618, 36687, 37175, 37187, 37301, 41428, 42263, 54919, 58103, 58709, 67131, 67851, 71266, 74181, 74188, 74498, 74508, 86601, 86604, 93039, 93169, 100944, 101113, 101129, 101142, 103249, 103257, 103281, 103296, 103581, 107833, 109581, 113029, 113054, 113146, 116771, 126304, 131929, 133083, 134288, 139420, 149220, 149225, 149241, 149996, 157903, 163905, 166924, 175700, 177792, 177817, 187310, 187313, 187317, 187327]
27,1,[44593]
28,2,[1973, 1993]
