10,571,[496176, 496382, 496412, 496420, 496665, 501969, 506057, 506153, 510322, 510497, 510524, 511152, 511418, 513813, 513896, 514313, 514399, 515541, 521279, 522229, 524751, 525027, 525333, 526663, 527360, 529525, 529811, 530545, 531839, 531855, 536240, 545452, 545671, 547261, 547355, 547911, 547965, 548698, 549019, 549353, 549400, 549478, 549746, 550859, 551401, 551470, 551673, 553891, 554305, 554313, 554376, 554559, 554564, 554574, 556072, 556767, 557392, 558548, 561122, 563843, 565499, 565509, 565604, 565643, 565906, 566151, 566181, 566494, 566828, 567917, 569456, 569587, 570052, 570505, 570563, 570778, 571660, 572166, 574818, 575121, 575730, 575968, 576195, 576214, 576959, 577417, 577503, 578651, 581683, 582762, 584472, 584489, 584510, 584561, 584581, 584587, 584720, 585326, 585841, 585872, 586411, 586473, 586507, 586554, 586651, 586701, 586775, 586809, 586825, 586886, 586896, 586937, 587154, 587241, 587569, 587595, 587613, 587748, 587752, 587779, 587877, 588178, 588203, 588275, 588282, 588308, 588349, 588894, 588942, 588954, 589967, 590442, 590617, 590654, 590740, 590771, 590888, 590935, 590953, 590958, 590968, 591117, 591143, 591158, 591192, 591201, 591363, 591372, 591474, 591514, 591538, 591549, 591556, 591642, 591675, 591733, 591781, 591798, 591841, 591857, 591876, 591890, 591911, 591925, 591940, 591955, 591972, 591984, 591996, 592054, 592055, 592101, 592116, 592208, 592229, 592333, 592383, 592653, 592669, 592830, 593002, 593004, 593011, 593196, 593201, 593279, 593286, 593321, 593446, 593459, 593507, 593892, 593898, 594378, 594838, 594943, 594958, 594983, 595167, 595282, 595354, 595523, 595590, 595701, 595711, 595981, 596007, 596018, 596687, 596921, 597896, 598022, 598045, 598049, 598074, 598090, 598093, 598110, 598118, 598126, 598155, 598166, 598173, 598309, 598709, 599047, 599057, 599064, 599078, 599113, 599122, 599155, 599161, 599419, 599459, 599677, 599694, 599728, 599744, 599792, 599824, 599850, 600028, 600157, 600171, 600206, 600544, 600623, 600673, 600686, 600710, 600721, 600745, 600753, 600957, 601516, 601782, 602038, 602081, 602165, 602187, 602195, 602198, 602339, 602432, 602453, 602573, 602623, 602746, 602871, 602923, 603075, 603088, 603253, 603373, 603426, 603542, 603572, 603607, 603649, 603667, 603725, 603750, 603890, 603981, 604230, 604235, 604241, 604260, 604267, 604297, 604303, 604336, 604355, 604532, 604562, 604608, 604620, 604726, 604757, 604778, 604787, 604790, 604810, 604813, 604922, 605013, 605085, 605279, 605298, 605315, 605342, 605598, 605654, 605799, 605833, 605844, 605890, 605905, 605917, 605932, 605941, 605951, 605977, 606047, 606088, 606161, 606219, 606371, 606385, 606402, 606429, 606470, 606492, 606504, 606612, 606650, 606685, 606720, 606760, 606786, 606812, 606848, 606875, 606906, 606940, 607028, 607103, 607127, 607168, 607258, 607431, 607444, 607507, 607616, 607692, 607718, 607733, 607747, 607856, 607946, 607954, 608238, 608248, 608264, 608268, 608292, 608339, 608377, 608410, 608420, 608449, 608480, 608493, 608521, 608546, 608564, 608573, 608600, 608638, 608650, 608700, 608724, 608786, 608874, 608952, 609027, 609159, 609209, 609273, 609287, 609306, 609324, 609379, 609417, 609484, 609515, 609647, 609765, 609854, 609871, 609896, 609911, 609924, 609941, 609951, 609960, 610022, 610313, 610371, 610393, 610454, 610496, 610500, 610544, 610585, 610685, 610737, 610794, 610802, 610825, 610828, 610942, 610975, 611010, 611133, 611188, 611327, 611462, 611476, 611504, 611741, 611889, 611999, 612031, 612191, 612234, 612516, 612685, 612796, 612846, 612882, 612911, 612925, 613037, 613111, 613126, 613136, 613159, 613380, 613401, 613510, 613520, 613630, 613710, 613725, 613734, 613754, 613912, 613955, 613965, 613984, 614140, 614159, 614453, 614602, 614929, 615087, 615234, 615400, 615423, 615559, 615568, 615583, 615716, 615731, 615799, 615889, 615920, 615975, 616016, 616154, 616447, 616506, 616545, 616869, 616889, 616954, 617342, 617460, 617616, 617653, 617692, 617716, 617740, 617924, 617936, 618601, 618669, 618784, 619244, 619424, 620739, 620806, 620993, 621076, 621264, 622190, 623118, 623357, 623428, 623850, 625235, 625264, 625279, 625294, 625367, 625423, 625434, 625506, 625579, 625766, 626052, 626433, 626449, 626537, 626559, 626759, 626792, 626810, 626930, 627083, 627152, 627166, 627183, 627298, 627354, 627396, 627431, 627966, 628418, 628513, 628573, 628636, 629040, 629569, 629629, 629642, 629951, 630036, 630331, 630402, 630479, 630509, 630517, 630837, 630851, 630929, 631240, 631294, 631368, 631404, 631467, 631578, 631594, 636027, 636384, 636579, 639987, 640029, 641321]
14,2,[17388, 148570]
15,1,[53742]
17,392,[172, 204, 238, 364, 404, 420, 29685, 29807, 30510, 30581, 30590, 30608, 37505, 37527, 37713, 37810, 37912, 37929, 37940, 37965, 37978, 37980, 37982, 37984, 38032, 38047, 38105, 38131, 38137, 38193, 38475, 38632, 38643, 39859, 41060, 42455, 42474, 42538, 42553, 42906, 43209, 43511, 43531, 43550, 43595, 43692, 43701, 43706, 43770, 43930, 44154, 44195, 44238, 44245, 44249, 44259, 44280, 44283, 44330, 44463, 44600, 44641, 44660, 44717, 45621, 46802, 46834, 47097, 47112, 47118, 47150, 50746, 50758, 50802, 50939, 50958, 50983, 51112, 51207, 51215, 51224, 51254, 51273, 51379, 51474, 51523, 52018, 52312, 52694, 54317, 54512, 54547, 54631, 54777, 57854, 58001, 58030, 58149, 58184, 58232, 58273, 58623, 58638, 58698, 60043, 60111, 60156, 60171, 60349, 60452, 61666, 61673, 67971, 68026, 68051, 68498, 68519, 68561, 68718, 68741, 69346, 69759, 69873, 76151, 76242, 81423, 84620, 84656, 85812, 86098, 86285, 86453, 87386, 90562, 92783, 92894, 96700, 96820, 97179, 97202, 97235, 101108, 104006, 104028, 104932, 104955, 108416, 108463, 110784, 110830, 110841, 111351, 112072, 112091, 112221, 112242, 112269, 112314, 112569, 112697, 112709, 113154, 113166, 113178, 114548, 114607, 114946, 114993, 115064, 115105, 115227, 117333, 117427, 117442, 117497, 118379, 118396, 119595, 120347, 121199, 121222, 121555, 121608, 121979, 122023, 122645, 122838, 123371, 123424, 123472, 123483, 123500, 123772, 127217, 128202, 128315, 129296, 129326, 129333, 129341, 129418, 129561, 129803, 130238, 130309, 132034, 149829, 149850, 149884, 152465, 152505, 152707, 154070, 154173, 155132, 158692, 162963, 164573, 164713, 165630, 166093, 166499, 168031, 168167, 168191, 168606, 171032, 171382, 171542, 171704, 172407, 172502, 173335, 173384, 173454, 173565, 175017, 175582, 175751, 175881, 175970, 176224, 176305, 176636, 184249, 185068, 187158, 187645, 187789, 189260, 189282, 189472, 189502, 189507, 189747, 189945, 189994, 190014, 190095, 190199, 190233, 190808, 190849, 190951, 191034, 191109, 191139, 191204, 191212, 191219, 191460, 191482, 191487, 191538, 191888, 193650, 193977, 194185, 194214, 194249, 194271, 195526, 195647, 195669, 196545, 196703, 196821, 196914, 198059, 198179, 198315, 198372, 198458, 198548, 198655, 198665, 198678, 198698, 198896, 198983, 198993, 199013, 199156, 199273, 199285, 199482, 199500, 199535, 200778, 201947, 202499, 202508, 202543, 202691, 202738, 209113, 209332, 209394, 209540, 210099, 210177, 210293, 213254, 213261, 213316, 213374, 213431, 213443, 213458, 213510, 213520, 213546, 213559, 213646, 213766, 213800, 213832, 213924, 214032, 214064, 214246, 214249, 214369, 214395, 214402, 214419, 214474, 214500, 214521, 214580, 214582, 214599, 214626, 214657, 214675, 214696, 214731, 214879, 214907, 214939, 215092, 215137, 215193, 215277, 215363, 215408, 215469, 215609, 215765, 215981, 216022, 216031, 216073, 216914, 217026, 217044, 217095, 217155, 217234, 217251, 217288, 217466, 217489, 217588, 217691, 217800, 217866, 217902, 217909, 217923, 217932, 217941]
19,1,[26527]
22,10,[14101, 158722, 159624, 159626, 159628, 159630, 159632, 160133, 160173, 161225]
23,5,[1526, 21355, 29346, 29385, 30475]
24,1,[6327]
25,3,[17141, 142482, 175714]
27,1,[78416]
30,571,[496007, 496213, 496243, 496251, 496496, 501800, 505888, 505984, 510153, 510328, 510355, 510983, 511249, 513644, 513727, 514144, 514230, 515369, 521107, 522057, 524579, 524855, 525161, 526491, 527188, 529350, 529636, 530370, 531664, 531680, 536065, 545277, 545496, 547086, 547180, 547736, 547790, 548523, 548844, 549175, 549222, 549300, 549568, 550681, 551223, 551292, 551495, 553713, 554127, 554135, 554198, 554381, 554386, 554396, 555894, 556589, 557214, 558370, 560944, 563665, 565319, 565329, 565424, 565463, 565726, 565971, 566001, 566314, 566648, 567737, 569276, 569407, 569872, 570325, 570383, 570598, 571480, 571986, 574638, 574941, 575550, 575788, 576015, 576034, 576779, 577237, 577323, 578471, 581503, 582582, 584292, 584304, 584325, 584376, 584396, 584402, 584535, 585141, 585656, 585687, 586226, 586288, 586322, 586369, 586466, 586516, 586590, 586624, 586640, 586701, 586711, 586752, 586969, 587056, 587384, 587410, 587428, 587563, 587567, 587594, 587692, 587993, 588018, 588090, 588097, 588123, 588164, 588709, 588757, 588769, 589782, 590257, 590432, 590469, 590555, 590586, 590703, 590750, 590768, 590773, 590783, 590932, 590958, 590973, 591007, 591016, 591178, 591187, 591289, 591329, 591353, 591364, 591371, 591457, 591490, 591548, 591596, 591613, 591656, 591666, 591685, 591699, 591720, 591734, 591749, 591764, 591781, 591793, 591805, 591863, 591864, 591910, 591925, 592017, 592038, 592142, 592192, 592462, 592478, 592639, 592811, 592813, 592820, 593005, 593010, 593088, 593095, 593130, 593255, 593268, 593316, 593701, 593707, 594187, 594647, 594752, 594767, 594792, 594976, 595091, 595163, 595332, 595399, 595510, 595520, 595790, 595816, 595827, 596496, 596730, 597705, 597831, 597854, 597858, 597883, 597899, 597902, 597919, 597927, 597935, 597964, 597975, 597982, 598118, 598518, 598856, 598866, 598873, 598881, 598916, 598925, 598958, 598964, 599222, 599262, 599480, 599497, 599531, 599547, 599595, 599627, 599653, 599831, 599960, 599974, 600009, 600347, 600426, 600476, 600489, 600513, 600524, 600548, 600556, 600760, 601319, 601585, 601841, 601884, 601968, 601990, 601998, 602001, 602142, 602235, 602256, 602376, 602426, 602549, 602674, 602726, 602878, 602891, 603056, 603176, 603229, 603345, 603370, 603405, 603447, 603465, 603523, 603548, 603688, 603779, 604028, 604033, 604039, 604058, 604065, 604095, 604101, 604134, 604153, 604330, 604360, 604406, 604418, 604524, 604555, 604576, 604585, 604588, 604608, 604611, 604720, 604811, 604883, 605077, 605096, 605113, 605140, 605396, 605452, 605597, 605631, 605642, 605688, 605698, 605710, 605725, 605734, 605744, 605770, 605840, 605881, 605954, 606012, 606164, 606178, 606195, 606222, 606263, 606285, 606297, 606405, 606443, 606478, 606513, 606553, 606579, 606605, 606641, 606668, 606699, 606733, 606821, 606896, 606920, 606961, 607051, 607224, 607237, 607300, 607409, 607485, 607511, 607526, 607540, 607649, 607739, 607747, 608031, 608041, 608052, 608056, 608080, 608127, 608165, 608198, 608208, 608237, 608268, 608281, 608309, 608334, 608352, 608361, 608388, 608426, 608438, 608488, 608512, 608574, 608662, 608740, 608815, 608947, 608997, 609061, 609075, 609094, 609112, 609167, 609205, 609272, 609303, 609435, 609553, 609642, 609659, 609684, 609694, 609707, 609724, 609734, 609743, 609805, 610096, 610154, 610176, 610237, 610279, 610283, 610327, 610368, 610468, 610520, 610577, 610585, 610608, 610611, 610725, 610758, 610793, 610916, 610971, 611110, 611239, 611253, 611281, 611518, 611666, 611776, 611808, 611968, 612011, 612293, 612462, 612573, 612623, 612659, 612682, 612696, 612808, 612882, 612897, 612907, 612930, 613151, 613172, 613281, 613291, 613401, 613481, 613491, 613500, 613520, 613678, 613721, 613731, 613750, 613906, 613925, 614219, 614368, 614695, 614853, 615000, 615166, 615189, 615320, 615329, 615344, 615477, 615492, 615560, 615650, 615681, 615736, 615777, 615915, 616208, 616267, 616306, 616630, 616646, 616711, 617099, 617217, 617369, 617406, 617445, 617469, 617493, 617677, 617689, 618349, 618417, 618532, 618992, 619172, 620487, 620554, 620741, 620824, 621012, 621938, 622866, 623105, 623174, 623596, 624978, 625007, 625022, 625037, 625110, 625166, 625177, 625249, 625322, 625509, 625795, 626176, 626192, 626280, 626302, 626502, 626535, 626553, 626673, 626826, 626895, 626906, 626923, 627038, 627094, 627136, 627171, 627706, 628158, 628250, 628310, 628373, 628777, 629306, 629366, 629379, 629688, 629773, 630068, 630136, 630213, 630243, 630251, 630566, 630580, 630658, 630969, 631023, 631093, 631129, 631192, 631303, 631319, 635752, 636109, 636304, 639712, 639754, 641046]
10,571,[496176, 496382, 496412, 496420, 496665, 501969, 506057, 506153, 510322, 510497, 510524, 511152, 511418, 513813, 513896, 514313, 514399, 515541, 521279, 522229, 524751, 525027, 525333, 526663, 527360, 529525, 529811, 530545, 531839, 531855, 536240, 545452, 545671, 547261, 547355, 547911, 547965, 548698, 549019, 549353, 549400, 549478, 549746, 550859, 551401, 551470, 551673, 553891, 554305, 554313, 554376, 554559, 554564, 554574, 556072, 556767, 557392, 558548, 561122, 563843, 565499, 565509, 565604, 565643, 565906, 566151, 566181, 566494, 566828, 567917, 569456, 569587, 570052, 570505, 570563, 570778, 571660, 572166, 574818, 575121, 575730, 575968, 576195, 576214, 576959, 577417, 577503, 578651, 581683, 582762, 584472, 584489, 584510, 584561, 584581, 584587, 584720, 585326, 585841, 585872, 586411, 586473, 586507, 586554, 586651, 586701, 586775, 586809, 586825, 586886, 586896, 586937, 587154, 587241, 587569, 587595, 587613, 587748, 587752, 587779, 587877, 588178, 588203, 588275, 588282, 588308, 588349, 588894, 588942, 588954, 589967, 590442, 590617, 590654, 590740, 590771, 590888, 590935, 590953, 590958, 590968, 591117, 591143, 591158, 591192, 591201, 591363, 591372, 591474, 591514, 591538, 591549, 591556, 591642, 591675, 591733, 591781, 591798, 591841, 591857, 591876, 591890, 591911, 591925, 591940, 591955, 591972, 591984, 591996, 592054, 592055, 592101, 592116, 592208, 592229, 592333, 592383, 592653, 592669, 592830, 593002, 593004, 593011, 593196, 593201, 593279, 593286, 593321, 593446, 593459, 593507, 593892, 593898, 594378, 594838, 594943, 594958, 594983, 595167, 595282, 595354, 595523, 595590, 595701, 595711, 595981, 596007, 596018, 596687, 596921, 597896, 598022, 598045, 598049, 598074, 598090, 598093, 598110, 598118, 598126, 598155, 598166, 598173, 598309, 598709, 599047, 599057, 599064, 599078, 599113, 599122, 599155, 599161, 599419, 599459, 599677, 599694, 599728, 599744, 599792, 599824, 599850, 600028, 600157, 600171, 600206, 600544, 600623, 600673, 600686, 600710, 600721, 600745, 600753, 600957, 601516, 601782, 602038, 602081, 602165, 602187, 602195, 602198, 602339, 602432, 602453, 602573, 602623, 602746, 602871, 602923, 603075, 603088, 603253, 603373, 603426, 603542, 603572, 603607, 603649, 603667, 603725, 603750, 603890, 603981, 604230, 604235, 604241, 604260, 604267, 604297, 604303, 604336, 604355, 604532, 604562, 604608, 604620, 604726, 604757, 604778, 604787, 604790, 604810, 604813, 604922, 605013, 605085, 605279, 605298, 605315, 605342, 605598, 605654, 605799, 605833, 605844, 605890, 605905, 605917, 605932, 605941, 605951, 605977, 606047, 606088, 606161, 606219, 606371, 606385, 606402, 606429, 606470, 606492, 606504, 606612, 606650, 606685, 606720, 606760, 606786, 606812, 606848, 606875, 606906, 606940, 607028, 607103, 607127, 607168, 607258, 607431, 607444, 607507, 607616, 607692, 607718, 607733, 607747, 607856, 607946, 607954, 608238, 608248, 608264, 608268, 608292, 608339, 608377, 608410, 608420, 608449, 608480, 608493, 608521, 608546, 608564, 608573, 608600, 608638, 608650, 608700, 608724, 608786, 608874, 608952, 609027, 609159, 609209, 609273, 609287, 609306, 609324, 609379, 609417, 609484, 609515, 609647, 609765, 609854, 609871, 609896, 609911, 609924, 609941, 609951, 609960, 610022, 610313, 610371, 610393, 610454, 610496, 610500, 610544, 610585, 610685, 610737, 610794, 610802, 610825, 610828, 610942, 610975, 611010, 611133, 611188, 611327, 611462, 611476, 611504, 611741, 611889, 611999, 612031, 612191, 612234, 612516, 612685, 612796, 612846, 612882, 612911, 612925, 613037, 613111, 613126, 613136, 613159, 613380, 613401, 613510, 613520, 613630, 613710, 613725, 613734, 613754, 613912, 613955, 613965, 613984, 614140, 614159, 614453, 614602, 614929, 615087, 615234, 615400, 615423, 615559, 615568, 615583, 615716, 615731, 615799, 615889, 615920, 615975, 616016, 616154, 616447, 616506, 616545, 616869, 616889, 616954, 617342, 617460, 617616, 617653, 617692, 617716, 617740, 617924, 617936, 618601, 618669, 618784, 619244, 619424, 620739, 620806, 620993, 621076, 621264, 622190, 623118, 623357, 623428, 623850, 625235, 625264, 625279, 625294, 625367, 625423, 625434, 625506, 625579, 625766, 626052, 626433, 626449, 626537, 626559, 626759, 626792, 626810, 626930, 627083, 627152, 627166, 627183, 627298, 627354, 627396, 627431, 627966, 628418, 628513, 628573, 628636, 629040, 629569, 629629, 629642, 629951, 630036, 630331, 630402, 630479, 630509, 630517, 630837, 630851, 630929, 631240, 631294, 631368, 631404, 631467, 631578, 631594, 636027, 636384, 636579, 639987, 640029, 641321]
14,2,[17388, 148570]
15,1,[53742]
17,392,[172, 204, 238, 364, 404, 420, 29685, 29807, 30510, 30581, 30590, 30608, 37505, 37527, 37713, 37810, 37912, 37929, 37940, 37965, 37978, 37980, 37982, 37984, 38032, 38047, 38105, 38131, 38137, 38193, 38475, 38632, 38643, 39859, 41060, 42455, 42474, 42538, 42553, 42906, 43209, 43511, 43531, 43550, 43595, 43692, 43701, 43706, 43770, 43930, 44154, 44195, 44238, 44245, 44249, 44259, 44280, 44283, 44330, 44463, 44600, 44641, 44660, 44717, 45621, 46802, 46834, 47097, 47112, 47118, 47150, 50746, 50758, 50802, 50939, 50958, 50983, 51112, 51207, 51215, 51224, 51254, 51273, 51379, 51474, 51523, 52018, 52312, 52694, 54317, 54512, 54547, 54631, 54777, 57854, 58001, 58030, 58149, 58184, 58232, 58273, 58623, 58638, 58698, 60043, 60111, 60156, 60171, 60349, 60452, 61666, 61673, 67971, 68026, 68051, 68498, 68519, 68561, 68718, 68741, 69346, 69759, 69873, 76151, 76242, 81423, 84620, 84656, 85812, 86098, 86285, 86453, 87386, 90562, 92783, 92894, 96700, 96820, 97179, 97202, 97235, 101108, 104006, 104028, 104932, 104955, 108416, 108463, 110784, 110830, 110841, 111351, 112072, 112091, 112221, 112242, 112269, 112314, 112569, 112697, 112709, 113154, 113166, 113178, 114548, 114607, 114946, 114993, 115064, 115105, 115227, 117333, 117427, 117442, 117497, 118379, 118396, 119595, 120347, 121199, 121222, 121555, 121608, 121979, 122023, 122645, 122838, 123371, 123424, 123472, 123483, 123500, 123772, 127217, 128202, 128315, 129296, 129326, 129333, 129341, 129418, 129561, 129803, 130238, 130309, 132034, 149829, 149850, 149884, 152465, 152505, 152707, 154070, 154173, 155132, 158692, 162963, 164573, 164713, 165630, 166093, 166499, 168031, 168167, 168191, 168606, 171032, 171382, 171542, 171704, 172407, 172502, 173335, 173384, 173454, 173565, 175017, 175582, 175751, 175881, 175970, 176224, 176305, 176636, 184249, 185068, 187158, 187645, 187789, 189260, 189282, 189472, 189502, 189507, 189747, 189945, 189994, 190014, 190095, 190199, 190233, 190808, 190849, 190951, 191034, 191109, 191139, 191204, 191212, 191219, 191460, 191482, 191487, 191538, 191888, 193650, 193977, 194185, 194214, 194249, 194271, 195526, 195647, 195669, 196545, 196703, 196821, 196914, 198059, 198179, 198315, 198372, 198458, 198548, 198655, 198665, 198678, 198698, 198896, 198983, 198993, 199013, 199156, 199273, 199285, 199482, 199500, 199535, 200778, 201947, 202499, 202508, 202543, 202691, 202738, 209113, 209332, 209394, 209540, 210099, 210177, 210293, 213254, 213261, 213316, 213374, 213431, 213443, 213458, 213510, 213520, 213546, 213559, 213646, 213766, 213800, 213832, 213924, 214032, 214064, 214246, 214249, 214369, 214395, 214402, 214419, 214474, 214500, 214521, 214580, 214582, 214599, 214626, 214657, 214675, 214696, 214731, 214879, 214907, 214939, 215092, 215137, 215193, 215277, 215363, 215408, 215469, 215609, 215765, 215981, 216022, 216031, 216073, 216914, 217026, 217044, 217095, 217155, 217234, 217251, 217288, 217466, 217489, 217588, 217691, 217800, 217866, 217902, 217909, 217923, 217932, 217941]
19,1,[26527]
22,10,[14101, 158722, 159624, 159626, 159628, 159630, 159632, 160133, 160173, 161225]
23,5,[1526, 21355, 29346, 29385, 30475]
24,1,[6327]
25,3,[17141, 142482, 175714]
27,1,[78416]
30,571,[496007, 496213, 496243, 496251, 496496, 501800, 505888, 505984, 510153, 510328, 510355, 510983, 511249, 513644, 513727, 514144, 514230, 515369, 521107, 522057, 524579, 524855, 525161, 526491, 527188, 529350, 529636, 530370, 531664, 531680, 536065, 545277, 545496, 547086, 547180, 547736, 547790, 548523, 548844, 549175, 549222, 549300, 549568, 550681, 551223, 551292, 551495, 553713, 554127, 554135, 554198, 554381, 554386, 554396, 555894, 556589, 557214, 558370, 560944, 563665, 565319, 565329, 565424, 565463, 565726, 565971, 566001, 566314, 566648, 567737, 569276, 569407, 569872, 570325, 570383, 570598, 571480, 571986, 574638, 574941, 575550, 575788, 576015, 576034, 576779, 577237, 577323, 578471, 581503, 582582, 584292, 584304, 584325, 584376, 584396, 584402, 584535, 585141, 585656, 585687, 586226, 586288, 586322, 586369, 586466, 586516, 586590, 586624, 586640, 586701, 586711, 586752, 586969, 587056, 587384, 587410, 587428, 587563, 587567, 587594, 587692, 587993, 588018, 588090, 588097, 588123, 588164, 588709, 588757, 588769, 589782, 590257, 590432, 590469, 590555, 590586, 590703, 590750, 590768, 590773, 590783, 590932, 590958, 590973, 591007, 591016, 591178, 591187, 591289, 591329, 591353, 591364, 591371, 591457, 591490, 591548, 591596, 591613, 591656, 591666, 591685, 591699, 591720, 591734, 591749, 591764, 591781, 591793, 591805, 591863, 591864, 591910, 591925, 592017, 592038, 592142, 592192, 592462, 592478, 592639, 592811, 592813, 592820, 593005, 593010, 593088, 593095, 593130, 593255, 593268, 593316, 593701, 593707, 594187, 594647, 594752, 594767, 594792, 594976, 595091, 595163, 595332, 595399, 595510, 595520, 595790, 595816, 595827, 596496, 596730, 597705, 597831, 597854, 597858, 597883, 597899, 597902, 597919, 597927, 597935, 597964, 597975, 597982, 598118, 598518, 598856, 598866, 598873, 598881, 598916, 598925, 598958, 598964, 599222, 599262, 599480, 599497, 599531, 599547, 599595, 599627, 599653, 599831, 599960, 599974, 600009, 600347, 600426, 600476, 600489, 600513, 600524, 600548, 600556, 600760, 601319, 601585, 601841, 601884, 601968, 601990, 601998, 602001, 602142, 602235, 602256, 602376, 602426, 602549, 602674, 602726, 602878, 602891, 603056, 603176, 603229, 603345, 603370, 603405, 603447, 603465, 603523, 603548, 603688, 603779, 604028, 604033, 604039, 604058, 604065, 604095, 604101, 604134, 604153, 604330, 604360, 604406, 604418, 604524, 604555, 604576, 604585, 604588, 604608, 604611, 604720, 604811, 604883, 605077, 605096, 605113, 605140, 605396, 605452, 605597, 605631, 605642, 605688, 605698, 605710, 605725, 605734, 605744, 605770, 605840, 605881, 605954, 606012, 606164, 606178, 606195, 606222, 606263, 606285, 606297, 606405, 606443, 606478, 606513, 606553, 606579, 606605, 606641, 606668, 606699, 606733, 606821, 606896, 606920, 606961, 607051, 607224, 607237, 607300, 607409, 607485, 607511, 607526, 607540, 607649, 607739, 607747, 608031, 608041, 608052, 608056, 608080, 608127, 608165, 608198, 608208, 608237, 608268, 608281, 608309, 608334, 608352, 608361, 608388, 608426, 608438, 608488, 608512, 608574, 608662, 608740, 608815, 608947, 608997, 609061, 609075, 609094, 609112, 609167, 609205, 609272, 609303, 609435, 609553, 609642, 609659, 609684, 609694, 609707, 609724, 609734, 609743, 609805, 610096, 610154, 610176, 610237, 610279, 610283, 610327, 610368, 610468, 610520, 610577, 610585, 610608, 610611, 610725, 610758, 610793, 610916, 610971, 611110, 611239, 611253, 611281, 611518, 611666, 611776, 611808, 611968, 612011, 612293, 612462, 612573, 612623, 612659, 612682, 612696, 612808, 612882, 612897, 612907, 612930, 613151, 613172, 613281, 613291, 613401, 613481, 613491, 613500, 613520, 613678, 613721, 613731, 613750, 613906, 613925, 614219, 614368, 614695, 614853, 615000, 615166, 615189, 615320, 615329, 615344, 615477, 615492, 615560, 615650, 615681, 615736, 615777, 615915, 616208, 616267, 616306, 616630, 616646, 616711, 617099, 617217, 617369, 617406, 617445, 617469, 617493, 617677, 617689, 618349, 618417, 618532, 618992, 619172, 620487, 620554, 620741, 620824, 621012, 621938, 622866, 623105, 623174, 623596, 624978, 625007, 625022, 625037, 625110, 625166, 625177, 625249, 625322, 625509, 625795, 626176, 626192, 626280, 626302, 626502, 626535, 626553, 626673, 626826, 626895, 626906, 626923, 627038, 627094, 627136, 627171, 627706, 628158, 628250, 628310, 628373, 628777, 629306, 629366, 629379, 629688, 629773, 630068, 630136, 630213, 630243, 630251, 630566, 630580, 630658, 630969, 631023, 631093, 631129, 631192, 631303, 631319, 635752, 636109, 636304, 639712, 639754, 641046]
