9,5,[6, 566, 651, 1111, 2174]
10,1,[544104]
14,21,[6063, 6197, 71267, 80215, 80259, 80272, 87396, 87467, 93626, 98304, 103911, 109068, 109122, 131251, 143054, 144310, 148731, 171180, 178762, 186531, 186547]
18,171,[1703, 2283, 2680, 9727, 9823, 9835, 10008, 10039, 10086, 10338, 11423, 11537, 13845, 14009, 14030, 14545, 14840, 15005, 15188, 15196, 15228, 15432, 15571, 15686, 19542, 20077, 20757, 20795, 21547, 21711, 22044, 22406, 23001, 23406, 25286, 25528, 25935, 26055, 26546, 26579, 31572, 32754, 32879, 33137, 33734, 35028, 36570, 36731, 38488, 40709, 41628, 42733, 42833, 42985, 43467, 43543, 43984, 44099, 45005, 45275, 45519, 45540, 45666, 47576, 53259, 53568, 53692, 53909, 54075, 54457, 54536, 54710, 54808, 58728, 59340, 59392, 59467, 63064, 63190, 63506, 64594, 65191, 65411, 70327, 70365, 70379, 70406, 70418, 70484, 70613, 71188, 72424, 73921, 77337, 77503, 77901, 79080, 79298, 86173, 86214, 86300, 86421, 87218, 88998, 89301, 90033, 90713, 91466, 92259, 92666, 94230, 94418, 94530, 94562, 95248, 95296, 95354, 95392, 96196, 99060, 99175, 100130, 100549, 100913, 100931, 101942, 103366, 104243, 104306, 106129, 107119, 110018, 112197, 112393, 121514, 122790, 132161, 133963, 134054, 134215, 134220, 134441, 134451, 134486, 134502, 134508, 134541, 134679, 134690, 134847, 134851, 134855, 134869, 134874, 135290, 135294, 135315, 135347, 135357, 135362, 137241, 140582, 140981, 142701, 145290, 145404, 145585, 145803, 146021, 147449, 147460]
21,4,[5077, 5117, 23319, 26614]
25,20,[6375, 6506, 67962, 76578, 83692, 83762, 89654, 94195, 99787, 104534, 104582, 125592, 137114, 138324, 142630, 154304, 164326, 171411, 178881, 178896]
30,1,[543929]
9,5,[6, 566, 651, 1111, 2174]
10,1,[544104]
14,21,[6063, 6197, 71267, 80215, 80259, 80272, 87396, 87467, 93626, 98304, 103911, 109068, 109122, 131251, 143054, 144310, 148731, 171180, 178762, 186531, 186547]
18,171,[1703, 2283, 2680, 9727, 9823, 9835, 10008, 10039, 10086, 10338, 11423, 11537, 13845, 14009, 14030, 14545, 14840, 15005, 15188, 15196, 15228, 15432, 15571, 15686, 19542, 20077, 20757, 20795, 21547, 21711, 22044, 22406, 23001, 23406, 25286, 25528, 25935, 26055, 26546, 26579, 31572, 32754, 32879, 33137, 33734, 35028, 36570, 36731, 38488, 40709, 41628, 42733, 42833, 42985, 43467, 43543, 43984, 44099, 45005, 45275, 45519, 45540, 45666, 47576, 53259, 53568, 53692, 53909, 54075, 54457, 54536, 54710, 54808, 58728, 59340, 59392, 59467, 63064, 63190, 63506, 64594, 65191, 65411, 70327, 70365, 70379, 70406, 70418, 70484, 70613, 71188, 72424, 73921, 77337, 77503, 77901, 79080, 79298, 86173, 86214, 86300, 86421, 87218, 88998, 89301, 90033, 90713, 91466, 92259, 92666, 94230, 94418, 94530, 94562, 95248, 95296, 95354, 95392, 96196, 99060, 99175, 100130, 100549, 100913, 100931, 101942, 103366, 104243, 104306, 106129, 107119, 110018, 112197, 112393, 121514, 122790, 132161, 133963, 134054, 134215, 134220, 134441, 134451, 134486, 134502, 134508, 134541, 134679, 134690, 134847, 134851, 134855, 134869, 134874, 135290, 135294, 135315, 135347, 135357, 135362, 137241, 140582, 140981, 142701, 145290, 145404, 145585, 145803, 146021, 147449, 147460]
21,4,[5077, 5117, 23319, 26614]
25,20,[6375, 6506, 67962, 76578, 83692, 83762, 89654, 94195, 99787, 104534, 104582, 125592, 137114, 138324, 142630, 154304, 164326, 171411, 178881, 178896]
30,1,[543929]
