10,6,[305515, 321206, 333562, 387953, 428422, 486135]
12,1,[1058]
15,4,[24387, 92179, 142506, 158917]
16,1,[28011]
22,15,[5891, 6560, 37336, 52688, 71063, 88593, 88596, 117833, 117862, 122486, 132468, 140311, 151518, 151578, 151605]
24,1,[31417]
30,6,[305357, 321047, 333403, 387790, 428255, 485971]
10,6,[305515, 321206, 333562, 387953, 428422, 486135]
12,1,[1058]
15,4,[24387, 92179, 142506, 158917]
16,1,[28011]
22,15,[5891, 6560, 37336, 52688, 71063, 88593, 88596, 117833, 117862, 122486, 132468, 140311, 151518, 151578, 151605]
24,1,[31417]
30,6,[305357, 321047, 333403, 387790, 428255, 485971]
