10,33,[50739, 68425, 68485, 69849, 70158, 85083, 85091, 85291, 85466, 271461, 271478, 291953, 314702, 322112, 338883, 394913, 413394, 452872, 453743, 454837, 454886, 454931, 458313, 458354, 458359, 459830, 477519, 501356, 510796, 601042, 607760, 624676, 628600]
15,1,[131214]
17,1,[88023]
19,1,[5543]
22,1,[95132]
30,33,[50641, 68322, 68382, 69746, 70055, 84976, 84984, 85184, 85359, 271305, 271322, 291797, 314543, 321953, 338724, 394747, 413228, 452702, 453573, 454667, 454716, 454761, 458143, 458184, 458189, 459660, 477350, 501187, 510627, 600845, 607553, 624422, 628337]
10,33,[50739, 68425, 68485, 69849, 70158, 85083, 85091, 85291, 85466, 271461, 271478, 291953, 314702, 322112, 338883, 394913, 413394, 452872, 453743, 454837, 454886, 454931, 458313, 458354, 458359, 459830, 477519, 501356, 510796, 601042, 607760, 624676, 628600]
15,1,[131214]
17,1,[88023]
19,1,[5543]
22,1,[95132]
30,33,[50641, 68322, 68382, 69746, 70055, 84976, 84984, 85184, 85359, 271305, 271322, 291797, 314543, 321953, 338724, 394747, 413228, 452702, 453573, 454667, 454716, 454761, 458143, 458184, 458189, 459660, 477350, 501187, 510627, 600845, 607553, 624422, 628337]
