11,5,[11010, 11230, 11236, 11253, 11443]
12,4,[1723, 7586, 10628, 13585]
13,1,[1609]
15,16,[7634, 8239, 8827, 10857, 19226, 28480, 28981, 32010, 52884, 64556, 66618, 79859, 109572, 113447, 129149, 134615]
16,8,[3115, 6499, 12616, 12640, 21691, 27482, 30290, 32517]
22,16,[14138, 15128, 15130, 15132, 15134, 15136, 15138, 15139, 15149, 15151, 15153, 15157, 15222, 18147, 62173, 104659]
23,2,[17891, 18640]
24,24,[313, 2075, 6425, 10315, 21288, 21693, 25671, 26380, 27656, 30634, 31678, 32319, 35588, 35616, 35713, 36434, 36584, 37415, 38737, 39192, 39753, 39903, 42147, 42396]
27,52,[787, 797, 3623, 5330, 9829, 10565, 11850, 17547, 17559, 23294, 27990, 30728, 30917, 47457, 49015, 51757, 56238, 56251, 58032, 60010, 61085, 61355, 63320, 68573, 68801, 69791, 70787, 70804, 72454, 74505, 74507, 75546, 78702, 79715, 82539, 83283, 83703, 83761, 83801, 84343, 86245, 86455, 86767, 91438, 100219, 103279, 105276, 105592, 108227, 108620, 108786, 109004]
11,5,[11010, 11230, 11236, 11253, 11443]
12,4,[1723, 7586, 10628, 13585]
13,1,[1609]
15,16,[7634, 8239, 8827, 10857, 19226, 28480, 28981, 32010, 52884, 64556, 66618, 79859, 109572, 113447, 129149, 134615]
16,8,[3115, 6499, 12616, 12640, 21691, 27482, 30290, 32517]
22,16,[14138, 15128, 15130, 15132, 15134, 15136, 15138, 15139, 15149, 15151, 15153, 15157, 15222, 18147, 62173, 104659]
23,2,[17891, 18640]
24,24,[313, 2075, 6425, 10315, 21288, 21693, 25671, 26380, 27656, 30634, 31678, 32319, 35588, 35616, 35713, 36434, 36584, 37415, 38737, 39192, 39753, 39903, 42147, 42396]
27,52,[787, 797, 3623, 5330, 9829, 10565, 11850, 17547, 17559, 23294, 27990, 30728, 30917, 47457, 49015, 51757, 56238, 56251, 58032, 60010, 61085, 61355, 63320, 68573, 68801, 69791, 70787, 70804, 72454, 74505, 74507, 75546, 78702, 79715, 82539, 83283, 83703, 83761, 83801, 84343, 86245, 86455, 86767, 91438, 100219, 103279, 105276, 105592, 108227, 108620, 108786, 109004]
