10,19,[304065, 304704, 304743, 306778, 318155, 320981, 355091, 356659, 356692, 364262, 364286, 372734, 389529, 398883, 499639, 502075, 524806, 571552, 623885]
14,73,[4559, 7617, 9809, 14329, 17785, 19680, 19729, 22845, 33778, 40322, 42653, 42663, 42743, 43719, 45788, 45842, 47852, 53778, 54548, 56363, 57793, 58721, 58783, 60015, 63252, 70795, 71418, 72412, 77468, 78272, 78320, 81629, 86490, 86515, 87837, 87902, 97697, 97746, 98555, 101541, 101629, 105484, 105546, 105581, 109338, 110800, 110846, 110889, 110895, 112953, 115180, 116225, 120715, 123149, 124076, 127752, 127783, 132254, 135330, 135373, 139678, 144560, 148915, 149508, 149555, 150175, 163465, 167368, 168380, 177091, 180558, 195185, 196140]
15,3,[25908, 38866, 64272]
17,9,[9268, 9299, 31309, 31336, 41015, 59653, 125844, 153225, 179049]
21,4,[229, 1761, 8714, 35996]
22,9,[24688, 30490, 30679, 30680, 50321, 73915, 78313, 78964, 153924]
23,7,[1932, 5412, 5436, 5510, 26256, 26271, 26612]
24,2,[1014, 1493]
25,75,[4977, 7898, 10037, 14339, 17496, 19227, 22354, 32585, 38794, 40972, 40982, 41057, 41948, 43950, 46009, 51640, 52382, 54001, 55404, 55451, 56405, 56467, 57650, 60782, 67525, 68110, 69003, 73871, 74733, 74777, 77939, 82833, 82856, 84166, 84234, 85349, 93604, 93652, 94467, 97403, 97478, 101204, 101261, 101291, 104781, 106365, 106413, 108264, 110299, 111300, 115658, 118039, 118891, 122378, 122411, 126557, 129626, 129670, 130747, 133870, 138604, 142767, 142812, 143366, 143410, 143983, 144528, 156673, 160486, 161473, 169917, 173173, 179785, 186989, 187972]
27,2,[23134, 87819]
28,3,[217, 6813, 6872]
30,19,[303907, 304546, 304585, 306620, 317996, 320822, 354932, 356500, 356533, 364099, 364123, 372571, 389366, 398717, 499470, 501906, 524634, 571372, 623631]
10,19,[304065, 304704, 304743, 306778, 318155, 320981, 355091, 356659, 356692, 364262, 364286, 372734, 389529, 398883, 499639, 502075, 524806, 571552, 623885]
14,73,[4559, 7617, 9809, 14329, 17785, 19680, 19729, 22845, 33778, 40322, 42653, 42663, 42743, 43719, 45788, 45842, 47852, 53778, 54548, 56363, 57793, 58721, 58783, 60015, 63252, 70795, 71418, 72412, 77468, 78272, 78320, 81629, 86490, 86515, 87837, 87902, 97697, 97746, 98555, 101541, 101629, 105484, 105546, 105581, 109338, 110800, 110846, 110889, 110895, 112953, 115180, 116225, 120715, 123149, 124076, 127752, 127783, 132254, 135330, 135373, 139678, 144560, 148915, 149508, 149555, 150175, 163465, 167368, 168380, 177091, 180558, 195185, 196140]
15,3,[25908, 38866, 64272]
17,9,[9268, 9299, 31309, 31336, 41015, 59653, 125844, 153225, 179049]
21,4,[229, 1761, 8714, 35996]
22,9,[24688, 30490, 30679, 30680, 50321, 73915, 78313, 78964, 153924]
23,7,[1932, 5412, 5436, 5510, 26256, 26271, 26612]
24,2,[1014, 1493]
25,75,[4977, 7898, 10037, 14339, 17496, 19227, 22354, 32585, 38794, 40972, 40982, 41057, 41948, 43950, 46009, 51640, 52382, 54001, 55404, 55451, 56405, 56467, 57650, 60782, 67525, 68110, 69003, 73871, 74733, 74777, 77939, 82833, 82856, 84166, 84234, 85349, 93604, 93652, 94467, 97403, 97478, 101204, 101261, 101291, 104781, 106365, 106413, 108264, 110299, 111300, 115658, 118039, 118891, 122378, 122411, 126557, 129626, 129670, 130747, 133870, 138604, 142767, 142812, 143366, 143410, 143983, 144528, 156673, 160486, 161473, 169917, 173173, 179785, 186989, 187972]
27,2,[23134, 87819]
28,3,[217, 6813, 6872]
30,19,[303907, 304546, 304585, 306620, 317996, 320822, 354932, 356500, 356533, 364099, 364123, 372571, 389366, 398717, 499470, 501906, 524634, 571372, 623631]
