10,107,[4846, 4862, 4872, 4902, 40147, 40168, 40626, 40649, 40771, 41855, 43616, 43791, 46737, 46752, 46767, 46795, 53672, 58543, 58570, 58584, 58601, 58617, 69381, 69646, 85909, 85935, 85946, 85964, 85990, 86002, 86026, 86054, 86064, 86078, 86091, 86377, 86399, 86799, 87443, 87828, 87918, 88943, 88956, 91390, 105691, 109136, 126067, 126072, 205975, 205990, 215655, 258008, 258023, 288779, 297874, 299261, 304158, 305159, 305173, 306369, 308810, 308956, 308960, 309014, 309236, 328391, 335492, 350706, 364762, 370681, 370803, 373314, 383132, 383136, 389829, 427976, 429112, 430145, 430741, 433864, 434493, 434521, 448582, 449530, 454073, 454278, 473451, 475393, 506421, 506429, 521586, 521595, 536502, 536513, 536520, 539890, 546007, 564624, 595476, 595490, 622454, 635380, 635952, 637382, 637386, 637419, 637442]
12,4,[8140, 8142, 9639, 15399]
15,7,[25968, 69502, 83885, 123441, 152926, 154097, 164896]
16,2,[8818, 35286]
17,16,[31805, 77526, 101442, 154739, 154758, 154840, 154925, 154979, 155108, 155148, 155180, 155198, 182308, 200446, 200494, 200865]
18,2,[51053, 52215]
19,5,[1106, 1741, 15164, 25991, 26017]
20,30,[2129, 10782, 11771, 13174, 13923, 13969, 17145, 23456, 24346, 27008, 28555, 31730, 35601, 36792, 44847, 49801, 52390, 56746, 57744, 57883, 60628, 60862, 61901, 61904, 62018, 62112, 63267, 63382, 63418, 63706]
22,39,[1232, 1234, 4422, 10294, 13361, 14642, 14647, 44263, 44265, 44267, 44545, 44792, 46201, 46214, 46239, 55113, 55474, 55555, 55576, 55612, 55632, 63813, 70018, 72327, 74828, 75416, 81791, 111703, 114236, 114238, 114362, 129375, 136758, 137052, 141235, 145049, 152342, 153236, 159104]
23,1,[2358]
26,31,[2517, 11344, 12358, 13758, 14510, 14555, 17798, 24226, 25115, 27832, 29385, 32602, 36500, 37704, 45832, 50847, 53487, 57894, 58918, 59063, 61925, 62159, 63204, 63207, 63319, 63415, 64631, 64748, 64753, 64790, 65084]
27,12,[23144, 39672, 48670, 56159, 63268, 64330, 66303, 66337, 70721, 83241, 84670, 86408]
28,1,[9074]
30,107,[4752, 4768, 4778, 4808, 40049, 40070, 40528, 40551, 40673, 41757, 43518, 43693, 46639, 46654, 46669, 46697, 53573, 58444, 58471, 58485, 58502, 58518, 69278, 69543, 85802, 85828, 85839, 85857, 85883, 85895, 85919, 85947, 85957, 85971, 85984, 86270, 86292, 86692, 87336, 87721, 87811, 88836, 88849, 91283, 105580, 109025, 125956, 125961, 205833, 205848, 215513, 257852, 257867, 288623, 297716, 299103, 304000, 305001, 305015, 306211, 308652, 308798, 308802, 308856, 309078, 328232, 335333, 350547, 364599, 370518, 370640, 373151, 382969, 382973, 389666, 427809, 428945, 429975, 430571, 433694, 434323, 434351, 448412, 449360, 453903, 454108, 473281, 475223, 506252, 506260, 521414, 521423, 536327, 536338, 536345, 539715, 545832, 564444, 595285, 595299, 622202, 635105, 635677, 637107, 637111, 637144, 637167]
10,107,[4846, 4862, 4872, 4902, 40147, 40168, 40626, 40649, 40771, 41855, 43616, 43791, 46737, 46752, 46767, 46795, 53672, 58543, 58570, 58584, 58601, 58617, 69381, 69646, 85909, 85935, 85946, 85964, 85990, 86002, 86026, 86054, 86064, 86078, 86091, 86377, 86399, 86799, 87443, 87828, 87918, 88943, 88956, 91390, 105691, 109136, 126067, 126072, 205975, 205990, 215655, 258008, 258023, 288779, 297874, 299261, 304158, 305159, 305173, 306369, 308810, 308956, 308960, 309014, 309236, 328391, 335492, 350706, 364762, 370681, 370803, 373314, 383132, 383136, 389829, 427976, 429112, 430145, 430741, 433864, 434493, 434521, 448582, 449530, 454073, 454278, 473451, 475393, 506421, 506429, 521586, 521595, 536502, 536513, 536520, 539890, 546007, 564624, 595476, 595490, 622454, 635380, 635952, 637382, 637386, 637419, 637442]
12,4,[8140, 8142, 9639, 15399]
15,7,[25968, 69502, 83885, 123441, 152926, 154097, 164896]
16,2,[8818, 35286]
17,16,[31805, 77526, 101442, 154739, 154758, 154840, 154925, 154979, 155108, 155148, 155180, 155198, 182308, 200446, 200494, 200865]
18,2,[51053, 52215]
19,5,[1106, 1741, 15164, 25991, 26017]
20,30,[2129, 10782, 11771, 13174, 13923, 13969, 17145, 23456, 24346, 27008, 28555, 31730, 35601, 36792, 44847, 49801, 52390, 56746, 57744, 57883, 60628, 60862, 61901, 61904, 62018, 62112, 63267, 63382, 63418, 63706]
22,39,[1232, 1234, 4422, 10294, 13361, 14642, 14647, 44263, 44265, 44267, 44545, 44792, 46201, 46214, 46239, 55113, 55474, 55555, 55576, 55612, 55632, 63813, 70018, 72327, 74828, 75416, 81791, 111703, 114236, 114238, 114362, 129375, 136758, 137052, 141235, 145049, 152342, 153236, 159104]
23,1,[2358]
26,31,[2517, 11344, 12358, 13758, 14510, 14555, 17798, 24226, 25115, 27832, 29385, 32602, 36500, 37704, 45832, 50847, 53487, 57894, 58918, 59063, 61925, 62159, 63204, 63207, 63319, 63415, 64631, 64748, 64753, 64790, 65084]
27,12,[23144, 39672, 48670, 56159, 63268, 64330, 66303, 66337, 70721, 83241, 84670, 86408]
28,1,[9074]
30,107,[4752, 4768, 4778, 4808, 40049, 40070, 40528, 40551, 40673, 41757, 43518, 43693, 46639, 46654, 46669, 46697, 53573, 58444, 58471, 58485, 58502, 58518, 69278, 69543, 85802, 85828, 85839, 85857, 85883, 85895, 85919, 85947, 85957, 85971, 85984, 86270, 86292, 86692, 87336, 87721, 87811, 88836, 88849, 91283, 105580, 109025, 125956, 125961, 205833, 205848, 215513, 257852, 257867, 288623, 297716, 299103, 304000, 305001, 305015, 306211, 308652, 308798, 308802, 308856, 309078, 328232, 335333, 350547, 364599, 370518, 370640, 373151, 382969, 382973, 389666, 427809, 428945, 429975, 430571, 433694, 434323, 434351, 448412, 449360, 453903, 454108, 473281, 475223, 506252, 506260, 521414, 521423, 536327, 536338, 536345, 539715, 545832, 564444, 595285, 595299, 622202, 635105, 635677, 637107, 637111, 637144, 637167]
