10,14,[2038, 49724, 50001, 57626, 58201, 63043, 64315, 464475, 464670, 501386, 519193, 530467, 535894, 570903]
12,1,[8272]
13,2,[794, 2319]
15,3,[7302, 49195, 160881]
16,1,[2818]
20,1,[36684]
22,1,[28406]
23,1,[30432]
24,3,[4755, 8513, 34528]
26,1,[37595]
27,1,[91473]
30,14,[1945, 49626, 49903, 57527, 58102, 62940, 64212, 464304, 464499, 501217, 519021, 530292, 535719, 570723]
10,14,[2038, 49724, 50001, 57626, 58201, 63043, 64315, 464475, 464670, 501386, 519193, 530467, 535894, 570903]
12,1,[8272]
13,2,[794, 2319]
15,3,[7302, 49195, 160881]
16,1,[2818]
20,1,[36684]
22,1,[28406]
23,1,[30432]
24,3,[4755, 8513, 34528]
26,1,[37595]
27,1,[91473]
30,14,[1945, 49626, 49903, 57527, 58102, 62940, 64212, 464304, 464499, 501217, 519021, 530292, 535719, 570723]
