9,1,[1073]
14,3,[67072, 100559, 154320]
15,1,[169398]
18,8,[5232, 49420, 50511, 50550, 68224, 69856, 79247, 82356]
22,13,[10378, 10428, 10456, 10465, 58818, 62496, 64827, 72845, 77067, 84531, 91879, 120607, 160526]
25,3,[63993, 96498, 147783]
27,1,[82175]
9,1,[1073]
14,3,[67072, 100559, 154320]
15,1,[169398]
18,8,[5232, 49420, 50511, 50550, 68224, 69856, 79247, 82356]
22,13,[10378, 10428, 10456, 10465, 58818, 62496, 64827, 72845, 77067, 84531, 91879, 120607, 160526]
25,3,[63993, 96498, 147783]
27,1,[82175]
