10,14,[67087, 86986, 86989, 353529, 430160, 430222, 430418, 430573, 430702, 433633, 434656, 469785, 583508, 638351]
12,2,[3302, 3312]
16,8,[1444, 4255, 11490, 15645, 16429, 16594, 29282, 32161]
20,6,[15341, 20661, 30603, 36952, 55000, 62118]
26,3,[15979, 31456, 56161]
27,29,[660, 2500, 3350, 4105, 4259, 5393, 5536, 7293, 7858, 9402, 9443, 25058, 27233, 33695, 38397, 48340, 59913, 63281, 64132, 66748, 73288, 74809, 75256, 76511, 82657, 85491, 87369, 92652, 105859]
30,14,[66984, 86879, 86882, 353370, 429990, 430052, 430248, 430403, 430532, 433463, 434486, 469614, 583328, 638076]
10,14,[67087, 86986, 86989, 353529, 430160, 430222, 430418, 430573, 430702, 433633, 434656, 469785, 583508, 638351]
12,2,[3302, 3312]
16,8,[1444, 4255, 11490, 15645, 16429, 16594, 29282, 32161]
20,6,[15341, 20661, 30603, 36952, 55000, 62118]
26,3,[15979, 31456, 56161]
27,29,[660, 2500, 3350, 4105, 4259, 5393, 5536, 7293, 7858, 9402, 9443, 25058, 27233, 33695, 38397, 48340, 59913, 63281, 64132, 66748, 73288, 74809, 75256, 76511, 82657, 85491, 87369, 92652, 105859]
30,14,[66984, 86879, 86882, 353370, 429990, 430052, 430248, 430403, 430532, 433463, 434486, 469614, 583328, 638076]
