6,2,[818, 822]
8,2,[396, 419]
9,1,[424]
10,1971,[2391, 3342, 3472, 3535, 3580, 4858, 6344, 6367, 6418, 7509, 7701, 7724, 8249, 8799, 9126, 9975, 10157, 10165, 10394, 10628, 11504, 12597, 12603, 12996, 13237, 14957, 15502, 15599, 15953, 16573, 17572, 17895, 17898, 19102, 19461, 19549, 20274, 20476, 21281, 21362, 22555, 22594, 22718, 22802, 22885, 23388, 23410, 25290, 25413, 25793, 26028, 26068, 26082, 26107, 26162, 26278, 27892, 27995, 28013, 28102, 28178, 28298, 28356, 28438, 28474, 28517, 29289, 29319, 29389, 29447, 29486, 29971, 30331, 30779, 30885, 31412, 31977, 31987, 32207, 32663, 32969, 33024, 33037, 33115, 33289, 33377, 33589, 33614, 35515, 35859, 35893, 35934, 37039, 37765, 38135, 38375, 39040, 39061, 39064, 39083, 39572, 39944, 40825, 41693, 41819, 42559, 42898, 42963, 43140, 43149, 43455, 43612, 43675, 43739, 43771, 43929, 43951, 43978, 43994, 44351, 44446, 44718, 45340, 45632, 46263, 46411, 46434, 46442, 46661, 46708, 46727, 47405, 47455, 49807, 49815, 51412, 52116, 52770, 53115, 53522, 53595, 53612, 54283, 54559, 55154, 60397, 60530, 64266, 64296, 64348, 65705, 66226, 67371, 68072, 68098, 68189, 68283, 68310, 68392, 68867, 69355, 69389, 69784, 69953, 69994, 70046, 70110, 71614, 71704, 73003, 73016, 73043, 73876, 75131, 75579, 75629, 78044, 80922, 81199, 82282, 82295, 82656, 82860, 82897, 85406, 85590, 86700, 87210, 87310, 87405, 87807, 88331, 88619, 89264, 89610, 89908, 90548, 90559, 90704, 90757, 91324, 91632, 91920, 91959, 92464, 92867, 93055, 93362, 93696, 94131, 94504, 94793, 94809, 94934, 94943, 95014, 95064, 95129, 95547, 95592, 95712, 95796, 95800, 95914, 96192, 96552, 96630, 96670, 96755, 97649, 98773, 101187, 103052, 103323, 103349, 103374, 104110, 104426, 104559, 105402, 105474, 106262, 108228, 108652, 109879, 110318, 112024, 112804, 113188, 113408, 113492, 114198, 115295, 115801, 116749, 116893, 117228, 117239, 117291, 117500, 117571, 118145, 118678, 118761, 120198, 120218, 120567, 120793, 121108, 121313, 121488, 121568, 121653, 122392, 122645, 122687, 122775, 123001, 123031, 123211, 123664, 123690, 123882, 124210, 124808, 124907, 124920, 125124, 125131, 125712, 125933, 126161, 126264, 127201, 127916, 129026, 129036, 129409, 129687, 129793, 129810, 129894, 129930, 129971, 130220, 130482, 130491, 130509, 130590, 131079, 131214, 131648, 132319, 132333, 132344, 132821, 132825, 132838, 133807, 133852, 133865, 134419, 134495, 134952, 135985, 137478, 139301, 139416, 140794, 142445, 142546, 142562, 142965, 143179, 143192, 143199, 144189, 144660, 144924, 146144, 146764, 146829, 147587, 147921, 147938, 148962, 149100, 149295, 149572, 150433, 150463, 150495, 150513, 150523, 150643, 150659, 150728, 150887, 150922, 150973, 151043, 151073, 151083, 151210, 152080, 152109, 152229, 152745, 153056, 153395, 153503, 153604, 153735, 154700, 154708, 154759, 155017, 155449, 155498, 156481, 157401, 157443, 157736, 157903, 158187, 158969, 159199, 159601, 159606, 159631, 160187, 160569, 160596, 160635, 161396, 161638, 162113, 162290, 162538, 163214, 163299, 163344, 163354, 163885, 164016, 164029, 164559, 164991, 165411, 166429, 166441, 166549, 166570, 166631, 166651, 166684, 166749, 166979, 167151, 167201, 167212, 167217, 167253, 167274, 167295, 167313, 167392, 167587, 167600, 167634, 167849, 168032, 168137, 168361, 169122, 169438, 169571, 169635, 169652, 169687, 169709, 169721, 170075, 171656, 171709, 171717, 171738, 171875, 171981, 172315, 172334, 172679, 172683, 172814, 173175, 173207, 173437, 174636, 175075, 175101, 175292, 175347, 175408, 175717, 176261, 176342, 176943, 177027, 177097, 177114, 177133, 177223, 177328, 177336, 177395, 177406, 177524, 177917, 178303, 178579, 178884, 179006, 179189, 179362, 179537, 179835, 179891, 181272, 181313, 182178, 182617, 183568, 184292, 184366, 185204, 185209, 185261, 185351, 185534, 185590, 185795, 186581, 187357, 187865, 188236, 188874, 188890, 189737, 189765, 189778, 189909, 190491, 190625, 190948, 191342, 191353, 191407, 191417, 191573, 192167, 192253, 192589, 192591, 192824, 193017, 193097, 193179, 193257, 193424, 193696, 195032, 195200, 195249, 195373, 195507, 195563, 195731, 196336, 196347, 198966, 199199, 199620, 199688, 199838, 199882, 200165, 200170, 200364, 200440, 201404, 201737, 202058, 203613, 205968, 206146, 206488, 206788, 208230, 208917, 209910, 209996, 210205, 210395, 210430, 210976, 211157, 211339, 211618, 211818, 212027, 212812, 212886, 214452, 214533, 214832, 214851, 215298, 216173, 216784, 216791, 216800, 216897, 217232, 217257, 218905, 219581, 219659, 219740, 219755, 219802, 219816, 219966, 221186, 221425, 221480, 221897, 222144, 222252, 222630, 222719, 222760, 222780, 223098, 223421, 223683, 224188, 224222, 224274, 224374, 224378, 224474, 224766, 224959, 225900, 226278, 226356, 226607, 226890, 227156, 227666, 229438, 230979, 231114, 232710, 232836, 233041, 233213, 233238, 233466, 233609, 233950, 234087, 234198, 234207, 234226, 234711, 234761, 244369, 244777, 245129, 246077, 246088, 246401, 247157, 248242, 248767, 248901, 249570, 249741, 252324, 255296, 255346, 255984, 257892, 258196, 258578, 258867, 258886, 260058, 260291, 260999, 261074, 261275, 261461, 262618, 263660, 264732, 265450, 265482, 265785, 265904, 266096, 267151, 267481, 267571, 267806, 269031, 269150, 269281, 270844, 271944, 272127, 272209, 272365, 273523, 273582, 274050, 276610, 278533, 278777, 279287, 280658, 282124, 282583, 282877, 283057, 283959, 284051, 284225, 285286, 285341, 286246, 286272, 286282, 286371, 286456, 286464, 288186, 289231, 291414, 291959, 292465, 292599, 292685, 293114, 293243, 294201, 294238, 294306, 294492, 294583, 294692, 294862, 294901, 295622, 296670, 297722, 297750, 297900, 297913, 298146, 298153, 298217, 298782, 299272, 299722, 300084, 301147, 301180, 301529, 301619, 301902, 302358, 302486, 302807, 302954, 303460, 304257, 304417, 304508, 305186, 308086, 308981, 309260, 310523, 310558, 311715, 312072, 312169, 312414, 313337, 313604, 315513, 315710, 315738, 317315, 317371, 317805, 318069, 318561, 319737, 319989, 320113, 320644, 321149, 321798, 322585, 322740, 324548, 324808, 324957, 325599, 325682, 325691, 326066, 326525, 326697, 328226, 328264, 329211, 329391, 329470, 330076, 330714, 330955, 331049, 332235, 332274, 332933, 332948, 332999, 333185, 333737, 333813, 333929, 334074, 334130, 337174, 337193, 339214, 339607, 340597, 340609, 341269, 341697, 343828, 345152, 346068, 346583, 346822, 346910, 346951, 347403, 347433, 348011, 348462, 348924, 349153, 352142, 352961, 353389, 353925, 354037, 354095, 354136, 354445, 355450, 356698, 356880, 356957, 356962, 357034, 357398, 358303, 359256, 359615, 359870, 360825, 361489, 361510, 361542, 361960, 362100, 362115, 362124, 362782, 363342, 363448, 363547, 363700, 363735, 363811, 364583, 364695, 364929, 365216, 365401, 365966, 366136, 366151, 366181, 366237, 366252, 366279, 366307, 366330, 366471, 366538, 366750, 367339, 367491, 367710, 367870, 367899, 368007, 368249, 368618, 368646, 369000, 369084, 369191, 369530, 369634, 369682, 370094, 370194, 370206, 370323, 370806, 371333, 371741, 371952, 372226, 372622, 372669, 372926, 373060, 373142, 373892, 374035, 374162, 374189, 374217, 374230, 374581, 375478, 375591, 375656, 376189, 376452, 376751, 376791, 377393, 377414, 377450, 377504, 377554, 377689, 377896, 377904, 378029, 378274, 378438, 378462, 378670, 378809, 379147, 379281, 379390, 379399, 379418, 380066, 380114, 380373, 380841, 380848, 381346, 381352, 381388, 381400, 381665, 381971, 382750, 383544, 383616, 383626, 383632, 383759, 383877, 384165, 384345, 384357, 384406, 384431, 384490, 384560, 384888, 385337, 385458, 385915, 386278, 386492, 386639, 387582, 387665, 387672, 387677, 387722, 387960, 387969, 387998, 388198, 388257, 388302, 389575, 389591, 389655, 389695, 389717, 389722, 389760, 389779, 389813, 389950, 389982, 390891, 391240, 391568, 391883, 392031, 392452, 392528, 392539, 392676, 392692, 393015, 393209, 393852, 394369, 394394, 394458, 394558, 394729, 394789, 394838, 394921, 394932, 394990, 395623, 395770, 396094, 396655, 396885, 397408, 397947, 398458, 398467, 398544, 398653, 399151, 400049, 400056, 400097, 400194, 400224, 400671, 400707, 400752, 401459, 402220, 402356, 402512, 402889, 402971, 403067, 403134, 403468, 403542, 403569, 403868, 404352, 405008, 405576, 405842, 405892, 406198, 407068, 407300, 407746, 407961, 408641, 408740, 408754, 409435, 410497, 410603, 411239, 411315, 411460, 411479, 411695, 411720, 411792, 412018, 412250, 412674, 412682, 412713, 412800, 413324, 413633, 414838, 415288, 415538, 415911, 416132, 416183, 416198, 416472, 417262, 417903, 417925, 417929, 417941, 418166, 418551, 419033, 419310, 421152, 421162, 421287, 421393, 421454, 421475, 421787, 421875, 421971, 422069, 422145, 422180, 422193, 422236, 422740, 422829, 422914, 423001, 423132, 423233, 423337, 423674, 423733, 423837, 423866, 423961, 424374, 424410, 424518, 424753, 424834, 425158, 425243, 425593, 425739, 425892, 425990, 425999, 426012, 426054, 426095, 426113, 426124, 426162, 426208, 426346, 427443, 427735, 427947, 429142, 429730, 429825, 432164, 432974, 432984, 433049, 433051, 433054, 433059, 433062, 433072, 433149, 433184, 433508, 434257, 435068, 435330, 435365, 435909, 436095, 436138, 436607, 437294, 437655, 437899, 438278, 439329, 439790, 440784, 442370, 442374, 442396, 442513, 442528, 442569, 442636, 442757, 442795, 443918, 444338, 444728, 444856, 445138, 445668, 445676, 445997, 446784, 448234, 448303, 448375, 449631, 450300, 450324, 450364, 450377, 451013, 451029, 451099, 451748, 452461, 453359, 453442, 454026, 454067, 454094, 454102, 454197, 454247, 454274, 454335, 454343, 454355, 454550, 454681, 454780, 454956, 456454, 458827, 458835, 458900, 458928, 458940, 458960, 459157, 459415, 460232, 460912, 460925, 460939, 460956, 461240, 461260, 461307, 463379, 463391, 463826, 463994, 464622, 464625, 465421, 468366, 468756, 469192, 469461, 469477, 469592, 469942, 469973, 470109, 470129, 470293, 470346, 470402, 470428, 470453, 470520, 470563, 470749, 470788, 470962, 470978, 471257, 471394, 471839, 471957, 472000, 472496, 473029, 473377, 473425, 473896, 474243, 474293, 474298, 474683, 474785, 475555, 475606, 475612, 475949, 476099, 476162, 476776, 476782, 476847, 476951, 477031, 477034, 477273, 477292, 477306, 477314, 477335, 477439, 477470, 478635, 478671, 478865, 479043, 479131, 479537, 479648, 480193, 480340, 480404, 480843, 481473, 481510, 481646, 482405, 482609, 482764, 482767, 482876, 483179, 483478, 483508, 483538, 483541, 483734, 483742, 483929, 484009, 484145, 484354, 484366, 484860, 485264, 485390, 485831, 486308, 486321, 486583, 487556, 487603, 487652, 487867, 487876, 488747, 489210, 489558, 490064, 490086, 490195, 490284, 491343, 491347, 491473, 491494, 491769, 492110, 492274, 492279, 492314, 492333, 493159, 493758, 493770, 493913, 493953, 494003, 494094, 494313, 494322, 494349, 494505, 494588, 494624, 494649, 494666, 494683, 494733, 495578, 495590, 495664, 496152, 496631, 496698, 496745, 496794, 497204, 497220, 498105, 498112, 498285, 498330, 498940, 499636, 499891, 499993, 500008, 500035, 500070, 500133, 500165, 500376, 500420, 500460, 500757, 500802, 500890, 501053, 501415, 501426, 501626, 501797, 501808, 501982, 502175, 502434, 502953, 503045, 503291, 504044, 504367, 504449, 504922, 504996, 505003, 505008, 505057, 505396, 505883, 506241, 506298, 506517, 506529, 506540, 506578, 506761, 506783, 506971, 507071, 507825, 507959, 508268, 508779, 508942, 509202, 509527, 509726, 509752, 510955, 510991, 511149, 511173, 511291, 511327, 511759, 511775, 511874, 512444, 512506, 513019, 513540, 513636, 514031, 514602, 514720, 514749, 514868, 515004, 515128, 515270, 515422, 515803, 515922, 515942, 516010, 516355, 516372, 516673, 516721, 517862, 517976, 518071, 518218, 518333, 518459, 518517, 518636, 518902, 519030, 519419, 519622, 519917, 520052, 520171, 520392, 520507, 520635, 521378, 521491, 521680, 521715, 521949, 521992, 522014, 522619, 522769, 522950, 523062, 523608, 523622, 523675, 523771, 523851, 523909, 523918, 524162, 524192, 524277, 524372, 525024, 525467, 525740, 526328, 526396, 526442, 527337, 527389, 527459, 527561, 527687, 528681, 528830, 529596, 530393, 531676, 531696, 531739, 532043, 532248, 532590, 533721, 533791, 533818, 534037, 534045, 534061, 534337, 534731, 535001, 535038, 535260, 535565, 536284, 536344, 536563, 536826, 536884, 536912, 537062, 537188, 537231, 537720, 537894, 537953, 538207, 538226, 538474, 539557, 539564, 539568, 539594, 539712, 539796, 539818, 540109, 540246, 540532, 540683, 540833, 541011, 541069, 541141, 541175, 541207, 541807, 541871, 542451, 542479, 542545, 542553, 542664, 542879, 542912, 543081, 543443, 543559, 543675, 543760, 543831, 543957, 544028, 544039, 544101, 544377, 544505, 544590, 544627, 544982, 545010, 545620, 545656, 545668, 545695, 546018, 546064, 546119, 546126, 546151, 546388, 546458, 546882, 547006, 547008, 547849, 548452, 548553, 549567, 549692, 549829, 549836, 549998, 550405, 550698, 550837, 551248, 551259, 551403, 551457, 551627, 551702, 551752, 551765, 551795, 551896, 552145, 552349, 552429, 552608, 552628, 552636, 552754, 552936, 552947, 552966, 552993, 553375, 553499, 553838, 554006, 554040, 554332, 554366, 554436, 554477, 554496, 554565, 554970, 555056, 555074, 555086, 556323, 556541, 557398, 557420, 557441, 557490, 557546, 557700, 557795, 557957, 558189, 558376, 558584, 558759, 558864, 558920, 559166, 559169, 559392, 559522, 559766, 559852, 559950, 559972, 559976, 560363, 560435, 560524, 560587, 560599, 560644, 560668, 560822, 560963, 561022, 561078, 561272, 561322, 561643, 563928, 564046, 564102, 564350, 564384, 564546, 564591, 564665, 564693, 564984, 565229, 565315, 565318, 566171, 566245, 567844, 568262, 568366, 568853, 568859, 569643, 569797, 569872, 569931, 570082, 570611, 570874, 570885, 571060, 571361, 571477, 571494, 571606, 571909, 572054, 572237, 572674, 573781, 574236, 574548, 574667, 575493, 575526, 575659, 575731, 576091, 576303, 576470, 576887, 576944, 577394, 577499, 578063, 578447, 578568, 579162, 579286, 579391, 579400, 579972, 580185, 580813, 581221, 581369, 581631, 581657, 581690, 581756, 581862, 582082, 582188, 582440, 582760, 583059, 583250, 583431, 583928, 584147, 584631, 584673, 585662, 585858, 586622, 588258, 588426, 588702, 589432, 589707, 589716, 591253, 591262, 591344, 591352, 591356, 591410, 591694, 591945, 592447, 592996, 593063, 593334, 593338, 593368, 594077, 595633, 596219, 596233, 596264, 596397, 596488, 596504, 596516, 597129, 597272, 597573, 597585, 597603, 597641, 598375, 598765, 598768, 598791, 598855, 598882, 598898, 598910, 598915, 599350, 599365, 599515, 601001, 601103, 601855, 602332, 602915, 603153, 603266, 603295, 603365, 604115, 604140, 604332, 604557, 604665, 604766, 604866, 606259, 606390, 607106, 608653, 609062, 609988, 610681, 611295, 611643, 611943, 611973, 613057, 613172, 613175, 614121, 614461, 614647, 614698, 615512, 616293, 616370, 616578, 616679, 616850, 617553, 618301, 618881, 619158, 619492, 619856, 620150, 620384, 620741, 620746, 621107, 621204, 621240, 621675, 621677, 622099, 622164, 622772, 622849, 623224, 623390, 623859, 623871, 624556, 624562, 624844, 625413, 626861, 628076, 628214, 628222, 628958, 629630, 629643, 629658, 630311, 630480, 630526, 630571, 630718, 631382, 631453, 631561, 631950, 632218, 632451, 632578, 632589, 632735, 632764, 632777, 632988, 633050, 633247, 633706, 633745, 633797, 633857, 634125, 635148, 635374, 635946, 636067, 636087, 636371, 636441, 636874, 637193, 637428, 637672, 638061, 638109, 638280, 638527, 638720, 638806, 638889, 638964, 639136, 639489, 639713, 639863, 640484, 641008, 641113, 641210, 641217, 641223, 641309, 641313]
11,46,[473, 581, 1537, 2360, 2458, 2477, 2714, 2949, 3288, 4333, 4458, 4641, 5004, 5669, 5913, 7033, 7761, 8082, 8367, 8426, 9959, 10097, 10241, 10700, 11501, 13155, 13668, 14330, 15242, 15271, 15417, 15420, 15498, 15628, 15990, 16467, 16563, 16693, 17101, 17510, 17785, 17814, 18371, 19071, 19847, 20079]
12,50,[185, 498, 1478, 2071, 2744, 3788, 4040, 4097, 6023, 6282, 6290, 6699, 7824, 8120, 8208, 8353, 8461, 8687, 9507, 9593, 9991, 10072, 10433, 10624, 10775, 11308, 11765, 12157, 12174, 12723, 13464, 13851, 14840, 14843, 14866, 15959, 17272, 17326, 17399, 18578, 19011, 19079, 19309, 19654, 20212, 20378, 20758, 21410, 21524, 21723]
13,1,[1545]
14,8,[122074, 126232, 129086, 142379, 150132, 173012, 177542, 183501]
15,179,[1526, 1676, 3619, 3675, 4320, 6136, 6276, 8445, 8732, 8805, 8839, 8842, 8845, 8846, 9304, 13951, 14134, 16208, 16426, 17084, 20978, 21003, 22512, 24416, 24787, 25329, 26233, 27078, 28450, 29324, 29566, 29568, 29993, 31010, 31652, 31867, 32039, 32152, 32168, 32879, 33939, 33951, 33957, 34129, 34130, 34517, 36198, 38094, 38336, 39062, 39122, 40375, 41380, 41801, 42295, 42426, 42788, 44820, 50320, 51220, 51723, 51958, 51962, 52682, 52693, 52696, 53073, 53440, 53906, 54898, 55053, 55834, 57061, 58350, 66789, 67350, 67770, 69691, 70711, 71400, 73759, 76424, 78037, 78056, 78880, 78929, 79856, 80044, 80924, 81893, 83992, 84056, 88065, 90146, 91881, 91983, 92044, 92558, 96328, 96607, 97256, 99063, 99325, 99801, 100401, 100760, 100963, 101124, 101918, 102303, 102679, 103826, 105409, 105411, 107760, 108476, 117063, 117596, 120755, 124015, 124297, 124623, 125339, 126487, 127176, 127794, 129746, 132354, 132411, 132518, 133234, 139222, 141003, 143096, 143097, 143618, 144450, 147262, 147852, 147872, 147890, 147900, 147922, 150095, 150107, 150109, 150143, 150163, 150167, 150176, 151043, 152932, 153403, 153417, 154360, 154636, 155180, 155306, 155311, 157264, 157270, 157477, 157521, 157553, 157589, 158385, 158739, 158856, 159111, 159151, 160735, 160856, 160960, 163782, 163815, 167022, 170373, 170998, 172942]
16,71,[57, 59, 67, 264, 541, 1053, 2230, 2438, 2774, 3135, 3541, 4060, 4927, 4929, 5157, 5539, 6495, 7087, 7265, 7595, 8127, 8174, 8753, 8882, 8900, 8957, 10268, 10515, 11021, 11088, 11617, 11790, 11938, 11989, 13565, 13677, 14985, 15229, 16226, 17608, 17896, 17902, 17908, 19237, 20655, 20708, 23230, 23689, 24183, 25369, 25640, 25781, 26042, 27341, 30239, 30501, 32478, 32624, 33631, 33711, 33842, 34005, 34465, 34616, 34824, 34940, 35477, 35797, 36303, 37370, 37396]
17,785,[63, 83, 226, 468, 750, 1223, 4016, 4095, 4699, 5494, 5511, 5872, 5891, 5909, 5939, 6024, 6104, 6191, 6861, 7001, 7124, 7227, 7293, 7325, 8076, 10334, 10458, 10587, 10596, 10703, 11606, 11834, 12083, 12126, 12149, 12165, 12209, 12253, 12266, 12728, 14349, 15616, 15643, 17747, 18213, 18567, 18594, 19090, 19240, 19557, 19595, 19802, 20226, 20264, 20274, 20313, 20366, 20446, 20648, 20956, 21206, 21438, 21455, 21488, 21584, 21633, 22331, 23898, 25420, 25650, 25699, 26095, 26369, 26427, 26940, 27300, 27509, 27659, 27799, 27891, 28282, 29070, 29175, 29283, 29429, 29435, 29442, 29447, 29484, 29666, 29700, 29777, 29830, 30583, 30670, 30705, 30783, 30792, 30920, 30982, 31099, 31157, 31318, 31629, 31739, 31978, 32259, 32437, 33011, 33183, 33197, 33225, 33280, 33294, 33320, 33347, 33370, 33522, 33589, 33801, 34383, 34535, 34757, 34916, 34945, 35055, 35296, 35673, 35701, 36047, 36167, 36197, 36280, 36624, 36727, 36776, 36901, 37086, 37138, 37241, 37412, 37522, 37555, 37645, 37651, 37783, 38250, 38554, 38919, 39112, 39387, 39412, 39423, 39475, 39509, 39671, 39818, 40017, 40108, 40287, 40625, 40655, 40685, 41149, 41612, 42168, 42218, 42394, 42526, 42561, 42879, 43504, 44376, 44647, 44658, 45031, 45039, 45091, 45252, 45534, 46001, 46068, 46302, 47163, 47869, 48054, 48480, 50128, 50441, 50522, 50654, 50986, 50992, 51149, 51173, 51210, 51381, 52398, 52746, 53238, 54257, 54315, 54333, 54665, 54754, 54770, 56332, 56375, 56547, 57002, 57639, 57678, 57750, 57884, 57943, 58032, 58050, 58174, 58226, 58312, 58588, 58652, 58701, 58774, 58814, 59002, 59077, 59917, 60132, 60160, 60954, 61058, 61610, 61661, 61717, 62486, 62503, 62695, 63364, 63381, 63523, 63551, 64631, 64880, 64900, 64933, 65226, 65270, 65291, 65341, 65392, 65564, 65627, 66035, 66060, 66074, 66423, 66758, 66796, 66814, 66921, 67015, 67382, 67999, 68200, 68308, 68501, 68507, 68512, 68734, 68953, 69078, 69150, 69183, 69322, 69369, 69524, 70315, 71490, 71677, 71725, 71849, 71861, 72114, 72339, 72662, 72679, 72794, 73734, 75282, 75438, 76757, 76768, 76783, 77640, 78176, 79698, 79901, 79998, 80239, 81212, 83805, 84624, 85446, 85618, 85815, 85889, 85968, 85991, 86308, 86443, 86455, 86860, 87078, 87392, 87420, 87458, 87466, 87491, 87497, 87592, 87684, 87693, 87726, 87994, 88031, 88052, 88296, 88767, 90083, 90209, 90472, 91196, 91451, 91464, 91517, 91601, 92515, 92577, 92703, 92845, 93599, 94114, 94135, 95314, 96728, 97097, 97591, 98030, 98283, 98316, 100082, 100347, 101278, 101648, 101787, 102006, 102864, 102919, 103029, 103210, 103499, 103942, 103973, 103994, 104644, 105339, 105854, 106561, 106816, 108215, 108484, 108789, 109407, 110318, 111406, 111494, 112276, 112699, 113168, 113877, 114372, 114721, 115012, 115083, 117175, 117193, 117499, 118084, 118095, 121000, 121128, 122654, 122695, 122898, 122930, 123152, 123190, 123455, 123543, 124751, 125039, 125041, 125052, 125057, 125936, 125970, 126075, 126118, 126225, 127147, 127175, 127383, 127957, 128205, 128401, 129344, 129480, 129953, 130698, 130737, 130764, 130790, 130807, 130817, 131169, 131195, 131398, 132657, 132704, 132818, 132856, 132896, 132923, 133200, 134566, 134756, 135466, 135509, 135519, 135972, 136312, 136419, 136839, 136861, 137168, 137221, 137243, 139122, 139207, 139221, 139355, 140712, 141102, 141118, 141177, 141821, 142483, 142585, 143395, 143719, 143829, 144051, 144074, 144086, 144158, 144168, 144179, 144415, 144889, 145141, 145449, 145710, 145807, 145848, 146329, 146394, 146517, 146575, 146691, 146909, 146966, 146987, 147226, 147278, 147561, 147651, 148007, 148032, 148058, 148066, 148160, 150482, 150785, 150835, 150899, 152963, 153354, 154073, 154103, 154111, 154634, 154942, 155271, 155547, 155601, 155963, 156120, 156423, 156694, 156707, 156897, 157169, 157628, 157787, 157805, 158146, 158156, 158337, 158399, 158412, 158534, 158611, 158703, 158730, 158811, 158845, 159076, 159894, 159909, 159924, 160423, 161222, 161368, 161881, 162498, 162839, 162967, 163113, 163241, 163334, 163360, 163454, 163636, 163725, 163781, 163821, 163979, 164419, 164435, 164461, 164537, 164642, 164794, 165101, 165140, 165399, 165556, 165682, 165960, 166096, 166103, 166478, 166501, 166564, 166705, 167051, 167111, 167216, 167238, 167510, 167748, 168169, 168531, 168766, 168837, 168904, 169121, 169249, 169288, 169435, 169662, 169725, 169865, 169981, 170009, 170027, 170390, 170396, 170410, 171034, 171054, 171066, 172886, 173215, 173684, 174383, 174613, 174665, 174687, 174751, 174830, 174943, 174988, 175004, 175013, 175192, 175236, 176230, 176328, 176442, 176501, 176659, 177039, 177212, 177244, 177488, 177495, 177541, 177560, 177652, 177656, 177679, 177721, 179046, 179421, 179468, 180101, 180128, 180362, 180635, 180869, 181345, 181659, 181855, 181876, 181936, 182151, 182178, 182723, 182770, 183873, 183909, 183985, 184229, 184381, 184604, 184767, 184797, 184834, 184855, 184886, 184909, 184956, 184958, 185058, 185171, 185260, 185280, 185293, 185344, 185379, 185420, 185502, 185571, 185906, 186401, 186413, 186487, 186973, 187051, 187060, 187568, 188088, 188222, 188665, 188690, 188803, 188819, 189372, 189514, 189593, 189791, 190162, 190242, 191349, 191900, 192321, 192584, 192614, 192651, 192973, 193231, 193276, 193534, 193576, 193666, 193746, 193782, 194065, 194327, 194450, 194469, 194772, 194791, 194840, 194898, 194907, 195038, 195068, 195189, 195305, 195394, 195474, 195491, 195740, 195847, 196573, 196655, 196688, 196837, 196847, 197433, 197750, 197766, 197777, 197789, 197799, 197819, 197861, 197889, 197952, 197962, 198035, 198042, 198328, 198728, 198818, 199207, 200428, 200548, 200611, 200645, 200725, 201219, 201402, 201838, 202232, 202467, 202493, 202877, 202894, 202921, 203059, 203253, 205756, 205790, 205924, 205946, 206830, 208424, 209525, 209705, 210278, 210316, 210463, 210600, 210666, 211594, 211613, 212363, 212734, 214537, 214585, 214601, 214636, 214960, 216167, 216213, 216692, 217344, 217463, 217469, 217798, 217864]
18,25,[5430, 12842, 18771, 20236, 24209, 26599, 33738, 39083, 41477, 42521, 44432, 51580, 52017, 53953, 56118, 60463, 61324, 70397, 101004, 101520, 102456, 123805, 124849, 132671, 140573]
19,36,[2818, 2824, 3490, 6347, 6483, 6725, 6764, 6769, 7907, 8047, 9172, 10902, 12141, 14021, 14847, 17868, 18126, 18598, 18601, 22921, 23233, 23711, 23716, 23743, 24788, 24793, 25201, 25909, 26395, 26441, 26493, 26611, 26660, 26757, 27001, 27007]
20,36,[9345, 10050, 10982, 19874, 21543, 22089, 23429, 23572, 24564, 25836, 27508, 32165, 38684, 40082, 40548, 40802, 44493, 44778, 45986, 48579, 49836, 50265, 50275, 51332, 57166, 58080, 58611, 58697, 59260, 59688, 60850, 61565, 63720, 64985, 65773, 65878]
21,30,[6199, 6431, 6715, 10182, 10194, 12632, 12646, 13019, 13069, 14133, 14929, 15638, 15839, 17656, 18475, 18609, 21254, 22089, 24612, 24684, 25135, 25362, 25645, 25927, 27067, 27656, 28051, 29346, 30701, 30972]
22,294,[860, 865, 1405, 1526, 3652, 3989, 3991, 4000, 4181, 5387, 5389, 5572, 5577, 6808, 6812, 7505, 7741, 8709, 9053, 9055, 9158, 9160, 9161, 9540, 9543, 9776, 10376, 10401, 10713, 10940, 12196, 13399, 13807, 14184, 15281, 15371, 15703, 15791, 15802, 17199, 17201, 17204, 17905, 17914, 17973, 18477, 18479, 18482, 18484, 19008, 19010, 19012, 19014, 19280, 19318, 20181, 20183, 20186, 20188, 20191, 20193, 20195, 20223, 20375, 20401, 20421, 20770, 20794, 20795, 20796, 23143, 23224, 23226, 23625, 25098, 27238, 27861, 31465, 31873, 31876, 35293, 35745, 37963, 38701, 38710, 38723, 38736, 38911, 39222, 39225, 39260, 39264, 39265, 39290, 39508, 39633, 39634, 39637, 39639, 39674, 39678, 39683, 39694, 39696, 39697, 39700, 39717, 40005, 40007, 40134, 40184, 41257, 41536, 41626, 41632, 41660, 41836, 41852, 41889, 42700, 44315, 45159, 45169, 45707, 46658, 46739, 46757, 47091, 47130, 47281, 49260, 57866, 57868, 57871, 57873, 57875, 57894, 58889, 58903, 59750, 60179, 63566, 63569, 63575, 64032, 64813, 64918, 65103, 65105, 65901, 66619, 66625, 66627, 66629, 67180, 69626, 70681, 71027, 71033, 71042, 71060, 72862, 74451, 74454, 75185, 75188, 75311, 75313, 75321, 75633, 78556, 81713, 81757, 82053, 82677, 85210, 86221, 86223, 86225, 87223, 87225, 87251, 87645, 88130, 88633, 88661, 88748, 89006, 92316, 92389, 92966, 94149, 94730, 96425, 97192, 97193, 97194, 97196, 97228, 97229, 99396, 99554, 100926, 102060, 103450, 106224, 106227, 106275, 106277, 106279, 106566, 107328, 107773, 108025, 108028, 108560, 108805, 108838, 108995, 108998, 109000, 109167, 109230, 110343, 110347, 110767, 110769, 111087, 111089, 111136, 111246, 112428, 112430, 112432, 112735, 112738, 112741, 113417, 113422, 113520, 113541, 113554, 113598, 114327, 115640, 116265, 119068, 119070, 119100, 119189, 119539, 120000, 120002, 120067, 120490, 120613, 120706, 120709, 120710, 120737, 120906, 120907, 121071, 121446, 121837, 122142, 122143, 122162, 122249, 124420, 124775, 125009, 125491, 125494, 126106, 126531, 128303, 129017, 129798, 131912, 137318, 137945, 138571, 140645, 140648, 142884, 146935, 150102, 152343, 152441, 152442, 155524, 157451, 158236]
23,38,[2432, 2495, 2584, 2591, 2600, 2731, 3570, 3646, 8320, 8335, 8763, 9312, 12180, 15311, 15394, 16617, 16736, 16737, 17712, 18253, 18260, 18555, 18701, 19215, 19396, 22203, 23934, 24225, 24232, 24248, 24298, 24302, 24303, 24329, 24986, 25440, 27672, 30384]
24,116,[319, 771, 860, 1522, 1997, 2922, 2940, 3395, 3584, 3736, 3861, 3876, 3888, 3902, 6048, 6078, 6281, 6513, 6531, 6589, 6607, 6679, 6726, 6961, 7679, 8263, 8323, 10485, 10782, 10940, 13478, 13556, 13708, 13799, 13887, 14160, 14434, 16085, 16284, 16595, 17007, 17037, 17451, 17736, 18191, 18695, 19011, 19279, 19479, 19992, 20068, 20425, 20710, 20832, 21125, 22162, 22265, 22391, 22790, 22862, 23631, 24075, 24416, 24569, 24743, 24795, 24820, 25017, 25574, 26001, 26920, 27023, 27587, 27672, 27807, 29406, 29478, 29633, 29636, 30333, 30861, 30884, 30895, 32121, 32594, 33513, 34007, 34690, 35386, 35736, 35944, 35956, 36269, 37103, 39257, 39671, 39760, 39817, 39927, 40031, 40137, 40518, 40720, 41863, 42532, 42584, 42743, 43088, 43245, 43407, 43551, 43844, 44301, 44658, 44828, 44911]
25,10,[116975, 120938, 123602, 136432, 143941, 166115, 170303, 176026, 179758, 182900]
26,38,[10602, 11551, 20592, 22289, 22844, 24199, 24341, 25341, 25386, 26636, 28336, 33038, 39628, 41022, 41487, 41739, 45462, 45761, 46987, 49600, 50882, 51313, 51323, 52388, 58320, 59266, 59807, 59895, 60517, 60972, 62147, 62869, 63532, 65098, 65751, 66391, 67189, 67293]
27,189,[4507, 5356, 6303, 6552, 7616, 7748, 7932, 7938, 7972, 8345, 9026, 9095, 9513, 9515, 11090, 11909, 12602, 13622, 13713, 14690, 14979, 15600, 15603, 17419, 18040, 18249, 18269, 19185, 19429, 19586, 20623, 21484, 21740, 22153, 22426, 22484, 22528, 22905, 23762, 23781, 23793, 23812, 24021, 24031, 24044, 25468, 27976, 29911, 29918, 30111, 30130, 31792, 32681, 34134, 34149, 34561, 36745, 36808, 37093, 37626, 37631, 37724, 37750, 38372, 40562, 41018, 41439, 41483, 44635, 44850, 45666, 46101, 47949, 48007, 48196, 48954, 50060, 51036, 51118, 51175, 51219, 51636, 51907, 52274, 52546, 53092, 53157, 53451, 53505, 54169, 54343, 55162, 55315, 55667, 55682, 55838, 56682, 57841, 58000, 58408, 58451, 60578, 60951, 61144, 61542, 61881, 62088, 62140, 62179, 62203, 62335, 62859, 62878, 64903, 65321, 66385, 66410, 67110, 67155, 67178, 67277, 68006, 69132, 69275, 69735, 70351, 71661, 71825, 72770, 72995, 73037, 73676, 73723, 74628, 74803, 74979, 75924, 78860, 81820, 82357, 82570, 82581, 85181, 87811, 94892, 99854, 100055, 100768, 100774, 100928, 101051, 101164, 101284, 101411, 101549, 101693, 102126, 102218, 102530, 102599, 102683, 102684, 102745, 102823, 102830, 102833, 102847, 103523, 103737, 103744, 104107, 104222, 104752, 105452, 105466, 105710, 105764, 105862, 106450, 107331, 107493, 108019, 108498, 108567, 108674, 108706, 108884, 109402, 109558]
28,28,[3079, 3389, 4466, 4669, 5273, 5300, 5316, 5480, 5683, 5725, 6413, 6499, 7224, 7267, 8086, 8093, 9297, 9317, 9459, 9696, 10256, 10364, 10756, 10822, 10847, 10868, 11284, 11742]
30,1971,[2298, 3248, 3378, 3441, 3486, 4764, 6250, 6273, 6324, 7415, 7607, 7630, 8155, 8705, 9032, 9881, 10063, 10071, 10300, 10534, 11410, 12503, 12509, 12902, 13143, 14863, 15408, 15505, 15859, 16479, 17478, 17801, 17804, 19008, 19367, 19455, 20180, 20382, 21187, 21268, 22461, 22500, 22624, 22708, 22791, 23294, 23316, 25196, 25319, 25699, 25934, 25974, 25988, 26013, 26068, 26184, 27798, 27901, 27919, 28008, 28084, 28204, 28262, 28344, 28380, 28423, 29195, 29225, 29295, 29353, 29392, 29877, 30237, 30685, 30791, 31318, 31879, 31889, 32109, 32565, 32871, 32926, 32939, 33017, 33191, 33279, 33491, 33516, 35417, 35761, 35795, 35836, 36941, 37667, 38037, 38277, 38942, 38963, 38966, 38985, 39474, 39846, 40727, 41595, 41721, 42461, 42800, 42865, 43042, 43051, 43357, 43514, 43577, 43641, 43673, 43831, 43853, 43880, 43896, 44253, 44348, 44620, 45242, 45534, 46165, 46313, 46336, 46344, 46563, 46610, 46629, 47307, 47357, 49709, 49717, 51314, 52018, 52672, 53016, 53423, 53496, 53513, 54184, 54460, 55055, 60294, 60427, 64163, 64193, 64245, 65602, 66123, 67268, 67969, 67995, 68086, 68180, 68207, 68289, 68764, 69252, 69286, 69681, 69850, 69891, 69943, 70007, 71511, 71601, 72900, 72913, 72940, 73773, 75028, 75476, 75526, 77937, 80815, 81092, 82175, 82188, 82549, 82753, 82790, 85299, 85483, 86593, 87103, 87203, 87298, 87700, 88224, 88512, 89157, 89503, 89801, 90441, 90452, 90597, 90650, 91217, 91525, 91813, 91852, 92357, 92760, 92948, 93255, 93589, 94024, 94397, 94686, 94702, 94827, 94836, 94907, 94957, 95022, 95440, 95485, 95605, 95689, 95693, 95807, 96085, 96445, 96523, 96563, 96648, 97542, 98666, 101080, 102945, 103216, 103242, 103267, 104003, 104319, 104452, 105291, 105363, 106151, 108117, 108541, 109768, 110207, 111913, 112693, 113077, 113297, 113381, 114087, 115184, 115690, 116638, 116782, 117117, 117128, 117180, 117389, 117460, 118034, 118567, 118650, 120087, 120107, 120456, 120682, 120997, 121202, 121377, 121457, 121542, 122281, 122534, 122576, 122664, 122890, 122920, 123100, 123553, 123579, 123771, 124099, 124697, 124796, 124809, 125013, 125020, 125601, 125822, 126050, 126153, 127090, 127805, 128914, 128924, 129297, 129575, 129681, 129698, 129782, 129818, 129859, 130108, 130370, 130379, 130397, 130478, 130967, 131102, 131536, 132207, 132221, 132232, 132709, 132713, 132726, 133695, 133740, 133753, 134307, 134383, 134840, 135873, 137366, 139189, 139304, 140682, 142333, 142434, 142450, 142853, 143067, 143080, 143087, 144076, 144547, 144811, 146031, 146651, 146716, 147474, 147808, 147825, 148849, 148987, 149182, 149459, 150320, 150350, 150382, 150400, 150410, 150530, 150546, 150615, 150774, 150809, 150860, 150930, 150960, 150970, 151097, 151967, 151996, 152116, 152632, 152943, 153282, 153390, 153491, 153622, 154587, 154595, 154646, 154904, 155336, 155385, 156368, 157288, 157330, 157623, 157790, 158074, 158856, 159086, 159488, 159493, 159518, 160073, 160455, 160482, 160521, 161282, 161524, 161990, 162167, 162415, 163091, 163176, 163221, 163231, 163762, 163893, 163906, 164436, 164868, 165288, 166306, 166318, 166426, 166447, 166508, 166528, 166561, 166626, 166856, 167028, 167078, 167089, 167094, 167130, 167151, 167172, 167190, 167269, 167464, 167477, 167511, 167726, 167909, 168014, 168238, 168999, 169315, 169448, 169512, 169529, 169564, 169586, 169598, 169952, 171533, 171586, 171594, 171615, 171752, 171858, 172192, 172211, 172556, 172560, 172691, 173052, 173084, 173314, 174513, 174952, 174978, 175169, 175224, 175285, 175594, 176138, 176219, 176820, 176904, 176974, 176991, 177010, 177100, 177205, 177213, 177272, 177283, 177401, 177794, 178180, 178456, 178761, 178883, 179066, 179239, 179414, 179712, 179768, 181149, 181190, 182055, 182485, 183436, 184160, 184234, 185072, 185077, 185129, 185219, 185402, 185458, 185663, 186449, 187225, 187733, 188104, 188742, 188758, 189605, 189633, 189646, 189777, 190359, 190493, 190816, 191210, 191221, 191275, 191285, 191441, 192035, 192121, 192457, 192459, 192692, 192885, 192965, 193047, 193125, 193292, 193564, 194900, 195068, 195117, 195241, 195375, 195431, 195599, 196204, 196215, 198834, 199067, 199478, 199546, 199696, 199740, 200023, 200028, 200222, 200298, 201262, 201595, 201916, 203471, 205826, 206004, 206346, 206646, 208088, 208775, 209768, 209854, 210063, 210253, 210288, 210834, 211015, 211197, 211476, 211676, 211885, 212670, 212744, 214310, 214391, 214690, 214709, 215156, 216031, 216643, 216650, 216659, 216756, 217091, 217116, 218765, 219431, 219509, 219590, 219605, 219652, 219666, 219816, 221036, 221275, 221330, 221747, 221994, 222102, 222480, 222569, 222610, 222630, 222948, 223271, 223533, 224038, 224072, 224124, 224224, 224228, 224324, 224616, 224809, 225750, 226128, 226206, 226457, 226740, 227006, 227516, 229288, 230829, 230964, 232560, 232686, 232891, 233063, 233088, 233316, 233459, 233800, 233937, 234048, 234057, 234076, 234561, 234611, 244216, 244624, 244976, 245924, 245935, 246248, 247004, 248089, 248614, 248748, 249417, 249588, 252171, 255143, 255193, 255828, 257736, 258040, 258422, 258711, 258730, 259902, 260135, 260843, 260918, 261119, 261305, 262462, 263504, 264576, 265294, 265326, 265629, 265748, 265940, 266995, 267325, 267415, 267650, 268875, 268994, 269125, 270688, 271788, 271971, 272053, 272209, 273367, 273426, 273894, 276454, 278378, 278622, 279132, 280503, 281969, 282428, 282722, 282902, 283803, 283895, 284069, 285130, 285185, 286090, 286116, 286126, 286215, 286300, 286308, 288030, 289075, 291258, 291803, 292308, 292442, 292528, 292957, 293086, 294044, 294081, 294149, 294335, 294426, 294535, 294705, 294744, 295465, 296513, 297564, 297592, 297742, 297755, 297988, 297995, 298059, 298624, 299114, 299564, 299926, 300989, 301022, 301371, 301461, 301744, 302200, 302328, 302649, 302796, 303302, 304099, 304259, 304350, 305028, 307928, 308823, 309102, 310365, 310400, 311556, 311913, 312010, 312255, 313178, 313445, 315354, 315551, 315579, 317156, 317212, 317646, 317910, 318402, 319578, 319830, 319954, 320485, 320990, 321639, 322426, 322581, 324389, 324649, 324798, 325440, 325523, 325532, 325907, 326366, 326538, 328067, 328105, 329052, 329232, 329311, 329917, 330555, 330796, 330890, 332076, 332115, 332774, 332789, 332840, 333026, 333578, 333654, 333770, 333915, 333971, 337015, 337034, 339055, 339448, 340438, 340450, 341110, 341538, 343669, 344993, 345909, 346424, 346663, 346751, 346792, 347244, 347274, 347852, 348303, 348765, 348994, 351983, 352802, 353230, 353766, 353878, 353936, 353977, 354286, 355291, 356539, 356720, 356797, 356802, 356874, 357238, 358143, 359096, 359455, 359710, 360665, 361329, 361350, 361382, 361800, 361940, 361955, 361964, 362622, 363179, 363285, 363384, 363537, 363572, 363648, 364420, 364532, 364766, 365053, 365238, 365803, 365973, 365988, 366018, 366074, 366089, 366116, 366144, 366167, 366308, 366375, 366587, 367176, 367328, 367547, 367707, 367736, 367844, 368086, 368455, 368483, 368837, 368921, 369028, 369367, 369471, 369519, 369931, 370031, 370043, 370160, 370643, 371170, 371578, 371789, 372063, 372459, 372506, 372763, 372897, 372979, 373729, 373872, 373999, 374026, 374054, 374067, 374418, 375315, 375428, 375493, 376026, 376289, 376588, 376628, 377230, 377251, 377287, 377341, 377391, 377526, 377733, 377741, 377866, 378111, 378275, 378299, 378507, 378646, 378984, 379118, 379227, 379236, 379255, 379903, 379951, 380210, 380678, 380685, 381183, 381189, 381225, 381237, 381502, 381808, 382587, 383381, 383453, 383463, 383469, 383596, 383714, 384002, 384182, 384194, 384243, 384268, 384327, 384397, 384725, 385174, 385295, 385752, 386115, 386329, 386476, 387419, 387502, 387509, 387514, 387559, 387797, 387806, 387835, 388035, 388094, 388139, 389412, 389428, 389492, 389532, 389554, 389559, 389597, 389616, 389650, 389787, 389819, 390728, 391077, 391405, 391720, 391868, 392289, 392365, 392376, 392513, 392529, 392849, 393043, 393686, 394203, 394228, 394292, 394392, 394563, 394623, 394672, 394755, 394766, 394824, 395457, 395604, 395928, 396489, 396719, 397242, 397781, 398292, 398301, 398378, 398487, 398985, 399883, 399890, 399931, 400028, 400058, 400505, 400541, 400586, 401293, 402054, 402190, 402346, 402723, 402805, 402901, 402968, 403302, 403376, 403403, 403702, 404186, 404842, 405410, 405676, 405726, 406032, 406902, 407134, 407580, 407795, 408475, 408574, 408588, 409269, 410331, 410437, 411073, 411149, 411294, 411313, 411529, 411554, 411626, 411852, 412084, 412508, 412516, 412547, 412634, 413158, 413467, 414672, 415122, 415372, 415745, 415966, 416017, 416032, 416306, 417096, 417737, 417759, 417763, 417775, 418000, 418385, 418867, 419144, 420986, 420996, 421121, 421227, 421288, 421309, 421621, 421709, 421805, 421903, 421979, 422014, 422027, 422070, 422574, 422663, 422748, 422835, 422966, 423067, 423171, 423508, 423567, 423671, 423700, 423795, 424208, 424244, 424352, 424587, 424668, 424992, 425077, 425427, 425573, 425726, 425824, 425833, 425846, 425888, 425929, 425947, 425958, 425996, 426042, 426180, 427276, 427568, 427780, 428975, 429563, 429658, 431994, 432804, 432814, 432879, 432881, 432884, 432889, 432892, 432902, 432979, 433014, 433338, 434087, 434898, 435160, 435195, 435739, 435925, 435968, 436437, 437124, 437485, 437729, 438108, 439159, 439620, 440614, 442200, 442204, 442226, 442343, 442358, 442399, 442466, 442587, 442625, 443748, 444168, 444558, 444686, 444968, 445498, 445506, 445827, 446614, 448064, 448133, 448205, 449461, 450130, 450154, 450194, 450207, 450843, 450859, 450929, 451578, 452291, 453189, 453272, 453856, 453897, 453924, 453932, 454027, 454077, 454104, 454165, 454173, 454185, 454380, 454511, 454610, 454786, 456284, 458657, 458665, 458730, 458758, 458770, 458790, 458987, 459245, 460062, 460742, 460755, 460769, 460786, 461070, 461090, 461137, 463208, 463220, 463655, 463823, 464451, 464454, 465250, 468195, 468585, 469021, 469290, 469306, 469421, 469771, 469802, 469938, 469958, 470122, 470175, 470231, 470257, 470282, 470349, 470392, 470578, 470617, 470791, 470807, 471086, 471223, 471669, 471787, 471830, 472326, 472859, 473207, 473255, 473726, 474073, 474123, 474128, 474513, 474615, 475385, 475436, 475442, 475780, 475930, 475993, 476607, 476613, 476678, 476782, 476862, 476865, 477104, 477123, 477137, 477145, 477166, 477270, 477301, 478467, 478503, 478697, 478875, 478963, 479369, 479480, 480025, 480172, 480236, 480675, 481306, 481344, 481480, 482239, 482444, 482599, 482602, 482711, 483014, 483313, 483343, 483373, 483376, 483569, 483577, 483764, 483844, 483980, 484189, 484201, 484695, 485100, 485226, 485667, 486145, 486158, 486420, 487394, 487441, 487490, 487705, 487714, 488586, 489049, 489397, 489904, 489926, 490035, 490124, 491183, 491187, 491313, 491334, 491609, 491950, 492114, 492119, 492154, 492173, 492999, 493598, 493610, 493753, 493793, 493843, 493934, 494153, 494162, 494189, 494345, 494428, 494464, 494489, 494506, 494523, 494573, 495419, 495431, 495505, 495993, 496462, 496529, 496576, 496625, 497035, 497051, 497936, 497943, 498116, 498161, 498771, 499467, 499722, 499824, 499839, 499866, 499901, 499964, 499996, 500207, 500251, 500291, 500588, 500633, 500721, 500884, 501246, 501257, 501457, 501628, 501639, 501813, 502006, 502265, 502784, 502876, 503122, 503875, 504198, 504280, 504753, 504827, 504834, 504839, 504888, 505227, 505714, 506072, 506129, 506348, 506360, 506371, 506409, 506592, 506614, 506802, 506902, 507656, 507790, 508099, 508610, 508773, 509033, 509358, 509557, 509583, 510786, 510822, 510980, 511004, 511122, 511158, 511590, 511606, 511705, 512275, 512337, 512850, 513371, 513467, 513862, 514433, 514551, 514580, 514699, 514835, 514959, 515101, 515253, 515631, 515750, 515770, 515838, 516183, 516200, 516501, 516549, 517690, 517804, 517899, 518046, 518161, 518287, 518345, 518464, 518730, 518858, 519247, 519450, 519745, 519880, 519999, 520220, 520335, 520463, 521206, 521319, 521508, 521543, 521777, 521820, 521842, 522447, 522597, 522778, 522890, 523436, 523450, 523503, 523599, 523679, 523737, 523746, 523990, 524020, 524105, 524200, 524852, 525295, 525568, 526156, 526224, 526270, 527165, 527217, 527287, 527389, 527515, 528506, 528655, 529421, 530218, 531501, 531521, 531564, 531868, 532073, 532415, 533546, 533616, 533643, 533862, 533870, 533886, 534162, 534556, 534826, 534863, 535085, 535390, 536109, 536169, 536388, 536651, 536709, 536737, 536887, 537013, 537056, 537545, 537719, 537778, 538032, 538051, 538299, 539382, 539389, 539393, 539419, 539537, 539621, 539643, 539934, 540071, 540357, 540508, 540658, 540836, 540894, 540966, 541000, 541032, 541632, 541696, 542276, 542304, 542370, 542378, 542489, 542704, 542737, 542906, 543268, 543384, 543500, 543585, 543656, 543782, 543853, 543864, 543926, 544202, 544330, 544415, 544452, 544807, 544835, 545445, 545481, 545493, 545520, 545843, 545889, 545944, 545951, 545976, 546213, 546283, 546707, 546831, 546833, 547674, 548277, 548378, 549389, 549514, 549651, 549658, 549820, 550227, 550520, 550659, 551070, 551081, 551225, 551279, 551449, 551524, 551574, 551587, 551617, 551718, 551967, 552171, 552251, 552430, 552450, 552458, 552576, 552758, 552769, 552788, 552815, 553197, 553321, 553660, 553828, 553862, 554154, 554188, 554258, 554299, 554318, 554387, 554792, 554878, 554896, 554908, 556145, 556363, 557220, 557242, 557263, 557312, 557368, 557522, 557617, 557779, 558011, 558198, 558406, 558581, 558686, 558742, 558988, 558991, 559214, 559344, 559588, 559674, 559772, 559794, 559798, 560185, 560257, 560346, 560409, 560421, 560466, 560490, 560644, 560785, 560844, 560900, 561094, 561144, 561465, 563750, 563868, 563924, 564172, 564206, 564366, 564411, 564485, 564513, 564804, 565049, 565135, 565138, 565991, 566065, 567664, 568082, 568186, 568673, 568679, 569463, 569617, 569692, 569751, 569902, 570431, 570694, 570705, 570880, 571181, 571297, 571314, 571426, 571729, 571874, 572057, 572494, 573601, 574056, 574368, 574487, 575313, 575346, 575479, 575551, 575911, 576123, 576290, 576707, 576764, 577214, 577319, 577883, 578267, 578388, 578982, 579106, 579211, 579220, 579792, 580005, 580633, 581041, 581189, 581451, 581477, 581510, 581576, 581682, 581902, 582008, 582260, 582580, 582879, 583070, 583251, 583748, 583967, 584446, 584488, 585477, 585673, 586437, 588073, 588241, 588517, 589247, 589522, 589531, 591068, 591077, 591159, 591167, 591171, 591225, 591509, 591754, 592256, 592805, 592872, 593143, 593147, 593177, 593886, 595442, 596028, 596042, 596073, 596206, 596297, 596313, 596325, 596938, 597081, 597382, 597394, 597412, 597450, 598184, 598574, 598577, 598600, 598664, 598691, 598707, 598719, 598724, 599153, 599168, 599318, 600804, 600906, 601658, 602135, 602718, 602956, 603069, 603098, 603168, 603913, 603938, 604130, 604355, 604463, 604564, 604664, 606052, 606183, 606899, 608441, 608850, 609771, 610464, 611078, 611420, 611720, 611750, 612828, 612943, 612946, 613887, 614227, 614413, 614464, 615278, 616054, 616131, 616339, 616440, 616611, 617310, 618049, 618629, 618906, 619240, 619604, 619898, 620132, 620489, 620494, 620855, 620952, 620988, 621423, 621425, 621847, 621912, 622520, 622597, 622972, 623138, 623605, 623617, 624302, 624308, 624590, 625156, 626604, 627816, 627954, 627962, 628695, 629367, 629380, 629395, 630048, 630214, 630260, 630305, 630449, 631107, 631178, 631286, 631675, 631943, 632176, 632303, 632314, 632460, 632489, 632502, 632713, 632775, 632972, 633431, 633470, 633522, 633582, 633850, 634873, 635099, 635671, 635792, 635812, 636096, 636166, 636599, 636918, 637153, 637397, 637786, 637834, 638005, 638252, 638445, 638531, 638614, 638689, 638861, 639214, 639438, 639588, 640209, 640733, 640838, 640935, 640942, 640948, 641034, 641038]
6,2,[818, 822]
8,2,[396, 419]
9,1,[424]
10,1971,[2391, 3342, 3472, 3535, 3580, 4858, 6344, 6367, 6418, 7509, 7701, 7724, 8249, 8799, 9126, 9975, 10157, 10165, 10394, 10628, 11504, 12597, 12603, 12996, 13237, 14957, 15502, 15599, 15953, 16573, 17572, 17895, 17898, 19102, 19461, 19549, 20274, 20476, 21281, 21362, 22555, 22594, 22718, 22802, 22885, 23388, 23410, 25290, 25413, 25793, 26028, 26068, 26082, 26107, 26162, 26278, 27892, 27995, 28013, 28102, 28178, 28298, 28356, 28438, 28474, 28517, 29289, 29319, 29389, 29447, 29486, 29971, 30331, 30779, 30885, 31412, 31977, 31987, 32207, 32663, 32969, 33024, 33037, 33115, 33289, 33377, 33589, 33614, 35515, 35859, 35893, 35934, 37039, 37765, 38135, 38375, 39040, 39061, 39064, 39083, 39572, 39944, 40825, 41693, 41819, 42559, 42898, 42963, 43140, 43149, 43455, 43612, 43675, 43739, 43771, 43929, 43951, 43978, 43994, 44351, 44446, 44718, 45340, 45632, 46263, 46411, 46434, 46442, 46661, 46708, 46727, 47405, 47455, 49807, 49815, 51412, 52116, 52770, 53115, 53522, 53595, 53612, 54283, 54559, 55154, 60397, 60530, 64266, 64296, 64348, 65705, 66226, 67371, 68072, 68098, 68189, 68283, 68310, 68392, 68867, 69355, 69389, 69784, 69953, 69994, 70046, 70110, 71614, 71704, 73003, 73016, 73043, 73876, 75131, 75579, 75629, 78044, 80922, 81199, 82282, 82295, 82656, 82860, 82897, 85406, 85590, 86700, 87210, 87310, 87405, 87807, 88331, 88619, 89264, 89610, 89908, 90548, 90559, 90704, 90757, 91324, 91632, 91920, 91959, 92464, 92867, 93055, 93362, 93696, 94131, 94504, 94793, 94809, 94934, 94943, 95014, 95064, 95129, 95547, 95592, 95712, 95796, 95800, 95914, 96192, 96552, 96630, 96670, 96755, 97649, 98773, 101187, 103052, 103323, 103349, 103374, 104110, 104426, 104559, 105402, 105474, 106262, 108228, 108652, 109879, 110318, 112024, 112804, 113188, 113408, 113492, 114198, 115295, 115801, 116749, 116893, 117228, 117239, 117291, 117500, 117571, 118145, 118678, 118761, 120198, 120218, 120567, 120793, 121108, 121313, 121488, 121568, 121653, 122392, 122645, 122687, 122775, 123001, 123031, 123211, 123664, 123690, 123882, 124210, 124808, 124907, 124920, 125124, 125131, 125712, 125933, 126161, 126264, 127201, 127916, 129026, 129036, 129409, 129687, 129793, 129810, 129894, 129930, 129971, 130220, 130482, 130491, 130509, 130590, 131079, 131214, 131648, 132319, 132333, 132344, 132821, 132825, 132838, 133807, 133852, 133865, 134419, 134495, 134952, 135985, 137478, 139301, 139416, 140794, 142445, 142546, 142562, 142965, 143179, 143192, 143199, 144189, 144660, 144924, 146144, 146764, 146829, 147587, 147921, 147938, 148962, 149100, 149295, 149572, 150433, 150463, 150495, 150513, 150523, 150643, 150659, 150728, 150887, 150922, 150973, 151043, 151073, 151083, 151210, 152080, 152109, 152229, 152745, 153056, 153395, 153503, 153604, 153735, 154700, 154708, 154759, 155017, 155449, 155498, 156481, 157401, 157443, 157736, 157903, 158187, 158969, 159199, 159601, 159606, 159631, 160187, 160569, 160596, 160635, 161396, 161638, 162113, 162290, 162538, 163214, 163299, 163344, 163354, 163885, 164016, 164029, 164559, 164991, 165411, 166429, 166441, 166549, 166570, 166631, 166651, 166684, 166749, 166979, 167151, 167201, 167212, 167217, 167253, 167274, 167295, 167313, 167392, 167587, 167600, 167634, 167849, 168032, 168137, 168361, 169122, 169438, 169571, 169635, 169652, 169687, 169709, 169721, 170075, 171656, 171709, 171717, 171738, 171875, 171981, 172315, 172334, 172679, 172683, 172814, 173175, 173207, 173437, 174636, 175075, 175101, 175292, 175347, 175408, 175717, 176261, 176342, 176943, 177027, 177097, 177114, 177133, 177223, 177328, 177336, 177395, 177406, 177524, 177917, 178303, 178579, 178884, 179006, 179189, 179362, 179537, 179835, 179891, 181272, 181313, 182178, 182617, 183568, 184292, 184366, 185204, 185209, 185261, 185351, 185534, 185590, 185795, 186581, 187357, 187865, 188236, 188874, 188890, 189737, 189765, 189778, 189909, 190491, 190625, 190948, 191342, 191353, 191407, 191417, 191573, 192167, 192253, 192589, 192591, 192824, 193017, 193097, 193179, 193257, 193424, 193696, 195032, 195200, 195249, 195373, 195507, 195563, 195731, 196336, 196347, 198966, 199199, 199620, 199688, 199838, 199882, 200165, 200170, 200364, 200440, 201404, 201737, 202058, 203613, 205968, 206146, 206488, 206788, 208230, 208917, 209910, 209996, 210205, 210395, 210430, 210976, 211157, 211339, 211618, 211818, 212027, 212812, 212886, 214452, 214533, 214832, 214851, 215298, 216173, 216784, 216791, 216800, 216897, 217232, 217257, 218905, 219581, 219659, 219740, 219755, 219802, 219816, 219966, 221186, 221425, 221480, 221897, 222144, 222252, 222630, 222719, 222760, 222780, 223098, 223421, 223683, 224188, 224222, 224274, 224374, 224378, 224474, 224766, 224959, 225900, 226278, 226356, 226607, 226890, 227156, 227666, 229438, 230979, 231114, 232710, 232836, 233041, 233213, 233238, 233466, 233609, 233950, 234087, 234198, 234207, 234226, 234711, 234761, 244369, 244777, 245129, 246077, 246088, 246401, 247157, 248242, 248767, 248901, 249570, 249741, 252324, 255296, 255346, 255984, 257892, 258196, 258578, 258867, 258886, 260058, 260291, 260999, 261074, 261275, 261461, 262618, 263660, 264732, 265450, 265482, 265785, 265904, 266096, 267151, 267481, 267571, 267806, 269031, 269150, 269281, 270844, 271944, 272127, 272209, 272365, 273523, 273582, 274050, 276610, 278533, 278777, 279287, 280658, 282124, 282583, 282877, 283057, 283959, 284051, 284225, 285286, 285341, 286246, 286272, 286282, 286371, 286456, 286464, 288186, 289231, 291414, 291959, 292465, 292599, 292685, 293114, 293243, 294201, 294238, 294306, 294492, 294583, 294692, 294862, 294901, 295622, 296670, 297722, 297750, 297900, 297913, 298146, 298153, 298217, 298782, 299272, 299722, 300084, 301147, 301180, 301529, 301619, 301902, 302358, 302486, 302807, 302954, 303460, 304257, 304417, 304508, 305186, 308086, 308981, 309260, 310523, 310558, 311715, 312072, 312169, 312414, 313337, 313604, 315513, 315710, 315738, 317315, 317371, 317805, 318069, 318561, 319737, 319989, 320113, 320644, 321149, 321798, 322585, 322740, 324548, 324808, 324957, 325599, 325682, 325691, 326066, 326525, 326697, 328226, 328264, 329211, 329391, 329470, 330076, 330714, 330955, 331049, 332235, 332274, 332933, 332948, 332999, 333185, 333737, 333813, 333929, 334074, 334130, 337174, 337193, 339214, 339607, 340597, 340609, 341269, 341697, 343828, 345152, 346068, 346583, 346822, 346910, 346951, 347403, 347433, 348011, 348462, 348924, 349153, 352142, 352961, 353389, 353925, 354037, 354095, 354136, 354445, 355450, 356698, 356880, 356957, 356962, 357034, 357398, 358303, 359256, 359615, 359870, 360825, 361489, 361510, 361542, 361960, 362100, 362115, 362124, 362782, 363342, 363448, 363547, 363700, 363735, 363811, 364583, 364695, 364929, 365216, 365401, 365966, 366136, 366151, 366181, 366237, 366252, 366279, 366307, 366330, 366471, 366538, 366750, 367339, 367491, 367710, 367870, 367899, 368007, 368249, 368618, 368646, 369000, 369084, 369191, 369530, 369634, 369682, 370094, 370194, 370206, 370323, 370806, 371333, 371741, 371952, 372226, 372622, 372669, 372926, 373060, 373142, 373892, 374035, 374162, 374189, 374217, 374230, 374581, 375478, 375591, 375656, 376189, 376452, 376751, 376791, 377393, 377414, 377450, 377504, 377554, 377689, 377896, 377904, 378029, 378274, 378438, 378462, 378670, 378809, 379147, 379281, 379390, 379399, 379418, 380066, 380114, 380373, 380841, 380848, 381346, 381352, 381388, 381400, 381665, 381971, 382750, 383544, 383616, 383626, 383632, 383759, 383877, 384165, 384345, 384357, 384406, 384431, 384490, 384560, 384888, 385337, 385458, 385915, 386278, 386492, 386639, 387582, 387665, 387672, 387677, 387722, 387960, 387969, 387998, 388198, 388257, 388302, 389575, 389591, 389655, 389695, 389717, 389722, 389760, 389779, 389813, 389950, 389982, 390891, 391240, 391568, 391883, 392031, 392452, 392528, 392539, 392676, 392692, 393015, 393209, 393852, 394369, 394394, 394458, 394558, 394729, 394789, 394838, 394921, 394932, 394990, 395623, 395770, 396094, 396655, 396885, 397408, 397947, 398458, 398467, 398544, 398653, 399151, 400049, 400056, 400097, 400194, 400224, 400671, 400707, 400752, 401459, 402220, 402356, 402512, 402889, 402971, 403067, 403134, 403468, 403542, 403569, 403868, 404352, 405008, 405576, 405842, 405892, 406198, 407068, 407300, 407746, 407961, 408641, 408740, 408754, 409435, 410497, 410603, 411239, 411315, 411460, 411479, 411695, 411720, 411792, 412018, 412250, 412674, 412682, 412713, 412800, 413324, 413633, 414838, 415288, 415538, 415911, 416132, 416183, 416198, 416472, 417262, 417903, 417925, 417929, 417941, 418166, 418551, 419033, 419310, 421152, 421162, 421287, 421393, 421454, 421475, 421787, 421875, 421971, 422069, 422145, 422180, 422193, 422236, 422740, 422829, 422914, 423001, 423132, 423233, 423337, 423674, 423733, 423837, 423866, 423961, 424374, 424410, 424518, 424753, 424834, 425158, 425243, 425593, 425739, 425892, 425990, 425999, 426012, 426054, 426095, 426113, 426124, 426162, 426208, 426346, 427443, 427735, 427947, 429142, 429730, 429825, 432164, 432974, 432984, 433049, 433051, 433054, 433059, 433062, 433072, 433149, 433184, 433508, 434257, 435068, 435330, 435365, 435909, 436095, 436138, 436607, 437294, 437655, 437899, 438278, 439329, 439790, 440784, 442370, 442374, 442396, 442513, 442528, 442569, 442636, 442757, 442795, 443918, 444338, 444728, 444856, 445138, 445668, 445676, 445997, 446784, 448234, 448303, 448375, 449631, 450300, 450324, 450364, 450377, 451013, 451029, 451099, 451748, 452461, 453359, 453442, 454026, 454067, 454094, 454102, 454197, 454247, 454274, 454335, 454343, 454355, 454550, 454681, 454780, 454956, 456454, 458827, 458835, 458900, 458928, 458940, 458960, 459157, 459415, 460232, 460912, 460925, 460939, 460956, 461240, 461260, 461307, 463379, 463391, 463826, 463994, 464622, 464625, 465421, 468366, 468756, 469192, 469461, 469477, 469592, 469942, 469973, 470109, 470129, 470293, 470346, 470402, 470428, 470453, 470520, 470563, 470749, 470788, 470962, 470978, 471257, 471394, 471839, 471957, 472000, 472496, 473029, 473377, 473425, 473896, 474243, 474293, 474298, 474683, 474785, 475555, 475606, 475612, 475949, 476099, 476162, 476776, 476782, 476847, 476951, 477031, 477034, 477273, 477292, 477306, 477314, 477335, 477439, 477470, 478635, 478671, 478865, 479043, 479131, 479537, 479648, 480193, 480340, 480404, 480843, 481473, 481510, 481646, 482405, 482609, 482764, 482767, 482876, 483179, 483478, 483508, 483538, 483541, 483734, 483742, 483929, 484009, 484145, 484354, 484366, 484860, 485264, 485390, 485831, 486308, 486321, 486583, 487556, 487603, 487652, 487867, 487876, 488747, 489210, 489558, 490064, 490086, 490195, 490284, 491343, 491347, 491473, 491494, 491769, 492110, 492274, 492279, 492314, 492333, 493159, 493758, 493770, 493913, 493953, 494003, 494094, 494313, 494322, 494349, 494505, 494588, 494624, 494649, 494666, 494683, 494733, 495578, 495590, 495664, 496152, 496631, 496698, 496745, 496794, 497204, 497220, 498105, 498112, 498285, 498330, 498940, 499636, 499891, 499993, 500008, 500035, 500070, 500133, 500165, 500376, 500420, 500460, 500757, 500802, 500890, 501053, 501415, 501426, 501626, 501797, 501808, 501982, 502175, 502434, 502953, 503045, 503291, 504044, 504367, 504449, 504922, 504996, 505003, 505008, 505057, 505396, 505883, 506241, 506298, 506517, 506529, 506540, 506578, 506761, 506783, 506971, 507071, 507825, 507959, 508268, 508779, 508942, 509202, 509527, 509726, 509752, 510955, 510991, 511149, 511173, 511291, 511327, 511759, 511775, 511874, 512444, 512506, 513019, 513540, 513636, 514031, 514602, 514720, 514749, 514868, 515004, 515128, 515270, 515422, 515803, 515922, 515942, 516010, 516355, 516372, 516673, 516721, 517862, 517976, 518071, 518218, 518333, 518459, 518517, 518636, 518902, 519030, 519419, 519622, 519917, 520052, 520171, 520392, 520507, 520635, 521378, 521491, 521680, 521715, 521949, 521992, 522014, 522619, 522769, 522950, 523062, 523608, 523622, 523675, 523771, 523851, 523909, 523918, 524162, 524192, 524277, 524372, 525024, 525467, 525740, 526328, 526396, 526442, 527337, 527389, 527459, 527561, 527687, 528681, 528830, 529596, 530393, 531676, 531696, 531739, 532043, 532248, 532590, 533721, 533791, 533818, 534037, 534045, 534061, 534337, 534731, 535001, 535038, 535260, 535565, 536284, 536344, 536563, 536826, 536884, 536912, 537062, 537188, 537231, 537720, 537894, 537953, 538207, 538226, 538474, 539557, 539564, 539568, 539594, 539712, 539796, 539818, 540109, 540246, 540532, 540683, 540833, 541011, 541069, 541141, 541175, 541207, 541807, 541871, 542451, 542479, 542545, 542553, 542664, 542879, 542912, 543081, 543443, 543559, 543675, 543760, 543831, 543957, 544028, 544039, 544101, 544377, 544505, 544590, 544627, 544982, 545010, 545620, 545656, 545668, 545695, 546018, 546064, 546119, 546126, 546151, 546388, 546458, 546882, 547006, 547008, 547849, 548452, 548553, 549567, 549692, 549829, 549836, 549998, 550405, 550698, 550837, 551248, 551259, 551403, 551457, 551627, 551702, 551752, 551765, 551795, 551896, 552145, 552349, 552429, 552608, 552628, 552636, 552754, 552936, 552947, 552966, 552993, 553375, 553499, 553838, 554006, 554040, 554332, 554366, 554436, 554477, 554496, 554565, 554970, 555056, 555074, 555086, 556323, 556541, 557398, 557420, 557441, 557490, 557546, 557700, 557795, 557957, 558189, 558376, 558584, 558759, 558864, 558920, 559166, 559169, 559392, 559522, 559766, 559852, 559950, 559972, 559976, 560363, 560435, 560524, 560587, 560599, 560644, 560668, 560822, 560963, 561022, 561078, 561272, 561322, 561643, 563928, 564046, 564102, 564350, 564384, 564546, 564591, 564665, 564693, 564984, 565229, 565315, 565318, 566171, 566245, 567844, 568262, 568366, 568853, 568859, 569643, 569797, 569872, 569931, 570082, 570611, 570874, 570885, 571060, 571361, 571477, 571494, 571606, 571909, 572054, 572237, 572674, 573781, 574236, 574548, 574667, 575493, 575526, 575659, 575731, 576091, 576303, 576470, 576887, 576944, 577394, 577499, 578063, 578447, 578568, 579162, 579286, 579391, 579400, 579972, 580185, 580813, 581221, 581369, 581631, 581657, 581690, 581756, 581862, 582082, 582188, 582440, 582760, 583059, 583250, 583431, 583928, 584147, 584631, 584673, 585662, 585858, 586622, 588258, 588426, 588702, 589432, 589707, 589716, 591253, 591262, 591344, 591352, 591356, 591410, 591694, 591945, 592447, 592996, 593063, 593334, 593338, 593368, 594077, 595633, 596219, 596233, 596264, 596397, 596488, 596504, 596516, 597129, 597272, 597573, 597585, 597603, 597641, 598375, 598765, 598768, 598791, 598855, 598882, 598898, 598910, 598915, 599350, 599365, 599515, 601001, 601103, 601855, 602332, 602915, 603153, 603266, 603295, 603365, 604115, 604140, 604332, 604557, 604665, 604766, 604866, 606259, 606390, 607106, 608653, 609062, 609988, 610681, 611295, 611643, 611943, 611973, 613057, 613172, 613175, 614121, 614461, 614647, 614698, 615512, 616293, 616370, 616578, 616679, 616850, 617553, 618301, 618881, 619158, 619492, 619856, 620150, 620384, 620741, 620746, 621107, 621204, 621240, 621675, 621677, 622099, 622164, 622772, 622849, 623224, 623390, 623859, 623871, 624556, 624562, 624844, 625413, 626861, 628076, 628214, 628222, 628958, 629630, 629643, 629658, 630311, 630480, 630526, 630571, 630718, 631382, 631453, 631561, 631950, 632218, 632451, 632578, 632589, 632735, 632764, 632777, 632988, 633050, 633247, 633706, 633745, 633797, 633857, 634125, 635148, 635374, 635946, 636067, 636087, 636371, 636441, 636874, 637193, 637428, 637672, 638061, 638109, 638280, 638527, 638720, 638806, 638889, 638964, 639136, 639489, 639713, 639863, 640484, 641008, 641113, 641210, 641217, 641223, 641309, 641313]
11,46,[473, 581, 1537, 2360, 2458, 2477, 2714, 2949, 3288, 4333, 4458, 4641, 5004, 5669, 5913, 7033, 7761, 8082, 8367, 8426, 9959, 10097, 10241, 10700, 11501, 13155, 13668, 14330, 15242, 15271, 15417, 15420, 15498, 15628, 15990, 16467, 16563, 16693, 17101, 17510, 17785, 17814, 18371, 19071, 19847, 20079]
12,50,[185, 498, 1478, 2071, 2744, 3788, 4040, 4097, 6023, 6282, 6290, 6699, 7824, 8120, 8208, 8353, 8461, 8687, 9507, 9593, 9991, 10072, 10433, 10624, 10775, 11308, 11765, 12157, 12174, 12723, 13464, 13851, 14840, 14843, 14866, 15959, 17272, 17326, 17399, 18578, 19011, 19079, 19309, 19654, 20212, 20378, 20758, 21410, 21524, 21723]
13,1,[1545]
14,8,[122074, 126232, 129086, 142379, 150132, 173012, 177542, 183501]
15,179,[1526, 1676, 3619, 3675, 4320, 6136, 6276, 8445, 8732, 8805, 8839, 8842, 8845, 8846, 9304, 13951, 14134, 16208, 16426, 17084, 20978, 21003, 22512, 24416, 24787, 25329, 26233, 27078, 28450, 29324, 29566, 29568, 29993, 31010, 31652, 31867, 32039, 32152, 32168, 32879, 33939, 33951, 33957, 34129, 34130, 34517, 36198, 38094, 38336, 39062, 39122, 40375, 41380, 41801, 42295, 42426, 42788, 44820, 50320, 51220, 51723, 51958, 51962, 52682, 52693, 52696, 53073, 53440, 53906, 54898, 55053, 55834, 57061, 58350, 66789, 67350, 67770, 69691, 70711, 71400, 73759, 76424, 78037, 78056, 78880, 78929, 79856, 80044, 80924, 81893, 83992, 84056, 88065, 90146, 91881, 91983, 92044, 92558, 96328, 96607, 97256, 99063, 99325, 99801, 100401, 100760, 100963, 101124, 101918, 102303, 102679, 103826, 105409, 105411, 107760, 108476, 117063, 117596, 120755, 124015, 124297, 124623, 125339, 126487, 127176, 127794, 129746, 132354, 132411, 132518, 133234, 139222, 141003, 143096, 143097, 143618, 144450, 147262, 147852, 147872, 147890, 147900, 147922, 150095, 150107, 150109, 150143, 150163, 150167, 150176, 151043, 152932, 153403, 153417, 154360, 154636, 155180, 155306, 155311, 157264, 157270, 157477, 157521, 157553, 157589, 158385, 158739, 158856, 159111, 159151, 160735, 160856, 160960, 163782, 163815, 167022, 170373, 170998, 172942]
16,71,[57, 59, 67, 264, 541, 1053, 2230, 2438, 2774, 3135, 3541, 4060, 4927, 4929, 5157, 5539, 6495, 7087, 7265, 7595, 8127, 8174, 8753, 8882, 8900, 8957, 10268, 10515, 11021, 11088, 11617, 11790, 11938, 11989, 13565, 13677, 14985, 15229, 16226, 17608, 17896, 17902, 17908, 19237, 20655, 20708, 23230, 23689, 24183, 25369, 25640, 25781, 26042, 27341, 30239, 30501, 32478, 32624, 33631, 33711, 33842, 34005, 34465, 34616, 34824, 34940, 35477, 35797, 36303, 37370, 37396]
17,785,[63, 83, 226, 468, 750, 1223, 4016, 4095, 4699, 5494, 5511, 5872, 5891, 5909, 5939, 6024, 6104, 6191, 6861, 7001, 7124, 7227, 7293, 7325, 8076, 10334, 10458, 10587, 10596, 10703, 11606, 11834, 12083, 12126, 12149, 12165, 12209, 12253, 12266, 12728, 14349, 15616, 15643, 17747, 18213, 18567, 18594, 19090, 19240, 19557, 19595, 19802, 20226, 20264, 20274, 20313, 20366, 20446, 20648, 20956, 21206, 21438, 21455, 21488, 21584, 21633, 22331, 23898, 25420, 25650, 25699, 26095, 26369, 26427, 26940, 27300, 27509, 27659, 27799, 27891, 28282, 29070, 29175, 29283, 29429, 29435, 29442, 29447, 29484, 29666, 29700, 29777, 29830, 30583, 30670, 30705, 30783, 30792, 30920, 30982, 31099, 31157, 31318, 31629, 31739, 31978, 32259, 32437, 33011, 33183, 33197, 33225, 33280, 33294, 33320, 33347, 33370, 33522, 33589, 33801, 34383, 34535, 34757, 34916, 34945, 35055, 35296, 35673, 35701, 36047, 36167, 36197, 36280, 36624, 36727, 36776, 36901, 37086, 37138, 37241, 37412, 37522, 37555, 37645, 37651, 37783, 38250, 38554, 38919, 39112, 39387, 39412, 39423, 39475, 39509, 39671, 39818, 40017, 40108, 40287, 40625, 40655, 40685, 41149, 41612, 42168, 42218, 42394, 42526, 42561, 42879, 43504, 44376, 44647, 44658, 45031, 45039, 45091, 45252, 45534, 46001, 46068, 46302, 47163, 47869, 48054, 48480, 50128, 50441, 50522, 50654, 50986, 50992, 51149, 51173, 51210, 51381, 52398, 52746, 53238, 54257, 54315, 54333, 54665, 54754, 54770, 56332, 56375, 56547, 57002, 57639, 57678, 57750, 57884, 57943, 58032, 58050, 58174, 58226, 58312, 58588, 58652, 58701, 58774, 58814, 59002, 59077, 59917, 60132, 60160, 60954, 61058, 61610, 61661, 61717, 62486, 62503, 62695, 63364, 63381, 63523, 63551, 64631, 64880, 64900, 64933, 65226, 65270, 65291, 65341, 65392, 65564, 65627, 66035, 66060, 66074, 66423, 66758, 66796, 66814, 66921, 67015, 67382, 67999, 68200, 68308, 68501, 68507, 68512, 68734, 68953, 69078, 69150, 69183, 69322, 69369, 69524, 70315, 71490, 71677, 71725, 71849, 71861, 72114, 72339, 72662, 72679, 72794, 73734, 75282, 75438, 76757, 76768, 76783, 77640, 78176, 79698, 79901, 79998, 80239, 81212, 83805, 84624, 85446, 85618, 85815, 85889, 85968, 85991, 86308, 86443, 86455, 86860, 87078, 87392, 87420, 87458, 87466, 87491, 87497, 87592, 87684, 87693, 87726, 87994, 88031, 88052, 88296, 88767, 90083, 90209, 90472, 91196, 91451, 91464, 91517, 91601, 92515, 92577, 92703, 92845, 93599, 94114, 94135, 95314, 96728, 97097, 97591, 98030, 98283, 98316, 100082, 100347, 101278, 101648, 101787, 102006, 102864, 102919, 103029, 103210, 103499, 103942, 103973, 103994, 104644, 105339, 105854, 106561, 106816, 108215, 108484, 108789, 109407, 110318, 111406, 111494, 112276, 112699, 113168, 113877, 114372, 114721, 115012, 115083, 117175, 117193, 117499, 118084, 118095, 121000, 121128, 122654, 122695, 122898, 122930, 123152, 123190, 123455, 123543, 124751, 125039, 125041, 125052, 125057, 125936, 125970, 126075, 126118, 126225, 127147, 127175, 127383, 127957, 128205, 128401, 129344, 129480, 129953, 130698, 130737, 130764, 130790, 130807, 130817, 131169, 131195, 131398, 132657, 132704, 132818, 132856, 132896, 132923, 133200, 134566, 134756, 135466, 135509, 135519, 135972, 136312, 136419, 136839, 136861, 137168, 137221, 137243, 139122, 139207, 139221, 139355, 140712, 141102, 141118, 141177, 141821, 142483, 142585, 143395, 143719, 143829, 144051, 144074, 144086, 144158, 144168, 144179, 144415, 144889, 145141, 145449, 145710, 145807, 145848, 146329, 146394, 146517, 146575, 146691, 146909, 146966, 146987, 147226, 147278, 147561, 147651, 148007, 148032, 148058, 148066, 148160, 150482, 150785, 150835, 150899, 152963, 153354, 154073, 154103, 154111, 154634, 154942, 155271, 155547, 155601, 155963, 156120, 156423, 156694, 156707, 156897, 157169, 157628, 157787, 157805, 158146, 158156, 158337, 158399, 158412, 158534, 158611, 158703, 158730, 158811, 158845, 159076, 159894, 159909, 159924, 160423, 161222, 161368, 161881, 162498, 162839, 162967, 163113, 163241, 163334, 163360, 163454, 163636, 163725, 163781, 163821, 163979, 164419, 164435, 164461, 164537, 164642, 164794, 165101, 165140, 165399, 165556, 165682, 165960, 166096, 166103, 166478, 166501, 166564, 166705, 167051, 167111, 167216, 167238, 167510, 167748, 168169, 168531, 168766, 168837, 168904, 169121, 169249, 169288, 169435, 169662, 169725, 169865, 169981, 170009, 170027, 170390, 170396, 170410, 171034, 171054, 171066, 172886, 173215, 173684, 174383, 174613, 174665, 174687, 174751, 174830, 174943, 174988, 175004, 175013, 175192, 175236, 176230, 176328, 176442, 176501, 176659, 177039, 177212, 177244, 177488, 177495, 177541, 177560, 177652, 177656, 177679, 177721, 179046, 179421, 179468, 180101, 180128, 180362, 180635, 180869, 181345, 181659, 181855, 181876, 181936, 182151, 182178, 182723, 182770, 183873, 183909, 183985, 184229, 184381, 184604, 184767, 184797, 184834, 184855, 184886, 184909, 184956, 184958, 185058, 185171, 185260, 185280, 185293, 185344, 185379, 185420, 185502, 185571, 185906, 186401, 186413, 186487, 186973, 187051, 187060, 187568, 188088, 188222, 188665, 188690, 188803, 188819, 189372, 189514, 189593, 189791, 190162, 190242, 191349, 191900, 192321, 192584, 192614, 192651, 192973, 193231, 193276, 193534, 193576, 193666, 193746, 193782, 194065, 194327, 194450, 194469, 194772, 194791, 194840, 194898, 194907, 195038, 195068, 195189, 195305, 195394, 195474, 195491, 195740, 195847, 196573, 196655, 196688, 196837, 196847, 197433, 197750, 197766, 197777, 197789, 197799, 197819, 197861, 197889, 197952, 197962, 198035, 198042, 198328, 198728, 198818, 199207, 200428, 200548, 200611, 200645, 200725, 201219, 201402, 201838, 202232, 202467, 202493, 202877, 202894, 202921, 203059, 203253, 205756, 205790, 205924, 205946, 206830, 208424, 209525, 209705, 210278, 210316, 210463, 210600, 210666, 211594, 211613, 212363, 212734, 214537, 214585, 214601, 214636, 214960, 216167, 216213, 216692, 217344, 217463, 217469, 217798, 217864]
18,25,[5430, 12842, 18771, 20236, 24209, 26599, 33738, 39083, 41477, 42521, 44432, 51580, 52017, 53953, 56118, 60463, 61324, 70397, 101004, 101520, 102456, 123805, 124849, 132671, 140573]
19,36,[2818, 2824, 3490, 6347, 6483, 6725, 6764, 6769, 7907, 8047, 9172, 10902, 12141, 14021, 14847, 17868, 18126, 18598, 18601, 22921, 23233, 23711, 23716, 23743, 24788, 24793, 25201, 25909, 26395, 26441, 26493, 26611, 26660, 26757, 27001, 27007]
20,36,[9345, 10050, 10982, 19874, 21543, 22089, 23429, 23572, 24564, 25836, 27508, 32165, 38684, 40082, 40548, 40802, 44493, 44778, 45986, 48579, 49836, 50265, 50275, 51332, 57166, 58080, 58611, 58697, 59260, 59688, 60850, 61565, 63720, 64985, 65773, 65878]
21,30,[6199, 6431, 6715, 10182, 10194, 12632, 12646, 13019, 13069, 14133, 14929, 15638, 15839, 17656, 18475, 18609, 21254, 22089, 24612, 24684, 25135, 25362, 25645, 25927, 27067, 27656, 28051, 29346, 30701, 30972]
22,294,[860, 865, 1405, 1526, 3652, 3989, 3991, 4000, 4181, 5387, 5389, 5572, 5577, 6808, 6812, 7505, 7741, 8709, 9053, 9055, 9158, 9160, 9161, 9540, 9543, 9776, 10376, 10401, 10713, 10940, 12196, 13399, 13807, 14184, 15281, 15371, 15703, 15791, 15802, 17199, 17201, 17204, 17905, 17914, 17973, 18477, 18479, 18482, 18484, 19008, 19010, 19012, 19014, 19280, 19318, 20181, 20183, 20186, 20188, 20191, 20193, 20195, 20223, 20375, 20401, 20421, 20770, 20794, 20795, 20796, 23143, 23224, 23226, 23625, 25098, 27238, 27861, 31465, 31873, 31876, 35293, 35745, 37963, 38701, 38710, 38723, 38736, 38911, 39222, 39225, 39260, 39264, 39265, 39290, 39508, 39633, 39634, 39637, 39639, 39674, 39678, 39683, 39694, 39696, 39697, 39700, 39717, 40005, 40007, 40134, 40184, 41257, 41536, 41626, 41632, 41660, 41836, 41852, 41889, 42700, 44315, 45159, 45169, 45707, 46658, 46739, 46757, 47091, 47130, 47281, 49260, 57866, 57868, 57871, 57873, 57875, 57894, 58889, 58903, 59750, 60179, 63566, 63569, 63575, 64032, 64813, 64918, 65103, 65105, 65901, 66619, 66625, 66627, 66629, 67180, 69626, 70681, 71027, 71033, 71042, 71060, 72862, 74451, 74454, 75185, 75188, 75311, 75313, 75321, 75633, 78556, 81713, 81757, 82053, 82677, 85210, 86221, 86223, 86225, 87223, 87225, 87251, 87645, 88130, 88633, 88661, 88748, 89006, 92316, 92389, 92966, 94149, 94730, 96425, 97192, 97193, 97194, 97196, 97228, 97229, 99396, 99554, 100926, 102060, 103450, 106224, 106227, 106275, 106277, 106279, 106566, 107328, 107773, 108025, 108028, 108560, 108805, 108838, 108995, 108998, 109000, 109167, 109230, 110343, 110347, 110767, 110769, 111087, 111089, 111136, 111246, 112428, 112430, 112432, 112735, 112738, 112741, 113417, 113422, 113520, 113541, 113554, 113598, 114327, 115640, 116265, 119068, 119070, 119100, 119189, 119539, 120000, 120002, 120067, 120490, 120613, 120706, 120709, 120710, 120737, 120906, 120907, 121071, 121446, 121837, 122142, 122143, 122162, 122249, 124420, 124775, 125009, 125491, 125494, 126106, 126531, 128303, 129017, 129798, 131912, 137318, 137945, 138571, 140645, 140648, 142884, 146935, 150102, 152343, 152441, 152442, 155524, 157451, 158236]
23,38,[2432, 2495, 2584, 2591, 2600, 2731, 3570, 3646, 8320, 8335, 8763, 9312, 12180, 15311, 15394, 16617, 16736, 16737, 17712, 18253, 18260, 18555, 18701, 19215, 19396, 22203, 23934, 24225, 24232, 24248, 24298, 24302, 24303, 24329, 24986, 25440, 27672, 30384]
24,116,[319, 771, 860, 1522, 1997, 2922, 2940, 3395, 3584, 3736, 3861, 3876, 3888, 3902, 6048, 6078, 6281, 6513, 6531, 6589, 6607, 6679, 6726, 6961, 7679, 8263, 8323, 10485, 10782, 10940, 13478, 13556, 13708, 13799, 13887, 14160, 14434, 16085, 16284, 16595, 17007, 17037, 17451, 17736, 18191, 18695, 19011, 19279, 19479, 19992, 20068, 20425, 20710, 20832, 21125, 22162, 22265, 22391, 22790, 22862, 23631, 24075, 24416, 24569, 24743, 24795, 24820, 25017, 25574, 26001, 26920, 27023, 27587, 27672, 27807, 29406, 29478, 29633, 29636, 30333, 30861, 30884, 30895, 32121, 32594, 33513, 34007, 34690, 35386, 35736, 35944, 35956, 36269, 37103, 39257, 39671, 39760, 39817, 39927, 40031, 40137, 40518, 40720, 41863, 42532, 42584, 42743, 43088, 43245, 43407, 43551, 43844, 44301, 44658, 44828, 44911]
25,10,[116975, 120938, 123602, 136432, 143941, 166115, 170303, 176026, 179758, 182900]
26,38,[10602, 11551, 20592, 22289, 22844, 24199, 24341, 25341, 25386, 26636, 28336, 33038, 39628, 41022, 41487, 41739, 45462, 45761, 46987, 49600, 50882, 51313, 51323, 52388, 58320, 59266, 59807, 59895, 60517, 60972, 62147, 62869, 63532, 65098, 65751, 66391, 67189, 67293]
27,189,[4507, 5356, 6303, 6552, 7616, 7748, 7932, 7938, 7972, 8345, 9026, 9095, 9513, 9515, 11090, 11909, 12602, 13622, 13713, 14690, 14979, 15600, 15603, 17419, 18040, 18249, 18269, 19185, 19429, 19586, 20623, 21484, 21740, 22153, 22426, 22484, 22528, 22905, 23762, 23781, 23793, 23812, 24021, 24031, 24044, 25468, 27976, 29911, 29918, 30111, 30130, 31792, 32681, 34134, 34149, 34561, 36745, 36808, 37093, 37626, 37631, 37724, 37750, 38372, 40562, 41018, 41439, 41483, 44635, 44850, 45666, 46101, 47949, 48007, 48196, 48954, 50060, 51036, 51118, 51175, 51219, 51636, 51907, 52274, 52546, 53092, 53157, 53451, 53505, 54169, 54343, 55162, 55315, 55667, 55682, 55838, 56682, 57841, 58000, 58408, 58451, 60578, 60951, 61144, 61542, 61881, 62088, 62140, 62179, 62203, 62335, 62859, 62878, 64903, 65321, 66385, 66410, 67110, 67155, 67178, 67277, 68006, 69132, 69275, 69735, 70351, 71661, 71825, 72770, 72995, 73037, 73676, 73723, 74628, 74803, 74979, 75924, 78860, 81820, 82357, 82570, 82581, 85181, 87811, 94892, 99854, 100055, 100768, 100774, 100928, 101051, 101164, 101284, 101411, 101549, 101693, 102126, 102218, 102530, 102599, 102683, 102684, 102745, 102823, 102830, 102833, 102847, 103523, 103737, 103744, 104107, 104222, 104752, 105452, 105466, 105710, 105764, 105862, 106450, 107331, 107493, 108019, 108498, 108567, 108674, 108706, 108884, 109402, 109558]
28,28,[3079, 3389, 4466, 4669, 5273, 5300, 5316, 5480, 5683, 5725, 6413, 6499, 7224, 7267, 8086, 8093, 9297, 9317, 9459, 9696, 10256, 10364, 10756, 10822, 10847, 10868, 11284, 11742]
30,1971,[2298, 3248, 3378, 3441, 3486, 4764, 6250, 6273, 6324, 7415, 7607, 7630, 8155, 8705, 9032, 9881, 10063, 10071, 10300, 10534, 11410, 12503, 12509, 12902, 13143, 14863, 15408, 15505, 15859, 16479, 17478, 17801, 17804, 19008, 19367, 19455, 20180, 20382, 21187, 21268, 22461, 22500, 22624, 22708, 22791, 23294, 23316, 25196, 25319, 25699, 25934, 25974, 25988, 26013, 26068, 26184, 27798, 27901, 27919, 28008, 28084, 28204, 28262, 28344, 28380, 28423, 29195, 29225, 29295, 29353, 29392, 29877, 30237, 30685, 30791, 31318, 31879, 31889, 32109, 32565, 32871, 32926, 32939, 33017, 33191, 33279, 33491, 33516, 35417, 35761, 35795, 35836, 36941, 37667, 38037, 38277, 38942, 38963, 38966, 38985, 39474, 39846, 40727, 41595, 41721, 42461, 42800, 42865, 43042, 43051, 43357, 43514, 43577, 43641, 43673, 43831, 43853, 43880, 43896, 44253, 44348, 44620, 45242, 45534, 46165, 46313, 46336, 46344, 46563, 46610, 46629, 47307, 47357, 49709, 49717, 51314, 52018, 52672, 53016, 53423, 53496, 53513, 54184, 54460, 55055, 60294, 60427, 64163, 64193, 64245, 65602, 66123, 67268, 67969, 67995, 68086, 68180, 68207, 68289, 68764, 69252, 69286, 69681, 69850, 69891, 69943, 70007, 71511, 71601, 72900, 72913, 72940, 73773, 75028, 75476, 75526, 77937, 80815, 81092, 82175, 82188, 82549, 82753, 82790, 85299, 85483, 86593, 87103, 87203, 87298, 87700, 88224, 88512, 89157, 89503, 89801, 90441, 90452, 90597, 90650, 91217, 91525, 91813, 91852, 92357, 92760, 92948, 93255, 93589, 94024, 94397, 94686, 94702, 94827, 94836, 94907, 94957, 95022, 95440, 95485, 95605, 95689, 95693, 95807, 96085, 96445, 96523, 96563, 96648, 97542, 98666, 101080, 102945, 103216, 103242, 103267, 104003, 104319, 104452, 105291, 105363, 106151, 108117, 108541, 109768, 110207, 111913, 112693, 113077, 113297, 113381, 114087, 115184, 115690, 116638, 116782, 117117, 117128, 117180, 117389, 117460, 118034, 118567, 118650, 120087, 120107, 120456, 120682, 120997, 121202, 121377, 121457, 121542, 122281, 122534, 122576, 122664, 122890, 122920, 123100, 123553, 123579, 123771, 124099, 124697, 124796, 124809, 125013, 125020, 125601, 125822, 126050, 126153, 127090, 127805, 128914, 128924, 129297, 129575, 129681, 129698, 129782, 129818, 129859, 130108, 130370, 130379, 130397, 130478, 130967, 131102, 131536, 132207, 132221, 132232, 132709, 132713, 132726, 133695, 133740, 133753, 134307, 134383, 134840, 135873, 137366, 139189, 139304, 140682, 142333, 142434, 142450, 142853, 143067, 143080, 143087, 144076, 144547, 144811, 146031, 146651, 146716, 147474, 147808, 147825, 148849, 148987, 149182, 149459, 150320, 150350, 150382, 150400, 150410, 150530, 150546, 150615, 150774, 150809, 150860, 150930, 150960, 150970, 151097, 151967, 151996, 152116, 152632, 152943, 153282, 153390, 153491, 153622, 154587, 154595, 154646, 154904, 155336, 155385, 156368, 157288, 157330, 157623, 157790, 158074, 158856, 159086, 159488, 159493, 159518, 160073, 160455, 160482, 160521, 161282, 161524, 161990, 162167, 162415, 163091, 163176, 163221, 163231, 163762, 163893, 163906, 164436, 164868, 165288, 166306, 166318, 166426, 166447, 166508, 166528, 166561, 166626, 166856, 167028, 167078, 167089, 167094, 167130, 167151, 167172, 167190, 167269, 167464, 167477, 167511, 167726, 167909, 168014, 168238, 168999, 169315, 169448, 169512, 169529, 169564, 169586, 169598, 169952, 171533, 171586, 171594, 171615, 171752, 171858, 172192, 172211, 172556, 172560, 172691, 173052, 173084, 173314, 174513, 174952, 174978, 175169, 175224, 175285, 175594, 176138, 176219, 176820, 176904, 176974, 176991, 177010, 177100, 177205, 177213, 177272, 177283, 177401, 177794, 178180, 178456, 178761, 178883, 179066, 179239, 179414, 179712, 179768, 181149, 181190, 182055, 182485, 183436, 184160, 184234, 185072, 185077, 185129, 185219, 185402, 185458, 185663, 186449, 187225, 187733, 188104, 188742, 188758, 189605, 189633, 189646, 189777, 190359, 190493, 190816, 191210, 191221, 191275, 191285, 191441, 192035, 192121, 192457, 192459, 192692, 192885, 192965, 193047, 193125, 193292, 193564, 194900, 195068, 195117, 195241, 195375, 195431, 195599, 196204, 196215, 198834, 199067, 199478, 199546, 199696, 199740, 200023, 200028, 200222, 200298, 201262, 201595, 201916, 203471, 205826, 206004, 206346, 206646, 208088, 208775, 209768, 209854, 210063, 210253, 210288, 210834, 211015, 211197, 211476, 211676, 211885, 212670, 212744, 214310, 214391, 214690, 214709, 215156, 216031, 216643, 216650, 216659, 216756, 217091, 217116, 218765, 219431, 219509, 219590, 219605, 219652, 219666, 219816, 221036, 221275, 221330, 221747, 221994, 222102, 222480, 222569, 222610, 222630, 222948, 223271, 223533, 224038, 224072, 224124, 224224, 224228, 224324, 224616, 224809, 225750, 226128, 226206, 226457, 226740, 227006, 227516, 229288, 230829, 230964, 232560, 232686, 232891, 233063, 233088, 233316, 233459, 233800, 233937, 234048, 234057, 234076, 234561, 234611, 244216, 244624, 244976, 245924, 245935, 246248, 247004, 248089, 248614, 248748, 249417, 249588, 252171, 255143, 255193, 255828, 257736, 258040, 258422, 258711, 258730, 259902, 260135, 260843, 260918, 261119, 261305, 262462, 263504, 264576, 265294, 265326, 265629, 265748, 265940, 266995, 267325, 267415, 267650, 268875, 268994, 269125, 270688, 271788, 271971, 272053, 272209, 273367, 273426, 273894, 276454, 278378, 278622, 279132, 280503, 281969, 282428, 282722, 282902, 283803, 283895, 284069, 285130, 285185, 286090, 286116, 286126, 286215, 286300, 286308, 288030, 289075, 291258, 291803, 292308, 292442, 292528, 292957, 293086, 294044, 294081, 294149, 294335, 294426, 294535, 294705, 294744, 295465, 296513, 297564, 297592, 297742, 297755, 297988, 297995, 298059, 298624, 299114, 299564, 299926, 300989, 301022, 301371, 301461, 301744, 302200, 302328, 302649, 302796, 303302, 304099, 304259, 304350, 305028, 307928, 308823, 309102, 310365, 310400, 311556, 311913, 312010, 312255, 313178, 313445, 315354, 315551, 315579, 317156, 317212, 317646, 317910, 318402, 319578, 319830, 319954, 320485, 320990, 321639, 322426, 322581, 324389, 324649, 324798, 325440, 325523, 325532, 325907, 326366, 326538, 328067, 328105, 329052, 329232, 329311, 329917, 330555, 330796, 330890, 332076, 332115, 332774, 332789, 332840, 333026, 333578, 333654, 333770, 333915, 333971, 337015, 337034, 339055, 339448, 340438, 340450, 341110, 341538, 343669, 344993, 345909, 346424, 346663, 346751, 346792, 347244, 347274, 347852, 348303, 348765, 348994, 351983, 352802, 353230, 353766, 353878, 353936, 353977, 354286, 355291, 356539, 356720, 356797, 356802, 356874, 357238, 358143, 359096, 359455, 359710, 360665, 361329, 361350, 361382, 361800, 361940, 361955, 361964, 362622, 363179, 363285, 363384, 363537, 363572, 363648, 364420, 364532, 364766, 365053, 365238, 365803, 365973, 365988, 366018, 366074, 366089, 366116, 366144, 366167, 366308, 366375, 366587, 367176, 367328, 367547, 367707, 367736, 367844, 368086, 368455, 368483, 368837, 368921, 369028, 369367, 369471, 369519, 369931, 370031, 370043, 370160, 370643, 371170, 371578, 371789, 372063, 372459, 372506, 372763, 372897, 372979, 373729, 373872, 373999, 374026, 374054, 374067, 374418, 375315, 375428, 375493, 376026, 376289, 376588, 376628, 377230, 377251, 377287, 377341, 377391, 377526, 377733, 377741, 377866, 378111, 378275, 378299, 378507, 378646, 378984, 379118, 379227, 379236, 379255, 379903, 379951, 380210, 380678, 380685, 381183, 381189, 381225, 381237, 381502, 381808, 382587, 383381, 383453, 383463, 383469, 383596, 383714, 384002, 384182, 384194, 384243, 384268, 384327, 384397, 384725, 385174, 385295, 385752, 386115, 386329, 386476, 387419, 387502, 387509, 387514, 387559, 387797, 387806, 387835, 388035, 388094, 388139, 389412, 389428, 389492, 389532, 389554, 389559, 389597, 389616, 389650, 389787, 389819, 390728, 391077, 391405, 391720, 391868, 392289, 392365, 392376, 392513, 392529, 392849, 393043, 393686, 394203, 394228, 394292, 394392, 394563, 394623, 394672, 394755, 394766, 394824, 395457, 395604, 395928, 396489, 396719, 397242, 397781, 398292, 398301, 398378, 398487, 398985, 399883, 399890, 399931, 400028, 400058, 400505, 400541, 400586, 401293, 402054, 402190, 402346, 402723, 402805, 402901, 402968, 403302, 403376, 403403, 403702, 404186, 404842, 405410, 405676, 405726, 406032, 406902, 407134, 407580, 407795, 408475, 408574, 408588, 409269, 410331, 410437, 411073, 411149, 411294, 411313, 411529, 411554, 411626, 411852, 412084, 412508, 412516, 412547, 412634, 413158, 413467, 414672, 415122, 415372, 415745, 415966, 416017, 416032, 416306, 417096, 417737, 417759, 417763, 417775, 418000, 418385, 418867, 419144, 420986, 420996, 421121, 421227, 421288, 421309, 421621, 421709, 421805, 421903, 421979, 422014, 422027, 422070, 422574, 422663, 422748, 422835, 422966, 423067, 423171, 423508, 423567, 423671, 423700, 423795, 424208, 424244, 424352, 424587, 424668, 424992, 425077, 425427, 425573, 425726, 425824, 425833, 425846, 425888, 425929, 425947, 425958, 425996, 426042, 426180, 427276, 427568, 427780, 428975, 429563, 429658, 431994, 432804, 432814, 432879, 432881, 432884, 432889, 432892, 432902, 432979, 433014, 433338, 434087, 434898, 435160, 435195, 435739, 435925, 435968, 436437, 437124, 437485, 437729, 438108, 439159, 439620, 440614, 442200, 442204, 442226, 442343, 442358, 442399, 442466, 442587, 442625, 443748, 444168, 444558, 444686, 444968, 445498, 445506, 445827, 446614, 448064, 448133, 448205, 449461, 450130, 450154, 450194, 450207, 450843, 450859, 450929, 451578, 452291, 453189, 453272, 453856, 453897, 453924, 453932, 454027, 454077, 454104, 454165, 454173, 454185, 454380, 454511, 454610, 454786, 456284, 458657, 458665, 458730, 458758, 458770, 458790, 458987, 459245, 460062, 460742, 460755, 460769, 460786, 461070, 461090, 461137, 463208, 463220, 463655, 463823, 464451, 464454, 465250, 468195, 468585, 469021, 469290, 469306, 469421, 469771, 469802, 469938, 469958, 470122, 470175, 470231, 470257, 470282, 470349, 470392, 470578, 470617, 470791, 470807, 471086, 471223, 471669, 471787, 471830, 472326, 472859, 473207, 473255, 473726, 474073, 474123, 474128, 474513, 474615, 475385, 475436, 475442, 475780, 475930, 475993, 476607, 476613, 476678, 476782, 476862, 476865, 477104, 477123, 477137, 477145, 477166, 477270, 477301, 478467, 478503, 478697, 478875, 478963, 479369, 479480, 480025, 480172, 480236, 480675, 481306, 481344, 481480, 482239, 482444, 482599, 482602, 482711, 483014, 483313, 483343, 483373, 483376, 483569, 483577, 483764, 483844, 483980, 484189, 484201, 484695, 485100, 485226, 485667, 486145, 486158, 486420, 487394, 487441, 487490, 487705, 487714, 488586, 489049, 489397, 489904, 489926, 490035, 490124, 491183, 491187, 491313, 491334, 491609, 491950, 492114, 492119, 492154, 492173, 492999, 493598, 493610, 493753, 493793, 493843, 493934, 494153, 494162, 494189, 494345, 494428, 494464, 494489, 494506, 494523, 494573, 495419, 495431, 495505, 495993, 496462, 496529, 496576, 496625, 497035, 497051, 497936, 497943, 498116, 498161, 498771, 499467, 499722, 499824, 499839, 499866, 499901, 499964, 499996, 500207, 500251, 500291, 500588, 500633, 500721, 500884, 501246, 501257, 501457, 501628, 501639, 501813, 502006, 502265, 502784, 502876, 503122, 503875, 504198, 504280, 504753, 504827, 504834, 504839, 504888, 505227, 505714, 506072, 506129, 506348, 506360, 506371, 506409, 506592, 506614, 506802, 506902, 507656, 507790, 508099, 508610, 508773, 509033, 509358, 509557, 509583, 510786, 510822, 510980, 511004, 511122, 511158, 511590, 511606, 511705, 512275, 512337, 512850, 513371, 513467, 513862, 514433, 514551, 514580, 514699, 514835, 514959, 515101, 515253, 515631, 515750, 515770, 515838, 516183, 516200, 516501, 516549, 517690, 517804, 517899, 518046, 518161, 518287, 518345, 518464, 518730, 518858, 519247, 519450, 519745, 519880, 519999, 520220, 520335, 520463, 521206, 521319, 521508, 521543, 521777, 521820, 521842, 522447, 522597, 522778, 522890, 523436, 523450, 523503, 523599, 523679, 523737, 523746, 523990, 524020, 524105, 524200, 524852, 525295, 525568, 526156, 526224, 526270, 527165, 527217, 527287, 527389, 527515, 528506, 528655, 529421, 530218, 531501, 531521, 531564, 531868, 532073, 532415, 533546, 533616, 533643, 533862, 533870, 533886, 534162, 534556, 534826, 534863, 535085, 535390, 536109, 536169, 536388, 536651, 536709, 536737, 536887, 537013, 537056, 537545, 537719, 537778, 538032, 538051, 538299, 539382, 539389, 539393, 539419, 539537, 539621, 539643, 539934, 540071, 540357, 540508, 540658, 540836, 540894, 540966, 541000, 541032, 541632, 541696, 542276, 542304, 542370, 542378, 542489, 542704, 542737, 542906, 543268, 543384, 543500, 543585, 543656, 543782, 543853, 543864, 543926, 544202, 544330, 544415, 544452, 544807, 544835, 545445, 545481, 545493, 545520, 545843, 545889, 545944, 545951, 545976, 546213, 546283, 546707, 546831, 546833, 547674, 548277, 548378, 549389, 549514, 549651, 549658, 549820, 550227, 550520, 550659, 551070, 551081, 551225, 551279, 551449, 551524, 551574, 551587, 551617, 551718, 551967, 552171, 552251, 552430, 552450, 552458, 552576, 552758, 552769, 552788, 552815, 553197, 553321, 553660, 553828, 553862, 554154, 554188, 554258, 554299, 554318, 554387, 554792, 554878, 554896, 554908, 556145, 556363, 557220, 557242, 557263, 557312, 557368, 557522, 557617, 557779, 558011, 558198, 558406, 558581, 558686, 558742, 558988, 558991, 559214, 559344, 559588, 559674, 559772, 559794, 559798, 560185, 560257, 560346, 560409, 560421, 560466, 560490, 560644, 560785, 560844, 560900, 561094, 561144, 561465, 563750, 563868, 563924, 564172, 564206, 564366, 564411, 564485, 564513, 564804, 565049, 565135, 565138, 565991, 566065, 567664, 568082, 568186, 568673, 568679, 569463, 569617, 569692, 569751, 569902, 570431, 570694, 570705, 570880, 571181, 571297, 571314, 571426, 571729, 571874, 572057, 572494, 573601, 574056, 574368, 574487, 575313, 575346, 575479, 575551, 575911, 576123, 576290, 576707, 576764, 577214, 577319, 577883, 578267, 578388, 578982, 579106, 579211, 579220, 579792, 580005, 580633, 581041, 581189, 581451, 581477, 581510, 581576, 581682, 581902, 582008, 582260, 582580, 582879, 583070, 583251, 583748, 583967, 584446, 584488, 585477, 585673, 586437, 588073, 588241, 588517, 589247, 589522, 589531, 591068, 591077, 591159, 591167, 591171, 591225, 591509, 591754, 592256, 592805, 592872, 593143, 593147, 593177, 593886, 595442, 596028, 596042, 596073, 596206, 596297, 596313, 596325, 596938, 597081, 597382, 597394, 597412, 597450, 598184, 598574, 598577, 598600, 598664, 598691, 598707, 598719, 598724, 599153, 599168, 599318, 600804, 600906, 601658, 602135, 602718, 602956, 603069, 603098, 603168, 603913, 603938, 604130, 604355, 604463, 604564, 604664, 606052, 606183, 606899, 608441, 608850, 609771, 610464, 611078, 611420, 611720, 611750, 612828, 612943, 612946, 613887, 614227, 614413, 614464, 615278, 616054, 616131, 616339, 616440, 616611, 617310, 618049, 618629, 618906, 619240, 619604, 619898, 620132, 620489, 620494, 620855, 620952, 620988, 621423, 621425, 621847, 621912, 622520, 622597, 622972, 623138, 623605, 623617, 624302, 624308, 624590, 625156, 626604, 627816, 627954, 627962, 628695, 629367, 629380, 629395, 630048, 630214, 630260, 630305, 630449, 631107, 631178, 631286, 631675, 631943, 632176, 632303, 632314, 632460, 632489, 632502, 632713, 632775, 632972, 633431, 633470, 633522, 633582, 633850, 634873, 635099, 635671, 635792, 635812, 636096, 636166, 636599, 636918, 637153, 637397, 637786, 637834, 638005, 638252, 638445, 638531, 638614, 638689, 638861, 639214, 639438, 639588, 640209, 640733, 640838, 640935, 640942, 640948, 641034, 641038]
