10,16,[172045, 310512, 317411, 344439, 356326, 358656, 361178, 361275, 361571, 361890, 362450, 364686, 396084, 594623, 596161, 596861]
15,1,[10551]
17,2,[31731, 81737]
19,1,[14309]
20,1,[46353]
22,1,[134726]
26,1,[47358]
27,4,[2100, 6747, 36077, 109457]
30,16,[171922, 310354, 317252, 344280, 356167, 358496, 361018, 361115, 361411, 361730, 362290, 364523, 395918, 594432, 595970, 596670]
10,16,[172045, 310512, 317411, 344439, 356326, 358656, 361178, 361275, 361571, 361890, 362450, 364686, 396084, 594623, 596161, 596861]
15,1,[10551]
17,2,[31731, 81737]
19,1,[14309]
20,1,[46353]
22,1,[134726]
26,1,[47358]
27,4,[2100, 6747, 36077, 109457]
30,16,[171922, 310354, 317252, 344280, 356167, 358496, 361018, 361115, 361411, 361730, 362290, 364523, 395918, 594432, 595970, 596670]
