10,2,[548517, 598340]
14,299,[3741, 4618, 5580, 6367, 7099, 7723, 8321, 9141, 9690, 9866, 10314, 11238, 11907, 12108, 12495, 13415, 14417, 15190, 15941, 16247, 17101, 17173, 17364, 17888, 18065, 18947, 19822, 20575, 21269, 21997, 22944, 23782, 23955, 25073, 25420, 25939, 26603, 27703, 28396, 28555, 29450, 30258, 31143, 32035, 32935, 33104, 33225, 33870, 34497, 35317, 36196, 37146, 38394, 38942, 39051, 39443, 39472, 40450, 41279, 41326, 42108, 42818, 43022, 43809, 44101, 44729, 45929, 46282, 46959, 47920, 48746, 49446, 50405, 51427, 52602, 53846, 54637, 54686, 55614, 55818, 56437, 57091, 57129, 57847, 58196, 58852, 60169, 60969, 61578, 61816, 62547, 63324, 63940, 64191, 64892, 65940, 66345, 66863, 67568, 67767, 68613, 69380, 70165, 70879, 71561, 72509, 73050, 73735, 74619, 75537, 76428, 76623, 77553, 77846, 78387, 78806, 79694, 80603, 81781, 81889, 81899, 82317, 82554, 83276, 83417, 84385, 85483, 85774, 86576, 87121, 87984, 88924, 89083, 90076, 90909, 91184, 92116, 92522, 93060, 93291, 94181, 94416, 95195, 95422, 96054, 96874, 97826, 98624, 99435, 100586, 100800, 101717, 102538, 103471, 104211, 104957, 105631, 105669, 106551, 107352, 107755, 108623, 109452, 110234, 110293, 110974, 111587, 112250, 112327, 113033, 113784, 113863, 114671, 115256, 115288, 115295, 116327, 117117, 117356, 117941, 117975, 118652, 119233, 120022, 120820, 121620, 122233, 122287, 122457, 123277, 124185, 125188, 125846, 126718, 127867, 128734, 129645, 130367, 130874, 131469, 132351, 132521, 133202, 133247, 133888, 134454, 135485, 135577, 135745, 135970, 136683, 137579, 137773, 138755, 139794, 140969, 141645, 141856, 142710, 143721, 144622, 145235, 145941, 146911, 147757, 148338, 148972, 149623, 150250, 150849, 151591, 152357, 153148, 154111, 154896, 154937, 155622, 156396, 157176, 157977, 159110, 159617, 161066, 162302, 162483, 162672, 163549, 164468, 164550, 165360, 165897, 166572, 167240, 167464, 168483, 168605, 169610, 170586, 171431, 171694, 172583, 173137, 173702, 174510, 174712, 175437, 176518, 176628, 177151, 177675, 178425, 178509, 179247, 180626, 181982, 182322, 182921, 183636, 184157, 184180, 185002, 186047, 186798, 187039, 187617, 188291, 188801, 189482, 190019, 190820, 191579, 191639, 192713, 193757, 194500, 195271, 195342, 196225, 196267]
15,1,[129005]
25,55,[9936, 16953, 17123, 27505, 31961, 32070, 37948, 39743, 42294, 44408, 52509, 54769, 55822, 63364, 74217, 78211, 78221, 78840, 79681, 83427, 85262, 101372, 103324, 105859, 107698, 109145, 110393, 110400, 112902, 117168, 126086, 126806, 127564, 129851, 130194, 135904, 148362, 155730, 157720, 159881, 160318, 161680, 169503, 171180, 171185, 171964, 174679, 174883, 176222, 176672, 177556, 183597, 187133, 188091, 195202]
27,1,[23651]
30,2,[548342, 598149]
10,2,[548517, 598340]
14,299,[3741, 4618, 5580, 6367, 7099, 7723, 8321, 9141, 9690, 9866, 10314, 11238, 11907, 12108, 12495, 13415, 14417, 15190, 15941, 16247, 17101, 17173, 17364, 17888, 18065, 18947, 19822, 20575, 21269, 21997, 22944, 23782, 23955, 25073, 25420, 25939, 26603, 27703, 28396, 28555, 29450, 30258, 31143, 32035, 32935, 33104, 33225, 33870, 34497, 35317, 36196, 37146, 38394, 38942, 39051, 39443, 39472, 40450, 41279, 41326, 42108, 42818, 43022, 43809, 44101, 44729, 45929, 46282, 46959, 47920, 48746, 49446, 50405, 51427, 52602, 53846, 54637, 54686, 55614, 55818, 56437, 57091, 57129, 57847, 58196, 58852, 60169, 60969, 61578, 61816, 62547, 63324, 63940, 64191, 64892, 65940, 66345, 66863, 67568, 67767, 68613, 69380, 70165, 70879, 71561, 72509, 73050, 73735, 74619, 75537, 76428, 76623, 77553, 77846, 78387, 78806, 79694, 80603, 81781, 81889, 81899, 82317, 82554, 83276, 83417, 84385, 85483, 85774, 86576, 87121, 87984, 88924, 89083, 90076, 90909, 91184, 92116, 92522, 93060, 93291, 94181, 94416, 95195, 95422, 96054, 96874, 97826, 98624, 99435, 100586, 100800, 101717, 102538, 103471, 104211, 104957, 105631, 105669, 106551, 107352, 107755, 108623, 109452, 110234, 110293, 110974, 111587, 112250, 112327, 113033, 113784, 113863, 114671, 115256, 115288, 115295, 116327, 117117, 117356, 117941, 117975, 118652, 119233, 120022, 120820, 121620, 122233, 122287, 122457, 123277, 124185, 125188, 125846, 126718, 127867, 128734, 129645, 130367, 130874, 131469, 132351, 132521, 133202, 133247, 133888, 134454, 135485, 135577, 135745, 135970, 136683, 137579, 137773, 138755, 139794, 140969, 141645, 141856, 142710, 143721, 144622, 145235, 145941, 146911, 147757, 148338, 148972, 149623, 150250, 150849, 151591, 152357, 153148, 154111, 154896, 154937, 155622, 156396, 157176, 157977, 159110, 159617, 161066, 162302, 162483, 162672, 163549, 164468, 164550, 165360, 165897, 166572, 167240, 167464, 168483, 168605, 169610, 170586, 171431, 171694, 172583, 173137, 173702, 174510, 174712, 175437, 176518, 176628, 177151, 177675, 178425, 178509, 179247, 180626, 181982, 182322, 182921, 183636, 184157, 184180, 185002, 186047, 186798, 187039, 187617, 188291, 188801, 189482, 190019, 190820, 191579, 191639, 192713, 193757, 194500, 195271, 195342, 196225, 196267]
15,1,[129005]
25,55,[9936, 16953, 17123, 27505, 31961, 32070, 37948, 39743, 42294, 44408, 52509, 54769, 55822, 63364, 74217, 78211, 78221, 78840, 79681, 83427, 85262, 101372, 103324, 105859, 107698, 109145, 110393, 110400, 112902, 117168, 126086, 126806, 127564, 129851, 130194, 135904, 148362, 155730, 157720, 159881, 160318, 161680, 169503, 171180, 171185, 171964, 174679, 174883, 176222, 176672, 177556, 183597, 187133, 188091, 195202]
27,1,[23651]
30,2,[548342, 598149]
