15,7,[9160, 9612, 11505, 11799, 14855, 89993, 125120]
17,14,[6053, 80586, 83973, 118941, 121747, 126449, 134826, 135105, 141993, 145885, 161612, 170210, 184934, 203045]
18,2,[28807, 87586]
21,3,[22439, 23989, 33320]
22,1,[421]
23,13,[4863, 4969, 5835, 10490, 10538, 11286, 11371, 11503, 12838, 12937, 16933, 21883, 24540]
27,1,[16652]
28,2,[3588, 4041]
15,7,[9160, 9612, 11505, 11799, 14855, 89993, 125120]
17,14,[6053, 80586, 83973, 118941, 121747, 126449, 134826, 135105, 141993, 145885, 161612, 170210, 184934, 203045]
18,2,[28807, 87586]
21,3,[22439, 23989, 33320]
22,1,[421]
23,13,[4863, 4969, 5835, 10490, 10538, 11286, 11371, 11503, 12838, 12937, 16933, 21883, 24540]
27,1,[16652]
28,2,[3588, 4041]
