10,5,[75939, 292370, 498615, 527200, 541139]
17,4,[130476, 135684, 137926, 177973]
18,3,[5712, 6974, 10969]
20,2,[32231, 45980]
22,6,[21332, 85602, 85612, 115978, 116384, 117749]
23,2,[17475, 25423]
26,1,[33103]
27,1,[50223]
30,5,[75836, 292213, 498446, 527028, 540964]
10,5,[75939, 292370, 498615, 527200, 541139]
17,4,[130476, 135684, 137926, 177973]
18,3,[5712, 6974, 10969]
20,2,[32231, 45980]
22,6,[21332, 85602, 85612, 115978, 116384, 117749]
23,2,[17475, 25423]
26,1,[33103]
27,1,[50223]
30,5,[75836, 292213, 498446, 527028, 540964]
