10,13,[52818, 154471, 154524, 154632, 254251, 306532, 339442, 349591, 355217, 355479, 495458, 609072, 631570]
12,1,[4429]
15,2,[78454, 145101]
16,2,[10336, 30308]
19,1,[19718]
20,2,[26917, 34049]
21,8,[8523, 9731, 14257, 20564, 28390, 29944, 31523, 33701]
22,8,[2700, 12507, 111556, 144280, 144315, 144332, 144334, 144336]
24,3,[2369, 19201, 19569]
26,2,[27741, 34928]
27,15,[3915, 19739, 20130, 25464, 25684, 43516, 53432, 53765, 60739, 69006, 76487, 80242, 82636, 82927, 108947]
28,1,[8372]
30,13,[52720, 154358, 154411, 154519, 254098, 306374, 339283, 349432, 355058, 355320, 495299, 608860, 631295]
10,13,[52818, 154471, 154524, 154632, 254251, 306532, 339442, 349591, 355217, 355479, 495458, 609072, 631570]
12,1,[4429]
15,2,[78454, 145101]
16,2,[10336, 30308]
19,1,[19718]
20,2,[26917, 34049]
21,8,[8523, 9731, 14257, 20564, 28390, 29944, 31523, 33701]
22,8,[2700, 12507, 111556, 144280, 144315, 144332, 144334, 144336]
24,3,[2369, 19201, 19569]
26,2,[27741, 34928]
27,15,[3915, 19739, 20130, 25464, 25684, 43516, 53432, 53765, 60739, 69006, 76487, 80242, 82636, 82927, 108947]
28,1,[8372]
30,13,[52720, 154358, 154411, 154519, 254098, 306374, 339283, 349432, 355058, 355320, 495299, 608860, 631295]
