10,2,[298932, 319781]
15,3,[23963, 66721, 147468]
16,1,[23548]
17,6,[68876, 126308, 126321, 126368, 126392, 161077]
21,4,[8443, 17565, 27603, 33324]
22,7,[58073, 67554, 74092, 74757, 74802, 75453, 76034]
26,4,[4420, 6567, 18867, 24792]
27,3,[2355, 56095, 93154]
28,1,[11537]
30,2,[298774, 319622]
10,2,[298932, 319781]
15,3,[23963, 66721, 147468]
16,1,[23548]
17,6,[68876, 126308, 126321, 126368, 126392, 161077]
21,4,[8443, 17565, 27603, 33324]
22,7,[58073, 67554, 74092, 74757, 74802, 75453, 76034]
26,4,[4420, 6567, 18867, 24792]
27,3,[2355, 56095, 93154]
28,1,[11537]
30,2,[298774, 319622]
