10,14,[18042, 18105, 18121, 82713, 153363, 153388, 153458, 302087, 322154, 366069, 377108, 389241, 528606, 621920]
15,2,[98609, 128050]
17,4,[33115, 87837, 181063, 181077]
18,10,[24090, 42088, 55514, 87949, 92261, 92299, 92335, 99159, 107613, 127446]
22,9,[9423, 23091, 65829, 65883, 67128, 72348, 104926, 139586, 146302]
23,2,[2320, 6569]
26,1,[36722]
27,4,[28196, 40754, 40770, 84924]
30,14,[17948, 18011, 18027, 82606, 153250, 153275, 153345, 301929, 321995, 365906, 376945, 389078, 528431, 621668]
10,14,[18042, 18105, 18121, 82713, 153363, 153388, 153458, 302087, 322154, 366069, 377108, 389241, 528606, 621920]
15,2,[98609, 128050]
17,4,[33115, 87837, 181063, 181077]
18,10,[24090, 42088, 55514, 87949, 92261, 92299, 92335, 99159, 107613, 127446]
22,9,[9423, 23091, 65829, 65883, 67128, 72348, 104926, 139586, 146302]
23,2,[2320, 6569]
26,1,[36722]
27,4,[28196, 40754, 40770, 84924]
30,14,[17948, 18011, 18027, 82606, 153250, 153275, 153345, 301929, 321995, 365906, 376945, 389078, 528431, 621668]
