10,6,[22882, 114427, 305367, 310504, 354062, 423776]
15,2,[1899, 46135]
16,2,[27440, 31521]
18,2,[116966, 119358]
20,4,[3921, 6048, 38649, 50411]
22,9,[30620, 58005, 67447, 72980, 74017, 74027, 74599, 76993, 94868]
23,2,[14870, 22720]
26,4,[17628, 39593, 51461, 51494]
27,1,[40272]
30,6,[22788, 114316, 305209, 310346, 353903, 423610]
10,6,[22882, 114427, 305367, 310504, 354062, 423776]
15,2,[1899, 46135]
16,2,[27440, 31521]
18,2,[116966, 119358]
20,4,[3921, 6048, 38649, 50411]
22,9,[30620, 58005, 67447, 72980, 74017, 74027, 74599, 76993, 94868]
23,2,[14870, 22720]
26,4,[17628, 39593, 51461, 51494]
27,1,[40272]
30,6,[22788, 114316, 305209, 310346, 353903, 423610]
