14,8,[9068, 63444, 63742, 86768, 93401, 148730, 187728, 188071]
15,8,[7495, 19313, 29957, 31740, 33258, 83602, 116133, 161594]
16,2,[28740, 29992]
17,1,[70612]
18,16,[17137, 71334, 71473, 71570, 72285, 85193, 85230, 99599, 117183, 119575, 134058, 134199, 135138, 137128, 140835, 143378]
21,1,[6457]
22,1,[129913]
23,2,[14317, 23820]
24,1,[36094]
25,16,[9320, 60960, 61230, 83094, 89448, 93575, 142629, 179996, 180310, 194972, 195027, 195280, 195841, 199596, 199632, 199795]
26,2,[35471, 51703]
27,9,[11928, 13450, 15430, 15814, 19201, 26222, 39996, 99640, 101176]
14,8,[9068, 63444, 63742, 86768, 93401, 148730, 187728, 188071]
15,8,[7495, 19313, 29957, 31740, 33258, 83602, 116133, 161594]
16,2,[28740, 29992]
17,1,[70612]
18,16,[17137, 71334, 71473, 71570, 72285, 85193, 85230, 99599, 117183, 119575, 134058, 134199, 135138, 137128, 140835, 143378]
21,1,[6457]
22,1,[129913]
23,2,[14317, 23820]
24,1,[36094]
25,16,[9320, 60960, 61230, 83094, 89448, 93575, 142629, 179996, 180310, 194972, 195027, 195280, 195841, 199596, 199632, 199795]
26,2,[35471, 51703]
27,9,[11928, 13450, 15430, 15814, 19201, 26222, 39996, 99640, 101176]
