14,24,[5594, 21212, 25915, 47949, 58875, 64912, 66876, 67069, 67581, 71527, 79721, 80608, 89112, 96896, 112254, 117122, 132368, 133893, 142731, 146928, 161080, 162351, 192727, 196278]
15,3,[60322, 104549, 167823]
22,10,[1059, 7187, 7405, 43601, 43632, 43683, 43794, 43828, 91709, 91711]
25,24,[5946, 20804, 25160, 46101, 56552, 62962, 63823, 63990, 64451, 68211, 76120, 76933, 85434, 92804, 107627, 112137, 126658, 128160, 136801, 140913, 154327, 155605, 184612, 188101]
27,2,[25753, 25756]
14,24,[5594, 21212, 25915, 47949, 58875, 64912, 66876, 67069, 67581, 71527, 79721, 80608, 89112, 96896, 112254, 117122, 132368, 133893, 142731, 146928, 161080, 162351, 192727, 196278]
15,3,[60322, 104549, 167823]
22,10,[1059, 7187, 7405, 43601, 43632, 43683, 43794, 43828, 91709, 91711]
25,24,[5946, 20804, 25160, 46101, 56552, 62962, 63823, 63990, 64451, 68211, 76120, 76933, 85434, 92804, 107627, 112137, 126658, 128160, 136801, 140913, 154327, 155605, 184612, 188101]
27,2,[25753, 25756]
