9,1,[2343]
10,4,[199501, 566604, 581978, 603812]
17,10,[53479, 64108, 71162, 75843, 79097, 79115, 80537, 106773, 134958, 149704]
18,18,[456, 463, 476, 35556, 37407, 40222, 50633, 65944, 66220, 66261, 68694, 70859, 90445, 100293, 109927, 125766, 127993, 128274]
23,1,[6121]
26,1,[19627]
30,4,[199359, 566424, 581798, 603610]
9,1,[2343]
10,4,[199501, 566604, 581978, 603812]
17,10,[53479, 64108, 71162, 75843, 79097, 79115, 80537, 106773, 134958, 149704]
18,18,[456, 463, 476, 35556, 37407, 40222, 50633, 65944, 66220, 66261, 68694, 70859, 90445, 100293, 109927, 125766, 127993, 128274]
23,1,[6121]
26,1,[19627]
30,4,[199359, 566424, 581798, 603610]
