10,5,[5693, 5734, 393090, 592282, 592294]
15,1,[107187]
17,11,[1961, 51195, 65758, 115920, 120215, 120239, 154357, 159548, 199961, 199990, 200028]
18,3,[20116, 48141, 68482]
20,5,[5742, 7255, 30362, 53742, 55235]
22,8,[9006, 22668, 61977, 63719, 64619, 113008, 139991, 148549]
26,5,[6260, 7778, 31211, 54874, 56395]
30,5,[5599, 5640, 392924, 592091, 592103]
10,5,[5693, 5734, 393090, 592282, 592294]
15,1,[107187]
17,11,[1961, 51195, 65758, 115920, 120215, 120239, 154357, 159548, 199961, 199990, 200028]
18,3,[20116, 48141, 68482]
20,5,[5742, 7255, 30362, 53742, 55235]
22,8,[9006, 22668, 61977, 63719, 64619, 113008, 139991, 148549]
26,5,[6260, 7778, 31211, 54874, 56395]
30,5,[5599, 5640, 392924, 592091, 592103]
