9,5,[405, 596, 1503, 1514, 2279]
14,60,[10716, 14918, 22339, 24349, 34894, 36607, 37818, 37916, 37919, 39847, 41718, 41763, 49756, 69726, 71885, 72039, 75020, 75168, 75992, 76892, 77010, 81182, 81281, 81308, 95634, 101347, 103135, 106072, 106078, 107005, 108049, 115623, 122830, 125602, 127367, 129095, 138074, 139170, 140173, 140421, 144198, 151160, 155273, 158690, 158696, 160217, 160337, 160340, 161638, 163068, 163075, 174081, 174162, 178008, 180110, 181329, 181405, 182420, 184514, 190406]
15,1,[24]
18,122,[659, 672, 686, 2960, 3040, 3069, 3173, 3199, 3231, 3275, 9073, 20900, 24178, 27405, 31980, 34430, 35598, 35703, 36408, 39388, 40103, 44716, 46529, 49393, 49417, 49443, 49516, 49825, 60290, 60992, 61039, 61062, 61097, 61131, 61183, 61253, 61408, 61420, 61563, 61589, 62177, 62935, 63670, 63723, 63744, 63763, 63801, 63830, 63862, 63875, 63939, 63959, 64482, 64627, 64670, 64699, 65307, 65725, 67298, 68286, 68582, 68615, 68672, 68920, 69061, 70204, 70971, 70993, 71424, 71476, 71537, 73658, 73665, 74213, 74263, 74269, 74606, 74655, 75018, 75336, 77280, 77312, 77331, 78139, 78305, 82991, 86840, 89563, 91277, 91920, 91941, 92468, 92760, 93019, 95564, 95606, 97506, 97574, 98945, 100602, 113892, 127120, 127188, 127355, 130173, 135543, 137522, 138701, 138750, 139408, 140185, 144231, 144288, 144339, 146122, 146423, 146507, 146620, 146642, 146739, 148618, 148667]
22,6,[6523, 10218, 18939, 39495, 83416, 104415]
23,2,[19, 6060]
25,74,[226, 260, 10900, 14871, 21851, 23679, 28913, 33619, 35239, 36409, 36517, 36520, 38304, 38470, 38480, 40107, 40151, 47800, 48746, 66523, 68528, 68664, 70518, 71413, 71554, 72332, 73292, 73406, 77459, 77525, 77589, 77614, 77628, 91585, 97213, 98974, 101743, 101751, 102604, 103596, 105449, 110700, 111867, 111908, 117638, 122029, 123611, 132205, 133346, 134333, 134570, 138221, 144879, 148671, 150856, 150924, 151929, 151936, 153416, 153519, 153522, 154906, 155047, 156249, 156255, 167078, 167180, 170708, 172728, 173911, 173983, 176967, 182850, 186030]
9,5,[405, 596, 1503, 1514, 2279]
14,60,[10716, 14918, 22339, 24349, 34894, 36607, 37818, 37916, 37919, 39847, 41718, 41763, 49756, 69726, 71885, 72039, 75020, 75168, 75992, 76892, 77010, 81182, 81281, 81308, 95634, 101347, 103135, 106072, 106078, 107005, 108049, 115623, 122830, 125602, 127367, 129095, 138074, 139170, 140173, 140421, 144198, 151160, 155273, 158690, 158696, 160217, 160337, 160340, 161638, 163068, 163075, 174081, 174162, 178008, 180110, 181329, 181405, 182420, 184514, 190406]
15,1,[24]
18,122,[659, 672, 686, 2960, 3040, 3069, 3173, 3199, 3231, 3275, 9073, 20900, 24178, 27405, 31980, 34430, 35598, 35703, 36408, 39388, 40103, 44716, 46529, 49393, 49417, 49443, 49516, 49825, 60290, 60992, 61039, 61062, 61097, 61131, 61183, 61253, 61408, 61420, 61563, 61589, 62177, 62935, 63670, 63723, 63744, 63763, 63801, 63830, 63862, 63875, 63939, 63959, 64482, 64627, 64670, 64699, 65307, 65725, 67298, 68286, 68582, 68615, 68672, 68920, 69061, 70204, 70971, 70993, 71424, 71476, 71537, 73658, 73665, 74213, 74263, 74269, 74606, 74655, 75018, 75336, 77280, 77312, 77331, 78139, 78305, 82991, 86840, 89563, 91277, 91920, 91941, 92468, 92760, 93019, 95564, 95606, 97506, 97574, 98945, 100602, 113892, 127120, 127188, 127355, 130173, 135543, 137522, 138701, 138750, 139408, 140185, 144231, 144288, 144339, 146122, 146423, 146507, 146620, 146642, 146739, 148618, 148667]
22,6,[6523, 10218, 18939, 39495, 83416, 104415]
23,2,[19, 6060]
25,74,[226, 260, 10900, 14871, 21851, 23679, 28913, 33619, 35239, 36409, 36517, 36520, 38304, 38470, 38480, 40107, 40151, 47800, 48746, 66523, 68528, 68664, 70518, 71413, 71554, 72332, 73292, 73406, 77459, 77525, 77589, 77614, 77628, 91585, 97213, 98974, 101743, 101751, 102604, 103596, 105449, 110700, 111867, 111908, 117638, 122029, 123611, 132205, 133346, 134333, 134570, 138221, 144879, 148671, 150856, 150924, 151929, 151936, 153416, 153519, 153522, 154906, 155047, 156249, 156255, 167078, 167180, 170708, 172728, 173911, 173983, 176967, 182850, 186030]
