10,1,[324103]
15,1,[139111]
17,2,[2428, 73211]
18,10,[27295, 79987, 82920, 87200, 100065, 100770, 117989, 120381, 132434, 143968]
19,1,[20732]
20,4,[1182, 4897, 27500, 27561]
22,8,[17605, 61671, 104257, 104267, 107471, 154104, 154108, 157472]
26,4,[1546, 5416, 28328, 28389]
27,2,[89783, 108646]
30,1,[323944]
10,1,[324103]
15,1,[139111]
17,2,[2428, 73211]
18,10,[27295, 79987, 82920, 87200, 100065, 100770, 117989, 120381, 132434, 143968]
19,1,[20732]
20,4,[1182, 4897, 27500, 27561]
22,8,[17605, 61671, 104257, 104267, 107471, 154104, 154108, 157472]
26,4,[1546, 5416, 28328, 28389]
27,2,[89783, 108646]
30,1,[323944]
