15,7,[35688, 43113, 106310, 116506, 128753, 153719, 162755]
16,1,[294]
18,3,[8105, 96866, 107955]
20,7,[6496, 13965, 19651, 30259, 34461, 50267, 61906]
21,3,[3933, 15065, 34212]
22,4,[25499, 57948, 73765, 140742]
23,1,[14965]
24,3,[7042, 14542, 31348]
26,7,[7014, 14552, 20360, 31107, 35349, 51315, 63209]
27,3,[87041, 91699, 92915]
15,7,[35688, 43113, 106310, 116506, 128753, 153719, 162755]
16,1,[294]
18,3,[8105, 96866, 107955]
20,7,[6496, 13965, 19651, 30259, 34461, 50267, 61906]
21,3,[3933, 15065, 34212]
22,4,[25499, 57948, 73765, 140742]
23,1,[14965]
24,3,[7042, 14542, 31348]
26,7,[7014, 14552, 20360, 31107, 35349, 51315, 63209]
27,3,[87041, 91699, 92915]
