10,15,[402159, 529784, 533160, 567040, 575205, 590927, 599158, 599167, 599184, 599201, 601141, 608723, 613415, 617699, 619697]
15,1,[31730]
17,2,[78324, 152716]
20,2,[58364, 66005]
22,5,[131468, 149163, 149173, 149175, 158834]
23,1,[9647]
26,2,[59555, 67420]
30,15,[401993, 529609, 532985, 566860, 575025, 590742, 598961, 598970, 598987, 599004, 600944, 608511, 613186, 617452, 619445]
10,15,[402159, 529784, 533160, 567040, 575205, 590927, 599158, 599167, 599184, 599201, 601141, 608723, 613415, 617699, 619697]
15,1,[31730]
17,2,[78324, 152716]
20,2,[58364, 66005]
22,5,[131468, 149163, 149173, 149175, 158834]
23,1,[9647]
26,2,[59555, 67420]
30,15,[401993, 529609, 532985, 566860, 575025, 590742, 598961, 598970, 598987, 599004, 600944, 608511, 613186, 617452, 619445]
