10,31,[554848, 580490, 581526, 585301, 588285, 590274, 594855, 594868, 594920, 594955, 595848, 595877, 595899, 595910, 595924, 599285, 600125, 613803, 614044, 614391, 614546, 615595, 617139, 620719, 620819, 621149, 621428, 623298, 626016, 626416, 626531]
14,1,[22435]
15,12,[16096, 16123, 16181, 26414, 26437, 26459, 40278, 70819, 72486, 101428, 144564, 144576]
17,5,[56597, 56979, 58689, 111524, 124814]
18,3,[107629, 137396, 147717]
20,7,[16348, 41345, 54812, 54861, 63957, 65389, 65441]
22,27,[4673, 66997, 75246, 76395, 85996, 85998, 92546, 150428, 150431, 150441, 150654, 153323, 154718, 154817, 154820, 155236, 155238, 155240, 155242, 155244, 155246, 155248, 155250, 155262, 155340, 155342, 155388]
23,4,[8120, 12063, 26020, 30555]
25,1,[21952]
26,8,[13317, 16997, 42282, 55973, 56023, 65344, 66802, 66854]
27,5,[37834, 51498, 68880, 96997, 105628]
30,31,[554670, 580310, 581346, 585116, 588100, 590089, 594664, 594677, 594729, 594764, 595657, 595686, 595708, 595719, 595733, 599088, 599928, 613569, 613810, 614157, 614312, 615356, 616896, 620467, 620567, 620897, 621176, 623046, 625759, 626159, 626274]
10,31,[554848, 580490, 581526, 585301, 588285, 590274, 594855, 594868, 594920, 594955, 595848, 595877, 595899, 595910, 595924, 599285, 600125, 613803, 614044, 614391, 614546, 615595, 617139, 620719, 620819, 621149, 621428, 623298, 626016, 626416, 626531]
14,1,[22435]
15,12,[16096, 16123, 16181, 26414, 26437, 26459, 40278, 70819, 72486, 101428, 144564, 144576]
17,5,[56597, 56979, 58689, 111524, 124814]
18,3,[107629, 137396, 147717]
20,7,[16348, 41345, 54812, 54861, 63957, 65389, 65441]
22,27,[4673, 66997, 75246, 76395, 85996, 85998, 92546, 150428, 150431, 150441, 150654, 153323, 154718, 154817, 154820, 155236, 155238, 155240, 155242, 155244, 155246, 155248, 155250, 155262, 155340, 155342, 155388]
23,4,[8120, 12063, 26020, 30555]
25,1,[21952]
26,8,[13317, 16997, 42282, 55973, 56023, 65344, 66802, 66854]
27,5,[37834, 51498, 68880, 96997, 105628]
30,31,[554670, 580310, 581346, 585116, 588100, 590089, 594664, 594677, 594729, 594764, 595657, 595686, 595708, 595719, 595733, 599088, 599928, 613569, 613810, 614157, 614312, 615356, 616896, 620467, 620567, 620897, 621176, 623046, 625759, 626159, 626274]
