14,128,[3060, 6346, 7658, 9689, 9806, 17361, 22258, 25318, 25390, 25913, 26154, 26545, 26618, 29350, 30183, 32325, 34118, 34456, 35111, 36508, 36944, 37637, 43613, 43720, 44098, 46281, 46712, 47856, 49273, 52511, 53365, 53749, 54475, 54963, 58193, 60921, 62435, 63703, 63768, 63793, 63860, 64192, 67418, 67499, 67978, 69614, 70083, 70800, 70821, 71398, 71526, 71794, 76803, 77843, 79074, 82551, 84393, 85283, 85411, 85996, 87122, 90779, 91427, 98147, 98550, 98583, 102452, 103300, 104422, 105926, 106865, 107749, 110156, 110499, 110890, 112513, 112950, 112975, 115507, 116347, 118872, 119082, 119923, 123546, 123985, 124131, 131446, 131765, 133128, 134378, 135371, 135967, 136489, 136616, 136624, 137505, 138662, 141851, 146854, 147638, 152294, 153051, 153089, 156711, 157189, 157882, 160603, 161527, 166096, 166840, 168396, 168899, 169703, 173938, 176427, 179190, 179673, 182319, 184918, 186762, 187487, 188033, 189358, 191132, 194050, 194427, 194787, 196253]
15,1,[38176]
17,1,[25508]
18,29,[17337, 22929, 26274, 31954, 33758, 39557, 41199, 48804, 49918, 50784, 61288, 63975, 64015, 68605, 68904, 70390, 74587, 74662, 98308, 108358, 111269, 131338, 131606, 131656, 134523, 135833, 138813, 139854, 140147]
21,1,[1977]
22,11,[22164, 25742, 32256, 36790, 44136, 73328, 73424, 73483, 73534, 73537, 77895]
25,132,[3472, 6634, 9935, 10034, 17120, 17515, 20157, 21390, 21781, 24601, 24684, 25158, 25371, 25739, 25805, 28400, 29229, 31207, 32589, 32902, 33193, 35144, 36244, 39613, 41851, 41949, 42291, 44407, 44891, 45488, 46013, 47353, 50367, 51270, 51611, 52301, 52781, 55819, 58476, 60027, 61195, 61254, 61279, 61376, 64308, 64376, 64795, 66079, 66426, 66875, 67530, 67549, 68090, 68176, 68209, 68450, 73215, 74218, 75477, 78837, 80683, 81663, 81804, 82360, 83428, 87019, 87605, 94046, 94462, 94494, 95248, 98329, 99225, 100240, 101346, 101604, 102485, 103318, 105733, 106047, 106408, 107857, 108261, 108285, 110597, 111414, 113833, 114030, 114866, 118397, 118944, 125791, 126087, 127448, 128627, 129668, 130191, 130677, 130791, 130799, 131692, 132760, 135899, 140846, 141619, 145960, 146625, 146665, 149268, 150037, 150484, 151187, 153763, 159193, 159882, 161489, 161957, 162765, 166950, 169320, 171828, 172273, 174880, 177370, 179099, 180276, 181523, 182578, 185889, 186282, 186607, 188077]
14,128,[3060, 6346, 7658, 9689, 9806, 17361, 22258, 25318, 25390, 25913, 26154, 26545, 26618, 29350, 30183, 32325, 34118, 34456, 35111, 36508, 36944, 37637, 43613, 43720, 44098, 46281, 46712, 47856, 49273, 52511, 53365, 53749, 54475, 54963, 58193, 60921, 62435, 63703, 63768, 63793, 63860, 64192, 67418, 67499, 67978, 69614, 70083, 70800, 70821, 71398, 71526, 71794, 76803, 77843, 79074, 82551, 84393, 85283, 85411, 85996, 87122, 90779, 91427, 98147, 98550, 98583, 102452, 103300, 104422, 105926, 106865, 107749, 110156, 110499, 110890, 112513, 112950, 112975, 115507, 116347, 118872, 119082, 119923, 123546, 123985, 124131, 131446, 131765, 133128, 134378, 135371, 135967, 136489, 136616, 136624, 137505, 138662, 141851, 146854, 147638, 152294, 153051, 153089, 156711, 157189, 157882, 160603, 161527, 166096, 166840, 168396, 168899, 169703, 173938, 176427, 179190, 179673, 182319, 184918, 186762, 187487, 188033, 189358, 191132, 194050, 194427, 194787, 196253]
15,1,[38176]
17,1,[25508]
18,29,[17337, 22929, 26274, 31954, 33758, 39557, 41199, 48804, 49918, 50784, 61288, 63975, 64015, 68605, 68904, 70390, 74587, 74662, 98308, 108358, 111269, 131338, 131606, 131656, 134523, 135833, 138813, 139854, 140147]
21,1,[1977]
22,11,[22164, 25742, 32256, 36790, 44136, 73328, 73424, 73483, 73534, 73537, 77895]
25,132,[3472, 6634, 9935, 10034, 17120, 17515, 20157, 21390, 21781, 24601, 24684, 25158, 25371, 25739, 25805, 28400, 29229, 31207, 32589, 32902, 33193, 35144, 36244, 39613, 41851, 41949, 42291, 44407, 44891, 45488, 46013, 47353, 50367, 51270, 51611, 52301, 52781, 55819, 58476, 60027, 61195, 61254, 61279, 61376, 64308, 64376, 64795, 66079, 66426, 66875, 67530, 67549, 68090, 68176, 68209, 68450, 73215, 74218, 75477, 78837, 80683, 81663, 81804, 82360, 83428, 87019, 87605, 94046, 94462, 94494, 95248, 98329, 99225, 100240, 101346, 101604, 102485, 103318, 105733, 106047, 106408, 107857, 108261, 108285, 110597, 111414, 113833, 114030, 114866, 118397, 118944, 125791, 126087, 127448, 128627, 129668, 130191, 130677, 130791, 130799, 131692, 132760, 135899, 140846, 141619, 145960, 146625, 146665, 149268, 150037, 150484, 151187, 153763, 159193, 159882, 161489, 161957, 162765, 166950, 169320, 171828, 172273, 174880, 177370, 179099, 180276, 181523, 182578, 185889, 186282, 186607, 188077]
