10,19,[22704, 176472, 176596, 213095, 213463, 213634, 225833, 226703, 230159, 230504, 235412, 235432, 268547, 268685, 268724, 274991, 275010, 285282, 479991]
15,1,[141943]
19,3,[22315, 22383, 22389]
23,1,[6012]
26,1,[60321]
30,19,[22610, 176349, 176473, 212953, 213321, 213492, 225683, 226553, 230009, 230354, 235262, 235282, 268391, 268529, 268568, 274835, 274854, 285126, 479823]
10,19,[22704, 176472, 176596, 213095, 213463, 213634, 225833, 226703, 230159, 230504, 235412, 235432, 268547, 268685, 268724, 274991, 275010, 285282, 479991]
15,1,[141943]
19,3,[22315, 22383, 22389]
23,1,[6012]
26,1,[60321]
30,19,[22610, 176349, 176473, 212953, 213321, 213492, 225683, 226553, 230009, 230354, 235262, 235282, 268391, 268529, 268568, 274835, 274854, 285126, 479823]
