10,10,[191743, 228568, 229709, 230269, 230638, 231427, 269541, 399426, 443211, 580762]
18,7,[25622, 41707, 41775, 92324, 98633, 114251, 147533]
20,1,[9588]
22,1,[90840]
26,1,[10142]
30,10,[191611, 228418, 229559, 230119, 230488, 231277, 269385, 399260, 443041, 580582]
10,10,[191743, 228568, 229709, 230269, 230638, 231427, 269541, 399426, 443211, 580762]
18,7,[25622, 41707, 41775, 92324, 98633, 114251, 147533]
20,1,[9588]
22,1,[90840]
26,1,[10142]
30,10,[191611, 228418, 229559, 230119, 230488, 231277, 269385, 399260, 443041, 580582]
