14,2,[3463, 100347]
15,6,[57605, 65396, 65729, 114732, 127186, 141075]
18,69,[1079, 3161, 3605, 5059, 6711, 7578, 7809, 8290, 14731, 15251, 15337, 19953, 21549, 23258, 32131, 32153, 38201, 39943, 47332, 47510, 53688, 54204, 57297, 57300, 58685, 59682, 64981, 65602, 66773, 70273, 71652, 72996, 73422, 73856, 76136, 77653, 78351, 79435, 84597, 86048, 88840, 89508, 89815, 94623, 96476, 96630, 97381, 99216, 104427, 106272, 108422, 109745, 113199, 115596, 117299, 119691, 121954, 125343, 127192, 127766, 130538, 132607, 134605, 136236, 137261, 139367, 141216, 142206, 143261]
25,2,[3873, 96317]
27,1,[73489]
14,2,[3463, 100347]
15,6,[57605, 65396, 65729, 114732, 127186, 141075]
18,69,[1079, 3161, 3605, 5059, 6711, 7578, 7809, 8290, 14731, 15251, 15337, 19953, 21549, 23258, 32131, 32153, 38201, 39943, 47332, 47510, 53688, 54204, 57297, 57300, 58685, 59682, 64981, 65602, 66773, 70273, 71652, 72996, 73422, 73856, 76136, 77653, 78351, 79435, 84597, 86048, 88840, 89508, 89815, 94623, 96476, 96630, 97381, 99216, 104427, 106272, 108422, 109745, 113199, 115596, 117299, 119691, 121954, 125343, 127192, 127766, 130538, 132607, 134605, 136236, 137261, 139367, 141216, 142206, 143261]
25,2,[3873, 96317]
27,1,[73489]
