10,5,[124136, 124142, 343028, 391345, 585160]
18,19,[3412, 6368, 16629, 39562, 54713, 62352, 67248, 82634, 84880, 98578, 103413, 112801, 121474, 122189, 129019, 130731, 132970, 146162, 148954]
22,4,[14443, 19092, 19094, 86519]
23,1,[19996]
27,2,[13998, 16444]
30,5,[124025, 124031, 342869, 391182, 584975]
10,5,[124136, 124142, 343028, 391345, 585160]
18,19,[3412, 6368, 16629, 39562, 54713, 62352, 67248, 82634, 84880, 98578, 103413, 112801, 121474, 122189, 129019, 130731, 132970, 146162, 148954]
22,4,[14443, 19092, 19094, 86519]
23,1,[19996]
27,2,[13998, 16444]
30,5,[124025, 124031, 342869, 391182, 584975]
