9,3,[782, 785, 797]
14,3,[25404, 147578, 151771]
15,2,[14212, 61356]
18,3,[37204, 139527, 143546]
21,1,[14439]
22,22,[5025, 5584, 5788, 26912, 27218, 27244, 28095, 28281, 88110, 88117, 96757, 100385, 119771, 119860, 119926, 119983, 120069, 120492, 120873, 123289, 123915, 125298]
25,4,[24698, 66075, 141543, 145422]
29,50,[203, 451, 699, 947, 1195, 1443, 1691, 1939, 2189, 2437, 2685, 2933, 3181, 3429, 3677, 3925, 4173, 4421, 4669, 4917, 5165, 5413, 5661, 5909, 6157, 6405, 6653, 6901, 7151, 7401, 7651, 7901, 8151, 8401, 8649, 8897, 9145, 9393, 9643, 9893, 10143, 10391, 10639, 10887, 11135, 11386, 11634, 11884, 12132, 12380]
9,3,[782, 785, 797]
14,3,[25404, 147578, 151771]
15,2,[14212, 61356]
18,3,[37204, 139527, 143546]
21,1,[14439]
22,22,[5025, 5584, 5788, 26912, 27218, 27244, 28095, 28281, 88110, 88117, 96757, 100385, 119771, 119860, 119926, 119983, 120069, 120492, 120873, 123289, 123915, 125298]
25,4,[24698, 66075, 141543, 145422]
29,50,[203, 451, 699, 947, 1195, 1443, 1691, 1939, 2189, 2437, 2685, 2933, 3181, 3429, 3677, 3925, 4173, 4421, 4669, 4917, 5165, 5413, 5661, 5909, 6157, 6405, 6653, 6901, 7151, 7401, 7651, 7901, 8151, 8401, 8649, 8897, 9145, 9393, 9643, 9893, 10143, 10391, 10639, 10887, 11135, 11386, 11634, 11884, 12132, 12380]
