12,1,[11015]
15,1,[11770]
18,1,[5820]
19,5,[1453, 13010, 13225, 13631, 14110]
20,3,[15915, 30737, 39312]
21,2,[10023, 24237]
22,3,[130944, 131044, 131231]
23,3,[7524, 8084, 25321]
24,1,[18705]
26,3,[16561, 31600, 40255]
27,2,[32048, 54909]
28,1,[6621]
12,1,[11015]
15,1,[11770]
18,1,[5820]
19,5,[1453, 13010, 13225, 13631, 14110]
20,3,[15915, 30737, 39312]
21,2,[10023, 24237]
22,3,[130944, 131044, 131231]
23,3,[7524, 8084, 25321]
24,1,[18705]
26,3,[16561, 31600, 40255]
27,2,[32048, 54909]
28,1,[6621]
