10,2,[203395, 283956]
15,1,[83019]
16,1,[26540]
17,1,[143019]
18,6,[9369, 82431, 123373, 135154, 139728, 144484]
20,1,[62593]
21,6,[1633, 1681, 1881, 16328, 18663, 23017]
22,5,[36216, 72623, 74300, 121809, 122865]
23,1,[1858]
26,1,[63932]
27,4,[6150, 6210, 46483, 46979]
30,2,[203253, 283800]
10,2,[203395, 283956]
15,1,[83019]
16,1,[26540]
17,1,[143019]
18,6,[9369, 82431, 123373, 135154, 139728, 144484]
20,1,[62593]
21,6,[1633, 1681, 1881, 16328, 18663, 23017]
22,5,[36216, 72623, 74300, 121809, 122865]
23,1,[1858]
26,1,[63932]
27,4,[6150, 6210, 46483, 46979]
30,2,[203253, 283800]
