10,4,[307216, 577405, 597610, 623990]
13,1,[188]
15,4,[9918, 19801, 89542, 114767]
16,1,[36705]
17,18,[38638, 80331, 93257, 93267, 93277, 106194, 106205, 106989, 113281, 113294, 113600, 113887, 120272, 120314, 154474, 155420, 155434, 167665]
18,9,[1774, 2372, 3565, 32661, 65164, 100011, 141424, 143512, 146026]
21,1,[18372]
22,2,[65966, 66388]
27,7,[25005, 25428, 35993, 41096, 79505, 84952, 91724]
30,4,[307058, 577225, 597419, 623736]
10,4,[307216, 577405, 597610, 623990]
13,1,[188]
15,4,[9918, 19801, 89542, 114767]
16,1,[36705]
17,18,[38638, 80331, 93257, 93267, 93277, 106194, 106205, 106989, 113281, 113294, 113600, 113887, 120272, 120314, 154474, 155420, 155434, 167665]
18,9,[1774, 2372, 3565, 32661, 65164, 100011, 141424, 143512, 146026]
21,1,[18372]
22,2,[65966, 66388]
27,7,[25005, 25428, 35993, 41096, 79505, 84952, 91724]
30,4,[307058, 577225, 597419, 623736]
