10,37,[55610, 72719, 139576, 227719, 227724, 229587, 269450, 269740, 271041, 284917, 285081, 285087, 309202, 338710, 343940, 347297, 347346, 352468, 354365, 374610, 375932, 412037, 412076, 422754, 425547, 460618, 478525, 492887, 494432, 509609, 524220, 545051, 566528, 582849, 606617, 625776, 625810]
11,4,[866, 881, 5849, 10550]
12,3,[461, 3044, 7422]
14,37,[11755, 20348, 21769, 22614, 26344, 29149, 38058, 40947, 41853, 45611, 50121, 51117, 68318, 92542, 94889, 97590, 101454, 101480, 102296, 108309, 110737, 112047, 137329, 139450, 140703, 153844, 155380, 156939, 160536, 163299, 170300, 172356, 173509, 181634, 182672, 194252, 195971]
15,16,[5795, 6716, 8829, 8984, 9367, 11819, 12743, 14180, 21569, 22276, 27671, 31062, 31100, 136138, 145000, 154425]
16,5,[298, 3048, 10827, 33916, 35786]
17,1,[47378]
18,2,[88634, 144556]
19,3,[23162, 23394, 23518]
20,1,[19553]
21,6,[9603, 10791, 11742, 11780, 16694, 24023]
22,32,[18682, 19680, 24866, 24886, 25669, 26065, 29562, 32594, 34891, 38399, 61045, 61051, 61057, 70953, 70956, 74833, 74871, 85590, 92931, 96437, 106494, 107149, 107152, 109557, 112918, 113022, 117481, 120860, 120917, 123308, 141185, 144926]
23,3,[16796, 16857, 27558]
24,16,[1150, 1429, 8183, 20005, 20077, 20150, 20168, 21509, 22655, 26671, 32017, 35924, 37759, 38218, 42310, 44521]
25,35,[11893, 21298, 22133, 28217, 36683, 39360, 40235, 43805, 48137, 49083, 65154, 88667, 90913, 93502, 97320, 97346, 98181, 103834, 106263, 107438, 131527, 133612, 134855, 147344, 148779, 150250, 153694, 156509, 163354, 165528, 166564, 174205, 175233, 186118, 187814]
26,1,[20262]
27,28,[3364, 3403, 10510, 12898, 12973, 14542, 18063, 18845, 21629, 21903, 24071, 26764, 39327, 39864, 41791, 53918, 56402, 66137, 66331, 68662, 84348, 84980, 85278, 85602, 91574, 99841, 102390, 108643]
28,1,[8169]
30,37,[55511, 72616, 139464, 227569, 227574, 229437, 269294, 269584, 270885, 284761, 284925, 284931, 309044, 338551, 343781, 347138, 347187, 352309, 354206, 374447, 375769, 411871, 411910, 422588, 425381, 460448, 478357, 492727, 494272, 509440, 524048, 544876, 566348, 582669, 606410, 625519, 625553]
10,37,[55610, 72719, 139576, 227719, 227724, 229587, 269450, 269740, 271041, 284917, 285081, 285087, 309202, 338710, 343940, 347297, 347346, 352468, 354365, 374610, 375932, 412037, 412076, 422754, 425547, 460618, 478525, 492887, 494432, 509609, 524220, 545051, 566528, 582849, 606617, 625776, 625810]
11,4,[866, 881, 5849, 10550]
12,3,[461, 3044, 7422]
14,37,[11755, 20348, 21769, 22614, 26344, 29149, 38058, 40947, 41853, 45611, 50121, 51117, 68318, 92542, 94889, 97590, 101454, 101480, 102296, 108309, 110737, 112047, 137329, 139450, 140703, 153844, 155380, 156939, 160536, 163299, 170300, 172356, 173509, 181634, 182672, 194252, 195971]
15,16,[5795, 6716, 8829, 8984, 9367, 11819, 12743, 14180, 21569, 22276, 27671, 31062, 31100, 136138, 145000, 154425]
16,5,[298, 3048, 10827, 33916, 35786]
17,1,[47378]
18,2,[88634, 144556]
19,3,[23162, 23394, 23518]
20,1,[19553]
21,6,[9603, 10791, 11742, 11780, 16694, 24023]
22,32,[18682, 19680, 24866, 24886, 25669, 26065, 29562, 32594, 34891, 38399, 61045, 61051, 61057, 70953, 70956, 74833, 74871, 85590, 92931, 96437, 106494, 107149, 107152, 109557, 112918, 113022, 117481, 120860, 120917, 123308, 141185, 144926]
23,3,[16796, 16857, 27558]
24,16,[1150, 1429, 8183, 20005, 20077, 20150, 20168, 21509, 22655, 26671, 32017, 35924, 37759, 38218, 42310, 44521]
25,35,[11893, 21298, 22133, 28217, 36683, 39360, 40235, 43805, 48137, 49083, 65154, 88667, 90913, 93502, 97320, 97346, 98181, 103834, 106263, 107438, 131527, 133612, 134855, 147344, 148779, 150250, 153694, 156509, 163354, 165528, 166564, 174205, 175233, 186118, 187814]
26,1,[20262]
27,28,[3364, 3403, 10510, 12898, 12973, 14542, 18063, 18845, 21629, 21903, 24071, 26764, 39327, 39864, 41791, 53918, 56402, 66137, 66331, 68662, 84348, 84980, 85278, 85602, 91574, 99841, 102390, 108643]
28,1,[8169]
30,37,[55511, 72616, 139464, 227569, 227574, 229437, 269294, 269584, 270885, 284761, 284925, 284931, 309044, 338551, 343781, 347138, 347187, 352309, 354206, 374447, 375769, 411871, 411910, 422588, 425381, 460448, 478357, 492727, 494272, 509440, 524048, 544876, 566348, 582669, 606410, 625519, 625553]
