10,33,[3303, 3322, 107866, 108095, 126469, 302368, 313243, 319219, 322484, 327019, 354394, 441868, 443632, 462887, 471043, 495111, 495171, 499081, 499101, 499666, 499681, 503059, 503063, 533523, 533527, 598341, 599780, 607282, 607367, 615261, 616387, 631074, 639380]
15,6,[26167, 26198, 77454, 77570, 77585, 77604]
17,10,[48878, 48895, 50300, 80450, 158806, 178432, 178451, 179076, 179090, 188525]
18,18,[14499, 34527, 34871, 92444, 105214, 105218, 105224, 105231, 110434, 112779, 120634, 122383, 123568, 128773, 128777, 128921, 141095, 141237]
20,3,[53922, 54700, 61361]
21,1,[2882]
22,8,[94630, 95488, 95578, 96802, 153857, 154523, 154601, 157052]
23,2,[29366, 29389]
24,1,[29463]
26,3,[55068, 55861, 62664]
30,33,[3209, 3228, 107755, 107984, 126358, 302210, 313084, 319060, 322325, 326860, 354235, 441698, 443462, 462716, 470872, 494952, 495012, 498912, 498932, 499497, 499512, 502890, 502894, 533348, 533352, 598150, 599583, 607075, 607160, 615027, 616148, 630803, 639105]
10,33,[3303, 3322, 107866, 108095, 126469, 302368, 313243, 319219, 322484, 327019, 354394, 441868, 443632, 462887, 471043, 495111, 495171, 499081, 499101, 499666, 499681, 503059, 503063, 533523, 533527, 598341, 599780, 607282, 607367, 615261, 616387, 631074, 639380]
15,6,[26167, 26198, 77454, 77570, 77585, 77604]
17,10,[48878, 48895, 50300, 80450, 158806, 178432, 178451, 179076, 179090, 188525]
18,18,[14499, 34527, 34871, 92444, 105214, 105218, 105224, 105231, 110434, 112779, 120634, 122383, 123568, 128773, 128777, 128921, 141095, 141237]
20,3,[53922, 54700, 61361]
21,1,[2882]
22,8,[94630, 95488, 95578, 96802, 153857, 154523, 154601, 157052]
23,2,[29366, 29389]
24,1,[29463]
26,3,[55068, 55861, 62664]
30,33,[3209, 3228, 107755, 107984, 126358, 302210, 313084, 319060, 322325, 326860, 354235, 441698, 443462, 462716, 470872, 494952, 495012, 498912, 498932, 499497, 499512, 502890, 502894, 533348, 533352, 598150, 599583, 607075, 607160, 615027, 616148, 630803, 639105]
