10,6,[203569, 204635, 204666, 204681, 558031, 614202]
14,1,[169342]
15,2,[104600, 137257]
17,8,[80983, 81730, 81917, 84326, 86730, 114881, 163859, 191056]
19,1,[5770]
22,2,[94414, 126422]
25,1,[162402]
30,6,[203427, 204493, 204524, 204539, 557853, 613968]
10,6,[203569, 204635, 204666, 204681, 558031, 614202]
14,1,[169342]
15,2,[104600, 137257]
17,8,[80983, 81730, 81917, 84326, 86730, 114881, 163859, 191056]
19,1,[5770]
22,2,[94414, 126422]
25,1,[162402]
30,6,[203427, 204493, 204524, 204539, 557853, 613968]
