10,23,[325537, 498241, 502724, 513728, 526559, 526897, 547256, 557772, 566602, 567482, 567616, 567732, 567891, 568160, 568207, 580465, 580481, 580584, 580791, 580930, 581106, 581588, 581981]
14,425,[3159, 3199, 4092, 4199, 4204, 4234, 5080, 5107, 6685, 6690, 6779, 6813, 7382, 7384, 8059, 10910, 11611, 13102, 13882, 13893, 13895, 13899, 13901, 14009, 14026, 14092, 14124, 16624, 17596, 18599, 20188, 20263, 20919, 21651, 21654, 21659, 21661, 22567, 24608, 25664, 25670, 25723, 26226, 26233, 26293, 26298, 26929, 27003, 27022, 27028, 27030, 27053, 27062, 27069, 27078, 27088, 27098, 27108, 27161, 27225, 27282, 28198, 28949, 28955, 28971, 28993, 29886, 30661, 30663, 30667, 30669, 30700, 30718, 32560, 33393, 34200, 34235, 34888, 34901, 35749, 35757, 37808, 38811, 39289, 39294, 39314, 40797, 41644, 43495, 44209, 44215, 44217, 44221, 44227, 44229, 44257, 44262, 44279, 44286, 44361, 45292, 45301, 45563, 47588, 47624, 47627, 48365, 51892, 51926, 52079, 52166, 53077, 53477, 54194, 55125, 55133, 56090, 56095, 56121, 56858, 58275, 58528, 58530, 59434, 59664, 59676, 60587, 60591, 60683, 61249, 61254, 61256, 61287, 61296, 64295, 64304, 64306, 64336, 65527, 66419, 66441, 66457, 67232, 67233, 68242, 70448, 70452, 70525, 70540, 71878, 72155, 73371, 74107, 74112, 74114, 74116, 74135, 74145, 74158, 74217, 75171, 75886, 75927, 76885, 77083, 77938, 77942, 77985, 78021, 79080, 79206, 80291, 80324, 81122, 81382, 83799, 84969, 84975, 84982, 86251, 86277, 87557, 88690, 89621, 91740, 94854, 96420, 97305, 97449, 97503, 98244, 99002, 99004, 99030, 100426, 101262, 101264, 101265, 101328, 103942, 104485, 104498, 104644, 105309, 105995, 106000, 106063, 109069, 109123, 109861, 110667, 110682, 111311, 111322, 111355, 112572, 112576, 112601, 112650, 113379, 114231, 114415, 114972, 115000, 115040, 115859, 117569, 117575, 117634, 118183, 118295, 118297, 118328, 118943, 118951, 119008, 119569, 121237, 122759, 122761, 123818, 123823, 123863, 124667, 125556, 127396, 128299, 128306, 128370, 129172, 129176, 129178, 129180, 129299, 130635, 131871, 132002, 132037, 132040, 135077, 136330, 136335, 136373, 137179, 138065, 138068, 139164, 139399, 141395, 141426, 141443, 141992, 142025, 142264, 143221, 143228, 143367, 143400, 144922, 144929, 144971, 145569, 145572, 145641, 146400, 146431, 146463, 146474, 147325, 147333, 147348, 147408, 148069, 148075, 148118, 149914, 149944, 149967, 151186, 151192, 151278, 151879, 152764, 152772, 152842, 153685, 154508, 157546, 158467, 158739, 160052, 160240, 160246, 160280, 160376, 160394, 160470, 161614, 161617, 161930, 161964, 164027, 164062, 164079, 164873, 167093, 167132, 167134, 167933, 167951, 167952, 167963, 167965, 168098, 168117, 168143, 168170, 168998, 169005, 169016, 169121, 169149, 169216, 171098, 171102, 172190, 172922, 173394, 173398, 174121, 174142, 174150, 174166, 174201, 175143, 175977, 176097, 176899, 176904, 176959, 177956, 178029, 178887, 178891, 178898, 180126, 180168, 181589, 182414, 183274, 183284, 184006, 184507, 184690, 185607, 185609, 185613, 185615, 185634, 185644, 189115, 190344, 191210, 191217, 191237, 191287, 192029, 192036, 192039, 192158, 192168, 192178, 193307, 193314, 193378, 194109, 195833, 195872, 195904, 196550, 196556, 196621, 196784, 196795, 196849, 196866, 196918, 196931, 196936, 196950, 196985, 197050, 197077, 197125, 197303, 197311, 197319, 197331, 197373, 197376, 197391, 197484, 197506, 197572, 197596]
17,4,[65687, 106852, 137160, 177639]
18,89,[13341, 13571, 13583, 21106, 23377, 24999, 27187, 27221, 27223, 27783, 27876, 28102, 29204, 29347, 29409, 30771, 60628, 60647, 77868, 80002, 80599, 80897, 80988, 81039, 81086, 81177, 81326, 82714, 82773, 82803, 82924, 83034, 84677, 84764, 84796, 84840, 84882, 85032, 85063, 95729, 95775, 104500, 113785, 114945, 115008, 115077, 116139, 116897, 116911, 117121, 117123, 117212, 117263, 117413, 117447, 117499, 117554, 117819, 117846, 117889, 117973, 117984, 118532, 119289, 119303, 119513, 119515, 119604, 119655, 119805, 119839, 119891, 119946, 120211, 120238, 120281, 120365, 120376, 124888, 125154, 129618, 129744, 129850, 129954, 129966, 129991, 130034, 142301, 147209]
19,1,[1209]
20,2,[52273, 60570]
21,4,[548, 14756, 14760, 35425]
22,25,[10223, 77451, 77532, 83417, 103868, 104130, 104262, 104342, 104343, 104373, 104381, 104399, 104404, 104409, 104411, 104423, 104442, 104451, 104474, 108265, 114833, 114951, 157263, 157319, 161140]
24,1,[10183]
25,369,[3562, 3574, 3580, 4463, 4561, 4568, 4594, 5440, 5465, 6923, 6927, 7015, 7047, 7601, 7603, 8294, 11748, 13868, 13878, 13880, 13884, 13886, 13989, 20534, 21184, 21187, 21192, 21194, 24921, 24926, 24974, 25428, 25434, 25484, 25489, 26144, 26162, 26169, 26171, 26193, 26203, 26212, 26221, 26299, 27314, 28021, 28027, 28041, 28062, 29652, 29654, 29658, 29660, 29688, 29706, 32219, 32964, 32996, 33594, 33608, 34382, 34389, 34400, 34487, 36404, 36597, 36599, 37376, 37791, 37795, 37813, 39220, 40032, 42392, 42398, 42400, 42404, 42410, 42412, 42437, 42442, 42459, 42466, 43459, 43468, 46474, 49773, 49804, 49963, 50905, 52024, 52943, 52951, 53739, 53743, 53764, 55889, 57085, 57308, 57373, 57375, 58167, 58171, 58257, 58820, 58825, 58827, 58855, 58864, 59314, 59318, 61936, 63427, 63448, 63462, 64135, 64136, 67198, 67202, 67270, 67285, 68523, 69859, 70570, 70575, 70577, 70579, 70596, 70605, 70618, 70674, 71573, 72278, 73286, 73477, 74305, 74308, 74412, 74486, 75482, 77409, 77418, 80069, 81023, 81294, 81300, 81307, 84772, 85903, 92341, 93190, 93367, 93374, 93383, 93892, 94133, 94909, 94911, 94933, 97131, 97133, 97134, 97194, 100292, 100304, 101037, 101662, 101667, 104535, 104583, 105208, 105284, 105320, 105518, 106778, 106787, 106819, 107904, 107908, 107931, 107977, 108658, 109441, 110099, 110128, 110165, 110930, 112519, 112524, 112578, 113082, 113894, 113901, 113953, 114509, 117576, 117585, 118650, 119438, 120264, 122058, 122850, 123689, 123693, 123695, 123697, 125034, 126177, 130517, 130522, 131036, 131345, 132198, 132201, 133341, 135489, 135519, 135533, 136019, 137272, 137279, 138905, 138911, 138948, 139492, 139495, 139561, 139577, 140305, 140337, 141295, 141302, 141315, 141374, 142027, 142032, 142072, 143729, 143757, 143777, 144904, 144909, 144990, 145523, 146382, 146388, 147194, 147953, 150812, 151716, 153544, 153549, 153551, 153566, 153630, 153632, 154883, 154886, 157154, 157172, 157216, 157248, 157264, 158009, 160997, 161020, 161021, 161035, 161037, 161176, 161202, 162045, 162051, 162060, 162179, 162217, 164092, 164134, 164138, 164147, 164247, 164382, 165330, 166033, 166445, 166449, 167140, 167160, 167168, 167184, 168854, 169741, 169745, 169795, 170659, 170727, 171533, 171537, 171543, 172791, 172793, 174162, 174164, 174964, 175801, 175810, 176962, 177995, 177997, 178001, 178003, 178019, 178029, 181316, 182721, 182754, 182808, 182816, 182825, 182911, 182918, 183993, 184000, 184003, 184117, 184127, 184137, 185151, 185156, 185248, 185961, 187671, 187732, 188331, 188337, 188387, 188545, 188567, 188724, 188737, 188742, 188770, 188813, 188830, 188924, 188956, 189021, 189232, 189517, 190074, 191257, 191267, 191443, 191859, 193419, 193425, 194128, 197095, 198380, 198512, 198606, 198707, 198744, 198790, 198956, 198959, 199008, 199042, 199541]
26,7,[5135, 5544, 8549, 31845, 32397, 53361, 61867]
28,1,[9948]
30,23,[325378, 498072, 502555, 513559, 526387, 526725, 547081, 557594, 566422, 567302, 567436, 567552, 567711, 567980, 568027, 580285, 580301, 580404, 580611, 580750, 580926, 581408, 581801]
10,23,[325537, 498241, 502724, 513728, 526559, 526897, 547256, 557772, 566602, 567482, 567616, 567732, 567891, 568160, 568207, 580465, 580481, 580584, 580791, 580930, 581106, 581588, 581981]
14,425,[3159, 3199, 4092, 4199, 4204, 4234, 5080, 5107, 6685, 6690, 6779, 6813, 7382, 7384, 8059, 10910, 11611, 13102, 13882, 13893, 13895, 13899, 13901, 14009, 14026, 14092, 14124, 16624, 17596, 18599, 20188, 20263, 20919, 21651, 21654, 21659, 21661, 22567, 24608, 25664, 25670, 25723, 26226, 26233, 26293, 26298, 26929, 27003, 27022, 27028, 27030, 27053, 27062, 27069, 27078, 27088, 27098, 27108, 27161, 27225, 27282, 28198, 28949, 28955, 28971, 28993, 29886, 30661, 30663, 30667, 30669, 30700, 30718, 32560, 33393, 34200, 34235, 34888, 34901, 35749, 35757, 37808, 38811, 39289, 39294, 39314, 40797, 41644, 43495, 44209, 44215, 44217, 44221, 44227, 44229, 44257, 44262, 44279, 44286, 44361, 45292, 45301, 45563, 47588, 47624, 47627, 48365, 51892, 51926, 52079, 52166, 53077, 53477, 54194, 55125, 55133, 56090, 56095, 56121, 56858, 58275, 58528, 58530, 59434, 59664, 59676, 60587, 60591, 60683, 61249, 61254, 61256, 61287, 61296, 64295, 64304, 64306, 64336, 65527, 66419, 66441, 66457, 67232, 67233, 68242, 70448, 70452, 70525, 70540, 71878, 72155, 73371, 74107, 74112, 74114, 74116, 74135, 74145, 74158, 74217, 75171, 75886, 75927, 76885, 77083, 77938, 77942, 77985, 78021, 79080, 79206, 80291, 80324, 81122, 81382, 83799, 84969, 84975, 84982, 86251, 86277, 87557, 88690, 89621, 91740, 94854, 96420, 97305, 97449, 97503, 98244, 99002, 99004, 99030, 100426, 101262, 101264, 101265, 101328, 103942, 104485, 104498, 104644, 105309, 105995, 106000, 106063, 109069, 109123, 109861, 110667, 110682, 111311, 111322, 111355, 112572, 112576, 112601, 112650, 113379, 114231, 114415, 114972, 115000, 115040, 115859, 117569, 117575, 117634, 118183, 118295, 118297, 118328, 118943, 118951, 119008, 119569, 121237, 122759, 122761, 123818, 123823, 123863, 124667, 125556, 127396, 128299, 128306, 128370, 129172, 129176, 129178, 129180, 129299, 130635, 131871, 132002, 132037, 132040, 135077, 136330, 136335, 136373, 137179, 138065, 138068, 139164, 139399, 141395, 141426, 141443, 141992, 142025, 142264, 143221, 143228, 143367, 143400, 144922, 144929, 144971, 145569, 145572, 145641, 146400, 146431, 146463, 146474, 147325, 147333, 147348, 147408, 148069, 148075, 148118, 149914, 149944, 149967, 151186, 151192, 151278, 151879, 152764, 152772, 152842, 153685, 154508, 157546, 158467, 158739, 160052, 160240, 160246, 160280, 160376, 160394, 160470, 161614, 161617, 161930, 161964, 164027, 164062, 164079, 164873, 167093, 167132, 167134, 167933, 167951, 167952, 167963, 167965, 168098, 168117, 168143, 168170, 168998, 169005, 169016, 169121, 169149, 169216, 171098, 171102, 172190, 172922, 173394, 173398, 174121, 174142, 174150, 174166, 174201, 175143, 175977, 176097, 176899, 176904, 176959, 177956, 178029, 178887, 178891, 178898, 180126, 180168, 181589, 182414, 183274, 183284, 184006, 184507, 184690, 185607, 185609, 185613, 185615, 185634, 185644, 189115, 190344, 191210, 191217, 191237, 191287, 192029, 192036, 192039, 192158, 192168, 192178, 193307, 193314, 193378, 194109, 195833, 195872, 195904, 196550, 196556, 196621, 196784, 196795, 196849, 196866, 196918, 196931, 196936, 196950, 196985, 197050, 197077, 197125, 197303, 197311, 197319, 197331, 197373, 197376, 197391, 197484, 197506, 197572, 197596]
17,4,[65687, 106852, 137160, 177639]
18,89,[13341, 13571, 13583, 21106, 23377, 24999, 27187, 27221, 27223, 27783, 27876, 28102, 29204, 29347, 29409, 30771, 60628, 60647, 77868, 80002, 80599, 80897, 80988, 81039, 81086, 81177, 81326, 82714, 82773, 82803, 82924, 83034, 84677, 84764, 84796, 84840, 84882, 85032, 85063, 95729, 95775, 104500, 113785, 114945, 115008, 115077, 116139, 116897, 116911, 117121, 117123, 117212, 117263, 117413, 117447, 117499, 117554, 117819, 117846, 117889, 117973, 117984, 118532, 119289, 119303, 119513, 119515, 119604, 119655, 119805, 119839, 119891, 119946, 120211, 120238, 120281, 120365, 120376, 124888, 125154, 129618, 129744, 129850, 129954, 129966, 129991, 130034, 142301, 147209]
19,1,[1209]
20,2,[52273, 60570]
21,4,[548, 14756, 14760, 35425]
22,25,[10223, 77451, 77532, 83417, 103868, 104130, 104262, 104342, 104343, 104373, 104381, 104399, 104404, 104409, 104411, 104423, 104442, 104451, 104474, 108265, 114833, 114951, 157263, 157319, 161140]
24,1,[10183]
25,369,[3562, 3574, 3580, 4463, 4561, 4568, 4594, 5440, 5465, 6923, 6927, 7015, 7047, 7601, 7603, 8294, 11748, 13868, 13878, 13880, 13884, 13886, 13989, 20534, 21184, 21187, 21192, 21194, 24921, 24926, 24974, 25428, 25434, 25484, 25489, 26144, 26162, 26169, 26171, 26193, 26203, 26212, 26221, 26299, 27314, 28021, 28027, 28041, 28062, 29652, 29654, 29658, 29660, 29688, 29706, 32219, 32964, 32996, 33594, 33608, 34382, 34389, 34400, 34487, 36404, 36597, 36599, 37376, 37791, 37795, 37813, 39220, 40032, 42392, 42398, 42400, 42404, 42410, 42412, 42437, 42442, 42459, 42466, 43459, 43468, 46474, 49773, 49804, 49963, 50905, 52024, 52943, 52951, 53739, 53743, 53764, 55889, 57085, 57308, 57373, 57375, 58167, 58171, 58257, 58820, 58825, 58827, 58855, 58864, 59314, 59318, 61936, 63427, 63448, 63462, 64135, 64136, 67198, 67202, 67270, 67285, 68523, 69859, 70570, 70575, 70577, 70579, 70596, 70605, 70618, 70674, 71573, 72278, 73286, 73477, 74305, 74308, 74412, 74486, 75482, 77409, 77418, 80069, 81023, 81294, 81300, 81307, 84772, 85903, 92341, 93190, 93367, 93374, 93383, 93892, 94133, 94909, 94911, 94933, 97131, 97133, 97134, 97194, 100292, 100304, 101037, 101662, 101667, 104535, 104583, 105208, 105284, 105320, 105518, 106778, 106787, 106819, 107904, 107908, 107931, 107977, 108658, 109441, 110099, 110128, 110165, 110930, 112519, 112524, 112578, 113082, 113894, 113901, 113953, 114509, 117576, 117585, 118650, 119438, 120264, 122058, 122850, 123689, 123693, 123695, 123697, 125034, 126177, 130517, 130522, 131036, 131345, 132198, 132201, 133341, 135489, 135519, 135533, 136019, 137272, 137279, 138905, 138911, 138948, 139492, 139495, 139561, 139577, 140305, 140337, 141295, 141302, 141315, 141374, 142027, 142032, 142072, 143729, 143757, 143777, 144904, 144909, 144990, 145523, 146382, 146388, 147194, 147953, 150812, 151716, 153544, 153549, 153551, 153566, 153630, 153632, 154883, 154886, 157154, 157172, 157216, 157248, 157264, 158009, 160997, 161020, 161021, 161035, 161037, 161176, 161202, 162045, 162051, 162060, 162179, 162217, 164092, 164134, 164138, 164147, 164247, 164382, 165330, 166033, 166445, 166449, 167140, 167160, 167168, 167184, 168854, 169741, 169745, 169795, 170659, 170727, 171533, 171537, 171543, 172791, 172793, 174162, 174164, 174964, 175801, 175810, 176962, 177995, 177997, 178001, 178003, 178019, 178029, 181316, 182721, 182754, 182808, 182816, 182825, 182911, 182918, 183993, 184000, 184003, 184117, 184127, 184137, 185151, 185156, 185248, 185961, 187671, 187732, 188331, 188337, 188387, 188545, 188567, 188724, 188737, 188742, 188770, 188813, 188830, 188924, 188956, 189021, 189232, 189517, 190074, 191257, 191267, 191443, 191859, 193419, 193425, 194128, 197095, 198380, 198512, 198606, 198707, 198744, 198790, 198956, 198959, 199008, 199042, 199541]
26,7,[5135, 5544, 8549, 31845, 32397, 53361, 61867]
28,1,[9948]
30,23,[325378, 498072, 502555, 513559, 526387, 526725, 547081, 557594, 566422, 567302, 567436, 567552, 567711, 567980, 568027, 580285, 580301, 580404, 580611, 580750, 580926, 581408, 581801]
