12,3,[10910, 10929, 12001]
15,2,[122029, 155878]
18,1,[40316]
21,1,[11838]
22,36,[2346, 11914, 19464, 24529, 29613, 38868, 38876, 38878, 61381, 62144, 62146, 62568, 62570, 62591, 64678, 64689, 79425, 90919, 90921, 107652, 107814, 109488, 109765, 109767, 109770, 118355, 118401, 123333, 123381, 123421, 123578, 123780, 123837, 124335, 125959, 152787]
27,1,[105172]
12,3,[10910, 10929, 12001]
15,2,[122029, 155878]
18,1,[40316]
21,1,[11838]
22,36,[2346, 11914, 19464, 24529, 29613, 38868, 38876, 38878, 61381, 62144, 62146, 62568, 62570, 62591, 64678, 64689, 79425, 90919, 90921, 107652, 107814, 109488, 109765, 109767, 109770, 118355, 118401, 123333, 123381, 123421, 123578, 123780, 123837, 124335, 125959, 152787]
27,1,[105172]
