6,4,[72, 112, 129, 728]
7,1,[56]
9,3,[1902, 2055, 2138]
10,179,[6105, 7044, 10080, 10338, 12376, 13688, 13886, 17103, 17727, 19364, 19493, 20407, 21690, 26468, 26502, 30062, 70142, 70683, 75074, 75771, 89808, 93650, 94336, 101807, 102458, 107110, 108578, 121656, 129011, 129041, 129603, 131744, 131919, 131978, 133810, 133861, 133914, 135408, 135450, 135895, 136282, 136337, 136611, 136925, 139089, 140644, 141174, 142023, 150048, 152480, 153244, 155683, 156567, 158103, 159764, 159802, 159879, 159886, 160261, 160404, 161400, 164812, 165310, 169965, 180103, 180143, 180274, 192016, 193988, 196981, 202819, 202822, 203068, 206765, 208521, 208563, 209368, 209386, 217037, 219133, 221171, 221277, 233331, 234714, 243519, 250049, 258870, 260627, 269770, 270861, 272398, 290911, 354383, 363246, 368621, 372192, 380069, 384125, 393298, 394993, 396500, 396552, 398004, 399158, 405287, 405652, 405930, 411204, 412290, 419917, 421221, 421784, 422240, 423970, 425139, 441665, 441808, 445404, 449716, 451446, 460889, 461290, 475293, 481692, 482320, 491255, 491269, 491317, 491323, 491954, 491959, 496846, 500382, 501114, 504453, 504528, 505108, 509451, 512091, 518212, 518366, 518446, 519018, 519106, 519737, 520087, 524066, 527209, 527899, 528764, 529129, 529461, 530306, 531495, 531506, 531751, 535190, 535389, 535444, 536081, 541565, 541595, 544078, 544885, 547736, 551698, 557906, 557932, 567044, 568256, 572912, 572917, 573133, 577299, 583447, 621887, 622005, 622013, 622031]
11,1,[619]
12,7,[4313, 4317, 4744, 4766, 5231, 15698, 20634]
14,350,[493, 1731, 2217, 2358, 2378, 2406, 2675, 2694, 2729, 2742, 2752, 2830, 3326, 3450, 3499, 3882, 4364, 4754, 4873, 5735, 6426, 7123, 7229, 7861, 8362, 9055, 9183, 9981, 10347, 10508, 11075, 11391, 11940, 12132, 12596, 12730, 13587, 14567, 15305, 16050, 16291, 16393, 17224, 17753, 17960, 18078, 19107, 19205, 19910, 20687, 21352, 21440, 22048, 22759, 23077, 23860, 23972, 24148, 24158, 25220, 25462, 25974, 26009, 26672, 26739, 27853, 28277, 28400, 28633, 28928, 29604, 30060, 30345, 30904, 31262, 31865, 32131, 32239, 33127, 33954, 34581, 35401, 36273, 36809, 37298, 37515, 38613, 38962, 39064, 39485, 39627, 40584, 41065, 41350, 42236, 42865, 43048, 43766, 43913, 44024, 44894, 46092, 46688, 47114, 48132, 48546, 48834, 49500, 50508, 51387, 51551, 52263, 52792, 52892, 52957, 53938, 54722, 55084, 55362, 55726, 55837, 56506, 57147, 57992, 59015, 60372, 61042, 61639, 61856, 62653, 62742, 63376, 63980, 65092, 66102, 66149, 66985, 67648, 67783, 68330, 68793, 69464, 70229, 70948, 71600, 72470, 72620, 72773, 73073, 73836, 74697, 75641, 76017, 76512, 76636, 77679, 78609, 78896, 79502, 79728, 79857, 79969, 80711, 81734, 81944, 82344, 83005, 83442, 84516, 84582, 85664, 85791, 86705, 88142, 88864, 89269, 89900, 90210, 91016, 91205, 92334, 92567, 92724, 93084, 93340, 94310, 94445, 95140, 95297, 95453, 95859, 96105, 96630, 96997, 97966, 98746, 99098, 99210, 99551, 99905, 100991, 101801, 102725, 103630, 104247, 105066, 105695, 106692, 107154, 107488, 108411, 108822, 109095, 109521, 110334, 111088, 111664, 112337, 113088, 113619, 113914, 114763, 115305, 116485, 117184, 117383, 117992, 118726, 119258, 120204, 120494, 120941, 121713, 122055, 122322, 122470, 123383, 123752, 124386, 125294, 125894, 126850, 128004, 128834, 129261, 129586, 129788, 130408, 130917, 131508, 132564, 133282, 133931, 134490, 135165, 135208, 135622, 135764, 136885, 137694, 137784, 138859, 139943, 141168, 141676, 142372, 142889, 143941, 144677, 145341, 146026, 147074, 147708, 147835, 148413, 149045, 149685, 150296, 150950, 151634, 152413, 153339, 154215, 154975, 155021, 155710, 156529, 156695, 157227, 158081, 159298, 159640, 159914, 160992, 161319, 161839, 162520, 162703, 163685, 163805, 164594, 165489, 165929, 166653, 167634, 168641, 169743, 170733, 171875, 172683, 173168, 173540, 173777, 174605, 174734, 175588, 176281, 176670, 177213, 177483, 177508, 177711, 178542, 179385, 180828, 181075, 182133, 183023, 183486, 183729, 184199, 184977, 185165, 186190, 186854, 187097, 187660, 188332, 188861, 189545, 190060, 190411, 190930, 191678, 192193, 192903, 193868, 194602, 195376, 197607]
15,25,[1098, 1126, 3714, 4348, 9880, 12773, 12799, 12911, 12990, 16544, 18526, 32472, 50093, 73967, 84340, 91836, 91844, 121100, 127872, 131766, 132911, 136657, 137922, 147357, 163330]
16,2,[28708, 33237]
17,38,[35676, 106007, 126163, 126884, 127327, 131984, 132047, 135610, 135689, 135881, 138504, 138678, 140716, 140909, 143780, 145344, 146097, 146106, 146285, 146455, 146479, 146751, 146955, 147452, 147479, 147717, 147739, 148771, 153059, 156341, 156372, 166245, 168687, 172726, 195126, 196988, 199581, 204707]
18,122,[970, 1190, 2402, 2488, 2541, 2860, 3084, 3112, 3487, 3876, 3891, 5191, 6971, 8156, 9655, 10749, 10772, 10839, 11239, 11436, 11608, 11836, 15200, 15238, 16116, 16315, 16721, 16885, 17058, 18208, 18360, 18858, 18893, 19206, 19344, 20440, 21385, 22573, 23272, 24849, 31714, 33172, 33204, 33229, 33236, 33714, 36629, 37187, 37329, 38022, 39876, 39983, 40358, 40530, 40696, 41258, 41761, 41866, 44331, 44428, 44757, 45323, 47409, 47487, 47685, 52537, 53486, 54859, 56773, 57365, 57719, 59582, 59820, 60728, 61394, 62547, 64954, 65136, 65608, 65644, 65780, 65879, 67143, 76878, 78992, 79036, 79131, 86361, 87708, 88501, 92386, 92547, 94502, 95432, 96891, 97773, 98869, 99184, 99750, 99827, 100223, 102773, 103978, 106486, 107163, 107632, 108485, 116499, 118891, 122491, 122701, 123424, 125289, 128794, 132663, 133550, 145807, 146147, 146966, 147770, 148000, 148165]
19,4,[860, 12096, 15850, 15866]
20,1,[17681]
21,13,[1147, 6687, 8155, 8865, 15867, 22072, 25871, 25873, 25886, 25939, 25975, 26053, 35805]
22,15,[48, 25661, 25831, 25858, 35590, 35593, 45276, 45278, 45280, 48739, 71954, 114722, 120361, 133086, 148683]
23,11,[1357, 2736, 3150, 4349, 5963, 8676, 10905, 11793, 14416, 16045, 24529]
24,73,[598, 1084, 1520, 1581, 1821, 2159, 2742, 2814, 4244, 4413, 4837, 4879, 5228, 5440, 6547, 6865, 7318, 7351, 7406, 7668, 8275, 8308, 8384, 9707, 9795, 10167, 10526, 10610, 10707, 11032, 11069, 11159, 11274, 11312, 11404, 11644, 13916, 13939, 14299, 14520, 14661, 15762, 16009, 16703, 16948, 17497, 17708, 17722, 17832, 19013, 20661, 21409, 21926, 23575, 23651, 25253, 27045, 27188, 28600, 30487, 30599, 30693, 30735, 30958, 34234, 36578, 36744, 37338, 41515, 43090, 43241, 44607, 45032]
25,114,[19, 55, 1918, 2037, 2519, 2712, 2732, 2760, 3029, 3048, 3081, 3094, 3104, 3729, 3860, 3909, 4781, 5260, 7448, 9307, 10695, 11247, 12803, 16215, 17468, 18794, 21011, 22274, 23498, 23508, 25234, 25852, 26945, 27392, 27509, 28002, 28238, 29113, 29866, 30786, 31125, 35438, 36127, 38086, 39478, 41995, 42222, 44867, 46644, 49316, 50124, 50725, 50780, 52906, 53108, 60303, 63131, 65166, 69059, 69314, 72441, 76127, 76352, 78069, 79263, 80798, 84129, 85199, 86201, 88815, 90044, 91153, 91799, 92539, 94998, 95102, 95761, 96032, 98205, 102749, 103935, 104557, 108878, 116958, 118586, 123776, 123878, 124107, 129465, 129508, 141696, 145753, 148437, 150021, 153023, 153217, 154205, 155112, 156977, 164641, 166593, 169180, 170249, 170271, 173662, 176011, 177426, 184157, 184720, 185408, 188850, 189210, 189214, 189244]
26,1,[18358]
27,11,[10930, 20178, 38420, 46594, 57432, 59729, 69725, 76634, 87216, 93314, 105200]
28,11,[65, 1562, 2997, 3014, 3054, 3078, 3103, 3180, 3193, 3226, 11509]
30,179,[6011, 6950, 9986, 10244, 12282, 13594, 13792, 17009, 17633, 19270, 19399, 20313, 21596, 26374, 26408, 29968, 70039, 70580, 74971, 75668, 89701, 93543, 94229, 101700, 102351, 106999, 108467, 121545, 128899, 128929, 129491, 131632, 131807, 131866, 133698, 133749, 133802, 135296, 135338, 135783, 136170, 136225, 136499, 136813, 138977, 140532, 141062, 141911, 149935, 152367, 153131, 155570, 156454, 157990, 159650, 159688, 159765, 159772, 160147, 160290, 161286, 164689, 165187, 169842, 179980, 180020, 180151, 191884, 193856, 196849, 202677, 202680, 202926, 206623, 208379, 208421, 209226, 209244, 216896, 218993, 221021, 221127, 233181, 234564, 243366, 249896, 258714, 260471, 269614, 270705, 272242, 290755, 354224, 363083, 368458, 372029, 379906, 383962, 393132, 394827, 396334, 396386, 397838, 398992, 405121, 405486, 405764, 411038, 412124, 419751, 421055, 421618, 422074, 423804, 424973, 441495, 441638, 445234, 449546, 451276, 460719, 461120, 475123, 481526, 482154, 491095, 491109, 491157, 491163, 491794, 491799, 496677, 500213, 500945, 504284, 504359, 504939, 509282, 511922, 518040, 518194, 518274, 518846, 518934, 519565, 519915, 523894, 527037, 527727, 528589, 528954, 529286, 530131, 531320, 531331, 531576, 535015, 535214, 535269, 535906, 541390, 541420, 543903, 544710, 547561, 551520, 557728, 557754, 566864, 568076, 572732, 572737, 572953, 577119, 583267, 621635, 621753, 621761, 621779]
6,4,[72, 112, 129, 728]
7,1,[56]
9,3,[1902, 2055, 2138]
10,179,[6105, 7044, 10080, 10338, 12376, 13688, 13886, 17103, 17727, 19364, 19493, 20407, 21690, 26468, 26502, 30062, 70142, 70683, 75074, 75771, 89808, 93650, 94336, 101807, 102458, 107110, 108578, 121656, 129011, 129041, 129603, 131744, 131919, 131978, 133810, 133861, 133914, 135408, 135450, 135895, 136282, 136337, 136611, 136925, 139089, 140644, 141174, 142023, 150048, 152480, 153244, 155683, 156567, 158103, 159764, 159802, 159879, 159886, 160261, 160404, 161400, 164812, 165310, 169965, 180103, 180143, 180274, 192016, 193988, 196981, 202819, 202822, 203068, 206765, 208521, 208563, 209368, 209386, 217037, 219133, 221171, 221277, 233331, 234714, 243519, 250049, 258870, 260627, 269770, 270861, 272398, 290911, 354383, 363246, 368621, 372192, 380069, 384125, 393298, 394993, 396500, 396552, 398004, 399158, 405287, 405652, 405930, 411204, 412290, 419917, 421221, 421784, 422240, 423970, 425139, 441665, 441808, 445404, 449716, 451446, 460889, 461290, 475293, 481692, 482320, 491255, 491269, 491317, 491323, 491954, 491959, 496846, 500382, 501114, 504453, 504528, 505108, 509451, 512091, 518212, 518366, 518446, 519018, 519106, 519737, 520087, 524066, 527209, 527899, 528764, 529129, 529461, 530306, 531495, 531506, 531751, 535190, 535389, 535444, 536081, 541565, 541595, 544078, 544885, 547736, 551698, 557906, 557932, 567044, 568256, 572912, 572917, 573133, 577299, 583447, 621887, 622005, 622013, 622031]
11,1,[619]
12,7,[4313, 4317, 4744, 4766, 5231, 15698, 20634]
14,350,[493, 1731, 2217, 2358, 2378, 2406, 2675, 2694, 2729, 2742, 2752, 2830, 3326, 3450, 3499, 3882, 4364, 4754, 4873, 5735, 6426, 7123, 7229, 7861, 8362, 9055, 9183, 9981, 10347, 10508, 11075, 11391, 11940, 12132, 12596, 12730, 13587, 14567, 15305, 16050, 16291, 16393, 17224, 17753, 17960, 18078, 19107, 19205, 19910, 20687, 21352, 21440, 22048, 22759, 23077, 23860, 23972, 24148, 24158, 25220, 25462, 25974, 26009, 26672, 26739, 27853, 28277, 28400, 28633, 28928, 29604, 30060, 30345, 30904, 31262, 31865, 32131, 32239, 33127, 33954, 34581, 35401, 36273, 36809, 37298, 37515, 38613, 38962, 39064, 39485, 39627, 40584, 41065, 41350, 42236, 42865, 43048, 43766, 43913, 44024, 44894, 46092, 46688, 47114, 48132, 48546, 48834, 49500, 50508, 51387, 51551, 52263, 52792, 52892, 52957, 53938, 54722, 55084, 55362, 55726, 55837, 56506, 57147, 57992, 59015, 60372, 61042, 61639, 61856, 62653, 62742, 63376, 63980, 65092, 66102, 66149, 66985, 67648, 67783, 68330, 68793, 69464, 70229, 70948, 71600, 72470, 72620, 72773, 73073, 73836, 74697, 75641, 76017, 76512, 76636, 77679, 78609, 78896, 79502, 79728, 79857, 79969, 80711, 81734, 81944, 82344, 83005, 83442, 84516, 84582, 85664, 85791, 86705, 88142, 88864, 89269, 89900, 90210, 91016, 91205, 92334, 92567, 92724, 93084, 93340, 94310, 94445, 95140, 95297, 95453, 95859, 96105, 96630, 96997, 97966, 98746, 99098, 99210, 99551, 99905, 100991, 101801, 102725, 103630, 104247, 105066, 105695, 106692, 107154, 107488, 108411, 108822, 109095, 109521, 110334, 111088, 111664, 112337, 113088, 113619, 113914, 114763, 115305, 116485, 117184, 117383, 117992, 118726, 119258, 120204, 120494, 120941, 121713, 122055, 122322, 122470, 123383, 123752, 124386, 125294, 125894, 126850, 128004, 128834, 129261, 129586, 129788, 130408, 130917, 131508, 132564, 133282, 133931, 134490, 135165, 135208, 135622, 135764, 136885, 137694, 137784, 138859, 139943, 141168, 141676, 142372, 142889, 143941, 144677, 145341, 146026, 147074, 147708, 147835, 148413, 149045, 149685, 150296, 150950, 151634, 152413, 153339, 154215, 154975, 155021, 155710, 156529, 156695, 157227, 158081, 159298, 159640, 159914, 160992, 161319, 161839, 162520, 162703, 163685, 163805, 164594, 165489, 165929, 166653, 167634, 168641, 169743, 170733, 171875, 172683, 173168, 173540, 173777, 174605, 174734, 175588, 176281, 176670, 177213, 177483, 177508, 177711, 178542, 179385, 180828, 181075, 182133, 183023, 183486, 183729, 184199, 184977, 185165, 186190, 186854, 187097, 187660, 188332, 188861, 189545, 190060, 190411, 190930, 191678, 192193, 192903, 193868, 194602, 195376, 197607]
15,25,[1098, 1126, 3714, 4348, 9880, 12773, 12799, 12911, 12990, 16544, 18526, 32472, 50093, 73967, 84340, 91836, 91844, 121100, 127872, 131766, 132911, 136657, 137922, 147357, 163330]
16,2,[28708, 33237]
17,38,[35676, 106007, 126163, 126884, 127327, 131984, 132047, 135610, 135689, 135881, 138504, 138678, 140716, 140909, 143780, 145344, 146097, 146106, 146285, 146455, 146479, 146751, 146955, 147452, 147479, 147717, 147739, 148771, 153059, 156341, 156372, 166245, 168687, 172726, 195126, 196988, 199581, 204707]
18,122,[970, 1190, 2402, 2488, 2541, 2860, 3084, 3112, 3487, 3876, 3891, 5191, 6971, 8156, 9655, 10749, 10772, 10839, 11239, 11436, 11608, 11836, 15200, 15238, 16116, 16315, 16721, 16885, 17058, 18208, 18360, 18858, 18893, 19206, 19344, 20440, 21385, 22573, 23272, 24849, 31714, 33172, 33204, 33229, 33236, 33714, 36629, 37187, 37329, 38022, 39876, 39983, 40358, 40530, 40696, 41258, 41761, 41866, 44331, 44428, 44757, 45323, 47409, 47487, 47685, 52537, 53486, 54859, 56773, 57365, 57719, 59582, 59820, 60728, 61394, 62547, 64954, 65136, 65608, 65644, 65780, 65879, 67143, 76878, 78992, 79036, 79131, 86361, 87708, 88501, 92386, 92547, 94502, 95432, 96891, 97773, 98869, 99184, 99750, 99827, 100223, 102773, 103978, 106486, 107163, 107632, 108485, 116499, 118891, 122491, 122701, 123424, 125289, 128794, 132663, 133550, 145807, 146147, 146966, 147770, 148000, 148165]
19,4,[860, 12096, 15850, 15866]
20,1,[17681]
21,13,[1147, 6687, 8155, 8865, 15867, 22072, 25871, 25873, 25886, 25939, 25975, 26053, 35805]
22,15,[48, 25661, 25831, 25858, 35590, 35593, 45276, 45278, 45280, 48739, 71954, 114722, 120361, 133086, 148683]
23,11,[1357, 2736, 3150, 4349, 5963, 8676, 10905, 11793, 14416, 16045, 24529]
24,73,[598, 1084, 1520, 1581, 1821, 2159, 2742, 2814, 4244, 4413, 4837, 4879, 5228, 5440, 6547, 6865, 7318, 7351, 7406, 7668, 8275, 8308, 8384, 9707, 9795, 10167, 10526, 10610, 10707, 11032, 11069, 11159, 11274, 11312, 11404, 11644, 13916, 13939, 14299, 14520, 14661, 15762, 16009, 16703, 16948, 17497, 17708, 17722, 17832, 19013, 20661, 21409, 21926, 23575, 23651, 25253, 27045, 27188, 28600, 30487, 30599, 30693, 30735, 30958, 34234, 36578, 36744, 37338, 41515, 43090, 43241, 44607, 45032]
25,114,[19, 55, 1918, 2037, 2519, 2712, 2732, 2760, 3029, 3048, 3081, 3094, 3104, 3729, 3860, 3909, 4781, 5260, 7448, 9307, 10695, 11247, 12803, 16215, 17468, 18794, 21011, 22274, 23498, 23508, 25234, 25852, 26945, 27392, 27509, 28002, 28238, 29113, 29866, 30786, 31125, 35438, 36127, 38086, 39478, 41995, 42222, 44867, 46644, 49316, 50124, 50725, 50780, 52906, 53108, 60303, 63131, 65166, 69059, 69314, 72441, 76127, 76352, 78069, 79263, 80798, 84129, 85199, 86201, 88815, 90044, 91153, 91799, 92539, 94998, 95102, 95761, 96032, 98205, 102749, 103935, 104557, 108878, 116958, 118586, 123776, 123878, 124107, 129465, 129508, 141696, 145753, 148437, 150021, 153023, 153217, 154205, 155112, 156977, 164641, 166593, 169180, 170249, 170271, 173662, 176011, 177426, 184157, 184720, 185408, 188850, 189210, 189214, 189244]
26,1,[18358]
27,11,[10930, 20178, 38420, 46594, 57432, 59729, 69725, 76634, 87216, 93314, 105200]
28,11,[65, 1562, 2997, 3014, 3054, 3078, 3103, 3180, 3193, 3226, 11509]
30,179,[6011, 6950, 9986, 10244, 12282, 13594, 13792, 17009, 17633, 19270, 19399, 20313, 21596, 26374, 26408, 29968, 70039, 70580, 74971, 75668, 89701, 93543, 94229, 101700, 102351, 106999, 108467, 121545, 128899, 128929, 129491, 131632, 131807, 131866, 133698, 133749, 133802, 135296, 135338, 135783, 136170, 136225, 136499, 136813, 138977, 140532, 141062, 141911, 149935, 152367, 153131, 155570, 156454, 157990, 159650, 159688, 159765, 159772, 160147, 160290, 161286, 164689, 165187, 169842, 179980, 180020, 180151, 191884, 193856, 196849, 202677, 202680, 202926, 206623, 208379, 208421, 209226, 209244, 216896, 218993, 221021, 221127, 233181, 234564, 243366, 249896, 258714, 260471, 269614, 270705, 272242, 290755, 354224, 363083, 368458, 372029, 379906, 383962, 393132, 394827, 396334, 396386, 397838, 398992, 405121, 405486, 405764, 411038, 412124, 419751, 421055, 421618, 422074, 423804, 424973, 441495, 441638, 445234, 449546, 451276, 460719, 461120, 475123, 481526, 482154, 491095, 491109, 491157, 491163, 491794, 491799, 496677, 500213, 500945, 504284, 504359, 504939, 509282, 511922, 518040, 518194, 518274, 518846, 518934, 519565, 519915, 523894, 527037, 527727, 528589, 528954, 529286, 530131, 531320, 531331, 531576, 535015, 535214, 535269, 535906, 541390, 541420, 543903, 544710, 547561, 551520, 557728, 557754, 566864, 568076, 572732, 572737, 572953, 577119, 583267, 621635, 621753, 621761, 621779]
