10,8,[44264, 44271, 109101, 482929, 587335, 590352, 596973, 597837]
17,3,[59600, 66687, 66694]
20,2,[5121, 55908]
21,1,[30175]
22,3,[126848, 139065, 149691]
26,2,[5636, 57068]
27,2,[41044, 46668]
30,8,[44166, 44173, 108990, 482764, 587150, 590167, 596782, 597646]
10,8,[44264, 44271, 109101, 482929, 587335, 590352, 596973, 597837]
17,3,[59600, 66687, 66694]
20,2,[5121, 55908]
21,1,[30175]
22,3,[126848, 139065, 149691]
26,2,[5636, 57068]
27,2,[41044, 46668]
30,8,[44166, 44173, 108990, 482764, 587150, 590167, 596782, 597646]
