7,1,[78]
10,292,[3468, 4756, 4797, 4827, 4851, 4876, 4912, 4934, 7764, 8184, 8206, 8255, 8268, 8312, 8323, 8353, 8398, 8404, 8426, 8532, 8537, 8575, 11268, 11329, 14991, 19106, 32775, 34686, 34719, 43524, 46378, 46552, 46586, 52058, 53789, 53864, 53909, 54190, 54222, 59341, 74816, 76488, 76582, 76792, 77171, 77176, 77181, 77253, 77268, 86781, 89562, 92389, 97031, 97043, 107807, 108042, 108264, 108744, 108752, 110066, 110262, 110337, 111148, 111473, 111556, 111655, 112194, 116577, 124417, 124433, 124595, 124653, 124708, 124896, 125011, 125903, 126115, 126261, 126381, 126397, 127756, 129656, 129732, 129745, 129789, 129866, 129960, 130056, 130241, 130331, 130505, 131276, 131345, 132200, 132368, 133580, 143239, 143929, 144995, 145483, 158589, 163907, 163937, 163960, 163967, 167789, 167805, 173622, 175044, 175231, 177287, 192061, 198028, 202249, 204038, 205744, 205852, 205949, 206201, 206252, 209121, 215961, 216105, 217296, 217298, 227523, 227901, 229189, 231719, 232275, 232351, 232683, 236129, 236144, 236174, 236186, 236824, 245083, 247697, 247719, 247772, 247800, 247961, 248068, 248077, 248099, 248380, 248548, 251462, 254357, 254837, 257681, 257781, 257875, 258250, 258338, 262378, 263462, 266631, 267377, 267409, 267822, 271334, 275919, 275935, 275966, 275989, 282743, 283565, 288468, 289217, 289402, 292139, 306556, 310404, 315871, 315925, 320656, 321838, 321982, 322959, 327565, 328340, 328716, 331208, 331571, 331631, 331695, 334484, 335136, 335146, 335167, 336172, 337556, 337607, 341802, 345646, 372849, 374564, 374649, 377066, 381619, 385259, 387499, 387734, 388079, 388139, 388444, 389606, 390415, 394389, 399244, 399275, 399357, 399412, 399466, 401394, 405251, 411800, 411813, 411833, 411848, 413101, 413748, 413752, 413768, 413858, 414139, 414191, 414266, 414343, 414439, 414447, 423874, 437703, 438984, 438988, 439001, 439032, 439036, 439355, 439384, 439416, 439440, 439480, 439509, 441644, 451709, 453820, 453826, 458683, 468960, 469620, 470775, 470947, 470992, 471006, 471041, 472422, 473500, 473907, 474598, 475115, 477775, 492630, 493345, 495204, 495212, 495294, 495343, 495463, 495585, 529227, 566289, 568376, 589730, 604581, 604614, 620352, 620362, 620392, 620405, 620428, 620439, 620516, 620536, 620587, 620610, 621338, 621545, 622896, 623339]
14,1,[131175]
15,2,[42048, 117243]
17,100,[11261, 12116, 12309, 12317, 19007, 23942, 23963, 26507, 26665, 41768, 41818, 42340, 52349, 59957, 60025, 60030, 60035, 60119, 60419, 60444, 69620, 69729, 73042, 73063, 75085, 75092, 76659, 88069, 125579, 127758, 127799, 127805, 127939, 127992, 129489, 129533, 129577, 129590, 129989, 130107, 130129, 138552, 138580, 138616, 138670, 140723, 140762, 140784, 146658, 147942, 147961, 150178, 151163, 156297, 156320, 171144, 171162, 171665, 171689, 171853, 172656, 172664, 172671, 172694, 172730, 173088, 175457, 179472, 180049, 180322, 180355, 183655, 183929, 184039, 184086, 184097, 184180, 184613, 184807, 184939, 185109, 185347, 185823, 186408, 189803, 189877, 190042, 190078, 194226, 195570, 195767, 196910, 197397, 197556, 197581, 197658, 199517, 202989, 210588, 217944]
20,1,[62083]
22,7,[119853, 119933, 119984, 120055, 120130, 120154, 149399]
25,1,[125523]
26,7,[58327, 63220, 63386, 63429, 65059, 65375, 65655]
30,292,[3374, 4662, 4703, 4733, 4757, 4782, 4818, 4840, 7670, 8090, 8112, 8161, 8174, 8218, 8229, 8259, 8304, 8310, 8332, 8438, 8443, 8481, 11174, 11235, 14897, 19012, 32677, 34588, 34621, 43426, 46280, 46454, 46488, 51960, 53690, 53765, 53810, 54091, 54123, 59238, 74713, 76385, 76479, 76689, 77068, 77073, 77078, 77150, 77165, 86674, 89455, 92282, 96924, 96936, 107696, 107931, 108153, 108633, 108641, 109955, 110151, 110226, 111037, 111362, 111445, 111544, 112083, 116466, 124306, 124322, 124484, 124542, 124597, 124785, 124900, 125792, 126004, 126150, 126270, 126286, 127645, 129544, 129620, 129633, 129677, 129754, 129848, 129944, 130129, 130219, 130393, 131164, 131233, 132088, 132256, 133468, 143127, 143817, 144882, 145370, 158476, 163784, 163814, 163837, 163844, 167666, 167682, 173499, 174921, 175108, 177164, 191929, 197896, 202107, 203896, 205602, 205710, 205807, 206059, 206110, 208979, 215819, 215963, 217156, 217158, 227373, 227751, 229039, 231569, 232125, 232201, 232533, 235979, 235994, 236024, 236036, 236674, 244930, 247544, 247566, 247619, 247647, 247808, 247915, 247924, 247946, 248227, 248395, 251309, 254204, 254684, 257525, 257625, 257719, 258094, 258182, 262222, 263306, 266475, 267221, 267253, 267666, 271178, 275763, 275779, 275810, 275833, 282588, 283409, 288312, 289061, 289246, 291983, 306398, 310246, 315712, 315766, 320497, 321679, 321823, 322800, 327406, 328181, 328557, 331049, 331412, 331472, 331536, 334325, 334977, 334987, 335008, 336013, 337397, 337448, 341643, 345487, 372686, 374401, 374486, 376903, 381456, 385096, 387336, 387571, 387916, 387976, 388281, 389443, 390252, 394223, 399078, 399109, 399191, 399246, 399300, 401228, 405085, 411634, 411647, 411667, 411682, 412935, 413582, 413586, 413602, 413692, 413973, 414025, 414100, 414177, 414273, 414281, 423708, 437533, 438814, 438818, 438831, 438862, 438866, 439185, 439214, 439246, 439270, 439310, 439339, 441474, 451539, 453650, 453656, 458513, 468789, 469449, 470604, 470776, 470821, 470835, 470870, 472252, 473330, 473737, 474428, 474945, 477607, 492470, 493185, 495045, 495053, 495135, 495184, 495304, 495426, 529052, 566109, 568196, 589545, 604379, 604412, 620100, 620110, 620140, 620153, 620176, 620187, 620264, 620284, 620335, 620358, 621086, 621293, 622644, 623087]
7,1,[78]
10,292,[3468, 4756, 4797, 4827, 4851, 4876, 4912, 4934, 7764, 8184, 8206, 8255, 8268, 8312, 8323, 8353, 8398, 8404, 8426, 8532, 8537, 8575, 11268, 11329, 14991, 19106, 32775, 34686, 34719, 43524, 46378, 46552, 46586, 52058, 53789, 53864, 53909, 54190, 54222, 59341, 74816, 76488, 76582, 76792, 77171, 77176, 77181, 77253, 77268, 86781, 89562, 92389, 97031, 97043, 107807, 108042, 108264, 108744, 108752, 110066, 110262, 110337, 111148, 111473, 111556, 111655, 112194, 116577, 124417, 124433, 124595, 124653, 124708, 124896, 125011, 125903, 126115, 126261, 126381, 126397, 127756, 129656, 129732, 129745, 129789, 129866, 129960, 130056, 130241, 130331, 130505, 131276, 131345, 132200, 132368, 133580, 143239, 143929, 144995, 145483, 158589, 163907, 163937, 163960, 163967, 167789, 167805, 173622, 175044, 175231, 177287, 192061, 198028, 202249, 204038, 205744, 205852, 205949, 206201, 206252, 209121, 215961, 216105, 217296, 217298, 227523, 227901, 229189, 231719, 232275, 232351, 232683, 236129, 236144, 236174, 236186, 236824, 245083, 247697, 247719, 247772, 247800, 247961, 248068, 248077, 248099, 248380, 248548, 251462, 254357, 254837, 257681, 257781, 257875, 258250, 258338, 262378, 263462, 266631, 267377, 267409, 267822, 271334, 275919, 275935, 275966, 275989, 282743, 283565, 288468, 289217, 289402, 292139, 306556, 310404, 315871, 315925, 320656, 321838, 321982, 322959, 327565, 328340, 328716, 331208, 331571, 331631, 331695, 334484, 335136, 335146, 335167, 336172, 337556, 337607, 341802, 345646, 372849, 374564, 374649, 377066, 381619, 385259, 387499, 387734, 388079, 388139, 388444, 389606, 390415, 394389, 399244, 399275, 399357, 399412, 399466, 401394, 405251, 411800, 411813, 411833, 411848, 413101, 413748, 413752, 413768, 413858, 414139, 414191, 414266, 414343, 414439, 414447, 423874, 437703, 438984, 438988, 439001, 439032, 439036, 439355, 439384, 439416, 439440, 439480, 439509, 441644, 451709, 453820, 453826, 458683, 468960, 469620, 470775, 470947, 470992, 471006, 471041, 472422, 473500, 473907, 474598, 475115, 477775, 492630, 493345, 495204, 495212, 495294, 495343, 495463, 495585, 529227, 566289, 568376, 589730, 604581, 604614, 620352, 620362, 620392, 620405, 620428, 620439, 620516, 620536, 620587, 620610, 621338, 621545, 622896, 623339]
14,1,[131175]
15,2,[42048, 117243]
17,100,[11261, 12116, 12309, 12317, 19007, 23942, 23963, 26507, 26665, 41768, 41818, 42340, 52349, 59957, 60025, 60030, 60035, 60119, 60419, 60444, 69620, 69729, 73042, 73063, 75085, 75092, 76659, 88069, 125579, 127758, 127799, 127805, 127939, 127992, 129489, 129533, 129577, 129590, 129989, 130107, 130129, 138552, 138580, 138616, 138670, 140723, 140762, 140784, 146658, 147942, 147961, 150178, 151163, 156297, 156320, 171144, 171162, 171665, 171689, 171853, 172656, 172664, 172671, 172694, 172730, 173088, 175457, 179472, 180049, 180322, 180355, 183655, 183929, 184039, 184086, 184097, 184180, 184613, 184807, 184939, 185109, 185347, 185823, 186408, 189803, 189877, 190042, 190078, 194226, 195570, 195767, 196910, 197397, 197556, 197581, 197658, 199517, 202989, 210588, 217944]
20,1,[62083]
22,7,[119853, 119933, 119984, 120055, 120130, 120154, 149399]
25,1,[125523]
26,7,[58327, 63220, 63386, 63429, 65059, 65375, 65655]
30,292,[3374, 4662, 4703, 4733, 4757, 4782, 4818, 4840, 7670, 8090, 8112, 8161, 8174, 8218, 8229, 8259, 8304, 8310, 8332, 8438, 8443, 8481, 11174, 11235, 14897, 19012, 32677, 34588, 34621, 43426, 46280, 46454, 46488, 51960, 53690, 53765, 53810, 54091, 54123, 59238, 74713, 76385, 76479, 76689, 77068, 77073, 77078, 77150, 77165, 86674, 89455, 92282, 96924, 96936, 107696, 107931, 108153, 108633, 108641, 109955, 110151, 110226, 111037, 111362, 111445, 111544, 112083, 116466, 124306, 124322, 124484, 124542, 124597, 124785, 124900, 125792, 126004, 126150, 126270, 126286, 127645, 129544, 129620, 129633, 129677, 129754, 129848, 129944, 130129, 130219, 130393, 131164, 131233, 132088, 132256, 133468, 143127, 143817, 144882, 145370, 158476, 163784, 163814, 163837, 163844, 167666, 167682, 173499, 174921, 175108, 177164, 191929, 197896, 202107, 203896, 205602, 205710, 205807, 206059, 206110, 208979, 215819, 215963, 217156, 217158, 227373, 227751, 229039, 231569, 232125, 232201, 232533, 235979, 235994, 236024, 236036, 236674, 244930, 247544, 247566, 247619, 247647, 247808, 247915, 247924, 247946, 248227, 248395, 251309, 254204, 254684, 257525, 257625, 257719, 258094, 258182, 262222, 263306, 266475, 267221, 267253, 267666, 271178, 275763, 275779, 275810, 275833, 282588, 283409, 288312, 289061, 289246, 291983, 306398, 310246, 315712, 315766, 320497, 321679, 321823, 322800, 327406, 328181, 328557, 331049, 331412, 331472, 331536, 334325, 334977, 334987, 335008, 336013, 337397, 337448, 341643, 345487, 372686, 374401, 374486, 376903, 381456, 385096, 387336, 387571, 387916, 387976, 388281, 389443, 390252, 394223, 399078, 399109, 399191, 399246, 399300, 401228, 405085, 411634, 411647, 411667, 411682, 412935, 413582, 413586, 413602, 413692, 413973, 414025, 414100, 414177, 414273, 414281, 423708, 437533, 438814, 438818, 438831, 438862, 438866, 439185, 439214, 439246, 439270, 439310, 439339, 441474, 451539, 453650, 453656, 458513, 468789, 469449, 470604, 470776, 470821, 470835, 470870, 472252, 473330, 473737, 474428, 474945, 477607, 492470, 493185, 495045, 495053, 495135, 495184, 495304, 495426, 529052, 566109, 568196, 589545, 604379, 604412, 620100, 620110, 620140, 620153, 620176, 620187, 620264, 620284, 620335, 620358, 621086, 621293, 622644, 623087]
