10,29,[691, 715, 780, 1409, 4769, 4836, 4884, 4918, 65603, 65610, 430521, 430556, 430570, 434780, 434834, 434901, 527954, 584898, 587910, 587920, 587938, 588266, 600688, 605855, 610143, 610292, 614574, 619092, 633619]
11,4,[9545, 9794, 9839, 15354]
12,8,[6049, 6934, 12533, 15770, 15780, 21283, 22018, 22792]
13,2,[2243, 3245]
15,42,[11379, 11579, 25086, 26493, 36774, 42387, 42627, 42691, 43145, 44173, 55347, 57953, 58220, 58275, 61035, 62447, 62468, 63520, 64348, 71555, 76142, 80645, 81680, 81802, 82769, 86263, 90169, 92411, 94413, 94577, 103065, 104534, 104673, 106298, 106921, 107100, 109581, 109634, 111547, 113607, 139071, 167349]
16,4,[21482, 22597, 30302, 37503]
17,8,[28554, 78181, 78614, 78941, 112381, 124864, 124883, 199042]
18,4,[42791, 50906, 112593, 125358]
19,2,[338, 3875]
20,14,[12454, 13977, 14318, 19169, 19883, 20668, 23157, 37364, 40888, 41141, 42754, 43149, 47813, 55445]
21,7,[6767, 13129, 14016, 14913, 28245, 30623, 30770]
22,11,[1072, 20742, 36377, 40745, 48010, 48023, 48770, 48772, 49454, 87889, 117019]
24,8,[579, 802, 1095, 1692, 4502, 13897, 14000, 20457]
26,14,[13041, 14564, 14915, 19877, 20601, 21396, 23926, 38280, 41823, 42078, 43702, 44100, 48824, 56604]
27,12,[3520, 14310, 30999, 33492, 39640, 65259, 70088, 71896, 78381, 83666, 85076, 98767]
30,29,[598, 622, 687, 1316, 4675, 4742, 4790, 4824, 65500, 65507, 430351, 430386, 430400, 434610, 434664, 434731, 527782, 584713, 587725, 587735, 587753, 588081, 600491, 605653, 609926, 610075, 614340, 618840, 633344]
10,29,[691, 715, 780, 1409, 4769, 4836, 4884, 4918, 65603, 65610, 430521, 430556, 430570, 434780, 434834, 434901, 527954, 584898, 587910, 587920, 587938, 588266, 600688, 605855, 610143, 610292, 614574, 619092, 633619]
11,4,[9545, 9794, 9839, 15354]
12,8,[6049, 6934, 12533, 15770, 15780, 21283, 22018, 22792]
13,2,[2243, 3245]
15,42,[11379, 11579, 25086, 26493, 36774, 42387, 42627, 42691, 43145, 44173, 55347, 57953, 58220, 58275, 61035, 62447, 62468, 63520, 64348, 71555, 76142, 80645, 81680, 81802, 82769, 86263, 90169, 92411, 94413, 94577, 103065, 104534, 104673, 106298, 106921, 107100, 109581, 109634, 111547, 113607, 139071, 167349]
16,4,[21482, 22597, 30302, 37503]
17,8,[28554, 78181, 78614, 78941, 112381, 124864, 124883, 199042]
18,4,[42791, 50906, 112593, 125358]
19,2,[338, 3875]
20,14,[12454, 13977, 14318, 19169, 19883, 20668, 23157, 37364, 40888, 41141, 42754, 43149, 47813, 55445]
21,7,[6767, 13129, 14016, 14913, 28245, 30623, 30770]
22,11,[1072, 20742, 36377, 40745, 48010, 48023, 48770, 48772, 49454, 87889, 117019]
24,8,[579, 802, 1095, 1692, 4502, 13897, 14000, 20457]
26,14,[13041, 14564, 14915, 19877, 20601, 21396, 23926, 38280, 41823, 42078, 43702, 44100, 48824, 56604]
27,12,[3520, 14310, 30999, 33492, 39640, 65259, 70088, 71896, 78381, 83666, 85076, 98767]
30,29,[598, 622, 687, 1316, 4675, 4742, 4790, 4824, 65500, 65507, 430351, 430386, 430400, 434610, 434664, 434731, 527782, 584713, 587725, 587735, 587753, 588081, 600491, 605653, 609926, 610075, 614340, 618840, 633344]
