10,6,[522499, 525292, 584792, 587959, 628108, 632869]
14,3,[45199, 62873, 153636]
15,7,[1855, 13143, 100725, 112008, 123994, 139723, 141239]
17,14,[4330, 21156, 21172, 22458, 22536, 26078, 30603, 79023, 100956, 100962, 104867, 104906, 199615, 217200]
18,5,[16149, 37414, 90255, 110070, 144414]
20,16,[7155, 12535, 13958, 15663, 28050, 32680, 35441, 36982, 37976, 39682, 45658, 47806, 48101, 50643, 54879, 65069]
22,13,[3169, 9368, 20743, 22163, 43114, 43274, 43345, 48007, 48825, 66811, 72244, 84174, 158699]
23,2,[1753, 2292]
25,5,[43373, 60423, 89821, 133170, 147147]
26,16,[7676, 13121, 14545, 16308, 28885, 33556, 36339, 37896, 38893, 40621, 46660, 48817, 49114, 51695, 56041, 66481]
27,1,[63828]
30,6,[522327, 525120, 584607, 587774, 627848, 632594]
10,6,[522499, 525292, 584792, 587959, 628108, 632869]
14,3,[45199, 62873, 153636]
15,7,[1855, 13143, 100725, 112008, 123994, 139723, 141239]
17,14,[4330, 21156, 21172, 22458, 22536, 26078, 30603, 79023, 100956, 100962, 104867, 104906, 199615, 217200]
18,5,[16149, 37414, 90255, 110070, 144414]
20,16,[7155, 12535, 13958, 15663, 28050, 32680, 35441, 36982, 37976, 39682, 45658, 47806, 48101, 50643, 54879, 65069]
22,13,[3169, 9368, 20743, 22163, 43114, 43274, 43345, 48007, 48825, 66811, 72244, 84174, 158699]
23,2,[1753, 2292]
25,5,[43373, 60423, 89821, 133170, 147147]
26,16,[7676, 13121, 14545, 16308, 28885, 33556, 36339, 37896, 38893, 40621, 46660, 48817, 49114, 51695, 56041, 66481]
27,1,[63828]
30,6,[522327, 525120, 584607, 587774, 627848, 632594]
