10,5,[514002, 526795, 526854, 547158, 562077]
13,10,[609, 636, 652, 935, 1201, 1232, 1257, 1308, 1395, 1428]
14,1,[56187]
15,141,[195, 3129, 7256, 24359, 25443, 26826, 29963, 30660, 32811, 33203, 37118, 38248, 38575, 38964, 39312, 49355, 50364, 51525, 51528, 51816, 51865, 52336, 52906, 54129, 54488, 57395, 57429, 60797, 63486, 63695, 65649, 65756, 65943, 66015, 67215, 67262, 67322, 67516, 67568, 67640, 67716, 67742, 67767, 68006, 68148, 68935, 68940, 69165, 69780, 70555, 70854, 71103, 71123, 71368, 71487, 71901, 72638, 72683, 74632, 75790, 79553, 80244, 80311, 80821, 81348, 83205, 87192, 87534, 87873, 88058, 93279, 93893, 96576, 96808, 97007, 97085, 97781, 98246, 101289, 108449, 116892, 116949, 117043, 117839, 121801, 123875, 124839, 125164, 126124, 126785, 127255, 131004, 131608, 133435, 133972, 134166, 136306, 144845, 145503, 149926, 150249, 150869, 151143, 152653, 152887, 153807, 154952, 155232, 155586, 156000, 156408, 156451, 156595, 157791, 157973, 159696, 160025, 161109, 161221, 161576, 161766, 161885, 162082, 162660, 165398, 165553, 165711, 165952, 166042, 166452, 166522, 167653, 167842, 170973, 171117, 171405, 172473, 172667, 173305, 173340, 173404]
16,5,[11259, 11468, 31100, 31343, 31783]
20,13,[340, 2910, 4215, 4596, 19827, 22265, 28190, 28687, 30111, 30711, 33408, 59393, 62365]
21,2,[19266, 22988]
22,5,[10250, 25588, 36119, 36148, 108256]
25,1,[53829]
26,13,[704, 3365, 4717, 5114, 20544, 23021, 29026, 29519, 30958, 31571, 34288, 60654, 63701]
27,1,[87808]
30,5,[513833, 526623, 526682, 546983, 561899]
10,5,[514002, 526795, 526854, 547158, 562077]
13,10,[609, 636, 652, 935, 1201, 1232, 1257, 1308, 1395, 1428]
14,1,[56187]
15,141,[195, 3129, 7256, 24359, 25443, 26826, 29963, 30660, 32811, 33203, 37118, 38248, 38575, 38964, 39312, 49355, 50364, 51525, 51528, 51816, 51865, 52336, 52906, 54129, 54488, 57395, 57429, 60797, 63486, 63695, 65649, 65756, 65943, 66015, 67215, 67262, 67322, 67516, 67568, 67640, 67716, 67742, 67767, 68006, 68148, 68935, 68940, 69165, 69780, 70555, 70854, 71103, 71123, 71368, 71487, 71901, 72638, 72683, 74632, 75790, 79553, 80244, 80311, 80821, 81348, 83205, 87192, 87534, 87873, 88058, 93279, 93893, 96576, 96808, 97007, 97085, 97781, 98246, 101289, 108449, 116892, 116949, 117043, 117839, 121801, 123875, 124839, 125164, 126124, 126785, 127255, 131004, 131608, 133435, 133972, 134166, 136306, 144845, 145503, 149926, 150249, 150869, 151143, 152653, 152887, 153807, 154952, 155232, 155586, 156000, 156408, 156451, 156595, 157791, 157973, 159696, 160025, 161109, 161221, 161576, 161766, 161885, 162082, 162660, 165398, 165553, 165711, 165952, 166042, 166452, 166522, 167653, 167842, 170973, 171117, 171405, 172473, 172667, 173305, 173340, 173404]
16,5,[11259, 11468, 31100, 31343, 31783]
20,13,[340, 2910, 4215, 4596, 19827, 22265, 28190, 28687, 30111, 30711, 33408, 59393, 62365]
21,2,[19266, 22988]
22,5,[10250, 25588, 36119, 36148, 108256]
25,1,[53829]
26,13,[704, 3365, 4717, 5114, 20544, 23021, 29026, 29519, 30958, 31571, 34288, 60654, 63701]
27,1,[87808]
30,5,[513833, 526623, 526682, 546983, 561899]
