14,8,[6714, 13913, 37767, 37789, 82675, 100303, 103863, 197292]
15,1,[8573]
18,16,[26440, 69293, 69487, 109538, 125286, 139694, 139828, 139893, 139979, 140008, 140471, 140820, 140825, 141008, 143383, 143770]
21,2,[5109, 19283]
22,6,[108170, 154534, 155144, 155151, 155167, 156831]
24,1,[42613]
25,12,[6950, 13897, 36365, 36387, 77015, 78952, 96275, 99737, 157175, 189169, 194134, 194145]
14,8,[6714, 13913, 37767, 37789, 82675, 100303, 103863, 197292]
15,1,[8573]
18,16,[26440, 69293, 69487, 109538, 125286, 139694, 139828, 139893, 139979, 140008, 140471, 140820, 140825, 141008, 143383, 143770]
21,2,[5109, 19283]
22,6,[108170, 154534, 155144, 155151, 155167, 156831]
24,1,[42613]
25,12,[6950, 13897, 36365, 36387, 77015, 78952, 96275, 99737, 157175, 189169, 194134, 194145]
