14,3,[24570, 76269, 87521]
15,14,[36548, 66857, 67862, 69296, 70607, 74852, 86688, 89430, 89834, 95769, 99892, 134495, 146455, 171192]
17,2,[135395, 142812]
18,19,[18936, 31272, 33851, 34724, 37935, 42525, 56797, 57042, 57269, 58890, 59919, 65279, 67264, 75001, 104231, 116515, 118907, 125696, 142476]
22,10,[1596, 17822, 64931, 64943, 93104, 98586, 106089, 106392, 152387, 152765]
24,1,[35421]
25,3,[23899, 72717, 83827]
27,7,[2925, 16507, 35392, 46640, 61456, 86134, 109495]
14,3,[24570, 76269, 87521]
15,14,[36548, 66857, 67862, 69296, 70607, 74852, 86688, 89430, 89834, 95769, 99892, 134495, 146455, 171192]
17,2,[135395, 142812]
18,19,[18936, 31272, 33851, 34724, 37935, 42525, 56797, 57042, 57269, 58890, 59919, 65279, 67264, 75001, 104231, 116515, 118907, 125696, 142476]
22,10,[1596, 17822, 64931, 64943, 93104, 98586, 106089, 106392, 152387, 152765]
24,1,[35421]
25,3,[23899, 72717, 83827]
27,7,[2925, 16507, 35392, 46640, 61456, 86134, 109495]
