10,2,[59006, 439595]
14,41,[16867, 17843, 19611, 22765, 30079, 30973, 33794, 36006, 36131, 39342, 46915, 48686, 50199, 50349, 51351, 53661, 53797, 57801, 63122, 63269, 65889, 66801, 70100, 70701, 79648, 83043, 92058, 99247, 138542, 145761, 148923, 150691, 153907, 154048, 157781, 157795, 163478, 175214, 178233, 179205, 185765]
15,1,[112830]
18,1,[17486]
20,1,[62246]
21,5,[11636, 12289, 12308, 22832, 24607]
22,17,[7876, 9559, 20214, 20732, 22840, 23068, 26090, 28118, 40486, 41076, 57844, 57850, 75331, 91773, 120581, 120584, 122468]
24,4,[7294, 8730, 25158, 25310]
25,40,[16679, 17553, 19181, 22280, 29132, 29935, 32606, 34641, 34794, 37836, 45105, 46802, 47376, 48248, 48370, 49281, 51513, 51661, 55461, 60659, 60798, 62810, 63755, 66891, 67437, 76053, 79301, 88210, 95139, 139691, 142819, 144443, 147404, 147539, 151093, 151107, 156685, 170920, 171842, 178144]
26,1,[63583]
27,2,[19052, 51016]
30,2,[58903, 439425]
10,2,[59006, 439595]
14,41,[16867, 17843, 19611, 22765, 30079, 30973, 33794, 36006, 36131, 39342, 46915, 48686, 50199, 50349, 51351, 53661, 53797, 57801, 63122, 63269, 65889, 66801, 70100, 70701, 79648, 83043, 92058, 99247, 138542, 145761, 148923, 150691, 153907, 154048, 157781, 157795, 163478, 175214, 178233, 179205, 185765]
15,1,[112830]
18,1,[17486]
20,1,[62246]
21,5,[11636, 12289, 12308, 22832, 24607]
22,17,[7876, 9559, 20214, 20732, 22840, 23068, 26090, 28118, 40486, 41076, 57844, 57850, 75331, 91773, 120581, 120584, 122468]
24,4,[7294, 8730, 25158, 25310]
25,40,[16679, 17553, 19181, 22280, 29132, 29935, 32606, 34641, 34794, 37836, 45105, 46802, 47376, 48248, 48370, 49281, 51513, 51661, 55461, 60659, 60798, 62810, 63755, 66891, 67437, 76053, 79301, 88210, 95139, 139691, 142819, 144443, 147404, 147539, 151093, 151107, 156685, 170920, 171842, 178144]
26,1,[63583]
27,2,[19052, 51016]
30,2,[58903, 439425]
