11,3,[2336, 18709, 18732]
12,5,[3703, 10833, 12216, 13057, 17007]
13,1,[2296]
14,13,[7508, 41862, 45645, 72255, 72259, 94927, 101466, 120574, 132984, 141755, 160521, 183452, 184055]
15,15,[5346, 5570, 25622, 31213, 52006, 63093, 73315, 94716, 94718, 120173, 149332, 150080, 164090, 165546, 168486]
16,1,[26523]
17,5,[15274, 63786, 83073, 97822, 126589]
19,4,[4841, 4845, 18962, 18969]
22,5,[30121, 107803, 113729, 146353, 161347]
24,5,[7703, 19099, 26581, 35919, 44553]
25,13,[7746, 40244, 43838, 68870, 68874, 90950, 97332, 115522, 127318, 135810, 153679, 175979, 176536]
26,2,[43582, 50888]
27,11,[37445, 39906, 41413, 67940, 78760, 80634, 95020, 103202, 103219, 104252, 105913]
28,1,[2529]
11,3,[2336, 18709, 18732]
12,5,[3703, 10833, 12216, 13057, 17007]
13,1,[2296]
14,13,[7508, 41862, 45645, 72255, 72259, 94927, 101466, 120574, 132984, 141755, 160521, 183452, 184055]
15,15,[5346, 5570, 25622, 31213, 52006, 63093, 73315, 94716, 94718, 120173, 149332, 150080, 164090, 165546, 168486]
16,1,[26523]
17,5,[15274, 63786, 83073, 97822, 126589]
19,4,[4841, 4845, 18962, 18969]
22,5,[30121, 107803, 113729, 146353, 161347]
24,5,[7703, 19099, 26581, 35919, 44553]
25,13,[7746, 40244, 43838, 68870, 68874, 90950, 97332, 115522, 127318, 135810, 153679, 175979, 176536]
26,2,[43582, 50888]
27,11,[37445, 39906, 41413, 67940, 78760, 80634, 95020, 103202, 103219, 104252, 105913]
28,1,[2529]
