10,19,[30817, 34829, 127168, 306431, 315981, 326324, 346602, 348784, 349112, 351066, 354797, 362950, 368694, 370897, 396572, 410773, 424780, 429400, 622369]
15,8,[25486, 27361, 108262, 110180, 153587, 163124, 163868, 165536]
16,1,[8499]
17,2,[35742, 216607]
18,1,[125309]
19,2,[2163, 23985]
20,6,[3674, 7999, 31164, 54442, 55346, 60514]
21,4,[2081, 5111, 6080, 30833]
22,5,[115751, 130841, 130907, 148353, 148393]
23,19,[1869, 1915, 2701, 4208, 4526, 5773, 5928, 7918, 8101, 10976, 11103, 11205, 13400, 14571, 14903, 15186, 15585, 20598, 21550]
26,6,[4173, 8520, 32033, 55603, 56508, 61811]
27,10,[44295, 50256, 50257, 53186, 69915, 69932, 71964, 80442, 82509, 107887]
28,1,[4129]
30,19,[30723, 34731, 127057, 306273, 315822, 326165, 346443, 348625, 348953, 350907, 354638, 362790, 368531, 370734, 396406, 410607, 424614, 429233, 622117]
10,19,[30817, 34829, 127168, 306431, 315981, 326324, 346602, 348784, 349112, 351066, 354797, 362950, 368694, 370897, 396572, 410773, 424780, 429400, 622369]
15,8,[25486, 27361, 108262, 110180, 153587, 163124, 163868, 165536]
16,1,[8499]
17,2,[35742, 216607]
18,1,[125309]
19,2,[2163, 23985]
20,6,[3674, 7999, 31164, 54442, 55346, 60514]
21,4,[2081, 5111, 6080, 30833]
22,5,[115751, 130841, 130907, 148353, 148393]
23,19,[1869, 1915, 2701, 4208, 4526, 5773, 5928, 7918, 8101, 10976, 11103, 11205, 13400, 14571, 14903, 15186, 15585, 20598, 21550]
26,6,[4173, 8520, 32033, 55603, 56508, 61811]
27,10,[44295, 50256, 50257, 53186, 69915, 69932, 71964, 80442, 82509, 107887]
28,1,[4129]
30,19,[30723, 34731, 127057, 306273, 315822, 326165, 346443, 348625, 348953, 350907, 354638, 362790, 368531, 370734, 396406, 410607, 424614, 429233, 622117]
