10,5,[305730, 430576, 633165, 640534, 640874]
14,1,[86523]
15,4,[19133, 39588, 83681, 126504]
20,1,[35894]
22,8,[43771, 46371, 50085, 55521, 55542, 71530, 71695, 71905]
25,1,[82864]
26,7,[5052, 18547, 24304, 33987, 34619, 36794, 64718]
27,1,[26570]
30,5,[305572, 430406, 632890, 640259, 640599]
10,5,[305730, 430576, 633165, 640534, 640874]
14,1,[86523]
15,4,[19133, 39588, 83681, 126504]
20,1,[35894]
22,8,[43771, 46371, 50085, 55521, 55542, 71530, 71695, 71905]
25,1,[82864]
26,7,[5052, 18547, 24304, 33987, 34619, 36794, 64718]
27,1,[26570]
30,5,[305572, 430406, 632890, 640259, 640599]
