10,10,[49009, 49417, 49442, 49957, 55015, 57190, 57493, 57517, 62930, 577775]
11,19,[1346, 1599, 3375, 5356, 8541, 10390, 12225, 12230, 12353, 13324, 13606, 16094, 16742, 17229, 17232, 18607, 19347, 20629, 20666]
12,8,[4316, 4531, 11032, 11745, 13648, 14723, 18119, 22084]
15,54,[9940, 11378, 12375, 12671, 24003, 24631, 25433, 33719, 35884, 38098, 40784, 40789, 44351, 46383, 50331, 50809, 50821, 55674, 62490, 68567, 77489, 81412, 81875, 81912, 82584, 100437, 101827, 102076, 102160, 102474, 103054, 103112, 104296, 107298, 107763, 110469, 110802, 112182, 114239, 114577, 114814, 115170, 116258, 118529, 120568, 121750, 122613, 125356, 128723, 128831, 133448, 139443, 143663, 145518]
16,2,[4659, 18714]
17,7,[519, 13183, 16209, 121389, 149414, 155845, 208057]
18,5,[28179, 45130, 109484, 140759, 145867]
19,2,[12803, 19579]
20,1,[17729]
21,1,[34115]
22,10,[11768, 59315, 59331, 59345, 61296, 67967, 70929, 71683, 134812, 139199]
23,1,[25595]
24,3,[17498, 19393, 27243]
26,1,[18406]
27,8,[4217, 15736, 15889, 38872, 59878, 59887, 75192, 92217]
28,1,[5983]
30,10,[48911, 49319, 49344, 49859, 54916, 57091, 57394, 57418, 62827, 577595]
10,10,[49009, 49417, 49442, 49957, 55015, 57190, 57493, 57517, 62930, 577775]
11,19,[1346, 1599, 3375, 5356, 8541, 10390, 12225, 12230, 12353, 13324, 13606, 16094, 16742, 17229, 17232, 18607, 19347, 20629, 20666]
12,8,[4316, 4531, 11032, 11745, 13648, 14723, 18119, 22084]
15,54,[9940, 11378, 12375, 12671, 24003, 24631, 25433, 33719, 35884, 38098, 40784, 40789, 44351, 46383, 50331, 50809, 50821, 55674, 62490, 68567, 77489, 81412, 81875, 81912, 82584, 100437, 101827, 102076, 102160, 102474, 103054, 103112, 104296, 107298, 107763, 110469, 110802, 112182, 114239, 114577, 114814, 115170, 116258, 118529, 120568, 121750, 122613, 125356, 128723, 128831, 133448, 139443, 143663, 145518]
16,2,[4659, 18714]
17,7,[519, 13183, 16209, 121389, 149414, 155845, 208057]
18,5,[28179, 45130, 109484, 140759, 145867]
19,2,[12803, 19579]
20,1,[17729]
21,1,[34115]
22,10,[11768, 59315, 59331, 59345, 61296, 67967, 70929, 71683, 134812, 139199]
23,1,[25595]
24,3,[17498, 19393, 27243]
26,1,[18406]
27,8,[4217, 15736, 15889, 38872, 59878, 59887, 75192, 92217]
28,1,[5983]
30,10,[48911, 49319, 49344, 49859, 54916, 57091, 57394, 57418, 62827, 577595]
