14,261,[1609, 1663, 3724, 4596, 5562, 6356, 6357, 6361, 7066, 7706, 8302, 9845, 11223, 11887, 13397, 14399, 15171, 15922, 17086, 17867, 18929, 19616, 19803, 20404, 20551, 21250, 21967, 21975, 22930, 23767, 25048, 25928, 25929, 25933, 26576, 27392, 27689, 28533, 29435, 30238, 31128, 32011, 32915, 33846, 34478, 35293, 36172, 37128, 38379, 38924, 39425, 40430, 41254, 42084, 42797, 43788, 44629, 44709, 45894, 46870, 46943, 47900, 48726, 49425, 50387, 51413, 52584, 53826, 54613, 55598, 56410, 57071, 57673, 57829, 58834, 60151, 60951, 61461, 61547, 62523, 63309, 63916, 64614, 64875, 65922, 66848, 67541, 68598, 69360, 70144, 70861, 71550, 71551, 71555, 72487, 73023, 73716, 74597, 75519, 76412, 77530, 78357, 79679, 80584, 81763, 83255, 84353, 85463, 86556, 87960, 89063, 90052, 90664, 90891, 92101, 93034, 94163, 95175, 96038, 96788, 96851, 97804, 98606, 99418, 100782, 101692, 102513, 103453, 104181, 104924, 105604, 106531, 107334, 108608, 109437, 110210, 110956, 111561, 112239, 112240, 112244, 113015, 113769, 114651, 115238, 116305, 117106, 117107, 117111, 117923, 118636, 119212, 120004, 120805, 121599, 122215, 123258, 124159, 125155, 125815, 126697, 127845, 128710, 129630, 130346, 130856, 131458, 131459, 131463, 132331, 133182, 133877, 133878, 133882, 135465, 136667, 137564, 138735, 139779, 140951, 141624, 142452, 142463, 142475, 142695, 143701, 144611, 144612, 144616, 145215, 145923, 146750, 146896, 147739, 148311, 148951, 149602, 150232, 150828, 151566, 152342, 153127, 154087, 154699, 154877, 155453, 155607, 156378, 157155, 157959, 159095, 161007, 162285, 163526, 164437, 165333, 165881, 166394, 166547, 167444, 168453, 169508, 169588, 170566, 171679, 172559, 173116, 173563, 173687, 174486, 175419, 176500, 177140, 177141, 177145, 177652, 178250, 178405, 179228, 180606, 181939, 182900, 183621, 184125, 184985, 186024, 186787, 186788, 186792, 187588, 188254, 188785, 189467, 190802, 191560, 192667, 192681, 193742, 194482, 195253, 196203]
18,2,[73991, 115340]
22,21,[19244, 19246, 19248, 75474, 75659, 123985, 124044, 124049, 124051, 124053, 124088, 124304, 124312, 124315, 124334, 124336, 124343, 124373, 124443, 124449, 124472]
25,49,[1825, 1886, 1909, 1940, 1954, 1991, 6644, 6647, 19186, 20075, 21526, 25172, 25175, 26519, 26529, 42837, 45058, 55315, 56329, 59018, 68233, 68236, 86905, 107617, 107620, 112126, 112129, 125802, 125805, 128149, 128152, 136496, 136507, 136518, 138649, 138652, 140729, 148143, 148849, 154279, 159467, 162580, 166616, 169961, 169964, 170939, 179123, 179126, 184571]
28,1,[1268]
14,261,[1609, 1663, 3724, 4596, 5562, 6356, 6357, 6361, 7066, 7706, 8302, 9845, 11223, 11887, 13397, 14399, 15171, 15922, 17086, 17867, 18929, 19616, 19803, 20404, 20551, 21250, 21967, 21975, 22930, 23767, 25048, 25928, 25929, 25933, 26576, 27392, 27689, 28533, 29435, 30238, 31128, 32011, 32915, 33846, 34478, 35293, 36172, 37128, 38379, 38924, 39425, 40430, 41254, 42084, 42797, 43788, 44629, 44709, 45894, 46870, 46943, 47900, 48726, 49425, 50387, 51413, 52584, 53826, 54613, 55598, 56410, 57071, 57673, 57829, 58834, 60151, 60951, 61461, 61547, 62523, 63309, 63916, 64614, 64875, 65922, 66848, 67541, 68598, 69360, 70144, 70861, 71550, 71551, 71555, 72487, 73023, 73716, 74597, 75519, 76412, 77530, 78357, 79679, 80584, 81763, 83255, 84353, 85463, 86556, 87960, 89063, 90052, 90664, 90891, 92101, 93034, 94163, 95175, 96038, 96788, 96851, 97804, 98606, 99418, 100782, 101692, 102513, 103453, 104181, 104924, 105604, 106531, 107334, 108608, 109437, 110210, 110956, 111561, 112239, 112240, 112244, 113015, 113769, 114651, 115238, 116305, 117106, 117107, 117111, 117923, 118636, 119212, 120004, 120805, 121599, 122215, 123258, 124159, 125155, 125815, 126697, 127845, 128710, 129630, 130346, 130856, 131458, 131459, 131463, 132331, 133182, 133877, 133878, 133882, 135465, 136667, 137564, 138735, 139779, 140951, 141624, 142452, 142463, 142475, 142695, 143701, 144611, 144612, 144616, 145215, 145923, 146750, 146896, 147739, 148311, 148951, 149602, 150232, 150828, 151566, 152342, 153127, 154087, 154699, 154877, 155453, 155607, 156378, 157155, 157959, 159095, 161007, 162285, 163526, 164437, 165333, 165881, 166394, 166547, 167444, 168453, 169508, 169588, 170566, 171679, 172559, 173116, 173563, 173687, 174486, 175419, 176500, 177140, 177141, 177145, 177652, 178250, 178405, 179228, 180606, 181939, 182900, 183621, 184125, 184985, 186024, 186787, 186788, 186792, 187588, 188254, 188785, 189467, 190802, 191560, 192667, 192681, 193742, 194482, 195253, 196203]
18,2,[73991, 115340]
22,21,[19244, 19246, 19248, 75474, 75659, 123985, 124044, 124049, 124051, 124053, 124088, 124304, 124312, 124315, 124334, 124336, 124343, 124373, 124443, 124449, 124472]
25,49,[1825, 1886, 1909, 1940, 1954, 1991, 6644, 6647, 19186, 20075, 21526, 25172, 25175, 26519, 26529, 42837, 45058, 55315, 56329, 59018, 68233, 68236, 86905, 107617, 107620, 112126, 112129, 125802, 125805, 128149, 128152, 136496, 136507, 136518, 138649, 138652, 140729, 148143, 148849, 154279, 159467, 162580, 166616, 169961, 169964, 170939, 179123, 179126, 184571]
28,1,[1268]
