10,72,[1847, 1953, 2317, 3050, 5066, 15672, 30806, 72152, 74882, 74926, 75094, 94849, 95810, 96446, 110714, 110728, 114642, 122438, 122470, 122485, 122498, 122514, 122531, 122550, 122564, 122585, 122599, 122612, 122626, 123037, 123043, 123048, 123055, 123075, 123082, 131878, 134197, 150831, 159547, 170036, 170150, 173166, 179796, 192554, 192588, 192773, 195279, 200856, 220666, 226366, 292019, 297057, 297825, 298480, 304878, 318912, 339012, 359314, 399266, 402672, 404553, 404567, 422013, 422022, 495096, 495162, 495774, 512623, 554660, 604486, 604546, 627842]
15,12,[6800, 40876, 54130, 78232, 89364, 100360, 126802, 134350, 143852, 150009, 151602, 159852]
17,30,[21009, 21591, 24222, 24983, 24992, 25724, 25737, 41550, 41823, 45921, 46232, 46249, 50580, 83462, 83676, 83730, 83839, 115790, 121138, 128524, 163412, 163436, 163498, 163537, 163546, 163930, 164112, 186594, 192417, 192453]
20,7,[2437, 11496, 32436, 33407, 47855, 55684, 64638]
22,2,[94697, 148527]
23,1,[4365]
26,11,[2832, 12071, 17307, 33310, 34287, 48866, 51912, 55819, 56039, 56844, 66038]
27,3,[54619, 60521, 81330]
30,72,[1754, 1860, 2224, 2956, 4972, 15578, 30712, 72049, 74779, 74823, 74991, 94742, 95703, 96339, 110603, 110617, 114531, 122327, 122359, 122374, 122387, 122403, 122420, 122439, 122453, 122474, 122488, 122501, 122515, 122926, 122932, 122937, 122944, 122964, 122971, 131766, 134085, 150718, 159434, 169913, 170027, 173043, 179673, 192422, 192456, 192641, 195147, 200714, 220516, 226216, 291863, 296899, 297667, 298322, 304720, 318753, 338853, 359154, 399100, 402506, 404387, 404401, 421847, 421856, 494937, 495003, 495615, 512454, 554482, 604284, 604344, 627582]
10,72,[1847, 1953, 2317, 3050, 5066, 15672, 30806, 72152, 74882, 74926, 75094, 94849, 95810, 96446, 110714, 110728, 114642, 122438, 122470, 122485, 122498, 122514, 122531, 122550, 122564, 122585, 122599, 122612, 122626, 123037, 123043, 123048, 123055, 123075, 123082, 131878, 134197, 150831, 159547, 170036, 170150, 173166, 179796, 192554, 192588, 192773, 195279, 200856, 220666, 226366, 292019, 297057, 297825, 298480, 304878, 318912, 339012, 359314, 399266, 402672, 404553, 404567, 422013, 422022, 495096, 495162, 495774, 512623, 554660, 604486, 604546, 627842]
15,12,[6800, 40876, 54130, 78232, 89364, 100360, 126802, 134350, 143852, 150009, 151602, 159852]
17,30,[21009, 21591, 24222, 24983, 24992, 25724, 25737, 41550, 41823, 45921, 46232, 46249, 50580, 83462, 83676, 83730, 83839, 115790, 121138, 128524, 163412, 163436, 163498, 163537, 163546, 163930, 164112, 186594, 192417, 192453]
20,7,[2437, 11496, 32436, 33407, 47855, 55684, 64638]
22,2,[94697, 148527]
23,1,[4365]
26,11,[2832, 12071, 17307, 33310, 34287, 48866, 51912, 55819, 56039, 56844, 66038]
27,3,[54619, 60521, 81330]
30,72,[1754, 1860, 2224, 2956, 4972, 15578, 30712, 72049, 74779, 74823, 74991, 94742, 95703, 96339, 110603, 110617, 114531, 122327, 122359, 122374, 122387, 122403, 122420, 122439, 122453, 122474, 122488, 122501, 122515, 122926, 122932, 122937, 122944, 122964, 122971, 131766, 134085, 150718, 159434, 169913, 170027, 173043, 179673, 192422, 192456, 192641, 195147, 200714, 220516, 226216, 291863, 296899, 297667, 298322, 304720, 318753, 338853, 359154, 399100, 402506, 404387, 404401, 421847, 421856, 494937, 495003, 495615, 512454, 554482, 604284, 604344, 627582]
