10,101,[4547, 6148, 15334, 15347, 45649, 71482, 82423, 82462, 82507, 82531, 82580, 82587, 82674, 82696, 94814, 94945, 94969, 95068, 95797, 95805, 95883, 95942, 96162, 96208, 96469, 113143, 113158, 113216, 120081, 120100, 122413, 124815, 125138, 131627, 143539, 147302, 147309, 151569, 192656, 192681, 192689, 192728, 200859, 236015, 289584, 291440, 291447, 297198, 297611, 297675, 297917, 297919, 306911, 324120, 337314, 346121, 348902, 353909, 354441, 354943, 355524, 356037, 359300, 360557, 360565, 366762, 372853, 377512, 382598, 391816, 401723, 406966, 407462, 408055, 410100, 410202, 419416, 420109, 420260, 420571, 423107, 429327, 469134, 490937, 492114, 495152, 495157, 495776, 496158, 498662, 513990, 526838, 533215, 580738, 580778, 590068, 604483, 604537, 604542, 624411, 640923]
15,6,[135306, 148501, 151596, 151654, 172325, 172333]
17,38,[2177, 2182, 15382, 15394, 33813, 46030, 52109, 83427, 83538, 83816, 83832, 98978, 106664, 113755, 113771, 113782, 113809, 120992, 133498, 163332, 163387, 163447, 163634, 164093, 168426, 169598, 178018, 186596, 186979, 192985, 204815, 206426, 206831, 208422, 211193, 211230, 215652, 216102]
20,10,[7214, 8746, 50681, 53583, 54130, 54158, 54679, 56111, 62735, 62763]
22,10,[93462, 97928, 114213, 130292, 148428, 148476, 148481, 148512, 148551, 148580]
23,2,[12197, 23733]
26,10,[7735, 9288, 51733, 54711, 55292, 55322, 55841, 57267, 64074, 64103]
27,6,[55644, 55647, 55703, 76928, 85741, 94786]
28,1,[4395]
30,101,[4453, 6054, 15240, 15253, 45551, 71379, 82316, 82355, 82400, 82424, 82473, 82480, 82567, 82589, 94707, 94838, 94862, 94961, 95690, 95698, 95776, 95835, 96055, 96101, 96362, 113032, 113047, 113105, 119970, 119989, 122302, 124704, 125027, 131515, 143427, 147189, 147196, 151456, 192524, 192549, 192557, 192596, 200717, 235865, 289428, 291284, 291291, 297040, 297453, 297517, 297759, 297761, 306753, 323961, 337155, 345962, 348743, 353750, 354282, 354784, 355365, 355878, 359140, 360397, 360405, 366599, 372690, 377349, 382435, 391653, 401557, 406800, 407296, 407889, 409934, 410036, 419250, 419943, 420094, 420405, 422941, 429160, 468963, 490777, 491954, 494993, 494998, 495617, 495999, 498493, 513821, 526666, 533040, 580558, 580598, 589883, 604281, 604335, 604340, 624157, 640648]
10,101,[4547, 6148, 15334, 15347, 45649, 71482, 82423, 82462, 82507, 82531, 82580, 82587, 82674, 82696, 94814, 94945, 94969, 95068, 95797, 95805, 95883, 95942, 96162, 96208, 96469, 113143, 113158, 113216, 120081, 120100, 122413, 124815, 125138, 131627, 143539, 147302, 147309, 151569, 192656, 192681, 192689, 192728, 200859, 236015, 289584, 291440, 291447, 297198, 297611, 297675, 297917, 297919, 306911, 324120, 337314, 346121, 348902, 353909, 354441, 354943, 355524, 356037, 359300, 360557, 360565, 366762, 372853, 377512, 382598, 391816, 401723, 406966, 407462, 408055, 410100, 410202, 419416, 420109, 420260, 420571, 423107, 429327, 469134, 490937, 492114, 495152, 495157, 495776, 496158, 498662, 513990, 526838, 533215, 580738, 580778, 590068, 604483, 604537, 604542, 624411, 640923]
15,6,[135306, 148501, 151596, 151654, 172325, 172333]
17,38,[2177, 2182, 15382, 15394, 33813, 46030, 52109, 83427, 83538, 83816, 83832, 98978, 106664, 113755, 113771, 113782, 113809, 120992, 133498, 163332, 163387, 163447, 163634, 164093, 168426, 169598, 178018, 186596, 186979, 192985, 204815, 206426, 206831, 208422, 211193, 211230, 215652, 216102]
20,10,[7214, 8746, 50681, 53583, 54130, 54158, 54679, 56111, 62735, 62763]
22,10,[93462, 97928, 114213, 130292, 148428, 148476, 148481, 148512, 148551, 148580]
23,2,[12197, 23733]
26,10,[7735, 9288, 51733, 54711, 55292, 55322, 55841, 57267, 64074, 64103]
27,6,[55644, 55647, 55703, 76928, 85741, 94786]
28,1,[4395]
30,101,[4453, 6054, 15240, 15253, 45551, 71379, 82316, 82355, 82400, 82424, 82473, 82480, 82567, 82589, 94707, 94838, 94862, 94961, 95690, 95698, 95776, 95835, 96055, 96101, 96362, 113032, 113047, 113105, 119970, 119989, 122302, 124704, 125027, 131515, 143427, 147189, 147196, 151456, 192524, 192549, 192557, 192596, 200717, 235865, 289428, 291284, 291291, 297040, 297453, 297517, 297759, 297761, 306753, 323961, 337155, 345962, 348743, 353750, 354282, 354784, 355365, 355878, 359140, 360397, 360405, 366599, 372690, 377349, 382435, 391653, 401557, 406800, 407296, 407889, 409934, 410036, 419250, 419943, 420094, 420405, 422941, 429160, 468963, 490777, 491954, 494993, 494998, 495617, 495999, 498493, 513821, 526666, 533040, 580558, 580598, 589883, 604281, 604335, 604340, 624157, 640648]
