10,8,[82557, 123029, 123688, 124857, 124894, 125065, 125322, 275705]
15,5,[57387, 80316, 98105, 117791, 152829]
20,1,[54145]
22,2,[148488, 148493]
23,3,[5903, 24909, 28377]
26,1,[55309]
27,1,[45961]
30,8,[82450, 122918, 123577, 124746, 124783, 124954, 125211, 275549]
10,8,[82557, 123029, 123688, 124857, 124894, 125065, 125322, 275705]
15,5,[57387, 80316, 98105, 117791, 152829]
20,1,[54145]
22,2,[148488, 148493]
23,3,[5903, 24909, 28377]
26,1,[55309]
27,1,[45961]
30,8,[82450, 122918, 123577, 124746, 124783, 124954, 125211, 275549]
