11,1,[20987]
12,1,[4989]
14,2,[110888, 198083]
15,20,[29034, 33946, 49545, 54364, 59976, 85746, 95908, 104821, 104857, 125847, 130793, 137865, 144862, 147739, 152722, 152833, 154002, 154079, 154655, 158642]
16,5,[4481, 4560, 4602, 17483, 23100]
21,8,[9161, 15211, 18943, 26805, 26830, 28323, 31779, 32395]
22,9,[25884, 27922, 31718, 47815, 47817, 62055, 103635, 123681, 123721]
23,13,[9110, 9970, 11811, 12735, 12836, 17977, 18027, 18918, 24783, 24792, 24953, 25154, 26756]
24,1,[267]
25,2,[106407, 200425]
27,12,[12243, 48783, 49540, 65598, 65620, 66498, 66651, 71463, 80620, 84048, 84240, 93845]
28,2,[2336, 4805]
11,1,[20987]
12,1,[4989]
14,2,[110888, 198083]
15,20,[29034, 33946, 49545, 54364, 59976, 85746, 95908, 104821, 104857, 125847, 130793, 137865, 144862, 147739, 152722, 152833, 154002, 154079, 154655, 158642]
16,5,[4481, 4560, 4602, 17483, 23100]
21,8,[9161, 15211, 18943, 26805, 26830, 28323, 31779, 32395]
22,9,[25884, 27922, 31718, 47815, 47817, 62055, 103635, 123681, 123721]
23,13,[9110, 9970, 11811, 12735, 12836, 17977, 18027, 18918, 24783, 24792, 24953, 25154, 26756]
24,1,[267]
25,2,[106407, 200425]
27,12,[12243, 48783, 49540, 65598, 65620, 66498, 66651, 71463, 80620, 84048, 84240, 93845]
28,2,[2336, 4805]
