6,1,[656]
9,1,[1607]
10,369,[3776, 4362, 6990, 6996, 8591, 14660, 29784, 29787, 29796, 38476, 38548, 39853, 39854, 45874, 45971, 46028, 46041, 46304, 50789, 51162, 51172, 54079, 54083, 54126, 58249, 63719, 65758, 67441, 70267, 71736, 71750, 73935, 74093, 74141, 74618, 75170, 75211, 75325, 75362, 75397, 75535, 75552, 75566, 75575, 75692, 75717, 75722, 75732, 75818, 75957, 76176, 76183, 76234, 76282, 77648, 77679, 77780, 77796, 78040, 83034, 83085, 83097, 83696, 83722, 83794, 83820, 83893, 83919, 83990, 84016, 84089, 84115, 84184, 84210, 84282, 84308, 84378, 84404, 84476, 84502, 84574, 84600, 84672, 84698, 84770, 84796, 84898, 84938, 85586, 86088, 86374, 89349, 90124, 98878, 99003, 99059, 99148, 99230, 99384, 99489, 99613, 99720, 99795, 99857, 99917, 99977, 100037, 100096, 100174, 103046, 105019, 112795, 112801, 115076, 115077, 115263, 115518, 115520, 115633, 115837, 115838, 116359, 120703, 121872, 121875, 125925, 131026, 151727, 152969, 156158, 161984, 161985, 162906, 162907, 165814, 165815, 168828, 180148, 188084, 191273, 196583, 196585, 202673, 203459, 203460, 203607, 203620, 204405, 204420, 208101, 208534, 208775, 208776, 212332, 212485, 212655, 213057, 213118, 213220, 213440, 213491, 213603, 213795, 213927, 214620, 216892, 216994, 218291, 219230, 219428, 219996, 220712, 225179, 225368, 225397, 226264, 227497, 228045, 228178, 228616, 228837, 229121, 229257, 229776, 229965, 230112, 230227, 230319, 230457, 230559, 230656, 230684, 230830, 231373, 231443, 231444, 231473, 232423, 232602, 232609, 232634, 232639, 232703, 234120, 234128, 234137, 235539, 236854, 237541, 237763, 237803, 237945, 238479, 238500, 250030, 253519, 253614, 256749, 260101, 260602, 260848, 260849, 261898, 262275, 263432, 263632, 263640, 263948, 263983, 264142, 267031, 267343, 268088, 268089, 268600, 270273, 270297, 271165, 275070, 275088, 275221, 276567, 276996, 277322, 277402, 278741, 279608, 279935, 280131, 280523, 280844, 280858, 283463, 283779, 286036, 286043, 289662, 289763, 289764, 289789, 289790, 291546, 292223, 293292, 293643, 296711, 297897, 324709, 365511, 369607, 371386, 371801, 374907, 374908, 377586, 378057, 379314, 379321, 379330, 390248, 390889, 392766, 392784, 399815, 402760, 406042, 407011, 407022, 407046, 407062, 409207, 409217, 409633, 409651, 412108, 412116, 415123, 415354, 417371, 417394, 420892, 421024, 422720, 425992, 425997, 426329, 426525, 426563, 426737, 427185, 427195, 427212, 427246, 427268, 430068, 430102, 431792, 433581, 440738, 444571, 445612, 447618, 448051, 448609, 448790, 449356, 449775, 450758, 455267, 455273, 455281, 460388, 460482, 462204, 462687, 462693, 467434, 468200, 468877, 468897, 469661, 470155, 484374, 488699, 489059, 489267, 489602, 489756, 491510, 494605, 494606, 530054, 530253, 531413, 540133, 557815, 557852, 561798, 572351, 577067, 601551, 601825, 620654, 621035, 621123, 621124, 621160, 624772, 635206]
11,2,[11021, 11034]
12,3,[934, 8188, 13122]
14,420,[624, 645, 825, 939, 2109, 2112, 2119, 2288, 2732, 2816, 2822, 2826, 3476, 3738, 4615, 4617, 5577, 5579, 6364, 7096, 7098, 7720, 7722, 8320, 8708, 8829, 8881, 9863, 11235, 11237, 11904, 11906, 13412, 14414, 14416, 15187, 15189, 15938, 15940, 16882, 17098, 17885, 18944, 18946, 19819, 20572, 20574, 21266, 21994, 22941, 22943, 23779, 25070, 25072, 25936, 26600, 26602, 27700, 27702, 28552, 28554, 29447, 30088, 30255, 30257, 31140, 31142, 31166, 32032, 32932, 33625, 33867, 33869, 34494, 35314, 35316, 36193, 36195, 37143, 37145, 37493, 38391, 38393, 38939, 39122, 39440, 40447, 40449, 41276, 41278, 42105, 42107, 42815, 43601, 43806, 43808, 44021, 44726, 44728, 45926, 45928, 46956, 46958, 47917, 47919, 48743, 48745, 49443, 50402, 50404, 51424, 51426, 52599, 53622, 53843, 53845, 54634, 55611, 55903, 55907, 56300, 56434, 57088, 57680, 57844, 57846, 58849, 58851, 60166, 60168, 60966, 60968, 61575, 61577, 62359, 62544, 62546, 63321, 63937, 64889, 64891, 65937, 65939, 66860, 66862, 67565, 68610, 68612, 69377, 69379, 70162, 70164, 70876, 70878, 71558, 72310, 72506, 72508, 72528, 73047, 73049, 73732, 73734, 74453, 74616, 74618, 75295, 75534, 75536, 76425, 77550, 77552, 78384, 78982, 79691, 79693, 80440, 80600, 80602, 81778, 83273, 84088, 84171, 84382, 85480, 85482, 86573, 86575, 87981, 89080, 89082, 89688, 90073, 90075, 90906, 91344, 92113, 92475, 93057, 94178, 94180, 95192, 96053, 96871, 96873, 97823, 97825, 98514, 98621, 99432, 100797, 100799, 101559, 101714, 102535, 102537, 103468, 103470, 104208, 104210, 104954, 104956, 105628, 105630, 106294, 106366, 106548, 106550, 107349, 108620, 108622, 109449, 109451, 110231, 110233, 110971, 111584, 112247, 113030, 113032, 113781, 113783, 114668, 115253, 115255, 116324, 116326, 116524, 116969, 117114, 117938, 117940, 118649, 118651, 119230, 120019, 120021, 120817, 120819, 121617, 122086, 122230, 123274, 124182, 124184, 125185, 125187, 125843, 125845, 126715, 127649, 127761, 127864, 127866, 128731, 129642, 129644, 130364, 130871, 131466, 131588, 132348, 132350, 133199, 133201, 133885, 134403, 135240, 135482, 136680, 136682, 137576, 137578, 138752, 138754, 139128, 139791, 139793, 140071, 140966, 140968, 141642, 142707, 142709, 143528, 143718, 143720, 144619, 145232, 145938, 145940, 146908, 146910, 147754, 147756, 148335, 148969, 148971, 149620, 150247, 150249, 150846, 151432, 151588, 151590, 152204, 152354, 152356, 153145, 153147, 154108, 154893, 154895, 155619, 155649, 156393, 157173, 157175, 157974, 157976, 159107, 159356, 161063, 161065, 162299, 162301, 163546, 163548, 164465, 165357, 165359, 165572, 165589, 166569, 167461, 167986, 168480, 168482, 169607, 169609, 170583, 171364, 171691, 171717, 172580, 172582, 173134, 173699, 174507, 174509, 175434, 175436, 176515, 176517, 177148, 177150, 177674, 178422, 179244, 179246, 180623, 181719, 181979, 182918, 182920, 183633, 183635, 184154, 184156, 184999, 185001, 186042, 186044, 186046, 186795, 187616, 188288, 188800, 189479, 189481, 189892, 189914, 190817, 190819, 191576, 191578, 192080, 192095, 192710, 192712, 193754, 193756, 194497, 194499, 195078, 195079, 195268, 195458, 196009, 196222]
15,28,[26, 2307, 2874, 10866, 28427, 34047, 34934, 37098, 42124, 54375, 61486, 61543, 62777, 63609, 64011, 73828, 85227, 97487, 120652, 126312, 126327, 132580, 135514, 135531, 139450, 139505, 144448, 164067]
16,8,[667, 35850, 36113, 36270, 36279, 36300, 36368, 37157]
17,281,[884, 901, 32549, 36700, 60543, 63110, 70852, 70853, 80644, 80761, 80822, 81534, 81995, 82009, 83978, 83985, 84057, 84069, 84211, 84238, 84260, 84428, 84471, 84507, 84869, 88593, 88609, 90945, 96564, 97516, 97532, 97575, 97908, 98039, 98384, 98618, 106792, 111088, 111170, 111180, 111966, 112027, 112044, 112061, 118889, 118951, 125296, 125315, 128074, 128153, 128693, 130186, 130258, 131673, 132342, 132518, 133558, 133663, 134130, 134156, 134171, 134380, 134393, 134408, 134419, 134855, 134908, 135062, 135079, 135110, 135531, 136429, 136454, 136976, 136993, 137134, 137150, 138228, 138807, 138828, 140562, 140581, 140746, 140825, 141153, 141161, 141335, 142436, 142451, 144780, 144955, 147759, 147803, 148849, 149274, 149294, 149358, 149371, 149486, 149492, 149566, 149585, 149593, 149700, 149716, 149742, 149780, 149901, 150278, 150293, 151067, 151081, 151501, 151568, 151607, 151619, 151629, 152143, 152166, 152173, 152274, 152290, 152347, 152554, 152594, 152607, 152617, 152744, 152789, 152840, 152918, 152951, 152960, 152983, 153106, 153142, 153423, 153435, 153758, 155475, 155687, 155934, 155944, 155972, 155981, 156003, 156025, 156033, 156714, 156733, 156975, 156994, 160711, 160730, 160775, 160781, 160790, 160858, 160886, 161262, 161421, 161430, 161476, 161486, 161507, 161551, 161558, 161758, 161773, 161791, 161851, 161956, 161966, 161980, 161991, 162005, 162032, 162747, 162776, 166278, 166295, 166329, 166367, 166377, 166418, 166749, 166812, 166829, 166848, 166945, 167715, 167733, 167767, 167826, 167937, 168093, 168100, 168107, 168114, 168251, 168256, 168266, 168388, 168466, 168474, 168524, 168528, 168564, 168602, 169453, 169458, 169715, 169923, 169933, 169996, 170381, 170400, 170406, 171222, 171230, 171756, 172013, 172027, 172157, 172270, 172304, 172360, 172774, 172778, 173181, 173197, 173370, 173527, 173625, 173640, 173718, 173730, 173805, 173870, 175835, 190216, 190272, 190347, 190426, 190665, 190674, 190683, 191043, 191405, 191406, 191423, 191432, 191446, 191884, 192132, 192230, 192511, 192547, 192580, 193065, 193213, 193273, 193466, 193476, 193635, 193742, 193758, 193779, 194286, 194465, 194560, 194728, 194785, 194788, 195185, 210695, 210807, 210850, 210985, 210997, 211481]
18,34,[4541, 31264, 39515, 45405, 62268, 67292, 67374, 67432, 67454, 68766, 69361, 80593, 80601, 87317, 87324, 88724, 88931, 88957, 89268, 89546, 89689, 89788, 92281, 92494, 92495, 95454, 101464, 101604, 104021, 105371, 136868, 136869, 146511, 146543]
19,1,[18940]
20,2,[11749, 26379]
21,8,[3336, 4015, 4862, 5526, 12461, 15471, 18989, 33560]
22,22,[5256, 13781, 13783, 13940, 14276, 14574, 15178, 15180, 15194, 16117, 16544, 18421, 18428, 18454, 27943, 121130, 121131, 122351, 122360, 144597, 145794, 161663]
23,28,[21, 3349, 4294, 5517, 5545, 9825, 15859, 15930, 16498, 16505, 17118, 17134, 18542, 18549, 19660, 19833, 21579, 21623, 21633, 21663, 21775, 21782, 21808, 21830, 21832, 24137, 25180, 25913]
24,21,[4194, 6605, 8167, 8705, 15505, 16443, 18066, 21890, 21985, 23661, 25873, 25876, 26982, 29833, 32420, 34972, 35428, 39575, 43708, 44252, 44655]
25,443,[756, 785, 812, 1006, 1064, 2413, 2416, 2423, 2589, 3084, 3165, 3171, 3175, 3886, 4129, 5033, 5035, 5932, 5934, 6649, 7294, 7296, 8004, 8006, 8540, 8947, 9073, 9134, 10090, 11394, 11396, 12040, 12042, 13441, 14416, 14418, 15132, 15134, 15816, 15818, 16695, 16888, 17592, 18567, 18569, 19356, 20233, 20235, 20854, 21543, 22443, 22445, 23180, 24369, 24371, 25177, 25790, 25792, 26823, 26825, 27651, 27653, 28490, 29141, 29297, 29299, 30103, 30105, 30125, 30944, 31807, 32447, 32676, 32678, 33231, 33986, 33988, 34853, 34855, 35591, 35784, 35786, 36104, 36988, 36990, 37496, 37647, 37920, 38911, 38913, 39699, 39701, 40477, 40479, 41120, 41839, 42032, 42034, 42220, 42932, 42934, 44070, 44072, 44965, 45143, 45145, 46072, 46074, 46856, 46858, 47525, 48421, 48423, 49351, 49353, 50451, 51561, 51709, 51711, 52464, 53342, 53579, 53583, 53936, 54068, 54735, 55322, 55501, 55503, 56529, 56531, 57793, 57795, 58521, 58523, 59122, 59124, 59945, 60130, 60132, 60847, 61445, 62426, 62901, 62903, 63810, 63812, 64438, 65428, 65430, 66220, 66222, 66950, 66952, 67600, 67602, 68238, 68912, 68922, 69092, 69094, 69110, 69559, 69561, 70196, 70198, 70523, 70891, 71047, 71049, 71705, 71708, 71941, 71943, 72875, 73946, 73948, 74852, 75391, 76093, 76095, 76201, 76927, 76929, 78110, 79547, 80379, 80467, 80674, 81628, 81869, 81871, 82912, 82914, 84092, 84309, 84314, 85405, 85407, 85994, 86364, 86366, 87138, 87524, 88265, 88607, 89119, 90275, 90277, 91202, 91992, 92762, 92783, 92785, 93728, 93730, 94528, 95324, 95904, 96735, 96737, 97570, 98408, 98410, 99387, 99389, 100050, 100052, 100744, 100746, 101334, 101336, 101712, 101962, 102015, 102188, 102190, 102955, 104135, 104137, 104888, 104890, 105804, 105806, 106488, 107029, 107622, 108340, 108342, 109072, 109074, 109846, 110364, 110366, 110838, 110857, 111394, 111396, 111576, 112000, 112131, 112868, 112870, 113639, 113641, 114178, 114957, 114959, 115753, 115755, 116588, 116987, 117120, 118157, 118991, 118993, 119911, 119913, 120575, 120577, 121421, 122287, 122475, 122477, 123278, 123903, 124160, 124162, 124812, 125252, 125775, 125807, 125911, 126641, 126643, 127515, 127517, 128154, 128652, 129540, 129765, 130713, 130851, 130853, 131759, 131761, 132839, 132841, 133308, 133986, 133988, 134237, 135116, 135118, 135718, 136780, 136782, 137592, 137768, 137770, 138654, 139206, 139885, 139887, 140589, 140896, 140898, 141739, 141741, 142276, 142863, 142865, 143468, 144048, 144050, 144587, 144589, 145126, 145269, 145271, 145878, 146016, 146018, 146717, 146719, 147596, 148324, 148326, 149030, 149056, 149749, 150470, 150472, 151273, 151275, 151914, 152296, 152454, 152506, 154310, 154313, 154315, 155556, 155558, 156750, 156752, 157645, 158537, 158539, 158714, 158730, 159630, 160569, 161059, 161566, 161568, 162509, 162677, 162679, 163625, 164551, 164887, 164909, 165744, 165746, 166222, 166741, 167511, 167513, 168356, 168358, 169403, 169405, 169966, 169968, 170420, 171101, 171878, 171880, 173234, 174288, 174562, 175467, 175469, 176145, 176147, 176649, 176651, 177445, 177447, 178441, 178442, 178444, 179128, 179899, 180555, 180567, 180572, 181039, 181639, 181641, 182132, 182170, 182688, 183517, 183519, 184041, 184056, 184598, 184600, 185417, 185626, 185628, 186347, 186349, 186892, 186893, 187067, 187240, 187850, 188046, 198947, 198980]
26,2,[12335, 27177]
27,39,[2133, 6925, 8419, 13836, 17913, 17992, 17995, 18031, 18039, 20823, 21554, 27164, 28508, 28551, 28559, 33370, 35703, 37017, 48107, 48145, 48169, 64457, 69125, 69734, 72363, 72388, 84523, 87286, 90646, 91523, 93699, 95691, 97183, 98869, 99115, 99207, 99268, 106600, 106933]
28,1,[2447]
30,369,[3682, 4268, 6896, 6902, 8497, 14566, 29690, 29693, 29702, 38378, 38450, 39755, 39756, 45776, 45873, 45930, 45943, 46206, 50691, 51064, 51074, 53980, 53984, 54027, 58150, 63616, 65655, 67338, 70164, 71633, 71647, 73832, 73990, 74038, 74515, 75067, 75108, 75222, 75259, 75294, 75432, 75449, 75463, 75472, 75589, 75614, 75619, 75629, 75715, 75854, 76073, 76080, 76131, 76179, 77545, 77576, 77677, 77693, 77933, 82927, 82978, 82990, 83589, 83615, 83687, 83713, 83786, 83812, 83883, 83909, 83982, 84008, 84077, 84103, 84175, 84201, 84271, 84297, 84369, 84395, 84467, 84493, 84565, 84591, 84663, 84689, 84791, 84831, 85479, 85981, 86267, 89242, 90017, 98771, 98896, 98952, 99041, 99123, 99277, 99382, 99506, 99613, 99688, 99750, 99810, 99870, 99930, 99989, 100067, 102939, 104908, 112684, 112690, 114965, 114966, 115152, 115407, 115409, 115522, 115726, 115727, 116248, 120592, 121761, 121764, 125814, 130914, 151614, 152856, 156045, 161861, 161862, 162783, 162784, 165691, 165692, 168705, 180025, 187952, 191141, 196451, 196453, 202531, 203317, 203318, 203465, 203478, 204263, 204278, 207959, 208392, 208633, 208634, 212190, 212343, 212513, 212915, 212976, 213078, 213298, 213349, 213461, 213653, 213785, 214478, 216751, 216853, 218151, 219090, 219288, 219846, 220562, 225029, 225218, 225247, 226114, 227347, 227895, 228028, 228466, 228687, 228971, 229107, 229626, 229815, 229962, 230077, 230169, 230307, 230409, 230506, 230534, 230680, 231223, 231293, 231294, 231323, 232273, 232452, 232459, 232484, 232489, 232553, 233970, 233978, 233987, 235389, 236704, 237391, 237613, 237653, 237795, 238329, 238350, 249877, 253366, 253461, 256593, 259945, 260446, 260692, 260693, 261742, 262119, 263276, 263476, 263484, 263792, 263827, 263986, 266875, 267187, 267932, 267933, 268444, 270117, 270141, 271009, 274914, 274932, 275065, 276411, 276840, 277166, 277247, 278586, 279453, 279780, 279976, 280368, 280689, 280703, 283307, 283623, 285880, 285887, 289506, 289607, 289608, 289633, 289634, 291390, 292066, 293135, 293486, 296554, 297739, 324550, 365348, 369444, 371223, 371638, 374744, 374745, 377423, 377894, 379151, 379158, 379167, 390085, 390726, 392600, 392618, 399649, 402594, 405876, 406845, 406856, 406880, 406896, 409041, 409051, 409467, 409485, 411942, 411950, 414957, 415188, 417205, 417228, 420726, 420858, 422554, 425826, 425831, 426163, 426359, 426397, 426571, 427019, 427029, 427046, 427080, 427102, 429898, 429932, 431622, 433411, 440568, 444401, 445442, 447448, 447881, 448439, 448620, 449186, 449605, 450588, 455097, 455103, 455111, 460218, 460312, 462033, 462516, 462522, 467263, 468029, 468706, 468726, 469490, 469984, 484209, 488538, 488898, 489106, 489442, 489596, 491350, 494445, 494446, 529879, 530078, 531238, 539958, 557637, 557674, 561620, 572171, 576887, 601354, 601628, 620402, 620783, 620871, 620872, 620908, 624518, 634931]
6,1,[656]
9,1,[1607]
10,369,[3776, 4362, 6990, 6996, 8591, 14660, 29784, 29787, 29796, 38476, 38548, 39853, 39854, 45874, 45971, 46028, 46041, 46304, 50789, 51162, 51172, 54079, 54083, 54126, 58249, 63719, 65758, 67441, 70267, 71736, 71750, 73935, 74093, 74141, 74618, 75170, 75211, 75325, 75362, 75397, 75535, 75552, 75566, 75575, 75692, 75717, 75722, 75732, 75818, 75957, 76176, 76183, 76234, 76282, 77648, 77679, 77780, 77796, 78040, 83034, 83085, 83097, 83696, 83722, 83794, 83820, 83893, 83919, 83990, 84016, 84089, 84115, 84184, 84210, 84282, 84308, 84378, 84404, 84476, 84502, 84574, 84600, 84672, 84698, 84770, 84796, 84898, 84938, 85586, 86088, 86374, 89349, 90124, 98878, 99003, 99059, 99148, 99230, 99384, 99489, 99613, 99720, 99795, 99857, 99917, 99977, 100037, 100096, 100174, 103046, 105019, 112795, 112801, 115076, 115077, 115263, 115518, 115520, 115633, 115837, 115838, 116359, 120703, 121872, 121875, 125925, 131026, 151727, 152969, 156158, 161984, 161985, 162906, 162907, 165814, 165815, 168828, 180148, 188084, 191273, 196583, 196585, 202673, 203459, 203460, 203607, 203620, 204405, 204420, 208101, 208534, 208775, 208776, 212332, 212485, 212655, 213057, 213118, 213220, 213440, 213491, 213603, 213795, 213927, 214620, 216892, 216994, 218291, 219230, 219428, 219996, 220712, 225179, 225368, 225397, 226264, 227497, 228045, 228178, 228616, 228837, 229121, 229257, 229776, 229965, 230112, 230227, 230319, 230457, 230559, 230656, 230684, 230830, 231373, 231443, 231444, 231473, 232423, 232602, 232609, 232634, 232639, 232703, 234120, 234128, 234137, 235539, 236854, 237541, 237763, 237803, 237945, 238479, 238500, 250030, 253519, 253614, 256749, 260101, 260602, 260848, 260849, 261898, 262275, 263432, 263632, 263640, 263948, 263983, 264142, 267031, 267343, 268088, 268089, 268600, 270273, 270297, 271165, 275070, 275088, 275221, 276567, 276996, 277322, 277402, 278741, 279608, 279935, 280131, 280523, 280844, 280858, 283463, 283779, 286036, 286043, 289662, 289763, 289764, 289789, 289790, 291546, 292223, 293292, 293643, 296711, 297897, 324709, 365511, 369607, 371386, 371801, 374907, 374908, 377586, 378057, 379314, 379321, 379330, 390248, 390889, 392766, 392784, 399815, 402760, 406042, 407011, 407022, 407046, 407062, 409207, 409217, 409633, 409651, 412108, 412116, 415123, 415354, 417371, 417394, 420892, 421024, 422720, 425992, 425997, 426329, 426525, 426563, 426737, 427185, 427195, 427212, 427246, 427268, 430068, 430102, 431792, 433581, 440738, 444571, 445612, 447618, 448051, 448609, 448790, 449356, 449775, 450758, 455267, 455273, 455281, 460388, 460482, 462204, 462687, 462693, 467434, 468200, 468877, 468897, 469661, 470155, 484374, 488699, 489059, 489267, 489602, 489756, 491510, 494605, 494606, 530054, 530253, 531413, 540133, 557815, 557852, 561798, 572351, 577067, 601551, 601825, 620654, 621035, 621123, 621124, 621160, 624772, 635206]
11,2,[11021, 11034]
12,3,[934, 8188, 13122]
14,420,[624, 645, 825, 939, 2109, 2112, 2119, 2288, 2732, 2816, 2822, 2826, 3476, 3738, 4615, 4617, 5577, 5579, 6364, 7096, 7098, 7720, 7722, 8320, 8708, 8829, 8881, 9863, 11235, 11237, 11904, 11906, 13412, 14414, 14416, 15187, 15189, 15938, 15940, 16882, 17098, 17885, 18944, 18946, 19819, 20572, 20574, 21266, 21994, 22941, 22943, 23779, 25070, 25072, 25936, 26600, 26602, 27700, 27702, 28552, 28554, 29447, 30088, 30255, 30257, 31140, 31142, 31166, 32032, 32932, 33625, 33867, 33869, 34494, 35314, 35316, 36193, 36195, 37143, 37145, 37493, 38391, 38393, 38939, 39122, 39440, 40447, 40449, 41276, 41278, 42105, 42107, 42815, 43601, 43806, 43808, 44021, 44726, 44728, 45926, 45928, 46956, 46958, 47917, 47919, 48743, 48745, 49443, 50402, 50404, 51424, 51426, 52599, 53622, 53843, 53845, 54634, 55611, 55903, 55907, 56300, 56434, 57088, 57680, 57844, 57846, 58849, 58851, 60166, 60168, 60966, 60968, 61575, 61577, 62359, 62544, 62546, 63321, 63937, 64889, 64891, 65937, 65939, 66860, 66862, 67565, 68610, 68612, 69377, 69379, 70162, 70164, 70876, 70878, 71558, 72310, 72506, 72508, 72528, 73047, 73049, 73732, 73734, 74453, 74616, 74618, 75295, 75534, 75536, 76425, 77550, 77552, 78384, 78982, 79691, 79693, 80440, 80600, 80602, 81778, 83273, 84088, 84171, 84382, 85480, 85482, 86573, 86575, 87981, 89080, 89082, 89688, 90073, 90075, 90906, 91344, 92113, 92475, 93057, 94178, 94180, 95192, 96053, 96871, 96873, 97823, 97825, 98514, 98621, 99432, 100797, 100799, 101559, 101714, 102535, 102537, 103468, 103470, 104208, 104210, 104954, 104956, 105628, 105630, 106294, 106366, 106548, 106550, 107349, 108620, 108622, 109449, 109451, 110231, 110233, 110971, 111584, 112247, 113030, 113032, 113781, 113783, 114668, 115253, 115255, 116324, 116326, 116524, 116969, 117114, 117938, 117940, 118649, 118651, 119230, 120019, 120021, 120817, 120819, 121617, 122086, 122230, 123274, 124182, 124184, 125185, 125187, 125843, 125845, 126715, 127649, 127761, 127864, 127866, 128731, 129642, 129644, 130364, 130871, 131466, 131588, 132348, 132350, 133199, 133201, 133885, 134403, 135240, 135482, 136680, 136682, 137576, 137578, 138752, 138754, 139128, 139791, 139793, 140071, 140966, 140968, 141642, 142707, 142709, 143528, 143718, 143720, 144619, 145232, 145938, 145940, 146908, 146910, 147754, 147756, 148335, 148969, 148971, 149620, 150247, 150249, 150846, 151432, 151588, 151590, 152204, 152354, 152356, 153145, 153147, 154108, 154893, 154895, 155619, 155649, 156393, 157173, 157175, 157974, 157976, 159107, 159356, 161063, 161065, 162299, 162301, 163546, 163548, 164465, 165357, 165359, 165572, 165589, 166569, 167461, 167986, 168480, 168482, 169607, 169609, 170583, 171364, 171691, 171717, 172580, 172582, 173134, 173699, 174507, 174509, 175434, 175436, 176515, 176517, 177148, 177150, 177674, 178422, 179244, 179246, 180623, 181719, 181979, 182918, 182920, 183633, 183635, 184154, 184156, 184999, 185001, 186042, 186044, 186046, 186795, 187616, 188288, 188800, 189479, 189481, 189892, 189914, 190817, 190819, 191576, 191578, 192080, 192095, 192710, 192712, 193754, 193756, 194497, 194499, 195078, 195079, 195268, 195458, 196009, 196222]
15,28,[26, 2307, 2874, 10866, 28427, 34047, 34934, 37098, 42124, 54375, 61486, 61543, 62777, 63609, 64011, 73828, 85227, 97487, 120652, 126312, 126327, 132580, 135514, 135531, 139450, 139505, 144448, 164067]
16,8,[667, 35850, 36113, 36270, 36279, 36300, 36368, 37157]
17,281,[884, 901, 32549, 36700, 60543, 63110, 70852, 70853, 80644, 80761, 80822, 81534, 81995, 82009, 83978, 83985, 84057, 84069, 84211, 84238, 84260, 84428, 84471, 84507, 84869, 88593, 88609, 90945, 96564, 97516, 97532, 97575, 97908, 98039, 98384, 98618, 106792, 111088, 111170, 111180, 111966, 112027, 112044, 112061, 118889, 118951, 125296, 125315, 128074, 128153, 128693, 130186, 130258, 131673, 132342, 132518, 133558, 133663, 134130, 134156, 134171, 134380, 134393, 134408, 134419, 134855, 134908, 135062, 135079, 135110, 135531, 136429, 136454, 136976, 136993, 137134, 137150, 138228, 138807, 138828, 140562, 140581, 140746, 140825, 141153, 141161, 141335, 142436, 142451, 144780, 144955, 147759, 147803, 148849, 149274, 149294, 149358, 149371, 149486, 149492, 149566, 149585, 149593, 149700, 149716, 149742, 149780, 149901, 150278, 150293, 151067, 151081, 151501, 151568, 151607, 151619, 151629, 152143, 152166, 152173, 152274, 152290, 152347, 152554, 152594, 152607, 152617, 152744, 152789, 152840, 152918, 152951, 152960, 152983, 153106, 153142, 153423, 153435, 153758, 155475, 155687, 155934, 155944, 155972, 155981, 156003, 156025, 156033, 156714, 156733, 156975, 156994, 160711, 160730, 160775, 160781, 160790, 160858, 160886, 161262, 161421, 161430, 161476, 161486, 161507, 161551, 161558, 161758, 161773, 161791, 161851, 161956, 161966, 161980, 161991, 162005, 162032, 162747, 162776, 166278, 166295, 166329, 166367, 166377, 166418, 166749, 166812, 166829, 166848, 166945, 167715, 167733, 167767, 167826, 167937, 168093, 168100, 168107, 168114, 168251, 168256, 168266, 168388, 168466, 168474, 168524, 168528, 168564, 168602, 169453, 169458, 169715, 169923, 169933, 169996, 170381, 170400, 170406, 171222, 171230, 171756, 172013, 172027, 172157, 172270, 172304, 172360, 172774, 172778, 173181, 173197, 173370, 173527, 173625, 173640, 173718, 173730, 173805, 173870, 175835, 190216, 190272, 190347, 190426, 190665, 190674, 190683, 191043, 191405, 191406, 191423, 191432, 191446, 191884, 192132, 192230, 192511, 192547, 192580, 193065, 193213, 193273, 193466, 193476, 193635, 193742, 193758, 193779, 194286, 194465, 194560, 194728, 194785, 194788, 195185, 210695, 210807, 210850, 210985, 210997, 211481]
18,34,[4541, 31264, 39515, 45405, 62268, 67292, 67374, 67432, 67454, 68766, 69361, 80593, 80601, 87317, 87324, 88724, 88931, 88957, 89268, 89546, 89689, 89788, 92281, 92494, 92495, 95454, 101464, 101604, 104021, 105371, 136868, 136869, 146511, 146543]
19,1,[18940]
20,2,[11749, 26379]
21,8,[3336, 4015, 4862, 5526, 12461, 15471, 18989, 33560]
22,22,[5256, 13781, 13783, 13940, 14276, 14574, 15178, 15180, 15194, 16117, 16544, 18421, 18428, 18454, 27943, 121130, 121131, 122351, 122360, 144597, 145794, 161663]
23,28,[21, 3349, 4294, 5517, 5545, 9825, 15859, 15930, 16498, 16505, 17118, 17134, 18542, 18549, 19660, 19833, 21579, 21623, 21633, 21663, 21775, 21782, 21808, 21830, 21832, 24137, 25180, 25913]
24,21,[4194, 6605, 8167, 8705, 15505, 16443, 18066, 21890, 21985, 23661, 25873, 25876, 26982, 29833, 32420, 34972, 35428, 39575, 43708, 44252, 44655]
25,443,[756, 785, 812, 1006, 1064, 2413, 2416, 2423, 2589, 3084, 3165, 3171, 3175, 3886, 4129, 5033, 5035, 5932, 5934, 6649, 7294, 7296, 8004, 8006, 8540, 8947, 9073, 9134, 10090, 11394, 11396, 12040, 12042, 13441, 14416, 14418, 15132, 15134, 15816, 15818, 16695, 16888, 17592, 18567, 18569, 19356, 20233, 20235, 20854, 21543, 22443, 22445, 23180, 24369, 24371, 25177, 25790, 25792, 26823, 26825, 27651, 27653, 28490, 29141, 29297, 29299, 30103, 30105, 30125, 30944, 31807, 32447, 32676, 32678, 33231, 33986, 33988, 34853, 34855, 35591, 35784, 35786, 36104, 36988, 36990, 37496, 37647, 37920, 38911, 38913, 39699, 39701, 40477, 40479, 41120, 41839, 42032, 42034, 42220, 42932, 42934, 44070, 44072, 44965, 45143, 45145, 46072, 46074, 46856, 46858, 47525, 48421, 48423, 49351, 49353, 50451, 51561, 51709, 51711, 52464, 53342, 53579, 53583, 53936, 54068, 54735, 55322, 55501, 55503, 56529, 56531, 57793, 57795, 58521, 58523, 59122, 59124, 59945, 60130, 60132, 60847, 61445, 62426, 62901, 62903, 63810, 63812, 64438, 65428, 65430, 66220, 66222, 66950, 66952, 67600, 67602, 68238, 68912, 68922, 69092, 69094, 69110, 69559, 69561, 70196, 70198, 70523, 70891, 71047, 71049, 71705, 71708, 71941, 71943, 72875, 73946, 73948, 74852, 75391, 76093, 76095, 76201, 76927, 76929, 78110, 79547, 80379, 80467, 80674, 81628, 81869, 81871, 82912, 82914, 84092, 84309, 84314, 85405, 85407, 85994, 86364, 86366, 87138, 87524, 88265, 88607, 89119, 90275, 90277, 91202, 91992, 92762, 92783, 92785, 93728, 93730, 94528, 95324, 95904, 96735, 96737, 97570, 98408, 98410, 99387, 99389, 100050, 100052, 100744, 100746, 101334, 101336, 101712, 101962, 102015, 102188, 102190, 102955, 104135, 104137, 104888, 104890, 105804, 105806, 106488, 107029, 107622, 108340, 108342, 109072, 109074, 109846, 110364, 110366, 110838, 110857, 111394, 111396, 111576, 112000, 112131, 112868, 112870, 113639, 113641, 114178, 114957, 114959, 115753, 115755, 116588, 116987, 117120, 118157, 118991, 118993, 119911, 119913, 120575, 120577, 121421, 122287, 122475, 122477, 123278, 123903, 124160, 124162, 124812, 125252, 125775, 125807, 125911, 126641, 126643, 127515, 127517, 128154, 128652, 129540, 129765, 130713, 130851, 130853, 131759, 131761, 132839, 132841, 133308, 133986, 133988, 134237, 135116, 135118, 135718, 136780, 136782, 137592, 137768, 137770, 138654, 139206, 139885, 139887, 140589, 140896, 140898, 141739, 141741, 142276, 142863, 142865, 143468, 144048, 144050, 144587, 144589, 145126, 145269, 145271, 145878, 146016, 146018, 146717, 146719, 147596, 148324, 148326, 149030, 149056, 149749, 150470, 150472, 151273, 151275, 151914, 152296, 152454, 152506, 154310, 154313, 154315, 155556, 155558, 156750, 156752, 157645, 158537, 158539, 158714, 158730, 159630, 160569, 161059, 161566, 161568, 162509, 162677, 162679, 163625, 164551, 164887, 164909, 165744, 165746, 166222, 166741, 167511, 167513, 168356, 168358, 169403, 169405, 169966, 169968, 170420, 171101, 171878, 171880, 173234, 174288, 174562, 175467, 175469, 176145, 176147, 176649, 176651, 177445, 177447, 178441, 178442, 178444, 179128, 179899, 180555, 180567, 180572, 181039, 181639, 181641, 182132, 182170, 182688, 183517, 183519, 184041, 184056, 184598, 184600, 185417, 185626, 185628, 186347, 186349, 186892, 186893, 187067, 187240, 187850, 188046, 198947, 198980]
26,2,[12335, 27177]
27,39,[2133, 6925, 8419, 13836, 17913, 17992, 17995, 18031, 18039, 20823, 21554, 27164, 28508, 28551, 28559, 33370, 35703, 37017, 48107, 48145, 48169, 64457, 69125, 69734, 72363, 72388, 84523, 87286, 90646, 91523, 93699, 95691, 97183, 98869, 99115, 99207, 99268, 106600, 106933]
28,1,[2447]
30,369,[3682, 4268, 6896, 6902, 8497, 14566, 29690, 29693, 29702, 38378, 38450, 39755, 39756, 45776, 45873, 45930, 45943, 46206, 50691, 51064, 51074, 53980, 53984, 54027, 58150, 63616, 65655, 67338, 70164, 71633, 71647, 73832, 73990, 74038, 74515, 75067, 75108, 75222, 75259, 75294, 75432, 75449, 75463, 75472, 75589, 75614, 75619, 75629, 75715, 75854, 76073, 76080, 76131, 76179, 77545, 77576, 77677, 77693, 77933, 82927, 82978, 82990, 83589, 83615, 83687, 83713, 83786, 83812, 83883, 83909, 83982, 84008, 84077, 84103, 84175, 84201, 84271, 84297, 84369, 84395, 84467, 84493, 84565, 84591, 84663, 84689, 84791, 84831, 85479, 85981, 86267, 89242, 90017, 98771, 98896, 98952, 99041, 99123, 99277, 99382, 99506, 99613, 99688, 99750, 99810, 99870, 99930, 99989, 100067, 102939, 104908, 112684, 112690, 114965, 114966, 115152, 115407, 115409, 115522, 115726, 115727, 116248, 120592, 121761, 121764, 125814, 130914, 151614, 152856, 156045, 161861, 161862, 162783, 162784, 165691, 165692, 168705, 180025, 187952, 191141, 196451, 196453, 202531, 203317, 203318, 203465, 203478, 204263, 204278, 207959, 208392, 208633, 208634, 212190, 212343, 212513, 212915, 212976, 213078, 213298, 213349, 213461, 213653, 213785, 214478, 216751, 216853, 218151, 219090, 219288, 219846, 220562, 225029, 225218, 225247, 226114, 227347, 227895, 228028, 228466, 228687, 228971, 229107, 229626, 229815, 229962, 230077, 230169, 230307, 230409, 230506, 230534, 230680, 231223, 231293, 231294, 231323, 232273, 232452, 232459, 232484, 232489, 232553, 233970, 233978, 233987, 235389, 236704, 237391, 237613, 237653, 237795, 238329, 238350, 249877, 253366, 253461, 256593, 259945, 260446, 260692, 260693, 261742, 262119, 263276, 263476, 263484, 263792, 263827, 263986, 266875, 267187, 267932, 267933, 268444, 270117, 270141, 271009, 274914, 274932, 275065, 276411, 276840, 277166, 277247, 278586, 279453, 279780, 279976, 280368, 280689, 280703, 283307, 283623, 285880, 285887, 289506, 289607, 289608, 289633, 289634, 291390, 292066, 293135, 293486, 296554, 297739, 324550, 365348, 369444, 371223, 371638, 374744, 374745, 377423, 377894, 379151, 379158, 379167, 390085, 390726, 392600, 392618, 399649, 402594, 405876, 406845, 406856, 406880, 406896, 409041, 409051, 409467, 409485, 411942, 411950, 414957, 415188, 417205, 417228, 420726, 420858, 422554, 425826, 425831, 426163, 426359, 426397, 426571, 427019, 427029, 427046, 427080, 427102, 429898, 429932, 431622, 433411, 440568, 444401, 445442, 447448, 447881, 448439, 448620, 449186, 449605, 450588, 455097, 455103, 455111, 460218, 460312, 462033, 462516, 462522, 467263, 468029, 468706, 468726, 469490, 469984, 484209, 488538, 488898, 489106, 489442, 489596, 491350, 494445, 494446, 529879, 530078, 531238, 539958, 557637, 557674, 561620, 572171, 576887, 601354, 601628, 620402, 620783, 620871, 620872, 620908, 624518, 634931]
