10,9,[76255, 152960, 159561, 161905, 162326, 162916, 175005, 289674, 296519]
14,1,[100988]
15,1,[34923]
18,2,[88379, 103796]
20,2,[2772, 53167]
22,1,[18518]
23,2,[5411, 5435]
24,1,[27325]
25,1,[133729]
26,2,[3211, 54280]
27,2,[10677, 91001]
30,9,[76152, 152847, 159448, 161782, 162203, 162793, 174882, 289518, 296362]
10,9,[76255, 152960, 159561, 161905, 162326, 162916, 175005, 289674, 296519]
14,1,[100988]
15,1,[34923]
18,2,[88379, 103796]
20,2,[2772, 53167]
22,1,[18518]
23,2,[5411, 5435]
24,1,[27325]
25,1,[133729]
26,2,[3211, 54280]
27,2,[10677, 91001]
30,9,[76152, 152847, 159448, 161782, 162203, 162793, 174882, 289518, 296362]
