8,1,[479]
9,3,[671, 2610, 2712]
10,683,[3149, 3642, 4296, 4337, 7733, 9147, 9291, 9368, 10585, 11249, 13880, 15696, 16728, 16772, 17127, 17173, 18426, 18744, 22425, 22485, 22497, 23151, 24522, 24661, 24744, 26766, 26783, 27258, 27269, 27504, 27689, 28157, 28225, 28340, 28639, 28692, 29258, 30325, 33857, 34371, 34503, 36971, 37310, 37395, 37642, 38190, 44862, 52919, 53329, 55183, 61238, 64842, 65049, 66785, 66804, 75569, 76205, 76649, 76775, 77229, 85773, 87687, 93043, 95019, 95137, 100681, 102034, 102049, 105660, 111988, 113491, 114864, 118251, 119638, 124488, 126419, 127538, 129675, 136512, 136521, 137457, 139007, 139026, 139243, 144938, 145192, 145345, 148097, 148330, 148673, 149463, 149835, 150318, 151847, 154654, 156008, 157589, 158609, 159472, 160001, 163481, 163509, 163519, 166024, 167633, 168713, 169009, 169351, 171478, 171852, 174231, 175189, 176955, 177360, 177872, 178846, 182621, 184593, 185357, 185510, 186132, 186563, 187231, 187283, 187304, 189253, 189386, 190934, 194109, 194188, 194373, 195446, 195464, 195626, 197010, 197153, 198023, 199680, 199859, 200349, 206376, 206918, 209255, 209925, 209991, 210017, 211868, 216196, 216435, 217219, 218421, 219296, 221087, 221546, 224050, 225238, 225306, 229206, 229303, 229325, 231648, 234158, 245804, 247132, 248882, 250199, 253120, 254968, 256020, 258411, 258685, 259022, 261101, 262380, 262960, 263848, 263961, 264554, 266375, 268482, 270225, 270966, 272597, 273865, 273901, 274821, 275075, 278697, 280047, 282452, 282648, 282731, 283690, 284184, 285758, 286168, 286285, 288766, 289081, 289117, 289149, 289164, 291854, 292061, 293379, 294714, 295167, 295520, 297296, 297329, 297371, 298164, 298531, 298917, 299518, 299580, 299888, 299902, 299955, 300063, 300220, 300306, 301161, 301435, 303119, 303233, 303334, 303956, 304208, 304779, 304951, 305917, 307091, 307482, 308392, 308408, 308437, 311298, 318721, 318950, 319093, 319898, 320179, 320224, 320294, 320391, 320646, 321649, 322979, 325307, 326451, 328428, 328614, 328985, 332019, 332712, 336751, 339327, 339680, 339956, 339967, 340304, 340324, 340471, 341464, 342768, 343017, 343032, 343407, 346897, 347808, 348063, 348871, 349431, 349439, 351681, 351844, 353595, 354024, 355038, 356064, 356278, 356291, 356302, 356564, 356868, 357116, 357456, 357502, 358061, 358071, 358152, 358762, 358848, 358864, 359407, 359663, 359821, 359832, 360126, 360131, 360136, 360227, 360739, 365771, 367766, 367825, 367944, 369016, 369327, 370363, 373665, 374121, 374341, 374503, 374913, 375317, 375925, 376342, 382023, 382029, 382602, 382844, 384051, 384102, 385116, 385146, 385411, 387026, 387086, 387156, 388182, 388487, 388764, 392043, 393351, 393392, 393593, 393626, 393864, 393908, 394007, 394186, 394222, 395192, 395866, 395874, 395996, 397254, 398515, 399386, 399826, 401029, 401200, 401442, 401673, 401718, 403687, 405180, 405600, 406270, 406277, 406489, 407167, 408979, 410708, 411130, 411623, 412043, 412942, 413254, 414020, 415761, 416251, 417964, 420762, 421658, 422782, 425730, 426158, 428982, 429696, 430871, 431377, 432718, 433217, 433760, 433907, 433950, 434077, 435320, 435829, 437277, 437427, 438181, 438197, 438665, 440079, 440270, 440355, 441088, 441369, 443798, 444433, 444905, 446182, 446993, 447127, 447943, 448090, 449313, 449961, 450007, 450686, 450735, 453134, 458754, 465367, 466326, 467772, 469194, 469846, 469986, 470176, 470924, 471066, 471117, 471392, 471815, 471939, 472574, 472580, 472768, 473023, 473325, 473737, 473816, 473855, 474414, 474503, 475089, 475214, 475242, 475417, 478133, 478152, 478729, 478748, 478792, 478826, 478869, 478893, 479688, 480767, 481968, 482009, 482135, 482319, 482867, 483462, 483925, 484448, 485285, 485548, 485903, 486564, 487345, 489124, 489180, 489432, 489469, 489473, 489996, 490007, 490014, 490019, 491884, 492273, 493446, 493959, 494768, 494782, 495433, 495455, 495469, 495536, 495761, 495880, 499200, 499234, 499278, 501390, 503334, 503791, 505367, 505371, 505533, 505936, 506417, 507935, 511179, 511602, 513239, 513271, 513480, 513746, 515106, 518825, 519531, 520606, 521068, 521074, 523655, 524136, 525052, 525450, 526112, 526346, 526956, 530639, 535717, 536644, 537996, 539363, 541122, 541288, 541327, 541680, 541854, 543240, 543537, 544408, 546762, 546905, 547154, 547572, 548349, 548935, 548979, 549997, 550793, 551337, 551429, 551532, 554005, 554031, 554038, 554190, 554365, 554415, 554532, 554539, 554957, 554980, 555055, 555594, 555640, 556197, 557367, 557440, 558570, 558626, 559378, 559611, 559768, 559886, 560628, 561035, 563188, 563217, 563304, 563359, 563528, 563813, 564092, 564370, 568306, 568320, 569656, 570121, 571803, 573556, 573580, 577188, 578175, 579888, 581432, 581901, 583891, 584165, 585643, 586127, 586174, 586320, 586468, 586486, 586505, 588010, 588452, 588580, 589775, 591704, 592435, 592633, 592686, 592692, 592893, 593045, 593280, 593544, 594148, 594405, 594767, 594995, 595297, 596799, 596979, 597482, 597530, 598005, 598100, 599255, 599488, 600226, 600355, 600677, 600874, 600878, 600890, 600894, 600901, 601521, 601834, 602496, 602656, 602981, 603389, 603718, 604300, 604396, 604582, 605404, 605408, 607804, 608386, 608585, 609064, 610250, 610481, 611732, 613214, 613667, 615946, 616045, 617722, 618375, 619153, 619309, 619915, 620001, 620682, 620690, 621020, 621669, 621778, 621837, 622529, 622949, 622963, 624002, 624022, 624319, 624587, 625379, 626842, 629219, 631027, 633978, 634878, 635323, 638494, 638526, 638566]
11,24,[3047, 5352, 5354, 5859, 6623, 6916, 7191, 7238, 7292, 7349, 10187, 11060, 11113, 11702, 13548, 14921, 15216, 18118, 18361, 18363, 19848, 19871, 20209, 20285]
12,17,[178, 906, 3074, 5373, 6668, 8301, 10969, 13538, 17274, 17521, 18095, 18510, 19046, 20082, 22894, 23186, 23380]
13,8,[36, 113, 1130, 1391, 1508, 1691, 2552, 2935]
14,9,[750, 6764, 29655, 63476, 86803, 93436, 136404, 162666, 187760]
15,345,[3688, 3893, 4215, 4813, 5155, 5978, 6100, 6135, 6326, 7460, 8220, 8473, 8930, 11107, 11221, 11603, 12024, 12343, 12632, 12959, 13327, 13709, 13741, 14946, 15048, 15846, 16124, 16430, 16647, 17036, 17221, 17508, 17623, 17839, 18119, 18161, 18318, 18476, 18926, 19277, 19407, 19860, 19916, 20306, 24540, 25134, 25272, 25287, 25893, 26214, 26230, 26809, 26946, 27124, 27366, 27498, 29776, 30009, 30550, 30585, 31471, 33010, 33054, 33674, 33737, 34797, 35767, 36228, 36258, 36687, 38291, 38552, 38996, 39374, 40072, 41434, 41547, 41720, 41891, 42981, 43366, 43561, 43749, 43893, 43934, 44973, 45071, 45747, 45886, 46505, 46690, 46820, 47008, 48146, 48437, 49366, 49432, 49491, 49843, 51297, 51657, 51665, 51674, 51731, 51954, 52434, 52828, 52843, 53026, 54406, 54589, 54731, 55424, 55496, 55642, 56076, 56174, 56592, 56676, 56680, 56934, 57079, 57274, 57564, 57597, 57640, 57671, 58051, 58065, 58252, 58581, 59003, 59334, 59528, 59848, 60199, 60227, 60268, 60738, 61336, 61470, 61561, 61852, 61962, 62229, 63330, 63448, 65408, 65449, 65656, 66148, 67056, 67597, 68565, 69607, 69671, 70925, 71077, 71495, 71810, 71916, 71929, 72098, 73128, 73370, 75353, 75392, 75557, 75840, 75860, 75880, 76341, 80076, 81619, 82454, 82527, 82628, 85028, 85152, 85234, 85241, 85282, 85696, 86083, 86363, 87136, 87907, 88745, 90165, 90191, 90574, 90919, 90969, 91417, 91795, 91870, 91981, 92164, 92768, 94421, 95880, 96080, 96597, 98670, 99236, 99692, 99857, 103081, 103467, 103852, 104540, 105977, 106188, 107380, 107602, 107675, 107787, 107871, 109355, 109386, 109906, 110005, 110808, 111568, 112141, 113066, 113435, 114093, 114432, 115787, 116754, 117150, 117484, 117948, 118225, 118308, 119248, 119317, 119322, 119840, 120407, 121533, 121972, 123513, 123962, 125409, 125521, 126458, 126930, 129624, 130139, 131261, 131592, 132086, 132582, 132709, 136286, 136776, 137645, 139393, 140165, 140689, 141072, 141099, 141439, 141992, 142628, 142641, 142864, 143711, 143844, 143892, 144503, 144653, 145414, 145874, 146478, 147403, 147486, 147987, 148117, 148590, 148934, 149263, 149290, 150700, 150745, 151086, 151587, 152692, 153088, 153384, 153540, 153542, 154058, 155648, 155707, 156370, 157581, 157803, 158006, 158920, 159035, 159536, 159641, 159780, 160125, 160536, 160793, 161392, 161543, 161640, 161756, 161873, 162538, 163150, 163217, 163781, 164660, 165036, 165426, 165734, 167814, 168385, 168714, 168785, 169263, 169435, 169651, 169932, 170035, 170152, 170237, 170556, 170593, 170746, 171016, 171171, 171238, 171300, 172582, 172872, 173453, 173494, 173611]
16,20,[1089, 1758, 3116, 4541, 4681, 5838, 8908, 9495, 10307, 10488, 12464, 13060, 13994, 16786, 17001, 18232, 18751, 25632, 28321, 33111]
17,95,[3158, 7689, 18235, 18900, 19188, 20681, 21031, 23759, 32812, 34814, 34871, 34990, 36081, 36416, 37969, 38767, 40452, 42025, 45138, 48699, 49435, 49495, 51346, 51724, 52873, 56399, 56566, 56689, 56805, 56927, 58053, 58099, 59502, 59551, 61025, 61101, 61302, 62134, 62463, 62787, 63715, 65408, 65908, 66787, 67138, 67198, 67268, 68685, 68698, 71537, 71584, 72491, 72936, 74978, 81732, 90922, 91552, 92570, 97341, 98802, 98945, 100694, 108399, 111259, 113378, 113392, 114850, 114912, 120391, 122852, 127139, 141913, 155238, 167682, 172878, 173077, 178589, 178623, 178667, 179900, 182387, 185039, 186581, 186699, 191141, 194320, 194574, 198053, 198209, 198819, 198926, 204371, 205709, 213218, 216303]
18,123,[1448, 2887, 2945, 2974, 3905, 4146, 4305, 6172, 6209, 6361, 7986, 8565, 13622, 14519, 14587, 14658, 18281, 21673, 22964, 23022, 25031, 26654, 30593, 33722, 34620, 35188, 37276, 38197, 39747, 40258, 40787, 45418, 46618, 47880, 48086, 49116, 50361, 51322, 51764, 52097, 52200, 55491, 56674, 57630, 57950, 58037, 58155, 58780, 61333, 61462, 61499, 67743, 68910, 70093, 70116, 73390, 74458, 76244, 76302, 77309, 81304, 82142, 88409, 89095, 89437, 91240, 92590, 94101, 95112, 95133, 95825, 97495, 97722, 97961, 99306, 103735, 103982, 106338, 106346, 106702, 107307, 109068, 110201, 110510, 110694, 112781, 113120, 115146, 115571, 116739, 116891, 117104, 119131, 119283, 119496, 121458, 126095, 126616, 128378, 128874, 130032, 132005, 132449, 133031, 133093, 134394, 135110, 136008, 136740, 137172, 137847, 138621, 140448, 141754, 141981, 142241, 143625, 144019, 144062, 145921, 146955, 148182, 148584]
19,10,[903, 7906, 11618, 11811, 11877, 17213, 17579, 25953, 26509, 26652]
20,230,[113, 407, 612, 976, 1705, 2108, 2272, 2380, 2566, 2841, 3006, 3102, 3184, 3573, 3592, 3643, 3719, 3854, 5035, 5550, 5624, 5746, 6171, 6784, 6950, 6986, 7989, 8401, 8774, 8902, 8954, 8970, 9511, 11664, 11908, 12016, 12514, 12602, 12626, 12782, 13066, 13201, 13938, 14327, 15211, 15507, 16272, 16512, 16588, 16982, 17086, 17440, 18472, 18555, 18594, 18655, 18979, 19234, 19388, 19442, 19583, 20413, 21112, 21418, 21606, 22035, 22548, 23130, 23310, 23419, 23585, 23695, 24220, 25004, 25052, 25395, 25462, 25668, 25682, 26169, 26183, 26221, 26297, 26338, 26618, 26847, 27003, 27527, 27578, 27638, 27853, 28245, 28530, 29080, 29148, 29506, 29531, 29828, 30150, 30546, 30760, 30789, 31189, 31273, 31435, 31485, 31492, 32128, 32208, 32690, 33444, 33698, 34075, 34203, 34249, 34445, 34482, 34582, 34680, 34785, 34969, 34980, 35603, 35791, 36168, 36917, 37351, 37355, 37362, 37555, 37658, 37898, 38276, 38492, 38803, 39171, 39490, 40056, 40311, 40883, 41336, 41612, 41990, 42013, 42365, 42879, 42903, 43375, 43382, 43691, 44379, 44448, 44561, 44659, 44677, 46004, 46043, 46282, 46290, 46352, 46470, 46594, 46790, 46830, 46921, 46997, 47313, 47475, 47861, 47903, 47994, 48022, 48026, 48104, 49452, 49751, 49914, 50070, 50438, 50597, 50661, 51201, 51863, 52897, 53037, 53219, 53251, 54105, 54274, 54338, 54444, 54488, 55322, 55503, 55650, 55701, 55709, 56504, 56524, 57132, 57184, 57321, 57363, 57426, 57910, 58116, 58519, 58639, 58953, 59072, 59362, 59679, 60256, 60275, 62063, 62176, 62210, 62637, 62718, 62826, 62840, 62863, 62914, 62993, 63849, 64344, 64471, 65445, 65903, 66006]
21,35,[1697, 1752, 1877, 2351, 3118, 3369, 3643, 3945, 4836, 5555, 5569, 5573, 8136, 8949, 9259, 9403, 10127, 11267, 14120, 15667, 15838, 16717, 16774, 17655, 20675, 23942, 24556, 24644, 25109, 25270, 27113, 28971, 29041, 30838, 32053]
22,11,[1682, 4365, 11853, 14068, 15347, 16148, 62758, 64926, 90297, 102302, 137324]
23,29,[164, 388, 876, 1080, 1479, 3195, 13504, 14792, 17658, 17880, 18325, 20965, 22039, 22042, 22935, 23423, 25380, 27178, 27206, 27223, 27400, 27409, 27415, 28397, 28627, 30289, 30456, 30623, 30666]
24,10,[8313, 9832, 11705, 16572, 17853, 18552, 29608, 30037, 42023, 43903]
25,18,[933, 7000, 28675, 60992, 66070, 79254, 79787, 80952, 83129, 89483, 89829, 92617, 130596, 133275, 140711, 155890, 165396, 180028]
26,230,[477, 771, 978, 1341, 2078, 2494, 2665, 2773, 2986, 3284, 3471, 3572, 3667, 4074, 4093, 4143, 4218, 4353, 5550, 6067, 6142, 6264, 6689, 7305, 7470, 7506, 8510, 8931, 9316, 9450, 9503, 9519, 10065, 12237, 12494, 12603, 13101, 13188, 13212, 13370, 13649, 13785, 14525, 14924, 15844, 16147, 16921, 17162, 17239, 17632, 17739, 18107, 19183, 19264, 19303, 19363, 19687, 19938, 20095, 20151, 20292, 21140, 21851, 22164, 22352, 22790, 23311, 23899, 24080, 24189, 24354, 24463, 24987, 25790, 25838, 26189, 26256, 26467, 26481, 26965, 26979, 27017, 27096, 27135, 27419, 27670, 27827, 28355, 28406, 28465, 28682, 29082, 29360, 29920, 29990, 30349, 30373, 30674, 30998, 31399, 31623, 31652, 32058, 32142, 32305, 32356, 32363, 33000, 33080, 33566, 34322, 34572, 34954, 35083, 35129, 35333, 35371, 35470, 35568, 35674, 35861, 35872, 36502, 36692, 37070, 37830, 38267, 38271, 38278, 38470, 38575, 38816, 39219, 39434, 39747, 40113, 40432, 40995, 41252, 41818, 42273, 42550, 42924, 42947, 43293, 43827, 43851, 44325, 44332, 44650, 45348, 45418, 45532, 45633, 45656, 47006, 47045, 47286, 47295, 47357, 47475, 47598, 47794, 47835, 47925, 48000, 48316, 48481, 48872, 48914, 49007, 49035, 49039, 49117, 50499, 50796, 50960, 51114, 51488, 51648, 51713, 52257, 52942, 54004, 54147, 54338, 54374, 55267, 55436, 55500, 55605, 55649, 56484, 56661, 56810, 56861, 56869, 57654, 57675, 58285, 58337, 58485, 58528, 58593, 59089, 59304, 59711, 59837, 60199, 60326, 60622, 60963, 61551, 61570, 63366, 63513, 63547, 63977, 64057, 64169, 64183, 64206, 64256, 64341, 65235, 65742, 65870, 66858, 67318, 67421]
27,148,[1171, 1464, 2921, 3078, 4159, 5191, 5297, 6865, 8236, 8252, 8645, 9590, 9607, 10045, 19380, 21483, 22735, 23385, 23989, 25569, 27201, 29910, 30638, 31044, 31989, 32575, 33291, 33684, 34279, 34937, 35082, 35146, 39484, 40741, 40825, 41704, 42432, 42950, 45760, 45977, 47182, 48000, 48604, 48803, 49166, 49504, 49790, 51441, 52413, 52700, 53110, 54531, 54842, 55533, 55833, 56005, 57190, 57235, 59469, 59512, 61799, 63116, 63122, 63187, 63191, 63338, 63677, 64292, 66918, 67885, 68606, 68824, 68953, 69182, 70239, 70369, 70435, 72835, 72922, 73262, 75137, 75583, 75782, 77857, 78264, 78427, 79415, 79567, 80207, 80359, 80409, 80420, 81222, 81874, 81912, 81921, 82534, 82583, 83984, 85147, 86184, 86899, 87659, 87719, 87987, 88212, 89288, 90000, 90181, 90199, 90885, 92579, 93000, 93898, 94080, 94907, 95682, 96014, 96418, 96673, 97276, 97357, 98157, 98164, 98344, 98422, 98493, 98567, 99154, 99265, 99724, 100174, 102265, 102904, 105471, 105729, 105861, 106213, 106536, 106591, 106661, 108308, 108402, 108534, 108869, 109110, 109220, 109514]
28,2,[10104, 10543]
30,683,[3055, 3548, 4202, 4243, 7639, 9053, 9197, 9274, 10491, 11155, 13786, 15602, 16634, 16678, 17033, 17079, 18332, 18650, 22331, 22391, 22403, 23057, 24428, 24567, 24650, 26672, 26689, 27164, 27175, 27410, 27595, 28063, 28131, 28246, 28545, 28598, 29164, 30231, 33759, 34273, 34405, 36873, 37212, 37297, 37544, 38092, 44764, 52821, 53230, 55084, 61135, 64739, 64946, 66682, 66701, 75466, 76102, 76546, 76672, 77126, 85666, 87580, 92936, 94912, 95030, 100574, 101927, 101942, 105549, 111877, 113380, 114753, 118140, 119527, 124377, 126308, 127427, 129563, 136400, 136409, 137345, 138895, 138914, 139131, 144825, 145079, 145232, 147984, 148217, 148560, 149350, 149722, 150205, 151734, 154541, 155895, 157476, 158496, 159359, 159887, 163358, 163386, 163396, 165901, 167510, 168590, 168886, 169228, 171355, 171729, 174108, 175066, 176832, 177237, 177749, 178723, 182489, 184461, 185225, 185378, 186000, 186431, 187099, 187151, 187172, 189121, 189254, 190802, 193977, 194056, 194241, 195314, 195332, 195494, 196878, 197021, 197891, 199538, 199717, 200207, 206234, 206776, 209113, 209783, 209849, 209875, 211726, 216054, 216293, 217078, 218281, 219156, 220937, 221396, 223900, 225088, 225156, 229056, 229153, 229175, 231498, 234008, 245651, 246979, 248729, 250046, 252967, 254815, 255864, 258255, 258529, 258866, 260945, 262224, 262804, 263692, 263805, 264398, 266219, 268326, 270069, 270810, 272441, 273709, 273745, 274665, 274919, 278542, 279892, 282297, 282493, 282576, 283534, 284028, 285602, 286012, 286129, 288610, 288925, 288961, 288993, 289008, 291698, 291905, 293222, 294557, 295010, 295363, 297138, 297171, 297213, 298006, 298373, 298759, 299360, 299422, 299730, 299744, 299797, 299905, 300062, 300148, 301003, 301277, 302961, 303075, 303176, 303798, 304050, 304621, 304793, 305759, 306933, 307324, 308234, 308250, 308279, 311139, 318562, 318791, 318934, 319739, 320020, 320065, 320135, 320232, 320487, 321490, 322820, 325148, 326292, 328269, 328455, 328826, 331860, 332553, 336592, 339168, 339521, 339797, 339808, 340145, 340165, 340312, 341305, 342609, 342858, 342873, 343248, 346738, 347649, 347904, 348712, 349272, 349280, 351522, 351685, 353436, 353865, 354879, 355905, 356119, 356132, 356143, 356405, 356708, 356956, 357296, 357342, 357901, 357911, 357992, 358602, 358688, 358704, 359247, 359503, 359661, 359672, 359966, 359971, 359976, 360067, 360579, 365608, 367603, 367662, 367781, 368853, 369164, 370200, 373502, 373958, 374178, 374340, 374750, 375154, 375762, 376179, 381860, 381866, 382439, 382681, 383888, 383939, 384953, 384983, 385248, 386863, 386923, 386993, 388019, 388324, 388601, 391880, 393185, 393226, 393427, 393460, 393698, 393742, 393841, 394020, 394056, 395026, 395700, 395708, 395830, 397088, 398349, 399220, 399660, 400863, 401034, 401276, 401507, 401552, 403521, 405014, 405434, 406104, 406111, 406323, 407001, 408813, 410542, 410964, 411457, 411877, 412776, 413088, 413854, 415595, 416085, 417798, 420596, 421492, 422616, 425564, 425992, 428815, 429529, 430701, 431207, 432548, 433047, 433590, 433737, 433780, 433907, 435150, 435659, 437107, 437257, 438011, 438027, 438495, 439909, 440100, 440185, 440918, 441199, 443628, 444263, 444735, 446012, 446823, 446957, 447773, 447920, 449143, 449791, 449837, 450516, 450565, 452964, 458584, 465196, 466155, 467601, 469023, 469675, 469815, 470005, 470753, 470895, 470946, 471221, 471645, 471769, 472404, 472410, 472598, 472853, 473155, 473567, 473646, 473685, 474244, 474333, 474919, 475044, 475072, 475247, 477965, 477984, 478561, 478580, 478624, 478658, 478701, 478725, 479520, 480599, 481802, 481843, 481969, 482153, 482702, 483297, 483760, 484283, 485121, 485384, 485739, 486401, 487182, 488963, 489019, 489271, 489308, 489312, 489836, 489847, 489854, 489859, 491724, 492113, 493286, 493799, 494609, 494623, 495274, 495296, 495310, 495377, 495602, 495721, 499031, 499065, 499109, 501221, 503165, 503622, 505198, 505202, 505364, 505767, 506248, 507766, 511010, 511433, 513070, 513102, 513311, 513577, 514937, 518653, 519359, 520434, 520896, 520902, 523483, 523964, 524880, 525278, 525940, 526174, 526784, 530464, 535542, 536469, 537821, 539188, 540947, 541113, 541152, 541505, 541679, 543065, 543362, 544233, 546587, 546730, 546979, 547397, 548174, 548760, 548804, 549819, 550615, 551159, 551251, 551354, 553827, 553853, 553860, 554012, 554187, 554237, 554354, 554361, 554779, 554802, 554877, 555416, 555462, 556019, 557189, 557262, 558392, 558448, 559200, 559433, 559590, 559708, 560450, 560857, 563010, 563039, 563126, 563181, 563350, 563635, 563914, 564192, 568126, 568140, 569476, 569941, 571623, 573376, 573400, 577008, 577995, 579708, 581252, 581721, 583711, 583985, 585458, 585942, 585989, 586135, 586283, 586301, 586320, 587825, 588267, 588395, 589590, 591519, 592244, 592442, 592495, 592501, 592702, 592854, 593089, 593353, 593957, 594214, 594576, 594804, 595106, 596608, 596788, 597291, 597339, 597814, 597909, 599058, 599291, 600029, 600158, 600480, 600677, 600681, 600693, 600697, 600704, 601324, 601637, 602299, 602459, 602784, 603192, 603516, 604098, 604194, 604380, 605202, 605206, 607597, 608174, 608373, 608852, 610033, 610264, 611509, 612985, 613438, 615707, 615806, 617475, 618123, 618901, 619057, 619663, 619749, 620430, 620438, 620768, 621417, 621526, 621585, 622277, 622697, 622711, 623748, 623768, 624065, 624333, 625122, 626585, 628956, 630756, 633703, 634603, 635048, 638219, 638251, 638291]
8,1,[479]
9,3,[671, 2610, 2712]
10,683,[3149, 3642, 4296, 4337, 7733, 9147, 9291, 9368, 10585, 11249, 13880, 15696, 16728, 16772, 17127, 17173, 18426, 18744, 22425, 22485, 22497, 23151, 24522, 24661, 24744, 26766, 26783, 27258, 27269, 27504, 27689, 28157, 28225, 28340, 28639, 28692, 29258, 30325, 33857, 34371, 34503, 36971, 37310, 37395, 37642, 38190, 44862, 52919, 53329, 55183, 61238, 64842, 65049, 66785, 66804, 75569, 76205, 76649, 76775, 77229, 85773, 87687, 93043, 95019, 95137, 100681, 102034, 102049, 105660, 111988, 113491, 114864, 118251, 119638, 124488, 126419, 127538, 129675, 136512, 136521, 137457, 139007, 139026, 139243, 144938, 145192, 145345, 148097, 148330, 148673, 149463, 149835, 150318, 151847, 154654, 156008, 157589, 158609, 159472, 160001, 163481, 163509, 163519, 166024, 167633, 168713, 169009, 169351, 171478, 171852, 174231, 175189, 176955, 177360, 177872, 178846, 182621, 184593, 185357, 185510, 186132, 186563, 187231, 187283, 187304, 189253, 189386, 190934, 194109, 194188, 194373, 195446, 195464, 195626, 197010, 197153, 198023, 199680, 199859, 200349, 206376, 206918, 209255, 209925, 209991, 210017, 211868, 216196, 216435, 217219, 218421, 219296, 221087, 221546, 224050, 225238, 225306, 229206, 229303, 229325, 231648, 234158, 245804, 247132, 248882, 250199, 253120, 254968, 256020, 258411, 258685, 259022, 261101, 262380, 262960, 263848, 263961, 264554, 266375, 268482, 270225, 270966, 272597, 273865, 273901, 274821, 275075, 278697, 280047, 282452, 282648, 282731, 283690, 284184, 285758, 286168, 286285, 288766, 289081, 289117, 289149, 289164, 291854, 292061, 293379, 294714, 295167, 295520, 297296, 297329, 297371, 298164, 298531, 298917, 299518, 299580, 299888, 299902, 299955, 300063, 300220, 300306, 301161, 301435, 303119, 303233, 303334, 303956, 304208, 304779, 304951, 305917, 307091, 307482, 308392, 308408, 308437, 311298, 318721, 318950, 319093, 319898, 320179, 320224, 320294, 320391, 320646, 321649, 322979, 325307, 326451, 328428, 328614, 328985, 332019, 332712, 336751, 339327, 339680, 339956, 339967, 340304, 340324, 340471, 341464, 342768, 343017, 343032, 343407, 346897, 347808, 348063, 348871, 349431, 349439, 351681, 351844, 353595, 354024, 355038, 356064, 356278, 356291, 356302, 356564, 356868, 357116, 357456, 357502, 358061, 358071, 358152, 358762, 358848, 358864, 359407, 359663, 359821, 359832, 360126, 360131, 360136, 360227, 360739, 365771, 367766, 367825, 367944, 369016, 369327, 370363, 373665, 374121, 374341, 374503, 374913, 375317, 375925, 376342, 382023, 382029, 382602, 382844, 384051, 384102, 385116, 385146, 385411, 387026, 387086, 387156, 388182, 388487, 388764, 392043, 393351, 393392, 393593, 393626, 393864, 393908, 394007, 394186, 394222, 395192, 395866, 395874, 395996, 397254, 398515, 399386, 399826, 401029, 401200, 401442, 401673, 401718, 403687, 405180, 405600, 406270, 406277, 406489, 407167, 408979, 410708, 411130, 411623, 412043, 412942, 413254, 414020, 415761, 416251, 417964, 420762, 421658, 422782, 425730, 426158, 428982, 429696, 430871, 431377, 432718, 433217, 433760, 433907, 433950, 434077, 435320, 435829, 437277, 437427, 438181, 438197, 438665, 440079, 440270, 440355, 441088, 441369, 443798, 444433, 444905, 446182, 446993, 447127, 447943, 448090, 449313, 449961, 450007, 450686, 450735, 453134, 458754, 465367, 466326, 467772, 469194, 469846, 469986, 470176, 470924, 471066, 471117, 471392, 471815, 471939, 472574, 472580, 472768, 473023, 473325, 473737, 473816, 473855, 474414, 474503, 475089, 475214, 475242, 475417, 478133, 478152, 478729, 478748, 478792, 478826, 478869, 478893, 479688, 480767, 481968, 482009, 482135, 482319, 482867, 483462, 483925, 484448, 485285, 485548, 485903, 486564, 487345, 489124, 489180, 489432, 489469, 489473, 489996, 490007, 490014, 490019, 491884, 492273, 493446, 493959, 494768, 494782, 495433, 495455, 495469, 495536, 495761, 495880, 499200, 499234, 499278, 501390, 503334, 503791, 505367, 505371, 505533, 505936, 506417, 507935, 511179, 511602, 513239, 513271, 513480, 513746, 515106, 518825, 519531, 520606, 521068, 521074, 523655, 524136, 525052, 525450, 526112, 526346, 526956, 530639, 535717, 536644, 537996, 539363, 541122, 541288, 541327, 541680, 541854, 543240, 543537, 544408, 546762, 546905, 547154, 547572, 548349, 548935, 548979, 549997, 550793, 551337, 551429, 551532, 554005, 554031, 554038, 554190, 554365, 554415, 554532, 554539, 554957, 554980, 555055, 555594, 555640, 556197, 557367, 557440, 558570, 558626, 559378, 559611, 559768, 559886, 560628, 561035, 563188, 563217, 563304, 563359, 563528, 563813, 564092, 564370, 568306, 568320, 569656, 570121, 571803, 573556, 573580, 577188, 578175, 579888, 581432, 581901, 583891, 584165, 585643, 586127, 586174, 586320, 586468, 586486, 586505, 588010, 588452, 588580, 589775, 591704, 592435, 592633, 592686, 592692, 592893, 593045, 593280, 593544, 594148, 594405, 594767, 594995, 595297, 596799, 596979, 597482, 597530, 598005, 598100, 599255, 599488, 600226, 600355, 600677, 600874, 600878, 600890, 600894, 600901, 601521, 601834, 602496, 602656, 602981, 603389, 603718, 604300, 604396, 604582, 605404, 605408, 607804, 608386, 608585, 609064, 610250, 610481, 611732, 613214, 613667, 615946, 616045, 617722, 618375, 619153, 619309, 619915, 620001, 620682, 620690, 621020, 621669, 621778, 621837, 622529, 622949, 622963, 624002, 624022, 624319, 624587, 625379, 626842, 629219, 631027, 633978, 634878, 635323, 638494, 638526, 638566]
11,24,[3047, 5352, 5354, 5859, 6623, 6916, 7191, 7238, 7292, 7349, 10187, 11060, 11113, 11702, 13548, 14921, 15216, 18118, 18361, 18363, 19848, 19871, 20209, 20285]
12,17,[178, 906, 3074, 5373, 6668, 8301, 10969, 13538, 17274, 17521, 18095, 18510, 19046, 20082, 22894, 23186, 23380]
13,8,[36, 113, 1130, 1391, 1508, 1691, 2552, 2935]
14,9,[750, 6764, 29655, 63476, 86803, 93436, 136404, 162666, 187760]
15,345,[3688, 3893, 4215, 4813, 5155, 5978, 6100, 6135, 6326, 7460, 8220, 8473, 8930, 11107, 11221, 11603, 12024, 12343, 12632, 12959, 13327, 13709, 13741, 14946, 15048, 15846, 16124, 16430, 16647, 17036, 17221, 17508, 17623, 17839, 18119, 18161, 18318, 18476, 18926, 19277, 19407, 19860, 19916, 20306, 24540, 25134, 25272, 25287, 25893, 26214, 26230, 26809, 26946, 27124, 27366, 27498, 29776, 30009, 30550, 30585, 31471, 33010, 33054, 33674, 33737, 34797, 35767, 36228, 36258, 36687, 38291, 38552, 38996, 39374, 40072, 41434, 41547, 41720, 41891, 42981, 43366, 43561, 43749, 43893, 43934, 44973, 45071, 45747, 45886, 46505, 46690, 46820, 47008, 48146, 48437, 49366, 49432, 49491, 49843, 51297, 51657, 51665, 51674, 51731, 51954, 52434, 52828, 52843, 53026, 54406, 54589, 54731, 55424, 55496, 55642, 56076, 56174, 56592, 56676, 56680, 56934, 57079, 57274, 57564, 57597, 57640, 57671, 58051, 58065, 58252, 58581, 59003, 59334, 59528, 59848, 60199, 60227, 60268, 60738, 61336, 61470, 61561, 61852, 61962, 62229, 63330, 63448, 65408, 65449, 65656, 66148, 67056, 67597, 68565, 69607, 69671, 70925, 71077, 71495, 71810, 71916, 71929, 72098, 73128, 73370, 75353, 75392, 75557, 75840, 75860, 75880, 76341, 80076, 81619, 82454, 82527, 82628, 85028, 85152, 85234, 85241, 85282, 85696, 86083, 86363, 87136, 87907, 88745, 90165, 90191, 90574, 90919, 90969, 91417, 91795, 91870, 91981, 92164, 92768, 94421, 95880, 96080, 96597, 98670, 99236, 99692, 99857, 103081, 103467, 103852, 104540, 105977, 106188, 107380, 107602, 107675, 107787, 107871, 109355, 109386, 109906, 110005, 110808, 111568, 112141, 113066, 113435, 114093, 114432, 115787, 116754, 117150, 117484, 117948, 118225, 118308, 119248, 119317, 119322, 119840, 120407, 121533, 121972, 123513, 123962, 125409, 125521, 126458, 126930, 129624, 130139, 131261, 131592, 132086, 132582, 132709, 136286, 136776, 137645, 139393, 140165, 140689, 141072, 141099, 141439, 141992, 142628, 142641, 142864, 143711, 143844, 143892, 144503, 144653, 145414, 145874, 146478, 147403, 147486, 147987, 148117, 148590, 148934, 149263, 149290, 150700, 150745, 151086, 151587, 152692, 153088, 153384, 153540, 153542, 154058, 155648, 155707, 156370, 157581, 157803, 158006, 158920, 159035, 159536, 159641, 159780, 160125, 160536, 160793, 161392, 161543, 161640, 161756, 161873, 162538, 163150, 163217, 163781, 164660, 165036, 165426, 165734, 167814, 168385, 168714, 168785, 169263, 169435, 169651, 169932, 170035, 170152, 170237, 170556, 170593, 170746, 171016, 171171, 171238, 171300, 172582, 172872, 173453, 173494, 173611]
16,20,[1089, 1758, 3116, 4541, 4681, 5838, 8908, 9495, 10307, 10488, 12464, 13060, 13994, 16786, 17001, 18232, 18751, 25632, 28321, 33111]
17,95,[3158, 7689, 18235, 18900, 19188, 20681, 21031, 23759, 32812, 34814, 34871, 34990, 36081, 36416, 37969, 38767, 40452, 42025, 45138, 48699, 49435, 49495, 51346, 51724, 52873, 56399, 56566, 56689, 56805, 56927, 58053, 58099, 59502, 59551, 61025, 61101, 61302, 62134, 62463, 62787, 63715, 65408, 65908, 66787, 67138, 67198, 67268, 68685, 68698, 71537, 71584, 72491, 72936, 74978, 81732, 90922, 91552, 92570, 97341, 98802, 98945, 100694, 108399, 111259, 113378, 113392, 114850, 114912, 120391, 122852, 127139, 141913, 155238, 167682, 172878, 173077, 178589, 178623, 178667, 179900, 182387, 185039, 186581, 186699, 191141, 194320, 194574, 198053, 198209, 198819, 198926, 204371, 205709, 213218, 216303]
18,123,[1448, 2887, 2945, 2974, 3905, 4146, 4305, 6172, 6209, 6361, 7986, 8565, 13622, 14519, 14587, 14658, 18281, 21673, 22964, 23022, 25031, 26654, 30593, 33722, 34620, 35188, 37276, 38197, 39747, 40258, 40787, 45418, 46618, 47880, 48086, 49116, 50361, 51322, 51764, 52097, 52200, 55491, 56674, 57630, 57950, 58037, 58155, 58780, 61333, 61462, 61499, 67743, 68910, 70093, 70116, 73390, 74458, 76244, 76302, 77309, 81304, 82142, 88409, 89095, 89437, 91240, 92590, 94101, 95112, 95133, 95825, 97495, 97722, 97961, 99306, 103735, 103982, 106338, 106346, 106702, 107307, 109068, 110201, 110510, 110694, 112781, 113120, 115146, 115571, 116739, 116891, 117104, 119131, 119283, 119496, 121458, 126095, 126616, 128378, 128874, 130032, 132005, 132449, 133031, 133093, 134394, 135110, 136008, 136740, 137172, 137847, 138621, 140448, 141754, 141981, 142241, 143625, 144019, 144062, 145921, 146955, 148182, 148584]
19,10,[903, 7906, 11618, 11811, 11877, 17213, 17579, 25953, 26509, 26652]
20,230,[113, 407, 612, 976, 1705, 2108, 2272, 2380, 2566, 2841, 3006, 3102, 3184, 3573, 3592, 3643, 3719, 3854, 5035, 5550, 5624, 5746, 6171, 6784, 6950, 6986, 7989, 8401, 8774, 8902, 8954, 8970, 9511, 11664, 11908, 12016, 12514, 12602, 12626, 12782, 13066, 13201, 13938, 14327, 15211, 15507, 16272, 16512, 16588, 16982, 17086, 17440, 18472, 18555, 18594, 18655, 18979, 19234, 19388, 19442, 19583, 20413, 21112, 21418, 21606, 22035, 22548, 23130, 23310, 23419, 23585, 23695, 24220, 25004, 25052, 25395, 25462, 25668, 25682, 26169, 26183, 26221, 26297, 26338, 26618, 26847, 27003, 27527, 27578, 27638, 27853, 28245, 28530, 29080, 29148, 29506, 29531, 29828, 30150, 30546, 30760, 30789, 31189, 31273, 31435, 31485, 31492, 32128, 32208, 32690, 33444, 33698, 34075, 34203, 34249, 34445, 34482, 34582, 34680, 34785, 34969, 34980, 35603, 35791, 36168, 36917, 37351, 37355, 37362, 37555, 37658, 37898, 38276, 38492, 38803, 39171, 39490, 40056, 40311, 40883, 41336, 41612, 41990, 42013, 42365, 42879, 42903, 43375, 43382, 43691, 44379, 44448, 44561, 44659, 44677, 46004, 46043, 46282, 46290, 46352, 46470, 46594, 46790, 46830, 46921, 46997, 47313, 47475, 47861, 47903, 47994, 48022, 48026, 48104, 49452, 49751, 49914, 50070, 50438, 50597, 50661, 51201, 51863, 52897, 53037, 53219, 53251, 54105, 54274, 54338, 54444, 54488, 55322, 55503, 55650, 55701, 55709, 56504, 56524, 57132, 57184, 57321, 57363, 57426, 57910, 58116, 58519, 58639, 58953, 59072, 59362, 59679, 60256, 60275, 62063, 62176, 62210, 62637, 62718, 62826, 62840, 62863, 62914, 62993, 63849, 64344, 64471, 65445, 65903, 66006]
21,35,[1697, 1752, 1877, 2351, 3118, 3369, 3643, 3945, 4836, 5555, 5569, 5573, 8136, 8949, 9259, 9403, 10127, 11267, 14120, 15667, 15838, 16717, 16774, 17655, 20675, 23942, 24556, 24644, 25109, 25270, 27113, 28971, 29041, 30838, 32053]
22,11,[1682, 4365, 11853, 14068, 15347, 16148, 62758, 64926, 90297, 102302, 137324]
23,29,[164, 388, 876, 1080, 1479, 3195, 13504, 14792, 17658, 17880, 18325, 20965, 22039, 22042, 22935, 23423, 25380, 27178, 27206, 27223, 27400, 27409, 27415, 28397, 28627, 30289, 30456, 30623, 30666]
24,10,[8313, 9832, 11705, 16572, 17853, 18552, 29608, 30037, 42023, 43903]
25,18,[933, 7000, 28675, 60992, 66070, 79254, 79787, 80952, 83129, 89483, 89829, 92617, 130596, 133275, 140711, 155890, 165396, 180028]
26,230,[477, 771, 978, 1341, 2078, 2494, 2665, 2773, 2986, 3284, 3471, 3572, 3667, 4074, 4093, 4143, 4218, 4353, 5550, 6067, 6142, 6264, 6689, 7305, 7470, 7506, 8510, 8931, 9316, 9450, 9503, 9519, 10065, 12237, 12494, 12603, 13101, 13188, 13212, 13370, 13649, 13785, 14525, 14924, 15844, 16147, 16921, 17162, 17239, 17632, 17739, 18107, 19183, 19264, 19303, 19363, 19687, 19938, 20095, 20151, 20292, 21140, 21851, 22164, 22352, 22790, 23311, 23899, 24080, 24189, 24354, 24463, 24987, 25790, 25838, 26189, 26256, 26467, 26481, 26965, 26979, 27017, 27096, 27135, 27419, 27670, 27827, 28355, 28406, 28465, 28682, 29082, 29360, 29920, 29990, 30349, 30373, 30674, 30998, 31399, 31623, 31652, 32058, 32142, 32305, 32356, 32363, 33000, 33080, 33566, 34322, 34572, 34954, 35083, 35129, 35333, 35371, 35470, 35568, 35674, 35861, 35872, 36502, 36692, 37070, 37830, 38267, 38271, 38278, 38470, 38575, 38816, 39219, 39434, 39747, 40113, 40432, 40995, 41252, 41818, 42273, 42550, 42924, 42947, 43293, 43827, 43851, 44325, 44332, 44650, 45348, 45418, 45532, 45633, 45656, 47006, 47045, 47286, 47295, 47357, 47475, 47598, 47794, 47835, 47925, 48000, 48316, 48481, 48872, 48914, 49007, 49035, 49039, 49117, 50499, 50796, 50960, 51114, 51488, 51648, 51713, 52257, 52942, 54004, 54147, 54338, 54374, 55267, 55436, 55500, 55605, 55649, 56484, 56661, 56810, 56861, 56869, 57654, 57675, 58285, 58337, 58485, 58528, 58593, 59089, 59304, 59711, 59837, 60199, 60326, 60622, 60963, 61551, 61570, 63366, 63513, 63547, 63977, 64057, 64169, 64183, 64206, 64256, 64341, 65235, 65742, 65870, 66858, 67318, 67421]
27,148,[1171, 1464, 2921, 3078, 4159, 5191, 5297, 6865, 8236, 8252, 8645, 9590, 9607, 10045, 19380, 21483, 22735, 23385, 23989, 25569, 27201, 29910, 30638, 31044, 31989, 32575, 33291, 33684, 34279, 34937, 35082, 35146, 39484, 40741, 40825, 41704, 42432, 42950, 45760, 45977, 47182, 48000, 48604, 48803, 49166, 49504, 49790, 51441, 52413, 52700, 53110, 54531, 54842, 55533, 55833, 56005, 57190, 57235, 59469, 59512, 61799, 63116, 63122, 63187, 63191, 63338, 63677, 64292, 66918, 67885, 68606, 68824, 68953, 69182, 70239, 70369, 70435, 72835, 72922, 73262, 75137, 75583, 75782, 77857, 78264, 78427, 79415, 79567, 80207, 80359, 80409, 80420, 81222, 81874, 81912, 81921, 82534, 82583, 83984, 85147, 86184, 86899, 87659, 87719, 87987, 88212, 89288, 90000, 90181, 90199, 90885, 92579, 93000, 93898, 94080, 94907, 95682, 96014, 96418, 96673, 97276, 97357, 98157, 98164, 98344, 98422, 98493, 98567, 99154, 99265, 99724, 100174, 102265, 102904, 105471, 105729, 105861, 106213, 106536, 106591, 106661, 108308, 108402, 108534, 108869, 109110, 109220, 109514]
28,2,[10104, 10543]
30,683,[3055, 3548, 4202, 4243, 7639, 9053, 9197, 9274, 10491, 11155, 13786, 15602, 16634, 16678, 17033, 17079, 18332, 18650, 22331, 22391, 22403, 23057, 24428, 24567, 24650, 26672, 26689, 27164, 27175, 27410, 27595, 28063, 28131, 28246, 28545, 28598, 29164, 30231, 33759, 34273, 34405, 36873, 37212, 37297, 37544, 38092, 44764, 52821, 53230, 55084, 61135, 64739, 64946, 66682, 66701, 75466, 76102, 76546, 76672, 77126, 85666, 87580, 92936, 94912, 95030, 100574, 101927, 101942, 105549, 111877, 113380, 114753, 118140, 119527, 124377, 126308, 127427, 129563, 136400, 136409, 137345, 138895, 138914, 139131, 144825, 145079, 145232, 147984, 148217, 148560, 149350, 149722, 150205, 151734, 154541, 155895, 157476, 158496, 159359, 159887, 163358, 163386, 163396, 165901, 167510, 168590, 168886, 169228, 171355, 171729, 174108, 175066, 176832, 177237, 177749, 178723, 182489, 184461, 185225, 185378, 186000, 186431, 187099, 187151, 187172, 189121, 189254, 190802, 193977, 194056, 194241, 195314, 195332, 195494, 196878, 197021, 197891, 199538, 199717, 200207, 206234, 206776, 209113, 209783, 209849, 209875, 211726, 216054, 216293, 217078, 218281, 219156, 220937, 221396, 223900, 225088, 225156, 229056, 229153, 229175, 231498, 234008, 245651, 246979, 248729, 250046, 252967, 254815, 255864, 258255, 258529, 258866, 260945, 262224, 262804, 263692, 263805, 264398, 266219, 268326, 270069, 270810, 272441, 273709, 273745, 274665, 274919, 278542, 279892, 282297, 282493, 282576, 283534, 284028, 285602, 286012, 286129, 288610, 288925, 288961, 288993, 289008, 291698, 291905, 293222, 294557, 295010, 295363, 297138, 297171, 297213, 298006, 298373, 298759, 299360, 299422, 299730, 299744, 299797, 299905, 300062, 300148, 301003, 301277, 302961, 303075, 303176, 303798, 304050, 304621, 304793, 305759, 306933, 307324, 308234, 308250, 308279, 311139, 318562, 318791, 318934, 319739, 320020, 320065, 320135, 320232, 320487, 321490, 322820, 325148, 326292, 328269, 328455, 328826, 331860, 332553, 336592, 339168, 339521, 339797, 339808, 340145, 340165, 340312, 341305, 342609, 342858, 342873, 343248, 346738, 347649, 347904, 348712, 349272, 349280, 351522, 351685, 353436, 353865, 354879, 355905, 356119, 356132, 356143, 356405, 356708, 356956, 357296, 357342, 357901, 357911, 357992, 358602, 358688, 358704, 359247, 359503, 359661, 359672, 359966, 359971, 359976, 360067, 360579, 365608, 367603, 367662, 367781, 368853, 369164, 370200, 373502, 373958, 374178, 374340, 374750, 375154, 375762, 376179, 381860, 381866, 382439, 382681, 383888, 383939, 384953, 384983, 385248, 386863, 386923, 386993, 388019, 388324, 388601, 391880, 393185, 393226, 393427, 393460, 393698, 393742, 393841, 394020, 394056, 395026, 395700, 395708, 395830, 397088, 398349, 399220, 399660, 400863, 401034, 401276, 401507, 401552, 403521, 405014, 405434, 406104, 406111, 406323, 407001, 408813, 410542, 410964, 411457, 411877, 412776, 413088, 413854, 415595, 416085, 417798, 420596, 421492, 422616, 425564, 425992, 428815, 429529, 430701, 431207, 432548, 433047, 433590, 433737, 433780, 433907, 435150, 435659, 437107, 437257, 438011, 438027, 438495, 439909, 440100, 440185, 440918, 441199, 443628, 444263, 444735, 446012, 446823, 446957, 447773, 447920, 449143, 449791, 449837, 450516, 450565, 452964, 458584, 465196, 466155, 467601, 469023, 469675, 469815, 470005, 470753, 470895, 470946, 471221, 471645, 471769, 472404, 472410, 472598, 472853, 473155, 473567, 473646, 473685, 474244, 474333, 474919, 475044, 475072, 475247, 477965, 477984, 478561, 478580, 478624, 478658, 478701, 478725, 479520, 480599, 481802, 481843, 481969, 482153, 482702, 483297, 483760, 484283, 485121, 485384, 485739, 486401, 487182, 488963, 489019, 489271, 489308, 489312, 489836, 489847, 489854, 489859, 491724, 492113, 493286, 493799, 494609, 494623, 495274, 495296, 495310, 495377, 495602, 495721, 499031, 499065, 499109, 501221, 503165, 503622, 505198, 505202, 505364, 505767, 506248, 507766, 511010, 511433, 513070, 513102, 513311, 513577, 514937, 518653, 519359, 520434, 520896, 520902, 523483, 523964, 524880, 525278, 525940, 526174, 526784, 530464, 535542, 536469, 537821, 539188, 540947, 541113, 541152, 541505, 541679, 543065, 543362, 544233, 546587, 546730, 546979, 547397, 548174, 548760, 548804, 549819, 550615, 551159, 551251, 551354, 553827, 553853, 553860, 554012, 554187, 554237, 554354, 554361, 554779, 554802, 554877, 555416, 555462, 556019, 557189, 557262, 558392, 558448, 559200, 559433, 559590, 559708, 560450, 560857, 563010, 563039, 563126, 563181, 563350, 563635, 563914, 564192, 568126, 568140, 569476, 569941, 571623, 573376, 573400, 577008, 577995, 579708, 581252, 581721, 583711, 583985, 585458, 585942, 585989, 586135, 586283, 586301, 586320, 587825, 588267, 588395, 589590, 591519, 592244, 592442, 592495, 592501, 592702, 592854, 593089, 593353, 593957, 594214, 594576, 594804, 595106, 596608, 596788, 597291, 597339, 597814, 597909, 599058, 599291, 600029, 600158, 600480, 600677, 600681, 600693, 600697, 600704, 601324, 601637, 602299, 602459, 602784, 603192, 603516, 604098, 604194, 604380, 605202, 605206, 607597, 608174, 608373, 608852, 610033, 610264, 611509, 612985, 613438, 615707, 615806, 617475, 618123, 618901, 619057, 619663, 619749, 620430, 620438, 620768, 621417, 621526, 621585, 622277, 622697, 622711, 623748, 623768, 624065, 624333, 625122, 626585, 628956, 630756, 633703, 634603, 635048, 638219, 638251, 638291]
