10,7,[507, 513, 534, 542, 959, 360341, 402766]
14,1,[96694]
15,3,[62346, 141240, 172191]
17,2,[28993, 152731]
18,3,[24304, 48132, 67752]
21,2,[14903, 30162]
22,4,[43924, 43948, 106818, 111202]
25,1,[92603]
26,2,[36916, 36921]
27,3,[21863, 41680, 49266]
30,7,[414, 420, 441, 449, 866, 360181, 402600]
10,7,[507, 513, 534, 542, 959, 360341, 402766]
14,1,[96694]
15,3,[62346, 141240, 172191]
17,2,[28993, 152731]
18,3,[24304, 48132, 67752]
21,2,[14903, 30162]
22,4,[43924, 43948, 106818, 111202]
25,1,[92603]
26,2,[36916, 36921]
27,3,[21863, 41680, 49266]
30,7,[414, 420, 441, 449, 866, 360181, 402600]
