6,1,[294]
9,3,[25, 2422, 2564]
10,1777,[1628, 4650, 4688, 4690, 4761, 8347, 8369, 8400, 8775, 8790, 8800, 9441, 9450, 9457, 9593, 12024, 18236, 18258, 18261, 18310, 18712, 20536, 20550, 20591, 20678, 21083, 22456, 26159, 26171, 26178, 26221, 26226, 26233, 26237, 26242, 26514, 26524, 26530, 26548, 26715, 26750, 26781, 26803, 26888, 26911, 26922, 26926, 26933, 26954, 27156, 27161, 27167, 27170, 27250, 27295, 27620, 27775, 27889, 28189, 28250, 28360, 28457, 28468, 28471, 28505, 28510, 28514, 28521, 29330, 29421, 29733, 29740, 29956, 29987, 29995, 30000, 30006, 30676, 30733, 31376, 31748, 33127, 33182, 33221, 33409, 33413, 34240, 34374, 34399, 34401, 34429, 34530, 34532, 34774, 36430, 36490, 37662, 37716, 37915, 37933, 38073, 38076, 38080, 38535, 38540, 38669, 38672, 38674, 38677, 38679, 38771, 38794, 38863, 38874, 38907, 38935, 38960, 39042, 39086, 39242, 39245, 40508, 41751, 41788, 41797, 41827, 41891, 41993, 42320, 42362, 43773, 44360, 45572, 45577, 46125, 46214, 46365, 50872, 51134, 51178, 51306, 51341, 51616, 51973, 52168, 52170, 52173, 52455, 52470, 52897, 54086, 54454, 58680, 59818, 59822, 61724, 62529, 62643, 63595, 64299, 64337, 64341, 64355, 64429, 65550, 65585, 68090, 70133, 70140, 70165, 70178, 70562, 70681, 70733, 70772, 71157, 71249, 71275, 71292, 71305, 71317, 71382, 71427, 71766, 71788, 71803, 71857, 71884, 71918, 71939, 72125, 72531, 72559, 73118, 73121, 73476, 73592, 73602, 73678, 73726, 73782, 73896, 73996, 74003, 74006, 74057, 74196, 74199, 74206, 74241, 74311, 74337, 74383, 74386, 74396, 74410, 74524, 74529, 74534, 74604, 74623, 74644, 74664, 74731, 75072, 75078, 75318, 75495, 75521, 75606, 75906, 75922, 76061, 76066, 76074, 76084, 76090, 76309, 76329, 76337, 76378, 76397, 76403, 76435, 76440, 76465, 76522, 76529, 76549, 76570, 76611, 76615, 76629, 76663, 76670, 76675, 76679, 76683, 76689, 76723, 76736, 76740, 76748, 76779, 76799, 76821, 76827, 76836, 76874, 76881, 76886, 76893, 76899, 76903, 76908, 76918, 76923, 76933, 76944, 76966, 76971, 76985, 77007, 77071, 77082, 77098, 85763, 86287, 86291, 86312, 86318, 86323, 86326, 86332, 86340, 86347, 86357, 86361, 87312, 89235, 89248, 89286, 89308, 89316, 89326, 89329, 89352, 89520, 89614, 89635, 89832, 89866, 89936, 89950, 89959, 89999, 90385, 90389, 90405, 90409, 90418, 90422, 91864, 91988, 92020, 92036, 92497, 92569, 92586, 92614, 92634, 92687, 92690, 92693, 94990, 99040, 99353, 99585, 100226, 100230, 100233, 100237, 100242, 100247, 100252, 101072, 101084, 101176, 101858, 101887, 102027, 102202, 102218, 102228, 102234, 102242, 103274, 103305, 103333, 103337, 103398, 103411, 103423, 103486, 103492, 103512, 103539, 103546, 103595, 104500, 104503, 105096, 105154, 105183, 105201, 105221, 105224, 105227, 105238, 105262, 105292, 105296, 105305, 105542, 105546, 105610, 105628, 105668, 105681, 105699, 105725, 105760, 105787, 105795, 105825, 105888, 105945, 106013, 106469, 107199, 107212, 107225, 107228, 107232, 107242, 107255, 107270, 107304, 107329, 107395, 107503, 107528, 107533, 107567, 107600, 107603, 107992, 108045, 108142, 108368, 108375, 108727, 109126, 109184, 109187, 109306, 109370, 109413, 109435, 109453, 109473, 109803, 109815, 110225, 110409, 110755, 111192, 111205, 111668, 111704, 111728, 111787, 111856, 112385, 112393, 112534, 112549, 112671, 112708, 112717, 112819, 112826, 112831, 112839, 112882, 112938, 112941, 112949, 112956, 112962, 113001, 113008, 113017, 113041, 113077, 113100, 113112, 113150, 113166, 113260, 113377, 113386, 113392, 113413, 113417, 113420, 113425, 113428, 113431, 113437, 113440, 113449, 113457, 113461, 113501, 113516, 113528, 113542, 113558, 113562, 113564, 113570, 113574, 113588, 113591, 113594, 113597, 113600, 113607, 114233, 114242, 114246, 114251, 114258, 114297, 114706, 114717, 118173, 118177, 118192, 118202, 118567, 124401, 124457, 124514, 124547, 124611, 124613, 124615, 124617, 124620, 124627, 124630, 124908, 125596, 125782, 125984, 126010, 126400, 126442, 126445, 126502, 126856, 127263, 127407, 127422, 127437, 127445, 128543, 128587, 128772, 128805, 128817, 128819, 128823, 128840, 128856, 128872, 128882, 129176, 129252, 129389, 129506, 129659, 129671, 129818, 130181, 130214, 130583, 130599, 130613, 130628, 130661, 131393, 131401, 132307, 132876, 132881, 133932, 134797, 134814, 134820, 134955, 134993, 137675, 139265, 140686, 141794, 141811, 141817, 141823, 141834, 141840, 141874, 141894, 141899, 141964, 141990, 141993, 142299, 142446, 142481, 142538, 142860, 142873, 142892, 142913, 142926, 142935, 142999, 143041, 143060, 143097, 143119, 143123, 143135, 143153, 143157, 143172, 143205, 143230, 143242, 143326, 143352, 143421, 143435, 143469, 143506, 143595, 143668, 143701, 143827, 143830, 143903, 143998, 144988, 145036, 146176, 146181, 147726, 149062, 149421, 149532, 150241, 150244, 150516, 150614, 151873, 152167, 156379, 156493, 157215, 157345, 157966, 158122, 160009, 160014, 160056, 162540, 163010, 164909, 164915, 164919, 164944, 164949, 164954, 165486, 165501, 166071, 166125, 166135, 166138, 166141, 166157, 166160, 166172, 166175, 166178, 166183, 166194, 166207, 167543, 167551, 167554, 167573, 167576, 167813, 168192, 168328, 168356, 168365, 168381, 168477, 168508, 168511, 168568, 168595, 168610, 168633, 168727, 168804, 168823, 172318, 172343, 179712, 182954, 183121, 183155, 183161, 184504, 185016, 187711, 192145, 200121, 207304, 207633, 208926, 210176, 210239, 210245, 210318, 210505, 215119, 215169, 220113, 220180, 221099, 221102, 221119, 225872, 226481, 226507, 226519, 226603, 227119, 228218, 231667, 231681, 232368, 232380, 233245, 233534, 236818, 247414, 248110, 249633, 251404, 251439, 251442, 251447, 254515, 254528, 255502, 261248, 261307, 261387, 261523, 262608, 263328, 263332, 264755, 265452, 265456, 265487, 266030, 268085, 270608, 270618, 270658, 270672, 271212, 271308, 272284, 272288, 272307, 272330, 272348, 272351, 272373, 273843, 273890, 274582, 276108, 276114, 276125, 276128, 276155, 276175, 279028, 280245, 281081, 281106, 281957, 282542, 282552, 282575, 282977, 285438, 285440, 285443, 285445, 285448, 285863, 287950, 287972, 288004, 288014, 288376, 291837, 292039, 292049, 299068, 299100, 299123, 301063, 301067, 301127, 301133, 301138, 301189, 302126, 302153, 302589, 303591, 303618, 303621, 303891, 303991, 307194, 307198, 307247, 310907, 311567, 311571, 311582, 312929, 315434, 315698, 315725, 317211, 321207, 323389, 323489, 324158, 324199, 326129, 327675, 327901, 328192, 333033, 333044, 335178, 338151, 341965, 344301, 345349, 345354, 345358, 345363, 363245, 363248, 363254, 363258, 363317, 363349, 363376, 363380, 363396, 363412, 363426, 363458, 364431, 366594, 366599, 367351, 372469, 372616, 374648, 374655, 374749, 375141, 375146, 375286, 375538, 375546, 375802, 376507, 376770, 376993, 377114, 377893, 378469, 378737, 380191, 380366, 380696, 381301, 381308, 381373, 381440, 382332, 382339, 382360, 382366, 383913, 383967, 385738, 385753, 385760, 385762, 385983, 386027, 386129, 386889, 387696, 387713, 387719, 387726, 387836, 387840, 387858, 387863, 388814, 388821, 388841, 389181, 389188, 389191, 389204, 389211, 389215, 389220, 390328, 390336, 390339, 390369, 391600, 391605, 391813, 392217, 392237, 392420, 392425, 392596, 392668, 392671, 393236, 393360, 393818, 393823, 393828, 394473, 394555, 394703, 394720, 394742, 395797, 395923, 395931, 396427, 396501, 396508, 396768, 396771, 396802, 396805, 396836, 396849, 396909, 396985, 397000, 397140, 397144, 397153, 397181, 397228, 398524, 398533, 399278, 399308, 399319, 399364, 400149, 400598, 400605, 400636, 400668, 400676, 400701, 402197, 402200, 402268, 402302, 402335, 402591, 403028, 403042, 403399, 403402, 404721, 404989, 405024, 405784, 406683, 407106, 407124, 407138, 407161, 407182, 407184, 407847, 407850, 408208, 408242, 408245, 408253, 408270, 408314, 408666, 408811, 408814, 408817, 408820, 408823, 408846, 408902, 409017, 409794, 409798, 409852, 409855, 409865, 409954, 409967, 410035, 410196, 410997, 414268, 414316, 414737, 414756, 414957, 414976, 414982, 415081, 416460, 416691, 418179, 418183, 419026, 419029, 419161, 419237, 419253, 419300, 419446, 419453, 419493, 419980, 420063, 420088, 420122, 420136, 420142, 420178, 420522, 420524, 420527, 420555, 420565, 420646, 420652, 420657, 420683, 420688, 421050, 421932, 424025, 425500, 425974, 426097, 432528, 432619, 432623, 432628, 432636, 432640, 432657, 432661, 432664, 432678, 432687, 432694, 432700, 434238, 435070, 435077, 435096, 435175, 435758, 436101, 436638, 436643, 436653, 436668, 436683, 436692, 436698, 436752, 436884, 436889, 436893, 438630, 438635, 438908, 440287, 440374, 440398, 440403, 440410, 440854, 440909, 441162, 441176, 441201, 441371, 441470, 441481, 441485, 441495, 441521, 441613, 441711, 441715, 441749, 441754, 441758, 441765, 441816, 441822, 441826, 441836, 441841, 441862, 441867, 442494, 442498, 442504, 442506, 444544, 444550, 444559, 445008, 445012, 445017, 445021, 445024, 445040, 445048, 445052, 445055, 445058, 445070, 450531, 450862, 450865, 450877, 451567, 451571, 451585, 451597, 451607, 451644, 451884, 452160, 452168, 452449, 452453, 452518, 452527, 452776, 452849, 452864, 452869, 452895, 452927, 452934, 452942, 452982, 452987, 452997, 453001, 453005, 453009, 453023, 453042, 453437, 453444, 453462, 453469, 453483, 453789, 458466, 458473, 458654, 458686, 459268, 459281, 459600, 459664, 461100, 462445, 462448, 462454, 462463, 462803, 463870, 470150, 471937, 472012, 472016, 472021, 472970, 472976, 472984, 472991, 473333, 473448, 474362, 474776, 474845, 475874, 475879, 475882, 475886, 475945, 476118, 476139, 476548, 476561, 476565, 476572, 476608, 476834, 476915, 476939, 476963, 476966, 476970, 476976, 477162, 477165, 477178, 477218, 477221, 477227, 477230, 477275, 477280, 477418, 478185, 478190, 478323, 478646, 478680, 478685, 478721, 478727, 478808, 478811, 478814, 478818, 478844, 478856, 478863, 478867, 479151, 479184, 479188, 479373, 479380, 479388, 479401, 479447, 479451, 479455, 479523, 480366, 480372, 482968, 483110, 483484, 486236, 488688, 488691, 488770, 488786, 488829, 489120, 489430, 489627, 489655, 489673, 489678, 489692, 489718, 491503, 491713, 491988, 492133, 492146, 492190, 492198, 494846, 494959, 494963, 494999, 495090, 495158, 495172, 495178, 495183, 495431, 495486, 495523, 495534, 495728, 495830, 495838, 495842, 495871, 496089, 498014, 498084, 498093, 498098, 498178, 498546, 498657, 498684, 498723, 498737, 498746, 498755, 498915, 498986, 499001, 499004, 499112, 499116, 499191, 499202, 499235, 499339, 499484, 499560, 499566, 500596, 500718, 501083, 501377, 501382, 501424, 501432, 501444, 501456, 501553, 501746, 501752, 502464, 502932, 502940, 503689, 503695, 505178, 505230, 506682, 506774, 507130, 507535, 507681, 507687, 508642, 508652, 510494, 510505, 510512, 510521, 510531, 510909, 510943, 511030, 511364, 511756, 511994, 513455, 515157, 516462, 519228, 520290, 520347, 521072, 522488, 523229, 523422, 523885, 523893, 523900, 523905, 525275, 526323, 527786, 530528, 531450, 531986, 532370, 533118, 533135, 533159, 533205, 533328, 533339, 533359, 533399, 534092, 535161, 535881, 535922, 536700, 537090, 537126, 537202, 537216, 537390, 538078, 538084, 538185, 538193, 538585, 538728, 538740, 538751, 539013, 539275, 539424, 539451, 539486, 539490, 539494, 539499, 540666, 542135, 542155, 542215, 544401, 545772, 545789, 545829, 545832, 545835, 546024, 546027, 546051, 546105, 547029, 547780, 548900, 551544, 553565, 553718, 554008, 554995, 555070, 555109, 555117, 555327, 555370, 555390, 555416, 555423, 555592, 555620, 556000, 556374, 556895, 557216, 558506, 559089, 559095, 559493, 559912, 559936, 560171, 560253, 560568, 560807, 560853, 560858, 560894, 562152, 562628, 562648, 563541, 563546, 565244, 565247, 565252, 565259, 565662, 566135, 566161, 566224, 566229, 567641, 568929, 568934, 569064, 569194, 569202, 573797, 575077, 576628, 576744, 576974, 576977, 577142, 578177, 578803, 581637, 583582, 584592, 586945, 586956, 586975, 587072, 587077, 587088, 587132, 587786, 589694, 589746, 589792, 589881, 589890, 589902, 590098, 590745, 591278, 591384, 591692, 591701, 591725, 591915, 592253, 592415, 593100, 593480, 593689, 593747, 593887, 593953, 593968, 593978, 593981, 594086, 594242, 594609, 595140, 597754, 598057, 598096, 598101, 598305, 598358, 598724, 598772, 598778, 598933, 598985, 599166, 599183, 599334, 599497, 599502, 599639, 599672, 600177, 600329, 600582, 600618, 600920, 601148, 601151, 601153, 601306, 601487, 601507, 601523, 601602, 601616, 601707, 601792, 601797, 601813, 601828, 601885, 601980, 601984, 601991, 602032, 602041, 602173, 602217, 602354, 602445, 603260, 603415, 603420, 603481, 604904, 605032, 605041, 605819, 605892, 606100, 606134, 606179, 606835, 606878, 606995, 607291, 607333, 607371, 607672, 607704, 607744, 607882, 607916, 607933, 607943, 608000, 608081, 608093, 608221, 608311, 608382, 608538, 608626, 608632, 608645, 608661, 608681, 608896, 608969, 609003, 609014, 609077, 609169, 609605, 609626, 609642, 609714, 609818, 609848, 609958, 610027, 610246, 610489, 610494, 610613, 610618, 610690, 610809, 610821, 610843, 610894, 610996, 611030, 611055, 611063, 611072, 611086, 611096, 611153, 611210, 611255, 611259, 611492, 611514, 611544, 611590, 611897, 611965, 612038, 612080, 612106, 612133, 612158, 612171, 612179, 612220, 612279, 612401, 612407, 612831, 612937, 612960, 612965, 613422, 613498, 617913, 617938, 618703, 618713, 618803, 618999, 619574, 620818, 621631, 621646, 622525, 622684, 623058, 623271, 623451, 623729, 623740, 623861, 624489, 624567, 624571, 624604, 624677, 624682, 624692, 624697, 624789, 624817, 624840, 624847, 624852, 624856, 624872, 624893, 624926, 624974, 625059, 625063, 625132, 625342, 625391, 625396, 625489, 625516, 625549, 625566, 625572, 625618, 625627, 625896, 625911, 625974, 625996, 626029, 626128, 626133, 626156, 626266, 626393, 626430, 626827, 627030, 627041, 627065, 627255, 627327, 627503, 628044, 628404, 628521, 628807, 630539, 631103, 631274, 631567, 632410, 637789]
11,55,[1283, 1826, 3002, 3110, 3625, 4115, 4148, 4253, 4388, 4462, 4517, 5011, 6953, 7054, 7184, 7195, 7199, 7282, 7344, 7355, 8740, 9081, 9414, 10646, 12821, 12827, 13029, 13123, 13288, 14701, 14715, 15024, 15047, 15057, 15526, 15617, 15758, 18353, 18415, 18504, 18555, 18762, 18777, 18946, 19189, 19209, 19449, 19679, 19836, 19850, 19970, 20008, 20066, 20514, 20673]
12,65,[790, 801, 826, 833, 911, 1254, 2259, 3456, 3523, 3625, 4057, 4151, 4160, 4170, 4904, 4947, 5121, 5511, 6373, 6472, 6558, 6660, 6693, 6762, 9848, 9910, 9960, 10401, 10672, 10726, 10750, 10824, 11006, 11903, 12428, 12431, 12951, 13074, 13094, 13424, 13874, 13903, 14284, 14847, 15132, 15820, 15976, 17043, 17478, 17548, 17854, 18127, 19157, 19350, 19611, 20346, 20881, 21005, 22280, 22879, 23121, 23183, 23226, 23260, 23306]
13,12,[483, 500, 504, 1468, 1510, 1834, 1854, 1870, 1950, 2185, 2213, 3442]
15,248,[870, 879, 882, 905, 2725, 3274, 3282, 3468, 3782, 3944, 3993, 4010, 4338, 5316, 5454, 6862, 7674, 7704, 7745, 7752, 7757, 8446, 10458, 10461, 13003, 19061, 19065, 19113, 21154, 21159, 21562, 22841, 22844, 22887, 23488, 26266, 26302, 26306, 27818, 29607, 30460, 30946, 31021, 33484, 33961, 34050, 35122, 35124, 35142, 35145, 35723, 36044, 41316, 48684, 48785, 48797, 48841, 48877, 48923, 48992, 49001, 49158, 49201, 49599, 49620, 49648, 50004, 50009, 50013, 50727, 51928, 51935, 51985, 52150, 52159, 52668, 52686, 53155, 53300, 53302, 53306, 53322, 53481, 53528, 53549, 53726, 53733, 54079, 54409, 56973, 57052, 63420, 63492, 67333, 67412, 67468, 67766, 69132, 69136, 69151, 70481, 74012, 74017, 74428, 75224, 75514, 75543, 75837, 76310, 76504, 77301, 77337, 77346, 77460, 77466, 77493, 77560, 77569, 77590, 77620, 77747, 77868, 78131, 78264, 79900, 80946, 80951, 81155, 81159, 82275, 82848, 84164, 84521, 84534, 84567, 87158, 87467, 87475, 88489, 88588, 90955, 91344, 91371, 91459, 91519, 91693, 91957, 92018, 92123, 92166, 92174, 92182, 92190, 92194, 92571, 93111, 93143, 94475, 95056, 95549, 95553, 95559, 96347, 98722, 98727, 98733, 99142, 99146, 99399, 101602, 101627, 101937, 101946, 102216, 102689, 102725, 102758, 102800, 103458, 103718, 103724, 104232, 106412, 106421, 106424, 107368, 107371, 108568, 108663, 110725, 114353, 114416, 114598, 114625, 114691, 115604, 118505, 118634, 120075, 120079, 124163, 125290, 126836, 128253, 130834, 132185, 132189, 132192, 132195, 132198, 132344, 132394, 133170, 133283, 134428, 135043, 135379, 136982, 137008, 138376, 138379, 146203, 147021, 147878, 149220, 150174, 151883, 153887, 154279, 154312, 154523, 159927, 160268, 160599, 162273, 162275, 162774, 162777, 167614, 167623, 167626, 167632, 168223, 169334, 169419, 171423, 172179, 173183]
16,71,[601, 730, 932, 1277, 1305, 1357, 1367, 1392, 1424, 1534, 2528, 3793, 3872, 4065, 4306, 4365, 5060, 5357, 5370, 5471, 6952, 7134, 7859, 8436, 8649, 9220, 9229, 9243, 9256, 9606, 10604, 12293, 12531, 12822, 12963, 14035, 15001, 15144, 15236, 15433, 15455, 15507, 15535, 16130, 17310, 17331, 18002, 19076, 21807, 22140, 22391, 22511, 24102, 24310, 24374, 24419, 24518, 24593, 24613, 28012, 29380, 29399, 29574, 29658, 29689, 29768, 30554, 30834, 31950, 32003, 34687]
17,693,[2948, 2967, 2980, 5017, 5021, 5027, 5837, 7352, 11953, 11967, 14608, 15689, 15704, 15798, 18181, 20347, 21431, 21435, 21645, 21746, 21805, 22559, 23162, 24240, 24261, 26036, 26122, 26131, 26744, 26764, 26771, 26773, 27008, 27053, 27154, 27774, 27787, 29040, 29251, 29264, 29271, 29290, 29293, 29321, 29370, 29372, 29466, 29502, 29512, 29528, 30304, 31483, 33644, 33649, 34395, 38153, 38159, 39651, 39659, 39667, 40394, 41691, 41697, 41705, 41843, 41887, 43195, 43213, 43216, 43273, 43381, 43384, 43418, 43628, 43645, 43858, 45089, 45130, 45172, 45211, 45225, 45228, 45285, 45342, 45445, 45477, 45483, 45495, 45499, 45579, 45582, 45585, 45597, 45669, 45677, 45766, 46096, 46103, 46106, 46169, 46174, 46184, 46192, 46207, 46234, 46272, 46290, 46426, 46435, 46483, 46498, 46520, 46523, 46532, 46544, 50084, 50109, 50680, 50690, 54338, 56349, 56355, 56361, 56369, 56456, 56615, 56645, 56652, 56657, 56662, 56679, 56686, 56704, 56721, 56785, 56802, 56862, 56945, 56998, 57031, 57078, 57081, 57158, 57180, 57263, 57281, 57621, 58734, 58762, 58765, 58964, 59021, 59029, 59044, 59105, 59149, 59222, 59226, 59371, 59392, 59402, 59414, 59428, 59470, 59483, 59487, 59498, 59572, 59588, 59596, 59624, 59639, 59782, 59785, 59788, 59811, 60060, 60128, 60220, 60234, 61276, 61311, 61317, 61868, 65944, 65978, 65987, 66041, 66234, 66374, 66382, 66441, 66453, 68710, 69021, 69193, 69226, 69601, 73890, 74043, 74046, 75077, 75110, 75119, 76911, 79455, 79526, 79546, 79970, 79972, 80041, 80053, 80063, 85097, 85327, 85379, 85386, 85451, 85502, 85512, 85518, 85555, 85642, 85801, 86141, 86715, 86722, 86734, 86743, 86760, 86802, 86812, 86822, 87629, 87638, 87646, 87678, 88003, 88058, 88064, 88158, 88190, 88325, 88418, 88445, 88500, 88506, 88515, 88518, 88521, 88868, 89707, 89968, 90061, 90064, 90111, 90615, 91406, 91488, 91680, 91695, 91714, 91723, 91732, 91734, 91753, 91756, 92657, 94331, 94399, 94410, 94437, 94507, 95225, 95483, 95490, 95552, 96636, 100087, 100095, 104603, 108668, 108681, 112295, 112322, 112333, 112339, 112600, 112731, 112735, 113188, 113311, 113422, 115552, 115575, 115600, 115603, 116017, 116064, 116074, 116088, 116129, 116175, 116180, 116260, 116264, 116270, 116284, 116293, 116299, 116333, 116345, 116351, 116461, 116510, 116536, 116539, 116542, 116605, 116608, 116692, 116698, 117147, 117159, 117169, 117183, 117246, 117253, 117273, 117350, 117368, 117377, 117399, 117416, 117829, 117868, 117873, 117878, 117883, 117898, 117917, 117927, 117940, 117942, 117945, 117949, 117961, 117971, 118019, 118034, 118100, 118112, 118121, 118175, 118234, 118249, 118260, 118366, 118494, 118522, 121329, 121737, 121740, 121748, 121753, 121854, 121862, 121865, 121868, 122072, 122076, 122090, 122142, 122153, 122405, 122408, 122413, 122419, 122443, 122450, 122485, 122488, 122500, 122522, 122542, 122581, 122589, 122608, 122717, 124008, 124157, 124173, 124244, 125103, 125134, 125156, 126848, 126859, 127155, 127364, 127372, 127377, 127380, 127411, 127521, 127531, 127536, 127546, 127549, 127616, 127743, 127752, 137787, 137797, 139004, 139007, 139012, 139052, 139058, 139060, 139095, 139112, 139230, 139363, 139367, 139394, 139434, 139442, 139533, 139844, 139918, 145535, 145554, 145562, 145568, 145583, 145630, 145670, 145712, 145736, 145761, 145792, 146096, 146129, 146436, 146439, 146458, 146478, 146481, 146501, 146558, 146602, 146607, 146628, 146639, 146678, 146681, 146710, 146725, 146815, 146828, 147058, 147072, 147231, 147286, 147342, 153933, 154180, 154683, 155314, 157422, 157444, 157478, 157494, 157511, 157521, 157567, 157593, 157617, 157681, 157815, 157826, 157834, 157845, 158790, 158830, 158833, 158853, 158864, 158888, 159644, 159652, 159804, 159820, 159881, 159911, 163103, 163106, 163126, 163136, 163539, 163544, 163550, 163571, 163583, 163589, 163594, 163643, 163648, 163738, 163773, 163803, 163811, 163815, 163843, 163849, 163852, 163934, 163943, 163956, 163964, 163976, 163983, 164157, 164163, 164172, 164179, 164190, 164555, 164611, 165255, 165265, 167009, 167012, 167196, 168654, 168660, 168666, 168680, 168683, 168686, 168789, 168792, 168799, 168816, 168818, 168821, 168979, 168982, 169004, 169218, 174974, 175117, 175120, 175130, 175133, 175446, 175458, 176334, 176595, 177133, 177189, 177209, 177376, 177466, 177476, 177481, 177538, 177786, 177799, 177906, 178013, 178040, 178086, 178109, 178118, 178125, 178276, 178337, 178352, 178355, 178462, 178466, 178580, 178591, 178624, 178720, 178893, 178970, 178976, 179575, 179597, 180609, 180629, 180776, 180782, 181143, 181196, 181814, 181822, 181825, 181890, 182129, 182131, 182222, 183723, 183933, 183964, 183969, 184045, 184528, 184803, 184840, 186548, 186649, 186657, 186661, 186690, 186910, 188747, 188896, 189859, 190120, 190125, 190128, 190133, 190136, 190140, 190143, 190146, 190149, 190152, 190157, 190171, 194089, 194110, 194200, 195812, 196484, 196511, 196519, 196548, 196558, 196589, 196665, 196691, 196696, 196877, 197966, 197971, 197999, 198066, 198074, 198110, 198122, 198129, 198132, 198138, 198234, 198274, 198321, 198386, 198398, 198427, 198445, 199213, 199218, 199230, 199241, 200720, 200980, 201301, 202938, 202993, 205728, 205772, 205797, 209107, 209701, 210111, 213358, 214097, 215139, 215206, 215466, 215552, 215610, 215612, 215615, 217076, 217214, 217886, 217950]
18,24,[1707, 1716, 1722, 1771, 1781, 1783, 1786, 1872, 1909, 1955, 5991, 6012, 6075, 21560, 21664, 21689, 21696, 22002, 22055, 22180, 147104, 147470, 147499, 147835]
19,97,[341, 554, 853, 1462, 1465, 1470, 1474, 1479, 1481, 1484, 1546, 1553, 1556, 1560, 1585, 2041, 3151, 3162, 3878, 5236, 5525, 5533, 6297, 6367, 6699, 6704, 7586, 8239, 8243, 8282, 8288, 8405, 8408, 8465, 8468, 8543, 8547, 8550, 8617, 8621, 9813, 9831, 9980, 10323, 10327, 10332, 10337, 10341, 10905, 10911, 11164, 11656, 11771, 11777, 11779, 12477, 13200, 14460, 14466, 14473, 14868, 14872, 15257, 15266, 15291, 15297, 15305, 15848, 16199, 16204, 16219, 16235, 16759, 17535, 17903, 17908, 18008, 18011, 18663, 19631, 20715, 20849, 20861, 20864, 21172, 21177, 21497, 23653, 23892, 24294, 24816, 24990, 26457, 26519, 26740, 26744, 26937]
20,55,[2000, 5021, 5082, 10200, 10990, 11001, 11017, 11027, 11045, 11059, 11170, 11195, 11200, 18511, 18527, 18543, 18592, 18597, 18628, 18650, 21476, 21481, 21489, 22274, 22279, 23875, 23901, 23945, 23978, 23981, 25326, 25857, 25895, 26507, 27611, 27625, 33390, 35410, 37751, 46508, 46560, 46589, 46722, 46749, 49826, 52070, 52121, 52137, 52152, 52543, 52611, 52618, 54678, 54940, 58199]
21,128,[5418, 5477, 5721, 5741, 5860, 5985, 6042, 6468, 6518, 6727, 6733, 6745, 6818, 6960, 7499, 7869, 7876, 7880, 7940, 7945, 8405, 8636, 9199, 9211, 9213, 9286, 9550, 10883, 10895, 11008, 12129, 12136, 12701, 12873, 13601, 13730, 13834, 13839, 14021, 14031, 14136, 15308, 15606, 15612, 15618, 16083, 16640, 16771, 16789, 16794, 16797, 16803, 16964, 16972, 17087, 17140, 18249, 18804, 19114, 19998, 20320, 20734, 20743, 21417, 21584, 21713, 21723, 21733, 21898, 22045, 22647, 22654, 22659, 22894, 23332, 23336, 23680, 23700, 23825, 24182, 24387, 25144, 25225, 25236, 25341, 25715, 25725, 25750, 26376, 26388, 26391, 26429, 26626, 26695, 26699, 26972, 27136, 27739, 27769, 28139, 28171, 28430, 28434, 30004, 30010, 30040, 30259, 30503, 30577, 30817, 30820, 31045, 31136, 31292, 31668, 31679, 31689, 31904, 32219, 32282, 32348, 32356, 32444, 32458, 32550, 32883, 32890, 33770]
22,33,[1408, 11477, 40638, 40652, 66818, 66957, 71159, 75034, 83293, 85736, 85748, 101804, 102591, 107618, 108993, 110913, 111400, 116335, 118491, 119376, 119383, 119390, 141909, 142441, 142444, 144785, 145487, 148645, 148647, 151007, 151010, 151028, 151798]
23,24,[2422, 2446, 2644, 2671, 2718, 2724, 2800, 2820, 2873, 2911, 2969, 2983, 3011, 3055, 3101, 3113, 3136, 3205, 3209, 17501, 17543, 17548, 24313, 24341]
24,90,[888, 1453, 2002, 2408, 2611, 3898, 4014, 4070, 4120, 4132, 4142, 4214, 4852, 4999, 6042, 6340, 6349, 6391, 6879, 7897, 8018, 8074, 8076, 9328, 9768, 10210, 10345, 10406, 10902, 11993, 13747, 13755, 13847, 14071, 14219, 14240, 15303, 15563, 15951, 16093, 16488, 16503, 16573, 16677, 16760, 17355, 17373, 17865, 17933, 18359, 18367, 18388, 18412, 19555, 19617, 19657, 20076, 20132, 20140, 20226, 20792, 21178, 23947, 24128, 24195, 24610, 24646, 24667, 24711, 24730, 24906, 25208, 25409, 25448, 25461, 25481, 26790, 27816, 28098, 28472, 29600, 30612, 33310, 34694, 35051, 36405, 42509, 43859, 44046, 44949]
26,53,[2386, 5536, 5597, 10752, 11559, 11570, 11586, 11596, 11614, 11628, 11742, 11766, 11771, 19220, 19236, 19252, 19301, 19306, 19337, 19359, 22226, 22234, 23030, 23035, 24639, 24665, 24709, 24741, 24744, 26120, 26657, 26693, 27308, 28439, 34270, 36306, 38668, 47512, 47564, 47593, 47727, 47753, 50872, 53152, 53204, 53219, 53234, 53642, 53713, 53720, 55840, 56101, 59387]
27,234,[2643, 6278, 6428, 6431, 6554, 6613, 7978, 9093, 9096, 9104, 9120, 9146, 13224, 14047, 14269, 14816, 15289, 17411, 17718, 17871, 18075, 18082, 18246, 18602, 20302, 20773, 20999, 21132, 21631, 21743, 21838, 22277, 22291, 23718, 23767, 24004, 25616, 27461, 28222, 28224, 28237, 28246, 28639, 28683, 29750, 29765, 29870, 29872, 30087, 30232, 34261, 34647, 34720, 35693, 35866, 36064, 36143, 36502, 37222, 37225, 41574, 41669, 42229, 42939, 43968, 44097, 44114, 44377, 45794, 45820, 45952, 45955, 46221, 46404, 46609, 46616, 46624, 46669, 47074, 47098, 47115, 47279, 47368, 47659, 47715, 47830, 48025, 48524, 48535, 49337, 49402, 49407, 50045, 50131, 50148, 50210, 50217, 50660, 50664, 51538, 51621, 51697, 51818, 51884, 52021, 52149, 52167, 52889, 53582, 53661, 53717, 54286, 54593, 54679, 54709, 54717, 54722, 54725, 54734, 54763, 54767, 54772, 54778, 55302, 55307, 55317, 55398, 55490, 55661, 55805, 57810, 59037, 59065, 59495, 59499, 60376, 60432, 60459, 61312, 61390, 61482, 61572, 61595, 61635, 61653, 61821, 61952, 61956, 62035, 62060, 62065, 62094, 62236, 62238, 62287, 62555, 62615, 62617, 62839, 63142, 63479, 65022, 66069, 68146, 68440, 68468, 68479, 69021, 69079, 69129, 70093, 72744, 72789, 73024, 73338, 73409, 73454, 75388, 76304, 76476, 76480, 76782, 76892, 76937, 76940, 77648, 79931, 81270, 81299, 82596, 82783, 82862, 83025, 83043, 83065, 86607, 90602, 93471, 94651, 95683, 96023, 96121, 96182, 96334, 96375, 96893, 96926, 96951, 97147, 98768, 99176, 99306, 99340, 99379, 99432, 99443, 99445, 99467, 99475, 99825, 100051, 101741, 102031, 102487, 102886, 106526, 106580, 107318, 107584, 107749, 107761, 107957, 108031, 108501]
28,41,[2466, 2847, 2972, 2980, 3291, 3295, 3299, 3307, 3360, 3893, 4390, 4654, 5644, 5659, 6141, 6190, 6205, 6284, 6609, 6616, 7908, 8216, 9207, 9493, 9659, 9937, 10124, 10140, 10559, 10575, 10587, 10591, 10595, 10602, 10824, 10832, 10866, 11007, 11016, 11337, 11497]
30,1784,[1535, 4556, 4594, 4596, 4667, 8253, 8275, 8306, 8681, 8696, 8706, 9347, 9356, 9363, 9499, 11930, 18142, 18164, 18167, 18216, 18618, 20442, 20456, 20497, 20584, 20989, 22362, 26065, 26077, 26084, 26127, 26132, 26139, 26143, 26148, 26420, 26430, 26436, 26454, 26621, 26656, 26687, 26709, 26794, 26817, 26828, 26832, 26839, 26860, 27062, 27067, 27073, 27076, 27156, 27201, 27526, 27681, 27795, 28095, 28156, 28266, 28363, 28374, 28377, 28411, 28416, 28420, 28427, 28436, 29236, 29327, 29639, 29646, 29862, 29893, 29901, 29906, 29912, 30582, 30639, 31282, 31654, 33029, 33084, 33123, 33311, 33315, 34142, 34276, 34301, 34303, 34331, 34432, 34434, 34676, 36332, 36392, 37564, 37618, 37817, 37835, 37975, 37978, 37982, 38437, 38442, 38571, 38574, 38576, 38579, 38581, 38673, 38696, 38765, 38776, 38809, 38837, 38862, 38944, 38988, 39144, 39147, 40410, 41653, 41690, 41699, 41729, 41793, 41895, 42222, 42264, 43675, 44262, 45474, 45479, 46027, 46116, 46267, 50774, 51036, 51080, 51208, 51243, 51518, 51875, 52070, 52072, 52075, 52357, 52372, 52799, 53987, 54355, 58577, 59715, 59719, 61621, 62426, 62540, 63492, 64196, 64234, 64238, 64252, 64326, 65447, 65482, 67987, 70030, 70037, 70062, 70075, 70459, 70578, 70630, 70669, 71054, 71146, 71172, 71189, 71202, 71214, 71279, 71324, 71663, 71685, 71700, 71754, 71781, 71815, 71836, 72022, 72428, 72456, 73015, 73018, 73373, 73489, 73499, 73575, 73623, 73679, 73793, 73893, 73900, 73903, 73954, 74093, 74096, 74103, 74138, 74208, 74234, 74280, 74283, 74293, 74307, 74421, 74426, 74431, 74501, 74520, 74541, 74561, 74628, 74969, 74975, 75215, 75392, 75418, 75503, 75803, 75819, 75958, 75963, 75971, 75981, 75987, 76206, 76226, 76234, 76275, 76294, 76300, 76332, 76337, 76362, 76419, 76426, 76446, 76467, 76508, 76512, 76526, 76560, 76567, 76572, 76576, 76580, 76586, 76620, 76633, 76637, 76645, 76676, 76696, 76718, 76724, 76733, 76771, 76778, 76783, 76790, 76796, 76800, 76805, 76815, 76820, 76830, 76841, 76863, 76868, 76882, 76904, 76968, 76979, 76995, 85656, 86180, 86184, 86205, 86211, 86216, 86219, 86225, 86233, 86240, 86250, 86254, 87205, 89128, 89141, 89179, 89201, 89209, 89219, 89222, 89245, 89413, 89507, 89528, 89725, 89759, 89829, 89843, 89852, 89892, 90278, 90282, 90298, 90302, 90311, 90315, 91757, 91881, 91913, 91929, 92390, 92462, 92479, 92507, 92527, 92580, 92583, 92586, 94883, 98933, 99246, 99478, 100119, 100123, 100126, 100130, 100135, 100140, 100145, 100965, 100977, 101069, 101751, 101780, 101920, 102095, 102111, 102121, 102127, 102135, 103167, 103198, 103226, 103230, 103291, 103304, 103316, 103379, 103385, 103405, 103432, 103439, 103488, 104393, 104396, 104985, 105043, 105072, 105090, 105110, 105113, 105116, 105127, 105151, 105181, 105185, 105194, 105431, 105435, 105499, 105517, 105557, 105570, 105588, 105614, 105649, 105676, 105684, 105714, 105777, 105834, 105902, 106358, 107088, 107101, 107114, 107117, 107121, 107131, 107144, 107159, 107193, 107218, 107284, 107392, 107417, 107422, 107456, 107489, 107492, 107881, 107934, 108031, 108257, 108264, 108616, 109015, 109073, 109076, 109195, 109259, 109302, 109324, 109342, 109362, 109692, 109704, 110114, 110298, 110644, 111081, 111094, 111557, 111593, 111617, 111676, 111745, 112274, 112282, 112423, 112438, 112560, 112597, 112606, 112708, 112715, 112720, 112728, 112771, 112827, 112830, 112838, 112845, 112851, 112890, 112897, 112906, 112930, 112966, 112989, 113001, 113039, 113055, 113149, 113266, 113275, 113281, 113302, 113306, 113309, 113314, 113317, 113320, 113326, 113329, 113338, 113346, 113350, 113390, 113405, 113417, 113431, 113447, 113451, 113453, 113459, 113463, 113477, 113480, 113483, 113486, 113489, 113496, 114122, 114131, 114135, 114140, 114147, 114186, 114595, 114606, 118062, 118066, 118081, 118091, 118456, 124290, 124346, 124403, 124436, 124500, 124502, 124504, 124506, 124509, 124516, 124519, 124797, 125485, 125671, 125873, 125899, 126289, 126331, 126334, 126391, 126745, 127152, 127296, 127311, 127326, 127334, 128431, 128475, 128660, 128693, 128705, 128707, 128711, 128728, 128744, 128760, 128770, 129064, 129140, 129277, 129394, 129547, 129559, 129706, 130069, 130102, 130471, 130487, 130501, 130516, 130549, 131281, 131289, 132195, 132764, 132769, 133820, 134685, 134702, 134708, 134843, 134881, 137563, 139153, 140574, 141682, 141699, 141705, 141711, 141722, 141728, 141762, 141782, 141787, 141852, 141878, 141881, 142187, 142334, 142369, 142426, 142748, 142761, 142780, 142801, 142814, 142823, 142887, 142929, 142948, 142985, 143007, 143011, 143023, 143041, 143045, 143060, 143093, 143118, 143130, 143214, 143240, 143309, 143323, 143357, 143394, 143483, 143556, 143589, 143715, 143718, 143791, 143886, 144875, 144923, 146063, 146068, 147613, 148949, 149308, 149419, 150128, 150131, 150403, 150501, 151760, 152054, 156266, 156380, 157102, 157232, 157853, 158009, 159895, 159900, 159942, 162417, 162887, 164786, 164792, 164796, 164821, 164826, 164831, 165363, 165378, 165948, 166002, 166012, 166015, 166018, 166034, 166037, 166049, 166052, 166055, 166060, 166071, 166084, 167420, 167428, 167431, 167450, 167453, 167690, 168069, 168205, 168233, 168242, 168258, 168354, 168385, 168388, 168445, 168472, 168487, 168510, 168604, 168681, 168700, 172195, 172220, 179589, 182822, 182989, 183023, 183029, 184372, 184884, 187579, 192013, 199979, 207162, 207491, 208784, 210034, 210097, 210103, 210176, 210363, 214977, 215027, 219963, 220030, 220949, 220952, 220969, 225722, 226331, 226357, 226369, 226453, 226969, 228068, 231517, 231531, 232218, 232230, 233095, 233384, 236668, 247261, 247957, 249480, 251251, 251286, 251289, 251294, 254362, 254375, 255349, 261092, 261151, 261231, 261367, 262452, 263172, 263176, 264599, 265296, 265300, 265331, 265874, 267929, 270452, 270462, 270502, 270516, 271056, 271152, 272128, 272132, 272151, 272174, 272192, 272195, 272217, 273687, 273734, 274426, 275952, 275958, 275969, 275972, 275999, 276019, 278873, 280090, 280926, 280951, 281802, 282387, 282397, 282420, 282822, 285282, 285284, 285287, 285289, 285292, 285707, 287794, 287816, 287848, 287858, 288220, 291681, 291883, 291893, 298910, 298942, 298965, 300905, 300909, 300969, 300975, 300980, 301031, 301968, 301995, 302431, 303433, 303460, 303463, 303733, 303833, 307036, 307040, 307089, 310749, 311408, 311412, 311423, 312770, 315275, 315539, 315566, 317052, 321048, 323230, 323330, 323999, 324040, 325970, 327516, 327742, 328033, 332874, 332885, 335019, 337992, 341806, 344142, 345190, 345195, 345199, 345204, 363082, 363085, 363091, 363095, 363154, 363186, 363213, 363217, 363233, 363249, 363263, 363295, 364268, 366431, 366436, 367188, 372306, 372453, 374485, 374492, 374586, 374978, 374983, 375123, 375375, 375383, 375639, 376344, 376607, 376830, 376951, 377730, 378306, 378574, 380028, 380203, 380533, 381138, 381145, 381210, 381277, 382169, 382176, 382197, 382203, 383750, 383804, 385575, 385590, 385597, 385599, 385820, 385864, 385966, 386726, 387533, 387550, 387556, 387563, 387673, 387677, 387695, 387700, 388651, 388658, 388678, 389018, 389025, 389028, 389041, 389048, 389052, 389057, 390165, 390173, 390176, 390206, 391437, 391442, 391650, 392054, 392074, 392257, 392262, 392433, 392505, 392508, 393070, 393194, 393652, 393657, 393662, 394307, 394389, 394537, 394554, 394576, 395631, 395639, 395757, 395765, 396261, 396335, 396342, 396602, 396605, 396636, 396639, 396670, 396683, 396743, 396819, 396834, 396974, 396978, 396987, 397015, 397062, 398358, 398367, 399112, 399142, 399153, 399198, 399983, 400432, 400439, 400470, 400502, 400510, 400535, 402031, 402034, 402102, 402136, 402169, 402425, 402862, 402876, 403233, 403236, 404555, 404823, 404858, 405618, 406517, 406940, 406958, 406972, 406995, 407016, 407018, 407681, 407684, 408042, 408076, 408079, 408087, 408104, 408148, 408500, 408645, 408648, 408651, 408654, 408657, 408680, 408736, 408851, 409628, 409632, 409686, 409689, 409699, 409788, 409801, 409869, 410030, 410831, 414102, 414150, 414571, 414590, 414791, 414810, 414816, 414915, 416294, 416525, 418013, 418017, 418860, 418863, 418995, 419071, 419087, 419134, 419280, 419287, 419327, 419814, 419897, 419922, 419956, 419970, 419976, 420012, 420356, 420358, 420361, 420389, 420399, 420480, 420486, 420491, 420517, 420522, 420884, 421766, 423859, 425334, 425808, 425931, 432358, 432449, 432453, 432458, 432466, 432470, 432487, 432491, 432494, 432508, 432517, 432524, 432530, 434068, 434900, 434907, 434926, 435005, 435588, 435931, 436468, 436473, 436483, 436498, 436513, 436522, 436528, 436582, 436714, 436719, 436723, 438460, 438465, 438738, 440117, 440204, 440228, 440233, 440240, 440684, 440739, 440992, 441006, 441031, 441201, 441300, 441311, 441315, 441325, 441351, 441443, 441541, 441545, 441579, 441584, 441588, 441595, 441646, 441652, 441656, 441666, 441671, 441692, 441697, 442324, 442328, 442334, 442336, 444374, 444380, 444389, 444838, 444842, 444847, 444851, 444854, 444870, 444878, 444882, 444885, 444888, 444900, 450361, 450692, 450695, 450707, 451397, 451401, 451415, 451427, 451437, 451474, 451714, 451990, 451998, 452279, 452283, 452348, 452357, 452606, 452679, 452694, 452699, 452725, 452757, 452764, 452772, 452812, 452817, 452827, 452831, 452835, 452839, 452853, 452872, 453267, 453274, 453292, 453299, 453313, 453619, 458296, 458303, 458484, 458516, 459098, 459111, 459430, 459494, 460930, 462274, 462277, 462283, 462292, 462632, 463699, 469979, 471767, 471842, 471846, 471851, 472800, 472806, 472814, 472821, 473163, 473278, 474192, 474606, 474675, 475705, 475710, 475713, 475717, 475776, 475949, 475970, 476379, 476392, 476396, 476403, 476439, 476665, 476746, 476770, 476794, 476797, 476801, 476807, 476993, 476996, 477009, 477049, 477052, 477058, 477061, 477106, 477111, 477249, 478017, 478022, 478155, 478478, 478512, 478517, 478553, 478559, 478640, 478643, 478646, 478650, 478676, 478688, 478695, 478699, 478983, 479016, 479020, 479205, 479212, 479220, 479233, 479279, 479283, 479287, 479355, 480198, 480204, 482803, 482945, 483319, 486073, 488526, 488529, 488609, 488625, 488668, 488959, 489269, 489467, 489495, 489513, 489518, 489532, 489558, 491343, 491553, 491828, 491973, 491986, 492030, 492038, 494687, 494800, 494804, 494840, 494931, 494999, 495013, 495019, 495024, 495272, 495327, 495364, 495375, 495569, 495671, 495679, 495683, 495712, 495930, 497845, 497915, 497924, 497929, 498009, 498377, 498488, 498515, 498554, 498568, 498577, 498586, 498746, 498817, 498832, 498835, 498943, 498947, 499022, 499033, 499066, 499170, 499315, 499391, 499397, 500427, 500549, 500914, 501208, 501213, 501255, 501263, 501275, 501287, 501384, 501577, 501583, 502295, 502763, 502771, 503520, 503526, 505009, 505061, 506513, 506605, 506961, 507366, 507512, 507518, 508473, 508483, 510325, 510336, 510343, 510352, 510362, 510740, 510774, 510861, 511195, 511587, 511825, 513286, 514988, 516290, 519056, 520118, 520175, 520900, 522316, 523057, 523250, 523713, 523721, 523728, 523733, 525103, 526151, 527614, 530353, 531275, 531811, 532195, 532943, 532960, 532984, 533030, 533153, 533164, 533184, 533224, 533917, 534986, 535706, 535747, 536525, 536915, 536951, 537027, 537041, 537215, 537903, 537909, 538010, 538018, 538410, 538553, 538565, 538576, 538838, 539100, 539249, 539276, 539311, 539315, 539319, 539324, 540491, 541960, 541980, 542040, 544226, 545597, 545614, 545654, 545657, 545660, 545849, 545852, 545876, 545930, 546854, 547605, 548725, 551366, 553387, 553540, 553830, 554817, 554892, 554931, 554939, 555149, 555192, 555212, 555238, 555245, 555414, 555442, 555822, 556196, 556717, 557038, 558328, 558911, 558917, 559315, 559734, 559758, 559993, 560075, 560390, 560629, 560675, 560680, 560716, 561974, 562450, 562470, 563363, 563368, 565064, 565067, 565072, 565079, 565482, 565955, 565981, 566044, 566049, 567461, 568749, 568754, 568884, 569014, 569022, 573617, 574897, 576448, 576564, 576794, 576797, 576962, 577997, 578623, 581457, 583402, 584407, 586760, 586771, 586790, 586887, 586892, 586903, 586947, 587601, 589509, 589561, 589607, 589696, 589705, 589717, 589913, 590560, 591093, 591199, 591507, 591516, 591540, 591724, 592062, 592224, 592793, 592808, 592909, 593289, 593498, 593556, 593696, 593762, 593777, 593787, 593790, 593895, 594051, 594418, 594706, 594949, 597563, 597866, 597905, 597910, 598114, 598167, 598533, 598581, 598587, 598742, 598794, 598805, 598969, 598986, 599137, 599300, 599305, 599442, 599475, 599980, 600132, 600385, 600421, 600723, 600951, 600954, 600956, 601109, 601290, 601310, 601326, 601405, 601419, 601510, 601595, 601600, 601616, 601631, 601688, 601783, 601787, 601794, 601835, 601844, 601976, 602020, 602157, 602248, 602966, 603063, 603218, 603223, 603284, 604702, 604830, 604839, 605617, 605690, 605893, 605927, 605972, 606628, 606671, 606788, 607084, 607126, 607164, 607465, 607497, 607537, 607675, 607709, 607726, 607736, 607793, 607874, 607886, 608014, 608099, 608170, 608326, 608414, 608420, 608433, 608449, 608469, 608684, 608757, 608791, 608802, 608865, 608957, 609393, 609414, 609430, 609502, 609606, 609636, 609741, 609810, 610029, 610272, 610277, 610396, 610401, 610473, 610592, 610604, 610626, 610677, 610779, 610813, 610838, 610846, 610855, 610869, 610879, 610936, 610993, 611038, 611042, 611269, 611291, 611321, 611367, 611674, 611742, 611815, 611857, 611883, 611910, 611935, 611948, 611956, 611997, 612056, 612178, 612184, 612608, 612708, 612731, 612736, 613193, 613269, 617666, 617691, 618451, 618461, 618551, 618747, 619322, 620566, 621379, 621394, 622273, 622432, 622806, 623019, 623197, 623475, 623486, 623607, 624235, 624313, 624317, 624350, 624423, 624428, 624438, 624443, 624535, 624563, 624586, 624593, 624598, 624602, 624618, 624639, 624672, 624720, 624805, 624809, 624878, 625085, 625134, 625139, 625232, 625259, 625292, 625309, 625315, 625361, 625370, 625639, 625654, 625717, 625739, 625772, 625871, 625876, 625899, 626009, 626136, 626173, 626570, 626773, 626784, 626808, 626995, 627067, 627243, 627784, 628144, 628258, 628544, 630273, 630832, 631003, 631292, 632135, 637514]
6,1,[294]
9,3,[25, 2422, 2564]
10,1777,[1628, 4650, 4688, 4690, 4761, 8347, 8369, 8400, 8775, 8790, 8800, 9441, 9450, 9457, 9593, 12024, 18236, 18258, 18261, 18310, 18712, 20536, 20550, 20591, 20678, 21083, 22456, 26159, 26171, 26178, 26221, 26226, 26233, 26237, 26242, 26514, 26524, 26530, 26548, 26715, 26750, 26781, 26803, 26888, 26911, 26922, 26926, 26933, 26954, 27156, 27161, 27167, 27170, 27250, 27295, 27620, 27775, 27889, 28189, 28250, 28360, 28457, 28468, 28471, 28505, 28510, 28514, 28521, 29330, 29421, 29733, 29740, 29956, 29987, 29995, 30000, 30006, 30676, 30733, 31376, 31748, 33127, 33182, 33221, 33409, 33413, 34240, 34374, 34399, 34401, 34429, 34530, 34532, 34774, 36430, 36490, 37662, 37716, 37915, 37933, 38073, 38076, 38080, 38535, 38540, 38669, 38672, 38674, 38677, 38679, 38771, 38794, 38863, 38874, 38907, 38935, 38960, 39042, 39086, 39242, 39245, 40508, 41751, 41788, 41797, 41827, 41891, 41993, 42320, 42362, 43773, 44360, 45572, 45577, 46125, 46214, 46365, 50872, 51134, 51178, 51306, 51341, 51616, 51973, 52168, 52170, 52173, 52455, 52470, 52897, 54086, 54454, 58680, 59818, 59822, 61724, 62529, 62643, 63595, 64299, 64337, 64341, 64355, 64429, 65550, 65585, 68090, 70133, 70140, 70165, 70178, 70562, 70681, 70733, 70772, 71157, 71249, 71275, 71292, 71305, 71317, 71382, 71427, 71766, 71788, 71803, 71857, 71884, 71918, 71939, 72125, 72531, 72559, 73118, 73121, 73476, 73592, 73602, 73678, 73726, 73782, 73896, 73996, 74003, 74006, 74057, 74196, 74199, 74206, 74241, 74311, 74337, 74383, 74386, 74396, 74410, 74524, 74529, 74534, 74604, 74623, 74644, 74664, 74731, 75072, 75078, 75318, 75495, 75521, 75606, 75906, 75922, 76061, 76066, 76074, 76084, 76090, 76309, 76329, 76337, 76378, 76397, 76403, 76435, 76440, 76465, 76522, 76529, 76549, 76570, 76611, 76615, 76629, 76663, 76670, 76675, 76679, 76683, 76689, 76723, 76736, 76740, 76748, 76779, 76799, 76821, 76827, 76836, 76874, 76881, 76886, 76893, 76899, 76903, 76908, 76918, 76923, 76933, 76944, 76966, 76971, 76985, 77007, 77071, 77082, 77098, 85763, 86287, 86291, 86312, 86318, 86323, 86326, 86332, 86340, 86347, 86357, 86361, 87312, 89235, 89248, 89286, 89308, 89316, 89326, 89329, 89352, 89520, 89614, 89635, 89832, 89866, 89936, 89950, 89959, 89999, 90385, 90389, 90405, 90409, 90418, 90422, 91864, 91988, 92020, 92036, 92497, 92569, 92586, 92614, 92634, 92687, 92690, 92693, 94990, 99040, 99353, 99585, 100226, 100230, 100233, 100237, 100242, 100247, 100252, 101072, 101084, 101176, 101858, 101887, 102027, 102202, 102218, 102228, 102234, 102242, 103274, 103305, 103333, 103337, 103398, 103411, 103423, 103486, 103492, 103512, 103539, 103546, 103595, 104500, 104503, 105096, 105154, 105183, 105201, 105221, 105224, 105227, 105238, 105262, 105292, 105296, 105305, 105542, 105546, 105610, 105628, 105668, 105681, 105699, 105725, 105760, 105787, 105795, 105825, 105888, 105945, 106013, 106469, 107199, 107212, 107225, 107228, 107232, 107242, 107255, 107270, 107304, 107329, 107395, 107503, 107528, 107533, 107567, 107600, 107603, 107992, 108045, 108142, 108368, 108375, 108727, 109126, 109184, 109187, 109306, 109370, 109413, 109435, 109453, 109473, 109803, 109815, 110225, 110409, 110755, 111192, 111205, 111668, 111704, 111728, 111787, 111856, 112385, 112393, 112534, 112549, 112671, 112708, 112717, 112819, 112826, 112831, 112839, 112882, 112938, 112941, 112949, 112956, 112962, 113001, 113008, 113017, 113041, 113077, 113100, 113112, 113150, 113166, 113260, 113377, 113386, 113392, 113413, 113417, 113420, 113425, 113428, 113431, 113437, 113440, 113449, 113457, 113461, 113501, 113516, 113528, 113542, 113558, 113562, 113564, 113570, 113574, 113588, 113591, 113594, 113597, 113600, 113607, 114233, 114242, 114246, 114251, 114258, 114297, 114706, 114717, 118173, 118177, 118192, 118202, 118567, 124401, 124457, 124514, 124547, 124611, 124613, 124615, 124617, 124620, 124627, 124630, 124908, 125596, 125782, 125984, 126010, 126400, 126442, 126445, 126502, 126856, 127263, 127407, 127422, 127437, 127445, 128543, 128587, 128772, 128805, 128817, 128819, 128823, 128840, 128856, 128872, 128882, 129176, 129252, 129389, 129506, 129659, 129671, 129818, 130181, 130214, 130583, 130599, 130613, 130628, 130661, 131393, 131401, 132307, 132876, 132881, 133932, 134797, 134814, 134820, 134955, 134993, 137675, 139265, 140686, 141794, 141811, 141817, 141823, 141834, 141840, 141874, 141894, 141899, 141964, 141990, 141993, 142299, 142446, 142481, 142538, 142860, 142873, 142892, 142913, 142926, 142935, 142999, 143041, 143060, 143097, 143119, 143123, 143135, 143153, 143157, 143172, 143205, 143230, 143242, 143326, 143352, 143421, 143435, 143469, 143506, 143595, 143668, 143701, 143827, 143830, 143903, 143998, 144988, 145036, 146176, 146181, 147726, 149062, 149421, 149532, 150241, 150244, 150516, 150614, 151873, 152167, 156379, 156493, 157215, 157345, 157966, 158122, 160009, 160014, 160056, 162540, 163010, 164909, 164915, 164919, 164944, 164949, 164954, 165486, 165501, 166071, 166125, 166135, 166138, 166141, 166157, 166160, 166172, 166175, 166178, 166183, 166194, 166207, 167543, 167551, 167554, 167573, 167576, 167813, 168192, 168328, 168356, 168365, 168381, 168477, 168508, 168511, 168568, 168595, 168610, 168633, 168727, 168804, 168823, 172318, 172343, 179712, 182954, 183121, 183155, 183161, 184504, 185016, 187711, 192145, 200121, 207304, 207633, 208926, 210176, 210239, 210245, 210318, 210505, 215119, 215169, 220113, 220180, 221099, 221102, 221119, 225872, 226481, 226507, 226519, 226603, 227119, 228218, 231667, 231681, 232368, 232380, 233245, 233534, 236818, 247414, 248110, 249633, 251404, 251439, 251442, 251447, 254515, 254528, 255502, 261248, 261307, 261387, 261523, 262608, 263328, 263332, 264755, 265452, 265456, 265487, 266030, 268085, 270608, 270618, 270658, 270672, 271212, 271308, 272284, 272288, 272307, 272330, 272348, 272351, 272373, 273843, 273890, 274582, 276108, 276114, 276125, 276128, 276155, 276175, 279028, 280245, 281081, 281106, 281957, 282542, 282552, 282575, 282977, 285438, 285440, 285443, 285445, 285448, 285863, 287950, 287972, 288004, 288014, 288376, 291837, 292039, 292049, 299068, 299100, 299123, 301063, 301067, 301127, 301133, 301138, 301189, 302126, 302153, 302589, 303591, 303618, 303621, 303891, 303991, 307194, 307198, 307247, 310907, 311567, 311571, 311582, 312929, 315434, 315698, 315725, 317211, 321207, 323389, 323489, 324158, 324199, 326129, 327675, 327901, 328192, 333033, 333044, 335178, 338151, 341965, 344301, 345349, 345354, 345358, 345363, 363245, 363248, 363254, 363258, 363317, 363349, 363376, 363380, 363396, 363412, 363426, 363458, 364431, 366594, 366599, 367351, 372469, 372616, 374648, 374655, 374749, 375141, 375146, 375286, 375538, 375546, 375802, 376507, 376770, 376993, 377114, 377893, 378469, 378737, 380191, 380366, 380696, 381301, 381308, 381373, 381440, 382332, 382339, 382360, 382366, 383913, 383967, 385738, 385753, 385760, 385762, 385983, 386027, 386129, 386889, 387696, 387713, 387719, 387726, 387836, 387840, 387858, 387863, 388814, 388821, 388841, 389181, 389188, 389191, 389204, 389211, 389215, 389220, 390328, 390336, 390339, 390369, 391600, 391605, 391813, 392217, 392237, 392420, 392425, 392596, 392668, 392671, 393236, 393360, 393818, 393823, 393828, 394473, 394555, 394703, 394720, 394742, 395797, 395923, 395931, 396427, 396501, 396508, 396768, 396771, 396802, 396805, 396836, 396849, 396909, 396985, 397000, 397140, 397144, 397153, 397181, 397228, 398524, 398533, 399278, 399308, 399319, 399364, 400149, 400598, 400605, 400636, 400668, 400676, 400701, 402197, 402200, 402268, 402302, 402335, 402591, 403028, 403042, 403399, 403402, 404721, 404989, 405024, 405784, 406683, 407106, 407124, 407138, 407161, 407182, 407184, 407847, 407850, 408208, 408242, 408245, 408253, 408270, 408314, 408666, 408811, 408814, 408817, 408820, 408823, 408846, 408902, 409017, 409794, 409798, 409852, 409855, 409865, 409954, 409967, 410035, 410196, 410997, 414268, 414316, 414737, 414756, 414957, 414976, 414982, 415081, 416460, 416691, 418179, 418183, 419026, 419029, 419161, 419237, 419253, 419300, 419446, 419453, 419493, 419980, 420063, 420088, 420122, 420136, 420142, 420178, 420522, 420524, 420527, 420555, 420565, 420646, 420652, 420657, 420683, 420688, 421050, 421932, 424025, 425500, 425974, 426097, 432528, 432619, 432623, 432628, 432636, 432640, 432657, 432661, 432664, 432678, 432687, 432694, 432700, 434238, 435070, 435077, 435096, 435175, 435758, 436101, 436638, 436643, 436653, 436668, 436683, 436692, 436698, 436752, 436884, 436889, 436893, 438630, 438635, 438908, 440287, 440374, 440398, 440403, 440410, 440854, 440909, 441162, 441176, 441201, 441371, 441470, 441481, 441485, 441495, 441521, 441613, 441711, 441715, 441749, 441754, 441758, 441765, 441816, 441822, 441826, 441836, 441841, 441862, 441867, 442494, 442498, 442504, 442506, 444544, 444550, 444559, 445008, 445012, 445017, 445021, 445024, 445040, 445048, 445052, 445055, 445058, 445070, 450531, 450862, 450865, 450877, 451567, 451571, 451585, 451597, 451607, 451644, 451884, 452160, 452168, 452449, 452453, 452518, 452527, 452776, 452849, 452864, 452869, 452895, 452927, 452934, 452942, 452982, 452987, 452997, 453001, 453005, 453009, 453023, 453042, 453437, 453444, 453462, 453469, 453483, 453789, 458466, 458473, 458654, 458686, 459268, 459281, 459600, 459664, 461100, 462445, 462448, 462454, 462463, 462803, 463870, 470150, 471937, 472012, 472016, 472021, 472970, 472976, 472984, 472991, 473333, 473448, 474362, 474776, 474845, 475874, 475879, 475882, 475886, 475945, 476118, 476139, 476548, 476561, 476565, 476572, 476608, 476834, 476915, 476939, 476963, 476966, 476970, 476976, 477162, 477165, 477178, 477218, 477221, 477227, 477230, 477275, 477280, 477418, 478185, 478190, 478323, 478646, 478680, 478685, 478721, 478727, 478808, 478811, 478814, 478818, 478844, 478856, 478863, 478867, 479151, 479184, 479188, 479373, 479380, 479388, 479401, 479447, 479451, 479455, 479523, 480366, 480372, 482968, 483110, 483484, 486236, 488688, 488691, 488770, 488786, 488829, 489120, 489430, 489627, 489655, 489673, 489678, 489692, 489718, 491503, 491713, 491988, 492133, 492146, 492190, 492198, 494846, 494959, 494963, 494999, 495090, 495158, 495172, 495178, 495183, 495431, 495486, 495523, 495534, 495728, 495830, 495838, 495842, 495871, 496089, 498014, 498084, 498093, 498098, 498178, 498546, 498657, 498684, 498723, 498737, 498746, 498755, 498915, 498986, 499001, 499004, 499112, 499116, 499191, 499202, 499235, 499339, 499484, 499560, 499566, 500596, 500718, 501083, 501377, 501382, 501424, 501432, 501444, 501456, 501553, 501746, 501752, 502464, 502932, 502940, 503689, 503695, 505178, 505230, 506682, 506774, 507130, 507535, 507681, 507687, 508642, 508652, 510494, 510505, 510512, 510521, 510531, 510909, 510943, 511030, 511364, 511756, 511994, 513455, 515157, 516462, 519228, 520290, 520347, 521072, 522488, 523229, 523422, 523885, 523893, 523900, 523905, 525275, 526323, 527786, 530528, 531450, 531986, 532370, 533118, 533135, 533159, 533205, 533328, 533339, 533359, 533399, 534092, 535161, 535881, 535922, 536700, 537090, 537126, 537202, 537216, 537390, 538078, 538084, 538185, 538193, 538585, 538728, 538740, 538751, 539013, 539275, 539424, 539451, 539486, 539490, 539494, 539499, 540666, 542135, 542155, 542215, 544401, 545772, 545789, 545829, 545832, 545835, 546024, 546027, 546051, 546105, 547029, 547780, 548900, 551544, 553565, 553718, 554008, 554995, 555070, 555109, 555117, 555327, 555370, 555390, 555416, 555423, 555592, 555620, 556000, 556374, 556895, 557216, 558506, 559089, 559095, 559493, 559912, 559936, 560171, 560253, 560568, 560807, 560853, 560858, 560894, 562152, 562628, 562648, 563541, 563546, 565244, 565247, 565252, 565259, 565662, 566135, 566161, 566224, 566229, 567641, 568929, 568934, 569064, 569194, 569202, 573797, 575077, 576628, 576744, 576974, 576977, 577142, 578177, 578803, 581637, 583582, 584592, 586945, 586956, 586975, 587072, 587077, 587088, 587132, 587786, 589694, 589746, 589792, 589881, 589890, 589902, 590098, 590745, 591278, 591384, 591692, 591701, 591725, 591915, 592253, 592415, 593100, 593480, 593689, 593747, 593887, 593953, 593968, 593978, 593981, 594086, 594242, 594609, 595140, 597754, 598057, 598096, 598101, 598305, 598358, 598724, 598772, 598778, 598933, 598985, 599166, 599183, 599334, 599497, 599502, 599639, 599672, 600177, 600329, 600582, 600618, 600920, 601148, 601151, 601153, 601306, 601487, 601507, 601523, 601602, 601616, 601707, 601792, 601797, 601813, 601828, 601885, 601980, 601984, 601991, 602032, 602041, 602173, 602217, 602354, 602445, 603260, 603415, 603420, 603481, 604904, 605032, 605041, 605819, 605892, 606100, 606134, 606179, 606835, 606878, 606995, 607291, 607333, 607371, 607672, 607704, 607744, 607882, 607916, 607933, 607943, 608000, 608081, 608093, 608221, 608311, 608382, 608538, 608626, 608632, 608645, 608661, 608681, 608896, 608969, 609003, 609014, 609077, 609169, 609605, 609626, 609642, 609714, 609818, 609848, 609958, 610027, 610246, 610489, 610494, 610613, 610618, 610690, 610809, 610821, 610843, 610894, 610996, 611030, 611055, 611063, 611072, 611086, 611096, 611153, 611210, 611255, 611259, 611492, 611514, 611544, 611590, 611897, 611965, 612038, 612080, 612106, 612133, 612158, 612171, 612179, 612220, 612279, 612401, 612407, 612831, 612937, 612960, 612965, 613422, 613498, 617913, 617938, 618703, 618713, 618803, 618999, 619574, 620818, 621631, 621646, 622525, 622684, 623058, 623271, 623451, 623729, 623740, 623861, 624489, 624567, 624571, 624604, 624677, 624682, 624692, 624697, 624789, 624817, 624840, 624847, 624852, 624856, 624872, 624893, 624926, 624974, 625059, 625063, 625132, 625342, 625391, 625396, 625489, 625516, 625549, 625566, 625572, 625618, 625627, 625896, 625911, 625974, 625996, 626029, 626128, 626133, 626156, 626266, 626393, 626430, 626827, 627030, 627041, 627065, 627255, 627327, 627503, 628044, 628404, 628521, 628807, 630539, 631103, 631274, 631567, 632410, 637789]
11,55,[1283, 1826, 3002, 3110, 3625, 4115, 4148, 4253, 4388, 4462, 4517, 5011, 6953, 7054, 7184, 7195, 7199, 7282, 7344, 7355, 8740, 9081, 9414, 10646, 12821, 12827, 13029, 13123, 13288, 14701, 14715, 15024, 15047, 15057, 15526, 15617, 15758, 18353, 18415, 18504, 18555, 18762, 18777, 18946, 19189, 19209, 19449, 19679, 19836, 19850, 19970, 20008, 20066, 20514, 20673]
12,65,[790, 801, 826, 833, 911, 1254, 2259, 3456, 3523, 3625, 4057, 4151, 4160, 4170, 4904, 4947, 5121, 5511, 6373, 6472, 6558, 6660, 6693, 6762, 9848, 9910, 9960, 10401, 10672, 10726, 10750, 10824, 11006, 11903, 12428, 12431, 12951, 13074, 13094, 13424, 13874, 13903, 14284, 14847, 15132, 15820, 15976, 17043, 17478, 17548, 17854, 18127, 19157, 19350, 19611, 20346, 20881, 21005, 22280, 22879, 23121, 23183, 23226, 23260, 23306]
13,12,[483, 500, 504, 1468, 1510, 1834, 1854, 1870, 1950, 2185, 2213, 3442]
15,248,[870, 879, 882, 905, 2725, 3274, 3282, 3468, 3782, 3944, 3993, 4010, 4338, 5316, 5454, 6862, 7674, 7704, 7745, 7752, 7757, 8446, 10458, 10461, 13003, 19061, 19065, 19113, 21154, 21159, 21562, 22841, 22844, 22887, 23488, 26266, 26302, 26306, 27818, 29607, 30460, 30946, 31021, 33484, 33961, 34050, 35122, 35124, 35142, 35145, 35723, 36044, 41316, 48684, 48785, 48797, 48841, 48877, 48923, 48992, 49001, 49158, 49201, 49599, 49620, 49648, 50004, 50009, 50013, 50727, 51928, 51935, 51985, 52150, 52159, 52668, 52686, 53155, 53300, 53302, 53306, 53322, 53481, 53528, 53549, 53726, 53733, 54079, 54409, 56973, 57052, 63420, 63492, 67333, 67412, 67468, 67766, 69132, 69136, 69151, 70481, 74012, 74017, 74428, 75224, 75514, 75543, 75837, 76310, 76504, 77301, 77337, 77346, 77460, 77466, 77493, 77560, 77569, 77590, 77620, 77747, 77868, 78131, 78264, 79900, 80946, 80951, 81155, 81159, 82275, 82848, 84164, 84521, 84534, 84567, 87158, 87467, 87475, 88489, 88588, 90955, 91344, 91371, 91459, 91519, 91693, 91957, 92018, 92123, 92166, 92174, 92182, 92190, 92194, 92571, 93111, 93143, 94475, 95056, 95549, 95553, 95559, 96347, 98722, 98727, 98733, 99142, 99146, 99399, 101602, 101627, 101937, 101946, 102216, 102689, 102725, 102758, 102800, 103458, 103718, 103724, 104232, 106412, 106421, 106424, 107368, 107371, 108568, 108663, 110725, 114353, 114416, 114598, 114625, 114691, 115604, 118505, 118634, 120075, 120079, 124163, 125290, 126836, 128253, 130834, 132185, 132189, 132192, 132195, 132198, 132344, 132394, 133170, 133283, 134428, 135043, 135379, 136982, 137008, 138376, 138379, 146203, 147021, 147878, 149220, 150174, 151883, 153887, 154279, 154312, 154523, 159927, 160268, 160599, 162273, 162275, 162774, 162777, 167614, 167623, 167626, 167632, 168223, 169334, 169419, 171423, 172179, 173183]
16,71,[601, 730, 932, 1277, 1305, 1357, 1367, 1392, 1424, 1534, 2528, 3793, 3872, 4065, 4306, 4365, 5060, 5357, 5370, 5471, 6952, 7134, 7859, 8436, 8649, 9220, 9229, 9243, 9256, 9606, 10604, 12293, 12531, 12822, 12963, 14035, 15001, 15144, 15236, 15433, 15455, 15507, 15535, 16130, 17310, 17331, 18002, 19076, 21807, 22140, 22391, 22511, 24102, 24310, 24374, 24419, 24518, 24593, 24613, 28012, 29380, 29399, 29574, 29658, 29689, 29768, 30554, 30834, 31950, 32003, 34687]
17,693,[2948, 2967, 2980, 5017, 5021, 5027, 5837, 7352, 11953, 11967, 14608, 15689, 15704, 15798, 18181, 20347, 21431, 21435, 21645, 21746, 21805, 22559, 23162, 24240, 24261, 26036, 26122, 26131, 26744, 26764, 26771, 26773, 27008, 27053, 27154, 27774, 27787, 29040, 29251, 29264, 29271, 29290, 29293, 29321, 29370, 29372, 29466, 29502, 29512, 29528, 30304, 31483, 33644, 33649, 34395, 38153, 38159, 39651, 39659, 39667, 40394, 41691, 41697, 41705, 41843, 41887, 43195, 43213, 43216, 43273, 43381, 43384, 43418, 43628, 43645, 43858, 45089, 45130, 45172, 45211, 45225, 45228, 45285, 45342, 45445, 45477, 45483, 45495, 45499, 45579, 45582, 45585, 45597, 45669, 45677, 45766, 46096, 46103, 46106, 46169, 46174, 46184, 46192, 46207, 46234, 46272, 46290, 46426, 46435, 46483, 46498, 46520, 46523, 46532, 46544, 50084, 50109, 50680, 50690, 54338, 56349, 56355, 56361, 56369, 56456, 56615, 56645, 56652, 56657, 56662, 56679, 56686, 56704, 56721, 56785, 56802, 56862, 56945, 56998, 57031, 57078, 57081, 57158, 57180, 57263, 57281, 57621, 58734, 58762, 58765, 58964, 59021, 59029, 59044, 59105, 59149, 59222, 59226, 59371, 59392, 59402, 59414, 59428, 59470, 59483, 59487, 59498, 59572, 59588, 59596, 59624, 59639, 59782, 59785, 59788, 59811, 60060, 60128, 60220, 60234, 61276, 61311, 61317, 61868, 65944, 65978, 65987, 66041, 66234, 66374, 66382, 66441, 66453, 68710, 69021, 69193, 69226, 69601, 73890, 74043, 74046, 75077, 75110, 75119, 76911, 79455, 79526, 79546, 79970, 79972, 80041, 80053, 80063, 85097, 85327, 85379, 85386, 85451, 85502, 85512, 85518, 85555, 85642, 85801, 86141, 86715, 86722, 86734, 86743, 86760, 86802, 86812, 86822, 87629, 87638, 87646, 87678, 88003, 88058, 88064, 88158, 88190, 88325, 88418, 88445, 88500, 88506, 88515, 88518, 88521, 88868, 89707, 89968, 90061, 90064, 90111, 90615, 91406, 91488, 91680, 91695, 91714, 91723, 91732, 91734, 91753, 91756, 92657, 94331, 94399, 94410, 94437, 94507, 95225, 95483, 95490, 95552, 96636, 100087, 100095, 104603, 108668, 108681, 112295, 112322, 112333, 112339, 112600, 112731, 112735, 113188, 113311, 113422, 115552, 115575, 115600, 115603, 116017, 116064, 116074, 116088, 116129, 116175, 116180, 116260, 116264, 116270, 116284, 116293, 116299, 116333, 116345, 116351, 116461, 116510, 116536, 116539, 116542, 116605, 116608, 116692, 116698, 117147, 117159, 117169, 117183, 117246, 117253, 117273, 117350, 117368, 117377, 117399, 117416, 117829, 117868, 117873, 117878, 117883, 117898, 117917, 117927, 117940, 117942, 117945, 117949, 117961, 117971, 118019, 118034, 118100, 118112, 118121, 118175, 118234, 118249, 118260, 118366, 118494, 118522, 121329, 121737, 121740, 121748, 121753, 121854, 121862, 121865, 121868, 122072, 122076, 122090, 122142, 122153, 122405, 122408, 122413, 122419, 122443, 122450, 122485, 122488, 122500, 122522, 122542, 122581, 122589, 122608, 122717, 124008, 124157, 124173, 124244, 125103, 125134, 125156, 126848, 126859, 127155, 127364, 127372, 127377, 127380, 127411, 127521, 127531, 127536, 127546, 127549, 127616, 127743, 127752, 137787, 137797, 139004, 139007, 139012, 139052, 139058, 139060, 139095, 139112, 139230, 139363, 139367, 139394, 139434, 139442, 139533, 139844, 139918, 145535, 145554, 145562, 145568, 145583, 145630, 145670, 145712, 145736, 145761, 145792, 146096, 146129, 146436, 146439, 146458, 146478, 146481, 146501, 146558, 146602, 146607, 146628, 146639, 146678, 146681, 146710, 146725, 146815, 146828, 147058, 147072, 147231, 147286, 147342, 153933, 154180, 154683, 155314, 157422, 157444, 157478, 157494, 157511, 157521, 157567, 157593, 157617, 157681, 157815, 157826, 157834, 157845, 158790, 158830, 158833, 158853, 158864, 158888, 159644, 159652, 159804, 159820, 159881, 159911, 163103, 163106, 163126, 163136, 163539, 163544, 163550, 163571, 163583, 163589, 163594, 163643, 163648, 163738, 163773, 163803, 163811, 163815, 163843, 163849, 163852, 163934, 163943, 163956, 163964, 163976, 163983, 164157, 164163, 164172, 164179, 164190, 164555, 164611, 165255, 165265, 167009, 167012, 167196, 168654, 168660, 168666, 168680, 168683, 168686, 168789, 168792, 168799, 168816, 168818, 168821, 168979, 168982, 169004, 169218, 174974, 175117, 175120, 175130, 175133, 175446, 175458, 176334, 176595, 177133, 177189, 177209, 177376, 177466, 177476, 177481, 177538, 177786, 177799, 177906, 178013, 178040, 178086, 178109, 178118, 178125, 178276, 178337, 178352, 178355, 178462, 178466, 178580, 178591, 178624, 178720, 178893, 178970, 178976, 179575, 179597, 180609, 180629, 180776, 180782, 181143, 181196, 181814, 181822, 181825, 181890, 182129, 182131, 182222, 183723, 183933, 183964, 183969, 184045, 184528, 184803, 184840, 186548, 186649, 186657, 186661, 186690, 186910, 188747, 188896, 189859, 190120, 190125, 190128, 190133, 190136, 190140, 190143, 190146, 190149, 190152, 190157, 190171, 194089, 194110, 194200, 195812, 196484, 196511, 196519, 196548, 196558, 196589, 196665, 196691, 196696, 196877, 197966, 197971, 197999, 198066, 198074, 198110, 198122, 198129, 198132, 198138, 198234, 198274, 198321, 198386, 198398, 198427, 198445, 199213, 199218, 199230, 199241, 200720, 200980, 201301, 202938, 202993, 205728, 205772, 205797, 209107, 209701, 210111, 213358, 214097, 215139, 215206, 215466, 215552, 215610, 215612, 215615, 217076, 217214, 217886, 217950]
18,24,[1707, 1716, 1722, 1771, 1781, 1783, 1786, 1872, 1909, 1955, 5991, 6012, 6075, 21560, 21664, 21689, 21696, 22002, 22055, 22180, 147104, 147470, 147499, 147835]
19,97,[341, 554, 853, 1462, 1465, 1470, 1474, 1479, 1481, 1484, 1546, 1553, 1556, 1560, 1585, 2041, 3151, 3162, 3878, 5236, 5525, 5533, 6297, 6367, 6699, 6704, 7586, 8239, 8243, 8282, 8288, 8405, 8408, 8465, 8468, 8543, 8547, 8550, 8617, 8621, 9813, 9831, 9980, 10323, 10327, 10332, 10337, 10341, 10905, 10911, 11164, 11656, 11771, 11777, 11779, 12477, 13200, 14460, 14466, 14473, 14868, 14872, 15257, 15266, 15291, 15297, 15305, 15848, 16199, 16204, 16219, 16235, 16759, 17535, 17903, 17908, 18008, 18011, 18663, 19631, 20715, 20849, 20861, 20864, 21172, 21177, 21497, 23653, 23892, 24294, 24816, 24990, 26457, 26519, 26740, 26744, 26937]
20,55,[2000, 5021, 5082, 10200, 10990, 11001, 11017, 11027, 11045, 11059, 11170, 11195, 11200, 18511, 18527, 18543, 18592, 18597, 18628, 18650, 21476, 21481, 21489, 22274, 22279, 23875, 23901, 23945, 23978, 23981, 25326, 25857, 25895, 26507, 27611, 27625, 33390, 35410, 37751, 46508, 46560, 46589, 46722, 46749, 49826, 52070, 52121, 52137, 52152, 52543, 52611, 52618, 54678, 54940, 58199]
21,128,[5418, 5477, 5721, 5741, 5860, 5985, 6042, 6468, 6518, 6727, 6733, 6745, 6818, 6960, 7499, 7869, 7876, 7880, 7940, 7945, 8405, 8636, 9199, 9211, 9213, 9286, 9550, 10883, 10895, 11008, 12129, 12136, 12701, 12873, 13601, 13730, 13834, 13839, 14021, 14031, 14136, 15308, 15606, 15612, 15618, 16083, 16640, 16771, 16789, 16794, 16797, 16803, 16964, 16972, 17087, 17140, 18249, 18804, 19114, 19998, 20320, 20734, 20743, 21417, 21584, 21713, 21723, 21733, 21898, 22045, 22647, 22654, 22659, 22894, 23332, 23336, 23680, 23700, 23825, 24182, 24387, 25144, 25225, 25236, 25341, 25715, 25725, 25750, 26376, 26388, 26391, 26429, 26626, 26695, 26699, 26972, 27136, 27739, 27769, 28139, 28171, 28430, 28434, 30004, 30010, 30040, 30259, 30503, 30577, 30817, 30820, 31045, 31136, 31292, 31668, 31679, 31689, 31904, 32219, 32282, 32348, 32356, 32444, 32458, 32550, 32883, 32890, 33770]
22,33,[1408, 11477, 40638, 40652, 66818, 66957, 71159, 75034, 83293, 85736, 85748, 101804, 102591, 107618, 108993, 110913, 111400, 116335, 118491, 119376, 119383, 119390, 141909, 142441, 142444, 144785, 145487, 148645, 148647, 151007, 151010, 151028, 151798]
23,24,[2422, 2446, 2644, 2671, 2718, 2724, 2800, 2820, 2873, 2911, 2969, 2983, 3011, 3055, 3101, 3113, 3136, 3205, 3209, 17501, 17543, 17548, 24313, 24341]
24,90,[888, 1453, 2002, 2408, 2611, 3898, 4014, 4070, 4120, 4132, 4142, 4214, 4852, 4999, 6042, 6340, 6349, 6391, 6879, 7897, 8018, 8074, 8076, 9328, 9768, 10210, 10345, 10406, 10902, 11993, 13747, 13755, 13847, 14071, 14219, 14240, 15303, 15563, 15951, 16093, 16488, 16503, 16573, 16677, 16760, 17355, 17373, 17865, 17933, 18359, 18367, 18388, 18412, 19555, 19617, 19657, 20076, 20132, 20140, 20226, 20792, 21178, 23947, 24128, 24195, 24610, 24646, 24667, 24711, 24730, 24906, 25208, 25409, 25448, 25461, 25481, 26790, 27816, 28098, 28472, 29600, 30612, 33310, 34694, 35051, 36405, 42509, 43859, 44046, 44949]
26,53,[2386, 5536, 5597, 10752, 11559, 11570, 11586, 11596, 11614, 11628, 11742, 11766, 11771, 19220, 19236, 19252, 19301, 19306, 19337, 19359, 22226, 22234, 23030, 23035, 24639, 24665, 24709, 24741, 24744, 26120, 26657, 26693, 27308, 28439, 34270, 36306, 38668, 47512, 47564, 47593, 47727, 47753, 50872, 53152, 53204, 53219, 53234, 53642, 53713, 53720, 55840, 56101, 59387]
27,234,[2643, 6278, 6428, 6431, 6554, 6613, 7978, 9093, 9096, 9104, 9120, 9146, 13224, 14047, 14269, 14816, 15289, 17411, 17718, 17871, 18075, 18082, 18246, 18602, 20302, 20773, 20999, 21132, 21631, 21743, 21838, 22277, 22291, 23718, 23767, 24004, 25616, 27461, 28222, 28224, 28237, 28246, 28639, 28683, 29750, 29765, 29870, 29872, 30087, 30232, 34261, 34647, 34720, 35693, 35866, 36064, 36143, 36502, 37222, 37225, 41574, 41669, 42229, 42939, 43968, 44097, 44114, 44377, 45794, 45820, 45952, 45955, 46221, 46404, 46609, 46616, 46624, 46669, 47074, 47098, 47115, 47279, 47368, 47659, 47715, 47830, 48025, 48524, 48535, 49337, 49402, 49407, 50045, 50131, 50148, 50210, 50217, 50660, 50664, 51538, 51621, 51697, 51818, 51884, 52021, 52149, 52167, 52889, 53582, 53661, 53717, 54286, 54593, 54679, 54709, 54717, 54722, 54725, 54734, 54763, 54767, 54772, 54778, 55302, 55307, 55317, 55398, 55490, 55661, 55805, 57810, 59037, 59065, 59495, 59499, 60376, 60432, 60459, 61312, 61390, 61482, 61572, 61595, 61635, 61653, 61821, 61952, 61956, 62035, 62060, 62065, 62094, 62236, 62238, 62287, 62555, 62615, 62617, 62839, 63142, 63479, 65022, 66069, 68146, 68440, 68468, 68479, 69021, 69079, 69129, 70093, 72744, 72789, 73024, 73338, 73409, 73454, 75388, 76304, 76476, 76480, 76782, 76892, 76937, 76940, 77648, 79931, 81270, 81299, 82596, 82783, 82862, 83025, 83043, 83065, 86607, 90602, 93471, 94651, 95683, 96023, 96121, 96182, 96334, 96375, 96893, 96926, 96951, 97147, 98768, 99176, 99306, 99340, 99379, 99432, 99443, 99445, 99467, 99475, 99825, 100051, 101741, 102031, 102487, 102886, 106526, 106580, 107318, 107584, 107749, 107761, 107957, 108031, 108501]
28,41,[2466, 2847, 2972, 2980, 3291, 3295, 3299, 3307, 3360, 3893, 4390, 4654, 5644, 5659, 6141, 6190, 6205, 6284, 6609, 6616, 7908, 8216, 9207, 9493, 9659, 9937, 10124, 10140, 10559, 10575, 10587, 10591, 10595, 10602, 10824, 10832, 10866, 11007, 11016, 11337, 11497]
30,1784,[1535, 4556, 4594, 4596, 4667, 8253, 8275, 8306, 8681, 8696, 8706, 9347, 9356, 9363, 9499, 11930, 18142, 18164, 18167, 18216, 18618, 20442, 20456, 20497, 20584, 20989, 22362, 26065, 26077, 26084, 26127, 26132, 26139, 26143, 26148, 26420, 26430, 26436, 26454, 26621, 26656, 26687, 26709, 26794, 26817, 26828, 26832, 26839, 26860, 27062, 27067, 27073, 27076, 27156, 27201, 27526, 27681, 27795, 28095, 28156, 28266, 28363, 28374, 28377, 28411, 28416, 28420, 28427, 28436, 29236, 29327, 29639, 29646, 29862, 29893, 29901, 29906, 29912, 30582, 30639, 31282, 31654, 33029, 33084, 33123, 33311, 33315, 34142, 34276, 34301, 34303, 34331, 34432, 34434, 34676, 36332, 36392, 37564, 37618, 37817, 37835, 37975, 37978, 37982, 38437, 38442, 38571, 38574, 38576, 38579, 38581, 38673, 38696, 38765, 38776, 38809, 38837, 38862, 38944, 38988, 39144, 39147, 40410, 41653, 41690, 41699, 41729, 41793, 41895, 42222, 42264, 43675, 44262, 45474, 45479, 46027, 46116, 46267, 50774, 51036, 51080, 51208, 51243, 51518, 51875, 52070, 52072, 52075, 52357, 52372, 52799, 53987, 54355, 58577, 59715, 59719, 61621, 62426, 62540, 63492, 64196, 64234, 64238, 64252, 64326, 65447, 65482, 67987, 70030, 70037, 70062, 70075, 70459, 70578, 70630, 70669, 71054, 71146, 71172, 71189, 71202, 71214, 71279, 71324, 71663, 71685, 71700, 71754, 71781, 71815, 71836, 72022, 72428, 72456, 73015, 73018, 73373, 73489, 73499, 73575, 73623, 73679, 73793, 73893, 73900, 73903, 73954, 74093, 74096, 74103, 74138, 74208, 74234, 74280, 74283, 74293, 74307, 74421, 74426, 74431, 74501, 74520, 74541, 74561, 74628, 74969, 74975, 75215, 75392, 75418, 75503, 75803, 75819, 75958, 75963, 75971, 75981, 75987, 76206, 76226, 76234, 76275, 76294, 76300, 76332, 76337, 76362, 76419, 76426, 76446, 76467, 76508, 76512, 76526, 76560, 76567, 76572, 76576, 76580, 76586, 76620, 76633, 76637, 76645, 76676, 76696, 76718, 76724, 76733, 76771, 76778, 76783, 76790, 76796, 76800, 76805, 76815, 76820, 76830, 76841, 76863, 76868, 76882, 76904, 76968, 76979, 76995, 85656, 86180, 86184, 86205, 86211, 86216, 86219, 86225, 86233, 86240, 86250, 86254, 87205, 89128, 89141, 89179, 89201, 89209, 89219, 89222, 89245, 89413, 89507, 89528, 89725, 89759, 89829, 89843, 89852, 89892, 90278, 90282, 90298, 90302, 90311, 90315, 91757, 91881, 91913, 91929, 92390, 92462, 92479, 92507, 92527, 92580, 92583, 92586, 94883, 98933, 99246, 99478, 100119, 100123, 100126, 100130, 100135, 100140, 100145, 100965, 100977, 101069, 101751, 101780, 101920, 102095, 102111, 102121, 102127, 102135, 103167, 103198, 103226, 103230, 103291, 103304, 103316, 103379, 103385, 103405, 103432, 103439, 103488, 104393, 104396, 104985, 105043, 105072, 105090, 105110, 105113, 105116, 105127, 105151, 105181, 105185, 105194, 105431, 105435, 105499, 105517, 105557, 105570, 105588, 105614, 105649, 105676, 105684, 105714, 105777, 105834, 105902, 106358, 107088, 107101, 107114, 107117, 107121, 107131, 107144, 107159, 107193, 107218, 107284, 107392, 107417, 107422, 107456, 107489, 107492, 107881, 107934, 108031, 108257, 108264, 108616, 109015, 109073, 109076, 109195, 109259, 109302, 109324, 109342, 109362, 109692, 109704, 110114, 110298, 110644, 111081, 111094, 111557, 111593, 111617, 111676, 111745, 112274, 112282, 112423, 112438, 112560, 112597, 112606, 112708, 112715, 112720, 112728, 112771, 112827, 112830, 112838, 112845, 112851, 112890, 112897, 112906, 112930, 112966, 112989, 113001, 113039, 113055, 113149, 113266, 113275, 113281, 113302, 113306, 113309, 113314, 113317, 113320, 113326, 113329, 113338, 113346, 113350, 113390, 113405, 113417, 113431, 113447, 113451, 113453, 113459, 113463, 113477, 113480, 113483, 113486, 113489, 113496, 114122, 114131, 114135, 114140, 114147, 114186, 114595, 114606, 118062, 118066, 118081, 118091, 118456, 124290, 124346, 124403, 124436, 124500, 124502, 124504, 124506, 124509, 124516, 124519, 124797, 125485, 125671, 125873, 125899, 126289, 126331, 126334, 126391, 126745, 127152, 127296, 127311, 127326, 127334, 128431, 128475, 128660, 128693, 128705, 128707, 128711, 128728, 128744, 128760, 128770, 129064, 129140, 129277, 129394, 129547, 129559, 129706, 130069, 130102, 130471, 130487, 130501, 130516, 130549, 131281, 131289, 132195, 132764, 132769, 133820, 134685, 134702, 134708, 134843, 134881, 137563, 139153, 140574, 141682, 141699, 141705, 141711, 141722, 141728, 141762, 141782, 141787, 141852, 141878, 141881, 142187, 142334, 142369, 142426, 142748, 142761, 142780, 142801, 142814, 142823, 142887, 142929, 142948, 142985, 143007, 143011, 143023, 143041, 143045, 143060, 143093, 143118, 143130, 143214, 143240, 143309, 143323, 143357, 143394, 143483, 143556, 143589, 143715, 143718, 143791, 143886, 144875, 144923, 146063, 146068, 147613, 148949, 149308, 149419, 150128, 150131, 150403, 150501, 151760, 152054, 156266, 156380, 157102, 157232, 157853, 158009, 159895, 159900, 159942, 162417, 162887, 164786, 164792, 164796, 164821, 164826, 164831, 165363, 165378, 165948, 166002, 166012, 166015, 166018, 166034, 166037, 166049, 166052, 166055, 166060, 166071, 166084, 167420, 167428, 167431, 167450, 167453, 167690, 168069, 168205, 168233, 168242, 168258, 168354, 168385, 168388, 168445, 168472, 168487, 168510, 168604, 168681, 168700, 172195, 172220, 179589, 182822, 182989, 183023, 183029, 184372, 184884, 187579, 192013, 199979, 207162, 207491, 208784, 210034, 210097, 210103, 210176, 210363, 214977, 215027, 219963, 220030, 220949, 220952, 220969, 225722, 226331, 226357, 226369, 226453, 226969, 228068, 231517, 231531, 232218, 232230, 233095, 233384, 236668, 247261, 247957, 249480, 251251, 251286, 251289, 251294, 254362, 254375, 255349, 261092, 261151, 261231, 261367, 262452, 263172, 263176, 264599, 265296, 265300, 265331, 265874, 267929, 270452, 270462, 270502, 270516, 271056, 271152, 272128, 272132, 272151, 272174, 272192, 272195, 272217, 273687, 273734, 274426, 275952, 275958, 275969, 275972, 275999, 276019, 278873, 280090, 280926, 280951, 281802, 282387, 282397, 282420, 282822, 285282, 285284, 285287, 285289, 285292, 285707, 287794, 287816, 287848, 287858, 288220, 291681, 291883, 291893, 298910, 298942, 298965, 300905, 300909, 300969, 300975, 300980, 301031, 301968, 301995, 302431, 303433, 303460, 303463, 303733, 303833, 307036, 307040, 307089, 310749, 311408, 311412, 311423, 312770, 315275, 315539, 315566, 317052, 321048, 323230, 323330, 323999, 324040, 325970, 327516, 327742, 328033, 332874, 332885, 335019, 337992, 341806, 344142, 345190, 345195, 345199, 345204, 363082, 363085, 363091, 363095, 363154, 363186, 363213, 363217, 363233, 363249, 363263, 363295, 364268, 366431, 366436, 367188, 372306, 372453, 374485, 374492, 374586, 374978, 374983, 375123, 375375, 375383, 375639, 376344, 376607, 376830, 376951, 377730, 378306, 378574, 380028, 380203, 380533, 381138, 381145, 381210, 381277, 382169, 382176, 382197, 382203, 383750, 383804, 385575, 385590, 385597, 385599, 385820, 385864, 385966, 386726, 387533, 387550, 387556, 387563, 387673, 387677, 387695, 387700, 388651, 388658, 388678, 389018, 389025, 389028, 389041, 389048, 389052, 389057, 390165, 390173, 390176, 390206, 391437, 391442, 391650, 392054, 392074, 392257, 392262, 392433, 392505, 392508, 393070, 393194, 393652, 393657, 393662, 394307, 394389, 394537, 394554, 394576, 395631, 395639, 395757, 395765, 396261, 396335, 396342, 396602, 396605, 396636, 396639, 396670, 396683, 396743, 396819, 396834, 396974, 396978, 396987, 397015, 397062, 398358, 398367, 399112, 399142, 399153, 399198, 399983, 400432, 400439, 400470, 400502, 400510, 400535, 402031, 402034, 402102, 402136, 402169, 402425, 402862, 402876, 403233, 403236, 404555, 404823, 404858, 405618, 406517, 406940, 406958, 406972, 406995, 407016, 407018, 407681, 407684, 408042, 408076, 408079, 408087, 408104, 408148, 408500, 408645, 408648, 408651, 408654, 408657, 408680, 408736, 408851, 409628, 409632, 409686, 409689, 409699, 409788, 409801, 409869, 410030, 410831, 414102, 414150, 414571, 414590, 414791, 414810, 414816, 414915, 416294, 416525, 418013, 418017, 418860, 418863, 418995, 419071, 419087, 419134, 419280, 419287, 419327, 419814, 419897, 419922, 419956, 419970, 419976, 420012, 420356, 420358, 420361, 420389, 420399, 420480, 420486, 420491, 420517, 420522, 420884, 421766, 423859, 425334, 425808, 425931, 432358, 432449, 432453, 432458, 432466, 432470, 432487, 432491, 432494, 432508, 432517, 432524, 432530, 434068, 434900, 434907, 434926, 435005, 435588, 435931, 436468, 436473, 436483, 436498, 436513, 436522, 436528, 436582, 436714, 436719, 436723, 438460, 438465, 438738, 440117, 440204, 440228, 440233, 440240, 440684, 440739, 440992, 441006, 441031, 441201, 441300, 441311, 441315, 441325, 441351, 441443, 441541, 441545, 441579, 441584, 441588, 441595, 441646, 441652, 441656, 441666, 441671, 441692, 441697, 442324, 442328, 442334, 442336, 444374, 444380, 444389, 444838, 444842, 444847, 444851, 444854, 444870, 444878, 444882, 444885, 444888, 444900, 450361, 450692, 450695, 450707, 451397, 451401, 451415, 451427, 451437, 451474, 451714, 451990, 451998, 452279, 452283, 452348, 452357, 452606, 452679, 452694, 452699, 452725, 452757, 452764, 452772, 452812, 452817, 452827, 452831, 452835, 452839, 452853, 452872, 453267, 453274, 453292, 453299, 453313, 453619, 458296, 458303, 458484, 458516, 459098, 459111, 459430, 459494, 460930, 462274, 462277, 462283, 462292, 462632, 463699, 469979, 471767, 471842, 471846, 471851, 472800, 472806, 472814, 472821, 473163, 473278, 474192, 474606, 474675, 475705, 475710, 475713, 475717, 475776, 475949, 475970, 476379, 476392, 476396, 476403, 476439, 476665, 476746, 476770, 476794, 476797, 476801, 476807, 476993, 476996, 477009, 477049, 477052, 477058, 477061, 477106, 477111, 477249, 478017, 478022, 478155, 478478, 478512, 478517, 478553, 478559, 478640, 478643, 478646, 478650, 478676, 478688, 478695, 478699, 478983, 479016, 479020, 479205, 479212, 479220, 479233, 479279, 479283, 479287, 479355, 480198, 480204, 482803, 482945, 483319, 486073, 488526, 488529, 488609, 488625, 488668, 488959, 489269, 489467, 489495, 489513, 489518, 489532, 489558, 491343, 491553, 491828, 491973, 491986, 492030, 492038, 494687, 494800, 494804, 494840, 494931, 494999, 495013, 495019, 495024, 495272, 495327, 495364, 495375, 495569, 495671, 495679, 495683, 495712, 495930, 497845, 497915, 497924, 497929, 498009, 498377, 498488, 498515, 498554, 498568, 498577, 498586, 498746, 498817, 498832, 498835, 498943, 498947, 499022, 499033, 499066, 499170, 499315, 499391, 499397, 500427, 500549, 500914, 501208, 501213, 501255, 501263, 501275, 501287, 501384, 501577, 501583, 502295, 502763, 502771, 503520, 503526, 505009, 505061, 506513, 506605, 506961, 507366, 507512, 507518, 508473, 508483, 510325, 510336, 510343, 510352, 510362, 510740, 510774, 510861, 511195, 511587, 511825, 513286, 514988, 516290, 519056, 520118, 520175, 520900, 522316, 523057, 523250, 523713, 523721, 523728, 523733, 525103, 526151, 527614, 530353, 531275, 531811, 532195, 532943, 532960, 532984, 533030, 533153, 533164, 533184, 533224, 533917, 534986, 535706, 535747, 536525, 536915, 536951, 537027, 537041, 537215, 537903, 537909, 538010, 538018, 538410, 538553, 538565, 538576, 538838, 539100, 539249, 539276, 539311, 539315, 539319, 539324, 540491, 541960, 541980, 542040, 544226, 545597, 545614, 545654, 545657, 545660, 545849, 545852, 545876, 545930, 546854, 547605, 548725, 551366, 553387, 553540, 553830, 554817, 554892, 554931, 554939, 555149, 555192, 555212, 555238, 555245, 555414, 555442, 555822, 556196, 556717, 557038, 558328, 558911, 558917, 559315, 559734, 559758, 559993, 560075, 560390, 560629, 560675, 560680, 560716, 561974, 562450, 562470, 563363, 563368, 565064, 565067, 565072, 565079, 565482, 565955, 565981, 566044, 566049, 567461, 568749, 568754, 568884, 569014, 569022, 573617, 574897, 576448, 576564, 576794, 576797, 576962, 577997, 578623, 581457, 583402, 584407, 586760, 586771, 586790, 586887, 586892, 586903, 586947, 587601, 589509, 589561, 589607, 589696, 589705, 589717, 589913, 590560, 591093, 591199, 591507, 591516, 591540, 591724, 592062, 592224, 592793, 592808, 592909, 593289, 593498, 593556, 593696, 593762, 593777, 593787, 593790, 593895, 594051, 594418, 594706, 594949, 597563, 597866, 597905, 597910, 598114, 598167, 598533, 598581, 598587, 598742, 598794, 598805, 598969, 598986, 599137, 599300, 599305, 599442, 599475, 599980, 600132, 600385, 600421, 600723, 600951, 600954, 600956, 601109, 601290, 601310, 601326, 601405, 601419, 601510, 601595, 601600, 601616, 601631, 601688, 601783, 601787, 601794, 601835, 601844, 601976, 602020, 602157, 602248, 602966, 603063, 603218, 603223, 603284, 604702, 604830, 604839, 605617, 605690, 605893, 605927, 605972, 606628, 606671, 606788, 607084, 607126, 607164, 607465, 607497, 607537, 607675, 607709, 607726, 607736, 607793, 607874, 607886, 608014, 608099, 608170, 608326, 608414, 608420, 608433, 608449, 608469, 608684, 608757, 608791, 608802, 608865, 608957, 609393, 609414, 609430, 609502, 609606, 609636, 609741, 609810, 610029, 610272, 610277, 610396, 610401, 610473, 610592, 610604, 610626, 610677, 610779, 610813, 610838, 610846, 610855, 610869, 610879, 610936, 610993, 611038, 611042, 611269, 611291, 611321, 611367, 611674, 611742, 611815, 611857, 611883, 611910, 611935, 611948, 611956, 611997, 612056, 612178, 612184, 612608, 612708, 612731, 612736, 613193, 613269, 617666, 617691, 618451, 618461, 618551, 618747, 619322, 620566, 621379, 621394, 622273, 622432, 622806, 623019, 623197, 623475, 623486, 623607, 624235, 624313, 624317, 624350, 624423, 624428, 624438, 624443, 624535, 624563, 624586, 624593, 624598, 624602, 624618, 624639, 624672, 624720, 624805, 624809, 624878, 625085, 625134, 625139, 625232, 625259, 625292, 625309, 625315, 625361, 625370, 625639, 625654, 625717, 625739, 625772, 625871, 625876, 625899, 626009, 626136, 626173, 626570, 626773, 626784, 626808, 626995, 627067, 627243, 627784, 628144, 628258, 628544, 630273, 630832, 631003, 631292, 632135, 637514]
