14,191,[334, 340, 1452, 1485, 5841, 5863, 6414, 10029, 10259, 10523, 12184, 13557, 16157, 19212, 22087, 26068, 26696, 32960, 33090, 36332, 36426, 38576, 39024, 39523, 39632, 42317, 42852, 57239, 57289, 57965, 61123, 61628, 71088, 71588, 78521, 78727, 81986, 82462, 83409, 92275, 92436, 93172, 95383, 95554, 96093, 97934, 108784, 111761, 111911, 112320, 115391, 116459, 116598, 116807, 117172, 121787, 121845, 121861, 122296, 125381, 125882, 126041, 126814, 126917, 130485, 130741, 130812, 130821, 131038, 131496, 133283, 133493, 133551, 133910, 133932, 134015, 134058, 134071, 134100, 134104, 134109, 134170, 134287, 134292, 134297, 134318, 134334, 134340, 134390, 135707, 135877, 137669, 141134, 141248, 156505, 156619, 157215, 171820, 172744, 172753, 173761, 177291, 181062, 181293, 181348, 182100, 183113, 183176, 183707, 186947, 187177, 188938, 189534, 196365, 196754, 196800, 196865, 197093, 197492, 197496, 197503, 198232, 198261, 198287, 198342, 198401, 198418, 198439, 198469, 198504, 198508, 198574, 198584, 198588, 198642, 198719, 198806, 198849, 198860, 198876, 198917, 198937, 198961, 199028, 199035, 199218, 199229, 199243, 199348, 199759, 199786, 199839, 199919, 199933, 199938, 200000, 200104, 200152, 200214, 200332, 200545, 200547, 200612, 200622, 200665, 200697, 200751, 200774, 201165, 201312, 201329, 201375, 201393, 201423, 201425, 201489, 201510, 201535, 201551, 201557, 201589, 201633, 201641, 201685, 201732, 201772, 201793, 201860, 201873, 201882, 201912]
15,35,[433, 2376, 2454, 5038, 13019, 13235, 13425, 21949, 25280, 32138, 35253, 44946, 44990, 55729, 61840, 63459, 63619, 63712, 73295, 75225, 75839, 83731, 84044, 93297, 104225, 107662, 116850, 116994, 135686, 144319, 146771, 146793, 146914, 146991, 163172]
18,3,[7710, 9245, 66610]
20,1,[61869]
22,3,[24073, 108870, 110500]
25,204,[543, 549, 1670, 1703, 6173, 6195, 6688, 10243, 10467, 10710, 12280, 13576, 16008, 18801, 21621, 25287, 25876, 31823, 31945, 34978, 35066, 37165, 37561, 37990, 38091, 40668, 41151, 54876, 54916, 55610, 58661, 59171, 67799, 68263, 74981, 75168, 78300, 78751, 79673, 88429, 88571, 89217, 91369, 91515, 92025, 93829, 104285, 107179, 107317, 107691, 110486, 111519, 111645, 111836, 112188, 116719, 116769, 116783, 117176, 120088, 120606, 120748, 121510, 121602, 124907, 125133, 125202, 125210, 125399, 125832, 127782, 127839, 128174, 128270, 128312, 128325, 128354, 128358, 128363, 128422, 128538, 128543, 128548, 128569, 128585, 128589, 128639, 129962, 130106, 131844, 135274, 135369, 149855, 149954, 150506, 165003, 165882, 165890, 166795, 170087, 173650, 173875, 173930, 174686, 175647, 175703, 176225, 179262, 179464, 181155, 181686, 188182, 188515, 188579, 188625, 188888, 188972, 189338, 189342, 189588, 190257, 190269, 190902, 191732, 191816, 191902, 192040, 196729, 197885, 197927, 197946, 197984, 199064, 200566, 200595, 200621, 200676, 200736, 200753, 200774, 200802, 200837, 200841, 200874, 200912, 200922, 200926, 200978, 201053, 201140, 201183, 201194, 201210, 201251, 201271, 201295, 201362, 201369, 201550, 201561, 201576, 201681, 202104, 202131, 202184, 202264, 202278, 202283, 202345, 202449, 202497, 202559, 202677, 202891, 202893, 202959, 202969, 203012, 203044, 203099, 203122, 203528, 203675, 203692, 203736, 203754, 203784, 203786, 203849, 203870, 203895, 203911, 203917, 203949, 203993, 204001, 204046, 204093, 204133, 204154, 204221, 204235, 204244, 204274]
27,1,[87318]
29,100,[111, 238, 359, 486, 607, 734, 855, 982, 1103, 1230, 1351, 1478, 1599, 1726, 1847, 1974, 2096, 2224, 2345, 2472, 2593, 2720, 2841, 2968, 3089, 3216, 3337, 3464, 3585, 3712, 3833, 3960, 4081, 4208, 4329, 4456, 4577, 4704, 4825, 4952, 5073, 5200, 5321, 5448, 5569, 5696, 5817, 5944, 6065, 6192, 6313, 6440, 6561, 6688, 6809, 6936, 7058, 7186, 7308, 7436, 7558, 7686, 7808, 7936, 8058, 8186, 8308, 8436, 8557, 8684, 8805, 8932, 9053, 9180, 9301, 9428, 9550, 9678, 9800, 9928, 10050, 10178, 10299, 10426, 10547, 10674, 10795, 10922, 11043, 11170, 11294, 11421, 11542, 11669, 11791, 11919, 12040, 12167, 12288, 12415]
14,191,[334, 340, 1452, 1485, 5841, 5863, 6414, 10029, 10259, 10523, 12184, 13557, 16157, 19212, 22087, 26068, 26696, 32960, 33090, 36332, 36426, 38576, 39024, 39523, 39632, 42317, 42852, 57239, 57289, 57965, 61123, 61628, 71088, 71588, 78521, 78727, 81986, 82462, 83409, 92275, 92436, 93172, 95383, 95554, 96093, 97934, 108784, 111761, 111911, 112320, 115391, 116459, 116598, 116807, 117172, 121787, 121845, 121861, 122296, 125381, 125882, 126041, 126814, 126917, 130485, 130741, 130812, 130821, 131038, 131496, 133283, 133493, 133551, 133910, 133932, 134015, 134058, 134071, 134100, 134104, 134109, 134170, 134287, 134292, 134297, 134318, 134334, 134340, 134390, 135707, 135877, 137669, 141134, 141248, 156505, 156619, 157215, 171820, 172744, 172753, 173761, 177291, 181062, 181293, 181348, 182100, 183113, 183176, 183707, 186947, 187177, 188938, 189534, 196365, 196754, 196800, 196865, 197093, 197492, 197496, 197503, 198232, 198261, 198287, 198342, 198401, 198418, 198439, 198469, 198504, 198508, 198574, 198584, 198588, 198642, 198719, 198806, 198849, 198860, 198876, 198917, 198937, 198961, 199028, 199035, 199218, 199229, 199243, 199348, 199759, 199786, 199839, 199919, 199933, 199938, 200000, 200104, 200152, 200214, 200332, 200545, 200547, 200612, 200622, 200665, 200697, 200751, 200774, 201165, 201312, 201329, 201375, 201393, 201423, 201425, 201489, 201510, 201535, 201551, 201557, 201589, 201633, 201641, 201685, 201732, 201772, 201793, 201860, 201873, 201882, 201912]
15,35,[433, 2376, 2454, 5038, 13019, 13235, 13425, 21949, 25280, 32138, 35253, 44946, 44990, 55729, 61840, 63459, 63619, 63712, 73295, 75225, 75839, 83731, 84044, 93297, 104225, 107662, 116850, 116994, 135686, 144319, 146771, 146793, 146914, 146991, 163172]
18,3,[7710, 9245, 66610]
20,1,[61869]
22,3,[24073, 108870, 110500]
25,204,[543, 549, 1670, 1703, 6173, 6195, 6688, 10243, 10467, 10710, 12280, 13576, 16008, 18801, 21621, 25287, 25876, 31823, 31945, 34978, 35066, 37165, 37561, 37990, 38091, 40668, 41151, 54876, 54916, 55610, 58661, 59171, 67799, 68263, 74981, 75168, 78300, 78751, 79673, 88429, 88571, 89217, 91369, 91515, 92025, 93829, 104285, 107179, 107317, 107691, 110486, 111519, 111645, 111836, 112188, 116719, 116769, 116783, 117176, 120088, 120606, 120748, 121510, 121602, 124907, 125133, 125202, 125210, 125399, 125832, 127782, 127839, 128174, 128270, 128312, 128325, 128354, 128358, 128363, 128422, 128538, 128543, 128548, 128569, 128585, 128589, 128639, 129962, 130106, 131844, 135274, 135369, 149855, 149954, 150506, 165003, 165882, 165890, 166795, 170087, 173650, 173875, 173930, 174686, 175647, 175703, 176225, 179262, 179464, 181155, 181686, 188182, 188515, 188579, 188625, 188888, 188972, 189338, 189342, 189588, 190257, 190269, 190902, 191732, 191816, 191902, 192040, 196729, 197885, 197927, 197946, 197984, 199064, 200566, 200595, 200621, 200676, 200736, 200753, 200774, 200802, 200837, 200841, 200874, 200912, 200922, 200926, 200978, 201053, 201140, 201183, 201194, 201210, 201251, 201271, 201295, 201362, 201369, 201550, 201561, 201576, 201681, 202104, 202131, 202184, 202264, 202278, 202283, 202345, 202449, 202497, 202559, 202677, 202891, 202893, 202959, 202969, 203012, 203044, 203099, 203122, 203528, 203675, 203692, 203736, 203754, 203784, 203786, 203849, 203870, 203895, 203911, 203917, 203949, 203993, 204001, 204046, 204093, 204133, 204154, 204221, 204235, 204244, 204274]
27,1,[87318]
29,100,[111, 238, 359, 486, 607, 734, 855, 982, 1103, 1230, 1351, 1478, 1599, 1726, 1847, 1974, 2096, 2224, 2345, 2472, 2593, 2720, 2841, 2968, 3089, 3216, 3337, 3464, 3585, 3712, 3833, 3960, 4081, 4208, 4329, 4456, 4577, 4704, 4825, 4952, 5073, 5200, 5321, 5448, 5569, 5696, 5817, 5944, 6065, 6192, 6313, 6440, 6561, 6688, 6809, 6936, 7058, 7186, 7308, 7436, 7558, 7686, 7808, 7936, 8058, 8186, 8308, 8436, 8557, 8684, 8805, 8932, 9053, 9180, 9301, 9428, 9550, 9678, 9800, 9928, 10050, 10178, 10299, 10426, 10547, 10674, 10795, 10922, 11043, 11170, 11294, 11421, 11542, 11669, 11791, 11919, 12040, 12167, 12288, 12415]
