10,48,[213686, 217555, 230512, 234809, 254978, 255485, 260543, 279345, 280116, 283467, 283981, 286706, 292220, 292288, 292302, 292853, 292898, 293001, 293927, 295335, 295365, 295918, 296166, 296226, 296251, 321016, 343946, 363012, 373246, 380161, 410900, 462304, 464837, 465544, 465936, 467152, 468230, 471384, 478667, 485516, 512759, 513708, 513906, 526538, 526747, 538216, 561841, 608454]
14,2,[66966, 113297]
15,4,[6108, 44442, 137503, 139463]
17,2,[64375, 104554]
20,5,[14702, 27460, 36386, 51520, 63214]
21,2,[32497, 32553]
22,5,[25827, 25948, 36850, 77737, 161863]
25,3,[21576, 63906, 108583]
26,5,[15311, 28287, 37291, 52589, 64575]
30,48,[213544, 217415, 230362, 234659, 254825, 255332, 260387, 279190, 279961, 283311, 283825, 286550, 292063, 292131, 292145, 292696, 292741, 292844, 293770, 295178, 295208, 295761, 296009, 296069, 296094, 320857, 343787, 362852, 373083, 379998, 410734, 462133, 464666, 465373, 465765, 466981, 468059, 471213, 478499, 485352, 512590, 513539, 513737, 526366, 526575, 538041, 561663, 608242]
10,48,[213686, 217555, 230512, 234809, 254978, 255485, 260543, 279345, 280116, 283467, 283981, 286706, 292220, 292288, 292302, 292853, 292898, 293001, 293927, 295335, 295365, 295918, 296166, 296226, 296251, 321016, 343946, 363012, 373246, 380161, 410900, 462304, 464837, 465544, 465936, 467152, 468230, 471384, 478667, 485516, 512759, 513708, 513906, 526538, 526747, 538216, 561841, 608454]
14,2,[66966, 113297]
15,4,[6108, 44442, 137503, 139463]
17,2,[64375, 104554]
20,5,[14702, 27460, 36386, 51520, 63214]
21,2,[32497, 32553]
22,5,[25827, 25948, 36850, 77737, 161863]
25,3,[21576, 63906, 108583]
26,5,[15311, 28287, 37291, 52589, 64575]
30,48,[213544, 217415, 230362, 234659, 254825, 255332, 260387, 279190, 279961, 283311, 283825, 286550, 292063, 292131, 292145, 292696, 292741, 292844, 293770, 295178, 295208, 295761, 296009, 296069, 296094, 320857, 343787, 362852, 373083, 379998, 410734, 462133, 464666, 465373, 465765, 466981, 468059, 471213, 478499, 485352, 512590, 513539, 513737, 526366, 526575, 538041, 561663, 608242]
