10,33,[277255, 320901, 321356, 321469, 329156, 340915, 356317, 368995, 372607, 376806, 377691, 396144, 398552, 403213, 423446, 428109, 428183, 440553, 445255, 474148, 477630, 477709, 477787, 477843, 477891, 477954, 478047, 478427, 478431, 478471, 478496, 479636, 484018]
17,1,[36042]
20,2,[3033, 61154]
26,2,[3498, 62454]
30,33,[277099, 320742, 321197, 321310, 328997, 340756, 356158, 368832, 372444, 376643, 377528, 395978, 398386, 403047, 423280, 427942, 428016, 440383, 445085, 473978, 477462, 477541, 477619, 477675, 477723, 477786, 477879, 478259, 478263, 478303, 478328, 479468, 483853]
10,33,[277255, 320901, 321356, 321469, 329156, 340915, 356317, 368995, 372607, 376806, 377691, 396144, 398552, 403213, 423446, 428109, 428183, 440553, 445255, 474148, 477630, 477709, 477787, 477843, 477891, 477954, 478047, 478427, 478431, 478471, 478496, 479636, 484018]
17,1,[36042]
20,2,[3033, 61154]
26,2,[3498, 62454]
30,33,[277099, 320742, 321197, 321310, 328997, 340756, 356158, 368832, 372444, 376643, 377528, 395978, 398386, 403047, 423280, 427942, 428016, 440383, 445085, 473978, 477462, 477541, 477619, 477675, 477723, 477786, 477879, 478259, 478263, 478303, 478328, 479468, 483853]
