9,1,[1756]
14,4,[25066, 77542, 102530, 104093]
15,6,[6848, 48893, 61323, 96641, 115171, 159823]
17,1,[187136]
18,3,[21940, 32634, 115154]
22,13,[1754, 2732, 2759, 2788, 3047, 5458, 24463, 29800, 32436, 61790, 61791, 108782, 140860]
25,3,[73941, 98404, 99947]
26,1,[24360]
27,1,[87204]
9,1,[1756]
14,4,[25066, 77542, 102530, 104093]
15,6,[6848, 48893, 61323, 96641, 115171, 159823]
17,1,[187136]
18,3,[21940, 32634, 115154]
22,13,[1754, 2732, 2759, 2788, 3047, 5458, 24463, 29800, 32436, 61790, 61791, 108782, 140860]
25,3,[73941, 98404, 99947]
26,1,[24360]
27,1,[87204]
