14,3,[2357, 2377, 2405]
15,1,[9742]
17,3,[6425, 21344, 112683]
18,6,[18159, 24482, 31693, 108543, 111043, 122621]
20,4,[9935, 23667, 51659, 51807]
21,1,[2902]
22,3,[22884, 59051, 137771]
23,1,[14145]
25,3,[2711, 2731, 2759]
26,4,[10489, 24436, 52738, 52886]
27,1,[67310]
14,3,[2357, 2377, 2405]
15,1,[9742]
17,3,[6425, 21344, 112683]
18,6,[18159, 24482, 31693, 108543, 111043, 122621]
20,4,[9935, 23667, 51659, 51807]
21,1,[2902]
22,3,[22884, 59051, 137771]
23,1,[14145]
25,3,[2711, 2731, 2759]
26,4,[10489, 24436, 52738, 52886]
27,1,[67310]
