14,24,[9387, 12820, 17381, 19315, 23287, 32342, 48989, 67995, 69627, 90389, 93744, 93783, 110516, 114135, 126075, 134772, 137106, 149218, 156738, 161540, 173961, 175853, 194804, 197306]
18,5,[67289, 67371, 87513, 87883, 114639]
22,7,[17564, 36697, 60711, 104481, 124647, 124649, 124651]
25,27,[9643, 12885, 16535, 17136, 18898, 22734, 31220, 47079, 64808, 66435, 75576, 86650, 89761, 89798, 106057, 109384, 120786, 128996, 131279, 141225, 143093, 150060, 154790, 166969, 167122, 168743, 186620]
27,1,[22048]
14,24,[9387, 12820, 17381, 19315, 23287, 32342, 48989, 67995, 69627, 90389, 93744, 93783, 110516, 114135, 126075, 134772, 137106, 149218, 156738, 161540, 173961, 175853, 194804, 197306]
18,5,[67289, 67371, 87513, 87883, 114639]
22,7,[17564, 36697, 60711, 104481, 124647, 124649, 124651]
25,27,[9643, 12885, 16535, 17136, 18898, 22734, 31220, 47079, 64808, 66435, 75576, 86650, 89761, 89798, 106057, 109384, 120786, 128996, 131279, 141225, 143093, 150060, 154790, 166969, 167122, 168743, 186620]
27,1,[22048]
