9,1,[1225]
14,3,[8764, 8913, 30759]
15,6,[1320, 34972, 60018, 119632, 138776, 163279]
19,3,[12393, 15370, 15969]
20,4,[6313, 6630, 55467, 60172]
22,3,[24071, 110502, 129172]
25,9,[9007, 9162, 9179, 29746, 189921, 192521, 192555, 193590, 197202]
26,4,[6831, 7148, 56626, 61466]
9,1,[1225]
14,3,[8764, 8913, 30759]
15,6,[1320, 34972, 60018, 119632, 138776, 163279]
19,3,[12393, 15370, 15969]
20,4,[6313, 6630, 55467, 60172]
22,3,[24071, 110502, 129172]
25,9,[9007, 9162, 9179, 29746, 189921, 192521, 192555, 193590, 197202]
26,4,[6831, 7148, 56626, 61466]
