10,8,[305746, 499485, 504304, 614201, 638360, 638992, 639130, 640740]
14,1,[61521]
15,1,[57702]
16,3,[2616, 21041, 27078]
17,2,[178894, 191062]
22,2,[92067, 93909]
25,1,[59072]
28,1,[2357]
30,8,[305588, 499316, 504135, 613967, 638085, 638717, 638855, 640465]
10,8,[305746, 499485, 504304, 614201, 638360, 638992, 639130, 640740]
14,1,[61521]
15,1,[57702]
16,3,[2616, 21041, 27078]
17,2,[178894, 191062]
22,2,[92067, 93909]
25,1,[59072]
28,1,[2357]
30,8,[305588, 499316, 504135, 613967, 638085, 638717, 638855, 640465]
