10,5,[507402, 525690, 534495, 537701, 558076]
11,1,[18501]
14,9,[56417, 67548, 73030, 86564, 93041, 111568, 148318, 180615, 184075]
16,2,[1530, 5227]
22,2,[121927, 124001]
25,9,[54053, 64423, 69544, 82906, 89105, 107015, 142259, 173228, 176557]
27,2,[11274, 21706]
30,5,[507233, 525518, 534320, 537526, 557898]
10,5,[507402, 525690, 534495, 537701, 558076]
11,1,[18501]
14,9,[56417, 67548, 73030, 86564, 93041, 111568, 148318, 180615, 184075]
16,2,[1530, 5227]
22,2,[121927, 124001]
25,9,[54053, 64423, 69544, 82906, 89105, 107015, 142259, 173228, 176557]
27,2,[11274, 21706]
30,5,[507233, 525518, 534320, 537526, 557898]
