14,5,[19922, 43925, 106704, 112018, 115911]
18,33,[8612, 9297, 9332, 12772, 20049, 20112, 20172, 32652, 34096, 38753, 40025, 40052, 40536, 41375, 43534, 81019, 82708, 83015, 84681, 91613, 91653, 91761, 95649, 95776, 115439, 136285, 141597, 141633, 141655, 141928, 142681, 142920, 143271]
23,1,[17691]
25,5,[19459, 42133, 102334, 110981, 173814]
29,2,[9199, 9320]
14,5,[19922, 43925, 106704, 112018, 115911]
18,33,[8612, 9297, 9332, 12772, 20049, 20112, 20172, 32652, 34096, 38753, 40025, 40052, 40536, 41375, 43534, 81019, 82708, 83015, 84681, 91613, 91653, 91761, 95649, 95776, 115439, 136285, 141597, 141633, 141655, 141928, 142681, 142920, 143271]
23,1,[17691]
25,5,[19459, 42133, 102334, 110981, 173814]
29,2,[9199, 9320]
