14,699,[826, 940, 2113, 2733, 2795, 3570, 3643, 3733, 4469, 4552, 4570, 4605, 5439, 5500, 5574, 6269, 6319, 6998, 7040, 7088, 7093, 7561, 7640, 7715, 8227, 8271, 8315, 9726, 9802, 9858, 11082, 11153, 11232, 11813, 11866, 11899, 13219, 13276, 13344, 13409, 14277, 14353, 14411, 15053, 15064, 15119, 15183, 15805, 15863, 15934, 16936, 17014, 17095, 17687, 17756, 17826, 17881, 18804, 18878, 18941, 19653, 19724, 19815, 20417, 20485, 20569, 21104, 21150, 21206, 21262, 21852, 21915, 21982, 22774, 22834, 22939, 23641, 23713, 23776, 24875, 24951, 25063, 25845, 25907, 26439, 26471, 26538, 26588, 27531, 27629, 27698, 28420, 28480, 28549, 29176, 29259, 29331, 29444, 30109, 30169, 30252, 30948, 31019, 31081, 31137, 31799, 31870, 31935, 32029, 32660, 32756, 32840, 32929, 33617, 33707, 33771, 33863, 34385, 34445, 34490, 35081, 35158, 35236, 35311, 36050, 36109, 36190, 36988, 37052, 37140, 37492, 38241, 38316, 38388, 38877, 38914, 38936, 39373, 39411, 39437, 40247, 40315, 40444, 41113, 41183, 41266, 41949, 42016, 42102, 42713, 42768, 42812, 43643, 43652, 43712, 43803, 44574, 44639, 44721, 45757, 45830, 45917, 45923, 46743, 46785, 46882, 46953, 47765, 47842, 47914, 48600, 48664, 48738, 49304, 49376, 49438, 50262, 50324, 50399, 51253, 51317, 51422, 52428, 52502, 52596, 53705, 53772, 53838, 54508, 54569, 54631, 55446, 55509, 55607, 56299, 56324, 56385, 56422, 56974, 57042, 57085, 57725, 57784, 57841, 58614, 58690, 58766, 58846, 59974, 60067, 60163, 60857, 60918, 60963, 61465, 61517, 61565, 62333, 62394, 62457, 62541, 63114, 63170, 63240, 63318, 63827, 63934, 64724, 64814, 64887, 65764, 65857, 65934, 66709, 66777, 66857, 67430, 67492, 67553, 68453, 68535, 68607, 69264, 69330, 69374, 70004, 70072, 70157, 70762, 70818, 70873, 71458, 71519, 72336, 72406, 72498, 72945, 73001, 73035, 73578, 73649, 73728, 74414, 74464, 74532, 74612, 75389, 75455, 75531, 76276, 76353, 76421, 77389, 77459, 77539, 78253, 78316, 78372, 78381, 79547, 79624, 79688, 80471, 80536, 80597, 81583, 81653, 81775, 83111, 83180, 83270, 84204, 84273, 84379, 85331, 85405, 85475, 86440, 86508, 86570, 87803, 87892, 87978, 88857, 88949, 89007, 89077, 89906, 89979, 90070, 90735, 90803, 90903, 91182, 91966, 92036, 92110, 92962, 93046, 94031, 94109, 94175, 94982, 95065, 95189, 95941, 95998, 96050, 96728, 96799, 96866, 97674, 97742, 97820, 98518, 98574, 98618, 99272, 99341, 99429, 100630, 100699, 100794, 101558, 101567, 101581, 101701, 102381, 102445, 102525, 103235, 103349, 103421, 103465, 104101, 104158, 104205, 104820, 104886, 104938, 105520, 105578, 105613, 105623, 106386, 106448, 106545, 107163, 107224, 107287, 107346, 108445, 108523, 108617, 109311, 109377, 109446, 110079, 110147, 110228, 110808, 110822, 110882, 110968, 111493, 111540, 111573, 112150, 112200, 112890, 112912, 112972, 113027, 113628, 113703, 113778, 114521, 114583, 114665, 115200, 115250, 116152, 116211, 116321, 117021, 117062, 117935, 118475, 118509, 118594, 118647, 119118, 119182, 119225, 119838, 119910, 120016, 120590, 120673, 120737, 120814, 121456, 121537, 121614, 122094, 122144, 122195, 122227, 123008, 123112, 123186, 123271, 124038, 124116, 124179, 124960, 125053, 125105, 125180, 125733, 125787, 125833, 126568, 126636, 126712, 127689, 127708, 127774, 127854, 128571, 128639, 128728, 129421, 129485, 129639, 130238, 130312, 130361, 130837, 130868, 131403, 131442, 132194, 132278, 132345, 133047, 133117, 133194, 133802, 133841, 135302, 135362, 135479, 136536, 136611, 136676, 137418, 137489, 137573, 138569, 138647, 138744, 139591, 139670, 139788, 140070, 140791, 140860, 140963, 141599, 141639, 142543, 142628, 142704, 143559, 143638, 143715, 144521, 144579, 145097, 145108, 145179, 145227, 145800, 145877, 145935, 146767, 146849, 146905, 147580, 147586, 147660, 147751, 148214, 148281, 148323, 148847, 148906, 148964, 149478, 149552, 149615, 150137, 150198, 150244, 150708, 150770, 150841, 151459, 151471, 151585, 152227, 152290, 152351, 152983, 153010, 153074, 153139, 153953, 154023, 154105, 154738, 154810, 154890, 155472, 155538, 155616, 156194, 156239, 156317, 156390, 157036, 157098, 157170, 157743, 157841, 157904, 157971, 158973, 159046, 159104, 159615, 160793, 160902, 161016, 162144, 162218, 162296, 163365, 163449, 163543, 164287, 164364, 164453, 165194, 165269, 165353, 165879, 165895, 166424, 166492, 166556, 167306, 167386, 167458, 168255, 168345, 168413, 168477, 169449, 169520, 169600, 170396, 170474, 170580, 171466, 171542, 171688, 172375, 172444, 172512, 172577, 173032, 173077, 173131, 173581, 173655, 173696, 174353, 174430, 174504, 175276, 175345, 175431, 176226, 176341, 176413, 176512, 177054, 177105, 177575, 177630, 177671, 178203, 178285, 178346, 178419, 179067, 179122, 179184, 179240, 180473, 180542, 180620, 181702, 181772, 181845, 181953, 181958, 181962, 181967, 181971, 181976, 182779, 182849, 182915, 183508, 183583, 183630, 184139, 184844, 184911, 184994, 185853, 185881, 185954, 186036, 186697, 186750, 187510, 187561, 187606, 188166, 188281, 188285, 188631, 188670, 188741, 188797, 189367, 189435, 189476, 189934, 189993, 190659, 190732, 190814, 191380, 191440, 191506, 191572, 192532, 192609, 192690, 192706, 193519, 193610, 193679, 193751, 194339, 194359, 194419, 194494, 195106, 195180, 195265, 196059, 196136, 196218]
15,2,[34043, 136730]
16,1,[36649]
18,6,[19182, 19190, 19247, 19579, 68776, 95453]
22,21,[2413, 10138, 12454, 14217, 15056, 42445, 42973, 51607, 60317, 60844, 62657, 64130, 64205, 72936, 75677, 86658, 91432, 91455, 106572, 107868, 118316]
23,7,[5516, 14716, 25209, 25216, 25370, 26263, 26281]
25,713,[1007, 1065, 2417, 3085, 3145, 3971, 4042, 4127, 4896, 4971, 4987, 5024, 5799, 5860, 5930, 6567, 6609, 7204, 7243, 7287, 7292, 7841, 7925, 8000, 8459, 8496, 8536, 9957, 10031, 10086, 11253, 11320, 11392, 11948, 11993, 12036, 13261, 13317, 13378, 13439, 14296, 14360, 14414, 15001, 15010, 15064, 15129, 15696, 15746, 15813, 16734, 16807, 16886, 17403, 17470, 17538, 17589, 18434, 18506, 18565, 19203, 19271, 19353, 20087, 20153, 20231, 20705, 20750, 20799, 20851, 21410, 21468, 21532, 22288, 22344, 22441, 23049, 23120, 23178, 24202, 24266, 24367, 25099, 25153, 25639, 25670, 25733, 25779, 26648, 26743, 26814, 26929, 27529, 27585, 27649, 28240, 28315, 28382, 28488, 29161, 29216, 29295, 29910, 29992, 30049, 30101, 30711, 30790, 30854, 30942, 31530, 31626, 31708, 31805, 32439, 32517, 32579, 32673, 33137, 33186, 33228, 33773, 33841, 33913, 33984, 34697, 34771, 34851, 35634, 35694, 35782, 36103, 36838, 36906, 36986, 37447, 37476, 37494, 37866, 37896, 37918, 38726, 38788, 38909, 39539, 39606, 39690, 40328, 40393, 40475, 41031, 41078, 41118, 41878, 41886, 41942, 42030, 42788, 42848, 42928, 43924, 43987, 44062, 44068, 44923, 44987, 45074, 45141, 45938, 46000, 46070, 46698, 46719, 46781, 46852, 47397, 47465, 47521, 48290, 48347, 48419, 49181, 49242, 49349, 50287, 50359, 50449, 51571, 51635, 51700, 52347, 52404, 52462, 53187, 53244, 53339, 53935, 53965, 54020, 54057, 54631, 54694, 54733, 55378, 55443, 55499, 56216, 56378, 56450, 56527, 57615, 57699, 57791, 58420, 58474, 58519, 59021, 59069, 59113, 59919, 59989, 60048, 60128, 60651, 60706, 60771, 60845, 61347, 61443, 62397, 62601, 62610, 62766, 62899, 63667, 63733, 63808, 64319, 64370, 64427, 65293, 65358, 65426, 66108, 66173, 66218, 66801, 66865, 66946, 67497, 67547, 67598, 68149, 68205, 68932, 68998, 69085, 69470, 69518, 69548, 70051, 70119, 70195, 70852, 70901, 70970, 71046, 71803, 71866, 71938, 72730, 72804, 72872, 73797, 73863, 73938, 74718, 74774, 74841, 74850, 75962, 76031, 76091, 76195, 76811, 76868, 76925, 77913, 77990, 78108, 79390, 79450, 79545, 80499, 80563, 80665, 81734, 81799, 81865, 82789, 82850, 82910, 84138, 84225, 84307, 85192, 85284, 85337, 85403, 86206, 86275, 86362, 86982, 87044, 87136, 87384, 88116, 88188, 88263, 89037, 89109, 90137, 90211, 90273, 91002, 91081, 91200, 91881, 91941, 91990, 92650, 92712, 92777, 93584, 93649, 93726, 94432, 94435, 94486, 94526, 95174, 95239, 95321, 96576, 96639, 96733, 97434, 97558, 98262, 98323, 98399, 99139, 99273, 99343, 99385, 99955, 100005, 100048, 100621, 100681, 100729, 101239, 101289, 101320, 101330, 102034, 102096, 102186, 102758, 102835, 102898, 102953, 103964, 104030, 104133, 104758, 104817, 104886, 105659, 105725, 105802, 106332, 106345, 106401, 106486, 106951, 106990, 107019, 107538, 107580, 108208, 108227, 108283, 108338, 108928, 108999, 109070, 109713, 109770, 109844, 110268, 110316, 110362, 111233, 111287, 111392, 112046, 112084, 112778, 112866, 113422, 113500, 113574, 113638, 114065, 114126, 114174, 114781, 114854, 114955, 115536, 115618, 115678, 115751, 116438, 116518, 116586, 116995, 117044, 117087, 117118, 117880, 118008, 118074, 118155, 118858, 118930, 118989, 119748, 119789, 119834, 119905, 120467, 120513, 120566, 121283, 121347, 121419, 122327, 122338, 122403, 122473, 123120, 123194, 123276, 123882, 123957, 124011, 124158, 124699, 124765, 124810, 125170, 125223, 125250, 125750, 125788, 126506, 126576, 126639, 127377, 127438, 127511, 128084, 128115, 129601, 129660, 129763, 130722, 130787, 130848, 131610, 131677, 131757, 132672, 132746, 132834, 133691, 133787, 133863, 133984, 134236, 134946, 135016, 135114, 135640, 135680, 135716, 136630, 136706, 136778, 136905, 137622, 137693, 137766, 138568, 138619, 139076, 139090, 139158, 139202, 139757, 139829, 139883, 140764, 140842, 140894, 141002, 141545, 141570, 141641, 141737, 142164, 142223, 142264, 142747, 142804, 142859, 143345, 143408, 143464, 143948, 144003, 144046, 144459, 144520, 144583, 145153, 145165, 145267, 145900, 145957, 146014, 146587, 146651, 146712, 147448, 147514, 147594, 148181, 148246, 148322, 148892, 148954, 149028, 149563, 149616, 149678, 149747, 150341, 150400, 150468, 151150, 151208, 151271, 152172, 152239, 152294, 152740, 153949, 154119, 154232, 154488, 154494, 154499, 155413, 155477, 155554, 156579, 156658, 156748, 157453, 157485, 157557, 157636, 158378, 158454, 158534, 159004, 159018, 159494, 159558, 159618, 160433, 160499, 160567, 161356, 161445, 161504, 161564, 162518, 162594, 162671, 163446, 163521, 163623, 164668, 164750, 164885, 165613, 165674, 165742, 166134, 166170, 166220, 166633, 166702, 166739, 167367, 167439, 167509, 168203, 168272, 168354, 169125, 169240, 169307, 169401, 169885, 169928, 170335, 170381, 170418, 170890, 170973, 171030, 171099, 171710, 171768, 171823, 171875, 173101, 173158, 173232, 174273, 174362, 174431, 174537, 174542, 174546, 174551, 174555, 174560, 175343, 175403, 175465, 176032, 176100, 176143, 176635, 177298, 177364, 177441, 178253, 178280, 178355, 178433, 179045, 179090, 179800, 179844, 179890, 180445, 180549, 180553, 180882, 180920, 180983, 181037, 181531, 181597, 181637, 182188, 182259, 183210, 183272, 183391, 183509, 183514, 184426, 184502, 184579, 184595, 185398, 185482, 185557, 185624, 186199, 186218, 186275, 186345, 186916, 186985, 187065, 187899, 187967, 188043, 191630, 193470, 196421, 196526, 196832, 196853]
27,1,[10614]
29,200,[80, 164, 169, 177, 328, 412, 417, 425, 576, 660, 665, 673, 824, 908, 913, 921, 1072, 1156, 1161, 1169, 1320, 1404, 1409, 1417, 1568, 1652, 1657, 1665, 1816, 1900, 1905, 1913, 2065, 2150, 2155, 2163, 2314, 2398, 2403, 2411, 2562, 2646, 2651, 2659, 2810, 2894, 2899, 2907, 3058, 3142, 3147, 3155, 3306, 3390, 3395, 3403, 3554, 3638, 3643, 3651, 3802, 3886, 3891, 3899, 4050, 4134, 4139, 4147, 4298, 4382, 4387, 4395, 4546, 4630, 4635, 4643, 4794, 4878, 4883, 4891, 5042, 5126, 5131, 5139, 5290, 5374, 5379, 5387, 5538, 5622, 5627, 5635, 5786, 5870, 5875, 5883, 6034, 6118, 6123, 6131, 6282, 6366, 6371, 6379, 6530, 6614, 6619, 6627, 6778, 6862, 6867, 6875, 7027, 7112, 7117, 7125, 7277, 7362, 7367, 7375, 7527, 7612, 7617, 7625, 7777, 7862, 7867, 7875, 8027, 8112, 8117, 8125, 8277, 8362, 8367, 8375, 8526, 8610, 8615, 8623, 8774, 8858, 8863, 8871, 9022, 9106, 9111, 9119, 9270, 9354, 9359, 9367, 9519, 9604, 9609, 9617, 9769, 9854, 9859, 9867, 10019, 10104, 10109, 10117, 10268, 10352, 10357, 10365, 10516, 10600, 10605, 10613, 10764, 10848, 10853, 10861, 11012, 11096, 11101, 11109, 11263, 11347, 11352, 11360, 11511, 11595, 11600, 11608, 11760, 11845, 11850, 11858, 12009, 12093, 12098, 12106, 12257, 12341, 12346, 12354]
14,699,[826, 940, 2113, 2733, 2795, 3570, 3643, 3733, 4469, 4552, 4570, 4605, 5439, 5500, 5574, 6269, 6319, 6998, 7040, 7088, 7093, 7561, 7640, 7715, 8227, 8271, 8315, 9726, 9802, 9858, 11082, 11153, 11232, 11813, 11866, 11899, 13219, 13276, 13344, 13409, 14277, 14353, 14411, 15053, 15064, 15119, 15183, 15805, 15863, 15934, 16936, 17014, 17095, 17687, 17756, 17826, 17881, 18804, 18878, 18941, 19653, 19724, 19815, 20417, 20485, 20569, 21104, 21150, 21206, 21262, 21852, 21915, 21982, 22774, 22834, 22939, 23641, 23713, 23776, 24875, 24951, 25063, 25845, 25907, 26439, 26471, 26538, 26588, 27531, 27629, 27698, 28420, 28480, 28549, 29176, 29259, 29331, 29444, 30109, 30169, 30252, 30948, 31019, 31081, 31137, 31799, 31870, 31935, 32029, 32660, 32756, 32840, 32929, 33617, 33707, 33771, 33863, 34385, 34445, 34490, 35081, 35158, 35236, 35311, 36050, 36109, 36190, 36988, 37052, 37140, 37492, 38241, 38316, 38388, 38877, 38914, 38936, 39373, 39411, 39437, 40247, 40315, 40444, 41113, 41183, 41266, 41949, 42016, 42102, 42713, 42768, 42812, 43643, 43652, 43712, 43803, 44574, 44639, 44721, 45757, 45830, 45917, 45923, 46743, 46785, 46882, 46953, 47765, 47842, 47914, 48600, 48664, 48738, 49304, 49376, 49438, 50262, 50324, 50399, 51253, 51317, 51422, 52428, 52502, 52596, 53705, 53772, 53838, 54508, 54569, 54631, 55446, 55509, 55607, 56299, 56324, 56385, 56422, 56974, 57042, 57085, 57725, 57784, 57841, 58614, 58690, 58766, 58846, 59974, 60067, 60163, 60857, 60918, 60963, 61465, 61517, 61565, 62333, 62394, 62457, 62541, 63114, 63170, 63240, 63318, 63827, 63934, 64724, 64814, 64887, 65764, 65857, 65934, 66709, 66777, 66857, 67430, 67492, 67553, 68453, 68535, 68607, 69264, 69330, 69374, 70004, 70072, 70157, 70762, 70818, 70873, 71458, 71519, 72336, 72406, 72498, 72945, 73001, 73035, 73578, 73649, 73728, 74414, 74464, 74532, 74612, 75389, 75455, 75531, 76276, 76353, 76421, 77389, 77459, 77539, 78253, 78316, 78372, 78381, 79547, 79624, 79688, 80471, 80536, 80597, 81583, 81653, 81775, 83111, 83180, 83270, 84204, 84273, 84379, 85331, 85405, 85475, 86440, 86508, 86570, 87803, 87892, 87978, 88857, 88949, 89007, 89077, 89906, 89979, 90070, 90735, 90803, 90903, 91182, 91966, 92036, 92110, 92962, 93046, 94031, 94109, 94175, 94982, 95065, 95189, 95941, 95998, 96050, 96728, 96799, 96866, 97674, 97742, 97820, 98518, 98574, 98618, 99272, 99341, 99429, 100630, 100699, 100794, 101558, 101567, 101581, 101701, 102381, 102445, 102525, 103235, 103349, 103421, 103465, 104101, 104158, 104205, 104820, 104886, 104938, 105520, 105578, 105613, 105623, 106386, 106448, 106545, 107163, 107224, 107287, 107346, 108445, 108523, 108617, 109311, 109377, 109446, 110079, 110147, 110228, 110808, 110822, 110882, 110968, 111493, 111540, 111573, 112150, 112200, 112890, 112912, 112972, 113027, 113628, 113703, 113778, 114521, 114583, 114665, 115200, 115250, 116152, 116211, 116321, 117021, 117062, 117935, 118475, 118509, 118594, 118647, 119118, 119182, 119225, 119838, 119910, 120016, 120590, 120673, 120737, 120814, 121456, 121537, 121614, 122094, 122144, 122195, 122227, 123008, 123112, 123186, 123271, 124038, 124116, 124179, 124960, 125053, 125105, 125180, 125733, 125787, 125833, 126568, 126636, 126712, 127689, 127708, 127774, 127854, 128571, 128639, 128728, 129421, 129485, 129639, 130238, 130312, 130361, 130837, 130868, 131403, 131442, 132194, 132278, 132345, 133047, 133117, 133194, 133802, 133841, 135302, 135362, 135479, 136536, 136611, 136676, 137418, 137489, 137573, 138569, 138647, 138744, 139591, 139670, 139788, 140070, 140791, 140860, 140963, 141599, 141639, 142543, 142628, 142704, 143559, 143638, 143715, 144521, 144579, 145097, 145108, 145179, 145227, 145800, 145877, 145935, 146767, 146849, 146905, 147580, 147586, 147660, 147751, 148214, 148281, 148323, 148847, 148906, 148964, 149478, 149552, 149615, 150137, 150198, 150244, 150708, 150770, 150841, 151459, 151471, 151585, 152227, 152290, 152351, 152983, 153010, 153074, 153139, 153953, 154023, 154105, 154738, 154810, 154890, 155472, 155538, 155616, 156194, 156239, 156317, 156390, 157036, 157098, 157170, 157743, 157841, 157904, 157971, 158973, 159046, 159104, 159615, 160793, 160902, 161016, 162144, 162218, 162296, 163365, 163449, 163543, 164287, 164364, 164453, 165194, 165269, 165353, 165879, 165895, 166424, 166492, 166556, 167306, 167386, 167458, 168255, 168345, 168413, 168477, 169449, 169520, 169600, 170396, 170474, 170580, 171466, 171542, 171688, 172375, 172444, 172512, 172577, 173032, 173077, 173131, 173581, 173655, 173696, 174353, 174430, 174504, 175276, 175345, 175431, 176226, 176341, 176413, 176512, 177054, 177105, 177575, 177630, 177671, 178203, 178285, 178346, 178419, 179067, 179122, 179184, 179240, 180473, 180542, 180620, 181702, 181772, 181845, 181953, 181958, 181962, 181967, 181971, 181976, 182779, 182849, 182915, 183508, 183583, 183630, 184139, 184844, 184911, 184994, 185853, 185881, 185954, 186036, 186697, 186750, 187510, 187561, 187606, 188166, 188281, 188285, 188631, 188670, 188741, 188797, 189367, 189435, 189476, 189934, 189993, 190659, 190732, 190814, 191380, 191440, 191506, 191572, 192532, 192609, 192690, 192706, 193519, 193610, 193679, 193751, 194339, 194359, 194419, 194494, 195106, 195180, 195265, 196059, 196136, 196218]
15,2,[34043, 136730]
16,1,[36649]
18,6,[19182, 19190, 19247, 19579, 68776, 95453]
22,21,[2413, 10138, 12454, 14217, 15056, 42445, 42973, 51607, 60317, 60844, 62657, 64130, 64205, 72936, 75677, 86658, 91432, 91455, 106572, 107868, 118316]
23,7,[5516, 14716, 25209, 25216, 25370, 26263, 26281]
25,713,[1007, 1065, 2417, 3085, 3145, 3971, 4042, 4127, 4896, 4971, 4987, 5024, 5799, 5860, 5930, 6567, 6609, 7204, 7243, 7287, 7292, 7841, 7925, 8000, 8459, 8496, 8536, 9957, 10031, 10086, 11253, 11320, 11392, 11948, 11993, 12036, 13261, 13317, 13378, 13439, 14296, 14360, 14414, 15001, 15010, 15064, 15129, 15696, 15746, 15813, 16734, 16807, 16886, 17403, 17470, 17538, 17589, 18434, 18506, 18565, 19203, 19271, 19353, 20087, 20153, 20231, 20705, 20750, 20799, 20851, 21410, 21468, 21532, 22288, 22344, 22441, 23049, 23120, 23178, 24202, 24266, 24367, 25099, 25153, 25639, 25670, 25733, 25779, 26648, 26743, 26814, 26929, 27529, 27585, 27649, 28240, 28315, 28382, 28488, 29161, 29216, 29295, 29910, 29992, 30049, 30101, 30711, 30790, 30854, 30942, 31530, 31626, 31708, 31805, 32439, 32517, 32579, 32673, 33137, 33186, 33228, 33773, 33841, 33913, 33984, 34697, 34771, 34851, 35634, 35694, 35782, 36103, 36838, 36906, 36986, 37447, 37476, 37494, 37866, 37896, 37918, 38726, 38788, 38909, 39539, 39606, 39690, 40328, 40393, 40475, 41031, 41078, 41118, 41878, 41886, 41942, 42030, 42788, 42848, 42928, 43924, 43987, 44062, 44068, 44923, 44987, 45074, 45141, 45938, 46000, 46070, 46698, 46719, 46781, 46852, 47397, 47465, 47521, 48290, 48347, 48419, 49181, 49242, 49349, 50287, 50359, 50449, 51571, 51635, 51700, 52347, 52404, 52462, 53187, 53244, 53339, 53935, 53965, 54020, 54057, 54631, 54694, 54733, 55378, 55443, 55499, 56216, 56378, 56450, 56527, 57615, 57699, 57791, 58420, 58474, 58519, 59021, 59069, 59113, 59919, 59989, 60048, 60128, 60651, 60706, 60771, 60845, 61347, 61443, 62397, 62601, 62610, 62766, 62899, 63667, 63733, 63808, 64319, 64370, 64427, 65293, 65358, 65426, 66108, 66173, 66218, 66801, 66865, 66946, 67497, 67547, 67598, 68149, 68205, 68932, 68998, 69085, 69470, 69518, 69548, 70051, 70119, 70195, 70852, 70901, 70970, 71046, 71803, 71866, 71938, 72730, 72804, 72872, 73797, 73863, 73938, 74718, 74774, 74841, 74850, 75962, 76031, 76091, 76195, 76811, 76868, 76925, 77913, 77990, 78108, 79390, 79450, 79545, 80499, 80563, 80665, 81734, 81799, 81865, 82789, 82850, 82910, 84138, 84225, 84307, 85192, 85284, 85337, 85403, 86206, 86275, 86362, 86982, 87044, 87136, 87384, 88116, 88188, 88263, 89037, 89109, 90137, 90211, 90273, 91002, 91081, 91200, 91881, 91941, 91990, 92650, 92712, 92777, 93584, 93649, 93726, 94432, 94435, 94486, 94526, 95174, 95239, 95321, 96576, 96639, 96733, 97434, 97558, 98262, 98323, 98399, 99139, 99273, 99343, 99385, 99955, 100005, 100048, 100621, 100681, 100729, 101239, 101289, 101320, 101330, 102034, 102096, 102186, 102758, 102835, 102898, 102953, 103964, 104030, 104133, 104758, 104817, 104886, 105659, 105725, 105802, 106332, 106345, 106401, 106486, 106951, 106990, 107019, 107538, 107580, 108208, 108227, 108283, 108338, 108928, 108999, 109070, 109713, 109770, 109844, 110268, 110316, 110362, 111233, 111287, 111392, 112046, 112084, 112778, 112866, 113422, 113500, 113574, 113638, 114065, 114126, 114174, 114781, 114854, 114955, 115536, 115618, 115678, 115751, 116438, 116518, 116586, 116995, 117044, 117087, 117118, 117880, 118008, 118074, 118155, 118858, 118930, 118989, 119748, 119789, 119834, 119905, 120467, 120513, 120566, 121283, 121347, 121419, 122327, 122338, 122403, 122473, 123120, 123194, 123276, 123882, 123957, 124011, 124158, 124699, 124765, 124810, 125170, 125223, 125250, 125750, 125788, 126506, 126576, 126639, 127377, 127438, 127511, 128084, 128115, 129601, 129660, 129763, 130722, 130787, 130848, 131610, 131677, 131757, 132672, 132746, 132834, 133691, 133787, 133863, 133984, 134236, 134946, 135016, 135114, 135640, 135680, 135716, 136630, 136706, 136778, 136905, 137622, 137693, 137766, 138568, 138619, 139076, 139090, 139158, 139202, 139757, 139829, 139883, 140764, 140842, 140894, 141002, 141545, 141570, 141641, 141737, 142164, 142223, 142264, 142747, 142804, 142859, 143345, 143408, 143464, 143948, 144003, 144046, 144459, 144520, 144583, 145153, 145165, 145267, 145900, 145957, 146014, 146587, 146651, 146712, 147448, 147514, 147594, 148181, 148246, 148322, 148892, 148954, 149028, 149563, 149616, 149678, 149747, 150341, 150400, 150468, 151150, 151208, 151271, 152172, 152239, 152294, 152740, 153949, 154119, 154232, 154488, 154494, 154499, 155413, 155477, 155554, 156579, 156658, 156748, 157453, 157485, 157557, 157636, 158378, 158454, 158534, 159004, 159018, 159494, 159558, 159618, 160433, 160499, 160567, 161356, 161445, 161504, 161564, 162518, 162594, 162671, 163446, 163521, 163623, 164668, 164750, 164885, 165613, 165674, 165742, 166134, 166170, 166220, 166633, 166702, 166739, 167367, 167439, 167509, 168203, 168272, 168354, 169125, 169240, 169307, 169401, 169885, 169928, 170335, 170381, 170418, 170890, 170973, 171030, 171099, 171710, 171768, 171823, 171875, 173101, 173158, 173232, 174273, 174362, 174431, 174537, 174542, 174546, 174551, 174555, 174560, 175343, 175403, 175465, 176032, 176100, 176143, 176635, 177298, 177364, 177441, 178253, 178280, 178355, 178433, 179045, 179090, 179800, 179844, 179890, 180445, 180549, 180553, 180882, 180920, 180983, 181037, 181531, 181597, 181637, 182188, 182259, 183210, 183272, 183391, 183509, 183514, 184426, 184502, 184579, 184595, 185398, 185482, 185557, 185624, 186199, 186218, 186275, 186345, 186916, 186985, 187065, 187899, 187967, 188043, 191630, 193470, 196421, 196526, 196832, 196853]
27,1,[10614]
29,200,[80, 164, 169, 177, 328, 412, 417, 425, 576, 660, 665, 673, 824, 908, 913, 921, 1072, 1156, 1161, 1169, 1320, 1404, 1409, 1417, 1568, 1652, 1657, 1665, 1816, 1900, 1905, 1913, 2065, 2150, 2155, 2163, 2314, 2398, 2403, 2411, 2562, 2646, 2651, 2659, 2810, 2894, 2899, 2907, 3058, 3142, 3147, 3155, 3306, 3390, 3395, 3403, 3554, 3638, 3643, 3651, 3802, 3886, 3891, 3899, 4050, 4134, 4139, 4147, 4298, 4382, 4387, 4395, 4546, 4630, 4635, 4643, 4794, 4878, 4883, 4891, 5042, 5126, 5131, 5139, 5290, 5374, 5379, 5387, 5538, 5622, 5627, 5635, 5786, 5870, 5875, 5883, 6034, 6118, 6123, 6131, 6282, 6366, 6371, 6379, 6530, 6614, 6619, 6627, 6778, 6862, 6867, 6875, 7027, 7112, 7117, 7125, 7277, 7362, 7367, 7375, 7527, 7612, 7617, 7625, 7777, 7862, 7867, 7875, 8027, 8112, 8117, 8125, 8277, 8362, 8367, 8375, 8526, 8610, 8615, 8623, 8774, 8858, 8863, 8871, 9022, 9106, 9111, 9119, 9270, 9354, 9359, 9367, 9519, 9604, 9609, 9617, 9769, 9854, 9859, 9867, 10019, 10104, 10109, 10117, 10268, 10352, 10357, 10365, 10516, 10600, 10605, 10613, 10764, 10848, 10853, 10861, 11012, 11096, 11101, 11109, 11263, 11347, 11352, 11360, 11511, 11595, 11600, 11608, 11760, 11845, 11850, 11858, 12009, 12093, 12098, 12106, 12257, 12341, 12346, 12354]
