9,4,[885, 901, 1182, 1638]
10,99,[3282, 8180, 73519, 117370, 121437, 121441, 126572, 170505, 197637, 197668, 207307, 208975, 212525, 212750, 234390, 246531, 254548, 255217, 255468, 257574, 263595, 263880, 265443, 268810, 280949, 296935, 297130, 297550, 299688, 299947, 299954, 299970, 304029, 308458, 309028, 314237, 314268, 314621, 319108, 324421, 333808, 333820, 333884, 342808, 343109, 345697, 346386, 348625, 370693, 373541, 379582, 381891, 437838, 446237, 446420, 447196, 447279, 498735, 498741, 507942, 528092, 533442, 561484, 566119, 579899, 581617, 589913, 592434, 597128, 603063, 603510, 604388, 607118, 609367, 609422, 610392, 611339, 612175, 616529, 618434, 619319, 620059, 620716, 620750, 621130, 622445, 622889, 623342, 623460, 623464, 623659, 623778, 624189, 624281, 627092, 629870, 629886, 629899, 632556]
12,1,[9152]
13,2,[870, 1264]
15,3,[65936, 75457, 137951]
16,1,[15582]
17,37,[28232, 28243, 28247, 28263, 28600, 43533, 47153, 50999, 85515, 92808, 92881, 115843, 115993, 116009, 116139, 116262, 116266, 116335, 123614, 124740, 131964, 134931, 139586, 154802, 178084, 178090, 194598, 202160, 214357, 214407, 214431, 215896, 215920, 216155, 217901, 217908, 217922]
18,21,[5981, 6880, 8571, 8574, 12457, 13491, 15101, 23904, 27991, 50383, 60895, 66192, 79838, 106609, 112291, 122253, 138448, 147901, 147983, 148043, 148048]
20,2,[3354, 9675]
21,5,[2571, 3365, 6133, 19781, 28592]
22,19,[4649, 7782, 49056, 70166, 77399, 84736, 94402, 94447, 94784, 94790, 94799, 94815, 94937, 95632, 97510, 98324, 112317, 134823, 154972]
23,4,[8171, 8180, 13932, 27207]
24,4,[9574, 34606, 36256, 37804]
26,18,[3838, 10227, 20568, 20940, 26063, 26326, 26812, 27081, 29648, 32121, 37941, 41746, 43149, 47481, 50571, 51504, 57831, 63279]
27,17,[9620, 17300, 24460, 28257, 31520, 32354, 35243, 39916, 40362, 40983, 42620, 46485, 47702, 67482, 76248, 91449, 91466]
30,99,[3188, 8086, 73416, 117259, 121326, 121330, 126461, 170382, 197505, 197536, 207165, 208833, 212383, 212608, 234240, 246378, 254395, 255064, 255315, 257418, 263439, 263724, 265287, 268654, 280794, 296777, 296972, 297392, 299530, 299789, 299796, 299812, 303871, 308300, 308870, 314078, 314109, 314462, 318949, 324262, 333649, 333661, 333725, 342649, 342950, 345538, 346227, 348466, 370530, 373378, 379419, 381728, 437668, 446067, 446250, 447026, 447109, 498566, 498572, 507773, 527917, 533267, 561306, 565939, 579719, 581437, 589728, 592243, 596937, 602866, 603313, 604186, 606911, 609155, 609210, 610175, 611122, 611952, 616290, 618182, 619067, 619807, 620464, 620498, 620878, 622193, 622637, 623090, 623206, 623210, 623405, 623524, 623935, 624027, 626835, 629607, 629623, 629636, 632281]
9,4,[885, 901, 1182, 1638]
10,99,[3282, 8180, 73519, 117370, 121437, 121441, 126572, 170505, 197637, 197668, 207307, 208975, 212525, 212750, 234390, 246531, 254548, 255217, 255468, 257574, 263595, 263880, 265443, 268810, 280949, 296935, 297130, 297550, 299688, 299947, 299954, 299970, 304029, 308458, 309028, 314237, 314268, 314621, 319108, 324421, 333808, 333820, 333884, 342808, 343109, 345697, 346386, 348625, 370693, 373541, 379582, 381891, 437838, 446237, 446420, 447196, 447279, 498735, 498741, 507942, 528092, 533442, 561484, 566119, 579899, 581617, 589913, 592434, 597128, 603063, 603510, 604388, 607118, 609367, 609422, 610392, 611339, 612175, 616529, 618434, 619319, 620059, 620716, 620750, 621130, 622445, 622889, 623342, 623460, 623464, 623659, 623778, 624189, 624281, 627092, 629870, 629886, 629899, 632556]
12,1,[9152]
13,2,[870, 1264]
15,3,[65936, 75457, 137951]
16,1,[15582]
17,37,[28232, 28243, 28247, 28263, 28600, 43533, 47153, 50999, 85515, 92808, 92881, 115843, 115993, 116009, 116139, 116262, 116266, 116335, 123614, 124740, 131964, 134931, 139586, 154802, 178084, 178090, 194598, 202160, 214357, 214407, 214431, 215896, 215920, 216155, 217901, 217908, 217922]
18,21,[5981, 6880, 8571, 8574, 12457, 13491, 15101, 23904, 27991, 50383, 60895, 66192, 79838, 106609, 112291, 122253, 138448, 147901, 147983, 148043, 148048]
20,2,[3354, 9675]
21,5,[2571, 3365, 6133, 19781, 28592]
22,19,[4649, 7782, 49056, 70166, 77399, 84736, 94402, 94447, 94784, 94790, 94799, 94815, 94937, 95632, 97510, 98324, 112317, 134823, 154972]
23,4,[8171, 8180, 13932, 27207]
24,4,[9574, 34606, 36256, 37804]
26,18,[3838, 10227, 20568, 20940, 26063, 26326, 26812, 27081, 29648, 32121, 37941, 41746, 43149, 47481, 50571, 51504, 57831, 63279]
27,17,[9620, 17300, 24460, 28257, 31520, 32354, 35243, 39916, 40362, 40983, 42620, 46485, 47702, 67482, 76248, 91449, 91466]
30,99,[3188, 8086, 73416, 117259, 121326, 121330, 126461, 170382, 197505, 197536, 207165, 208833, 212383, 212608, 234240, 246378, 254395, 255064, 255315, 257418, 263439, 263724, 265287, 268654, 280794, 296777, 296972, 297392, 299530, 299789, 299796, 299812, 303871, 308300, 308870, 314078, 314109, 314462, 318949, 324262, 333649, 333661, 333725, 342649, 342950, 345538, 346227, 348466, 370530, 373378, 379419, 381728, 437668, 446067, 446250, 447026, 447109, 498566, 498572, 507773, 527917, 533267, 561306, 565939, 579719, 581437, 589728, 592243, 596937, 602866, 603313, 604186, 606911, 609155, 609210, 610175, 611122, 611952, 616290, 618182, 619067, 619807, 620464, 620498, 620878, 622193, 622637, 623090, 623206, 623210, 623405, 623524, 623935, 624027, 626835, 629607, 629623, 629636, 632281]
