10,2,[528854, 601565]
14,11,[9661, 27495, 31779, 68412, 107195, 114509, 129372, 129385, 132997, 138459, 164282]
15,1,[126961]
17,2,[43935, 43940]
18,6,[22383, 36489, 88912, 93089, 98928, 131901]
20,1,[52704]
21,2,[11893, 32373]
22,12,[20741, 22182, 29088, 53888, 53956, 84939, 100773, 112252, 120249, 150478, 150731, 154234]
23,4,[791, 3864, 26632, 27536]
25,13,[9905, 16719, 18409, 30691, 93564, 102790, 109703, 123893, 123907, 127329, 132566, 154000, 157440]
26,1,[53803]
27,12,[1573, 2109, 4570, 39855, 41552, 43816, 48766, 49856, 91659, 92796, 92965, 93805]
30,2,[528679, 601368]
10,2,[528854, 601565]
14,11,[9661, 27495, 31779, 68412, 107195, 114509, 129372, 129385, 132997, 138459, 164282]
15,1,[126961]
17,2,[43935, 43940]
18,6,[22383, 36489, 88912, 93089, 98928, 131901]
20,1,[52704]
21,2,[11893, 32373]
22,12,[20741, 22182, 29088, 53888, 53956, 84939, 100773, 112252, 120249, 150478, 150731, 154234]
23,4,[791, 3864, 26632, 27536]
25,13,[9905, 16719, 18409, 30691, 93564, 102790, 109703, 123893, 123907, 127329, 132566, 154000, 157440]
26,1,[53803]
27,12,[1573, 2109, 4570, 39855, 41552, 43816, 48766, 49856, 91659, 92796, 92965, 93805]
30,2,[528679, 601368]
