9,1,[1941]
10,3,[569761, 599625, 617805]
11,17,[655, 1861, 2940, 3037, 6912, 6952, 7084, 8783, 9730, 10294, 11194, 11286, 11354, 14403, 14536, 16249, 21058]
12,7,[1021, 1468, 5448, 12892, 13956, 17320, 20261]
13,1,[678]
14,2,[3508, 56968]
15,89,[3090, 4536, 4913, 8196, 9578, 9886, 12002, 12222, 12900, 12922, 15261, 18195, 18400, 19240, 22396, 23246, 24027, 24434, 27140, 30464, 30891, 31055, 32428, 32636, 36498, 37244, 45901, 46549, 49345, 49853, 49856, 50024, 52096, 54766, 55225, 56115, 59336, 59748, 59888, 61457, 61860, 62231, 63349, 63384, 65102, 65341, 65906, 66024, 66521, 73584, 73699, 73813, 74161, 74823, 78648, 82309, 87206, 87344, 92128, 92944, 92996, 95526, 97694, 102409, 103651, 106315, 106456, 108613, 115964, 120606, 121505, 124891, 125324, 125961, 125971, 126920, 128809, 130645, 130755, 133582, 141021, 141780, 143830, 144871, 156386, 157036, 157501, 158158, 166779]
16,32,[2468, 2894, 3348, 5437, 5672, 8663, 9093, 11977, 12389, 13775, 14683, 15972, 16009, 17008, 17298, 18921, 20550, 21266, 22580, 22620, 22677, 23691, 24451, 25509, 26204, 28979, 29533, 34707, 34796, 36321, 36337, 36891]
17,43,[5797, 5925, 6433, 14102, 17949, 47493, 47739, 48425, 49409, 49485, 49612, 49668, 49688, 52243, 54549, 59250, 59737, 62302, 62319, 78541, 78561, 89802, 96149, 99016, 99024, 99237, 102383, 103214, 107139, 109362, 109535, 109549, 111624, 119432, 132828, 136796, 137529, 139704, 141126, 160824, 193257, 198481, 213296]
18,79,[1958, 5611, 5873, 7085, 7636, 8903, 10286, 11311, 14660, 17618, 19286, 22217, 25384, 25925, 30018, 30828, 31366, 38907, 47478, 48187, 49548, 51988, 63085, 63130, 67787, 68975, 69195, 70826, 73169, 76566, 78602, 83238, 83576, 84406, 84721, 85370, 85477, 85934, 88182, 89511, 89616, 90017, 90501, 90611, 94265, 96321, 97745, 98847, 99888, 103067, 103126, 103612, 103887, 103964, 108797, 109395, 110027, 110981, 116652, 119044, 121185, 121249, 121760, 122762, 123076, 124132, 127650, 128398, 134076, 134223, 135914, 136783, 139611, 141599, 143213, 144404, 146565, 147317, 148916]
20,54,[1049, 1109, 4007, 5349, 6002, 6204, 7140, 7337, 8439, 10133, 10614, 15200, 15914, 16903, 18469, 21229, 22519, 24694, 25286, 25856, 26293, 31106, 31239, 32217, 34598, 37238, 38107, 38673, 39130, 39153, 39483, 41559, 43097, 43773, 43866, 44591, 45504, 45985, 46630, 47270, 47287, 47348, 47995, 48000, 49336, 49516, 51191, 53209, 55328, 56922, 56927, 57870, 58598, 58942]
22,2,[62903, 72146]
23,2,[1025, 3110]
24,19,[1825, 4330, 10105, 17639, 18632, 19745, 26828, 29260, 32134, 32141, 32361, 32804, 32808, 33433, 35971, 37099, 40870, 43894, 44036]
26,55,[1413, 1473, 4506, 5866, 6521, 6722, 7661, 7860, 8969, 10685, 11176, 15833, 16560, 17555, 19180, 21973, 23281, 25476, 26080, 26656, 27092, 31973, 32108, 33089, 35486, 38154, 39026, 39617, 40072, 40095, 40424, 42496, 44047, 44733, 44826, 45562, 46505, 46986, 47634, 48272, 48289, 48350, 49008, 49013, 50381, 50563, 52247, 54325, 56490, 58070, 58075, 59050, 59794, 60183, 63485]
27,76,[2096, 4793, 14174, 16937, 17917, 19543, 21531, 21986, 22344, 24244, 25379, 25665, 33156, 33167, 36040, 36117, 36222, 37565, 40667, 45425, 46242, 47107, 47174, 47199, 47301, 48010, 49525, 50524, 50902, 53086, 57769, 59254, 59476, 60032, 60175, 60562, 62364, 63725, 64041, 68223, 70438, 70782, 71465, 72039, 74492, 74988, 75167, 78371, 78887, 80927, 81223, 82584, 85828, 90180, 90319, 90496, 90612, 93454, 94820, 95720, 96146, 96190, 96464, 96861, 98075, 98143, 98158, 98187, 100333, 101408, 101482, 101707, 101926, 102159, 105221, 109173]
28,1,[2940]
30,3,[569581, 599428, 617558]
9,1,[1941]
10,3,[569761, 599625, 617805]
11,17,[655, 1861, 2940, 3037, 6912, 6952, 7084, 8783, 9730, 10294, 11194, 11286, 11354, 14403, 14536, 16249, 21058]
12,7,[1021, 1468, 5448, 12892, 13956, 17320, 20261]
13,1,[678]
14,2,[3508, 56968]
15,89,[3090, 4536, 4913, 8196, 9578, 9886, 12002, 12222, 12900, 12922, 15261, 18195, 18400, 19240, 22396, 23246, 24027, 24434, 27140, 30464, 30891, 31055, 32428, 32636, 36498, 37244, 45901, 46549, 49345, 49853, 49856, 50024, 52096, 54766, 55225, 56115, 59336, 59748, 59888, 61457, 61860, 62231, 63349, 63384, 65102, 65341, 65906, 66024, 66521, 73584, 73699, 73813, 74161, 74823, 78648, 82309, 87206, 87344, 92128, 92944, 92996, 95526, 97694, 102409, 103651, 106315, 106456, 108613, 115964, 120606, 121505, 124891, 125324, 125961, 125971, 126920, 128809, 130645, 130755, 133582, 141021, 141780, 143830, 144871, 156386, 157036, 157501, 158158, 166779]
16,32,[2468, 2894, 3348, 5437, 5672, 8663, 9093, 11977, 12389, 13775, 14683, 15972, 16009, 17008, 17298, 18921, 20550, 21266, 22580, 22620, 22677, 23691, 24451, 25509, 26204, 28979, 29533, 34707, 34796, 36321, 36337, 36891]
17,43,[5797, 5925, 6433, 14102, 17949, 47493, 47739, 48425, 49409, 49485, 49612, 49668, 49688, 52243, 54549, 59250, 59737, 62302, 62319, 78541, 78561, 89802, 96149, 99016, 99024, 99237, 102383, 103214, 107139, 109362, 109535, 109549, 111624, 119432, 132828, 136796, 137529, 139704, 141126, 160824, 193257, 198481, 213296]
18,79,[1958, 5611, 5873, 7085, 7636, 8903, 10286, 11311, 14660, 17618, 19286, 22217, 25384, 25925, 30018, 30828, 31366, 38907, 47478, 48187, 49548, 51988, 63085, 63130, 67787, 68975, 69195, 70826, 73169, 76566, 78602, 83238, 83576, 84406, 84721, 85370, 85477, 85934, 88182, 89511, 89616, 90017, 90501, 90611, 94265, 96321, 97745, 98847, 99888, 103067, 103126, 103612, 103887, 103964, 108797, 109395, 110027, 110981, 116652, 119044, 121185, 121249, 121760, 122762, 123076, 124132, 127650, 128398, 134076, 134223, 135914, 136783, 139611, 141599, 143213, 144404, 146565, 147317, 148916]
20,54,[1049, 1109, 4007, 5349, 6002, 6204, 7140, 7337, 8439, 10133, 10614, 15200, 15914, 16903, 18469, 21229, 22519, 24694, 25286, 25856, 26293, 31106, 31239, 32217, 34598, 37238, 38107, 38673, 39130, 39153, 39483, 41559, 43097, 43773, 43866, 44591, 45504, 45985, 46630, 47270, 47287, 47348, 47995, 48000, 49336, 49516, 51191, 53209, 55328, 56922, 56927, 57870, 58598, 58942]
22,2,[62903, 72146]
23,2,[1025, 3110]
24,19,[1825, 4330, 10105, 17639, 18632, 19745, 26828, 29260, 32134, 32141, 32361, 32804, 32808, 33433, 35971, 37099, 40870, 43894, 44036]
26,55,[1413, 1473, 4506, 5866, 6521, 6722, 7661, 7860, 8969, 10685, 11176, 15833, 16560, 17555, 19180, 21973, 23281, 25476, 26080, 26656, 27092, 31973, 32108, 33089, 35486, 38154, 39026, 39617, 40072, 40095, 40424, 42496, 44047, 44733, 44826, 45562, 46505, 46986, 47634, 48272, 48289, 48350, 49008, 49013, 50381, 50563, 52247, 54325, 56490, 58070, 58075, 59050, 59794, 60183, 63485]
27,76,[2096, 4793, 14174, 16937, 17917, 19543, 21531, 21986, 22344, 24244, 25379, 25665, 33156, 33167, 36040, 36117, 36222, 37565, 40667, 45425, 46242, 47107, 47174, 47199, 47301, 48010, 49525, 50524, 50902, 53086, 57769, 59254, 59476, 60032, 60175, 60562, 62364, 63725, 64041, 68223, 70438, 70782, 71465, 72039, 74492, 74988, 75167, 78371, 78887, 80927, 81223, 82584, 85828, 90180, 90319, 90496, 90612, 93454, 94820, 95720, 96146, 96190, 96464, 96861, 98075, 98143, 98158, 98187, 100333, 101408, 101482, 101707, 101926, 102159, 105221, 109173]
28,1,[2940]
30,3,[569581, 599428, 617558]
