9,1,[665]
10,8,[602790, 602792, 602794, 602798, 602801, 602804, 602807, 602810]
15,24,[4893, 33380, 36234, 36477, 37073, 45699, 54781, 55164, 55480, 60090, 62691, 63326, 63339, 70360, 70957, 73463, 73963, 79642, 87280, 87444, 138782, 160152, 167721, 168783]
18,1,[18937]
23,1,[1606]
30,8,[602593, 602595, 602597, 602601, 602604, 602607, 602610, 602613]
9,1,[665]
10,8,[602790, 602792, 602794, 602798, 602801, 602804, 602807, 602810]
15,24,[4893, 33380, 36234, 36477, 37073, 45699, 54781, 55164, 55480, 60090, 62691, 63326, 63339, 70360, 70957, 73463, 73963, 79642, 87280, 87444, 138782, 160152, 167721, 168783]
18,1,[18937]
23,1,[1606]
30,8,[602593, 602595, 602597, 602601, 602604, 602607, 602610, 602613]
