10,20,[264454, 354247, 514359, 542528, 544839, 573849, 574400, 576932, 577913, 579244, 582834, 586342, 588241, 590541, 590702, 591075, 615638, 615772, 619557, 621979]
17,3,[37503, 195522, 205940]
18,8,[1340, 3351, 34170, 37823, 49081, 76169, 107660, 147849]
21,4,[13171, 20765, 25943, 32295]
22,3,[85896, 87578, 88745]
23,2,[698, 2824]
24,2,[7121, 21810]
27,2,[90156, 95775]
30,20,[264298, 354088, 514190, 542353, 544664, 573669, 574220, 576752, 577733, 579064, 582654, 586157, 588056, 590356, 590517, 590890, 615399, 615533, 619305, 621727]
10,20,[264454, 354247, 514359, 542528, 544839, 573849, 574400, 576932, 577913, 579244, 582834, 586342, 588241, 590541, 590702, 591075, 615638, 615772, 619557, 621979]
17,3,[37503, 195522, 205940]
18,8,[1340, 3351, 34170, 37823, 49081, 76169, 107660, 147849]
21,4,[13171, 20765, 25943, 32295]
22,3,[85896, 87578, 88745]
23,2,[698, 2824]
24,2,[7121, 21810]
27,2,[90156, 95775]
30,20,[264298, 354088, 514190, 542353, 544664, 573669, 574220, 576752, 577733, 579064, 582654, 586157, 588056, 590356, 590517, 590890, 615399, 615533, 619305, 621727]
