10,47,[34216, 36940, 76804, 88879, 123129, 198987, 199032, 206652, 250507, 250565, 258752, 259571, 265720, 328906, 332171, 332210, 401120, 404783, 404808, 404891, 406982, 408801, 408931, 409423, 410062, 410089, 412707, 413032, 414416, 416598, 419363, 419518, 420281, 432382, 432545, 432843, 432850, 433266, 433285, 435896, 437200, 437270, 447478, 450936, 454459, 478839, 487054]
17,10,[26611, 65306, 65380, 91566, 91610, 160349, 161177, 161217, 162207, 163086]
20,1,[9315]
22,2,[94525, 95842]
26,2,[9868, 60726]
30,47,[34118, 36842, 76701, 88772, 123018, 198855, 198900, 206510, 250354, 250412, 258596, 259415, 265564, 328747, 332012, 332051, 400954, 404617, 404642, 404725, 406816, 408635, 408765, 409257, 409896, 409923, 412541, 412866, 414250, 416432, 419197, 419352, 420115, 432212, 432375, 432673, 432680, 433096, 433115, 435726, 437030, 437100, 447308, 450766, 454289, 478671, 486891]
10,47,[34216, 36940, 76804, 88879, 123129, 198987, 199032, 206652, 250507, 250565, 258752, 259571, 265720, 328906, 332171, 332210, 401120, 404783, 404808, 404891, 406982, 408801, 408931, 409423, 410062, 410089, 412707, 413032, 414416, 416598, 419363, 419518, 420281, 432382, 432545, 432843, 432850, 433266, 433285, 435896, 437200, 437270, 447478, 450936, 454459, 478839, 487054]
17,10,[26611, 65306, 65380, 91566, 91610, 160349, 161177, 161217, 162207, 163086]
20,1,[9315]
22,2,[94525, 95842]
26,2,[9868, 60726]
30,47,[34118, 36842, 76701, 88772, 123018, 198855, 198900, 206510, 250354, 250412, 258596, 259415, 265564, 328747, 332012, 332051, 400954, 404617, 404642, 404725, 406816, 408635, 408765, 409257, 409896, 409923, 412541, 412866, 414250, 416432, 419197, 419352, 420115, 432212, 432375, 432673, 432680, 433096, 433115, 435726, 437030, 437100, 447308, 450766, 454289, 478671, 486891]
