10,254,[11348, 11368, 14418, 14565, 14694, 14713, 14766, 40051, 46349, 136527, 136549, 145595, 146250, 151692, 151717, 151826, 153314, 153417, 153933, 153952, 153986, 154017, 154022, 154549, 154590, 154608, 154635, 154684, 154731, 154771, 154828, 154995, 155109, 155193, 155227, 155301, 155363, 155496, 155511, 155559, 155590, 155630, 155764, 155811, 155851, 163839, 163847, 163852, 163868, 163901, 163988, 164022, 164077, 164096, 164269, 164447, 164460, 164633, 164749, 164814, 164819, 164901, 165139, 165250, 165267, 165301, 165403, 165518, 165585, 165598, 165612, 165635, 165671, 165688, 165708, 165739, 165758, 165768, 165792, 166740, 167209, 168414, 168877, 168883, 168910, 168920, 168932, 169112, 169120, 169258, 169269, 169320, 169336, 169413, 169443, 169516, 169679, 169682, 169900, 169952, 169997, 170214, 170219, 170366, 170408, 170626, 170629, 170666, 170765, 172156, 172198, 172201, 172229, 172551, 172592, 172641, 173251, 173414, 173434, 173448, 173469, 173954, 174030, 174132, 174146, 174179, 174246, 174474, 176896, 176915, 176925, 176949, 176971, 176985, 177527, 177543, 177570, 180003, 180145, 180276, 180302, 180391, 180417, 180676, 180783, 180804, 180983, 181001, 181021, 181033, 181066, 181075, 181199, 181252, 181298, 181301, 181726, 182103, 182115, 182124, 182135, 182277, 182289, 182322, 182359, 182847, 184074, 184147, 185398, 185410, 185423, 185440, 185459, 185508, 185573, 185585, 186859, 186871, 187106, 194975, 196937, 196943, 197008, 197028, 197107, 197129, 198142, 198160, 198201, 198219, 198231, 198259, 198273, 198305, 202869, 213106, 213623, 224795, 224813, 232581, 238677, 244703, 244715, 244724, 244735, 244853, 244865, 244899, 244934, 245284, 245302, 245316, 245342, 245355, 245386, 246160, 246173, 247016, 247028, 247042, 247058, 247131, 247194, 247207, 249149, 249163, 249385, 250153, 250178, 260888, 264245, 266856, 269674, 269697, 269704, 270853, 330121, 363839, 367056, 368355, 407496, 421676, 421762, 421780, 438152, 438946, 445540, 445570, 477738, 479513, 480711, 481425, 487943, 492487]
15,2,[111664, 122198]
17,3,[30825, 34101, 35402]
27,1,[21250]
30,254,[11254, 11274, 14324, 14471, 14600, 14619, 14672, 39953, 46251, 136415, 136437, 145482, 146137, 151579, 151604, 151713, 153201, 153304, 153820, 153839, 153873, 153904, 153909, 154436, 154477, 154495, 154522, 154571, 154618, 154658, 154715, 154882, 154996, 155080, 155114, 155188, 155250, 155383, 155398, 155446, 155477, 155517, 155651, 155698, 155738, 163716, 163724, 163729, 163745, 163778, 163865, 163899, 163954, 163973, 164146, 164324, 164337, 164510, 164626, 164691, 164696, 164778, 165016, 165127, 165144, 165178, 165280, 165395, 165462, 165475, 165489, 165512, 165548, 165565, 165585, 165616, 165635, 165645, 165669, 166617, 167086, 168291, 168754, 168760, 168787, 168797, 168809, 168989, 168997, 169135, 169146, 169197, 169213, 169290, 169320, 169393, 169556, 169559, 169777, 169829, 169874, 170091, 170096, 170243, 170285, 170503, 170506, 170543, 170642, 172033, 172075, 172078, 172106, 172428, 172469, 172518, 173128, 173291, 173311, 173325, 173346, 173831, 173907, 174009, 174023, 174056, 174123, 174351, 176773, 176792, 176802, 176826, 176848, 176862, 177404, 177420, 177447, 179880, 180022, 180153, 180179, 180268, 180294, 180553, 180660, 180681, 180860, 180878, 180898, 180910, 180943, 180952, 181076, 181129, 181175, 181178, 181603, 181980, 181992, 182001, 182012, 182154, 182166, 182199, 182236, 182715, 183942, 184015, 185266, 185278, 185291, 185308, 185327, 185376, 185441, 185453, 186727, 186739, 186974, 194843, 196805, 196811, 196876, 196896, 196975, 196997, 198010, 198028, 198069, 198087, 198099, 198127, 198141, 198173, 202727, 212964, 213481, 224645, 224663, 232431, 238524, 244550, 244562, 244571, 244582, 244700, 244712, 244746, 244781, 245131, 245149, 245163, 245189, 245202, 245233, 246007, 246020, 246863, 246875, 246889, 246905, 246978, 247041, 247054, 248996, 249010, 249232, 250000, 250025, 260732, 264089, 266700, 269518, 269541, 269548, 270697, 329962, 363676, 366893, 368192, 407330, 421510, 421596, 421614, 437982, 438776, 445370, 445400, 477570, 479345, 480543, 481258, 487781, 492327]
10,254,[11348, 11368, 14418, 14565, 14694, 14713, 14766, 40051, 46349, 136527, 136549, 145595, 146250, 151692, 151717, 151826, 153314, 153417, 153933, 153952, 153986, 154017, 154022, 154549, 154590, 154608, 154635, 154684, 154731, 154771, 154828, 154995, 155109, 155193, 155227, 155301, 155363, 155496, 155511, 155559, 155590, 155630, 155764, 155811, 155851, 163839, 163847, 163852, 163868, 163901, 163988, 164022, 164077, 164096, 164269, 164447, 164460, 164633, 164749, 164814, 164819, 164901, 165139, 165250, 165267, 165301, 165403, 165518, 165585, 165598, 165612, 165635, 165671, 165688, 165708, 165739, 165758, 165768, 165792, 166740, 167209, 168414, 168877, 168883, 168910, 168920, 168932, 169112, 169120, 169258, 169269, 169320, 169336, 169413, 169443, 169516, 169679, 169682, 169900, 169952, 169997, 170214, 170219, 170366, 170408, 170626, 170629, 170666, 170765, 172156, 172198, 172201, 172229, 172551, 172592, 172641, 173251, 173414, 173434, 173448, 173469, 173954, 174030, 174132, 174146, 174179, 174246, 174474, 176896, 176915, 176925, 176949, 176971, 176985, 177527, 177543, 177570, 180003, 180145, 180276, 180302, 180391, 180417, 180676, 180783, 180804, 180983, 181001, 181021, 181033, 181066, 181075, 181199, 181252, 181298, 181301, 181726, 182103, 182115, 182124, 182135, 182277, 182289, 182322, 182359, 182847, 184074, 184147, 185398, 185410, 185423, 185440, 185459, 185508, 185573, 185585, 186859, 186871, 187106, 194975, 196937, 196943, 197008, 197028, 197107, 197129, 198142, 198160, 198201, 198219, 198231, 198259, 198273, 198305, 202869, 213106, 213623, 224795, 224813, 232581, 238677, 244703, 244715, 244724, 244735, 244853, 244865, 244899, 244934, 245284, 245302, 245316, 245342, 245355, 245386, 246160, 246173, 247016, 247028, 247042, 247058, 247131, 247194, 247207, 249149, 249163, 249385, 250153, 250178, 260888, 264245, 266856, 269674, 269697, 269704, 270853, 330121, 363839, 367056, 368355, 407496, 421676, 421762, 421780, 438152, 438946, 445540, 445570, 477738, 479513, 480711, 481425, 487943, 492487]
15,2,[111664, 122198]
17,3,[30825, 34101, 35402]
27,1,[21250]
30,254,[11254, 11274, 14324, 14471, 14600, 14619, 14672, 39953, 46251, 136415, 136437, 145482, 146137, 151579, 151604, 151713, 153201, 153304, 153820, 153839, 153873, 153904, 153909, 154436, 154477, 154495, 154522, 154571, 154618, 154658, 154715, 154882, 154996, 155080, 155114, 155188, 155250, 155383, 155398, 155446, 155477, 155517, 155651, 155698, 155738, 163716, 163724, 163729, 163745, 163778, 163865, 163899, 163954, 163973, 164146, 164324, 164337, 164510, 164626, 164691, 164696, 164778, 165016, 165127, 165144, 165178, 165280, 165395, 165462, 165475, 165489, 165512, 165548, 165565, 165585, 165616, 165635, 165645, 165669, 166617, 167086, 168291, 168754, 168760, 168787, 168797, 168809, 168989, 168997, 169135, 169146, 169197, 169213, 169290, 169320, 169393, 169556, 169559, 169777, 169829, 169874, 170091, 170096, 170243, 170285, 170503, 170506, 170543, 170642, 172033, 172075, 172078, 172106, 172428, 172469, 172518, 173128, 173291, 173311, 173325, 173346, 173831, 173907, 174009, 174023, 174056, 174123, 174351, 176773, 176792, 176802, 176826, 176848, 176862, 177404, 177420, 177447, 179880, 180022, 180153, 180179, 180268, 180294, 180553, 180660, 180681, 180860, 180878, 180898, 180910, 180943, 180952, 181076, 181129, 181175, 181178, 181603, 181980, 181992, 182001, 182012, 182154, 182166, 182199, 182236, 182715, 183942, 184015, 185266, 185278, 185291, 185308, 185327, 185376, 185441, 185453, 186727, 186739, 186974, 194843, 196805, 196811, 196876, 196896, 196975, 196997, 198010, 198028, 198069, 198087, 198099, 198127, 198141, 198173, 202727, 212964, 213481, 224645, 224663, 232431, 238524, 244550, 244562, 244571, 244582, 244700, 244712, 244746, 244781, 245131, 245149, 245163, 245189, 245202, 245233, 246007, 246020, 246863, 246875, 246889, 246905, 246978, 247041, 247054, 248996, 249010, 249232, 250000, 250025, 260732, 264089, 266700, 269518, 269541, 269548, 270697, 329962, 363676, 366893, 368192, 407330, 421510, 421596, 421614, 437982, 438776, 445370, 445400, 477570, 479345, 480543, 481258, 487781, 492327]
