10,36,[501287, 504591, 517202, 519354, 530271, 530627, 532969, 549780, 549787, 549795, 549832, 549867, 552759, 552778, 558344, 558357, 558366, 559590, 559616, 564709, 568019, 569448, 569471, 569575, 569606, 569828, 569891, 569899, 569928, 569984, 569999, 570035, 570071, 570092, 570105, 579122]
14,5,[9410, 17407, 17629, 156825, 200768]
15,1,[63223]
18,5,[27831, 27839, 28369, 28626, 28695]
22,2,[96551, 96553]
25,4,[9664, 17160, 17348, 203116]
30,36,[501118, 504422, 517030, 519182, 530096, 530452, 532794, 549602, 549609, 549617, 549654, 549689, 552581, 552600, 558166, 558179, 558188, 559412, 559438, 564529, 567839, 569268, 569291, 569395, 569426, 569648, 569711, 569719, 569748, 569804, 569819, 569855, 569891, 569912, 569925, 578942]
10,36,[501287, 504591, 517202, 519354, 530271, 530627, 532969, 549780, 549787, 549795, 549832, 549867, 552759, 552778, 558344, 558357, 558366, 559590, 559616, 564709, 568019, 569448, 569471, 569575, 569606, 569828, 569891, 569899, 569928, 569984, 569999, 570035, 570071, 570092, 570105, 579122]
14,5,[9410, 17407, 17629, 156825, 200768]
15,1,[63223]
18,5,[27831, 27839, 28369, 28626, 28695]
22,2,[96551, 96553]
25,4,[9664, 17160, 17348, 203116]
30,36,[501118, 504422, 517030, 519182, 530096, 530452, 532794, 549602, 549609, 549617, 549654, 549689, 552581, 552600, 558166, 558179, 558188, 559412, 559438, 564529, 567839, 569268, 569291, 569395, 569426, 569648, 569711, 569719, 569748, 569804, 569819, 569855, 569891, 569912, 569925, 578942]
