11,6,[6280, 9882, 14974, 18958, 19076, 20891]
12,2,[8377, 22356]
14,17,[8289, 14387, 26562, 57815, 65906, 70841, 72444, 111558, 112223, 117088, 129562, 130332, 150214, 151558, 157131, 173103, 195229]
21,1,[21735]
23,5,[9305, 9309, 11232, 13258, 18932]
24,4,[1752, 6981, 7078, 30330]
25,20,[8512, 14392, 25755, 55475, 58497, 62827, 67568, 69034, 107006, 107601, 112108, 124084, 124783, 144018, 145242, 150431, 166194, 179749, 179861, 187031]
27,3,[24197, 89660, 89711]
11,6,[6280, 9882, 14974, 18958, 19076, 20891]
12,2,[8377, 22356]
14,17,[8289, 14387, 26562, 57815, 65906, 70841, 72444, 111558, 112223, 117088, 129562, 130332, 150214, 151558, 157131, 173103, 195229]
21,1,[21735]
23,5,[9305, 9309, 11232, 13258, 18932]
24,4,[1752, 6981, 7078, 30330]
25,20,[8512, 14392, 25755, 55475, 58497, 62827, 67568, 69034, 107006, 107601, 112108, 124084, 124783, 144018, 145242, 150431, 166194, 179749, 179861, 187031]
27,3,[24197, 89660, 89711]
