15,28,[2405, 11900, 14149, 15117, 17116, 17123, 17343, 17416, 24047, 33050, 33110, 33217, 33247, 33252, 33390, 33584, 45820, 88172, 133367, 151051, 151069, 151079, 151442, 156351, 167275, 167298, 167363, 170744]
20,2,[1278, 24384]
21,1,[26764]
22,16,[30840, 36118, 36136, 36138, 36140, 36142, 36841, 37079, 40771, 61488, 61492, 61639, 74194, 103915, 104053, 158791]
26,2,[1651, 25154]
15,28,[2405, 11900, 14149, 15117, 17116, 17123, 17343, 17416, 24047, 33050, 33110, 33217, 33247, 33252, 33390, 33584, 45820, 88172, 133367, 151051, 151069, 151079, 151442, 156351, 167275, 167298, 167363, 170744]
20,2,[1278, 24384]
21,1,[26764]
22,16,[30840, 36118, 36136, 36138, 36140, 36142, 36841, 37079, 40771, 61488, 61492, 61639, 74194, 103915, 104053, 158791]
26,2,[1651, 25154]
