10,19,[3373, 3378, 32312, 79020, 79041, 79096, 79115, 79132, 79166, 79302, 80189, 80321, 80455, 105680, 130573, 368944, 377599, 377613, 396099]
15,19,[7380, 20763, 24552, 41156, 54167, 69089, 74753, 89334, 89768, 94123, 100769, 129385, 129480, 129485, 158363, 158369, 158591, 158743, 167811]
17,19,[13278, 13406, 13917, 14392, 17069, 25270, 35991, 82603, 82631, 130657, 136277, 136288, 143972, 144423, 148013, 150343, 195956, 212416, 212432]
18,2,[17330, 40947]
19,8,[8054, 10241, 10263, 10361, 10425, 10605, 10629, 11460]
20,4,[9728, 39443, 60782, 61015]
22,33,[3839, 10174, 25060, 25126, 28536, 29011, 39085, 39659, 39712, 41874, 42051, 42683, 46438, 53231, 53236, 53430, 54166, 55021, 55024, 55053, 55988, 65091, 87557, 89601, 95617, 109207, 110334, 120615, 121711, 121729, 121731, 121733, 158140]
23,1,[24320]
26,4,[10279, 40385, 62080, 62313]
27,4,[6936, 13287, 13294, 39930]
30,19,[3279, 3284, 32214, 78913, 78934, 78989, 79008, 79025, 79059, 79195, 80082, 80214, 80348, 105569, 130461, 368781, 377436, 377450, 395933]
10,19,[3373, 3378, 32312, 79020, 79041, 79096, 79115, 79132, 79166, 79302, 80189, 80321, 80455, 105680, 130573, 368944, 377599, 377613, 396099]
15,19,[7380, 20763, 24552, 41156, 54167, 69089, 74753, 89334, 89768, 94123, 100769, 129385, 129480, 129485, 158363, 158369, 158591, 158743, 167811]
17,19,[13278, 13406, 13917, 14392, 17069, 25270, 35991, 82603, 82631, 130657, 136277, 136288, 143972, 144423, 148013, 150343, 195956, 212416, 212432]
18,2,[17330, 40947]
19,8,[8054, 10241, 10263, 10361, 10425, 10605, 10629, 11460]
20,4,[9728, 39443, 60782, 61015]
22,33,[3839, 10174, 25060, 25126, 28536, 29011, 39085, 39659, 39712, 41874, 42051, 42683, 46438, 53231, 53236, 53430, 54166, 55021, 55024, 55053, 55988, 65091, 87557, 89601, 95617, 109207, 110334, 120615, 121711, 121729, 121731, 121733, 158140]
23,1,[24320]
26,4,[10279, 40385, 62080, 62313]
27,4,[6936, 13287, 13294, 39930]
30,19,[3279, 3284, 32214, 78913, 78934, 78989, 79008, 79025, 79059, 79195, 80082, 80214, 80348, 105569, 130461, 368781, 377436, 377450, 395933]
