10,8,[240667, 341400, 343932, 362059, 370090, 370477, 422422, 448864]
14,15,[6219, 27525, 28485, 28490, 52316, 64657, 69950, 116056, 116126, 119150, 178682, 186668, 192392, 192460, 192498]
17,1,[130275]
18,2,[55073, 66580]
19,1,[25190]
20,3,[18972, 22814, 37147]
21,1,[12821]
22,3,[48484, 48618, 98006]
24,2,[27870, 29557]
25,11,[6526, 50179, 54605, 66748, 102108, 111123, 111195, 114094, 171342, 179016, 184322]
26,3,[19679, 23581, 38063]
27,4,[1255, 63291, 84435, 85393]
30,8,[240514, 341241, 343773, 361899, 369927, 370314, 422256, 448694]
10,8,[240667, 341400, 343932, 362059, 370090, 370477, 422422, 448864]
14,15,[6219, 27525, 28485, 28490, 52316, 64657, 69950, 116056, 116126, 119150, 178682, 186668, 192392, 192460, 192498]
17,1,[130275]
18,2,[55073, 66580]
19,1,[25190]
20,3,[18972, 22814, 37147]
21,1,[12821]
22,3,[48484, 48618, 98006]
24,2,[27870, 29557]
25,11,[6526, 50179, 54605, 66748, 102108, 111123, 111195, 114094, 171342, 179016, 184322]
26,3,[19679, 23581, 38063]
27,4,[1255, 63291, 84435, 85393]
30,8,[240514, 341241, 343773, 361899, 369927, 370314, 422256, 448694]
