7,1,[58]
10,42,[1102, 41288, 116493, 123361, 123576, 186374, 234142, 248716, 301447, 336705, 357652, 364958, 370475, 370490, 379335, 381244, 386417, 386973, 391966, 391983, 392922, 393610, 403347, 406876, 409776, 410368, 411131, 411140, 411745, 413134, 414749, 419181, 439607, 439619, 447586, 451833, 453117, 471380, 480896, 480915, 487705, 505322]
14,14,[1777, 1948, 1962, 27404, 31943, 32721, 38116, 42660, 46700, 79473, 106470, 146655, 157072, 192417]
15,3,[21618, 21658, 34692]
17,11,[17089, 27439, 32007, 48177, 48999, 49032, 67085, 116353, 116658, 117243, 117396]
20,13,[3991, 11825, 17460, 17717, 23048, 23950, 24797, 31323, 36195, 42923, 43515, 46415, 47429]
21,1,[27838]
22,19,[25057, 25111, 41307, 47482, 48300, 48396, 48710, 51972, 56641, 78200, 91567, 96679, 103590, 103625, 109336, 121383, 130531, 130535, 148234]
23,1,[3084]
24,4,[20514, 22779, 25951, 41246]
25,14,[2082, 2253, 2267, 26541, 31592, 31779, 36739, 40979, 44879, 66082, 75871, 102118, 140583, 150374]
26,13,[4490, 12411, 18127, 18394, 23819, 24714, 25578, 32191, 37097, 43871, 44471, 47422, 48434]
27,2,[10633, 84537]
28,1,[6608]
30,42,[1009, 41190, 116382, 123250, 123465, 186242, 233992, 248563, 301289, 336546, 357492, 364795, 370312, 370327, 379172, 381081, 386254, 386810, 391803, 391820, 392756, 393444, 403181, 406710, 409610, 410202, 410965, 410974, 411579, 412968, 414583, 419015, 439437, 439449, 447416, 451663, 452947, 471209, 480728, 480747, 487543, 505153]
7,1,[58]
10,42,[1102, 41288, 116493, 123361, 123576, 186374, 234142, 248716, 301447, 336705, 357652, 364958, 370475, 370490, 379335, 381244, 386417, 386973, 391966, 391983, 392922, 393610, 403347, 406876, 409776, 410368, 411131, 411140, 411745, 413134, 414749, 419181, 439607, 439619, 447586, 451833, 453117, 471380, 480896, 480915, 487705, 505322]
14,14,[1777, 1948, 1962, 27404, 31943, 32721, 38116, 42660, 46700, 79473, 106470, 146655, 157072, 192417]
15,3,[21618, 21658, 34692]
17,11,[17089, 27439, 32007, 48177, 48999, 49032, 67085, 116353, 116658, 117243, 117396]
20,13,[3991, 11825, 17460, 17717, 23048, 23950, 24797, 31323, 36195, 42923, 43515, 46415, 47429]
21,1,[27838]
22,19,[25057, 25111, 41307, 47482, 48300, 48396, 48710, 51972, 56641, 78200, 91567, 96679, 103590, 103625, 109336, 121383, 130531, 130535, 148234]
23,1,[3084]
24,4,[20514, 22779, 25951, 41246]
25,14,[2082, 2253, 2267, 26541, 31592, 31779, 36739, 40979, 44879, 66082, 75871, 102118, 140583, 150374]
26,13,[4490, 12411, 18127, 18394, 23819, 24714, 25578, 32191, 37097, 43871, 44471, 47422, 48434]
27,2,[10633, 84537]
28,1,[6608]
30,42,[1009, 41190, 116382, 123250, 123465, 186242, 233992, 248563, 301289, 336546, 357492, 364795, 370312, 370327, 379172, 381081, 386254, 386810, 391803, 391820, 392756, 393444, 403181, 406710, 409610, 410202, 410965, 410974, 411579, 412968, 414583, 419015, 439437, 439449, 447416, 451663, 452947, 471209, 480728, 480747, 487543, 505153]
