10,39,[1176, 4984, 11351, 71711, 96369, 118246, 143648, 311167, 329548, 329648, 332534, 332737, 334784, 357153, 357160, 357658, 364827, 380652, 393595, 399642, 399851, 402732, 420949, 439147, 439224, 439286, 440626, 440701, 474435, 479173, 505328, 509431, 524043, 540086, 542643, 543034, 544875, 586844, 592738]
12,1,[3340]
14,1,[165292]
15,14,[12984, 22371, 23906, 55903, 78436, 101695, 111669, 112910, 128726, 128860, 131767, 146952, 147458, 168512]
17,11,[31874, 48245, 48314, 48339, 49361, 49431, 64601, 116063, 116240, 116669, 130157]
18,1,[147442]
19,3,[16086, 16121, 16212]
20,5,[17524, 18882, 21830, 37569, 40121]
21,1,[30796]
24,4,[5518, 5952, 12631, 20697]
25,1,[158475]
26,5,[18194, 19590, 22582, 38484, 41061]
27,3,[43418, 85358, 85582]
30,39,[1083, 4890, 11257, 71608, 96262, 118135, 143536, 311008, 329389, 329489, 332375, 332578, 334625, 356993, 357000, 357498, 364664, 380489, 393429, 399476, 399685, 402566, 420783, 438977, 439054, 439116, 440456, 440531, 474265, 479005, 505159, 509262, 523871, 539911, 542468, 542859, 544700, 586659, 592547]
10,39,[1176, 4984, 11351, 71711, 96369, 118246, 143648, 311167, 329548, 329648, 332534, 332737, 334784, 357153, 357160, 357658, 364827, 380652, 393595, 399642, 399851, 402732, 420949, 439147, 439224, 439286, 440626, 440701, 474435, 479173, 505328, 509431, 524043, 540086, 542643, 543034, 544875, 586844, 592738]
12,1,[3340]
14,1,[165292]
15,14,[12984, 22371, 23906, 55903, 78436, 101695, 111669, 112910, 128726, 128860, 131767, 146952, 147458, 168512]
17,11,[31874, 48245, 48314, 48339, 49361, 49431, 64601, 116063, 116240, 116669, 130157]
18,1,[147442]
19,3,[16086, 16121, 16212]
20,5,[17524, 18882, 21830, 37569, 40121]
21,1,[30796]
24,4,[5518, 5952, 12631, 20697]
25,1,[158475]
26,5,[18194, 19590, 22582, 38484, 41061]
27,3,[43418, 85358, 85582]
30,39,[1083, 4890, 11257, 71608, 96262, 118135, 143536, 311008, 329389, 329489, 332375, 332578, 334625, 356993, 357000, 357498, 364664, 380489, 393429, 399476, 399685, 402566, 420783, 438977, 439054, 439116, 440456, 440531, 474265, 479005, 505159, 509262, 523871, 539911, 542468, 542859, 544700, 586659, 592547]
