10,61,[8948, 120520, 255408, 280086, 282981, 289391, 292387, 303816, 303875, 304015, 311676, 318395, 322310, 334079, 334533, 335296, 337519, 344540, 344547, 344890, 352573, 357096, 358393, 360837, 371599, 383277, 384111, 384864, 387185, 388817, 389098, 389124, 393673, 405681, 414371, 422597, 438373, 440201, 440431, 450513, 474031, 488843, 494989, 539454, 581748, 581914, 585042, 603081, 605982, 606030, 608913, 613096, 613336, 614832, 621201, 621231, 621696, 622636, 624918, 627801, 633318]
11,2,[137, 21078]
12,1,[10015]
15,4,[71922, 97179, 146494, 147554]
16,1,[33390]
17,17,[14131, 18561, 30285, 37882, 42007, 47058, 47851, 52741, 61885, 67297, 84423, 99160, 99181, 99657, 132763, 133779, 134011]
18,23,[2384, 2474, 4967, 15975, 22652, 30671, 34522, 48681, 61941, 63248, 73763, 81340, 92498, 98108, 107155, 110103, 110106, 114896, 128706, 131793, 131840, 136866, 139179]
19,2,[8793, 20020]
20,20,[8521, 12179, 31233, 32373, 38509, 40732, 40734, 41908, 45038, 45133, 45176, 45179, 45906, 48548, 48565, 55868, 55905, 59776, 60200, 61431]
21,5,[7171, 7175, 11039, 13729, 18665]
22,66,[14301, 16803, 25981, 48688, 49433, 49434, 49436, 49438, 49440, 49451, 49485, 49490, 49492, 49494, 49528, 53601, 85296, 85307, 85408, 85795, 85926, 87616, 89163, 101603, 114681, 127439, 128374, 129304, 129305, 129316, 129403, 129405, 129431, 129433, 129436, 129444, 129511, 129542, 129591, 129994, 129997, 130003, 130048, 130056, 130058, 130060, 130062, 130064, 130066, 130068, 130070, 130072, 130160, 130162, 131803, 132419, 132948, 133260, 133747, 134814, 139187, 139284, 154111, 155653, 155659, 155823]
23,8,[4537, 5803, 5948, 15290, 21419, 25560, 25592, 28886]
24,3,[4742, 29962, 31776]
26,20,[9056, 12766, 32102, 33247, 39451, 41671, 41673, 42842, 46027, 46122, 46165, 46168, 46909, 49569, 49586, 57028, 57065, 61062, 61495, 62735]
27,29,[5145, 9646, 10714, 20015, 42411, 42836, 44303, 44934, 45669, 46163, 46610, 46894, 46922, 46981, 47066, 47191, 47223, 47676, 48031, 54856, 58260, 61365, 72768, 92812, 95880, 99213, 100109, 105718, 107131]
28,3,[6363, 7514, 11689]
30,61,[8854, 120409, 255255, 279931, 282826, 289235, 292230, 303658, 303717, 303857, 311517, 318236, 322151, 333920, 334374, 335137, 337360, 344381, 344388, 344731, 352414, 356936, 358233, 360677, 371436, 383114, 383948, 384701, 387022, 388654, 388935, 388961, 393507, 405515, 414205, 422431, 438203, 440031, 440261, 450343, 473861, 488682, 494830, 539279, 581568, 581734, 584857, 602884, 605775, 605823, 608701, 612867, 613107, 614598, 620949, 620979, 621444, 622384, 624664, 627541, 633043]
10,61,[8948, 120520, 255408, 280086, 282981, 289391, 292387, 303816, 303875, 304015, 311676, 318395, 322310, 334079, 334533, 335296, 337519, 344540, 344547, 344890, 352573, 357096, 358393, 360837, 371599, 383277, 384111, 384864, 387185, 388817, 389098, 389124, 393673, 405681, 414371, 422597, 438373, 440201, 440431, 450513, 474031, 488843, 494989, 539454, 581748, 581914, 585042, 603081, 605982, 606030, 608913, 613096, 613336, 614832, 621201, 621231, 621696, 622636, 624918, 627801, 633318]
11,2,[137, 21078]
12,1,[10015]
15,4,[71922, 97179, 146494, 147554]
16,1,[33390]
17,17,[14131, 18561, 30285, 37882, 42007, 47058, 47851, 52741, 61885, 67297, 84423, 99160, 99181, 99657, 132763, 133779, 134011]
18,23,[2384, 2474, 4967, 15975, 22652, 30671, 34522, 48681, 61941, 63248, 73763, 81340, 92498, 98108, 107155, 110103, 110106, 114896, 128706, 131793, 131840, 136866, 139179]
19,2,[8793, 20020]
20,20,[8521, 12179, 31233, 32373, 38509, 40732, 40734, 41908, 45038, 45133, 45176, 45179, 45906, 48548, 48565, 55868, 55905, 59776, 60200, 61431]
21,5,[7171, 7175, 11039, 13729, 18665]
22,66,[14301, 16803, 25981, 48688, 49433, 49434, 49436, 49438, 49440, 49451, 49485, 49490, 49492, 49494, 49528, 53601, 85296, 85307, 85408, 85795, 85926, 87616, 89163, 101603, 114681, 127439, 128374, 129304, 129305, 129316, 129403, 129405, 129431, 129433, 129436, 129444, 129511, 129542, 129591, 129994, 129997, 130003, 130048, 130056, 130058, 130060, 130062, 130064, 130066, 130068, 130070, 130072, 130160, 130162, 131803, 132419, 132948, 133260, 133747, 134814, 139187, 139284, 154111, 155653, 155659, 155823]
23,8,[4537, 5803, 5948, 15290, 21419, 25560, 25592, 28886]
24,3,[4742, 29962, 31776]
26,20,[9056, 12766, 32102, 33247, 39451, 41671, 41673, 42842, 46027, 46122, 46165, 46168, 46909, 49569, 49586, 57028, 57065, 61062, 61495, 62735]
27,29,[5145, 9646, 10714, 20015, 42411, 42836, 44303, 44934, 45669, 46163, 46610, 46894, 46922, 46981, 47066, 47191, 47223, 47676, 48031, 54856, 58260, 61365, 72768, 92812, 95880, 99213, 100109, 105718, 107131]
28,3,[6363, 7514, 11689]
30,61,[8854, 120409, 255255, 279931, 282826, 289235, 292230, 303658, 303717, 303857, 311517, 318236, 322151, 333920, 334374, 335137, 337360, 344381, 344388, 344731, 352414, 356936, 358233, 360677, 371436, 383114, 383948, 384701, 387022, 388654, 388935, 388961, 393507, 405515, 414205, 422431, 438203, 440031, 440261, 450343, 473861, 488682, 494830, 539279, 581568, 581734, 584857, 602884, 605775, 605823, 608701, 612867, 613107, 614598, 620949, 620979, 621444, 622384, 624664, 627541, 633043]
