10,22,[23427, 23434, 23494, 45606, 120720, 120725, 120813, 120829, 120843, 120851, 120973, 172534, 304054, 304645, 304735, 352186, 354925, 439805, 439914, 440003, 450647, 478119]
15,3,[57859, 136662, 151094]
18,3,[71132, 94626, 110567]
19,2,[15837, 16761]
20,6,[1735, 10030, 12092, 17470, 23761, 40249]
21,1,[7066]
22,18,[76152, 119758, 119797, 119813, 119825, 119835, 119843, 120104, 120235, 120316, 143145, 145218, 145315, 150597, 153409, 154257, 155598, 156052]
23,1,[667]
26,6,[2110, 10582, 12679, 18139, 24525, 41190]
27,1,[102201]
30,22,[23333, 23340, 23400, 45508, 120609, 120614, 120702, 120718, 120732, 120740, 120862, 172411, 303896, 304487, 304577, 352027, 354766, 439635, 439744, 439833, 450477, 477951]
10,22,[23427, 23434, 23494, 45606, 120720, 120725, 120813, 120829, 120843, 120851, 120973, 172534, 304054, 304645, 304735, 352186, 354925, 439805, 439914, 440003, 450647, 478119]
15,3,[57859, 136662, 151094]
18,3,[71132, 94626, 110567]
19,2,[15837, 16761]
20,6,[1735, 10030, 12092, 17470, 23761, 40249]
21,1,[7066]
22,18,[76152, 119758, 119797, 119813, 119825, 119835, 119843, 120104, 120235, 120316, 143145, 145218, 145315, 150597, 153409, 154257, 155598, 156052]
23,1,[667]
26,6,[2110, 10582, 12679, 18139, 24525, 41190]
27,1,[102201]
30,22,[23333, 23340, 23400, 45508, 120609, 120614, 120702, 120718, 120732, 120740, 120862, 172411, 303896, 304487, 304577, 352027, 354766, 439635, 439744, 439833, 450477, 477951]
