15,5,[5417, 16147, 101130, 102426, 144498]
20,5,[2099, 32156, 48973, 55416, 56457]
21,2,[7817, 15689]
22,12,[1484, 113746, 114360, 119757, 119816, 119828, 119837, 119845, 119848, 120105, 147477, 147480]
26,5,[2485, 33029, 50004, 56574, 57607]
27,2,[20744, 30277]
28,2,[3755, 9621]
15,5,[5417, 16147, 101130, 102426, 144498]
20,5,[2099, 32156, 48973, 55416, 56457]
21,2,[7817, 15689]
22,12,[1484, 113746, 114360, 119757, 119816, 119828, 119837, 119845, 119848, 120105, 147477, 147480]
26,5,[2485, 33029, 50004, 56574, 57607]
27,2,[20744, 30277]
28,2,[3755, 9621]
