10,1,[310713]
11,1,[4890]
12,3,[7318, 9044, 19343]
14,81,[4356, 5304, 6925, 7503, 11747, 13181, 13201, 13207, 20342, 22653, 24697, 27349, 28361, 29154, 30042, 31755, 33579, 35060, 36922, 38037, 38044, 40955, 41859, 42626, 44433, 48532, 49222, 52293, 54393, 66566, 69886, 71355, 74363, 77213, 85162, 85195, 87619, 93899, 96601, 102288, 108316, 113522, 116937, 118432, 119758, 120571, 122043, 122993, 124915, 126474, 130130, 131322, 136438, 136460, 137348, 138371, 140709, 144432, 148802, 152045, 153867, 156154, 156950, 157717, 160529, 165095, 169266, 169299, 172348, 175187, 176196, 177488, 181639, 184785, 185728, 189299, 190532, 190556, 191368, 192340, 195030]
15,30,[20881, 30443, 30854, 43136, 71249, 72890, 76947, 86948, 88169, 97883, 103913, 107313, 108293, 109064, 128661, 131429, 131440, 134437, 136337, 148680, 152733, 153288, 155133, 155209, 155979, 162529, 166216, 170399, 171379, 173150]
16,3,[9904, 32701, 35257]
17,2,[13199, 53109]
18,13,[22341, 32492, 50109, 59672, 69702, 72942, 80638, 81253, 108125, 116263, 118656, 130531, 136435]
19,2,[9903, 14441]
21,4,[7352, 16617, 16718, 30296]
22,6,[4654, 34015, 76327, 79826, 81729, 81960]
23,2,[9753, 20882]
24,8,[798, 5501, 9439, 15857, 17357, 27880, 33518, 42037]
25,73,[4775, 5675, 7741, 11885, 13225, 13245, 13251, 22171, 24027, 26478, 27472, 28222, 29097, 30669, 32403, 33759, 35552, 36662, 36669, 39368, 40241, 40947, 42618, 46632, 47303, 52221, 63568, 66686, 68049, 70803, 73609, 81508, 83922, 89955, 92512, 98173, 103841, 108783, 111954, 113381, 114695, 115519, 116946, 117867, 119706, 121190, 124600, 125672, 130629, 130651, 131546, 132480, 134861, 138464, 142705, 145720, 147366, 149525, 150261, 151031, 153687, 158274, 162330, 165520, 168118, 169095, 170254, 174210, 177236, 178107, 181466, 184287, 186844]
27,8,[13568, 24475, 38645, 40356, 49538, 72047, 75552, 105081]
28,3,[5973, 6130, 9771]
30,1,[310555]
10,1,[310713]
11,1,[4890]
12,3,[7318, 9044, 19343]
14,81,[4356, 5304, 6925, 7503, 11747, 13181, 13201, 13207, 20342, 22653, 24697, 27349, 28361, 29154, 30042, 31755, 33579, 35060, 36922, 38037, 38044, 40955, 41859, 42626, 44433, 48532, 49222, 52293, 54393, 66566, 69886, 71355, 74363, 77213, 85162, 85195, 87619, 93899, 96601, 102288, 108316, 113522, 116937, 118432, 119758, 120571, 122043, 122993, 124915, 126474, 130130, 131322, 136438, 136460, 137348, 138371, 140709, 144432, 148802, 152045, 153867, 156154, 156950, 157717, 160529, 165095, 169266, 169299, 172348, 175187, 176196, 177488, 181639, 184785, 185728, 189299, 190532, 190556, 191368, 192340, 195030]
15,30,[20881, 30443, 30854, 43136, 71249, 72890, 76947, 86948, 88169, 97883, 103913, 107313, 108293, 109064, 128661, 131429, 131440, 134437, 136337, 148680, 152733, 153288, 155133, 155209, 155979, 162529, 166216, 170399, 171379, 173150]
16,3,[9904, 32701, 35257]
17,2,[13199, 53109]
18,13,[22341, 32492, 50109, 59672, 69702, 72942, 80638, 81253, 108125, 116263, 118656, 130531, 136435]
19,2,[9903, 14441]
21,4,[7352, 16617, 16718, 30296]
22,6,[4654, 34015, 76327, 79826, 81729, 81960]
23,2,[9753, 20882]
24,8,[798, 5501, 9439, 15857, 17357, 27880, 33518, 42037]
25,73,[4775, 5675, 7741, 11885, 13225, 13245, 13251, 22171, 24027, 26478, 27472, 28222, 29097, 30669, 32403, 33759, 35552, 36662, 36669, 39368, 40241, 40947, 42618, 46632, 47303, 52221, 63568, 66686, 68049, 70803, 73609, 81508, 83922, 89955, 92512, 98173, 103841, 108783, 111954, 113381, 114695, 115519, 116946, 117867, 119706, 121190, 124600, 125672, 130629, 130651, 131546, 132480, 134861, 138464, 142705, 145720, 147366, 149525, 150261, 151031, 153687, 158274, 162330, 165520, 168118, 169095, 170254, 174210, 177236, 178107, 181466, 184287, 186844]
27,8,[13568, 24475, 38645, 40356, 49538, 72047, 75552, 105081]
28,3,[5973, 6130, 9771]
30,1,[310555]
