14,7,[10078, 32250, 69119, 69141, 69150, 165868, 189637]
15,13,[2300, 36204, 38692, 44289, 58176, 58240, 58288, 95158, 136650, 136677, 139686, 140991, 161081]
20,3,[24413, 51414, 53839]
22,3,[29115, 55252, 62191]
25,7,[117, 10289, 31136, 65890, 65925, 158987, 181859]
26,3,[25187, 52472, 54980]
14,7,[10078, 32250, 69119, 69141, 69150, 165868, 189637]
15,13,[2300, 36204, 38692, 44289, 58176, 58240, 58288, 95158, 136650, 136677, 139686, 140991, 161081]
20,3,[24413, 51414, 53839]
22,3,[29115, 55252, 62191]
25,7,[117, 10289, 31136, 65890, 65925, 158987, 181859]
26,3,[25187, 52472, 54980]
