13,1,[1218]
15,12,[48071, 52164, 58118, 74773, 83195, 121379, 129446, 143133, 148775, 154023, 166888, 170299]
16,1,[25820]
19,5,[2624, 15018, 15606, 16682, 21219]
20,1,[53766]
22,7,[2386, 2532, 32156, 32196, 39483, 39486, 106216]
24,1,[6905]
26,1,[54898]
13,1,[1218]
15,12,[48071, 52164, 58118, 74773, 83195, 121379, 129446, 143133, 148775, 154023, 166888, 170299]
16,1,[25820]
19,5,[2624, 15018, 15606, 16682, 21219]
20,1,[53766]
22,7,[2386, 2532, 32156, 32196, 39483, 39486, 106216]
24,1,[6905]
26,1,[54898]
