10,205,[25108, 45586, 45751, 45800, 45884, 51288, 67750, 71422, 71508, 74235, 75617, 75852, 75931, 76116, 115374, 115454, 115484, 115529, 115588, 115609, 120836, 120884, 120914, 147873, 161136, 162612, 162622, 174099, 188795, 188807, 188880, 238043, 296563, 298625, 298639, 303289, 303413, 304654, 304737, 304812, 306000, 306051, 306493, 306734, 306780, 307962, 308085, 308483, 308593, 312603, 312653, 312759, 312770, 312774, 312787, 312844, 313092, 313326, 317732, 318111, 318121, 318792, 319895, 319915, 321507, 325275, 326085, 326141, 326258, 326650, 326668, 326793, 326803, 327558, 327585, 329960, 329970, 330616, 336754, 337160, 337252, 337367, 337740, 337847, 341848, 343314, 348220, 348366, 349438, 349452, 349625, 349904, 349926, 350039, 350050, 350991, 351558, 351584, 351630, 351666, 351805, 351880, 352528, 352575, 352767, 352837, 352868, 352950, 353041, 353043, 355153, 355158, 355197, 355239, 355285, 355346, 355512, 355625, 355686, 355705, 356021, 356095, 356499, 356628, 358244, 358269, 358465, 358881, 360218, 360232, 360242, 364430, 364444, 367314, 367934, 368080, 369648, 369711, 373273, 373591, 375369, 376700, 381194, 388914, 392129, 393897, 395421, 404548, 405412, 417611, 418075, 426810, 426846, 438741, 439904, 440030, 443347, 465526, 478076, 478090, 478611, 479155, 479203, 480240, 480280, 487259, 488484, 491703, 493268, 493360, 497904, 502025, 507951, 512843, 512864, 522761, 524866, 524892, 525696, 525719, 531389, 533073, 534123, 540941, 541102, 543551, 544006, 545553, 545567, 558080, 558088, 558119, 559334, 591300, 597037, 600893, 601526, 601964, 604104, 623873, 623898, 623925, 623945, 632923, 636962]
11,27,[1105, 1466, 1530, 1611, 1819, 1953, 2408, 2652, 3013, 4444, 4696, 5326, 6269, 6407, 7516, 7822, 9458, 9562, 9767, 12002, 15710, 18265, 18775, 18829, 18944, 18950, 19540]
12,22,[390, 1961, 2444, 4567, 6047, 6814, 7143, 8580, 9866, 10147, 10426, 10607, 11789, 14913, 15187, 16177, 17600, 18528, 19854, 20647, 20878, 20994]
13,4,[917, 1798, 2765, 3437]
14,42,[3448, 11873, 13693, 23623, 24810, 25836, 28395, 30059, 30903, 33621, 33807, 35135, 41010, 54679, 55533, 55944, 65677, 66941, 72080, 74655, 81883, 83004, 99500, 103334, 110280, 113850, 115409, 123330, 123345, 125127, 129383, 129738, 134583, 135162, 135578, 139527, 159894, 177504, 178201, 188623, 190877, 195331]
15,114,[682, 775, 813, 3951, 5148, 5808, 5944, 12247, 12840, 16553, 19843, 20204, 21207, 21448, 21472, 21805, 25932, 25940, 28048, 28056, 32504, 33793, 35546, 36720, 37513, 38345, 41947, 46140, 46845, 47709, 51029, 51577, 53093, 62976, 63378, 63408, 76496, 77756, 84029, 84267, 87791, 93599, 97183, 98080, 98082, 98394, 98559, 98841, 98973, 99070, 99082, 99160, 99305, 99386, 100985, 101129, 102347, 105197, 105310, 105560, 105788, 105998, 108425, 108880, 112445, 121334, 122285, 122350, 122734, 122823, 122927, 123665, 123747, 126225, 126622, 126677, 126775, 127072, 127153, 130164, 131226, 132173, 132989, 133039, 133124, 135491, 142487, 145099, 145144, 145202, 145254, 145467, 145795, 145934, 146131, 146252, 146762, 151552, 153511, 154392, 156345, 157494, 160219, 160545, 160597, 160644, 160764, 162949, 163423, 163508, 170022, 170027, 172835, 172930]
16,9,[819, 6431, 10470, 10875, 13232, 13234, 13912, 26449, 29057]
17,32,[28851, 31482, 31495, 34358, 34980, 35128, 36742, 36804, 38988, 40507, 41003, 41011, 41023, 42596, 48208, 59546, 59642, 81715, 84607, 86806, 115291, 115324, 115335, 115343, 115373, 118803, 153216, 156943, 177241, 178103, 190323, 198144]
18,3,[5882, 32969, 94432]
19,5,[1386, 3226, 14369, 21196, 25717]
20,1,[62950]
21,10,[11020, 13128, 13848, 18028, 18214, 18278, 19351, 19576, 21144, 31875]
22,38,[17966, 22089, 63294, 64408, 69039, 69405, 70632, 82004, 92399, 92475, 92511, 93416, 105534, 105536, 114370, 119720, 124934, 124978, 124980, 124993, 125039, 125052, 125062, 125064, 125067, 125184, 125698, 126255, 129905, 131366, 138272, 141060, 142741, 148415, 149087, 149089, 149091, 151882]
23,23,[502, 7444, 7831, 8393, 8730, 8993, 11733, 13328, 13742, 13940, 14146, 14766, 14881, 15649, 15661, 15866, 16939, 16994, 17047, 20257, 24464, 28197, 29813]
24,27,[3568, 5222, 8111, 8343, 9140, 9160, 10586, 12941, 14378, 16964, 17389, 18277, 19939, 20567, 21171, 22817, 25203, 28609, 29236, 34317, 34631, 35757, 37510, 41204, 43141, 44350, 44678]
25,49,[3858, 12000, 13691, 23041, 25091, 27504, 28236, 29112, 29865, 32443, 32619, 33819, 39421, 52502, 53269, 53616, 62328, 62506, 63624, 63881, 68700, 71079, 78205, 79262, 92626, 95385, 99259, 105846, 109132, 110504, 117990, 117997, 118203, 118218, 119854, 123880, 124247, 128817, 129462, 129852, 140625, 153004, 153994, 170268, 170888, 180874, 183572, 187122, 198096]
26,1,[64294]
27,79,[7447, 7456, 9461, 10465, 14121, 14957, 15731, 15795, 15935, 15982, 16853, 16917, 16942, 17417, 17555, 18231, 18286, 19223, 20913, 21017, 21033, 22023, 25377, 29902, 29973, 30154, 34703, 38153, 39454, 40228, 40738, 40843, 40980, 41687, 46899, 46970, 47933, 51847, 53286, 53568, 53724, 59232, 59360, 59372, 60123, 60143, 60169, 61434, 61629, 62636, 62656, 70303, 73273, 73324, 75257, 76035, 76649, 76705, 76885, 78348, 79145, 80451, 82456, 88996, 89134, 89428, 90725, 95596, 97352, 98837, 100352, 100932, 100948, 102777, 104020, 105536, 105555, 106902, 107650]
28,7,[1616, 2474, 3067, 4792, 8840, 9435, 9489]
30,205,[25014, 45488, 45653, 45702, 45786, 51190, 67647, 71319, 71405, 74132, 75514, 75749, 75828, 76013, 115263, 115343, 115373, 115418, 115477, 115498, 120725, 120773, 120803, 147760, 161022, 162489, 162499, 173976, 188663, 188675, 188748, 237893, 296406, 298467, 298481, 303131, 303255, 304496, 304579, 304654, 305842, 305893, 306335, 306576, 306622, 307804, 307927, 308325, 308435, 312444, 312494, 312600, 312611, 312615, 312628, 312685, 312933, 313167, 317573, 317952, 317962, 318633, 319736, 319756, 321348, 325116, 325926, 325982, 326099, 326491, 326509, 326634, 326644, 327399, 327426, 329801, 329811, 330457, 336595, 337001, 337093, 337208, 337581, 337688, 341689, 343155, 348061, 348207, 349279, 349293, 349466, 349745, 349767, 349880, 349891, 350832, 351399, 351425, 351471, 351507, 351646, 351721, 352369, 352416, 352608, 352678, 352709, 352791, 352882, 352884, 354994, 354999, 355038, 355080, 355126, 355187, 355353, 355466, 355527, 355546, 355862, 355936, 356340, 356469, 358084, 358109, 358305, 358721, 360058, 360072, 360082, 364267, 364281, 367151, 367771, 367917, 369485, 369548, 373110, 373428, 375206, 376537, 381031, 388751, 391966, 393731, 395255, 404382, 405246, 417445, 417909, 426644, 426680, 438571, 439734, 439860, 443177, 465355, 477908, 477922, 478443, 478987, 479035, 480072, 480112, 487096, 488322, 491543, 493108, 493200, 497735, 501856, 507782, 512674, 512695, 522589, 524694, 524720, 525524, 525547, 531214, 532898, 533948, 540766, 540927, 543376, 543831, 545378, 545392, 557902, 557910, 557941, 559156, 591115, 596846, 600696, 601329, 601767, 603902, 623619, 623644, 623671, 623691, 632648, 636687]
10,205,[25108, 45586, 45751, 45800, 45884, 51288, 67750, 71422, 71508, 74235, 75617, 75852, 75931, 76116, 115374, 115454, 115484, 115529, 115588, 115609, 120836, 120884, 120914, 147873, 161136, 162612, 162622, 174099, 188795, 188807, 188880, 238043, 296563, 298625, 298639, 303289, 303413, 304654, 304737, 304812, 306000, 306051, 306493, 306734, 306780, 307962, 308085, 308483, 308593, 312603, 312653, 312759, 312770, 312774, 312787, 312844, 313092, 313326, 317732, 318111, 318121, 318792, 319895, 319915, 321507, 325275, 326085, 326141, 326258, 326650, 326668, 326793, 326803, 327558, 327585, 329960, 329970, 330616, 336754, 337160, 337252, 337367, 337740, 337847, 341848, 343314, 348220, 348366, 349438, 349452, 349625, 349904, 349926, 350039, 350050, 350991, 351558, 351584, 351630, 351666, 351805, 351880, 352528, 352575, 352767, 352837, 352868, 352950, 353041, 353043, 355153, 355158, 355197, 355239, 355285, 355346, 355512, 355625, 355686, 355705, 356021, 356095, 356499, 356628, 358244, 358269, 358465, 358881, 360218, 360232, 360242, 364430, 364444, 367314, 367934, 368080, 369648, 369711, 373273, 373591, 375369, 376700, 381194, 388914, 392129, 393897, 395421, 404548, 405412, 417611, 418075, 426810, 426846, 438741, 439904, 440030, 443347, 465526, 478076, 478090, 478611, 479155, 479203, 480240, 480280, 487259, 488484, 491703, 493268, 493360, 497904, 502025, 507951, 512843, 512864, 522761, 524866, 524892, 525696, 525719, 531389, 533073, 534123, 540941, 541102, 543551, 544006, 545553, 545567, 558080, 558088, 558119, 559334, 591300, 597037, 600893, 601526, 601964, 604104, 623873, 623898, 623925, 623945, 632923, 636962]
11,27,[1105, 1466, 1530, 1611, 1819, 1953, 2408, 2652, 3013, 4444, 4696, 5326, 6269, 6407, 7516, 7822, 9458, 9562, 9767, 12002, 15710, 18265, 18775, 18829, 18944, 18950, 19540]
12,22,[390, 1961, 2444, 4567, 6047, 6814, 7143, 8580, 9866, 10147, 10426, 10607, 11789, 14913, 15187, 16177, 17600, 18528, 19854, 20647, 20878, 20994]
13,4,[917, 1798, 2765, 3437]
14,42,[3448, 11873, 13693, 23623, 24810, 25836, 28395, 30059, 30903, 33621, 33807, 35135, 41010, 54679, 55533, 55944, 65677, 66941, 72080, 74655, 81883, 83004, 99500, 103334, 110280, 113850, 115409, 123330, 123345, 125127, 129383, 129738, 134583, 135162, 135578, 139527, 159894, 177504, 178201, 188623, 190877, 195331]
15,114,[682, 775, 813, 3951, 5148, 5808, 5944, 12247, 12840, 16553, 19843, 20204, 21207, 21448, 21472, 21805, 25932, 25940, 28048, 28056, 32504, 33793, 35546, 36720, 37513, 38345, 41947, 46140, 46845, 47709, 51029, 51577, 53093, 62976, 63378, 63408, 76496, 77756, 84029, 84267, 87791, 93599, 97183, 98080, 98082, 98394, 98559, 98841, 98973, 99070, 99082, 99160, 99305, 99386, 100985, 101129, 102347, 105197, 105310, 105560, 105788, 105998, 108425, 108880, 112445, 121334, 122285, 122350, 122734, 122823, 122927, 123665, 123747, 126225, 126622, 126677, 126775, 127072, 127153, 130164, 131226, 132173, 132989, 133039, 133124, 135491, 142487, 145099, 145144, 145202, 145254, 145467, 145795, 145934, 146131, 146252, 146762, 151552, 153511, 154392, 156345, 157494, 160219, 160545, 160597, 160644, 160764, 162949, 163423, 163508, 170022, 170027, 172835, 172930]
16,9,[819, 6431, 10470, 10875, 13232, 13234, 13912, 26449, 29057]
17,32,[28851, 31482, 31495, 34358, 34980, 35128, 36742, 36804, 38988, 40507, 41003, 41011, 41023, 42596, 48208, 59546, 59642, 81715, 84607, 86806, 115291, 115324, 115335, 115343, 115373, 118803, 153216, 156943, 177241, 178103, 190323, 198144]
18,3,[5882, 32969, 94432]
19,5,[1386, 3226, 14369, 21196, 25717]
20,1,[62950]
21,10,[11020, 13128, 13848, 18028, 18214, 18278, 19351, 19576, 21144, 31875]
22,38,[17966, 22089, 63294, 64408, 69039, 69405, 70632, 82004, 92399, 92475, 92511, 93416, 105534, 105536, 114370, 119720, 124934, 124978, 124980, 124993, 125039, 125052, 125062, 125064, 125067, 125184, 125698, 126255, 129905, 131366, 138272, 141060, 142741, 148415, 149087, 149089, 149091, 151882]
23,23,[502, 7444, 7831, 8393, 8730, 8993, 11733, 13328, 13742, 13940, 14146, 14766, 14881, 15649, 15661, 15866, 16939, 16994, 17047, 20257, 24464, 28197, 29813]
24,27,[3568, 5222, 8111, 8343, 9140, 9160, 10586, 12941, 14378, 16964, 17389, 18277, 19939, 20567, 21171, 22817, 25203, 28609, 29236, 34317, 34631, 35757, 37510, 41204, 43141, 44350, 44678]
25,49,[3858, 12000, 13691, 23041, 25091, 27504, 28236, 29112, 29865, 32443, 32619, 33819, 39421, 52502, 53269, 53616, 62328, 62506, 63624, 63881, 68700, 71079, 78205, 79262, 92626, 95385, 99259, 105846, 109132, 110504, 117990, 117997, 118203, 118218, 119854, 123880, 124247, 128817, 129462, 129852, 140625, 153004, 153994, 170268, 170888, 180874, 183572, 187122, 198096]
26,1,[64294]
27,79,[7447, 7456, 9461, 10465, 14121, 14957, 15731, 15795, 15935, 15982, 16853, 16917, 16942, 17417, 17555, 18231, 18286, 19223, 20913, 21017, 21033, 22023, 25377, 29902, 29973, 30154, 34703, 38153, 39454, 40228, 40738, 40843, 40980, 41687, 46899, 46970, 47933, 51847, 53286, 53568, 53724, 59232, 59360, 59372, 60123, 60143, 60169, 61434, 61629, 62636, 62656, 70303, 73273, 73324, 75257, 76035, 76649, 76705, 76885, 78348, 79145, 80451, 82456, 88996, 89134, 89428, 90725, 95596, 97352, 98837, 100352, 100932, 100948, 102777, 104020, 105536, 105555, 106902, 107650]
28,7,[1616, 2474, 3067, 4792, 8840, 9435, 9489]
30,205,[25014, 45488, 45653, 45702, 45786, 51190, 67647, 71319, 71405, 74132, 75514, 75749, 75828, 76013, 115263, 115343, 115373, 115418, 115477, 115498, 120725, 120773, 120803, 147760, 161022, 162489, 162499, 173976, 188663, 188675, 188748, 237893, 296406, 298467, 298481, 303131, 303255, 304496, 304579, 304654, 305842, 305893, 306335, 306576, 306622, 307804, 307927, 308325, 308435, 312444, 312494, 312600, 312611, 312615, 312628, 312685, 312933, 313167, 317573, 317952, 317962, 318633, 319736, 319756, 321348, 325116, 325926, 325982, 326099, 326491, 326509, 326634, 326644, 327399, 327426, 329801, 329811, 330457, 336595, 337001, 337093, 337208, 337581, 337688, 341689, 343155, 348061, 348207, 349279, 349293, 349466, 349745, 349767, 349880, 349891, 350832, 351399, 351425, 351471, 351507, 351646, 351721, 352369, 352416, 352608, 352678, 352709, 352791, 352882, 352884, 354994, 354999, 355038, 355080, 355126, 355187, 355353, 355466, 355527, 355546, 355862, 355936, 356340, 356469, 358084, 358109, 358305, 358721, 360058, 360072, 360082, 364267, 364281, 367151, 367771, 367917, 369485, 369548, 373110, 373428, 375206, 376537, 381031, 388751, 391966, 393731, 395255, 404382, 405246, 417445, 417909, 426644, 426680, 438571, 439734, 439860, 443177, 465355, 477908, 477922, 478443, 478987, 479035, 480072, 480112, 487096, 488322, 491543, 493108, 493200, 497735, 501856, 507782, 512674, 512695, 522589, 524694, 524720, 525524, 525547, 531214, 532898, 533948, 540766, 540927, 543376, 543831, 545378, 545392, 557902, 557910, 557941, 559156, 591115, 596846, 600696, 601329, 601767, 603902, 623619, 623644, 623671, 623691, 632648, 636687]
