10,1,[284113]
14,57,[25427, 30274, 42158, 42161, 48291, 48559, 52657, 56446, 62572, 67513, 72704, 72795, 73053, 75828, 76175, 76180, 76452, 81825, 95217, 104990, 108664, 113622, 114138, 114155, 114181, 114186, 114447, 114677, 129684, 135524, 137109, 137314, 137319, 137598, 145728, 154475, 159145, 159229, 164495, 168554, 172601, 173964, 173976, 174238, 174243, 174533, 178467, 180685, 183221, 183647, 192753, 194534, 200798, 200802, 200806, 200816, 200822]
15,26,[5250, 20015, 22439, 23878, 26868, 30260, 33002, 33168, 33240, 34302, 34308, 34311, 34328, 48020, 48077, 64161, 71163, 75460, 79606, 80639, 90248, 97053, 100672, 122699, 123687, 167510]
18,1,[18947]
20,5,[11434, 21140, 21733, 56506, 58910]
22,17,[25915, 32228, 35070, 36236, 37132, 39606, 39737, 39786, 40119, 50902, 58164, 98740, 98845, 109522, 116794, 142185, 156094]
25,61,[212, 245, 24719, 29312, 40524, 40527, 46411, 46659, 50503, 54077, 60152, 64390, 69258, 69333, 69564, 72219, 72623, 72628, 72897, 78151, 91223, 96504, 100774, 104174, 108881, 109386, 109400, 109405, 109654, 109852, 124196, 129802, 131281, 131513, 131518, 131777, 131930, 139663, 147926, 152329, 152403, 157669, 161634, 165760, 166971, 166982, 167251, 167256, 167532, 171142, 173292, 175754, 176155, 183086, 184635, 186378, 203146, 203150, 203154, 203164, 203170]
26,5,[12009, 21879, 22483, 57656, 60133]
27,1,[87359]
30,1,[283957]
10,1,[284113]
14,57,[25427, 30274, 42158, 42161, 48291, 48559, 52657, 56446, 62572, 67513, 72704, 72795, 73053, 75828, 76175, 76180, 76452, 81825, 95217, 104990, 108664, 113622, 114138, 114155, 114181, 114186, 114447, 114677, 129684, 135524, 137109, 137314, 137319, 137598, 145728, 154475, 159145, 159229, 164495, 168554, 172601, 173964, 173976, 174238, 174243, 174533, 178467, 180685, 183221, 183647, 192753, 194534, 200798, 200802, 200806, 200816, 200822]
15,26,[5250, 20015, 22439, 23878, 26868, 30260, 33002, 33168, 33240, 34302, 34308, 34311, 34328, 48020, 48077, 64161, 71163, 75460, 79606, 80639, 90248, 97053, 100672, 122699, 123687, 167510]
18,1,[18947]
20,5,[11434, 21140, 21733, 56506, 58910]
22,17,[25915, 32228, 35070, 36236, 37132, 39606, 39737, 39786, 40119, 50902, 58164, 98740, 98845, 109522, 116794, 142185, 156094]
25,61,[212, 245, 24719, 29312, 40524, 40527, 46411, 46659, 50503, 54077, 60152, 64390, 69258, 69333, 69564, 72219, 72623, 72628, 72897, 78151, 91223, 96504, 100774, 104174, 108881, 109386, 109400, 109405, 109654, 109852, 124196, 129802, 131281, 131513, 131518, 131777, 131930, 139663, 147926, 152329, 152403, 157669, 161634, 165760, 166971, 166982, 167251, 167256, 167532, 171142, 173292, 175754, 176155, 183086, 184635, 186378, 203146, 203150, 203154, 203164, 203170]
26,5,[12009, 21879, 22483, 57656, 60133]
27,1,[87359]
30,1,[283957]
