10,39,[94429, 94685, 107050, 108658, 125266, 128866, 136109, 136516, 140526, 141698, 142032, 145838, 152471, 152483, 231990, 288863, 288907, 288951, 342969, 347762, 391206, 412464, 412647, 468025, 497838, 500173, 500389, 500508, 501124, 502834, 516079, 518466, 518496, 518524, 535434, 566955, 569492, 575675, 594511]
15,7,[2625, 12195, 12215, 57460, 76610, 141901, 171574]
17,24,[12533, 64187, 64503, 70828, 71071, 71187, 74547, 74801, 79589, 88751, 95048, 95899, 113233, 128777, 130151, 131911, 133686, 134470, 134510, 140998, 152574, 163319, 197635, 215370]
18,25,[2799, 7322, 13231, 17163, 25373, 29018, 41921, 42615, 55324, 76445, 80164, 80179, 80276, 88097, 88127, 89108, 91947, 93208, 103747, 105732, 121205, 126372, 132411, 136596, 148503]
21,1,[21271]
22,14,[69651, 69866, 69880, 69881, 70007, 86388, 120898, 120936, 120953, 138776, 159320, 159345, 159346, 159348]
23,4,[14990, 16887, 21679, 25412]
25,1,[96036]
26,3,[28458, 41685, 50308]
27,5,[1569, 7278, 32377, 84063, 89140]
30,39,[94322, 94578, 106939, 108547, 125155, 128754, 135997, 136404, 140414, 141586, 141920, 145725, 152358, 152370, 231840, 288707, 288751, 288795, 342810, 347603, 391043, 412298, 412481, 467854, 497669, 500004, 500220, 500339, 500955, 502665, 515907, 518294, 518324, 518352, 535259, 566775, 569312, 575495, 594320]
10,39,[94429, 94685, 107050, 108658, 125266, 128866, 136109, 136516, 140526, 141698, 142032, 145838, 152471, 152483, 231990, 288863, 288907, 288951, 342969, 347762, 391206, 412464, 412647, 468025, 497838, 500173, 500389, 500508, 501124, 502834, 516079, 518466, 518496, 518524, 535434, 566955, 569492, 575675, 594511]
15,7,[2625, 12195, 12215, 57460, 76610, 141901, 171574]
17,24,[12533, 64187, 64503, 70828, 71071, 71187, 74547, 74801, 79589, 88751, 95048, 95899, 113233, 128777, 130151, 131911, 133686, 134470, 134510, 140998, 152574, 163319, 197635, 215370]
18,25,[2799, 7322, 13231, 17163, 25373, 29018, 41921, 42615, 55324, 76445, 80164, 80179, 80276, 88097, 88127, 89108, 91947, 93208, 103747, 105732, 121205, 126372, 132411, 136596, 148503]
21,1,[21271]
22,14,[69651, 69866, 69880, 69881, 70007, 86388, 120898, 120936, 120953, 138776, 159320, 159345, 159346, 159348]
23,4,[14990, 16887, 21679, 25412]
25,1,[96036]
26,3,[28458, 41685, 50308]
27,5,[1569, 7278, 32377, 84063, 89140]
30,39,[94322, 94578, 106939, 108547, 125155, 128754, 135997, 136404, 140414, 141586, 141920, 145725, 152358, 152370, 231840, 288707, 288751, 288795, 342810, 347603, 391043, 412298, 412481, 467854, 497669, 500004, 500220, 500339, 500955, 502665, 515907, 518294, 518324, 518352, 535259, 566775, 569312, 575495, 594320]
