9,1,[1311]
13,1,[203]
15,4,[35764, 58547, 61654, 122980]
16,1,[8568]
18,21,[11749, 35872, 39641, 42089, 43623, 43685, 50022, 52088, 56125, 56757, 76831, 79141, 97945, 98314, 109990, 111980, 113214, 123209, 128609, 135462, 148591]
21,1,[2182]
22,13,[21051, 24378, 62828, 62829, 62866, 62902, 63033, 63037, 63301, 63635, 63637, 72147, 121291]
23,1,[23993]
25,1,[61345]
27,6,[12327, 26700, 45063, 90568, 93174, 93271]
9,1,[1311]
13,1,[203]
15,4,[35764, 58547, 61654, 122980]
16,1,[8568]
18,21,[11749, 35872, 39641, 42089, 43623, 43685, 50022, 52088, 56125, 56757, 76831, 79141, 97945, 98314, 109990, 111980, 113214, 123209, 128609, 135462, 148591]
21,1,[2182]
22,13,[21051, 24378, 62828, 62829, 62866, 62902, 63033, 63037, 63301, 63635, 63637, 72147, 121291]
23,1,[23993]
25,1,[61345]
27,6,[12327, 26700, 45063, 90568, 93174, 93271]
