10,22,[42348, 61937, 147960, 162776, 221459, 222306, 222343, 222377, 222393, 222410, 310604, 310723, 310728, 350962, 355017, 359044, 392973, 444626, 444685, 483272, 494717, 620597]
11,1,[13088]
14,1,[1787]
15,10,[4343, 22244, 27844, 27908, 107719, 129000, 129023, 149830, 158370, 158744]
16,2,[16028, 16037]
21,5,[140, 7117, 12622, 12626, 34966]
22,32,[4467, 8502, 19140, 22504, 25941, 26244, 27144, 33447, 45586, 50409, 50703, 50775, 51502, 56078, 72311, 83669, 96320, 98906, 99333, 101479, 113527, 119700, 120592, 120670, 128291, 132327, 136715, 141727, 144335, 155705, 156154, 156156]
24,1,[27862]
25,1,[2092]
27,4,[30199, 39710, 86551, 97541]
28,1,[8064]
30,22,[42250, 61834, 147847, 162653, 221309, 222156, 222193, 222227, 222243, 222260, 310446, 310565, 310570, 350803, 354858, 358884, 392807, 444456, 444515, 483107, 494557, 620345]
10,22,[42348, 61937, 147960, 162776, 221459, 222306, 222343, 222377, 222393, 222410, 310604, 310723, 310728, 350962, 355017, 359044, 392973, 444626, 444685, 483272, 494717, 620597]
11,1,[13088]
14,1,[1787]
15,10,[4343, 22244, 27844, 27908, 107719, 129000, 129023, 149830, 158370, 158744]
16,2,[16028, 16037]
21,5,[140, 7117, 12622, 12626, 34966]
22,32,[4467, 8502, 19140, 22504, 25941, 26244, 27144, 33447, 45586, 50409, 50703, 50775, 51502, 56078, 72311, 83669, 96320, 98906, 99333, 101479, 113527, 119700, 120592, 120670, 128291, 132327, 136715, 141727, 144335, 155705, 156154, 156156]
24,1,[27862]
25,1,[2092]
27,4,[30199, 39710, 86551, 97541]
28,1,[8064]
30,22,[42250, 61834, 147847, 162653, 221309, 222156, 222193, 222227, 222243, 222260, 310446, 310565, 310570, 350803, 354858, 358884, 392807, 444456, 444515, 483107, 494557, 620345]
