10,84,[16528, 21330, 21335, 37375, 51623, 60124, 60137, 63024, 63109, 63874, 72839, 98959, 114020, 162188, 165558, 167072, 189835, 198328, 210849, 210905, 220944, 221529, 222351, 225625, 231141, 245409, 262038, 275614, 275744, 298135, 300243, 305931, 306373, 315249, 320796, 328130, 343500, 361141, 373803, 375130, 376832, 382005, 387231, 388386, 397102, 404098, 412821, 419393, 419401, 420025, 420465, 428092, 428304, 428346, 429357, 429561, 438331, 441430, 441556, 441591, 443179, 443385, 443569, 444716, 452668, 455252, 469135, 469655, 482640, 485186, 487796, 512813, 512876, 525659, 550211, 571835, 637269, 637807, 637841, 637865, 637942, 637988, 638030, 638141]
11,1,[11081]
15,5,[7363, 76218, 88795, 100086, 173437]
16,3,[2960, 4272, 6184]
17,15,[11297, 11366, 20194, 39639, 51187, 59382, 67343, 69745, 75334, 76550, 101696, 129369, 152385, 175870, 193924]
21,1,[27395]
24,1,[37650]
26,12,[1761, 2586, 11708, 16396, 18411, 19213, 34315, 36182, 40523, 43791, 63602, 66651]
27,4,[21335, 24261, 59264, 85735]
30,84,[16434, 21236, 21241, 37277, 51525, 60021, 60034, 62921, 63006, 63771, 72736, 98852, 113909, 162065, 165435, 166949, 189703, 198196, 210707, 210763, 220794, 221379, 222201, 225475, 230991, 245256, 261882, 275458, 275588, 297977, 300085, 305773, 306215, 315090, 320637, 327971, 343341, 360981, 373640, 374967, 376669, 381842, 387068, 388223, 396936, 403932, 412655, 419227, 419235, 419859, 420299, 427925, 428137, 428179, 429190, 429394, 438161, 441260, 441386, 441421, 443009, 443215, 443399, 444546, 452498, 455082, 468964, 469484, 482475, 485022, 487634, 512644, 512707, 525487, 550033, 571655, 636994, 637532, 637566, 637590, 637667, 637713, 637755, 637866]
10,84,[16528, 21330, 21335, 37375, 51623, 60124, 60137, 63024, 63109, 63874, 72839, 98959, 114020, 162188, 165558, 167072, 189835, 198328, 210849, 210905, 220944, 221529, 222351, 225625, 231141, 245409, 262038, 275614, 275744, 298135, 300243, 305931, 306373, 315249, 320796, 328130, 343500, 361141, 373803, 375130, 376832, 382005, 387231, 388386, 397102, 404098, 412821, 419393, 419401, 420025, 420465, 428092, 428304, 428346, 429357, 429561, 438331, 441430, 441556, 441591, 443179, 443385, 443569, 444716, 452668, 455252, 469135, 469655, 482640, 485186, 487796, 512813, 512876, 525659, 550211, 571835, 637269, 637807, 637841, 637865, 637942, 637988, 638030, 638141]
11,1,[11081]
15,5,[7363, 76218, 88795, 100086, 173437]
16,3,[2960, 4272, 6184]
17,15,[11297, 11366, 20194, 39639, 51187, 59382, 67343, 69745, 75334, 76550, 101696, 129369, 152385, 175870, 193924]
21,1,[27395]
24,1,[37650]
26,12,[1761, 2586, 11708, 16396, 18411, 19213, 34315, 36182, 40523, 43791, 63602, 66651]
27,4,[21335, 24261, 59264, 85735]
30,84,[16434, 21236, 21241, 37277, 51525, 60021, 60034, 62921, 63006, 63771, 72736, 98852, 113909, 162065, 165435, 166949, 189703, 198196, 210707, 210763, 220794, 221379, 222201, 225475, 230991, 245256, 261882, 275458, 275588, 297977, 300085, 305773, 306215, 315090, 320637, 327971, 343341, 360981, 373640, 374967, 376669, 381842, 387068, 388223, 396936, 403932, 412655, 419227, 419235, 419859, 420299, 427925, 428137, 428179, 429190, 429394, 438161, 441260, 441386, 441421, 443009, 443215, 443399, 444546, 452498, 455082, 468964, 469484, 482475, 485022, 487634, 512644, 512707, 525487, 550033, 571655, 636994, 637532, 637566, 637590, 637667, 637713, 637755, 637866]
