10,15,[28357, 346909, 348368, 348882, 349557, 352143, 353390, 354036, 355409, 355448, 356002, 356470, 601401, 601530, 632034]
14,6,[16907, 76227, 81564, 108423, 158897, 189926]
15,1,[5757]
17,9,[115377, 115412, 115443, 115605, 115707, 118496, 163957, 163965, 172087]
18,3,[17053, 22663, 87079]
21,2,[13159, 26515]
22,10,[21956, 69033, 92348, 93169, 119733, 124915, 124916, 125044, 125054, 125173]
23,3,[28204, 28470, 28514]
25,6,[16725, 72672, 77875, 103947, 139741, 152095]
27,6,[10373, 44983, 61616, 70203, 88257, 92339]
30,15,[28263, 346750, 348209, 348723, 349398, 351984, 353231, 353877, 355250, 355289, 355843, 356311, 601204, 601333, 631759]
10,15,[28357, 346909, 348368, 348882, 349557, 352143, 353390, 354036, 355409, 355448, 356002, 356470, 601401, 601530, 632034]
14,6,[16907, 76227, 81564, 108423, 158897, 189926]
15,1,[5757]
17,9,[115377, 115412, 115443, 115605, 115707, 118496, 163957, 163965, 172087]
18,3,[17053, 22663, 87079]
21,2,[13159, 26515]
22,10,[21956, 69033, 92348, 93169, 119733, 124915, 124916, 125044, 125054, 125173]
23,3,[28204, 28470, 28514]
25,6,[16725, 72672, 77875, 103947, 139741, 152095]
27,6,[10373, 44983, 61616, 70203, 88257, 92339]
30,15,[28263, 346750, 348209, 348723, 349398, 351984, 353231, 353877, 355250, 355289, 355843, 356311, 601204, 601333, 631759]
