10,8,[52633, 123205, 236316, 236320, 236637, 275204, 509652, 545067]
15,9,[40192, 49235, 52576, 76864, 87372, 148537, 154206, 154236, 155162]
16,2,[32345, 32369]
17,1,[38380]
19,1,[4598]
20,1,[21377]
22,22,[21450, 26466, 26886, 44224, 44230, 44259, 44278, 44319, 44321, 44323, 44428, 56612, 92076, 94019, 95121, 99948, 110804, 111600, 111819, 111820, 135130, 135301]
24,1,[16909]
26,1,[22123]
27,1,[60447]
30,8,[52535, 123094, 236166, 236170, 236487, 275048, 509483, 544892]
10,8,[52633, 123205, 236316, 236320, 236637, 275204, 509652, 545067]
15,9,[40192, 49235, 52576, 76864, 87372, 148537, 154206, 154236, 155162]
16,2,[32345, 32369]
17,1,[38380]
19,1,[4598]
20,1,[21377]
22,22,[21450, 26466, 26886, 44224, 44230, 44259, 44278, 44319, 44321, 44323, 44428, 56612, 92076, 94019, 95121, 99948, 110804, 111600, 111819, 111820, 135130, 135301]
24,1,[16909]
26,1,[22123]
27,1,[60447]
30,8,[52535, 123094, 236166, 236170, 236487, 275048, 509483, 544892]
