10,26,[155664, 191246, 197276, 248183, 248371, 251559, 257989, 259281, 259362, 272671, 278904, 286011, 313862, 321325, 326848, 333127, 337810, 344032, 356760, 358048, 362546, 391458, 465704, 465904, 466521, 529107]
13,1,[1163]
16,1,[32676]
17,3,[107643, 122115, 157580]
19,2,[4478, 14000]
21,1,[16010]
22,4,[132528, 149313, 151690, 151735]
26,2,[8385, 36580]
27,4,[42467, 44671, 47765, 67866]
30,26,[155551, 191114, 197144, 248030, 248218, 251406, 257833, 259125, 259206, 272515, 278749, 285855, 313703, 321166, 326689, 332968, 337651, 343873, 356601, 357888, 362386, 391295, 465533, 465733, 466350, 528932]
10,26,[155664, 191246, 197276, 248183, 248371, 251559, 257989, 259281, 259362, 272671, 278904, 286011, 313862, 321325, 326848, 333127, 337810, 344032, 356760, 358048, 362546, 391458, 465704, 465904, 466521, 529107]
13,1,[1163]
16,1,[32676]
17,3,[107643, 122115, 157580]
19,2,[4478, 14000]
21,1,[16010]
22,4,[132528, 149313, 151690, 151735]
26,2,[8385, 36580]
27,4,[42467, 44671, 47765, 67866]
30,26,[155551, 191114, 197144, 248030, 248218, 251406, 257833, 259125, 259206, 272515, 278749, 285855, 313703, 321166, 326689, 332968, 337651, 343873, 356601, 357888, 362386, 391295, 465533, 465733, 466350, 528932]
