14,8,[4066, 50865, 50966, 50977, 50981, 82846, 127680, 135472]
15,7,[34606, 55298, 57713, 57783, 139408, 139795, 140162]
18,17,[7237, 11228, 14308, 16522, 35031, 50037, 71967, 84242, 84782, 100123, 105142, 107871, 113066, 123138, 137448, 138548, 138861]
22,7,[15273, 15311, 15313, 15959, 15972, 16430, 77354]
25,6,[48851, 48952, 48968, 79114, 122318, 129757]
26,4,[19739, 27668, 40905, 59823]
27,1,[24906]
14,8,[4066, 50865, 50966, 50977, 50981, 82846, 127680, 135472]
15,7,[34606, 55298, 57713, 57783, 139408, 139795, 140162]
18,17,[7237, 11228, 14308, 16522, 35031, 50037, 71967, 84242, 84782, 100123, 105142, 107871, 113066, 123138, 137448, 138548, 138861]
22,7,[15273, 15311, 15313, 15959, 15972, 16430, 77354]
25,6,[48851, 48952, 48968, 79114, 122318, 129757]
26,4,[19739, 27668, 40905, 59823]
27,1,[24906]
