10,11,[374459, 374462, 374463, 374465, 374516, 374518, 374519, 374521, 375227, 522493, 620900]
17,4,[40784, 40810, 41498, 41500]
18,2,[65795, 79788]
20,1,[53664]
21,1,[12758]
22,7,[68491, 91272, 104487, 104488, 115886, 118735, 156771]
26,1,[54791]
28,1,[7830]
30,11,[374296, 374299, 374300, 374302, 374353, 374355, 374356, 374358, 375064, 522321, 620648]
10,11,[374459, 374462, 374463, 374465, 374516, 374518, 374519, 374521, 375227, 522493, 620900]
17,4,[40784, 40810, 41498, 41500]
18,2,[65795, 79788]
20,1,[53664]
21,1,[12758]
22,7,[68491, 91272, 104487, 104488, 115886, 118735, 156771]
26,1,[54791]
28,1,[7830]
30,11,[374296, 374299, 374300, 374302, 374353, 374355, 374356, 374358, 375064, 522321, 620648]
