15,6,[61501, 89823, 112095, 139375, 154966, 161027]
18,22,[1697, 6093, 10450, 20500, 22039, 27961, 37741, 38914, 53058, 64996, 68443, 70276, 74164, 80951, 84844, 85183, 93184, 100734, 102849, 111783, 121090, 125985]
21,1,[33309]
22,2,[9098, 15307]
25,1,[65202]
27,8,[2846, 5925, 27050, 63578, 67650, 92397, 105854, 108220]
28,1,[1183]
15,6,[61501, 89823, 112095, 139375, 154966, 161027]
18,22,[1697, 6093, 10450, 20500, 22039, 27961, 37741, 38914, 53058, 64996, 68443, 70276, 74164, 80951, 84844, 85183, 93184, 100734, 102849, 111783, 121090, 125985]
21,1,[33309]
22,2,[9098, 15307]
25,1,[65202]
27,8,[2846, 5925, 27050, 63578, 67650, 92397, 105854, 108220]
28,1,[1183]
