7,1,[92]
17,3,[55777, 90899, 143154]
18,36,[253, 1924, 3626, 18310, 21234, 22213, 22413, 33928, 35989, 36017, 36087, 36846, 39867, 56591, 63890, 63922, 64196, 66575, 67564, 73138, 79758, 85411, 94739, 97669, 98130, 98904, 116289, 118682, 122769, 134064, 135241, 137140, 137976, 141061, 142578, 147342]
22,10,[18805, 46711, 96267, 98094, 99236, 99237, 99251, 109414, 109423, 158700]
23,1,[1623]
27,2,[63830, 91011]
7,1,[92]
17,3,[55777, 90899, 143154]
18,36,[253, 1924, 3626, 18310, 21234, 22213, 22413, 33928, 35989, 36017, 36087, 36846, 39867, 56591, 63890, 63922, 64196, 66575, 67564, 73138, 79758, 85411, 94739, 97669, 98130, 98904, 116289, 118682, 122769, 134064, 135241, 137140, 137976, 141061, 142578, 147342]
22,10,[18805, 46711, 96267, 98094, 99236, 99237, 99251, 109414, 109423, 158700]
23,1,[1623]
27,2,[63830, 91011]
