10,16,[19926, 143769, 181937, 186989, 187154, 249254, 249416, 300274, 305888, 318991, 385172, 475316, 500869, 532674, 612838, 630849]
15,5,[2833, 9971, 87722, 131599, 134928]
16,1,[33774]
17,40,[4426, 4462, 17607, 18926, 20230, 24640, 37836, 48742, 49639, 49661, 49695, 50234, 50264, 50326, 53539, 54876, 54886, 55378, 55763, 56428, 56737, 57397, 60977, 61392, 78834, 78932, 89757, 90314, 120133, 120260, 120406, 120678, 127540, 127553, 129702, 129716, 129722, 141134, 143205, 200567]
18,13,[4122, 26895, 62451, 64180, 64190, 75738, 82737, 94112, 106530, 131148, 138211, 145149, 146045]
21,1,[17544]
22,2,[98322, 99360]
23,1,[10358]
30,16,[19832, 143657, 181814, 186857, 187022, 249101, 249263, 300116, 305730, 318832, 385009, 475146, 500700, 532499, 612615, 630578]
10,16,[19926, 143769, 181937, 186989, 187154, 249254, 249416, 300274, 305888, 318991, 385172, 475316, 500869, 532674, 612838, 630849]
15,5,[2833, 9971, 87722, 131599, 134928]
16,1,[33774]
17,40,[4426, 4462, 17607, 18926, 20230, 24640, 37836, 48742, 49639, 49661, 49695, 50234, 50264, 50326, 53539, 54876, 54886, 55378, 55763, 56428, 56737, 57397, 60977, 61392, 78834, 78932, 89757, 90314, 120133, 120260, 120406, 120678, 127540, 127553, 129702, 129716, 129722, 141134, 143205, 200567]
18,13,[4122, 26895, 62451, 64180, 64190, 75738, 82737, 94112, 106530, 131148, 138211, 145149, 146045]
21,1,[17544]
22,2,[98322, 99360]
23,1,[10358]
30,16,[19832, 143657, 181814, 186857, 187022, 249101, 249263, 300116, 305730, 318832, 385009, 475146, 500700, 532499, 612615, 630578]
