11,1,[16448]
12,8,[365, 1051, 2779, 7989, 9536, 12308, 17632, 19429]
15,29,[2394, 9285, 11274, 12074, 17744, 20523, 25903, 26227, 30048, 30850, 34682, 38147, 39180, 43983, 62815, 67684, 74333, 74575, 80974, 82990, 90853, 102958, 122380, 123645, 128448, 144043, 154259, 159040, 167248]
16,14,[8770, 9087, 13568, 13570, 14710, 17145, 17670, 17738, 19769, 21500, 32729, 33699, 34424, 34428]
18,6,[84119, 87455, 96105, 112277, 125612, 141761]
20,1,[46502]
22,21,[4707, 4708, 5112, 8594, 8597, 8600, 69453, 90249, 91205, 93487, 94994, 94996, 95034, 95756, 106085, 106109, 106305, 106567, 110436, 126381, 134714]
23,3,[16289, 26026, 29131]
24,17,[1655, 1723, 2598, 3140, 12714, 12829, 15470, 17987, 18102, 20287, 24066, 25093, 25131, 26211, 31159, 34860, 39021]
27,24,[16812, 17581, 22712, 26009, 28385, 28857, 41778, 46250, 53326, 57897, 58184, 60613, 72776, 72779, 73267, 73564, 73567, 74515, 76558, 76561, 76714, 97378, 99009, 108071]
11,1,[16448]
12,8,[365, 1051, 2779, 7989, 9536, 12308, 17632, 19429]
15,29,[2394, 9285, 11274, 12074, 17744, 20523, 25903, 26227, 30048, 30850, 34682, 38147, 39180, 43983, 62815, 67684, 74333, 74575, 80974, 82990, 90853, 102958, 122380, 123645, 128448, 144043, 154259, 159040, 167248]
16,14,[8770, 9087, 13568, 13570, 14710, 17145, 17670, 17738, 19769, 21500, 32729, 33699, 34424, 34428]
18,6,[84119, 87455, 96105, 112277, 125612, 141761]
20,1,[46502]
22,21,[4707, 4708, 5112, 8594, 8597, 8600, 69453, 90249, 91205, 93487, 94994, 94996, 95034, 95756, 106085, 106109, 106305, 106567, 110436, 126381, 134714]
23,3,[16289, 26026, 29131]
24,17,[1655, 1723, 2598, 3140, 12714, 12829, 15470, 17987, 18102, 20287, 24066, 25093, 25131, 26211, 31159, 34860, 39021]
27,24,[16812, 17581, 22712, 26009, 28385, 28857, 41778, 46250, 53326, 57897, 58184, 60613, 72776, 72779, 73267, 73564, 73567, 74515, 76558, 76561, 76714, 97378, 99009, 108071]
