9,2,[249, 1255]
18,23,[7326, 10180, 11460, 24240, 29988, 30543, 37729, 39713, 44803, 65760, 66828, 66867, 69050, 71876, 72858, 74997, 86654, 90312, 108806, 111985, 139673, 143205, 144965]
21,1,[5606]
22,6,[78831, 88976, 88977, 89033, 89035, 89071]
27,1,[90378]
9,2,[249, 1255]
18,23,[7326, 10180, 11460, 24240, 29988, 30543, 37729, 39713, 44803, 65760, 66828, 66867, 69050, 71876, 72858, 74997, 86654, 90312, 108806, 111985, 139673, 143205, 144965]
21,1,[5606]
22,6,[78831, 88976, 88977, 89033, 89035, 89071]
27,1,[90378]
