10,49,[76669, 172805, 274171, 307518, 308370, 310546, 310760, 312649, 312682, 317146, 318560, 323705, 326995, 347668, 348587, 349470, 349694, 350738, 355816, 367010, 370034, 370043, 372513, 373477, 374256, 374306, 400399, 400404, 400637, 422360, 422371, 423158, 433158, 438723, 438923, 448299, 465813, 466401, 473171, 473742, 480980, 488070, 488467, 492485, 493099, 493178, 520501, 614345, 628921]
13,2,[2350, 2692]
15,8,[39611, 76258, 82437, 95658, 112624, 112653, 156717, 173166]
16,5,[3413, 12503, 18776, 19280, 19434]
17,63,[8399, 8955, 9029, 34055, 38567, 38939, 40977, 40996, 41027, 41041, 41089, 44955, 45482, 45578, 45662, 45742, 64273, 64735, 77265, 79406, 80977, 81922, 84318, 84386, 84453, 84457, 84551, 84837, 85825, 86721, 87184, 87637, 97439, 114811, 114856, 122066, 135745, 135781, 135908, 149170, 151583, 152629, 152657, 152753, 153203, 157810, 162013, 162259, 163608, 163802, 163810, 166307, 172040, 172100, 172227, 180256, 191052, 197834, 197848, 198073, 198088, 198121, 216191]
18,16,[4461, 4491, 8088, 11194, 15977, 22370, 24777, 27638, 28764, 29739, 30086, 32311, 94690, 103779, 110835, 147761]
19,2,[5102, 21152]
20,17,[247, 383, 3216, 3494, 3671, 7550, 16461, 18153, 21346, 26869, 27346, 30535, 37184, 53180, 55033, 56052, 61441]
21,3,[11787, 15809, 21899]
22,11,[110953, 135244, 140545, 141949, 141959, 142047, 142051, 142122, 142183, 142504, 142521]
23,1,[9434]
24,1,[31521]
26,17,[611, 747, 3698, 3979, 4170, 8074, 17111, 18855, 22091, 27693, 28169, 31388, 38100, 54293, 56193, 57210, 62745]
27,10,[28131, 28842, 37689, 38827, 40568, 73777, 77825, 82766, 88058, 106312]
30,49,[76566, 172682, 274015, 307360, 308212, 310388, 310602, 312490, 312523, 316987, 318401, 323546, 326836, 347509, 348428, 349311, 349535, 350579, 355657, 366847, 369871, 369880, 372350, 373314, 374093, 374143, 400233, 400238, 400471, 422194, 422205, 422992, 432988, 438553, 438753, 448129, 465642, 466230, 473001, 473572, 480813, 487908, 488305, 492325, 492939, 493018, 520329, 614111, 628658]
10,49,[76669, 172805, 274171, 307518, 308370, 310546, 310760, 312649, 312682, 317146, 318560, 323705, 326995, 347668, 348587, 349470, 349694, 350738, 355816, 367010, 370034, 370043, 372513, 373477, 374256, 374306, 400399, 400404, 400637, 422360, 422371, 423158, 433158, 438723, 438923, 448299, 465813, 466401, 473171, 473742, 480980, 488070, 488467, 492485, 493099, 493178, 520501, 614345, 628921]
13,2,[2350, 2692]
15,8,[39611, 76258, 82437, 95658, 112624, 112653, 156717, 173166]
16,5,[3413, 12503, 18776, 19280, 19434]
17,63,[8399, 8955, 9029, 34055, 38567, 38939, 40977, 40996, 41027, 41041, 41089, 44955, 45482, 45578, 45662, 45742, 64273, 64735, 77265, 79406, 80977, 81922, 84318, 84386, 84453, 84457, 84551, 84837, 85825, 86721, 87184, 87637, 97439, 114811, 114856, 122066, 135745, 135781, 135908, 149170, 151583, 152629, 152657, 152753, 153203, 157810, 162013, 162259, 163608, 163802, 163810, 166307, 172040, 172100, 172227, 180256, 191052, 197834, 197848, 198073, 198088, 198121, 216191]
18,16,[4461, 4491, 8088, 11194, 15977, 22370, 24777, 27638, 28764, 29739, 30086, 32311, 94690, 103779, 110835, 147761]
19,2,[5102, 21152]
20,17,[247, 383, 3216, 3494, 3671, 7550, 16461, 18153, 21346, 26869, 27346, 30535, 37184, 53180, 55033, 56052, 61441]
21,3,[11787, 15809, 21899]
22,11,[110953, 135244, 140545, 141949, 141959, 142047, 142051, 142122, 142183, 142504, 142521]
23,1,[9434]
24,1,[31521]
26,17,[611, 747, 3698, 3979, 4170, 8074, 17111, 18855, 22091, 27693, 28169, 31388, 38100, 54293, 56193, 57210, 62745]
27,10,[28131, 28842, 37689, 38827, 40568, 73777, 77825, 82766, 88058, 106312]
30,49,[76566, 172682, 274015, 307360, 308212, 310388, 310602, 312490, 312523, 316987, 318401, 323546, 326836, 347509, 348428, 349311, 349535, 350579, 355657, 366847, 369871, 369880, 372350, 373314, 374093, 374143, 400233, 400238, 400471, 422194, 422205, 422992, 432988, 438553, 438753, 448129, 465642, 466230, 473001, 473572, 480813, 487908, 488305, 492325, 492939, 493018, 520329, 614111, 628658]
