14,34,[6231, 13245, 14445, 15402, 17736, 42188, 61458, 65964, 67152, 71779, 74434, 80964, 112117, 116953, 121432, 121635, 126061, 128610, 129496, 130728, 131472, 134242, 140694, 144458, 145760, 152305, 162612, 169943, 169969, 172397, 173560, 177524, 180390, 186648]
15,2,[42506, 122140]
18,10,[17984, 27651, 38933, 47736, 85532, 85742, 124025, 127924, 128205, 142382]
21,1,[33830]
22,7,[20673, 55673, 76647, 77421, 79959, 93116, 104445]
25,38,[6538, 13287, 14444, 15328, 17453, 40551, 53939, 59015, 62944, 64065, 68427, 70872, 77268, 107506, 111968, 116402, 116602, 120776, 123158, 124020, 125120, 125811, 128494, 134846, 138488, 139690, 145970, 155842, 162993, 163019, 165554, 166613, 170285, 173009, 178996, 194116, 198633, 198937]
27,1,[85833]
14,34,[6231, 13245, 14445, 15402, 17736, 42188, 61458, 65964, 67152, 71779, 74434, 80964, 112117, 116953, 121432, 121635, 126061, 128610, 129496, 130728, 131472, 134242, 140694, 144458, 145760, 152305, 162612, 169943, 169969, 172397, 173560, 177524, 180390, 186648]
15,2,[42506, 122140]
18,10,[17984, 27651, 38933, 47736, 85532, 85742, 124025, 127924, 128205, 142382]
21,1,[33830]
22,7,[20673, 55673, 76647, 77421, 79959, 93116, 104445]
25,38,[6538, 13287, 14444, 15328, 17453, 40551, 53939, 59015, 62944, 64065, 68427, 70872, 77268, 107506, 111968, 116402, 116602, 120776, 123158, 124020, 125120, 125811, 128494, 134846, 138488, 139690, 145970, 155842, 162993, 163019, 165554, 166613, 170285, 173009, 178996, 194116, 198633, 198937]
27,1,[85833]
