10,17,[51462, 61389, 82143, 202631, 238247, 252222, 252495, 290322, 346226, 370089, 374812, 407841, 407869, 407881, 427113, 484028, 582206]
12,3,[5253, 5257, 5268]
13,2,[1347, 3058]
14,69,[6970, 11195, 14375, 15148, 22862, 26552, 28041, 28106, 29366, 38554, 41211, 44401, 46987, 47011, 47879, 49255, 49395, 50197, 52719, 55561, 57056, 57799, 60099, 63272, 64839, 65893, 66804, 68561, 72433, 73674, 77487, 79651, 80563, 81685, 84299, 85424, 86532, 87933, 89041, 92063, 92150, 94125, 95215, 96822, 97769, 99367, 100721, 101511, 101664, 102471, 104910, 112987, 118665, 120125, 121131, 125713, 138821, 142766, 145987, 153909, 155133, 161678, 165401, 171709, 173009, 178460, 184747, 188644, 196427]
15,4,[23662, 26030, 26556, 51395]
18,53,[10905, 12545, 13254, 14464, 16450, 18907, 19346, 19479, 19668, 22318, 22884, 26710, 27364, 29030, 30051, 30797, 31829, 32340, 35159, 36075, 38310, 42390, 43509, 46141, 48401, 50750, 55570, 56880, 60610, 67662, 68054, 76617, 79567, 80932, 81179, 81347, 81409, 89208, 104359, 107755, 109252, 115179, 116860, 117895, 119252, 120287, 125222, 125677, 129922, 131288, 138486, 144831, 146199]
22,6,[4487, 7408, 7475, 92907, 93117, 104078]
23,1,[5163]
24,1,[10443]
25,69,[7176, 11357, 14380, 15091, 22370, 25745, 27157, 27227, 28414, 37143, 39637, 42579, 45170, 45191, 46037, 47334, 47479, 48246, 50561, 53293, 54706, 55459, 57729, 60801, 62814, 62845, 63758, 65382, 69023, 70143, 73889, 76056, 76893, 78020, 80587, 81814, 82872, 84264, 85369, 88215, 88299, 90225, 91221, 92733, 93674, 95267, 96659, 97523, 98347, 100703, 108300, 113651, 115054, 120448, 120534, 132899, 136833, 139928, 147406, 148534, 154942, 158577, 164901, 166112, 171135, 177199, 180895, 188243, 194131]
27,1,[74329]
30,17,[51364, 61286, 82036, 202489, 238097, 252069, 252342, 290166, 346067, 369926, 374649, 407675, 407703, 407715, 426947, 483863, 582026]
10,17,[51462, 61389, 82143, 202631, 238247, 252222, 252495, 290322, 346226, 370089, 374812, 407841, 407869, 407881, 427113, 484028, 582206]
12,3,[5253, 5257, 5268]
13,2,[1347, 3058]
14,69,[6970, 11195, 14375, 15148, 22862, 26552, 28041, 28106, 29366, 38554, 41211, 44401, 46987, 47011, 47879, 49255, 49395, 50197, 52719, 55561, 57056, 57799, 60099, 63272, 64839, 65893, 66804, 68561, 72433, 73674, 77487, 79651, 80563, 81685, 84299, 85424, 86532, 87933, 89041, 92063, 92150, 94125, 95215, 96822, 97769, 99367, 100721, 101511, 101664, 102471, 104910, 112987, 118665, 120125, 121131, 125713, 138821, 142766, 145987, 153909, 155133, 161678, 165401, 171709, 173009, 178460, 184747, 188644, 196427]
15,4,[23662, 26030, 26556, 51395]
18,53,[10905, 12545, 13254, 14464, 16450, 18907, 19346, 19479, 19668, 22318, 22884, 26710, 27364, 29030, 30051, 30797, 31829, 32340, 35159, 36075, 38310, 42390, 43509, 46141, 48401, 50750, 55570, 56880, 60610, 67662, 68054, 76617, 79567, 80932, 81179, 81347, 81409, 89208, 104359, 107755, 109252, 115179, 116860, 117895, 119252, 120287, 125222, 125677, 129922, 131288, 138486, 144831, 146199]
22,6,[4487, 7408, 7475, 92907, 93117, 104078]
23,1,[5163]
24,1,[10443]
25,69,[7176, 11357, 14380, 15091, 22370, 25745, 27157, 27227, 28414, 37143, 39637, 42579, 45170, 45191, 46037, 47334, 47479, 48246, 50561, 53293, 54706, 55459, 57729, 60801, 62814, 62845, 63758, 65382, 69023, 70143, 73889, 76056, 76893, 78020, 80587, 81814, 82872, 84264, 85369, 88215, 88299, 90225, 91221, 92733, 93674, 95267, 96659, 97523, 98347, 100703, 108300, 113651, 115054, 120448, 120534, 132899, 136833, 139928, 147406, 148534, 154942, 158577, 164901, 166112, 171135, 177199, 180895, 188243, 194131]
27,1,[74329]
30,17,[51364, 61286, 82036, 202489, 238097, 252069, 252342, 290166, 346067, 369926, 374649, 407675, 407703, 407715, 426947, 483863, 582026]
