15,6,[56545, 65904, 120393, 136596, 143370, 167265]
18,44,[2079, 6570, 6886, 9705, 10345, 11977, 13006, 15673, 16339, 19936, 24844, 28190, 38544, 41711, 41718, 42145, 47305, 48842, 51934, 52095, 52126, 55981, 57062, 58605, 59678, 63818, 76267, 76504, 76911, 76963, 78275, 90993, 92407, 97768, 101308, 104473, 107563, 121434, 124099, 124357, 124807, 127241, 128406, 143059]
22,3,[63168, 63200, 136991]
23,2,[10085, 25498]
27,6,[1741, 33362, 48136, 52206, 88037, 93897]
15,6,[56545, 65904, 120393, 136596, 143370, 167265]
18,44,[2079, 6570, 6886, 9705, 10345, 11977, 13006, 15673, 16339, 19936, 24844, 28190, 38544, 41711, 41718, 42145, 47305, 48842, 51934, 52095, 52126, 55981, 57062, 58605, 59678, 63818, 76267, 76504, 76911, 76963, 78275, 90993, 92407, 97768, 101308, 104473, 107563, 121434, 124099, 124357, 124807, 127241, 128406, 143059]
22,3,[63168, 63200, 136991]
23,2,[10085, 25498]
27,6,[1741, 33362, 48136, 52206, 88037, 93897]
