14,2,[180470, 192402]
15,8,[20664, 25876, 90571, 94293, 99420, 102053, 104937, 128614]
18,9,[24135, 78162, 91197, 92983, 110137, 114641, 139415, 141528, 141548]
20,2,[46674, 48265]
22,3,[120574, 123983, 125831]
25,2,[7658, 173099]
26,2,[47678, 49278]
14,2,[180470, 192402]
15,8,[20664, 25876, 90571, 94293, 99420, 102053, 104937, 128614]
18,9,[24135, 78162, 91197, 92983, 110137, 114641, 139415, 141528, 141548]
20,2,[46674, 48265]
22,3,[120574, 123983, 125831]
25,2,[7658, 173099]
26,2,[47678, 49278]
