10,16,[53679, 53691, 55241, 217848, 226999, 236680, 236682, 236709, 265598, 281762, 295081, 390761, 415366, 482148, 482189, 538945]
14,11,[45352, 59402, 64255, 83771, 87151, 88414, 141941, 143183, 146365, 160182, 191980]
15,1,[37866]
17,2,[55931, 129513]
18,2,[28744, 105438]
21,5,[12040, 15047, 26940, 27579, 33249]
25,13,[3777, 57057, 61847, 61862, 80040, 83452, 84733, 135980, 137242, 140270, 180801, 183934, 197639]
26,2,[27685, 28422]
27,1,[38567]
30,16,[53580, 53592, 55142, 217708, 226849, 236530, 236532, 236559, 265442, 281607, 294924, 390598, 415200, 481982, 482023, 538770]
10,16,[53679, 53691, 55241, 217848, 226999, 236680, 236682, 236709, 265598, 281762, 295081, 390761, 415366, 482148, 482189, 538945]
14,11,[45352, 59402, 64255, 83771, 87151, 88414, 141941, 143183, 146365, 160182, 191980]
15,1,[37866]
17,2,[55931, 129513]
18,2,[28744, 105438]
21,5,[12040, 15047, 26940, 27579, 33249]
25,13,[3777, 57057, 61847, 61862, 80040, 83452, 84733, 135980, 137242, 140270, 180801, 183934, 197639]
26,2,[27685, 28422]
27,1,[38567]
30,16,[53580, 53592, 55142, 217708, 226849, 236530, 236532, 236559, 265442, 281607, 294924, 390598, 415200, 481982, 482023, 538770]
