14,14,[4581, 11178, 14236, 15892, 21229, 22850, 23570, 38353, 96618, 110758, 121440, 141520, 174326, 195053]
15,1,[60426]
18,2,[47762, 103881]
20,2,[15330, 23390]
21,1,[2150]
25,15,[4998, 11340, 14197, 15773, 20820, 22359, 22991, 36948, 73701, 92527, 106282, 116410, 135605, 167342, 186868]
26,2,[15968, 24160]
14,14,[4581, 11178, 14236, 15892, 21229, 22850, 23570, 38353, 96618, 110758, 121440, 141520, 174326, 195053]
15,1,[60426]
18,2,[47762, 103881]
20,2,[15330, 23390]
21,1,[2150]
25,15,[4998, 11340, 14197, 15773, 20820, 22359, 22991, 36948, 73701, 92527, 106282, 116410, 135605, 167342, 186868]
26,2,[15968, 24160]
