10,15,[71361, 331700, 382588, 442877, 443251, 443283, 444302, 445220, 452723, 452755, 452788, 452801, 452807, 495044, 495359]
15,1,[46728]
17,1,[52955]
26,3,[2840, 23016, 49021]
30,15,[71258, 331541, 382425, 442707, 443081, 443113, 444132, 445050, 452553, 452585, 452618, 452631, 452637, 494885, 495200]
10,15,[71361, 331700, 382588, 442877, 443251, 443283, 444302, 445220, 452723, 452755, 452788, 452801, 452807, 495044, 495359]
15,1,[46728]
17,1,[52955]
26,3,[2840, 23016, 49021]
30,15,[71258, 331541, 382425, 442707, 443081, 443113, 444132, 445050, 452553, 452585, 452618, 452631, 452637, 494885, 495200]
