10,1,[473120]
14,1,[179095]
15,20,[12304, 19769, 32303, 41729, 49390, 56949, 62530, 69354, 85631, 87334, 101767, 101927, 107857, 114184, 114765, 114774, 129015, 136578, 138793, 152490]
16,2,[11389, 18730]
17,2,[75293, 140063]
18,6,[17793, 37805, 38450, 40055, 41859, 148970]
20,5,[7608, 8561, 10284, 11038, 35510]
22,12,[4580, 28929, 59450, 59472, 59494, 59516, 67080, 67251, 68910, 75987, 105773, 127595]
25,1,[171742]
26,5,[8132, 9096, 10838, 11607, 36408]
27,3,[19063, 32414, 42339]
30,1,[472950]
10,1,[473120]
14,1,[179095]
15,20,[12304, 19769, 32303, 41729, 49390, 56949, 62530, 69354, 85631, 87334, 101767, 101927, 107857, 114184, 114765, 114774, 129015, 136578, 138793, 152490]
16,2,[11389, 18730]
17,2,[75293, 140063]
18,6,[17793, 37805, 38450, 40055, 41859, 148970]
20,5,[7608, 8561, 10284, 11038, 35510]
22,12,[4580, 28929, 59450, 59472, 59494, 59516, 67080, 67251, 68910, 75987, 105773, 127595]
25,1,[171742]
26,5,[8132, 9096, 10838, 11607, 36408]
27,3,[19063, 32414, 42339]
30,1,[472950]
