10,33,[71069, 71448, 72029, 72703, 72736, 72766, 72810, 72875, 72901, 72917, 73052, 73101, 73272, 73389, 73704, 291831, 406008, 442522, 443263, 444321, 445004, 447314, 457745, 459116, 461681, 478108, 502578, 581337, 613865, 614616, 615528, 616091, 622736]
15,5,[710, 1473, 25665, 32951, 33318]
18,1,[50359]
22,5,[100739, 148460, 160331, 160351, 161452]
23,3,[4472, 5812, 5930]
27,1,[46307]
30,33,[70966, 71345, 71926, 72600, 72633, 72663, 72707, 72772, 72798, 72814, 72949, 72998, 73169, 73286, 73601, 291675, 405842, 442352, 443093, 444151, 444834, 447144, 457575, 458946, 461511, 477940, 502409, 581157, 613631, 614382, 615294, 615852, 622484]
10,33,[71069, 71448, 72029, 72703, 72736, 72766, 72810, 72875, 72901, 72917, 73052, 73101, 73272, 73389, 73704, 291831, 406008, 442522, 443263, 444321, 445004, 447314, 457745, 459116, 461681, 478108, 502578, 581337, 613865, 614616, 615528, 616091, 622736]
15,5,[710, 1473, 25665, 32951, 33318]
18,1,[50359]
22,5,[100739, 148460, 160331, 160351, 161452]
23,3,[4472, 5812, 5930]
27,1,[46307]
30,33,[70966, 71345, 71926, 72600, 72633, 72663, 72707, 72772, 72798, 72814, 72949, 72998, 73169, 73286, 73601, 291675, 405842, 442352, 443093, 444151, 444834, 447144, 457575, 458946, 461511, 477940, 502409, 581157, 613631, 614382, 615294, 615852, 622484]
