10,4,[615384, 618600, 619132, 621440]
15,5,[34746, 66069, 74374, 81575, 111271]
17,4,[91318, 96343, 97367, 98015]
18,3,[54606, 87083, 94509]
21,1,[11066]
22,10,[65692, 68495, 75886, 76148, 78842, 90492, 90536, 119765, 157493, 159568]
23,3,[2328, 2364, 20501]
24,3,[16360, 18253, 25885]
30,4,[615150, 618348, 618880, 621188]
10,4,[615384, 618600, 619132, 621440]
15,5,[34746, 66069, 74374, 81575, 111271]
17,4,[91318, 96343, 97367, 98015]
18,3,[54606, 87083, 94509]
21,1,[11066]
22,10,[65692, 68495, 75886, 76148, 78842, 90492, 90536, 119765, 157493, 159568]
23,3,[2328, 2364, 20501]
24,3,[16360, 18253, 25885]
30,4,[615150, 618348, 618880, 621188]
