14,43,[14862, 17561, 20971, 23426, 32479, 32503, 32512, 43357, 45364, 49898, 52007, 56789, 62950, 68435, 75026, 75137, 75999, 80200, 80254, 80267, 85017, 86159, 86175, 86227, 86244, 87419, 87483, 103910, 112619, 114367, 118985, 144271, 148105, 149324, 154543, 164947, 164956, 168074, 169073, 174167, 176939, 183334, 195764]
15,1,[141660]
18,6,[9941, 11126, 33240, 41691, 67582, 126826]
20,1,[38988]
22,5,[10013, 14376, 38658, 38791, 96561]
25,49,[14820, 17284, 20582, 31351, 31373, 31382, 41590, 43528, 47914, 49882, 54394, 60492, 65274, 71419, 71524, 72364, 72401, 74376, 76563, 76615, 76627, 81363, 82512, 82528, 82580, 82597, 83715, 83781, 99786, 105443, 107948, 109572, 113932, 138287, 142061, 143191, 144947, 147984, 158069, 158120, 158139, 158150, 161160, 162128, 167185, 169777, 175857, 187592, 199261]
26,1,[39932]
14,43,[14862, 17561, 20971, 23426, 32479, 32503, 32512, 43357, 45364, 49898, 52007, 56789, 62950, 68435, 75026, 75137, 75999, 80200, 80254, 80267, 85017, 86159, 86175, 86227, 86244, 87419, 87483, 103910, 112619, 114367, 118985, 144271, 148105, 149324, 154543, 164947, 164956, 168074, 169073, 174167, 176939, 183334, 195764]
15,1,[141660]
18,6,[9941, 11126, 33240, 41691, 67582, 126826]
20,1,[38988]
22,5,[10013, 14376, 38658, 38791, 96561]
25,49,[14820, 17284, 20582, 31351, 31373, 31382, 41590, 43528, 47914, 49882, 54394, 60492, 65274, 71419, 71524, 72364, 72401, 74376, 76563, 76615, 76627, 81363, 82512, 82528, 82580, 82597, 83715, 83781, 99786, 105443, 107948, 109572, 113932, 138287, 142061, 143191, 144947, 147984, 158069, 158120, 158139, 158150, 161160, 162128, 167185, 169777, 175857, 187592, 199261]
26,1,[39932]
