10,9,[109053, 109521, 355152, 359662, 369006, 436031, 436099, 436160, 467776]
14,4,[33199, 35986, 135794, 182758]
15,11,[14840, 23400, 26842, 28825, 58385, 61610, 89210, 127832, 128130, 140833, 166515]
17,4,[22796, 36053, 90068, 165414]
18,1,[109033]
21,1,[14630]
22,1,[14538]
23,1,[1780]
24,1,[40201]
25,3,[32045, 130028, 175321]
26,1,[59714]
30,9,[108942, 109410, 354993, 359502, 368843, 435861, 435929, 435990, 467605]
10,9,[109053, 109521, 355152, 359662, 369006, 436031, 436099, 436160, 467776]
14,4,[33199, 35986, 135794, 182758]
15,11,[14840, 23400, 26842, 28825, 58385, 61610, 89210, 127832, 128130, 140833, 166515]
17,4,[22796, 36053, 90068, 165414]
18,1,[109033]
21,1,[14630]
22,1,[14538]
23,1,[1780]
24,1,[40201]
25,3,[32045, 130028, 175321]
26,1,[59714]
30,9,[108942, 109410, 354993, 359502, 368843, 435861, 435929, 435990, 467605]
