10,13,[588339, 590979, 599442, 601038, 604595, 604691, 619622, 619877, 620358, 621970, 622059, 622317, 627231]
14,4,[27459, 77894, 105273, 138553]
15,1,[78271]
17,22,[29627, 29632, 29889, 30066, 30238, 41676, 55523, 63978, 83775, 89988, 90384, 98991, 111239, 111271, 120599, 120609, 134279, 165719, 190574, 191913, 197610, 205559]
18,4,[5592, 8526, 15136, 148006]
20,1,[16733]
21,1,[26235]
25,4,[11941, 74258, 101005, 132655]
26,1,[17385]
27,4,[73090, 90527, 98477, 98514]
28,1,[7674]
30,13,[588154, 590794, 599245, 600841, 604393, 604489, 619370, 619625, 620106, 621718, 621807, 622065, 626971]
10,13,[588339, 590979, 599442, 601038, 604595, 604691, 619622, 619877, 620358, 621970, 622059, 622317, 627231]
14,4,[27459, 77894, 105273, 138553]
15,1,[78271]
17,22,[29627, 29632, 29889, 30066, 30238, 41676, 55523, 63978, 83775, 89988, 90384, 98991, 111239, 111271, 120599, 120609, 134279, 165719, 190574, 191913, 197610, 205559]
18,4,[5592, 8526, 15136, 148006]
20,1,[16733]
21,1,[26235]
25,4,[11941, 74258, 101005, 132655]
26,1,[17385]
27,4,[73090, 90527, 98477, 98514]
28,1,[7674]
30,13,[588154, 590794, 599245, 600841, 604393, 604489, 619370, 619625, 620106, 621718, 621807, 622065, 626971]
