10,5,[599653, 601791, 603372, 609031, 616626]
13,3,[211, 1093, 2719]
14,1,[197785]
15,2,[65615, 122614]
16,3,[17690, 24757, 32247]
18,22,[22223, 26199, 30192, 59440, 61618, 62392, 66398, 68262, 71417, 84908, 87917, 87947, 87952, 88230, 94664, 112130, 121901, 123178, 127466, 129223, 139709, 147274]
19,1,[23889]
20,13,[843, 5529, 9152, 12151, 18400, 19493, 22634, 25173, 28109, 41550, 49296, 52016, 55076]
21,1,[33390]
22,25,[157, 21806, 43824, 45034, 49423, 57795, 61177, 61452, 61598, 62368, 64446, 64448, 79669, 83901, 83904, 83906, 83908, 86428, 90750, 94319, 98309, 109727, 109966, 110082, 128089]
23,2,[6810, 25994]
25,1,[200122]
26,15,[1209, 6046, 9706, 12738, 19109, 20202, 23400, 25961, 28943, 42487, 45047, 49241, 50340, 53095, 56236]
27,13,[25688, 32277, 42841, 51468, 51492, 52446, 80121, 90900, 91704, 91705, 95995, 96036, 101850]
30,5,[599456, 601594, 603175, 608819, 616387]
10,5,[599653, 601791, 603372, 609031, 616626]
13,3,[211, 1093, 2719]
14,1,[197785]
15,2,[65615, 122614]
16,3,[17690, 24757, 32247]
18,22,[22223, 26199, 30192, 59440, 61618, 62392, 66398, 68262, 71417, 84908, 87917, 87947, 87952, 88230, 94664, 112130, 121901, 123178, 127466, 129223, 139709, 147274]
19,1,[23889]
20,13,[843, 5529, 9152, 12151, 18400, 19493, 22634, 25173, 28109, 41550, 49296, 52016, 55076]
21,1,[33390]
22,25,[157, 21806, 43824, 45034, 49423, 57795, 61177, 61452, 61598, 62368, 64446, 64448, 79669, 83901, 83904, 83906, 83908, 86428, 90750, 94319, 98309, 109727, 109966, 110082, 128089]
23,2,[6810, 25994]
25,1,[200122]
26,15,[1209, 6046, 9706, 12738, 19109, 20202, 23400, 25961, 28943, 42487, 45047, 49241, 50340, 53095, 56236]
27,13,[25688, 32277, 42841, 51468, 51492, 52446, 80121, 90900, 91704, 91705, 95995, 96036, 101850]
30,5,[599456, 601594, 603175, 608819, 616387]
