9,1,[1885]
12,2,[1297, 17856]
15,9,[8970, 35807, 47866, 48933, 65226, 95672, 128147, 141783, 143365]
16,4,[5667, 15087, 33185, 33206]
18,31,[5804, 19766, 19885, 36066, 45386, 55885, 63391, 67981, 68858, 69340, 70047, 72104, 74057, 74786, 81275, 81484, 81755, 86993, 87009, 89119, 91792, 97312, 107762, 108059, 112777, 121820, 124165, 126243, 133184, 133966, 142760]
20,1,[54506]
21,1,[14156]
22,1,[81393]
23,4,[1260, 7090, 20147, 26124]
24,3,[3261, 12655, 30385]
26,2,[259, 55667]
27,5,[4812, 12022, 48513, 98186, 104326]
28,1,[832]
9,1,[1885]
12,2,[1297, 17856]
15,9,[8970, 35807, 47866, 48933, 65226, 95672, 128147, 141783, 143365]
16,4,[5667, 15087, 33185, 33206]
18,31,[5804, 19766, 19885, 36066, 45386, 55885, 63391, 67981, 68858, 69340, 70047, 72104, 74057, 74786, 81275, 81484, 81755, 86993, 87009, 89119, 91792, 97312, 107762, 108059, 112777, 121820, 124165, 126243, 133184, 133966, 142760]
20,1,[54506]
21,1,[14156]
22,1,[81393]
23,4,[1260, 7090, 20147, 26124]
24,3,[3261, 12655, 30385]
26,2,[259, 55667]
27,5,[4812, 12022, 48513, 98186, 104326]
28,1,[832]
