13,1,[2967]
15,2,[11562, 90959]
16,1,[960]
18,79,[1018, 2164, 3322, 7646, 19608, 22353, 23965, 24922, 36782, 37067, 40619, 41472, 44667, 46319, 46577, 48363, 50831, 50932, 56697, 56911, 57395, 58681, 65103, 66479, 68814, 69133, 70660, 71543, 71658, 72093, 72903, 87106, 88828, 90269, 93984, 97651, 100641, 101364, 101871, 103715, 107076, 107827, 108099, 110580, 110636, 115581, 115968, 115991, 117498, 118361, 118384, 119890, 120932, 120981, 121427, 123752, 123830, 123904, 123960, 124368, 124720, 125120, 126079, 128590, 130048, 130542, 130703, 131685, 132475, 133896, 135627, 136649, 136925, 137526, 137782, 142346, 143576, 145386, 148786]
22,6,[3404, 94070, 135989, 137553, 149745, 150447]
23,1,[23370]
26,1,[21711]
27,2,[34444, 96166]
13,1,[2967]
15,2,[11562, 90959]
16,1,[960]
18,79,[1018, 2164, 3322, 7646, 19608, 22353, 23965, 24922, 36782, 37067, 40619, 41472, 44667, 46319, 46577, 48363, 50831, 50932, 56697, 56911, 57395, 58681, 65103, 66479, 68814, 69133, 70660, 71543, 71658, 72093, 72903, 87106, 88828, 90269, 93984, 97651, 100641, 101364, 101871, 103715, 107076, 107827, 108099, 110580, 110636, 115581, 115968, 115991, 117498, 118361, 118384, 119890, 120932, 120981, 121427, 123752, 123830, 123904, 123960, 124368, 124720, 125120, 126079, 128590, 130048, 130542, 130703, 131685, 132475, 133896, 135627, 136649, 136925, 137526, 137782, 142346, 143576, 145386, 148786]
22,6,[3404, 94070, 135989, 137553, 149745, 150447]
23,1,[23370]
26,1,[21711]
27,2,[34444, 96166]
