9,2,[1515, 2666]
14,1,[99650]
15,2,[65986, 128700]
17,10,[110560, 137007, 137431, 137502, 138624, 138650, 140367, 142519, 156243, 170871]
18,9,[5259, 7006, 26754, 27312, 38697, 71691, 72232, 86514, 86537]
19,1,[16146]
21,1,[6052]
22,4,[98191, 98552, 144444, 144448]
23,5,[630, 1980, 4290, 22563, 28662]
25,1,[95514]
27,4,[34651, 64937, 66598, 96175]
9,2,[1515, 2666]
14,1,[99650]
15,2,[65986, 128700]
17,10,[110560, 137007, 137431, 137502, 138624, 138650, 140367, 142519, 156243, 170871]
18,9,[5259, 7006, 26754, 27312, 38697, 71691, 72232, 86514, 86537]
19,1,[16146]
21,1,[6052]
22,4,[98191, 98552, 144444, 144448]
23,5,[630, 1980, 4290, 22563, 28662]
25,1,[95514]
27,4,[34651, 64937, 66598, 96175]
