10,15,[210894, 316890, 372221, 392913, 399888, 403313, 406871, 419176, 439254, 483069, 499436, 533474, 533509, 539196, 540771]
12,2,[22496, 22700]
15,48,[50477, 67240, 67306, 67307, 67311, 67313, 67360, 67362, 67445, 67446, 67448, 67450, 67460, 67461, 67465, 67487, 67768, 67786, 68893, 68894, 68980, 69104, 69106, 69108, 69124, 76273, 80417, 87193, 88905, 88906, 88917, 89218, 100543, 108460, 108566, 108642, 108678, 120103, 124006, 124982, 134168, 159753, 166094, 168353, 169410, 172181, 172209, 172224]
16,2,[12692, 27625]
17,7,[84830, 94475, 135742, 135778, 139099, 146733, 178848]
21,6,[9242, 10731, 24944, 27794, 30559, 33342]
22,54,[5269, 6920, 18971, 19067, 19071, 22550, 22591, 24133, 24241, 24449, 34838, 35281, 35864, 39165, 39169, 39171, 39173, 39179, 39398, 41374, 41401, 41410, 42071, 42089, 57246, 70377, 83900, 88512, 97198, 100917, 102694, 102707, 102709, 102711, 102789, 103967, 103970, 103995, 107394, 107900, 107902, 107904, 107933, 108565, 108787, 117783, 126372, 131260, 132090, 152125, 152262, 152680, 153174, 157689]
23,2,[20837, 30608]
24,3,[1959, 23214, 23378]
27,6,[36718, 72419, 85039, 93617, 102935, 103348]
30,15,[210752, 316731, 372058, 392747, 399722, 403147, 406705, 419010, 439084, 482904, 499267, 533299, 533334, 539021, 540596]
10,15,[210894, 316890, 372221, 392913, 399888, 403313, 406871, 419176, 439254, 483069, 499436, 533474, 533509, 539196, 540771]
12,2,[22496, 22700]
15,48,[50477, 67240, 67306, 67307, 67311, 67313, 67360, 67362, 67445, 67446, 67448, 67450, 67460, 67461, 67465, 67487, 67768, 67786, 68893, 68894, 68980, 69104, 69106, 69108, 69124, 76273, 80417, 87193, 88905, 88906, 88917, 89218, 100543, 108460, 108566, 108642, 108678, 120103, 124006, 124982, 134168, 159753, 166094, 168353, 169410, 172181, 172209, 172224]
16,2,[12692, 27625]
17,7,[84830, 94475, 135742, 135778, 139099, 146733, 178848]
21,6,[9242, 10731, 24944, 27794, 30559, 33342]
22,54,[5269, 6920, 18971, 19067, 19071, 22550, 22591, 24133, 24241, 24449, 34838, 35281, 35864, 39165, 39169, 39171, 39173, 39179, 39398, 41374, 41401, 41410, 42071, 42089, 57246, 70377, 83900, 88512, 97198, 100917, 102694, 102707, 102709, 102711, 102789, 103967, 103970, 103995, 107394, 107900, 107902, 107904, 107933, 108565, 108787, 117783, 126372, 131260, 132090, 152125, 152262, 152680, 153174, 157689]
23,2,[20837, 30608]
24,3,[1959, 23214, 23378]
27,6,[36718, 72419, 85039, 93617, 102935, 103348]
30,15,[210752, 316731, 372058, 392747, 399722, 403147, 406705, 419010, 439084, 482904, 499267, 533299, 533334, 539021, 540596]
