10,21,[2149, 2296, 24227, 24232, 24254, 172563, 172609, 180350, 235864, 275655, 283967, 285027, 292865, 293017, 293257, 305455, 340791, 361206, 414694, 575893, 576045]
15,1,[126212]
17,1,[29097]
22,5,[25555, 118111, 118112, 118140, 124573]
23,1,[23818]
27,4,[1904, 16246, 57461, 57579]
30,21,[2056, 2203, 24133, 24138, 24160, 172440, 172486, 180227, 235714, 275499, 283811, 284871, 292708, 292860, 293100, 305297, 340632, 361046, 414528, 575713, 575865]
10,21,[2149, 2296, 24227, 24232, 24254, 172563, 172609, 180350, 235864, 275655, 283967, 285027, 292865, 293017, 293257, 305455, 340791, 361206, 414694, 575893, 576045]
15,1,[126212]
17,1,[29097]
22,5,[25555, 118111, 118112, 118140, 124573]
23,1,[23818]
27,4,[1904, 16246, 57461, 57579]
30,21,[2056, 2203, 24133, 24138, 24160, 172440, 172486, 180227, 235714, 275499, 283811, 284871, 292708, 292860, 293100, 305297, 340632, 361046, 414528, 575713, 575865]
