10,19,[54451, 354664, 367197, 367641, 376304, 382094, 385972, 397048, 403204, 405031, 413727, 419839, 423437, 424540, 441925, 444763, 477882, 481392, 494982]
15,1,[99277]
17,4,[26997, 34241, 34687, 198460]
18,2,[14374, 15864]
19,1,[18875]
22,10,[20609, 22305, 23328, 23697, 50488, 54765, 110708, 128227, 146656, 146765]
24,1,[20401]
27,2,[33254, 56047]
30,19,[54352, 354505, 367034, 367478, 376141, 381931, 385809, 396882, 403038, 404865, 413561, 419673, 423271, 424374, 441755, 444593, 477714, 481225, 494823]
10,19,[54451, 354664, 367197, 367641, 376304, 382094, 385972, 397048, 403204, 405031, 413727, 419839, 423437, 424540, 441925, 444763, 477882, 481392, 494982]
15,1,[99277]
17,4,[26997, 34241, 34687, 198460]
18,2,[14374, 15864]
19,1,[18875]
22,10,[20609, 22305, 23328, 23697, 50488, 54765, 110708, 128227, 146656, 146765]
24,1,[20401]
27,2,[33254, 56047]
30,19,[54352, 354505, 367034, 367478, 376141, 381931, 385809, 396882, 403038, 404865, 413561, 419673, 423271, 424374, 441755, 444593, 477714, 481225, 494823]
