10,24,[19616, 24781, 24792, 24807, 24819, 24828, 25091, 25104, 25131, 25138, 25230, 25252, 110379, 122732, 123069, 123861, 126766, 164987, 164996, 165075, 165110, 165196, 193749, 478601]
15,1,[140460]
20,2,[45006, 60483]
22,1,[48118]
26,2,[45994, 61780]
30,24,[19522, 24687, 24698, 24713, 24725, 24734, 24997, 25010, 25037, 25044, 25136, 25158, 110268, 122621, 122958, 123750, 126655, 164864, 164873, 164952, 164987, 165073, 193617, 478433]
10,24,[19616, 24781, 24792, 24807, 24819, 24828, 25091, 25104, 25131, 25138, 25230, 25252, 110379, 122732, 123069, 123861, 126766, 164987, 164996, 165075, 165110, 165196, 193749, 478601]
15,1,[140460]
20,2,[45006, 60483]
22,1,[48118]
26,2,[45994, 61780]
30,24,[19522, 24687, 24698, 24713, 24725, 24734, 24997, 25010, 25037, 25044, 25136, 25158, 110268, 122621, 122958, 123750, 126655, 164864, 164873, 164952, 164987, 165073, 193617, 478433]
