11,4,[8959, 9037, 14417, 14432]
15,4,[22644, 22671, 22773, 27836]
16,1,[7417]
22,5,[26504, 48668, 81206, 103610, 116947]
23,4,[4871, 14699, 23010, 23016]
24,34,[3322, 3694, 3936, 4250, 4597, 4712, 6417, 7146, 9382, 9614, 12545, 12682, 12785, 13104, 13663, 15037, 15692, 18826, 19875, 21287, 27840, 28188, 28927, 29010, 29554, 30137, 30259, 34888, 34930, 34945, 35193, 37940, 40812, 42273]
27,7,[16846, 21270, 52725, 52734, 76376, 97527, 103916]
11,4,[8959, 9037, 14417, 14432]
15,4,[22644, 22671, 22773, 27836]
16,1,[7417]
22,5,[26504, 48668, 81206, 103610, 116947]
23,4,[4871, 14699, 23010, 23016]
24,34,[3322, 3694, 3936, 4250, 4597, 4712, 6417, 7146, 9382, 9614, 12545, 12682, 12785, 13104, 13663, 15037, 15692, 18826, 19875, 21287, 27840, 28188, 28927, 29010, 29554, 30137, 30259, 34888, 34930, 34945, 35193, 37940, 40812, 42273]
27,7,[16846, 21270, 52725, 52734, 76376, 97527, 103916]
