12,59,[54, 57, 1119, 2504, 16639, 16661, 16720, 16732, 16766, 16778, 16789, 16816, 16826, 16873, 16977, 16989, 17014, 17067, 17139, 17175, 17259, 17323, 17370, 17397, 17426, 17524, 17544, 17601, 17686, 17738, 17766, 17786, 17805, 17839, 17927, 17968, 17984, 18037, 18097, 18131, 18192, 18202, 18232, 18263, 18385, 18448, 18477, 18529, 18540, 18597, 18623, 18644, 18672, 18729, 18818, 19288, 19383, 19400, 19455]
14,1,[23417]
15,3,[37717, 65766, 151812]
21,4,[809, 19871, 19873, 34578]
22,16,[38347, 38488, 70066, 108355, 109615, 116754, 119730, 120847, 136326, 138370, 138405, 141422, 143682, 148690, 148707, 155825]
25,1,[22854]
27,1,[45682]
12,59,[54, 57, 1119, 2504, 16639, 16661, 16720, 16732, 16766, 16778, 16789, 16816, 16826, 16873, 16977, 16989, 17014, 17067, 17139, 17175, 17259, 17323, 17370, 17397, 17426, 17524, 17544, 17601, 17686, 17738, 17766, 17786, 17805, 17839, 17927, 17968, 17984, 18037, 18097, 18131, 18192, 18202, 18232, 18263, 18385, 18448, 18477, 18529, 18540, 18597, 18623, 18644, 18672, 18729, 18818, 19288, 19383, 19400, 19455]
14,1,[23417]
15,3,[37717, 65766, 151812]
21,4,[809, 19871, 19873, 34578]
22,16,[38347, 38488, 70066, 108355, 109615, 116754, 119730, 120847, 136326, 138370, 138405, 141422, 143682, 148690, 148707, 155825]
25,1,[22854]
27,1,[45682]
