10,4,[499510, 538020, 540452, 632978]
11,1,[8758]
12,2,[13281, 13291]
15,3,[8152, 134830, 159055]
16,4,[14998, 15064, 23999, 27531]
17,3,[43729, 178920, 188411]
22,24,[9763, 22450, 22603, 22610, 29331, 32536, 32699, 37801, 37901, 37920, 42075, 47562, 52676, 64603, 96903, 103264, 105167, 111282, 112340, 113484, 119561, 132149, 138455, 155291]
23,2,[19246, 24340]
27,4,[13626, 69872, 98536, 108554]
30,4,[499341, 537845, 540277, 632703]
10,4,[499510, 538020, 540452, 632978]
11,1,[8758]
12,2,[13281, 13291]
15,3,[8152, 134830, 159055]
16,4,[14998, 15064, 23999, 27531]
17,3,[43729, 178920, 188411]
22,24,[9763, 22450, 22603, 22610, 29331, 32536, 32699, 37801, 37901, 37920, 42075, 47562, 52676, 64603, 96903, 103264, 105167, 111282, 112340, 113484, 119561, 132149, 138455, 155291]
23,2,[19246, 24340]
27,4,[13626, 69872, 98536, 108554]
30,4,[499341, 537845, 540277, 632703]
