6,5,[212, 216, 235, 248, 887]
10,763,[1621, 2053, 2293, 6357, 7576, 7664, 9060, 9131, 9549, 10434, 10479, 11661, 12647, 15161, 16698, 16706, 18251, 23002, 26507, 26536, 26798, 27952, 30609, 30611, 32965, 33752, 34178, 34770, 35314, 35566, 36052, 36365, 36918, 37293, 37306, 37473, 38126, 38356, 40252, 40590, 41726, 41887, 43027, 43160, 45847, 50941, 51977, 53134, 53323, 53333, 53358, 53451, 55111, 74647, 89299, 89359, 91035, 95109, 107235, 108384, 108468, 110249, 110781, 110812, 110817, 112527, 114237, 117550, 119290, 124543, 124737, 126292, 126410, 126463, 129165, 129693, 129770, 129825, 130601, 130649, 142400, 143091, 143151, 145580, 145623, 148467, 156208, 156362, 156574, 157708, 161155, 161229, 161319, 161437, 163510, 165056, 170435, 172803, 173270, 173280, 174923, 175563, 175907, 176348, 177362, 177854, 178046, 178383, 178509, 180317, 180337, 181240, 184349, 184357, 184654, 186623, 191139, 195243, 195309, 198687, 201634, 201763, 202054, 206685, 206815, 206827, 207293, 214590, 214847, 215486, 216673, 217082, 218310, 220111, 220178, 222723, 222910, 224457, 225067, 225773, 226714, 232039, 232060, 233846, 234066, 246418, 250294, 254538, 255398, 256415, 258789, 258917, 258929, 262053, 262359, 265813, 269245, 273792, 274314, 279380, 281286, 281295, 285337, 293099, 294072, 294194, 298748, 298766, 298798, 299283, 299544, 299729, 299767, 299958, 300041, 300284, 300494, 300530, 301032, 301035, 301196, 301256, 301746, 302882, 303097, 303165, 303800, 303890, 303924, 304152, 304432, 304615, 304794, 304851, 304864, 306452, 306613, 307326, 307768, 308735, 308917, 309004, 309018, 309282, 309386, 310768, 311540, 312466, 312629, 314812, 318548, 319469, 319479, 320055, 321184, 321905, 322169, 323135, 323726, 326470, 327061, 327115, 328266, 329981, 330243, 330886, 331391, 332763, 333743, 333846, 334460, 337302, 339576, 340137, 342038, 343118, 343122, 343300, 343539, 343705, 345048, 346162, 346394, 346563, 348566, 353020, 353726, 354159, 355048, 355631, 356183, 357061, 357064, 357777, 357809, 359342, 359354, 359665, 359773, 359831, 359965, 359973, 360781, 361243, 363161, 365219, 366086, 366099, 367000, 371067, 371276, 379047, 379260, 381279, 381338, 381356, 381418, 382264, 382430, 382779, 382808, 383362, 383415, 384336, 384412, 384439, 384696, 385635, 385718, 385827, 385895, 386177, 386737, 386742, 388770, 389320, 389338, 389422, 390052, 392521, 393534, 393651, 395344, 395427, 396457, 396669, 396882, 397707, 398135, 398199, 399168, 399202, 399678, 400508, 401330, 401816, 402331, 402552, 402556, 402564, 402779, 405423, 405697, 406887, 408280, 409910, 410012, 410253, 411895, 411902, 415646, 417243, 418283, 418329, 419436, 419507, 420794, 420818, 422161, 422377, 430873, 432436, 432714, 432792, 432875, 432946, 433036, 433139, 433572, 435064, 435167, 435193, 435865, 435913, 436005, 436367, 436493, 436703, 436756, 436962, 437338, 437484, 437520, 439042, 439317, 439571, 439654, 440807, 441025, 441197, 441348, 441680, 441794, 441848, 442071, 443049, 443174, 444563, 445093, 445172, 445289, 445360, 445440, 445527, 445597, 445740, 447404, 447459, 447501, 447531, 447610, 447771, 447844, 448039, 448186, 448343, 448600, 448742, 448781, 449734, 450965, 451103, 451780, 451855, 451948, 452067, 452130, 452215, 452531, 452815, 453108, 453170, 453295, 453455, 453488, 453862, 454243, 454296, 454506, 454645, 454672, 455068, 455083, 455211, 462753, 462855, 462901, 463163, 463424, 464933, 465163, 465468, 465627, 466538, 467063, 467874, 467917, 468680, 469532, 471049, 472182, 472491, 473129, 473412, 473414, 473917, 474301, 475429, 475437, 475828, 476930, 477414, 478459, 479183, 481653, 481789, 483223, 483832, 484347, 490271, 490315, 490777, 491482, 495195, 498801, 499554, 499647, 499706, 500613, 501101, 503568, 508529, 508610, 509949, 511608, 511619, 511752, 511761, 512065, 512071, 512728, 513925, 513962, 513994, 515258, 515924, 516486, 517632, 517682, 517690, 518999, 520534, 522036, 523111, 523195, 524283, 524486, 525456, 525469, 525528, 525563, 526779, 526842, 528110, 528369, 528666, 531678, 532386, 534827, 536901, 538072, 539581, 540467, 540493, 544145, 545136, 545846, 546050, 546066, 547101, 547146, 547879, 548509, 549498, 550400, 550561, 551343, 551346, 551395, 551499, 551668, 552486, 552619, 553477, 554153, 554299, 554307, 554326, 554328, 554339, 554342, 554682, 554961, 555026, 555184, 555236, 555301, 555542, 555600, 555605, 555614, 555870, 556018, 556033, 556040, 556102, 556112, 556116, 556167, 556176, 556192, 556203, 556446, 556462, 556613, 556622, 556800, 556948, 557317, 557343, 557819, 558836, 558989, 559075, 559133, 559143, 559417, 559536, 559540, 559546, 559554, 559584, 559751, 559786, 560001, 560279, 560356, 561114, 561491, 561971, 562412, 563259, 563441, 564400, 564569, 565356, 565589, 566109, 571483, 571666, 572678, 574740, 576562, 576579, 577701, 577704, 577890, 578573, 578717, 578787, 578869, 579433, 579715, 580132, 580220, 580329, 581407, 581634, 582360, 582390, 582856, 584264, 585772, 586801, 587013, 587157, 587164, 587430, 587474, 587955, 588032, 588073, 589172, 590700, 592094, 592376, 592571, 592620, 592895, 593042, 593346, 593484, 593638, 593658, 593749, 593884, 593908, 593950, 594747, 594769, 594791, 595169, 595395, 596001, 596527, 597119, 597165, 597170, 597358, 598722, 598941, 599581, 599651, 600412, 600664, 600680, 601510, 601810, 603418, 603434, 604427, 604986, 606185, 606903, 607491, 608185, 608214, 608531, 608616, 609002, 609029, 609332, 609738, 609743, 609779, 611220, 611254, 611536, 611647, 611667, 611719, 611818, 612048, 612070, 612079, 612265, 612291, 612307, 612566, 612712, 613025, 613223, 613539, 613832, 614325, 614471, 614569, 615767, 616284, 617145, 620487, 620493, 621560, 622748, 623381, 624152, 624609, 624781, 625206, 625554, 627366, 628387, 628660, 628662, 628669, 628694, 628966, 629011, 629020, 629026, 629174, 629177, 629224, 629262, 629413, 629438, 629505, 629587, 629619, 629707, 629807, 629969, 630187, 630217, 630222, 630274, 630295, 630306, 630318, 630789, 631062, 631067, 631870, 632028, 632040, 632132, 632300, 632394, 632526, 632585, 632686, 632742, 632871]
11,87,[621, 716, 1411, 2252, 2272, 2277, 2880, 3211, 3244, 3482, 3578, 3681, 3684, 3784, 3842, 3935, 4100, 4256, 4451, 4536, 5116, 5358, 6049, 6061, 6837, 6842, 6931, 6960, 7447, 7448, 8181, 8223, 8542, 8765, 8877, 9128, 9136, 9149, 9165, 9948, 10085, 10111, 10634, 10762, 10985, 11171, 11200, 11283, 11322, 11351, 11362, 11528, 11649, 11741, 11845, 12094, 12545, 12900, 14491, 14803, 15221, 15303, 15416, 15497, 15525, 15913, 15932, 16354, 16483, 16673, 16770, 16785, 16910, 16990, 17469, 18209, 18688, 19039, 19637, 19898, 20047, 20116, 20184, 20279, 20287, 20348, 20368]
12,125,[552, 640, 729, 876, 908, 1016, 1248, 1388, 1398, 1436, 1511, 1728, 2568, 2812, 3075, 3276, 3382, 3421, 3536, 3579, 3636, 3763, 4079, 4246, 4398, 4808, 4924, 5004, 5042, 5288, 5667, 5717, 5725, 5746, 5755, 5837, 5852, 5960, 6050, 6080, 6670, 6722, 6946, 7027, 7277, 7543, 7631, 7876, 7941, 8290, 8840, 8882, 8935, 9069, 9243, 9363, 9601, 9919, 9942, 10090, 10282, 10669, 10968, 11715, 12011, 12310, 12337, 12502, 12715, 13007, 13011, 13109, 13255, 13261, 13483, 13699, 13774, 13832, 14247, 14629, 14839, 15823, 15926, 16139, 16258, 16329, 16763, 16993, 17027, 17168, 17173, 17295, 17566, 17860, 18254, 18652, 18711, 19226, 19637, 19839, 19900, 20004, 20050, 20126, 20150, 20345, 20396, 20478, 20630, 20673, 20790, 20815, 21026, 21069, 21146, 21274, 21431, 21465, 21491, 22052, 22095, 22378, 22918, 23135, 23301]
13,3,[1559, 2252, 3366]
15,152,[7678, 7938, 8621, 10476, 11865, 13607, 18069, 18819, 19378, 21090, 23426, 23492, 24143, 24284, 24371, 24458, 25315, 26056, 26930, 27154, 27164, 27188, 27195, 27224, 27356, 27385, 29431, 29440, 29819, 30473, 30539, 30632, 30789, 30809, 30839, 32102, 34397, 35733, 39989, 40138, 40291, 40320, 40744, 40787, 41001, 41259, 42120, 43764, 44898, 45169, 50799, 52201, 52458, 53140, 53487, 59694, 62828, 62981, 63225, 64212, 64956, 69100, 70918, 70920, 74371, 75769, 75960, 76230, 76620, 77334, 77578, 78302, 81113, 81208, 81338, 81931, 82902, 83420, 85081, 89263, 89521, 89849, 91545, 91794, 91834, 91865, 92092, 92591, 94376, 95150, 100207, 100217, 100432, 100903, 101400, 104047, 104293, 104387, 104594, 105900, 107605, 108548, 109145, 109437, 111045, 114493, 114505, 114637, 116369, 116376, 123257, 123658, 123715, 124254, 124277, 124763, 127788, 131085, 131142, 132343, 132796, 132926, 134073, 134084, 134098, 134642, 134976, 135052, 135063, 135225, 135250, 136055, 136203, 136969, 143483, 143736, 148355, 153316, 153323, 153585, 153618, 153910, 154122, 154456, 155696, 156066, 157096, 158523, 160711, 166826, 169538, 169644]
16,92,[138, 216, 403, 415, 1118, 1375, 1687, 1816, 1823, 1917, 2106, 2160, 3625, 3766, 3953, 3967, 4056, 5164, 5191, 5906, 5918, 5925, 6057, 6177, 6278, 6458, 6556, 6688, 6764, 6923, 6939, 7025, 7816, 8428, 8718, 10311, 10354, 10489, 11047, 11051, 12050, 12385, 12427, 12911, 13222, 13768, 14797, 14856, 15255, 15796, 16821, 17994, 18715, 18794, 21875, 22195, 22437, 22560, 22681, 22774, 23029, 23132, 23341, 25738, 25874, 26603, 26929, 27033, 27721, 28476, 29124, 29355, 29858, 30228, 30419, 30828, 32255, 32505, 33372, 34453, 35116, 35140, 35793, 36326, 36537, 36819, 37119, 37447, 37579, 37649, 37660, 37722]
17,480,[149, 274, 292, 353, 400, 541, 860, 1348, 1996, 2354, 2953, 3120, 3126, 3955, 4103, 4143, 4207, 4222, 4771, 5126, 6644, 6895, 7238, 7398, 7672, 7807, 7814, 9642, 11881, 12104, 12124, 12163, 14081, 14636, 14655, 14926, 14956, 15056, 15064, 15076, 15091, 15102, 15123, 15139, 15151, 15594, 15627, 15637, 15760, 15777, 16085, 16123, 16131, 18036, 18076, 18373, 19417, 19500, 19684, 19938, 20014, 20580, 20876, 21728, 21927, 22076, 22146, 22251, 23873, 24209, 24623, 24981, 25003, 25937, 26017, 26046, 26252, 26617, 26706, 26845, 26917, 27201, 27698, 27790, 27797, 27801, 27803, 27819, 27821, 28809, 29042, 29232, 29337, 29748, 32262, 33133, 33146, 34045, 36843, 36895, 37010, 37068, 37115, 37131, 37169, 37917, 37994, 38013, 38034, 38551, 40415, 40650, 41873, 41882, 41938, 42436, 42489, 42876, 43030, 43174, 43352, 43398, 43879, 44055, 44061, 44313, 45107, 45157, 46052, 46693, 46799, 46944, 47075, 48730, 50787, 51098, 51221, 51301, 51325, 52716, 53390, 53714, 54644, 54718, 54743, 54882, 55237, 55416, 55485, 56592, 59841, 59873, 60146, 60248, 60330, 60503, 60674, 60948, 61091, 62071, 62333, 62476, 62870, 62878, 64885, 65285, 65910, 66015, 66022, 66053, 66084, 69011, 75058, 75083, 75138, 76408, 76754, 76793, 77966, 78094, 78881, 79064, 79173, 82648, 85577, 86316, 86325, 86338, 86363, 86369, 86432, 86450, 87551, 87752, 87756, 87918, 88138, 88146, 88844, 88850, 88883, 88890, 89170, 89200, 90031, 90087, 90840, 90925, 91080, 91090, 91349, 91777, 92832, 93144, 93296, 93311, 93370, 93442, 93447, 93466, 94147, 94454, 94566, 95404, 96383, 96876, 97729, 98487, 99029, 99679, 100014, 100019, 100043, 100060, 100075, 100336, 100673, 100760, 100819, 101296, 102759, 103105, 103232, 103985, 104638, 104735, 105178, 107462, 107597, 108873, 109196, 109675, 111268, 111450, 111464, 111488, 111528, 111599, 111688, 112273, 112298, 112303, 112310, 112667, 112705, 113160, 113226, 113517, 113643, 113650, 114058, 115737, 115742, 115762, 115932, 115999, 116185, 116252, 116276, 116278, 116288, 116322, 116361, 116639, 117340, 117495, 118308, 118652, 119209, 119239, 119837, 119843, 119887, 119996, 119997, 120011, 120152, 120976, 121800, 121808, 121884, 122313, 122353, 122886, 122945, 123069, 123075, 123088, 125990, 126218, 127134, 127488, 128624, 128628, 128678, 137560, 139478, 139488, 139644, 140720, 141810, 144677, 144694, 144703, 144741, 145416, 145542, 145551, 146080, 146089, 146616, 146623, 149559, 151167, 153952, 157378, 157873, 157878, 158087, 158163, 158331, 158542, 158596, 158734, 158944, 159310, 159355, 159411, 159420, 159456, 159639, 159701, 159713, 159877, 159914, 159949, 159964, 160093, 160980, 161183, 164353, 164365, 164547, 164561, 164569, 164592, 164916, 165201, 165496, 165511, 165558, 165576, 166090, 166107, 166469, 166540, 166576, 167078, 167383, 168953, 171491, 171699, 173331, 173745, 174116, 176352, 176427, 177178, 177200, 178163, 178964, 179057, 179115, 179717, 179742, 179988, 181262, 182048, 182117, 182141, 184431, 184438, 184650, 184732, 184892, 184916, 184926, 188251, 188358, 188746, 189096, 189101, 189354, 189367, 189508, 189800, 189825, 191007, 191137, 193201, 193661, 194176, 195389, 195396, 195815, 195822, 196626, 196646, 196652, 196660, 196685, 196875, 196895, 197031, 197101, 197220, 197290, 197454, 198065, 198069, 198968, 199311, 200710, 201517, 201623, 201681, 201883, 202100, 202782, 202806, 202814, 202982, 203019, 203038, 203189, 203277, 203898, 209788, 209932, 209965, 210104, 210116, 213522, 214114, 214344, 214355, 214375, 214405, 214429, 214464, 214503, 215684, 215931, 216301, 216939, 216973, 217136, 217270, 217294, 217708]
18,19,[5778, 14953, 21258, 39978, 40335, 48278, 54103, 54549, 56002, 56811, 76320, 92591, 108572, 120784, 129716, 145723, 146904, 146947, 149023]
19,10,[1999, 5522, 10962, 11670, 17239, 17242, 17264, 17267, 17569, 21181]
20,96,[133, 3849, 3933, 3935, 6173, 6850, 9450, 9517, 9541, 10049, 10160, 11091, 12640, 13258, 15669, 15875, 15929, 16745, 16914, 19480, 19514, 19771, 19919, 20232, 21118, 21119, 21452, 21459, 21473, 21483, 22599, 23320, 24266, 25291, 25353, 25603, 25644, 27349, 27622, 27624, 27856, 28043, 28062, 28068, 28289, 29289, 29389, 32782, 34449, 34674, 34848, 34859, 34878, 37273, 37560, 38113, 38169, 38217, 38839, 39286, 39402, 39412, 39971, 39988, 40273, 40553, 40563, 40757, 41625, 41781, 42083, 44507, 46612, 46719, 46931, 47028, 47227, 48854, 48868, 49261, 49769, 50650, 50911, 53504, 55596, 56777, 56983, 57031, 58547, 58691, 59401, 60020, 62638, 63190, 65872, 65945]
21,25,[5481, 6974, 7539, 12387, 12398, 16968, 17997, 18733, 19854, 20579, 21435, 22397, 22421, 22889, 23755, 25753, 26476, 26486, 28379, 29343, 30021, 30033, 31062, 32962, 33776]
22,60,[4517, 13841, 13845, 20329, 20335, 60030, 61913, 61916, 61919, 63423, 63678, 63683, 63688, 65776, 65777, 65781, 67115, 67146, 67164, 67166, 67173, 67302, 67419, 67420, 67422, 67425, 67439, 67462, 68804, 69403, 70403, 71959, 72994, 73933, 74305, 74308, 74432, 74722, 76371, 76585, 86205, 86765, 92610, 104640, 104643, 104647, 104651, 104657, 105116, 105121, 105126, 106261, 126234, 139963, 140850, 143960, 144624, 154129, 155587, 155593]
23,30,[2925, 3538, 3543, 3712, 3790, 3820, 4119, 4722, 7322, 7335, 7853, 9016, 10598, 11106, 12451, 12475, 14832, 16231, 19093, 19282, 19843, 20000, 21603, 23261, 25573, 26544, 26569, 26600, 27471, 27607]
24,103,[2311, 2410, 2565, 3733, 6097, 6203, 6308, 6504, 7881, 7893, 7938, 8242, 9045, 9766, 10935, 11157, 11879, 12137, 12342, 12952, 13686, 13720, 13884, 14282, 15049, 15191, 15477, 15904, 16022, 16089, 16498, 16616, 17030, 17332, 17514, 18338, 18433, 18442, 18631, 19283, 20885, 21243, 21257, 21708, 22712, 22728, 22765, 22767, 22771, 22959, 23010, 23021, 23388, 23854, 24485, 24577, 24664, 24694, 24701, 25244, 25578, 25619, 26276, 26311, 26874, 26996, 28282, 28584, 28682, 28732, 29991, 30026, 31141, 31398, 33374, 33687, 33753, 33864, 34051, 34388, 34648, 34667, 34823, 34965, 39883, 40010, 40521, 40725, 42020, 42085, 42289, 42840, 42904, 42913, 42919, 42935, 42996, 43013, 43215, 43306, 43886, 44061, 44601]
26,89,[497, 4348, 4432, 4434, 6691, 7370, 10003, 10071, 10095, 10601, 10712, 11663, 13226, 13843, 16314, 16521, 16575, 17398, 17566, 20189, 20223, 20486, 20637, 20958, 21857, 21858, 22198, 22206, 22220, 22228, 23366, 24090, 25033, 26085, 26147, 26401, 26443, 28172, 28450, 28452, 28685, 28878, 28897, 28903, 29126, 30132, 30232, 33658, 35337, 35562, 35738, 35749, 35768, 39088, 39137, 39783, 40229, 40344, 40354, 40910, 40927, 41214, 41502, 41695, 42562, 45477, 47617, 47724, 47935, 48031, 48229, 49886, 49900, 50305, 50815, 51702, 51966, 54628, 56756, 57925, 58133, 58181, 59889, 60662, 61310, 63978, 64551, 67287, 67363]
27,245,[755, 2055, 5341, 5429, 5654, 6427, 6430, 6458, 6536, 7692, 7736, 7903, 7929, 8670, 8889, 9072, 10799, 12068, 13046, 13051, 13156, 13945, 13954, 13976, 14126, 14696, 14960, 15213, 15292, 15293, 15351, 15786, 16174, 16401, 16542, 16606, 16621, 16704, 16948, 18127, 18154, 18516, 19189, 19407, 19532, 20685, 22680, 22736, 23714, 25158, 25341, 25857, 26692, 28644, 28695, 28965, 29749, 29813, 29888, 30336, 30419, 31057, 34439, 34476, 34789, 34900, 35592, 35805, 36126, 40556, 40693, 40968, 41237, 41683, 42112, 44530, 46215, 46452, 46927, 46930, 47303, 47320, 48002, 48843, 48886, 50237, 51530, 51679, 51804, 52043, 52058, 52184, 52838, 52859, 52902, 52937, 53111, 53130, 53221, 53252, 53436, 53533, 53554, 53649, 54238, 54859, 55250, 55269, 55342, 56705, 57112, 57218, 57725, 57806, 58461, 59556, 60333, 60418, 61386, 61410, 62074, 62235, 62844, 63108, 63453, 63881, 63903, 65558, 67133, 67904, 68260, 68367, 68379, 68475, 69252, 69397, 70097, 70215, 70260, 70403, 70555, 70600, 70608, 73227, 73234, 73499, 73547, 73669, 73829, 74346, 74450, 74716, 74921, 74934, 75084, 75262, 77091, 77116, 77150, 77423, 77510, 77791, 78970, 78976, 79502, 79948, 80028, 80032, 80847, 82131, 82140, 82150, 83141, 83462, 86587, 88797, 89009, 89015, 89032, 92754, 93497, 95843, 95844, 95872, 95924, 96032, 96057, 96371, 96414, 96766, 96848, 96990, 97156, 98200, 98219, 98317, 98350, 98640, 98687, 98749, 98830, 98999, 99058, 99185, 99401, 99418, 99424, 99425, 99436, 99991, 100058, 100315, 100876, 100896, 100906, 100931, 101220, 101236, 101240, 101281, 101706, 101747, 101861, 101906, 102013, 102027, 102046, 102156, 102544, 103965, 104038, 104154, 105561, 105672, 106327, 106538, 107313, 107545, 107573, 107693, 107842, 107918, 108384, 108388, 108878]
28,7,[921, 3002, 4262, 9444, 10034, 10531, 11633]
30,763,[1528, 1960, 2200, 6263, 7482, 7570, 8966, 9037, 9455, 10340, 10385, 11567, 12553, 15067, 16604, 16612, 18157, 22908, 26413, 26442, 26704, 27858, 30515, 30517, 32867, 33654, 34080, 34672, 35216, 35468, 35954, 36267, 36820, 37195, 37208, 37375, 38028, 38258, 40154, 40492, 41628, 41789, 42929, 43062, 45749, 50843, 51879, 53035, 53224, 53234, 53259, 53352, 55012, 74544, 89192, 89252, 90928, 95002, 107124, 108273, 108357, 110138, 110670, 110701, 110706, 112416, 114126, 117439, 119179, 124432, 124626, 126181, 126299, 126352, 129053, 129581, 129658, 129713, 130489, 130537, 142288, 142979, 143039, 145467, 145510, 148354, 156095, 156249, 156461, 157595, 161041, 161115, 161205, 161323, 163387, 164933, 170312, 172680, 173147, 173157, 174800, 175440, 175784, 176225, 177239, 177731, 177923, 178260, 178386, 180194, 180214, 181117, 184217, 184225, 184522, 186491, 191007, 195111, 195177, 198555, 201492, 201621, 201912, 206543, 206673, 206685, 207151, 214448, 214705, 215344, 216532, 216941, 218170, 219961, 220028, 222573, 222760, 224307, 224917, 225623, 226564, 231889, 231910, 233696, 233916, 246265, 250141, 254385, 255245, 256259, 258633, 258761, 258773, 261897, 262203, 265657, 269089, 273636, 274158, 279225, 281131, 281140, 285181, 292942, 293915, 294037, 298590, 298608, 298640, 299125, 299386, 299571, 299609, 299800, 299883, 300126, 300336, 300372, 300874, 300877, 301038, 301098, 301588, 302724, 302939, 303007, 303642, 303732, 303766, 303994, 304274, 304457, 304636, 304693, 304706, 306294, 306455, 307168, 307610, 308577, 308759, 308846, 308860, 309124, 309228, 310610, 311381, 312307, 312470, 314653, 318389, 319310, 319320, 319896, 321025, 321746, 322010, 322976, 323567, 326311, 326902, 326956, 328107, 329822, 330084, 330727, 331232, 332604, 333584, 333687, 334301, 337143, 339417, 339978, 341879, 342959, 342963, 343141, 343380, 343546, 344889, 346003, 346235, 346404, 348407, 352861, 353567, 354000, 354889, 355472, 356024, 356901, 356904, 357617, 357649, 359182, 359194, 359505, 359613, 359671, 359805, 359813, 360621, 361083, 362998, 365056, 365923, 365936, 366837, 370904, 371113, 378884, 379097, 381116, 381175, 381193, 381255, 382101, 382267, 382616, 382645, 383199, 383252, 384173, 384249, 384276, 384533, 385472, 385555, 385664, 385732, 386014, 386574, 386579, 388607, 389157, 389175, 389259, 389889, 392358, 393368, 393485, 395178, 395261, 396291, 396503, 396716, 397541, 397969, 398033, 399002, 399036, 399512, 400342, 401164, 401650, 402165, 402386, 402390, 402398, 402613, 405257, 405531, 406721, 408114, 409744, 409846, 410087, 411729, 411736, 415480, 417077, 418117, 418163, 419270, 419341, 420628, 420652, 421995, 422211, 430703, 432266, 432544, 432622, 432705, 432776, 432866, 432969, 433402, 434894, 434997, 435023, 435695, 435743, 435835, 436197, 436323, 436533, 436586, 436792, 437168, 437314, 437350, 438872, 439147, 439401, 439484, 440637, 440855, 441027, 441178, 441510, 441624, 441678, 441901, 442879, 443004, 444393, 444923, 445002, 445119, 445190, 445270, 445357, 445427, 445570, 447234, 447289, 447331, 447361, 447440, 447601, 447674, 447869, 448016, 448173, 448430, 448572, 448611, 449564, 450795, 450933, 451610, 451685, 451778, 451897, 451960, 452045, 452361, 452645, 452938, 453000, 453125, 453285, 453318, 453692, 454073, 454126, 454336, 454475, 454502, 454898, 454913, 455041, 462582, 462684, 462730, 462992, 463253, 464762, 464992, 465297, 465456, 466367, 466892, 467703, 467746, 468509, 469361, 470878, 472012, 472321, 472959, 473242, 473244, 473747, 474131, 475259, 475267, 475658, 476761, 477245, 478291, 479015, 481487, 481623, 483058, 483667, 484182, 490111, 490155, 490617, 491322, 495036, 498632, 499385, 499478, 499537, 500444, 500932, 503399, 508360, 508441, 509780, 511439, 511450, 511583, 511592, 511896, 511902, 512559, 513756, 513793, 513825, 515089, 515752, 516314, 517460, 517510, 517518, 518827, 520362, 521864, 522939, 523023, 524111, 524314, 525284, 525297, 525356, 525391, 526607, 526670, 527935, 528194, 528491, 531503, 532211, 534652, 536726, 537897, 539406, 540292, 540318, 543970, 544961, 545671, 545875, 545891, 546926, 546971, 547704, 548334, 549320, 550222, 550383, 551165, 551168, 551217, 551321, 551490, 552308, 552441, 553299, 553975, 554121, 554129, 554148, 554150, 554161, 554164, 554504, 554783, 554848, 555006, 555058, 555123, 555364, 555422, 555427, 555436, 555692, 555840, 555855, 555862, 555924, 555934, 555938, 555989, 555998, 556014, 556025, 556268, 556284, 556435, 556444, 556622, 556770, 557139, 557165, 557641, 558658, 558811, 558897, 558955, 558965, 559239, 559358, 559362, 559368, 559376, 559406, 559573, 559608, 559823, 560101, 560178, 560936, 561313, 561793, 562234, 563081, 563263, 564222, 564389, 565176, 565409, 565929, 571303, 571486, 572498, 574560, 576382, 576399, 577521, 577524, 577710, 578393, 578537, 578607, 578689, 579253, 579535, 579952, 580040, 580149, 581227, 581454, 582180, 582210, 582676, 584084, 585587, 586616, 586828, 586972, 586979, 587245, 587289, 587770, 587847, 587888, 588987, 590515, 591903, 592185, 592380, 592429, 592704, 592851, 593155, 593293, 593447, 593467, 593558, 593693, 593717, 593759, 594556, 594578, 594600, 594978, 595204, 595810, 596336, 596928, 596974, 596979, 597167, 598531, 598750, 599384, 599454, 600215, 600467, 600483, 601313, 601613, 603221, 603237, 604225, 604784, 605978, 606696, 607284, 607978, 608007, 608319, 608404, 608790, 608817, 609120, 609526, 609531, 609567, 611003, 611037, 611313, 611424, 611444, 611496, 611595, 611825, 611847, 611856, 612042, 612068, 612084, 612343, 612489, 612796, 612994, 613310, 613598, 614091, 614237, 614335, 615528, 616045, 616902, 620235, 620241, 621308, 622496, 623129, 623898, 624355, 624527, 624952, 625297, 627106, 628127, 628397, 628399, 628406, 628431, 628703, 628748, 628757, 628763, 628911, 628914, 628961, 628999, 629150, 629175, 629242, 629324, 629356, 629444, 629544, 629706, 629924, 629954, 629959, 630011, 630032, 630043, 630055, 630520, 630791, 630796, 631595, 631753, 631765, 631857, 632025, 632119, 632251, 632310, 632411, 632467, 632596]
6,5,[212, 216, 235, 248, 887]
10,763,[1621, 2053, 2293, 6357, 7576, 7664, 9060, 9131, 9549, 10434, 10479, 11661, 12647, 15161, 16698, 16706, 18251, 23002, 26507, 26536, 26798, 27952, 30609, 30611, 32965, 33752, 34178, 34770, 35314, 35566, 36052, 36365, 36918, 37293, 37306, 37473, 38126, 38356, 40252, 40590, 41726, 41887, 43027, 43160, 45847, 50941, 51977, 53134, 53323, 53333, 53358, 53451, 55111, 74647, 89299, 89359, 91035, 95109, 107235, 108384, 108468, 110249, 110781, 110812, 110817, 112527, 114237, 117550, 119290, 124543, 124737, 126292, 126410, 126463, 129165, 129693, 129770, 129825, 130601, 130649, 142400, 143091, 143151, 145580, 145623, 148467, 156208, 156362, 156574, 157708, 161155, 161229, 161319, 161437, 163510, 165056, 170435, 172803, 173270, 173280, 174923, 175563, 175907, 176348, 177362, 177854, 178046, 178383, 178509, 180317, 180337, 181240, 184349, 184357, 184654, 186623, 191139, 195243, 195309, 198687, 201634, 201763, 202054, 206685, 206815, 206827, 207293, 214590, 214847, 215486, 216673, 217082, 218310, 220111, 220178, 222723, 222910, 224457, 225067, 225773, 226714, 232039, 232060, 233846, 234066, 246418, 250294, 254538, 255398, 256415, 258789, 258917, 258929, 262053, 262359, 265813, 269245, 273792, 274314, 279380, 281286, 281295, 285337, 293099, 294072, 294194, 298748, 298766, 298798, 299283, 299544, 299729, 299767, 299958, 300041, 300284, 300494, 300530, 301032, 301035, 301196, 301256, 301746, 302882, 303097, 303165, 303800, 303890, 303924, 304152, 304432, 304615, 304794, 304851, 304864, 306452, 306613, 307326, 307768, 308735, 308917, 309004, 309018, 309282, 309386, 310768, 311540, 312466, 312629, 314812, 318548, 319469, 319479, 320055, 321184, 321905, 322169, 323135, 323726, 326470, 327061, 327115, 328266, 329981, 330243, 330886, 331391, 332763, 333743, 333846, 334460, 337302, 339576, 340137, 342038, 343118, 343122, 343300, 343539, 343705, 345048, 346162, 346394, 346563, 348566, 353020, 353726, 354159, 355048, 355631, 356183, 357061, 357064, 357777, 357809, 359342, 359354, 359665, 359773, 359831, 359965, 359973, 360781, 361243, 363161, 365219, 366086, 366099, 367000, 371067, 371276, 379047, 379260, 381279, 381338, 381356, 381418, 382264, 382430, 382779, 382808, 383362, 383415, 384336, 384412, 384439, 384696, 385635, 385718, 385827, 385895, 386177, 386737, 386742, 388770, 389320, 389338, 389422, 390052, 392521, 393534, 393651, 395344, 395427, 396457, 396669, 396882, 397707, 398135, 398199, 399168, 399202, 399678, 400508, 401330, 401816, 402331, 402552, 402556, 402564, 402779, 405423, 405697, 406887, 408280, 409910, 410012, 410253, 411895, 411902, 415646, 417243, 418283, 418329, 419436, 419507, 420794, 420818, 422161, 422377, 430873, 432436, 432714, 432792, 432875, 432946, 433036, 433139, 433572, 435064, 435167, 435193, 435865, 435913, 436005, 436367, 436493, 436703, 436756, 436962, 437338, 437484, 437520, 439042, 439317, 439571, 439654, 440807, 441025, 441197, 441348, 441680, 441794, 441848, 442071, 443049, 443174, 444563, 445093, 445172, 445289, 445360, 445440, 445527, 445597, 445740, 447404, 447459, 447501, 447531, 447610, 447771, 447844, 448039, 448186, 448343, 448600, 448742, 448781, 449734, 450965, 451103, 451780, 451855, 451948, 452067, 452130, 452215, 452531, 452815, 453108, 453170, 453295, 453455, 453488, 453862, 454243, 454296, 454506, 454645, 454672, 455068, 455083, 455211, 462753, 462855, 462901, 463163, 463424, 464933, 465163, 465468, 465627, 466538, 467063, 467874, 467917, 468680, 469532, 471049, 472182, 472491, 473129, 473412, 473414, 473917, 474301, 475429, 475437, 475828, 476930, 477414, 478459, 479183, 481653, 481789, 483223, 483832, 484347, 490271, 490315, 490777, 491482, 495195, 498801, 499554, 499647, 499706, 500613, 501101, 503568, 508529, 508610, 509949, 511608, 511619, 511752, 511761, 512065, 512071, 512728, 513925, 513962, 513994, 515258, 515924, 516486, 517632, 517682, 517690, 518999, 520534, 522036, 523111, 523195, 524283, 524486, 525456, 525469, 525528, 525563, 526779, 526842, 528110, 528369, 528666, 531678, 532386, 534827, 536901, 538072, 539581, 540467, 540493, 544145, 545136, 545846, 546050, 546066, 547101, 547146, 547879, 548509, 549498, 550400, 550561, 551343, 551346, 551395, 551499, 551668, 552486, 552619, 553477, 554153, 554299, 554307, 554326, 554328, 554339, 554342, 554682, 554961, 555026, 555184, 555236, 555301, 555542, 555600, 555605, 555614, 555870, 556018, 556033, 556040, 556102, 556112, 556116, 556167, 556176, 556192, 556203, 556446, 556462, 556613, 556622, 556800, 556948, 557317, 557343, 557819, 558836, 558989, 559075, 559133, 559143, 559417, 559536, 559540, 559546, 559554, 559584, 559751, 559786, 560001, 560279, 560356, 561114, 561491, 561971, 562412, 563259, 563441, 564400, 564569, 565356, 565589, 566109, 571483, 571666, 572678, 574740, 576562, 576579, 577701, 577704, 577890, 578573, 578717, 578787, 578869, 579433, 579715, 580132, 580220, 580329, 581407, 581634, 582360, 582390, 582856, 584264, 585772, 586801, 587013, 587157, 587164, 587430, 587474, 587955, 588032, 588073, 589172, 590700, 592094, 592376, 592571, 592620, 592895, 593042, 593346, 593484, 593638, 593658, 593749, 593884, 593908, 593950, 594747, 594769, 594791, 595169, 595395, 596001, 596527, 597119, 597165, 597170, 597358, 598722, 598941, 599581, 599651, 600412, 600664, 600680, 601510, 601810, 603418, 603434, 604427, 604986, 606185, 606903, 607491, 608185, 608214, 608531, 608616, 609002, 609029, 609332, 609738, 609743, 609779, 611220, 611254, 611536, 611647, 611667, 611719, 611818, 612048, 612070, 612079, 612265, 612291, 612307, 612566, 612712, 613025, 613223, 613539, 613832, 614325, 614471, 614569, 615767, 616284, 617145, 620487, 620493, 621560, 622748, 623381, 624152, 624609, 624781, 625206, 625554, 627366, 628387, 628660, 628662, 628669, 628694, 628966, 629011, 629020, 629026, 629174, 629177, 629224, 629262, 629413, 629438, 629505, 629587, 629619, 629707, 629807, 629969, 630187, 630217, 630222, 630274, 630295, 630306, 630318, 630789, 631062, 631067, 631870, 632028, 632040, 632132, 632300, 632394, 632526, 632585, 632686, 632742, 632871]
11,87,[621, 716, 1411, 2252, 2272, 2277, 2880, 3211, 3244, 3482, 3578, 3681, 3684, 3784, 3842, 3935, 4100, 4256, 4451, 4536, 5116, 5358, 6049, 6061, 6837, 6842, 6931, 6960, 7447, 7448, 8181, 8223, 8542, 8765, 8877, 9128, 9136, 9149, 9165, 9948, 10085, 10111, 10634, 10762, 10985, 11171, 11200, 11283, 11322, 11351, 11362, 11528, 11649, 11741, 11845, 12094, 12545, 12900, 14491, 14803, 15221, 15303, 15416, 15497, 15525, 15913, 15932, 16354, 16483, 16673, 16770, 16785, 16910, 16990, 17469, 18209, 18688, 19039, 19637, 19898, 20047, 20116, 20184, 20279, 20287, 20348, 20368]
12,125,[552, 640, 729, 876, 908, 1016, 1248, 1388, 1398, 1436, 1511, 1728, 2568, 2812, 3075, 3276, 3382, 3421, 3536, 3579, 3636, 3763, 4079, 4246, 4398, 4808, 4924, 5004, 5042, 5288, 5667, 5717, 5725, 5746, 5755, 5837, 5852, 5960, 6050, 6080, 6670, 6722, 6946, 7027, 7277, 7543, 7631, 7876, 7941, 8290, 8840, 8882, 8935, 9069, 9243, 9363, 9601, 9919, 9942, 10090, 10282, 10669, 10968, 11715, 12011, 12310, 12337, 12502, 12715, 13007, 13011, 13109, 13255, 13261, 13483, 13699, 13774, 13832, 14247, 14629, 14839, 15823, 15926, 16139, 16258, 16329, 16763, 16993, 17027, 17168, 17173, 17295, 17566, 17860, 18254, 18652, 18711, 19226, 19637, 19839, 19900, 20004, 20050, 20126, 20150, 20345, 20396, 20478, 20630, 20673, 20790, 20815, 21026, 21069, 21146, 21274, 21431, 21465, 21491, 22052, 22095, 22378, 22918, 23135, 23301]
13,3,[1559, 2252, 3366]
15,152,[7678, 7938, 8621, 10476, 11865, 13607, 18069, 18819, 19378, 21090, 23426, 23492, 24143, 24284, 24371, 24458, 25315, 26056, 26930, 27154, 27164, 27188, 27195, 27224, 27356, 27385, 29431, 29440, 29819, 30473, 30539, 30632, 30789, 30809, 30839, 32102, 34397, 35733, 39989, 40138, 40291, 40320, 40744, 40787, 41001, 41259, 42120, 43764, 44898, 45169, 50799, 52201, 52458, 53140, 53487, 59694, 62828, 62981, 63225, 64212, 64956, 69100, 70918, 70920, 74371, 75769, 75960, 76230, 76620, 77334, 77578, 78302, 81113, 81208, 81338, 81931, 82902, 83420, 85081, 89263, 89521, 89849, 91545, 91794, 91834, 91865, 92092, 92591, 94376, 95150, 100207, 100217, 100432, 100903, 101400, 104047, 104293, 104387, 104594, 105900, 107605, 108548, 109145, 109437, 111045, 114493, 114505, 114637, 116369, 116376, 123257, 123658, 123715, 124254, 124277, 124763, 127788, 131085, 131142, 132343, 132796, 132926, 134073, 134084, 134098, 134642, 134976, 135052, 135063, 135225, 135250, 136055, 136203, 136969, 143483, 143736, 148355, 153316, 153323, 153585, 153618, 153910, 154122, 154456, 155696, 156066, 157096, 158523, 160711, 166826, 169538, 169644]
16,92,[138, 216, 403, 415, 1118, 1375, 1687, 1816, 1823, 1917, 2106, 2160, 3625, 3766, 3953, 3967, 4056, 5164, 5191, 5906, 5918, 5925, 6057, 6177, 6278, 6458, 6556, 6688, 6764, 6923, 6939, 7025, 7816, 8428, 8718, 10311, 10354, 10489, 11047, 11051, 12050, 12385, 12427, 12911, 13222, 13768, 14797, 14856, 15255, 15796, 16821, 17994, 18715, 18794, 21875, 22195, 22437, 22560, 22681, 22774, 23029, 23132, 23341, 25738, 25874, 26603, 26929, 27033, 27721, 28476, 29124, 29355, 29858, 30228, 30419, 30828, 32255, 32505, 33372, 34453, 35116, 35140, 35793, 36326, 36537, 36819, 37119, 37447, 37579, 37649, 37660, 37722]
17,480,[149, 274, 292, 353, 400, 541, 860, 1348, 1996, 2354, 2953, 3120, 3126, 3955, 4103, 4143, 4207, 4222, 4771, 5126, 6644, 6895, 7238, 7398, 7672, 7807, 7814, 9642, 11881, 12104, 12124, 12163, 14081, 14636, 14655, 14926, 14956, 15056, 15064, 15076, 15091, 15102, 15123, 15139, 15151, 15594, 15627, 15637, 15760, 15777, 16085, 16123, 16131, 18036, 18076, 18373, 19417, 19500, 19684, 19938, 20014, 20580, 20876, 21728, 21927, 22076, 22146, 22251, 23873, 24209, 24623, 24981, 25003, 25937, 26017, 26046, 26252, 26617, 26706, 26845, 26917, 27201, 27698, 27790, 27797, 27801, 27803, 27819, 27821, 28809, 29042, 29232, 29337, 29748, 32262, 33133, 33146, 34045, 36843, 36895, 37010, 37068, 37115, 37131, 37169, 37917, 37994, 38013, 38034, 38551, 40415, 40650, 41873, 41882, 41938, 42436, 42489, 42876, 43030, 43174, 43352, 43398, 43879, 44055, 44061, 44313, 45107, 45157, 46052, 46693, 46799, 46944, 47075, 48730, 50787, 51098, 51221, 51301, 51325, 52716, 53390, 53714, 54644, 54718, 54743, 54882, 55237, 55416, 55485, 56592, 59841, 59873, 60146, 60248, 60330, 60503, 60674, 60948, 61091, 62071, 62333, 62476, 62870, 62878, 64885, 65285, 65910, 66015, 66022, 66053, 66084, 69011, 75058, 75083, 75138, 76408, 76754, 76793, 77966, 78094, 78881, 79064, 79173, 82648, 85577, 86316, 86325, 86338, 86363, 86369, 86432, 86450, 87551, 87752, 87756, 87918, 88138, 88146, 88844, 88850, 88883, 88890, 89170, 89200, 90031, 90087, 90840, 90925, 91080, 91090, 91349, 91777, 92832, 93144, 93296, 93311, 93370, 93442, 93447, 93466, 94147, 94454, 94566, 95404, 96383, 96876, 97729, 98487, 99029, 99679, 100014, 100019, 100043, 100060, 100075, 100336, 100673, 100760, 100819, 101296, 102759, 103105, 103232, 103985, 104638, 104735, 105178, 107462, 107597, 108873, 109196, 109675, 111268, 111450, 111464, 111488, 111528, 111599, 111688, 112273, 112298, 112303, 112310, 112667, 112705, 113160, 113226, 113517, 113643, 113650, 114058, 115737, 115742, 115762, 115932, 115999, 116185, 116252, 116276, 116278, 116288, 116322, 116361, 116639, 117340, 117495, 118308, 118652, 119209, 119239, 119837, 119843, 119887, 119996, 119997, 120011, 120152, 120976, 121800, 121808, 121884, 122313, 122353, 122886, 122945, 123069, 123075, 123088, 125990, 126218, 127134, 127488, 128624, 128628, 128678, 137560, 139478, 139488, 139644, 140720, 141810, 144677, 144694, 144703, 144741, 145416, 145542, 145551, 146080, 146089, 146616, 146623, 149559, 151167, 153952, 157378, 157873, 157878, 158087, 158163, 158331, 158542, 158596, 158734, 158944, 159310, 159355, 159411, 159420, 159456, 159639, 159701, 159713, 159877, 159914, 159949, 159964, 160093, 160980, 161183, 164353, 164365, 164547, 164561, 164569, 164592, 164916, 165201, 165496, 165511, 165558, 165576, 166090, 166107, 166469, 166540, 166576, 167078, 167383, 168953, 171491, 171699, 173331, 173745, 174116, 176352, 176427, 177178, 177200, 178163, 178964, 179057, 179115, 179717, 179742, 179988, 181262, 182048, 182117, 182141, 184431, 184438, 184650, 184732, 184892, 184916, 184926, 188251, 188358, 188746, 189096, 189101, 189354, 189367, 189508, 189800, 189825, 191007, 191137, 193201, 193661, 194176, 195389, 195396, 195815, 195822, 196626, 196646, 196652, 196660, 196685, 196875, 196895, 197031, 197101, 197220, 197290, 197454, 198065, 198069, 198968, 199311, 200710, 201517, 201623, 201681, 201883, 202100, 202782, 202806, 202814, 202982, 203019, 203038, 203189, 203277, 203898, 209788, 209932, 209965, 210104, 210116, 213522, 214114, 214344, 214355, 214375, 214405, 214429, 214464, 214503, 215684, 215931, 216301, 216939, 216973, 217136, 217270, 217294, 217708]
18,19,[5778, 14953, 21258, 39978, 40335, 48278, 54103, 54549, 56002, 56811, 76320, 92591, 108572, 120784, 129716, 145723, 146904, 146947, 149023]
19,10,[1999, 5522, 10962, 11670, 17239, 17242, 17264, 17267, 17569, 21181]
20,96,[133, 3849, 3933, 3935, 6173, 6850, 9450, 9517, 9541, 10049, 10160, 11091, 12640, 13258, 15669, 15875, 15929, 16745, 16914, 19480, 19514, 19771, 19919, 20232, 21118, 21119, 21452, 21459, 21473, 21483, 22599, 23320, 24266, 25291, 25353, 25603, 25644, 27349, 27622, 27624, 27856, 28043, 28062, 28068, 28289, 29289, 29389, 32782, 34449, 34674, 34848, 34859, 34878, 37273, 37560, 38113, 38169, 38217, 38839, 39286, 39402, 39412, 39971, 39988, 40273, 40553, 40563, 40757, 41625, 41781, 42083, 44507, 46612, 46719, 46931, 47028, 47227, 48854, 48868, 49261, 49769, 50650, 50911, 53504, 55596, 56777, 56983, 57031, 58547, 58691, 59401, 60020, 62638, 63190, 65872, 65945]
21,25,[5481, 6974, 7539, 12387, 12398, 16968, 17997, 18733, 19854, 20579, 21435, 22397, 22421, 22889, 23755, 25753, 26476, 26486, 28379, 29343, 30021, 30033, 31062, 32962, 33776]
22,60,[4517, 13841, 13845, 20329, 20335, 60030, 61913, 61916, 61919, 63423, 63678, 63683, 63688, 65776, 65777, 65781, 67115, 67146, 67164, 67166, 67173, 67302, 67419, 67420, 67422, 67425, 67439, 67462, 68804, 69403, 70403, 71959, 72994, 73933, 74305, 74308, 74432, 74722, 76371, 76585, 86205, 86765, 92610, 104640, 104643, 104647, 104651, 104657, 105116, 105121, 105126, 106261, 126234, 139963, 140850, 143960, 144624, 154129, 155587, 155593]
23,30,[2925, 3538, 3543, 3712, 3790, 3820, 4119, 4722, 7322, 7335, 7853, 9016, 10598, 11106, 12451, 12475, 14832, 16231, 19093, 19282, 19843, 20000, 21603, 23261, 25573, 26544, 26569, 26600, 27471, 27607]
24,103,[2311, 2410, 2565, 3733, 6097, 6203, 6308, 6504, 7881, 7893, 7938, 8242, 9045, 9766, 10935, 11157, 11879, 12137, 12342, 12952, 13686, 13720, 13884, 14282, 15049, 15191, 15477, 15904, 16022, 16089, 16498, 16616, 17030, 17332, 17514, 18338, 18433, 18442, 18631, 19283, 20885, 21243, 21257, 21708, 22712, 22728, 22765, 22767, 22771, 22959, 23010, 23021, 23388, 23854, 24485, 24577, 24664, 24694, 24701, 25244, 25578, 25619, 26276, 26311, 26874, 26996, 28282, 28584, 28682, 28732, 29991, 30026, 31141, 31398, 33374, 33687, 33753, 33864, 34051, 34388, 34648, 34667, 34823, 34965, 39883, 40010, 40521, 40725, 42020, 42085, 42289, 42840, 42904, 42913, 42919, 42935, 42996, 43013, 43215, 43306, 43886, 44061, 44601]
26,89,[497, 4348, 4432, 4434, 6691, 7370, 10003, 10071, 10095, 10601, 10712, 11663, 13226, 13843, 16314, 16521, 16575, 17398, 17566, 20189, 20223, 20486, 20637, 20958, 21857, 21858, 22198, 22206, 22220, 22228, 23366, 24090, 25033, 26085, 26147, 26401, 26443, 28172, 28450, 28452, 28685, 28878, 28897, 28903, 29126, 30132, 30232, 33658, 35337, 35562, 35738, 35749, 35768, 39088, 39137, 39783, 40229, 40344, 40354, 40910, 40927, 41214, 41502, 41695, 42562, 45477, 47617, 47724, 47935, 48031, 48229, 49886, 49900, 50305, 50815, 51702, 51966, 54628, 56756, 57925, 58133, 58181, 59889, 60662, 61310, 63978, 64551, 67287, 67363]
27,245,[755, 2055, 5341, 5429, 5654, 6427, 6430, 6458, 6536, 7692, 7736, 7903, 7929, 8670, 8889, 9072, 10799, 12068, 13046, 13051, 13156, 13945, 13954, 13976, 14126, 14696, 14960, 15213, 15292, 15293, 15351, 15786, 16174, 16401, 16542, 16606, 16621, 16704, 16948, 18127, 18154, 18516, 19189, 19407, 19532, 20685, 22680, 22736, 23714, 25158, 25341, 25857, 26692, 28644, 28695, 28965, 29749, 29813, 29888, 30336, 30419, 31057, 34439, 34476, 34789, 34900, 35592, 35805, 36126, 40556, 40693, 40968, 41237, 41683, 42112, 44530, 46215, 46452, 46927, 46930, 47303, 47320, 48002, 48843, 48886, 50237, 51530, 51679, 51804, 52043, 52058, 52184, 52838, 52859, 52902, 52937, 53111, 53130, 53221, 53252, 53436, 53533, 53554, 53649, 54238, 54859, 55250, 55269, 55342, 56705, 57112, 57218, 57725, 57806, 58461, 59556, 60333, 60418, 61386, 61410, 62074, 62235, 62844, 63108, 63453, 63881, 63903, 65558, 67133, 67904, 68260, 68367, 68379, 68475, 69252, 69397, 70097, 70215, 70260, 70403, 70555, 70600, 70608, 73227, 73234, 73499, 73547, 73669, 73829, 74346, 74450, 74716, 74921, 74934, 75084, 75262, 77091, 77116, 77150, 77423, 77510, 77791, 78970, 78976, 79502, 79948, 80028, 80032, 80847, 82131, 82140, 82150, 83141, 83462, 86587, 88797, 89009, 89015, 89032, 92754, 93497, 95843, 95844, 95872, 95924, 96032, 96057, 96371, 96414, 96766, 96848, 96990, 97156, 98200, 98219, 98317, 98350, 98640, 98687, 98749, 98830, 98999, 99058, 99185, 99401, 99418, 99424, 99425, 99436, 99991, 100058, 100315, 100876, 100896, 100906, 100931, 101220, 101236, 101240, 101281, 101706, 101747, 101861, 101906, 102013, 102027, 102046, 102156, 102544, 103965, 104038, 104154, 105561, 105672, 106327, 106538, 107313, 107545, 107573, 107693, 107842, 107918, 108384, 108388, 108878]
28,7,[921, 3002, 4262, 9444, 10034, 10531, 11633]
30,763,[1528, 1960, 2200, 6263, 7482, 7570, 8966, 9037, 9455, 10340, 10385, 11567, 12553, 15067, 16604, 16612, 18157, 22908, 26413, 26442, 26704, 27858, 30515, 30517, 32867, 33654, 34080, 34672, 35216, 35468, 35954, 36267, 36820, 37195, 37208, 37375, 38028, 38258, 40154, 40492, 41628, 41789, 42929, 43062, 45749, 50843, 51879, 53035, 53224, 53234, 53259, 53352, 55012, 74544, 89192, 89252, 90928, 95002, 107124, 108273, 108357, 110138, 110670, 110701, 110706, 112416, 114126, 117439, 119179, 124432, 124626, 126181, 126299, 126352, 129053, 129581, 129658, 129713, 130489, 130537, 142288, 142979, 143039, 145467, 145510, 148354, 156095, 156249, 156461, 157595, 161041, 161115, 161205, 161323, 163387, 164933, 170312, 172680, 173147, 173157, 174800, 175440, 175784, 176225, 177239, 177731, 177923, 178260, 178386, 180194, 180214, 181117, 184217, 184225, 184522, 186491, 191007, 195111, 195177, 198555, 201492, 201621, 201912, 206543, 206673, 206685, 207151, 214448, 214705, 215344, 216532, 216941, 218170, 219961, 220028, 222573, 222760, 224307, 224917, 225623, 226564, 231889, 231910, 233696, 233916, 246265, 250141, 254385, 255245, 256259, 258633, 258761, 258773, 261897, 262203, 265657, 269089, 273636, 274158, 279225, 281131, 281140, 285181, 292942, 293915, 294037, 298590, 298608, 298640, 299125, 299386, 299571, 299609, 299800, 299883, 300126, 300336, 300372, 300874, 300877, 301038, 301098, 301588, 302724, 302939, 303007, 303642, 303732, 303766, 303994, 304274, 304457, 304636, 304693, 304706, 306294, 306455, 307168, 307610, 308577, 308759, 308846, 308860, 309124, 309228, 310610, 311381, 312307, 312470, 314653, 318389, 319310, 319320, 319896, 321025, 321746, 322010, 322976, 323567, 326311, 326902, 326956, 328107, 329822, 330084, 330727, 331232, 332604, 333584, 333687, 334301, 337143, 339417, 339978, 341879, 342959, 342963, 343141, 343380, 343546, 344889, 346003, 346235, 346404, 348407, 352861, 353567, 354000, 354889, 355472, 356024, 356901, 356904, 357617, 357649, 359182, 359194, 359505, 359613, 359671, 359805, 359813, 360621, 361083, 362998, 365056, 365923, 365936, 366837, 370904, 371113, 378884, 379097, 381116, 381175, 381193, 381255, 382101, 382267, 382616, 382645, 383199, 383252, 384173, 384249, 384276, 384533, 385472, 385555, 385664, 385732, 386014, 386574, 386579, 388607, 389157, 389175, 389259, 389889, 392358, 393368, 393485, 395178, 395261, 396291, 396503, 396716, 397541, 397969, 398033, 399002, 399036, 399512, 400342, 401164, 401650, 402165, 402386, 402390, 402398, 402613, 405257, 405531, 406721, 408114, 409744, 409846, 410087, 411729, 411736, 415480, 417077, 418117, 418163, 419270, 419341, 420628, 420652, 421995, 422211, 430703, 432266, 432544, 432622, 432705, 432776, 432866, 432969, 433402, 434894, 434997, 435023, 435695, 435743, 435835, 436197, 436323, 436533, 436586, 436792, 437168, 437314, 437350, 438872, 439147, 439401, 439484, 440637, 440855, 441027, 441178, 441510, 441624, 441678, 441901, 442879, 443004, 444393, 444923, 445002, 445119, 445190, 445270, 445357, 445427, 445570, 447234, 447289, 447331, 447361, 447440, 447601, 447674, 447869, 448016, 448173, 448430, 448572, 448611, 449564, 450795, 450933, 451610, 451685, 451778, 451897, 451960, 452045, 452361, 452645, 452938, 453000, 453125, 453285, 453318, 453692, 454073, 454126, 454336, 454475, 454502, 454898, 454913, 455041, 462582, 462684, 462730, 462992, 463253, 464762, 464992, 465297, 465456, 466367, 466892, 467703, 467746, 468509, 469361, 470878, 472012, 472321, 472959, 473242, 473244, 473747, 474131, 475259, 475267, 475658, 476761, 477245, 478291, 479015, 481487, 481623, 483058, 483667, 484182, 490111, 490155, 490617, 491322, 495036, 498632, 499385, 499478, 499537, 500444, 500932, 503399, 508360, 508441, 509780, 511439, 511450, 511583, 511592, 511896, 511902, 512559, 513756, 513793, 513825, 515089, 515752, 516314, 517460, 517510, 517518, 518827, 520362, 521864, 522939, 523023, 524111, 524314, 525284, 525297, 525356, 525391, 526607, 526670, 527935, 528194, 528491, 531503, 532211, 534652, 536726, 537897, 539406, 540292, 540318, 543970, 544961, 545671, 545875, 545891, 546926, 546971, 547704, 548334, 549320, 550222, 550383, 551165, 551168, 551217, 551321, 551490, 552308, 552441, 553299, 553975, 554121, 554129, 554148, 554150, 554161, 554164, 554504, 554783, 554848, 555006, 555058, 555123, 555364, 555422, 555427, 555436, 555692, 555840, 555855, 555862, 555924, 555934, 555938, 555989, 555998, 556014, 556025, 556268, 556284, 556435, 556444, 556622, 556770, 557139, 557165, 557641, 558658, 558811, 558897, 558955, 558965, 559239, 559358, 559362, 559368, 559376, 559406, 559573, 559608, 559823, 560101, 560178, 560936, 561313, 561793, 562234, 563081, 563263, 564222, 564389, 565176, 565409, 565929, 571303, 571486, 572498, 574560, 576382, 576399, 577521, 577524, 577710, 578393, 578537, 578607, 578689, 579253, 579535, 579952, 580040, 580149, 581227, 581454, 582180, 582210, 582676, 584084, 585587, 586616, 586828, 586972, 586979, 587245, 587289, 587770, 587847, 587888, 588987, 590515, 591903, 592185, 592380, 592429, 592704, 592851, 593155, 593293, 593447, 593467, 593558, 593693, 593717, 593759, 594556, 594578, 594600, 594978, 595204, 595810, 596336, 596928, 596974, 596979, 597167, 598531, 598750, 599384, 599454, 600215, 600467, 600483, 601313, 601613, 603221, 603237, 604225, 604784, 605978, 606696, 607284, 607978, 608007, 608319, 608404, 608790, 608817, 609120, 609526, 609531, 609567, 611003, 611037, 611313, 611424, 611444, 611496, 611595, 611825, 611847, 611856, 612042, 612068, 612084, 612343, 612489, 612796, 612994, 613310, 613598, 614091, 614237, 614335, 615528, 616045, 616902, 620235, 620241, 621308, 622496, 623129, 623898, 624355, 624527, 624952, 625297, 627106, 628127, 628397, 628399, 628406, 628431, 628703, 628748, 628757, 628763, 628911, 628914, 628961, 628999, 629150, 629175, 629242, 629324, 629356, 629444, 629544, 629706, 629924, 629954, 629959, 630011, 630032, 630043, 630055, 630520, 630791, 630796, 631595, 631753, 631765, 631857, 632025, 632119, 632251, 632310, 632411, 632467, 632596]
