10,89,[17741, 17785, 29512, 37639, 52675, 86737, 87184, 93590, 110431, 111238, 118619, 123454, 137330, 154726, 180519, 182547, 183611, 184339, 186601, 193136, 199773, 200747, 200896, 200994, 201815, 203194, 203313, 206721, 206727, 220094, 220161, 221414, 248926, 258828, 258832, 300198, 301743, 303195, 308171, 309186, 309360, 309392, 309546, 309666, 309693, 319764, 325741, 342832, 342862, 354760, 360609, 360661, 360681, 360703, 387762, 395693, 399878, 401790, 401804, 402655, 402907, 403690, 413292, 453232, 470106, 490696, 490875, 505305, 522704, 543500, 546704, 549857, 550550, 558983, 560991, 562522, 564172, 564198, 564236, 564240, 564928, 581946, 585344, 594271, 594281, 615817, 615879, 632914, 634450]
15,6,[26147, 27056, 30115, 153601, 153610, 153622]
17,25,[7483, 7798, 7896, 9632, 10904, 22040, 48253, 51344, 62284, 92366, 92384, 92496, 100620, 103890, 103899, 103906, 103958, 103971, 112978, 113102, 121835, 140683, 201915, 216872, 216878]
26,16,[19607, 20615, 22659, 22865, 23371, 33553, 38189, 38475, 39032, 41492, 42715, 43016, 44763, 51088, 56639, 59741]
30,89,[17647, 17691, 29418, 37541, 52577, 86630, 87077, 93483, 110320, 111127, 118508, 123343, 137218, 154613, 180396, 182415, 183479, 184207, 186469, 193004, 199631, 200605, 200754, 200852, 201673, 203052, 203171, 206579, 206585, 219944, 220011, 221264, 248773, 258672, 258676, 300040, 301585, 303037, 308013, 309028, 309202, 309234, 309388, 309508, 309535, 319605, 325582, 342673, 342703, 354601, 360449, 360501, 360521, 360543, 387599, 395527, 399712, 401624, 401638, 402489, 402741, 403524, 413126, 453062, 469935, 490536, 490715, 505136, 522532, 543325, 546529, 549679, 550372, 558805, 560813, 562344, 563994, 564020, 564058, 564062, 564748, 581766, 585159, 594080, 594090, 615578, 615640, 632639, 634175]
10,89,[17741, 17785, 29512, 37639, 52675, 86737, 87184, 93590, 110431, 111238, 118619, 123454, 137330, 154726, 180519, 182547, 183611, 184339, 186601, 193136, 199773, 200747, 200896, 200994, 201815, 203194, 203313, 206721, 206727, 220094, 220161, 221414, 248926, 258828, 258832, 300198, 301743, 303195, 308171, 309186, 309360, 309392, 309546, 309666, 309693, 319764, 325741, 342832, 342862, 354760, 360609, 360661, 360681, 360703, 387762, 395693, 399878, 401790, 401804, 402655, 402907, 403690, 413292, 453232, 470106, 490696, 490875, 505305, 522704, 543500, 546704, 549857, 550550, 558983, 560991, 562522, 564172, 564198, 564236, 564240, 564928, 581946, 585344, 594271, 594281, 615817, 615879, 632914, 634450]
15,6,[26147, 27056, 30115, 153601, 153610, 153622]
17,25,[7483, 7798, 7896, 9632, 10904, 22040, 48253, 51344, 62284, 92366, 92384, 92496, 100620, 103890, 103899, 103906, 103958, 103971, 112978, 113102, 121835, 140683, 201915, 216872, 216878]
26,16,[19607, 20615, 22659, 22865, 23371, 33553, 38189, 38475, 39032, 41492, 42715, 43016, 44763, 51088, 56639, 59741]
30,89,[17647, 17691, 29418, 37541, 52577, 86630, 87077, 93483, 110320, 111127, 118508, 123343, 137218, 154613, 180396, 182415, 183479, 184207, 186469, 193004, 199631, 200605, 200754, 200852, 201673, 203052, 203171, 206579, 206585, 219944, 220011, 221264, 248773, 258672, 258676, 300040, 301585, 303037, 308013, 309028, 309202, 309234, 309388, 309508, 309535, 319605, 325582, 342673, 342703, 354601, 360449, 360501, 360521, 360543, 387599, 395527, 399712, 401624, 401638, 402489, 402741, 403524, 413126, 453062, 469935, 490536, 490715, 505136, 522532, 543325, 546529, 549679, 550372, 558805, 560813, 562344, 563994, 564020, 564058, 564062, 564748, 581766, 585159, 594080, 594090, 615578, 615640, 632639, 634175]
