9,1,[2519]
15,11,[748, 42622, 42631, 43698, 44883, 45185, 62923, 108308, 131279, 138140, 149736]
18,20,[13799, 16360, 17165, 18607, 18926, 19539, 22428, 27945, 39995, 42124, 57757, 68046, 70754, 83157, 94107, 108509, 121531, 130740, 140688, 141222]
21,3,[4128, 11464, 29235]
22,3,[93688, 94340, 126217]
23,2,[2721, 11753]
24,1,[3059]
27,5,[26236, 47721, 57890, 66935, 91235]
9,1,[2519]
15,11,[748, 42622, 42631, 43698, 44883, 45185, 62923, 108308, 131279, 138140, 149736]
18,20,[13799, 16360, 17165, 18607, 18926, 19539, 22428, 27945, 39995, 42124, 57757, 68046, 70754, 83157, 94107, 108509, 121531, 130740, 140688, 141222]
21,3,[4128, 11464, 29235]
22,3,[93688, 94340, 126217]
23,2,[2721, 11753]
24,1,[3059]
27,5,[26236, 47721, 57890, 66935, 91235]
