11,1,[4650]
14,26,[5082, 6789, 7290, 10831, 18571, 18580, 21524, 21535, 23272, 25393, 27264, 27654, 34092, 59969, 60183, 81327, 89124, 100874, 114389, 126218, 138763, 168870, 175955, 183175, 183841, 198098]
15,38,[4834, 10728, 12152, 18440, 28808, 32834, 41914, 41972, 42943, 43032, 43491, 43580, 48815, 52565, 53247, 54740, 57705, 60835, 60877, 60880, 63166, 73209, 82952, 89535, 97932, 106226, 119005, 122575, 138315, 139421, 142325, 142817, 143008, 147219, 153199, 161041, 162037, 172974]
16,3,[19502, 21286, 26835]
18,39,[2470, 2636, 3181, 5714, 7432, 8203, 12488, 14395, 14458, 14647, 17253, 18095, 20083, 30164, 35103, 38200, 39060, 40680, 42367, 53335, 54954, 58012, 58703, 69227, 87339, 88300, 94353, 99248, 99674, 99726, 101980, 103646, 120985, 141975, 142276, 144066, 144953, 145310, 147604]
19,6,[11637, 15054, 15263, 19572, 19574, 19576]
20,28,[2336, 2339, 4324, 10969, 15160, 15292, 16019, 17769, 18875, 20449, 23251, 23620, 23624, 25208, 25714, 25716, 28892, 29885, 36068, 38977, 40536, 42006, 46042, 51739, 56182, 59873, 62463, 63863]
21,9,[2583, 2885, 3381, 3833, 5010, 11461, 16598, 19465, 33112]
22,7,[2515, 2647, 11082, 13416, 15598, 24896, 71677]
23,6,[234, 7061, 11277, 19716, 20062, 23693]
24,1,[7]
25,28,[5442, 7025, 7499, 11010, 18206, 18215, 21082, 21093, 22723, 24687, 26395, 26772, 32871, 57611, 57808, 71564, 71602, 77647, 85445, 99028, 109593, 120924, 132848, 161921, 168834, 175702, 176338, 200440]
26,28,[2729, 2732, 4829, 11534, 15793, 15927, 16665, 18446, 19583, 21176, 24019, 24389, 24393, 26000, 26514, 26516, 29727, 30731, 36969, 39921, 41475, 42940, 47044, 52818, 57339, 61163, 63801, 65249]
27,6,[10, 3154, 7369, 28481, 92028, 92140]
28,7,[465, 592, 619, 631, 2092, 2200, 11523]
11,1,[4650]
14,26,[5082, 6789, 7290, 10831, 18571, 18580, 21524, 21535, 23272, 25393, 27264, 27654, 34092, 59969, 60183, 81327, 89124, 100874, 114389, 126218, 138763, 168870, 175955, 183175, 183841, 198098]
15,38,[4834, 10728, 12152, 18440, 28808, 32834, 41914, 41972, 42943, 43032, 43491, 43580, 48815, 52565, 53247, 54740, 57705, 60835, 60877, 60880, 63166, 73209, 82952, 89535, 97932, 106226, 119005, 122575, 138315, 139421, 142325, 142817, 143008, 147219, 153199, 161041, 162037, 172974]
16,3,[19502, 21286, 26835]
18,39,[2470, 2636, 3181, 5714, 7432, 8203, 12488, 14395, 14458, 14647, 17253, 18095, 20083, 30164, 35103, 38200, 39060, 40680, 42367, 53335, 54954, 58012, 58703, 69227, 87339, 88300, 94353, 99248, 99674, 99726, 101980, 103646, 120985, 141975, 142276, 144066, 144953, 145310, 147604]
19,6,[11637, 15054, 15263, 19572, 19574, 19576]
20,28,[2336, 2339, 4324, 10969, 15160, 15292, 16019, 17769, 18875, 20449, 23251, 23620, 23624, 25208, 25714, 25716, 28892, 29885, 36068, 38977, 40536, 42006, 46042, 51739, 56182, 59873, 62463, 63863]
21,9,[2583, 2885, 3381, 3833, 5010, 11461, 16598, 19465, 33112]
22,7,[2515, 2647, 11082, 13416, 15598, 24896, 71677]
23,6,[234, 7061, 11277, 19716, 20062, 23693]
24,1,[7]
25,28,[5442, 7025, 7499, 11010, 18206, 18215, 21082, 21093, 22723, 24687, 26395, 26772, 32871, 57611, 57808, 71564, 71602, 77647, 85445, 99028, 109593, 120924, 132848, 161921, 168834, 175702, 176338, 200440]
26,28,[2729, 2732, 4829, 11534, 15793, 15927, 16665, 18446, 19583, 21176, 24019, 24389, 24393, 26000, 26514, 26516, 29727, 30731, 36969, 39921, 41475, 42940, 47044, 52818, 57339, 61163, 63801, 65249]
27,6,[10, 3154, 7369, 28481, 92028, 92140]
28,7,[465, 592, 619, 631, 2092, 2200, 11523]
