14,8,[8459, 37959, 40627, 116543, 133328, 159784, 159793, 187885]
16,2,[1563, 10702]
17,4,[56834, 88244, 198586, 205421]
18,10,[16936, 50962, 68083, 74780, 89047, 101478, 108565, 122880, 133024, 141403]
22,9,[2487, 2499, 2912, 2923, 3202, 18655, 19780, 124450, 124459]
25,9,[8666, 36568, 39070, 111594, 127635, 152885, 152894, 153838, 180145]
26,1,[24642]
14,8,[8459, 37959, 40627, 116543, 133328, 159784, 159793, 187885]
16,2,[1563, 10702]
17,4,[56834, 88244, 198586, 205421]
18,10,[16936, 50962, 68083, 74780, 89047, 101478, 108565, 122880, 133024, 141403]
22,9,[2487, 2499, 2912, 2923, 3202, 18655, 19780, 124450, 124459]
25,9,[8666, 36568, 39070, 111594, 127635, 152885, 152894, 153838, 180145]
26,1,[24642]
