10,1,[307294]
15,2,[16417, 110003]
16,2,[24893, 30183]
18,2,[18117, 38034]
20,3,[6162, 32007, 64434]
22,19,[34675, 35030, 40110, 40193, 40322, 41498, 46051, 75192, 75200, 75651, 82748, 82751, 98780, 99405, 99406, 99495, 123396, 146673, 146676]
25,2,[58776, 58780]
26,2,[32879, 65833]
27,1,[31210]
30,1,[307136]
10,1,[307294]
15,2,[16417, 110003]
16,2,[24893, 30183]
18,2,[18117, 38034]
20,3,[6162, 32007, 64434]
22,19,[34675, 35030, 40110, 40193, 40322, 41498, 46051, 75192, 75200, 75651, 82748, 82751, 98780, 99405, 99406, 99495, 123396, 146673, 146676]
25,2,[58776, 58780]
26,2,[32879, 65833]
27,1,[31210]
30,1,[307136]
