14,2,[97155, 108352]
15,9,[11842, 77338, 80213, 120449, 121190, 135627, 146569, 147553, 170266]
18,8,[11168, 16876, 26779, 31231, 33785, 55072, 115649, 118042]
22,3,[21791, 81941, 95720]
24,1,[13154]
25,2,[93045, 103874]
27,4,[37322, 38320, 88057, 88163]
14,2,[97155, 108352]
15,9,[11842, 77338, 80213, 120449, 121190, 135627, 146569, 147553, 170266]
18,8,[11168, 16876, 26779, 31231, 33785, 55072, 115649, 118042]
22,3,[21791, 81941, 95720]
24,1,[13154]
25,2,[93045, 103874]
27,4,[37322, 38320, 88057, 88163]
