10,19,[121176, 157771, 163662, 171000, 186134, 302588, 310098, 313399, 376642, 376655, 401912, 410068, 427670, 470736, 485353, 485823, 584915, 609520, 623875]
15,5,[7821, 15374, 27062, 145664, 170107]
20,4,[6099, 27581, 55615, 65319]
22,11,[93427, 94660, 117706, 118189, 130831, 141294, 141810, 153810, 154568, 160223, 161958]
26,4,[6618, 28409, 56775, 66732]
28,1,[4391]
30,19,[121065, 157658, 163539, 170877, 186002, 302430, 309940, 313240, 376479, 376492, 401746, 409902, 427503, 470565, 485189, 485659, 584730, 609308, 623621]
10,19,[121176, 157771, 163662, 171000, 186134, 302588, 310098, 313399, 376642, 376655, 401912, 410068, 427670, 470736, 485353, 485823, 584915, 609520, 623875]
15,5,[7821, 15374, 27062, 145664, 170107]
20,4,[6099, 27581, 55615, 65319]
22,11,[93427, 94660, 117706, 118189, 130831, 141294, 141810, 153810, 154568, 160223, 161958]
26,4,[6618, 28409, 56775, 66732]
28,1,[4391]
30,19,[121065, 157658, 163539, 170877, 186002, 302430, 309940, 313240, 376479, 376492, 401746, 409902, 427503, 470565, 485189, 485659, 584730, 609308, 623621]
