9,4,[909, 1424, 1433, 1821]
14,7,[2771, 26058, 68444, 94022, 139569, 178692, 179581]
15,10,[13810, 55174, 56678, 79691, 93486, 103625, 110008, 170734, 170736, 173764]
17,2,[126508, 126514]
18,2,[46322, 57761]
20,5,[11636, 25781, 30554, 35525, 35529]
22,10,[829, 1088, 1427, 46619, 46621, 46652, 46703, 46823, 93108, 93122]
25,5,[3122, 25277, 65285, 171351, 172176]
26,5,[12209, 26581, 31407, 36424, 36428]
27,2,[19975, 40240]
9,4,[909, 1424, 1433, 1821]
14,7,[2771, 26058, 68444, 94022, 139569, 178692, 179581]
15,10,[13810, 55174, 56678, 79691, 93486, 103625, 110008, 170734, 170736, 173764]
17,2,[126508, 126514]
18,2,[46322, 57761]
20,5,[11636, 25781, 30554, 35525, 35529]
22,10,[829, 1088, 1427, 46619, 46621, 46652, 46703, 46823, 93108, 93122]
25,5,[3122, 25277, 65285, 171351, 172176]
26,5,[12209, 26581, 31407, 36424, 36428]
27,2,[19975, 40240]
