10,58,[41021, 41216, 66911, 113401, 121995, 163153, 163240, 192112, 258051, 271252, 281020, 298482, 298759, 299509, 302754, 316094, 317576, 325190, 326031, 326295, 331377, 332264, 333303, 334711, 336317, 336699, 341721, 341829, 346131, 372162, 374129, 376880, 377289, 377700, 377960, 391130, 398191, 399229, 407723, 407729, 411646, 413582, 418894, 423242, 423929, 424218, 424843, 424916, 447984, 465322, 480994, 487182, 490351, 564856, 576711, 606638, 630970, 638750]
14,1,[56585]
18,1,[60923]
20,3,[8444, 33856, 38110]
22,7,[25022, 25026, 25627, 25640, 25646, 72358, 159462]
24,1,[5598]
25,1,[54207]
26,3,[8974, 34732, 39029]
27,2,[3292, 52292]
30,58,[40923, 41118, 66808, 113290, 121884, 163030, 163117, 191980, 257895, 271096, 280865, 298324, 298601, 299351, 302596, 315935, 317417, 325031, 325872, 326136, 331218, 332105, 333144, 334552, 336158, 336540, 341562, 341670, 345972, 371999, 373966, 376717, 377126, 377537, 377797, 390967, 398025, 399063, 407557, 407563, 411480, 413416, 418728, 423076, 423763, 424052, 424677, 424750, 447814, 465151, 480827, 487019, 490191, 564676, 576531, 606431, 630699, 638475]
10,58,[41021, 41216, 66911, 113401, 121995, 163153, 163240, 192112, 258051, 271252, 281020, 298482, 298759, 299509, 302754, 316094, 317576, 325190, 326031, 326295, 331377, 332264, 333303, 334711, 336317, 336699, 341721, 341829, 346131, 372162, 374129, 376880, 377289, 377700, 377960, 391130, 398191, 399229, 407723, 407729, 411646, 413582, 418894, 423242, 423929, 424218, 424843, 424916, 447984, 465322, 480994, 487182, 490351, 564856, 576711, 606638, 630970, 638750]
14,1,[56585]
18,1,[60923]
20,3,[8444, 33856, 38110]
22,7,[25022, 25026, 25627, 25640, 25646, 72358, 159462]
24,1,[5598]
25,1,[54207]
26,3,[8974, 34732, 39029]
27,2,[3292, 52292]
30,58,[40923, 41118, 66808, 113290, 121884, 163030, 163117, 191980, 257895, 271096, 280865, 298324, 298601, 299351, 302596, 315935, 317417, 325031, 325872, 326136, 331218, 332105, 333144, 334552, 336158, 336540, 341562, 341670, 345972, 371999, 373966, 376717, 377126, 377537, 377797, 390967, 398025, 399063, 407557, 407563, 411480, 413416, 418728, 423076, 423763, 424052, 424677, 424750, 447814, 465151, 480827, 487019, 490191, 564676, 576531, 606431, 630699, 638475]
