11,1,[9866]
12,1,[12465]
15,3,[14256, 86442, 92472]
16,3,[11146, 11378, 35842]
19,16,[11856, 12102, 12947, 12961, 13228, 13317, 13433, 14360, 14430, 14435, 14649, 17026, 19100, 21753, 22106, 27632]
21,6,[13775, 17687, 22341, 23856, 31240, 32633]
22,6,[124661, 126665, 126685, 126687, 134712, 154010]
24,9,[11558, 12230, 12242, 21001, 21874, 34152, 35131, 36789, 42829]
27,16,[1405, 2069, 4285, 11924, 17596, 18615, 20731, 22332, 31580, 31595, 44711, 46805, 59953, 63380, 94413, 98754]
11,1,[9866]
12,1,[12465]
15,3,[14256, 86442, 92472]
16,3,[11146, 11378, 35842]
19,16,[11856, 12102, 12947, 12961, 13228, 13317, 13433, 14360, 14430, 14435, 14649, 17026, 19100, 21753, 22106, 27632]
21,6,[13775, 17687, 22341, 23856, 31240, 32633]
22,6,[124661, 126665, 126685, 126687, 134712, 154010]
24,9,[11558, 12230, 12242, 21001, 21874, 34152, 35131, 36789, 42829]
27,16,[1405, 2069, 4285, 11924, 17596, 18615, 20731, 22332, 31580, 31595, 44711, 46805, 59953, 63380, 94413, 98754]
