10,30,[24736, 25007, 119241, 133444, 135007, 185044, 193627, 194059, 196827, 196939, 196969, 280398, 293466, 294755, 295447, 295656, 296306, 296323, 296638, 342579, 429938, 446377, 446407, 506948, 514119, 522255, 542561, 547960, 567674, 571731]
17,2,[170777, 170793]
22,2,[66954, 158235]
23,1,[9696]
30,30,[24642, 24913, 119130, 133332, 134895, 184912, 193495, 193927, 196695, 196807, 196837, 280243, 293309, 294598, 295290, 295499, 296149, 296166, 296481, 342420, 429771, 446207, 446237, 506779, 513950, 522083, 542386, 547785, 567494, 571551]
10,30,[24736, 25007, 119241, 133444, 135007, 185044, 193627, 194059, 196827, 196939, 196969, 280398, 293466, 294755, 295447, 295656, 296306, 296323, 296638, 342579, 429938, 446377, 446407, 506948, 514119, 522255, 542561, 547960, 567674, 571731]
17,2,[170777, 170793]
22,2,[66954, 158235]
23,1,[9696]
30,30,[24642, 24913, 119130, 133332, 134895, 184912, 193495, 193927, 196695, 196807, 196837, 280243, 293309, 294598, 295290, 295499, 296149, 296166, 296481, 342420, 429771, 446207, 446237, 506779, 513950, 522083, 542386, 547785, 567494, 571551]
