10,28,[17479, 128190, 208359, 208363, 260424, 260429, 298648, 341338, 341379, 342662, 342670, 343985, 343992, 344324, 345863, 345940, 349927, 350772, 355322, 355766, 399844, 495915, 559136, 582338, 590839, 625018, 626379, 626811]
11,1,[21090]
12,5,[257, 10572, 14768, 14784, 15502]
13,1,[84]
15,8,[37066, 77424, 94980, 114200, 124898, 132482, 147477, 163108]
16,12,[91, 3200, 6038, 10093, 18229, 21350, 22098, 23203, 23401, 25294, 28368, 33951]
17,9,[5722, 14924, 57559, 130311, 140917, 186734, 198391, 198782, 198784]
18,14,[1065, 3058, 6056, 8569, 15544, 34624, 40417, 56582, 59949, 66922, 69453, 72535, 92592, 148131]
19,11,[12829, 12843, 13687, 13688, 14477, 14769, 15707, 15943, 15957, 16054, 24969]
20,15,[202, 551, 905, 1576, 6289, 7045, 7436, 14851, 15066, 15081, 15086, 17766, 58357, 60129, 61348]
21,3,[11087, 19791, 33448]
22,27,[2184, 3538, 11457, 17818, 21147, 22945, 72297, 82268, 86899, 89812, 100253, 108757, 129398, 129475, 129480, 129484, 129486, 129488, 129493, 131806, 131823, 131827, 134192, 145784, 145792, 158013, 159397]
23,4,[1586, 24804, 26113, 28847]
24,12,[7420, 10090, 12077, 16653, 19348, 24242, 29780, 30031, 30066, 31894, 43125, 44962]
26,58,[566, 917, 1270, 1950, 6807, 7565, 7959, 12500, 13552, 14754, 15470, 15698, 15714, 15719, 16115, 16426, 17233, 17661, 18443, 19038, 19240, 19243, 20199, 20293, 20471, 21555, 23925, 23933, 24375, 24970, 25823, 26698, 26788, 26885, 27340, 28706, 30635, 39051, 39086, 40945, 41233, 42341, 43017, 43091, 45211, 45283, 45336, 49284, 50314, 53701, 55237, 56189, 59333, 59548, 61421, 62651, 67325, 67558]
27,18,[8406, 12055, 15924, 15930, 16772, 17320, 23583, 29420, 29791, 39491, 39496, 42809, 58143, 65048, 96224, 98134, 102323, 108153]
28,3,[688, 3539, 3903]
30,28,[17385, 128079, 208217, 208221, 260268, 260273, 298490, 341179, 341220, 342503, 342511, 343826, 343833, 344165, 345704, 345781, 349768, 350613, 355163, 355607, 399678, 495756, 558958, 582158, 590654, 624764, 626122, 626554]
10,28,[17479, 128190, 208359, 208363, 260424, 260429, 298648, 341338, 341379, 342662, 342670, 343985, 343992, 344324, 345863, 345940, 349927, 350772, 355322, 355766, 399844, 495915, 559136, 582338, 590839, 625018, 626379, 626811]
11,1,[21090]
12,5,[257, 10572, 14768, 14784, 15502]
13,1,[84]
15,8,[37066, 77424, 94980, 114200, 124898, 132482, 147477, 163108]
16,12,[91, 3200, 6038, 10093, 18229, 21350, 22098, 23203, 23401, 25294, 28368, 33951]
17,9,[5722, 14924, 57559, 130311, 140917, 186734, 198391, 198782, 198784]
18,14,[1065, 3058, 6056, 8569, 15544, 34624, 40417, 56582, 59949, 66922, 69453, 72535, 92592, 148131]
19,11,[12829, 12843, 13687, 13688, 14477, 14769, 15707, 15943, 15957, 16054, 24969]
20,15,[202, 551, 905, 1576, 6289, 7045, 7436, 14851, 15066, 15081, 15086, 17766, 58357, 60129, 61348]
21,3,[11087, 19791, 33448]
22,27,[2184, 3538, 11457, 17818, 21147, 22945, 72297, 82268, 86899, 89812, 100253, 108757, 129398, 129475, 129480, 129484, 129486, 129488, 129493, 131806, 131823, 131827, 134192, 145784, 145792, 158013, 159397]
23,4,[1586, 24804, 26113, 28847]
24,12,[7420, 10090, 12077, 16653, 19348, 24242, 29780, 30031, 30066, 31894, 43125, 44962]
26,58,[566, 917, 1270, 1950, 6807, 7565, 7959, 12500, 13552, 14754, 15470, 15698, 15714, 15719, 16115, 16426, 17233, 17661, 18443, 19038, 19240, 19243, 20199, 20293, 20471, 21555, 23925, 23933, 24375, 24970, 25823, 26698, 26788, 26885, 27340, 28706, 30635, 39051, 39086, 40945, 41233, 42341, 43017, 43091, 45211, 45283, 45336, 49284, 50314, 53701, 55237, 56189, 59333, 59548, 61421, 62651, 67325, 67558]
27,18,[8406, 12055, 15924, 15930, 16772, 17320, 23583, 29420, 29791, 39491, 39496, 42809, 58143, 65048, 96224, 98134, 102323, 108153]
28,3,[688, 3539, 3903]
30,28,[17385, 128079, 208217, 208221, 260268, 260273, 298490, 341179, 341220, 342503, 342511, 343826, 343833, 344165, 345704, 345781, 349768, 350613, 355163, 355607, 399678, 495756, 558958, 582158, 590654, 624764, 626122, 626554]
