14,4,[6374, 71568, 72702, 77753]
15,16,[19531, 19822, 20381, 23156, 38687, 43656, 57205, 64066, 75374, 80679, 84053, 112162, 112298, 112447, 112619, 149396]
21,3,[16257, 23067, 29815]
22,15,[25916, 39604, 45220, 58869, 66146, 89385, 98742, 98743, 127481, 136798, 145964, 148205, 148209, 149571, 149573]
25,3,[68245, 69255, 74127]
14,4,[6374, 71568, 72702, 77753]
15,16,[19531, 19822, 20381, 23156, 38687, 43656, 57205, 64066, 75374, 80679, 84053, 112162, 112298, 112447, 112619, 149396]
21,3,[16257, 23067, 29815]
22,15,[25916, 39604, 45220, 58869, 66146, 89385, 98742, 98743, 127481, 136798, 145964, 148205, 148209, 149571, 149573]
25,3,[68245, 69255, 74127]
