10,2,[64820, 114837]
11,31,[10054, 10275, 10287, 10409, 10496, 10582, 10610, 10632, 10734, 10747, 10794, 10925, 10931, 10955, 11137, 11266, 11330, 11514, 11575, 11695, 11798, 11885, 11900, 11925, 12050, 18446, 18467, 18843, 18848, 18861, 20836]
15,2,[102182, 102895]
21,38,[86, 788, 820, 915, 1272, 2074, 6129, 6138, 6162, 6294, 6298, 6323, 6375, 14553, 19494, 19498, 19517, 19521, 19544, 19548, 20074, 20080, 21373, 21377, 21406, 28145, 28146, 28188, 32427, 33462, 33479, 33491, 33538, 34793, 35108, 35113, 35311, 35722]
22,6,[37213, 60252, 69946, 87279, 143782, 144151]
24,2,[38666, 38678]
28,11,[353, 363, 10087, 10092, 10131, 10158, 10186, 10296, 10300, 10458, 10498]
30,2,[64717, 114726]
10,2,[64820, 114837]
11,31,[10054, 10275, 10287, 10409, 10496, 10582, 10610, 10632, 10734, 10747, 10794, 10925, 10931, 10955, 11137, 11266, 11330, 11514, 11575, 11695, 11798, 11885, 11900, 11925, 12050, 18446, 18467, 18843, 18848, 18861, 20836]
15,2,[102182, 102895]
21,38,[86, 788, 820, 915, 1272, 2074, 6129, 6138, 6162, 6294, 6298, 6323, 6375, 14553, 19494, 19498, 19517, 19521, 19544, 19548, 20074, 20080, 21373, 21377, 21406, 28145, 28146, 28188, 32427, 33462, 33479, 33491, 33538, 34793, 35108, 35113, 35311, 35722]
22,6,[37213, 60252, 69946, 87279, 143782, 144151]
24,2,[38666, 38678]
28,11,[353, 363, 10087, 10092, 10131, 10158, 10186, 10296, 10300, 10458, 10498]
30,2,[64717, 114726]
