14,5,[85696, 85721, 118069, 152507, 190121]
15,1,[68958]
17,1,[176017]
18,4,[24968, 109061, 124735, 143754]
20,2,[10434, 48347]
22,15,[23369, 49724, 52142, 52927, 52935, 53054, 53125, 53659, 82310, 82475, 115707, 130840, 145718, 148319, 149157]
23,1,[10514]
25,5,[82095, 82116, 112982, 146145, 182398]
26,2,[10988, 49362]
27,3,[45989, 67654, 107864]
14,5,[85696, 85721, 118069, 152507, 190121]
15,1,[68958]
17,1,[176017]
18,4,[24968, 109061, 124735, 143754]
20,2,[10434, 48347]
22,15,[23369, 49724, 52142, 52927, 52935, 53054, 53125, 53659, 82310, 82475, 115707, 130840, 145718, 148319, 149157]
23,1,[10514]
25,5,[82095, 82116, 112982, 146145, 182398]
26,2,[10988, 49362]
27,3,[45989, 67654, 107864]
