10,9,[113695, 113899, 114772, 115889, 320092, 361464, 361612, 363095, 377928]
20,1,[57636]
21,9,[969, 19512, 19538, 22548, 22552, 22579, 22599, 22608, 35133]
22,2,[48228, 48879]
26,2,[58806, 67621]
28,10,[147, 172, 5383, 5388, 5441, 5485, 5898, 5901, 5936, 5999]
30,9,[113584, 113788, 114661, 115778, 319933, 361304, 361452, 362935, 377765]
10,9,[113695, 113899, 114772, 115889, 320092, 361464, 361612, 363095, 377928]
20,1,[57636]
21,9,[969, 19512, 19538, 22548, 22552, 22579, 22599, 22608, 35133]
22,2,[48228, 48879]
26,2,[58806, 67621]
28,10,[147, 172, 5383, 5388, 5441, 5485, 5898, 5901, 5936, 5999]
30,9,[113584, 113788, 114661, 115778, 319933, 361304, 361452, 362935, 377765]
