10,3,[177369, 182100, 446070]
13,1,[114]
15,1,[140896]
19,2,[6765, 23234]
20,5,[11673, 17361, 36161, 58150, 61690]
22,8,[10616, 25281, 25697, 70286, 70303, 130646, 137614, 148241]
26,5,[12246, 18028, 37063, 59338, 62993]
30,3,[177246, 181977, 445900]
10,3,[177369, 182100, 446070]
13,1,[114]
15,1,[140896]
19,2,[6765, 23234]
20,5,[11673, 17361, 36161, 58150, 61690]
22,8,[10616, 25281, 25697, 70286, 70303, 130646, 137614, 148241]
26,5,[12246, 18028, 37063, 59338, 62993]
30,3,[177246, 181977, 445900]
