10,5,[30934, 30940, 336621, 583159, 583181]
11,8,[6914, 7964, 8036, 10184, 11126, 16245, 19357, 19869]
12,10,[2378, 5546, 10403, 10741, 12622, 13221, 13534, 14638, 18093, 21012]
14,1,[117789]
15,7,[28008, 33679, 72547, 75941, 79922, 129862, 157288]
16,1,[10305]
22,3,[35251, 39605, 98741]
23,1,[23689]
24,11,[7779, 17597, 21182, 21685, 24197, 28587, 35507, 42742, 43900, 44548, 44963]
25,1,[112727]
27,12,[7992, 25174, 28531, 47475, 72466, 76810, 83059, 96240, 99353, 105553, 107349, 107529]
28,1,[7614]
30,5,[30840, 30846, 336462, 582979, 583001]
10,5,[30934, 30940, 336621, 583159, 583181]
11,8,[6914, 7964, 8036, 10184, 11126, 16245, 19357, 19869]
12,10,[2378, 5546, 10403, 10741, 12622, 13221, 13534, 14638, 18093, 21012]
14,1,[117789]
15,7,[28008, 33679, 72547, 75941, 79922, 129862, 157288]
16,1,[10305]
22,3,[35251, 39605, 98741]
23,1,[23689]
24,11,[7779, 17597, 21182, 21685, 24197, 28587, 35507, 42742, 43900, 44548, 44963]
25,1,[112727]
27,12,[7992, 25174, 28531, 47475, 72466, 76810, 83059, 96240, 99353, 105553, 107349, 107529]
28,1,[7614]
30,5,[30840, 30846, 336462, 582979, 583001]
