10,3,[355072, 369853, 592843]
12,6,[14798, 14996, 15006, 15026, 15084, 15998]
15,5,[12841, 42477, 141737, 164032, 164049]
21,5,[8115, 8133, 9848, 12008, 23495]
22,8,[17792, 63657, 86734, 95961, 97901, 104764, 125160, 148109]
23,2,[7112, 7124]
24,7,[4208, 7165, 9965, 14485, 18135, 39211, 42137]
27,17,[223, 3246, 11580, 11621, 11663, 11821, 12159, 12355, 28450, 28613, 29514, 32102, 34690, 45630, 45738, 47099, 48288]
28,3,[5915, 5976, 5988]
30,3,[354913, 369690, 592652]
10,3,[355072, 369853, 592843]
12,6,[14798, 14996, 15006, 15026, 15084, 15998]
15,5,[12841, 42477, 141737, 164032, 164049]
21,5,[8115, 8133, 9848, 12008, 23495]
22,8,[17792, 63657, 86734, 95961, 97901, 104764, 125160, 148109]
23,2,[7112, 7124]
24,7,[4208, 7165, 9965, 14485, 18135, 39211, 42137]
27,17,[223, 3246, 11580, 11621, 11663, 11821, 12159, 12355, 28450, 28613, 29514, 32102, 34690, 45630, 45738, 47099, 48288]
28,3,[5915, 5976, 5988]
30,3,[354913, 369690, 592652]
