10,113,[8791, 40560, 51836, 77025, 77158, 118178, 127408, 129235, 132064, 135981, 143154, 150263, 155692, 157668, 164955, 164962, 165487, 165502, 167746, 191616, 191760, 206729, 207227, 254559, 258352, 258834, 261707, 266382, 297060, 312084, 316436, 317586, 318341, 327386, 329868, 332052, 341170, 350239, 350975, 352394, 356463, 383040, 411871, 413118, 419447, 422653, 436202, 449563, 470909, 473593, 491737, 492199, 500597, 507536, 507682, 516428, 516463, 516987, 517726, 528342, 528929, 529140, 529935, 530540, 532371, 534876, 542216, 545773, 545976, 546106, 548901, 564930, 568981, 574367, 574767, 574787, 584879, 585299, 586458, 588055, 591688, 593080, 599475, 599812, 600194, 601078, 604905, 606879, 608222, 609643, 610430, 610997, 611031, 611260, 611711, 612221, 613423, 613499, 618704, 618804, 619000, 620463, 621355, 621424, 624490, 624683, 624927, 624975, 626394, 627504, 629514, 632401, 638678]
11,8,[11338, 12665, 12701, 12720, 12800, 17850, 18333, 18343]
13,1,[78]
15,29,[880, 911, 3283, 13577, 18862, 20328, 51686, 52729, 53189, 53323, 54141, 65753, 67309, 67400, 69094, 73532, 77425, 90680, 95140, 113302, 134220, 147844, 156308, 157433, 166311, 166332, 167751, 169739, 170023]
16,2,[23662, 26013]
17,280,[2076, 4994, 5018, 5395, 7919, 8924, 9879, 10739, 10933, 10983, 11800, 11820, 11954, 11968, 13577, 14141, 14787, 14800, 15217, 15524, 15579, 15690, 15799, 16937, 16960, 17806, 17825, 17868, 19728, 20155, 20295, 20623, 21432, 25666, 26351, 28859, 29529, 30102, 30305, 30633, 37253, 37349, 37536, 38054, 40323, 40935, 41091, 41253, 42842, 43629, 43646, 43859, 43985, 43997, 44919, 45212, 45484, 45580, 45678, 46095, 46115, 46133, 46505, 46766, 50637, 50681, 50691, 50967, 50976, 52848, 53271, 56356, 57807, 58103, 58632, 59393, 59573, 59589, 59890, 60061, 60221, 60235, 63853, 64275, 64737, 65103, 65180, 65945, 65979, 66375, 66442, 66946, 69602, 69662, 70000, 70940, 72482, 73159, 74365, 74388, 75054, 75062, 76257, 77445, 81556, 81844, 82230, 84392, 85129, 85336, 85387, 86723, 86735, 87186, 87639, 87647, 88786, 88839, 90616, 91681, 91821, 93456, 93520, 93528, 94332, 94400, 94467, 94665, 94713, 95372, 95553, 96111, 97441, 98181, 98833, 98933, 99475, 102552, 103780, 103897, 104119, 105375, 106525, 106529, 106968, 107036, 107077, 107670, 109287, 109372, 110183, 110310, 111314, 112412, 113119, 113383, 113793, 114034, 114612, 114714, 114784, 114804, 114852, 114906, 116671, 117109, 117160, 117247, 117400, 117962, 118101, 118122, 118320, 119070, 120378, 122294, 122567, 122598, 123814, 126925, 128842, 129131, 131301, 131636, 131662, 131722, 132225, 134577, 135411, 135582, 146885, 152441, 152644, 152725, 152733, 152759, 153205, 154614, 155280, 156069, 156216, 156499, 156624, 156637, 156796, 157479, 157522, 157594, 157816, 160103, 160536, 160586, 162046, 162118, 162150, 162248, 163025, 163054, 163207, 163466, 163475, 163551, 163595, 163805, 166429, 166657, 166692, 166735, 167553, 167968, 167988, 168003, 168013, 168069, 170944, 171173, 172250, 173277, 173358, 176060, 176756, 176770, 180258, 181061, 183296, 183304, 183416, 184163, 184880, 185335, 188728, 189860, 190748, 191193, 191293, 191363, 191702, 192407, 192413, 192978, 193622, 193943, 194435, 197836, 197850, 198075, 198090, 198123, 205890, 205932, 206154, 206255, 208663, 212767, 212778, 214916, 216394, 216633, 216963, 217215]
18,5,[1973, 2822, 21697, 102815, 103503]
19,7,[788, 1302, 7459, 7649, 8222, 12435, 23654]
20,9,[12696, 25568, 26058, 41022, 56360, 56438, 56476, 65189, 65965]
22,4,[12486, 70600, 127272, 133525]
23,5,[908, 3121, 3202, 21681, 21936]
24,6,[618, 2272, 11658, 36136, 39579, 45037]
26,7,[13283, 26363, 26854, 57516, 57595, 57626, 66601]
27,2,[1749, 6770]
28,1,[8273]
30,113,[8697, 40462, 51738, 76922, 77055, 118067, 127297, 129123, 131952, 135869, 143042, 150150, 155579, 157555, 164832, 164839, 165364, 165379, 167623, 191484, 191628, 206587, 207085, 254406, 258196, 258678, 261551, 266226, 296902, 311925, 316277, 317427, 318182, 327227, 329709, 331893, 341011, 350080, 350816, 352235, 356304, 382877, 411705, 412952, 419281, 422487, 436032, 449393, 470738, 473423, 491577, 492039, 500428, 507367, 507513, 516256, 516291, 516815, 517554, 528167, 528754, 528965, 529760, 530365, 532196, 534701, 542041, 545598, 545801, 545931, 548726, 564750, 568801, 574187, 574587, 574607, 584694, 585114, 586273, 587870, 591503, 592889, 599278, 599615, 599997, 600881, 604703, 606672, 608015, 609431, 610213, 610780, 610814, 611043, 611488, 611998, 613194, 613270, 618452, 618552, 618748, 620211, 621103, 621172, 624236, 624429, 624673, 624721, 626137, 627244, 629251, 632126, 638403]
10,113,[8791, 40560, 51836, 77025, 77158, 118178, 127408, 129235, 132064, 135981, 143154, 150263, 155692, 157668, 164955, 164962, 165487, 165502, 167746, 191616, 191760, 206729, 207227, 254559, 258352, 258834, 261707, 266382, 297060, 312084, 316436, 317586, 318341, 327386, 329868, 332052, 341170, 350239, 350975, 352394, 356463, 383040, 411871, 413118, 419447, 422653, 436202, 449563, 470909, 473593, 491737, 492199, 500597, 507536, 507682, 516428, 516463, 516987, 517726, 528342, 528929, 529140, 529935, 530540, 532371, 534876, 542216, 545773, 545976, 546106, 548901, 564930, 568981, 574367, 574767, 574787, 584879, 585299, 586458, 588055, 591688, 593080, 599475, 599812, 600194, 601078, 604905, 606879, 608222, 609643, 610430, 610997, 611031, 611260, 611711, 612221, 613423, 613499, 618704, 618804, 619000, 620463, 621355, 621424, 624490, 624683, 624927, 624975, 626394, 627504, 629514, 632401, 638678]
11,8,[11338, 12665, 12701, 12720, 12800, 17850, 18333, 18343]
13,1,[78]
15,29,[880, 911, 3283, 13577, 18862, 20328, 51686, 52729, 53189, 53323, 54141, 65753, 67309, 67400, 69094, 73532, 77425, 90680, 95140, 113302, 134220, 147844, 156308, 157433, 166311, 166332, 167751, 169739, 170023]
16,2,[23662, 26013]
17,280,[2076, 4994, 5018, 5395, 7919, 8924, 9879, 10739, 10933, 10983, 11800, 11820, 11954, 11968, 13577, 14141, 14787, 14800, 15217, 15524, 15579, 15690, 15799, 16937, 16960, 17806, 17825, 17868, 19728, 20155, 20295, 20623, 21432, 25666, 26351, 28859, 29529, 30102, 30305, 30633, 37253, 37349, 37536, 38054, 40323, 40935, 41091, 41253, 42842, 43629, 43646, 43859, 43985, 43997, 44919, 45212, 45484, 45580, 45678, 46095, 46115, 46133, 46505, 46766, 50637, 50681, 50691, 50967, 50976, 52848, 53271, 56356, 57807, 58103, 58632, 59393, 59573, 59589, 59890, 60061, 60221, 60235, 63853, 64275, 64737, 65103, 65180, 65945, 65979, 66375, 66442, 66946, 69602, 69662, 70000, 70940, 72482, 73159, 74365, 74388, 75054, 75062, 76257, 77445, 81556, 81844, 82230, 84392, 85129, 85336, 85387, 86723, 86735, 87186, 87639, 87647, 88786, 88839, 90616, 91681, 91821, 93456, 93520, 93528, 94332, 94400, 94467, 94665, 94713, 95372, 95553, 96111, 97441, 98181, 98833, 98933, 99475, 102552, 103780, 103897, 104119, 105375, 106525, 106529, 106968, 107036, 107077, 107670, 109287, 109372, 110183, 110310, 111314, 112412, 113119, 113383, 113793, 114034, 114612, 114714, 114784, 114804, 114852, 114906, 116671, 117109, 117160, 117247, 117400, 117962, 118101, 118122, 118320, 119070, 120378, 122294, 122567, 122598, 123814, 126925, 128842, 129131, 131301, 131636, 131662, 131722, 132225, 134577, 135411, 135582, 146885, 152441, 152644, 152725, 152733, 152759, 153205, 154614, 155280, 156069, 156216, 156499, 156624, 156637, 156796, 157479, 157522, 157594, 157816, 160103, 160536, 160586, 162046, 162118, 162150, 162248, 163025, 163054, 163207, 163466, 163475, 163551, 163595, 163805, 166429, 166657, 166692, 166735, 167553, 167968, 167988, 168003, 168013, 168069, 170944, 171173, 172250, 173277, 173358, 176060, 176756, 176770, 180258, 181061, 183296, 183304, 183416, 184163, 184880, 185335, 188728, 189860, 190748, 191193, 191293, 191363, 191702, 192407, 192413, 192978, 193622, 193943, 194435, 197836, 197850, 198075, 198090, 198123, 205890, 205932, 206154, 206255, 208663, 212767, 212778, 214916, 216394, 216633, 216963, 217215]
18,5,[1973, 2822, 21697, 102815, 103503]
19,7,[788, 1302, 7459, 7649, 8222, 12435, 23654]
20,9,[12696, 25568, 26058, 41022, 56360, 56438, 56476, 65189, 65965]
22,4,[12486, 70600, 127272, 133525]
23,5,[908, 3121, 3202, 21681, 21936]
24,6,[618, 2272, 11658, 36136, 39579, 45037]
26,7,[13283, 26363, 26854, 57516, 57595, 57626, 66601]
27,2,[1749, 6770]
28,1,[8273]
30,113,[8697, 40462, 51738, 76922, 77055, 118067, 127297, 129123, 131952, 135869, 143042, 150150, 155579, 157555, 164832, 164839, 165364, 165379, 167623, 191484, 191628, 206587, 207085, 254406, 258196, 258678, 261551, 266226, 296902, 311925, 316277, 317427, 318182, 327227, 329709, 331893, 341011, 350080, 350816, 352235, 356304, 382877, 411705, 412952, 419281, 422487, 436032, 449393, 470738, 473423, 491577, 492039, 500428, 507367, 507513, 516256, 516291, 516815, 517554, 528167, 528754, 528965, 529760, 530365, 532196, 534701, 542041, 545598, 545801, 545931, 548726, 564750, 568801, 574187, 574587, 574607, 584694, 585114, 586273, 587870, 591503, 592889, 599278, 599615, 599997, 600881, 604703, 606672, 608015, 609431, 610213, 610780, 610814, 611043, 611488, 611998, 613194, 613270, 618452, 618552, 618748, 620211, 621103, 621172, 624236, 624429, 624673, 624721, 626137, 627244, 629251, 632126, 638403]
