10,39,[125954, 194122, 222126, 307418, 310817, 352124, 355246, 356904, 368071, 371588, 377196, 434228, 434737, 480423, 503611, 503626, 503652, 517659, 519037, 530146, 534843, 543773, 567145, 569473, 570248, 577026, 582155, 582200, 584353, 584379, 589138, 589140, 596759, 596763, 604377, 604415, 617661, 619350, 627696]
11,4,[5807, 7092, 8637, 10690]
12,1,[8647]
15,13,[5588, 15910, 29101, 54812, 67987, 78932, 79410, 102208, 124903, 144394, 146246, 157785, 172512]
17,2,[35119, 199030]
19,3,[2883, 2888, 24878]
20,1,[34806]
21,12,[7641, 9978, 11046, 12238, 18105, 22452, 22925, 23920, 24702, 28416, 30707, 31301]
22,22,[24229, 27490, 27654, 54255, 54256, 54292, 54299, 54306, 54309, 54311, 54312, 54321, 54420, 54425, 54453, 54487, 54515, 54544, 54546, 54563, 157653, 157733]
23,9,[3649, 5713, 6325, 6422, 6440, 12265, 12306, 12425, 17981]
24,4,[15580, 27385, 33151, 37936]
26,1,[35695]
27,10,[4212, 12071, 34332, 46314, 57621, 58363, 63795, 70263, 75951, 103764]
30,39,[125843, 193990, 221976, 307260, 310659, 351965, 355087, 356744, 367908, 371425, 377033, 434058, 434567, 480255, 503442, 503457, 503483, 517487, 518865, 529971, 534668, 543598, 566965, 569293, 570068, 576846, 581975, 582020, 584173, 584199, 588953, 588955, 596568, 596572, 604175, 604213, 617414, 619098, 627436]
10,39,[125954, 194122, 222126, 307418, 310817, 352124, 355246, 356904, 368071, 371588, 377196, 434228, 434737, 480423, 503611, 503626, 503652, 517659, 519037, 530146, 534843, 543773, 567145, 569473, 570248, 577026, 582155, 582200, 584353, 584379, 589138, 589140, 596759, 596763, 604377, 604415, 617661, 619350, 627696]
11,4,[5807, 7092, 8637, 10690]
12,1,[8647]
15,13,[5588, 15910, 29101, 54812, 67987, 78932, 79410, 102208, 124903, 144394, 146246, 157785, 172512]
17,2,[35119, 199030]
19,3,[2883, 2888, 24878]
20,1,[34806]
21,12,[7641, 9978, 11046, 12238, 18105, 22452, 22925, 23920, 24702, 28416, 30707, 31301]
22,22,[24229, 27490, 27654, 54255, 54256, 54292, 54299, 54306, 54309, 54311, 54312, 54321, 54420, 54425, 54453, 54487, 54515, 54544, 54546, 54563, 157653, 157733]
23,9,[3649, 5713, 6325, 6422, 6440, 12265, 12306, 12425, 17981]
24,4,[15580, 27385, 33151, 37936]
26,1,[35695]
27,10,[4212, 12071, 34332, 46314, 57621, 58363, 63795, 70263, 75951, 103764]
30,39,[125843, 193990, 221976, 307260, 310659, 351965, 355087, 356744, 367908, 371425, 377033, 434058, 434567, 480255, 503442, 503457, 503483, 517487, 518865, 529971, 534668, 543598, 566965, 569293, 570068, 576846, 581975, 582020, 584173, 584199, 588953, 588955, 596568, 596572, 604175, 604213, 617414, 619098, 627436]
