10,40,[42678, 43198, 87147, 164326, 164577, 164785, 191281, 209976, 210145, 210172, 210241, 211831, 217532, 217616, 261061, 261217, 261241, 261309, 286182, 307410, 317259, 319208, 319213, 354321, 354784, 356462, 365706, 373131, 376132, 383916, 388891, 389176, 428744, 502441, 510427, 513317, 513426, 526191, 526303, 536442]
11,2,[15601, 21002]
12,6,[8250, 14414, 19217, 19561, 21121, 21158]
14,15,[7217, 41037, 48870, 52347, 82277, 89367, 96683, 96701, 101850, 116523, 134621, 135178, 177249, 185805, 188386]
15,37,[9296, 9925, 14783, 20394, 23709, 26419, 28578, 32499, 34173, 39923, 50379, 51858, 52427, 60892, 66211, 74828, 75323, 77171, 78449, 78792, 80754, 89199, 90235, 105423, 106501, 110750, 110851, 124339, 129092, 131178, 135969, 138859, 145073, 147285, 147290, 148422, 173312]
16,5,[11754, 11768, 12382, 18678, 22052]
17,6,[32746, 72153, 126466, 162939, 165300, 207309]
18,1,[108897]
19,13,[1898, 1934, 2741, 5419, 11076, 11199, 18999, 19032, 19043, 21724, 23791, 24550, 26793]
20,1,[10561]
21,10,[8149, 9797, 12026, 12063, 12815, 15672, 22123, 25044, 25772, 32923]
22,47,[4190, 4546, 4569, 7836, 23449, 30010, 40973, 42810, 43437, 43452, 45560, 50110, 63323, 69228, 85118, 86081, 92724, 94564, 98659, 101926, 101932, 102217, 102274, 102275, 102682, 105321, 107250, 111645, 111647, 111963, 115633, 115636, 115769, 124706, 126371, 126460, 129690, 129698, 129885, 130369, 132176, 132186, 132245, 133959, 134394, 135894, 156294]
23,13,[1545, 4483, 4972, 5740, 11139, 15503, 15629, 18133, 19170, 24597, 24630, 24675, 29887]
24,21,[71, 386, 661, 1365, 3933, 3988, 4316, 11284, 11383, 13616, 18575, 20991, 22023, 31464, 33046, 35860, 37984, 40592, 40896, 40901, 42106]
25,17,[7437, 39448, 46966, 50210, 62408, 78583, 85666, 92591, 92610, 96034, 97695, 111575, 128853, 129478, 170050, 178200, 180656]
26,5,[11120, 32677, 55357, 64102, 66863]
27,34,[20035, 24307, 27390, 28338, 31015, 35494, 38644, 47509, 51156, 56651, 58325, 63301, 64446, 64927, 69808, 70718, 71893, 76019, 76083, 78423, 80071, 81712, 83003, 84285, 85433, 85501, 86462, 86479, 91531, 97020, 99779, 101539, 104955, 108267]
28,4,[5529, 8696, 9142, 11367]
30,40,[42580, 43100, 87040, 164203, 164454, 164662, 191149, 209834, 210003, 210030, 210099, 211689, 217392, 217476, 260905, 261061, 261085, 261153, 286026, 307252, 317100, 319049, 319054, 354162, 354625, 356303, 365543, 372968, 375969, 383753, 388728, 389013, 428577, 502272, 510258, 513148, 513257, 526019, 526131, 536267]
10,40,[42678, 43198, 87147, 164326, 164577, 164785, 191281, 209976, 210145, 210172, 210241, 211831, 217532, 217616, 261061, 261217, 261241, 261309, 286182, 307410, 317259, 319208, 319213, 354321, 354784, 356462, 365706, 373131, 376132, 383916, 388891, 389176, 428744, 502441, 510427, 513317, 513426, 526191, 526303, 536442]
11,2,[15601, 21002]
12,6,[8250, 14414, 19217, 19561, 21121, 21158]
14,15,[7217, 41037, 48870, 52347, 82277, 89367, 96683, 96701, 101850, 116523, 134621, 135178, 177249, 185805, 188386]
15,37,[9296, 9925, 14783, 20394, 23709, 26419, 28578, 32499, 34173, 39923, 50379, 51858, 52427, 60892, 66211, 74828, 75323, 77171, 78449, 78792, 80754, 89199, 90235, 105423, 106501, 110750, 110851, 124339, 129092, 131178, 135969, 138859, 145073, 147285, 147290, 148422, 173312]
16,5,[11754, 11768, 12382, 18678, 22052]
17,6,[32746, 72153, 126466, 162939, 165300, 207309]
18,1,[108897]
19,13,[1898, 1934, 2741, 5419, 11076, 11199, 18999, 19032, 19043, 21724, 23791, 24550, 26793]
20,1,[10561]
21,10,[8149, 9797, 12026, 12063, 12815, 15672, 22123, 25044, 25772, 32923]
22,47,[4190, 4546, 4569, 7836, 23449, 30010, 40973, 42810, 43437, 43452, 45560, 50110, 63323, 69228, 85118, 86081, 92724, 94564, 98659, 101926, 101932, 102217, 102274, 102275, 102682, 105321, 107250, 111645, 111647, 111963, 115633, 115636, 115769, 124706, 126371, 126460, 129690, 129698, 129885, 130369, 132176, 132186, 132245, 133959, 134394, 135894, 156294]
23,13,[1545, 4483, 4972, 5740, 11139, 15503, 15629, 18133, 19170, 24597, 24630, 24675, 29887]
24,21,[71, 386, 661, 1365, 3933, 3988, 4316, 11284, 11383, 13616, 18575, 20991, 22023, 31464, 33046, 35860, 37984, 40592, 40896, 40901, 42106]
25,17,[7437, 39448, 46966, 50210, 62408, 78583, 85666, 92591, 92610, 96034, 97695, 111575, 128853, 129478, 170050, 178200, 180656]
26,5,[11120, 32677, 55357, 64102, 66863]
27,34,[20035, 24307, 27390, 28338, 31015, 35494, 38644, 47509, 51156, 56651, 58325, 63301, 64446, 64927, 69808, 70718, 71893, 76019, 76083, 78423, 80071, 81712, 83003, 84285, 85433, 85501, 86462, 86479, 91531, 97020, 99779, 101539, 104955, 108267]
28,4,[5529, 8696, 9142, 11367]
30,40,[42580, 43100, 87040, 164203, 164454, 164662, 191149, 209834, 210003, 210030, 210099, 211689, 217392, 217476, 260905, 261061, 261085, 261153, 286026, 307252, 317100, 319049, 319054, 354162, 354625, 356303, 365543, 372968, 375969, 383753, 388728, 389013, 428577, 502272, 510258, 513148, 513257, 526019, 526131, 536267]
