10,6,[1897, 14253, 302670, 320041, 475148, 559160]
15,8,[39887, 39984, 131206, 135913, 143213, 151787, 156328, 164465]
16,3,[16189, 22357, 28617]
20,6,[50738, 52682, 64514, 64526, 64827, 66073]
21,1,[11530]
22,13,[7873, 29503, 37422, 38361, 38958, 42303, 42315, 90204, 98383, 115563, 115682, 145612, 158536]
23,1,[13557]
26,7,[25287, 51789, 53780, 65913, 65926, 66229, 67490]
27,2,[32206, 64791]
30,6,[1804, 14159, 302512, 319882, 474978, 558982]
10,6,[1897, 14253, 302670, 320041, 475148, 559160]
15,8,[39887, 39984, 131206, 135913, 143213, 151787, 156328, 164465]
16,3,[16189, 22357, 28617]
20,6,[50738, 52682, 64514, 64526, 64827, 66073]
21,1,[11530]
22,13,[7873, 29503, 37422, 38361, 38958, 42303, 42315, 90204, 98383, 115563, 115682, 145612, 158536]
23,1,[13557]
26,7,[25287, 51789, 53780, 65913, 65926, 66229, 67490]
27,2,[32206, 64791]
30,6,[1804, 14159, 302512, 319882, 474978, 558982]
