10,2,[344679, 369319]
14,10,[63405, 86825, 86901, 86999, 87025, 168686, 168798, 168815, 187689, 199478]
15,1,[84469]
17,2,[33074, 36408]
21,1,[20329]
22,3,[28577, 29050, 41757]
25,10,[60921, 83151, 83220, 83312, 83336, 161752, 161858, 161874, 179957, 201822]
27,1,[2207]
30,2,[344520, 369156]
10,2,[344679, 369319]
14,10,[63405, 86825, 86901, 86999, 87025, 168686, 168798, 168815, 187689, 199478]
15,1,[84469]
17,2,[33074, 36408]
21,1,[20329]
22,3,[28577, 29050, 41757]
25,10,[60921, 83151, 83220, 83312, 83336, 161752, 161858, 161874, 179957, 201822]
27,1,[2207]
30,2,[344520, 369156]
