10,8,[172242, 173033, 389518, 443939, 446381, 453973, 608121, 612669]
12,10,[9405, 9407, 16792, 16820, 17044, 18120, 18136, 18200, 18240, 18359]
15,3,[35461, 52485, 162989]
22,2,[30973, 109583]
30,8,[172119, 172910, 389355, 443769, 446211, 453803, 607914, 612446]
10,8,[172242, 173033, 389518, 443939, 446381, 453973, 608121, 612669]
12,10,[9405, 9407, 16792, 16820, 17044, 18120, 18136, 18200, 18240, 18359]
15,3,[35461, 52485, 162989]
22,2,[30973, 109583]
30,8,[172119, 172910, 389355, 443769, 446211, 453803, 607914, 612446]
