10,33,[2340, 92463, 116989, 118075, 145497, 222964, 263890, 341132, 341671, 366972, 386635, 389646, 452559, 483716, 511043, 513164, 528889, 532113, 539830, 559583, 560204, 566644, 576982, 586872, 600648, 600663, 600679, 605872, 607129, 607209, 616649, 621305, 637360]
15,2,[18521, 157461]
16,2,[207, 32631]
17,14,[9000, 27655, 34017, 42037, 54880, 67844, 83697, 83768, 128597, 162548, 162554, 184377, 200590, 214082]
19,1,[2100]
20,19,[1185, 3930, 14146, 18582, 19284, 22350, 23176, 28202, 37770, 47191, 48910, 49282, 51976, 55012, 57548, 59812, 61275, 62193, 65630]
21,7,[2752, 6753, 9529, 11783, 17991, 27602, 28022]
22,1,[15852]
23,1,[1004]
24,1,[43432]
26,19,[1549, 4429, 14732, 19291, 19989, 23107, 23946, 29038, 38687, 48193, 49942, 50326, 53055, 56173, 58716, 61098, 62579, 63530, 67044]
27,1,[30219]
28,1,[8928]
30,33,[2247, 92356, 116878, 117964, 145384, 222814, 263734, 340973, 341512, 366809, 386472, 389483, 452389, 483551, 510874, 512995, 528714, 531938, 539655, 559405, 560026, 566464, 576802, 586687, 600451, 600466, 600482, 605670, 606922, 607002, 616410, 621053, 637085]
10,33,[2340, 92463, 116989, 118075, 145497, 222964, 263890, 341132, 341671, 366972, 386635, 389646, 452559, 483716, 511043, 513164, 528889, 532113, 539830, 559583, 560204, 566644, 576982, 586872, 600648, 600663, 600679, 605872, 607129, 607209, 616649, 621305, 637360]
15,2,[18521, 157461]
16,2,[207, 32631]
17,14,[9000, 27655, 34017, 42037, 54880, 67844, 83697, 83768, 128597, 162548, 162554, 184377, 200590, 214082]
19,1,[2100]
20,19,[1185, 3930, 14146, 18582, 19284, 22350, 23176, 28202, 37770, 47191, 48910, 49282, 51976, 55012, 57548, 59812, 61275, 62193, 65630]
21,7,[2752, 6753, 9529, 11783, 17991, 27602, 28022]
22,1,[15852]
23,1,[1004]
24,1,[43432]
26,19,[1549, 4429, 14732, 19291, 19989, 23107, 23946, 29038, 38687, 48193, 49942, 50326, 53055, 56173, 58716, 61098, 62579, 63530, 67044]
27,1,[30219]
28,1,[8928]
30,33,[2247, 92356, 116878, 117964, 145384, 222814, 263734, 340973, 341512, 366809, 386472, 389483, 452389, 483551, 510874, 512995, 528714, 531938, 539655, 559405, 560026, 566464, 576802, 586687, 600451, 600466, 600482, 605670, 606922, 607002, 616410, 621053, 637085]
