10,22,[8837, 58686, 58695, 59436, 77959, 89645, 113870, 115803, 115947, 167881, 188866, 411345, 482207, 487342, 500434, 500450, 500466, 500472, 518376, 518414, 535324, 535358]
15,13,[109768, 116037, 116310, 117777, 117930, 118230, 118287, 118760, 118944, 119074, 119851, 119957, 120383]
19,1,[4160]
20,5,[18703, 45444, 60477, 62254, 65130]
21,4,[10554, 10635, 20092, 21913]
22,6,[10261, 10389, 13363, 66553, 141566, 141568]
24,2,[3218, 8404]
26,6,[19411, 34598, 46445, 61774, 63591, 66542]
27,2,[20904, 66789]
30,22,[8743, 58583, 58592, 59333, 77856, 89538, 113759, 115692, 115836, 167758, 188734, 411179, 482041, 487179, 500265, 500281, 500297, 500303, 518204, 518242, 535149, 535183]
10,22,[8837, 58686, 58695, 59436, 77959, 89645, 113870, 115803, 115947, 167881, 188866, 411345, 482207, 487342, 500434, 500450, 500466, 500472, 518376, 518414, 535324, 535358]
15,13,[109768, 116037, 116310, 117777, 117930, 118230, 118287, 118760, 118944, 119074, 119851, 119957, 120383]
19,1,[4160]
20,5,[18703, 45444, 60477, 62254, 65130]
21,4,[10554, 10635, 20092, 21913]
22,6,[10261, 10389, 13363, 66553, 141566, 141568]
24,2,[3218, 8404]
26,6,[19411, 34598, 46445, 61774, 63591, 66542]
27,2,[20904, 66789]
30,22,[8743, 58583, 58592, 59333, 77856, 89538, 113759, 115692, 115836, 167758, 188734, 411179, 482041, 487179, 500265, 500281, 500297, 500303, 518204, 518242, 535149, 535183]
