10,42,[8941, 10415, 13752, 23340, 32344, 69192, 72811, 95263, 100324, 147440, 160507, 164368, 178689, 179210, 188145, 211800, 222268, 309907, 330295, 356655, 365103, 377737, 390479, 394253, 395320, 423389, 442762, 442764, 443545, 444806, 472315, 492409, 500935, 517949, 528493, 540181, 563456, 563511, 621917, 632336, 638862, 639495]
11,83,[304, 308, 433, 732, 890, 1414, 1525, 1545, 1557, 1570, 1589, 1596, 1691, 1881, 2152, 2220, 2548, 2607, 2703, 2848, 3073, 3448, 4098, 4415, 4668, 4904, 4982, 5122, 5187, 5276, 5439, 5920, 5976, 6108, 6172, 6306, 6316, 6488, 6636, 6639, 6723, 6750, 6994, 7523, 7611, 7679, 8335, 8365, 8455, 8788, 8890, 9003, 9789, 9856, 9887, 10284, 10451, 10464, 11666, 11747, 12243, 12260, 12306, 12836, 13627, 14401, 14422, 14558, 14691, 15276, 15559, 16263, 16767, 17988, 18066, 19363, 19568, 19741, 20586, 20738, 20912, 21007, 21018]
12,75,[468, 609, 926, 1758, 1967, 2571, 2796, 2878, 2940, 2959, 3057, 3149, 3203, 3895, 3971, 4021, 4131, 4696, 5377, 5621, 5817, 5887, 6164, 6202, 6538, 6884, 6901, 7323, 7416, 7443, 7496, 7959, 8644, 8941, 9346, 9788, 9810, 9902, 10396, 10808, 10877, 11016, 11200, 11608, 11842, 12005, 12189, 12363, 12940, 12975, 14383, 15260, 16283, 16410, 16512, 16591, 16678, 16856, 18696, 18897, 19415, 19443, 19528, 19578, 19623, 19659, 20293, 20530, 20546, 20579, 20742, 20855, 21580, 22497, 22572]
15,7,[23721, 31744, 116947, 117669, 121164, 163790, 173602]
16,17,[3189, 5618, 5956, 7501, 9979, 15297, 15961, 16157, 16835, 18705, 18994, 22525, 23295, 23419, 31522, 36714, 37281]
17,1,[32148]
18,7,[9362, 9381, 17064, 17777, 64693, 67436, 140387]
21,16,[8074, 10723, 11534, 12551, 13866, 18449, 20541, 21567, 21748, 21766, 22797, 23357, 26323, 27884, 28901, 31014]
22,1,[10919]
23,6,[5657, 13930, 15610, 15681, 23309, 23315]
24,46,[1831, 4451, 5129, 8883, 12026, 12061, 12669, 12790, 13136, 14365, 14553, 14617, 15716, 18677, 19701, 21494, 22544, 25636, 27641, 27843, 29306, 29451, 29708, 29943, 30017, 30231, 30248, 30726, 31310, 31808, 32177, 32673, 36195, 36277, 38485, 39067, 39433, 40026, 41060, 41173, 41198, 41293, 41486, 42116, 42153, 43669]
26,12,[10944, 18595, 25934, 36928, 39345, 39997, 42304, 42559, 45877, 47840, 48168, 50609]
27,92,[1504, 1606, 1718, 3953, 4627, 4765, 4772, 5008, 6857, 8247, 8641, 16549, 16894, 18667, 21961, 24416, 24634, 31849, 33237, 34418, 35947, 40223, 40251, 41051, 42066, 43033, 43094, 43546, 44217, 44740, 46130, 46440, 46477, 48305, 48322, 50703, 53608, 53676, 54308, 54359, 55970, 56135, 58136, 58162, 58421, 70711, 70947, 71182, 71189, 71329, 71752, 72426, 73849, 73957, 73959, 74082, 74110, 74471, 74837, 79331, 79421, 79988, 80020, 80068, 80096, 80254, 80481, 80623, 80718, 81260, 82643, 82814, 88026, 88044, 88847, 89254, 89332, 90336, 94599, 95282, 95520, 95869, 96447, 97296, 98788, 101533, 101612, 103476, 103513, 104095, 107147, 108606]
28,2,[6748, 7467]
30,42,[8847, 10321, 13658, 23246, 32246, 69089, 72708, 95156, 100217, 147327, 160393, 164245, 178566, 179087, 188013, 211658, 222118, 309749, 330136, 356496, 364940, 377574, 390316, 394087, 395154, 423223, 442592, 442594, 443375, 444636, 472145, 492249, 500766, 517777, 528318, 540006, 563278, 563333, 621665, 632061, 638587, 639220]
10,42,[8941, 10415, 13752, 23340, 32344, 69192, 72811, 95263, 100324, 147440, 160507, 164368, 178689, 179210, 188145, 211800, 222268, 309907, 330295, 356655, 365103, 377737, 390479, 394253, 395320, 423389, 442762, 442764, 443545, 444806, 472315, 492409, 500935, 517949, 528493, 540181, 563456, 563511, 621917, 632336, 638862, 639495]
11,83,[304, 308, 433, 732, 890, 1414, 1525, 1545, 1557, 1570, 1589, 1596, 1691, 1881, 2152, 2220, 2548, 2607, 2703, 2848, 3073, 3448, 4098, 4415, 4668, 4904, 4982, 5122, 5187, 5276, 5439, 5920, 5976, 6108, 6172, 6306, 6316, 6488, 6636, 6639, 6723, 6750, 6994, 7523, 7611, 7679, 8335, 8365, 8455, 8788, 8890, 9003, 9789, 9856, 9887, 10284, 10451, 10464, 11666, 11747, 12243, 12260, 12306, 12836, 13627, 14401, 14422, 14558, 14691, 15276, 15559, 16263, 16767, 17988, 18066, 19363, 19568, 19741, 20586, 20738, 20912, 21007, 21018]
12,75,[468, 609, 926, 1758, 1967, 2571, 2796, 2878, 2940, 2959, 3057, 3149, 3203, 3895, 3971, 4021, 4131, 4696, 5377, 5621, 5817, 5887, 6164, 6202, 6538, 6884, 6901, 7323, 7416, 7443, 7496, 7959, 8644, 8941, 9346, 9788, 9810, 9902, 10396, 10808, 10877, 11016, 11200, 11608, 11842, 12005, 12189, 12363, 12940, 12975, 14383, 15260, 16283, 16410, 16512, 16591, 16678, 16856, 18696, 18897, 19415, 19443, 19528, 19578, 19623, 19659, 20293, 20530, 20546, 20579, 20742, 20855, 21580, 22497, 22572]
15,7,[23721, 31744, 116947, 117669, 121164, 163790, 173602]
16,17,[3189, 5618, 5956, 7501, 9979, 15297, 15961, 16157, 16835, 18705, 18994, 22525, 23295, 23419, 31522, 36714, 37281]
17,1,[32148]
18,7,[9362, 9381, 17064, 17777, 64693, 67436, 140387]
21,16,[8074, 10723, 11534, 12551, 13866, 18449, 20541, 21567, 21748, 21766, 22797, 23357, 26323, 27884, 28901, 31014]
22,1,[10919]
23,6,[5657, 13930, 15610, 15681, 23309, 23315]
24,46,[1831, 4451, 5129, 8883, 12026, 12061, 12669, 12790, 13136, 14365, 14553, 14617, 15716, 18677, 19701, 21494, 22544, 25636, 27641, 27843, 29306, 29451, 29708, 29943, 30017, 30231, 30248, 30726, 31310, 31808, 32177, 32673, 36195, 36277, 38485, 39067, 39433, 40026, 41060, 41173, 41198, 41293, 41486, 42116, 42153, 43669]
26,12,[10944, 18595, 25934, 36928, 39345, 39997, 42304, 42559, 45877, 47840, 48168, 50609]
27,92,[1504, 1606, 1718, 3953, 4627, 4765, 4772, 5008, 6857, 8247, 8641, 16549, 16894, 18667, 21961, 24416, 24634, 31849, 33237, 34418, 35947, 40223, 40251, 41051, 42066, 43033, 43094, 43546, 44217, 44740, 46130, 46440, 46477, 48305, 48322, 50703, 53608, 53676, 54308, 54359, 55970, 56135, 58136, 58162, 58421, 70711, 70947, 71182, 71189, 71329, 71752, 72426, 73849, 73957, 73959, 74082, 74110, 74471, 74837, 79331, 79421, 79988, 80020, 80068, 80096, 80254, 80481, 80623, 80718, 81260, 82643, 82814, 88026, 88044, 88847, 89254, 89332, 90336, 94599, 95282, 95520, 95869, 96447, 97296, 98788, 101533, 101612, 103476, 103513, 104095, 107147, 108606]
28,2,[6748, 7467]
30,42,[8847, 10321, 13658, 23246, 32246, 69089, 72708, 95156, 100217, 147327, 160393, 164245, 178566, 179087, 188013, 211658, 222118, 309749, 330136, 356496, 364940, 377574, 390316, 394087, 395154, 423223, 442592, 442594, 443375, 444636, 472145, 492249, 500766, 517777, 528318, 540006, 563278, 563333, 621665, 632061, 638587, 639220]
