10,34,[17577, 39516, 45458, 71468, 73287, 75238, 75944, 76199, 76256, 115777, 120072, 120881, 150287, 156346, 162572, 187733, 224263, 249675, 268304, 268926, 279099, 286506, 286510, 291434, 366213, 421424, 474043, 474049, 508251, 508298, 515859, 541631, 541669, 584450]
15,1,[56322]
17,2,[33257, 91277]
21,4,[5672, 16326, 16409, 22312]
22,1,[111549]
23,8,[3763, 3841, 17109, 19297, 21105, 21778, 24090, 26556]
24,4,[5740, 7301, 18639, 29496]
27,2,[10917, 91121]
30,34,[17483, 39418, 45360, 71365, 73184, 75135, 75841, 76096, 76153, 115666, 119961, 120770, 150174, 156233, 162449, 187601, 224113, 249522, 268148, 268770, 278944, 286350, 286354, 291278, 366050, 421258, 473873, 473879, 508082, 508129, 515687, 541456, 541494, 584270]
10,34,[17577, 39516, 45458, 71468, 73287, 75238, 75944, 76199, 76256, 115777, 120072, 120881, 150287, 156346, 162572, 187733, 224263, 249675, 268304, 268926, 279099, 286506, 286510, 291434, 366213, 421424, 474043, 474049, 508251, 508298, 515859, 541631, 541669, 584450]
15,1,[56322]
17,2,[33257, 91277]
21,4,[5672, 16326, 16409, 22312]
22,1,[111549]
23,8,[3763, 3841, 17109, 19297, 21105, 21778, 24090, 26556]
24,4,[5740, 7301, 18639, 29496]
27,2,[10917, 91121]
30,34,[17483, 39418, 45360, 71365, 73184, 75135, 75841, 76096, 76153, 115666, 119961, 120770, 150174, 156233, 162449, 187601, 224113, 249522, 268148, 268770, 278944, 286350, 286354, 291278, 366050, 421258, 473873, 473879, 508082, 508129, 515687, 541456, 541494, 584270]
