10,8,[271305, 403505, 403942, 407246, 407460, 410104, 425821, 484598]
15,4,[69716, 88390, 129449, 148554]
19,2,[2449, 10525]
20,1,[52824]
21,1,[9525]
22,4,[52979, 53051, 151080, 151949]
26,1,[53923]
27,2,[49973, 82420]
28,1,[11600]
30,8,[271149, 403339, 403776, 407080, 407294, 409938, 425655, 484433]
10,8,[271305, 403505, 403942, 407246, 407460, 410104, 425821, 484598]
15,4,[69716, 88390, 129449, 148554]
19,2,[2449, 10525]
20,1,[52824]
21,1,[9525]
22,4,[52979, 53051, 151080, 151949]
26,1,[53923]
27,2,[49973, 82420]
28,1,[11600]
30,8,[271149, 403339, 403776, 407080, 407294, 409938, 425655, 484433]
