14,148,[3420, 5297, 6159, 6170, 6876, 11753, 13175, 13185, 15005, 15725, 16842, 17654, 18690, 20346, 21064, 21767, 21793, 25757, 26374, 27332, 29147, 30027, 31747, 32632, 33569, 34289, 35063, 35912, 36911, 38056, 40945, 41851, 42618, 43585, 44428, 46658, 47690, 48527, 49196, 50156, 50165, 52255, 54376, 56152, 56888, 57601, 58595, 59794, 68316, 69870, 69916, 72214, 73495, 74358, 75263, 78106, 80380, 86322, 86341, 86357, 88798, 88811, 88829, 89779, 89796, 89808, 90635, 93893, 96591, 98422, 101452, 102294, 104000, 106277, 107144, 108307, 109219, 110019, 110729, 110735, 112045, 112063, 116029, 118419, 118426, 119040, 120559, 122049, 126467, 129359, 130120, 130707, 132110, 132973, 133757, 135137, 136442, 136453, 137327, 138360, 138388, 139472, 140684, 141478, 143475, 144426, 145060, 146609, 147483, 148151, 148793, 150629, 152061, 152926, 153858, 156134, 156147, 156937, 156943, 158852, 160534, 162044, 163269, 163278, 164190, 167191, 170298, 170304, 172354, 173507, 174257, 176191, 176200, 177001, 177472, 179051, 181632, 182670, 183422, 183439, 184049, 184775, 189292, 191363, 193490, 194273, 195022, 195969]
15,9,[82497, 101108, 101120, 102487, 104993, 133765, 161934, 166706, 169406]
16,2,[18330, 29235]
17,1,[135866]
22,6,[39887, 41946, 79760, 109870, 110723, 113752]
25,148,[3832, 5668, 6469, 6480, 7107, 11891, 13219, 13229, 14954, 15634, 16649, 17372, 18329, 20020, 20667, 21296, 21322, 24648, 25014, 25576, 26460, 28215, 29082, 30661, 31504, 32393, 33044, 33762, 34565, 35541, 36681, 39358, 40233, 40939, 41822, 42613, 44839, 45832, 46627, 47277, 48171, 48180, 50116, 52204, 53794, 54513, 55243, 56199, 57445, 65152, 65970, 66670, 66716, 68829, 69974, 70798, 71675, 74578, 76727, 82675, 82694, 82710, 85135, 85148, 85166, 86083, 86100, 86112, 86878, 89949, 92502, 94321, 97318, 98179, 99862, 101947, 102741, 103832, 104669, 105602, 106255, 106261, 107436, 107454, 111098, 113368, 113375, 113990, 115507, 116952, 121183, 123867, 124590, 125101, 126417, 127307, 128042, 129439, 130633, 130644, 131525, 132469, 132497, 133633, 134836, 135565, 137539, 138458, 139040, 140539, 141451, 142103, 142696, 144394, 145736, 146542, 147357, 149505, 149518, 150248, 150254, 152052, 153692, 155317, 156479, 156488, 157376, 160271, 163352, 163358, 165526, 166562, 167270, 169090, 169835, 170238, 171697, 174203, 175231, 175949, 175966, 176530, 177226, 181459, 185371, 186138, 186836, 187812]
14,148,[3420, 5297, 6159, 6170, 6876, 11753, 13175, 13185, 15005, 15725, 16842, 17654, 18690, 20346, 21064, 21767, 21793, 25757, 26374, 27332, 29147, 30027, 31747, 32632, 33569, 34289, 35063, 35912, 36911, 38056, 40945, 41851, 42618, 43585, 44428, 46658, 47690, 48527, 49196, 50156, 50165, 52255, 54376, 56152, 56888, 57601, 58595, 59794, 68316, 69870, 69916, 72214, 73495, 74358, 75263, 78106, 80380, 86322, 86341, 86357, 88798, 88811, 88829, 89779, 89796, 89808, 90635, 93893, 96591, 98422, 101452, 102294, 104000, 106277, 107144, 108307, 109219, 110019, 110729, 110735, 112045, 112063, 116029, 118419, 118426, 119040, 120559, 122049, 126467, 129359, 130120, 130707, 132110, 132973, 133757, 135137, 136442, 136453, 137327, 138360, 138388, 139472, 140684, 141478, 143475, 144426, 145060, 146609, 147483, 148151, 148793, 150629, 152061, 152926, 153858, 156134, 156147, 156937, 156943, 158852, 160534, 162044, 163269, 163278, 164190, 167191, 170298, 170304, 172354, 173507, 174257, 176191, 176200, 177001, 177472, 179051, 181632, 182670, 183422, 183439, 184049, 184775, 189292, 191363, 193490, 194273, 195022, 195969]
15,9,[82497, 101108, 101120, 102487, 104993, 133765, 161934, 166706, 169406]
16,2,[18330, 29235]
17,1,[135866]
22,6,[39887, 41946, 79760, 109870, 110723, 113752]
25,148,[3832, 5668, 6469, 6480, 7107, 11891, 13219, 13229, 14954, 15634, 16649, 17372, 18329, 20020, 20667, 21296, 21322, 24648, 25014, 25576, 26460, 28215, 29082, 30661, 31504, 32393, 33044, 33762, 34565, 35541, 36681, 39358, 40233, 40939, 41822, 42613, 44839, 45832, 46627, 47277, 48171, 48180, 50116, 52204, 53794, 54513, 55243, 56199, 57445, 65152, 65970, 66670, 66716, 68829, 69974, 70798, 71675, 74578, 76727, 82675, 82694, 82710, 85135, 85148, 85166, 86083, 86100, 86112, 86878, 89949, 92502, 94321, 97318, 98179, 99862, 101947, 102741, 103832, 104669, 105602, 106255, 106261, 107436, 107454, 111098, 113368, 113375, 113990, 115507, 116952, 121183, 123867, 124590, 125101, 126417, 127307, 128042, 129439, 130633, 130644, 131525, 132469, 132497, 133633, 134836, 135565, 137539, 138458, 139040, 140539, 141451, 142103, 142696, 144394, 145736, 146542, 147357, 149505, 149518, 150248, 150254, 152052, 153692, 155317, 156479, 156488, 157376, 160271, 163352, 163358, 165526, 166562, 167270, 169090, 169835, 170238, 171697, 174203, 175231, 175949, 175966, 176530, 177226, 181459, 185371, 186138, 186836, 187812]
