10,21,[88287, 147550, 177196, 177315, 177558, 225079, 261599, 331718, 372557, 422201, 422646, 425655, 428018, 428114, 440609, 470838, 471214, 484181, 485958, 486012, 602142]
12,2,[22246, 22249]
14,4,[2519, 52322, 107819, 107841]
15,7,[23814, 31467, 54033, 87369, 142616, 151566, 157038]
17,2,[138201, 167793]
18,6,[19033, 87855, 120498, 120503, 130832, 147183]
20,10,[796, 7974, 8258, 11431, 17871, 23338, 25526, 26096, 36515, 60386]
21,1,[25742]
22,3,[35425, 121375, 121378]
23,1,[2195]
24,1,[23544]
25,5,[2873, 50185, 103377, 103399, 185269]
26,10,[1162, 8495, 8782, 12006, 18549, 24108, 26320, 26893, 37422, 61682]
30,21,[88180, 147437, 177073, 177192, 177435, 224929, 261443, 331559, 372394, 422035, 422480, 425489, 427851, 427947, 440439, 470667, 471043, 484016, 485794, 485848, 601945]
10,21,[88287, 147550, 177196, 177315, 177558, 225079, 261599, 331718, 372557, 422201, 422646, 425655, 428018, 428114, 440609, 470838, 471214, 484181, 485958, 486012, 602142]
12,2,[22246, 22249]
14,4,[2519, 52322, 107819, 107841]
15,7,[23814, 31467, 54033, 87369, 142616, 151566, 157038]
17,2,[138201, 167793]
18,6,[19033, 87855, 120498, 120503, 130832, 147183]
20,10,[796, 7974, 8258, 11431, 17871, 23338, 25526, 26096, 36515, 60386]
21,1,[25742]
22,3,[35425, 121375, 121378]
23,1,[2195]
24,1,[23544]
25,5,[2873, 50185, 103377, 103399, 185269]
26,10,[1162, 8495, 8782, 12006, 18549, 24108, 26320, 26893, 37422, 61682]
30,21,[88180, 147437, 177073, 177192, 177435, 224929, 261443, 331559, 372394, 422035, 422480, 425489, 427851, 427947, 440439, 470667, 471043, 484016, 485794, 485848, 601945]
