10,11,[77635, 365022, 459634, 459641, 459648, 459676, 459685, 459704, 459711, 472607, 472611]
17,1,[32068]
18,1,[79820]
21,2,[3024, 4792]
22,2,[25491, 112631]
27,1,[42055]
30,11,[77532, 364859, 459464, 459471, 459478, 459506, 459515, 459534, 459541, 472437, 472441]
10,11,[77635, 365022, 459634, 459641, 459648, 459676, 459685, 459704, 459711, 472607, 472611]
17,1,[32068]
18,1,[79820]
21,2,[3024, 4792]
22,2,[25491, 112631]
27,1,[42055]
30,11,[77532, 364859, 459464, 459471, 459478, 459506, 459515, 459534, 459541, 472437, 472441]
