10,56,[26900, 32995, 33279, 39740, 42305, 53065, 59295, 72528, 88478, 88792, 90718, 90741, 109552, 110923, 112731, 121798, 122021, 122213, 126235, 126755, 130880, 154115, 154149, 154404, 170066, 170081, 170185, 170549, 193742, 211726, 233260, 273036, 303381, 314682, 329928, 339900, 353739, 354257, 354400, 362034, 362138, 366081, 366268, 399328, 412642, 418612, 431042, 437811, 437956, 440881, 441112, 446540, 497172, 515634, 635611, 635627]
12,3,[5275, 5365, 17239]
14,4,[130209, 130265, 130322, 191534]
15,3,[106129, 106133, 106160]
16,3,[22016, 25653, 29831]
17,6,[14362, 16365, 33128, 33309, 39121, 200396]
18,1,[6631]
19,2,[25871, 26082]
20,1,[37263]
21,10,[139, 7116, 7123, 7143, 15545, 15555, 15577, 25963, 29884, 34965]
22,10,[23066, 51670, 51783, 92178, 113907, 130041, 145426, 145428, 146423, 152592]
24,2,[17742, 20357]
25,4,[124671, 124722, 124773, 183461]
26,1,[38179]
27,1,[48315]
28,1,[2929]
30,56,[26806, 32897, 33181, 39642, 42207, 52966, 59192, 72425, 88371, 88685, 90611, 90634, 109441, 110812, 112620, 121687, 121910, 122102, 126124, 126644, 130768, 154002, 154036, 154291, 169943, 169958, 170062, 170426, 193610, 211584, 233110, 272880, 303223, 314523, 329769, 339741, 353580, 354098, 354241, 361874, 361978, 365918, 366105, 399162, 412476, 418446, 430872, 437641, 437786, 440711, 440942, 446370, 497003, 515462, 635336, 635352]
10,56,[26900, 32995, 33279, 39740, 42305, 53065, 59295, 72528, 88478, 88792, 90718, 90741, 109552, 110923, 112731, 121798, 122021, 122213, 126235, 126755, 130880, 154115, 154149, 154404, 170066, 170081, 170185, 170549, 193742, 211726, 233260, 273036, 303381, 314682, 329928, 339900, 353739, 354257, 354400, 362034, 362138, 366081, 366268, 399328, 412642, 418612, 431042, 437811, 437956, 440881, 441112, 446540, 497172, 515634, 635611, 635627]
12,3,[5275, 5365, 17239]
14,4,[130209, 130265, 130322, 191534]
15,3,[106129, 106133, 106160]
16,3,[22016, 25653, 29831]
17,6,[14362, 16365, 33128, 33309, 39121, 200396]
18,1,[6631]
19,2,[25871, 26082]
20,1,[37263]
21,10,[139, 7116, 7123, 7143, 15545, 15555, 15577, 25963, 29884, 34965]
22,10,[23066, 51670, 51783, 92178, 113907, 130041, 145426, 145428, 146423, 152592]
24,2,[17742, 20357]
25,4,[124671, 124722, 124773, 183461]
26,1,[38179]
27,1,[48315]
28,1,[2929]
30,56,[26806, 32897, 33181, 39642, 42207, 52966, 59192, 72425, 88371, 88685, 90611, 90634, 109441, 110812, 112620, 121687, 121910, 122102, 126124, 126644, 130768, 154002, 154036, 154291, 169943, 169958, 170062, 170426, 193610, 211584, 233110, 272880, 303223, 314523, 329769, 339741, 353580, 354098, 354241, 361874, 361978, 365918, 366105, 399162, 412476, 418446, 430872, 437641, 437786, 440711, 440942, 446370, 497003, 515462, 635336, 635352]
