15,18,[24717, 49865, 50346, 54299, 58872, 66569, 68084, 72555, 117310, 119053, 126434, 127014, 127263, 151289, 151634, 159828, 162237, 162928]
19,1,[7058]
20,3,[28865, 36436, 42570]
22,11,[20452, 27336, 56864, 70799, 70943, 70945, 70949, 98418, 98980, 137175, 137179]
24,2,[2997, 12184]
26,5,[15647, 29700, 37342, 43506, 55000]
27,10,[2337, 27244, 33490, 49237, 65470, 71902, 79463, 86017, 87671, 87885]
15,18,[24717, 49865, 50346, 54299, 58872, 66569, 68084, 72555, 117310, 119053, 126434, 127014, 127263, 151289, 151634, 159828, 162237, 162928]
19,1,[7058]
20,3,[28865, 36436, 42570]
22,11,[20452, 27336, 56864, 70799, 70943, 70945, 70949, 98418, 98980, 137175, 137179]
24,2,[2997, 12184]
26,5,[15647, 29700, 37342, 43506, 55000]
27,10,[2337, 27244, 33490, 49237, 65470, 71902, 79463, 86017, 87671, 87885]
