10,4,[7654, 322743, 339343, 433330]
12,1,[2383]
13,1,[3858]
15,12,[4944, 50017, 53011, 53017, 57627, 59658, 62280, 62391, 90766, 105351, 119843, 139761]
16,4,[8497, 26082, 28230, 28430]
17,1,[119525]
18,4,[12205, 21728, 116615, 119007]
19,1,[8431]
20,11,[5326, 6259, 8703, 9268, 16309, 22491, 23100, 30307, 33767, 47766, 52928]
22,8,[129920, 137404, 137671, 137680, 139540, 139546, 139548, 146284]
23,4,[4998, 8148, 8414, 13446]
24,4,[37480, 38506, 38931, 43372]
26,4,[5842, 6777, 9245, 9820]
27,1,[103176]
30,4,[7560, 322584, 339184, 433160]
10,4,[7654, 322743, 339343, 433330]
12,1,[2383]
13,1,[3858]
15,12,[4944, 50017, 53011, 53017, 57627, 59658, 62280, 62391, 90766, 105351, 119843, 139761]
16,4,[8497, 26082, 28230, 28430]
17,1,[119525]
18,4,[12205, 21728, 116615, 119007]
19,1,[8431]
20,11,[5326, 6259, 8703, 9268, 16309, 22491, 23100, 30307, 33767, 47766, 52928]
22,8,[129920, 137404, 137671, 137680, 139540, 139546, 139548, 146284]
23,4,[4998, 8148, 8414, 13446]
24,4,[37480, 38506, 38931, 43372]
26,4,[5842, 6777, 9245, 9820]
27,1,[103176]
30,4,[7560, 322584, 339184, 433160]
