10,111,[29758, 36641, 40354, 40744, 112591, 116967, 116980, 118116, 135587, 135637, 135712, 186945, 191484, 202983, 203021, 208771, 208828, 214711, 216343, 216858, 218346, 218348, 220328, 220844, 220846, 222732, 223521, 223556, 223615, 224248, 224289, 224415, 224501, 224542, 226347, 226494, 227887, 229730, 233007, 236450, 249212, 256155, 256194, 260844, 260857, 260918, 269563, 278422, 287525, 314838, 360373, 361269, 363864, 365440, 375813, 376314, 376382, 378239, 392607, 394940, 395549, 396586, 397928, 399955, 403112, 405138, 421042, 421153, 421733, 424644, 424798, 425592, 439401, 443516, 443663, 443835, 443914, 445764, 445823, 445860, 446467, 453941, 454265, 455025, 471909, 475707, 476359, 478857, 479730, 484157, 485729, 486283, 487126, 487269, 489553, 489799, 491186, 491192, 491198, 491206, 491247, 492930, 494697, 624294, 635042, 635092, 635234, 635253, 639046, 639642, 639742]
12,6,[12376, 12587, 12728, 14514, 14627, 16925]
14,3,[57816, 118624, 151559]
15,11,[58754, 103935, 106235, 108002, 108197, 112354, 118906, 144089, 148335, 149159, 149295]
17,13,[30850, 32477, 52540, 100238, 100258, 100298, 100362, 102856, 169476, 169888, 171768, 185183, 206509]
20,1,[24983]
22,7,[25132, 45556, 99910, 108792, 137410, 142150, 143990]
23,12,[3542, 6871, 6936, 6970, 7018, 7028, 13246, 13252, 16537, 19017, 22991, 23500]
24,29,[86, 388, 2057, 2591, 2602, 3042, 3871, 4788, 4970, 5054, 5066, 5077, 5421, 6056, 6339, 6381, 6943, 6963, 11377, 13085, 13381, 17114, 17984, 23238, 32985, 35264, 36596, 36715, 39982]
25,3,[55476, 113604, 145243]
26,1,[25768]
27,22,[255, 1239, 1325, 1559, 11554, 15855, 32049, 40332, 56215, 56648, 56794, 57363, 57777, 57915, 57985, 64392, 66978, 69797, 69819, 76161, 81730, 99914]
28,2,[4281, 9166]
30,111,[29664, 36543, 40256, 40646, 112480, 116856, 116869, 118005, 135475, 135525, 135600, 186813, 191352, 202841, 202879, 208629, 208686, 214569, 216201, 216717, 218206, 218208, 220178, 220694, 220696, 222582, 223371, 223406, 223465, 224098, 224139, 224265, 224351, 224392, 226197, 226344, 227737, 229580, 232857, 236300, 249059, 255999, 256038, 260688, 260701, 260762, 269407, 278267, 287369, 314679, 360213, 361109, 363701, 365277, 375650, 376151, 376219, 378076, 392444, 394774, 395383, 396420, 397762, 399789, 402946, 404972, 420876, 420987, 421567, 424478, 424632, 425426, 439231, 443346, 443493, 443665, 443744, 445594, 445653, 445690, 446297, 453771, 454095, 454855, 471739, 475537, 476190, 478689, 479562, 483992, 485565, 486120, 486963, 487106, 489392, 489639, 491026, 491032, 491038, 491046, 491087, 492770, 494537, 624040, 634767, 634817, 634959, 634978, 638771, 639367, 639467]
10,111,[29758, 36641, 40354, 40744, 112591, 116967, 116980, 118116, 135587, 135637, 135712, 186945, 191484, 202983, 203021, 208771, 208828, 214711, 216343, 216858, 218346, 218348, 220328, 220844, 220846, 222732, 223521, 223556, 223615, 224248, 224289, 224415, 224501, 224542, 226347, 226494, 227887, 229730, 233007, 236450, 249212, 256155, 256194, 260844, 260857, 260918, 269563, 278422, 287525, 314838, 360373, 361269, 363864, 365440, 375813, 376314, 376382, 378239, 392607, 394940, 395549, 396586, 397928, 399955, 403112, 405138, 421042, 421153, 421733, 424644, 424798, 425592, 439401, 443516, 443663, 443835, 443914, 445764, 445823, 445860, 446467, 453941, 454265, 455025, 471909, 475707, 476359, 478857, 479730, 484157, 485729, 486283, 487126, 487269, 489553, 489799, 491186, 491192, 491198, 491206, 491247, 492930, 494697, 624294, 635042, 635092, 635234, 635253, 639046, 639642, 639742]
12,6,[12376, 12587, 12728, 14514, 14627, 16925]
14,3,[57816, 118624, 151559]
15,11,[58754, 103935, 106235, 108002, 108197, 112354, 118906, 144089, 148335, 149159, 149295]
17,13,[30850, 32477, 52540, 100238, 100258, 100298, 100362, 102856, 169476, 169888, 171768, 185183, 206509]
20,1,[24983]
22,7,[25132, 45556, 99910, 108792, 137410, 142150, 143990]
23,12,[3542, 6871, 6936, 6970, 7018, 7028, 13246, 13252, 16537, 19017, 22991, 23500]
24,29,[86, 388, 2057, 2591, 2602, 3042, 3871, 4788, 4970, 5054, 5066, 5077, 5421, 6056, 6339, 6381, 6943, 6963, 11377, 13085, 13381, 17114, 17984, 23238, 32985, 35264, 36596, 36715, 39982]
25,3,[55476, 113604, 145243]
26,1,[25768]
27,22,[255, 1239, 1325, 1559, 11554, 15855, 32049, 40332, 56215, 56648, 56794, 57363, 57777, 57915, 57985, 64392, 66978, 69797, 69819, 76161, 81730, 99914]
28,2,[4281, 9166]
30,111,[29664, 36543, 40256, 40646, 112480, 116856, 116869, 118005, 135475, 135525, 135600, 186813, 191352, 202841, 202879, 208629, 208686, 214569, 216201, 216717, 218206, 218208, 220178, 220694, 220696, 222582, 223371, 223406, 223465, 224098, 224139, 224265, 224351, 224392, 226197, 226344, 227737, 229580, 232857, 236300, 249059, 255999, 256038, 260688, 260701, 260762, 269407, 278267, 287369, 314679, 360213, 361109, 363701, 365277, 375650, 376151, 376219, 378076, 392444, 394774, 395383, 396420, 397762, 399789, 402946, 404972, 420876, 420987, 421567, 424478, 424632, 425426, 439231, 443346, 443493, 443665, 443744, 445594, 445653, 445690, 446297, 453771, 454095, 454855, 471739, 475537, 476190, 478689, 479562, 483992, 485565, 486120, 486963, 487106, 489392, 489639, 491026, 491032, 491038, 491046, 491087, 492770, 494537, 624040, 634767, 634817, 634959, 634978, 638771, 639367, 639467]
