10,136,[26234, 32236, 34909, 36033, 36072, 36123, 36328, 36331, 36404, 37066, 37572, 37575, 37581, 38597, 38730, 38795, 38908, 39043, 39108, 39120, 75757, 75788, 75822, 81355, 91141, 91681, 102117, 109691, 111010, 117621, 133949, 156578, 156801, 207775, 211607, 216453, 232135, 232209, 236333, 236747, 237974, 247235, 254611, 255095, 268892, 275352, 276124, 285449, 285731, 285930, 286777, 288952, 289758, 297000, 298026, 298408, 301990, 303656, 304211, 304841, 321614, 330178, 345189, 356295, 357152, 364432, 365002, 365746, 366615, 368864, 368965, 368990, 369775, 372011, 372015, 376799, 381942, 391959, 395545, 395963, 396296, 403029, 403667, 404067, 404071, 404083, 409771, 410363, 412458, 412810, 413304, 413310, 414799, 417558, 419842, 419885, 426766, 426771, 429837, 433480, 435028, 438499, 444526, 445904, 447584, 451003, 459426, 462804, 464752, 475072, 476472, 478584, 478591, 479164, 482860, 482936, 483094, 487596, 487691, 487697, 487981, 488772, 494185, 502078, 508110, 510581, 520825, 522934, 524826, 542002, 545523, 566998, 596295, 614432, 616351, 617064]
11,1,[2742]
14,2,[158474, 160239]
15,9,[4269, 5486, 12971, 13011, 21662, 84341, 102587, 130414, 135501]
16,3,[6947, 15627, 20512]
17,22,[31484, 32047, 32786, 33665, 35912, 36012, 36037, 39140, 60530, 83254, 88501, 106132, 109453, 115265, 117879, 125471, 128065, 151773, 151838, 151864, 165256, 193312]
18,14,[8231, 18570, 41739, 52989, 55620, 79981, 96397, 96443, 113695, 113710, 113748, 113904, 123659, 124318]
20,1,[44976]
21,1,[13123]
23,5,[6010, 27408, 28468, 28556, 29958]
24,3,[192, 2826, 5818]
25,2,[151723, 153440]
26,1,[45964]
27,7,[891, 20613, 28109, 40469, 60065, 65357, 108687]
28,1,[4383]
30,136,[26140, 32138, 34811, 35935, 35974, 36025, 36230, 36233, 36306, 36968, 37474, 37477, 37483, 38499, 38632, 38697, 38810, 38945, 39010, 39022, 75654, 75685, 75719, 81248, 91034, 91574, 102010, 109580, 110899, 117510, 133837, 156465, 156688, 207633, 211465, 216311, 231985, 232059, 236183, 236597, 237824, 247082, 254458, 254942, 268736, 275196, 275968, 285293, 285575, 285774, 286621, 288796, 289602, 296842, 297868, 298250, 301832, 303498, 304053, 304683, 321455, 330019, 345030, 356136, 356992, 364269, 364839, 365583, 366452, 368701, 368802, 368827, 369612, 371848, 371852, 376636, 381779, 391796, 395379, 395797, 396130, 402863, 403501, 403901, 403905, 403917, 409605, 410197, 412292, 412644, 413138, 413144, 414633, 417392, 419676, 419719, 426600, 426605, 429670, 433310, 434858, 438329, 444356, 445734, 447414, 450833, 459256, 462633, 464581, 474902, 476303, 478416, 478423, 478996, 482695, 482771, 482929, 487434, 487529, 487535, 487819, 488611, 494025, 501909, 507941, 510412, 520653, 522762, 524654, 541827, 545348, 566818, 596104, 614198, 616112, 616821]
10,136,[26234, 32236, 34909, 36033, 36072, 36123, 36328, 36331, 36404, 37066, 37572, 37575, 37581, 38597, 38730, 38795, 38908, 39043, 39108, 39120, 75757, 75788, 75822, 81355, 91141, 91681, 102117, 109691, 111010, 117621, 133949, 156578, 156801, 207775, 211607, 216453, 232135, 232209, 236333, 236747, 237974, 247235, 254611, 255095, 268892, 275352, 276124, 285449, 285731, 285930, 286777, 288952, 289758, 297000, 298026, 298408, 301990, 303656, 304211, 304841, 321614, 330178, 345189, 356295, 357152, 364432, 365002, 365746, 366615, 368864, 368965, 368990, 369775, 372011, 372015, 376799, 381942, 391959, 395545, 395963, 396296, 403029, 403667, 404067, 404071, 404083, 409771, 410363, 412458, 412810, 413304, 413310, 414799, 417558, 419842, 419885, 426766, 426771, 429837, 433480, 435028, 438499, 444526, 445904, 447584, 451003, 459426, 462804, 464752, 475072, 476472, 478584, 478591, 479164, 482860, 482936, 483094, 487596, 487691, 487697, 487981, 488772, 494185, 502078, 508110, 510581, 520825, 522934, 524826, 542002, 545523, 566998, 596295, 614432, 616351, 617064]
11,1,[2742]
14,2,[158474, 160239]
15,9,[4269, 5486, 12971, 13011, 21662, 84341, 102587, 130414, 135501]
16,3,[6947, 15627, 20512]
17,22,[31484, 32047, 32786, 33665, 35912, 36012, 36037, 39140, 60530, 83254, 88501, 106132, 109453, 115265, 117879, 125471, 128065, 151773, 151838, 151864, 165256, 193312]
18,14,[8231, 18570, 41739, 52989, 55620, 79981, 96397, 96443, 113695, 113710, 113748, 113904, 123659, 124318]
20,1,[44976]
21,1,[13123]
23,5,[6010, 27408, 28468, 28556, 29958]
24,3,[192, 2826, 5818]
25,2,[151723, 153440]
26,1,[45964]
27,7,[891, 20613, 28109, 40469, 60065, 65357, 108687]
28,1,[4383]
30,136,[26140, 32138, 34811, 35935, 35974, 36025, 36230, 36233, 36306, 36968, 37474, 37477, 37483, 38499, 38632, 38697, 38810, 38945, 39010, 39022, 75654, 75685, 75719, 81248, 91034, 91574, 102010, 109580, 110899, 117510, 133837, 156465, 156688, 207633, 211465, 216311, 231985, 232059, 236183, 236597, 237824, 247082, 254458, 254942, 268736, 275196, 275968, 285293, 285575, 285774, 286621, 288796, 289602, 296842, 297868, 298250, 301832, 303498, 304053, 304683, 321455, 330019, 345030, 356136, 356992, 364269, 364839, 365583, 366452, 368701, 368802, 368827, 369612, 371848, 371852, 376636, 381779, 391796, 395379, 395797, 396130, 402863, 403501, 403901, 403905, 403917, 409605, 410197, 412292, 412644, 413138, 413144, 414633, 417392, 419676, 419719, 426600, 426605, 429670, 433310, 434858, 438329, 444356, 445734, 447414, 450833, 459256, 462633, 464581, 474902, 476303, 478416, 478423, 478996, 482695, 482771, 482929, 487434, 487529, 487535, 487819, 488611, 494025, 501909, 507941, 510412, 520653, 522762, 524654, 541827, 545348, 566818, 596104, 614198, 616112, 616821]
