10,1,[263840]
12,1,[4383]
14,3,[91954, 176324, 181756]
15,30,[1483, 1576, 4267, 7612, 20674, 20722, 23889, 29905, 33573, 62798, 70078, 81699, 90707, 92806, 93404, 93818, 102771, 102857, 103436, 108028, 109706, 123904, 128480, 129444, 129605, 139120, 139530, 144961, 149902, 149994]
19,6,[5417, 8073, 10476, 14611, 21433, 25444]
20,19,[376, 1244, 1314, 3338, 4354, 7585, 7811, 9306, 10385, 29584, 29943, 30676, 31812, 33838, 35846, 36710, 37290, 52876, 61004]
21,7,[9315, 9342, 11514, 16156, 25177, 28225, 31393]
22,2,[4533, 26741]
25,5,[88105, 133712, 157462, 169223, 184391]
26,19,[740, 1608, 1686, 3822, 4859, 8109, 8333, 9859, 10938, 30426, 30791, 31533, 32684, 34714, 36746, 37621, 38206, 53981, 62301]
27,8,[12784, 38676, 65315, 67705, 68651, 71892, 91017, 97523]
28,6,[3209, 3663, 3974, 4159, 4200, 5094]
30,1,[263684]
10,1,[263840]
12,1,[4383]
14,3,[91954, 176324, 181756]
15,30,[1483, 1576, 4267, 7612, 20674, 20722, 23889, 29905, 33573, 62798, 70078, 81699, 90707, 92806, 93404, 93818, 102771, 102857, 103436, 108028, 109706, 123904, 128480, 129444, 129605, 139120, 139530, 144961, 149902, 149994]
19,6,[5417, 8073, 10476, 14611, 21433, 25444]
20,19,[376, 1244, 1314, 3338, 4354, 7585, 7811, 9306, 10385, 29584, 29943, 30676, 31812, 33838, 35846, 36710, 37290, 52876, 61004]
21,7,[9315, 9342, 11514, 16156, 25177, 28225, 31393]
22,2,[4533, 26741]
25,5,[88105, 133712, 157462, 169223, 184391]
26,19,[740, 1608, 1686, 3822, 4859, 8109, 8333, 9859, 10938, 30426, 30791, 31533, 32684, 34714, 36746, 37621, 38206, 53981, 62301]
27,8,[12784, 38676, 65315, 67705, 68651, 71892, 91017, 97523]
28,6,[3209, 3663, 3974, 4159, 4200, 5094]
30,1,[263684]
