15,32,[23552, 38237, 41386, 45078, 63667, 64715, 64811, 70131, 75381, 76410, 82438, 87747, 90279, 90674, 99803, 105521, 130412, 137915, 138494, 144515, 145052, 147132, 151800, 152582, 158720, 159387, 162733, 164877, 167824, 171040, 172537, 173141]
16,1,[28402]
20,1,[61726]
22,1,[7466]
26,1,[63029]
15,32,[23552, 38237, 41386, 45078, 63667, 64715, 64811, 70131, 75381, 76410, 82438, 87747, 90279, 90674, 99803, 105521, 130412, 137915, 138494, 144515, 145052, 147132, 151800, 152582, 158720, 159387, 162733, 164877, 167824, 171040, 172537, 173141]
16,1,[28402]
20,1,[61726]
22,1,[7466]
26,1,[63029]
