10,28,[77159, 110793, 119013, 119844, 119966, 235991, 261995, 262010, 262021, 262144, 272420, 274167, 274680, 274894, 274970, 274980, 277052, 318158, 363930, 365137, 365144, 367987, 420158, 428867, 442910, 442939, 466478, 608821]
17,9,[13634, 30928, 32182, 32189, 35033, 85339, 87509, 115480, 207076]
22,3,[142388, 142409, 142745]
24,1,[32176]
26,3,[31389, 58554, 58749]
30,28,[77056, 110682, 118902, 119733, 119855, 235841, 261839, 261854, 261865, 261988, 272264, 274011, 274524, 274738, 274814, 274824, 276896, 317999, 363767, 364974, 364981, 367824, 419992, 428700, 442740, 442769, 466307, 608609]
10,28,[77159, 110793, 119013, 119844, 119966, 235991, 261995, 262010, 262021, 262144, 272420, 274167, 274680, 274894, 274970, 274980, 277052, 318158, 363930, 365137, 365144, 367987, 420158, 428867, 442910, 442939, 466478, 608821]
17,9,[13634, 30928, 32182, 32189, 35033, 85339, 87509, 115480, 207076]
22,3,[142388, 142409, 142745]
24,1,[32176]
26,3,[31389, 58554, 58749]
30,28,[77056, 110682, 118902, 119733, 119855, 235841, 261839, 261854, 261865, 261988, 272264, 274011, 274524, 274738, 274814, 274824, 276896, 317999, 363767, 364974, 364981, 367824, 419992, 428700, 442740, 442769, 466307, 608609]
