10,28,[43285, 43382, 100969, 101593, 101683, 101716, 105280, 176467, 181003, 193788, 193901, 227505, 227647, 227685, 227837, 227971, 246622, 253394, 253590, 254301, 255144, 255801, 267351, 267596, 267761, 267932, 268889, 519813]
12,1,[21536]
14,3,[64627, 99953, 161263]
15,8,[36562, 55928, 66529, 85116, 119420, 122314, 155477, 164856]
16,1,[20429]
18,1,[95259]
19,1,[20366]
20,1,[4644]
22,1,[118535]
24,1,[18516]
25,1,[95809]
26,1,[5162]
27,3,[17020, 17139, 85904]
30,28,[43187, 43284, 100862, 101486, 101576, 101609, 105169, 176344, 180880, 193656, 193769, 227355, 227497, 227535, 227687, 227821, 246469, 253241, 253437, 254148, 254991, 255645, 267195, 267440, 267605, 267776, 268733, 519641]
10,28,[43285, 43382, 100969, 101593, 101683, 101716, 105280, 176467, 181003, 193788, 193901, 227505, 227647, 227685, 227837, 227971, 246622, 253394, 253590, 254301, 255144, 255801, 267351, 267596, 267761, 267932, 268889, 519813]
12,1,[21536]
14,3,[64627, 99953, 161263]
15,8,[36562, 55928, 66529, 85116, 119420, 122314, 155477, 164856]
16,1,[20429]
18,1,[95259]
19,1,[20366]
20,1,[4644]
22,1,[118535]
24,1,[18516]
25,1,[95809]
26,1,[5162]
27,3,[17020, 17139, 85904]
30,28,[43187, 43284, 100862, 101486, 101576, 101609, 105169, 176344, 180880, 193656, 193769, 227355, 227497, 227535, 227687, 227821, 246469, 253241, 253437, 254148, 254991, 255645, 267195, 267440, 267605, 267776, 268733, 519641]
