11,11,[1222, 2078, 3175, 6387, 6514, 7915, 11603, 16076, 18851, 19408, 19858]
12,1,[8399]
15,9,[9146, 22614, 32956, 67405, 67407, 68761, 74213, 88180, 110712]
16,3,[2195, 10082, 33215]
18,2,[23758, 124015]
21,1,[10134]
22,15,[17305, 37325, 88729, 102365, 102380, 102387, 102436, 102474, 102518, 102629, 122519, 127466, 128260, 128655, 128666]
23,1,[24151]
24,2,[37333, 43553]
27,17,[12568, 17103, 18780, 18923, 19098, 27895, 37802, 38166, 43973, 61081, 76721, 76893, 77498, 77557, 99997, 100222, 101611]
11,11,[1222, 2078, 3175, 6387, 6514, 7915, 11603, 16076, 18851, 19408, 19858]
12,1,[8399]
15,9,[9146, 22614, 32956, 67405, 67407, 68761, 74213, 88180, 110712]
16,3,[2195, 10082, 33215]
18,2,[23758, 124015]
21,1,[10134]
22,15,[17305, 37325, 88729, 102365, 102380, 102387, 102436, 102474, 102518, 102629, 122519, 127466, 128260, 128655, 128666]
23,1,[24151]
24,2,[37333, 43553]
27,17,[12568, 17103, 18780, 18923, 19098, 27895, 37802, 38166, 43973, 61081, 76721, 76893, 77498, 77557, 99997, 100222, 101611]
