11,11,[215, 1948, 4611, 4952, 9516, 12684, 13205, 13956, 15113, 17794, 20816]
12,2,[5155, 8265]
15,7,[22638, 34140, 47220, 66658, 126985, 155880, 160376]
16,3,[7006, 8013, 14838]
19,2,[2515, 24546]
20,3,[8628, 10788, 27556]
22,2,[102460, 128844]
23,1,[23356]
24,10,[500, 1111, 17070, 18842, 21262, 24405, 27595, 37677, 39685, 40488]
26,3,[9166, 11350, 28384]
27,4,[11043, 66570, 70370, 103680]
28,1,[4446]
11,11,[215, 1948, 4611, 4952, 9516, 12684, 13205, 13956, 15113, 17794, 20816]
12,2,[5155, 8265]
15,7,[22638, 34140, 47220, 66658, 126985, 155880, 160376]
16,3,[7006, 8013, 14838]
19,2,[2515, 24546]
20,3,[8628, 10788, 27556]
22,2,[102460, 128844]
23,1,[23356]
24,10,[500, 1111, 17070, 18842, 21262, 24405, 27595, 37677, 39685, 40488]
26,3,[9166, 11350, 28384]
27,4,[11043, 66570, 70370, 103680]
28,1,[4446]
