10,19,[160010, 160049, 292609, 292726, 409800, 438626, 551283, 597786, 607706, 607739, 607742, 611057, 611061, 614423, 617211, 617223, 626135, 626222, 626243]
17,10,[45976, 46384, 46393, 46396, 74502, 111029, 196493, 198263, 216516, 216535]
19,5,[14345, 14500, 14694, 15051, 15270]
20,2,[44620, 50823]
23,1,[29589]
27,3,[17184, 35103, 82773]
30,19,[159896, 159935, 292452, 292569, 409634, 438456, 551105, 597595, 607499, 607532, 607535, 610840, 610844, 614189, 616968, 616980, 625878, 625965, 625986]
10,19,[160010, 160049, 292609, 292726, 409800, 438626, 551283, 597786, 607706, 607739, 607742, 611057, 611061, 614423, 617211, 617223, 626135, 626222, 626243]
17,10,[45976, 46384, 46393, 46396, 74502, 111029, 196493, 198263, 216516, 216535]
19,5,[14345, 14500, 14694, 15051, 15270]
20,2,[44620, 50823]
23,1,[29589]
27,3,[17184, 35103, 82773]
30,19,[159896, 159935, 292452, 292569, 409634, 438456, 551105, 597595, 607499, 607532, 607535, 610840, 610844, 614189, 616968, 616980, 625878, 625965, 625986]
