10,19,[285611, 303386, 357286, 357465, 357507, 357534, 358630, 384454, 384530, 385107, 390712, 467042, 482511, 551596, 591589, 597999, 608959, 609579, 631918]
16,1,[9502]
26,1,[23714]
27,1,[87924]
30,19,[285455, 303228, 357126, 357305, 357347, 357374, 358470, 384291, 384367, 384944, 390549, 466871, 482345, 551418, 591404, 597808, 608747, 609367, 631643]
10,19,[285611, 303386, 357286, 357465, 357507, 357534, 358630, 384454, 384530, 385107, 390712, 467042, 482511, 551596, 591589, 597999, 608959, 609579, 631918]
16,1,[9502]
26,1,[23714]
27,1,[87924]
30,19,[285455, 303228, 357126, 357305, 357347, 357374, 358470, 384291, 384367, 384944, 390549, 466871, 482345, 551418, 591404, 597808, 608747, 609367, 631643]
