10,107,[11560, 11572, 38496, 38502, 38512, 38539, 38541, 38958, 39913, 50795, 50804, 50813, 50837, 54018, 59576, 60649, 60727, 60897, 60919, 63715, 65755, 65814, 67438, 67492, 67516, 67759, 67832, 67856, 70316, 73552, 73930, 83031, 83082, 83094, 83693, 83791, 83890, 83987, 84086, 84181, 84279, 84375, 84473, 84571, 84669, 84767, 89689, 89789, 98889, 98898, 98949, 98969, 99103, 99137, 99267, 99410, 99518, 99644, 99756, 165640, 172934, 188815, 188882, 188921, 368130, 369929, 387092, 392051, 392142, 399687, 459714, 460385, 460433, 473052, 549535, 549650, 569951, 625580, 633440, 633496, 633599, 633658, 633690, 634118, 634348, 634374, 634473, 634517, 636408, 636783, 636835, 637019, 637118, 637134, 637294, 637633, 638596, 638599, 639488, 639532, 640492, 640597, 640769, 640792, 640864, 640882, 640930]
14,3,[13304, 126593, 169559]
15,2,[2302, 26640]
17,76,[6953, 7887, 8056, 8186, 8232, 8260, 8317, 8382, 8438, 8657, 8702, 8719, 8767, 8800, 8814, 8980, 9776, 9804, 9836, 9918, 9997, 10010, 10148, 10165, 10196, 10244, 10259, 10286, 10291, 10344, 10352, 10400, 10432, 10471, 10511, 10542, 10570, 10606, 10611, 10626, 10712, 10742, 10839, 10936, 10944, 11076, 11092, 11150, 11175, 11236, 11247, 11257, 11443, 11542, 11580, 11615, 11638, 35178, 42681, 42975, 42988, 43021, 44406, 67204, 88010, 94925, 118350, 155653, 170041, 189238, 191345, 198359, 198376, 198495, 210520, 210561]
20,2,[45820, 62259]
21,21,[40, 1461, 5494, 5498, 5515, 5533, 5552, 5567, 6114, 6858, 6897, 16988, 17005, 28724, 28737, 30337, 31593, 31599, 31624, 35265, 35960]
22,15,[17087, 24040, 48128, 53344, 110521, 129209, 129757, 131534, 148076, 149956, 154726, 154788, 154794, 158749, 160979]
23,1,[30455]
25,3,[43802, 121304, 162632]
26,2,[46822, 63596]
27,16,[3212, 3453, 3508, 7044, 7080, 7626, 7662, 9768, 10495, 29641, 32950, 32975, 32986, 33005, 46592, 47190]
28,9,[41, 1226, 2371, 2386, 2406, 2452, 2476, 6855, 6875]
30,107,[11466, 11478, 38398, 38404, 38414, 38441, 38443, 38860, 39815, 50697, 50706, 50715, 50739, 53919, 59473, 60546, 60624, 60794, 60816, 63612, 65652, 65711, 67335, 67389, 67413, 67656, 67729, 67753, 70213, 73449, 73827, 82924, 82975, 82987, 83586, 83684, 83783, 83880, 83979, 84074, 84172, 84268, 84366, 84464, 84562, 84660, 89582, 89682, 98782, 98791, 98842, 98862, 98996, 99030, 99160, 99303, 99411, 99537, 99649, 165517, 172811, 188683, 188750, 188789, 367967, 369766, 386929, 391888, 391979, 399521, 459544, 460215, 460263, 472882, 549357, 549472, 569771, 625323, 633165, 633221, 633324, 633383, 633415, 633843, 634073, 634099, 634198, 634242, 636133, 636508, 636560, 636744, 636843, 636859, 637019, 637358, 638321, 638324, 639213, 639257, 640217, 640322, 640494, 640517, 640589, 640607, 640655]
10,107,[11560, 11572, 38496, 38502, 38512, 38539, 38541, 38958, 39913, 50795, 50804, 50813, 50837, 54018, 59576, 60649, 60727, 60897, 60919, 63715, 65755, 65814, 67438, 67492, 67516, 67759, 67832, 67856, 70316, 73552, 73930, 83031, 83082, 83094, 83693, 83791, 83890, 83987, 84086, 84181, 84279, 84375, 84473, 84571, 84669, 84767, 89689, 89789, 98889, 98898, 98949, 98969, 99103, 99137, 99267, 99410, 99518, 99644, 99756, 165640, 172934, 188815, 188882, 188921, 368130, 369929, 387092, 392051, 392142, 399687, 459714, 460385, 460433, 473052, 549535, 549650, 569951, 625580, 633440, 633496, 633599, 633658, 633690, 634118, 634348, 634374, 634473, 634517, 636408, 636783, 636835, 637019, 637118, 637134, 637294, 637633, 638596, 638599, 639488, 639532, 640492, 640597, 640769, 640792, 640864, 640882, 640930]
14,3,[13304, 126593, 169559]
15,2,[2302, 26640]
17,76,[6953, 7887, 8056, 8186, 8232, 8260, 8317, 8382, 8438, 8657, 8702, 8719, 8767, 8800, 8814, 8980, 9776, 9804, 9836, 9918, 9997, 10010, 10148, 10165, 10196, 10244, 10259, 10286, 10291, 10344, 10352, 10400, 10432, 10471, 10511, 10542, 10570, 10606, 10611, 10626, 10712, 10742, 10839, 10936, 10944, 11076, 11092, 11150, 11175, 11236, 11247, 11257, 11443, 11542, 11580, 11615, 11638, 35178, 42681, 42975, 42988, 43021, 44406, 67204, 88010, 94925, 118350, 155653, 170041, 189238, 191345, 198359, 198376, 198495, 210520, 210561]
20,2,[45820, 62259]
21,21,[40, 1461, 5494, 5498, 5515, 5533, 5552, 5567, 6114, 6858, 6897, 16988, 17005, 28724, 28737, 30337, 31593, 31599, 31624, 35265, 35960]
22,15,[17087, 24040, 48128, 53344, 110521, 129209, 129757, 131534, 148076, 149956, 154726, 154788, 154794, 158749, 160979]
23,1,[30455]
25,3,[43802, 121304, 162632]
26,2,[46822, 63596]
27,16,[3212, 3453, 3508, 7044, 7080, 7626, 7662, 9768, 10495, 29641, 32950, 32975, 32986, 33005, 46592, 47190]
28,9,[41, 1226, 2371, 2386, 2406, 2452, 2476, 6855, 6875]
30,107,[11466, 11478, 38398, 38404, 38414, 38441, 38443, 38860, 39815, 50697, 50706, 50715, 50739, 53919, 59473, 60546, 60624, 60794, 60816, 63612, 65652, 65711, 67335, 67389, 67413, 67656, 67729, 67753, 70213, 73449, 73827, 82924, 82975, 82987, 83586, 83684, 83783, 83880, 83979, 84074, 84172, 84268, 84366, 84464, 84562, 84660, 89582, 89682, 98782, 98791, 98842, 98862, 98996, 99030, 99160, 99303, 99411, 99537, 99649, 165517, 172811, 188683, 188750, 188789, 367967, 369766, 386929, 391888, 391979, 399521, 459544, 460215, 460263, 472882, 549357, 549472, 569771, 625323, 633165, 633221, 633324, 633383, 633415, 633843, 634073, 634099, 634198, 634242, 636133, 636508, 636560, 636744, 636843, 636859, 637019, 637358, 638321, 638324, 639213, 639257, 640217, 640322, 640494, 640517, 640589, 640607, 640655]
