10,37,[47528, 47535, 51112, 51122, 54625, 56295, 57799, 57804, 58013, 58401, 74702, 74736, 81028, 85009, 85012, 85025, 149086, 149190, 205625, 254729, 254738, 254754, 257548, 257566, 262565, 271271, 310591, 430358, 469776, 490640, 490647, 511917, 511939, 511954, 511985, 511998, 633143]
11,1,[898]
14,1,[25784]
15,4,[34813, 63493, 130354, 130426]
20,4,[4452, 27183, 42884, 63696]
22,1,[50927]
25,1,[25041]
26,4,[4964, 28008, 43832, 65075]
27,4,[57213, 72249, 87902, 93118]
30,37,[47430, 47437, 51014, 51024, 54526, 56196, 57700, 57705, 57914, 58302, 74599, 74633, 80921, 84902, 84905, 84918, 148973, 149077, 205483, 254576, 254585, 254601, 257392, 257410, 262409, 271115, 310433, 430188, 469605, 490480, 490487, 511748, 511770, 511785, 511816, 511829, 632868]
10,37,[47528, 47535, 51112, 51122, 54625, 56295, 57799, 57804, 58013, 58401, 74702, 74736, 81028, 85009, 85012, 85025, 149086, 149190, 205625, 254729, 254738, 254754, 257548, 257566, 262565, 271271, 310591, 430358, 469776, 490640, 490647, 511917, 511939, 511954, 511985, 511998, 633143]
11,1,[898]
14,1,[25784]
15,4,[34813, 63493, 130354, 130426]
20,4,[4452, 27183, 42884, 63696]
22,1,[50927]
25,1,[25041]
26,4,[4964, 28008, 43832, 65075]
27,4,[57213, 72249, 87902, 93118]
30,37,[47430, 47437, 51014, 51024, 54526, 56196, 57700, 57705, 57914, 58302, 74599, 74633, 80921, 84902, 84905, 84918, 148973, 149077, 205483, 254576, 254585, 254601, 257392, 257410, 262409, 271115, 310433, 430188, 469605, 490480, 490487, 511748, 511770, 511785, 511816, 511829, 632868]
