6,2,[225, 233]
10,13,[7752, 48800, 163428, 197614, 212547, 300758, 339914, 341875, 347049, 349463, 352236, 390539, 634763]
15,30,[374, 10099, 10356, 15997, 16018, 16049, 16080, 19364, 22486, 22970, 40529, 60894, 69971, 92415, 107712, 107751, 107803, 107841, 107938, 107950, 108407, 108603, 111283, 112719, 129832, 130033, 130304, 130400, 149685, 155022]
16,1,[27213]
20,5,[11637, 15156, 21048, 36429, 41464]
21,5,[711, 17953, 17954, 17978, 35270]
22,9,[50933, 55359, 55362, 55381, 82153, 98788, 100036, 160912, 161001]
24,6,[3698, 3789, 26699, 34181, 34865, 40854]
26,5,[12210, 15789, 21787, 37334, 42400]
27,7,[3607, 61125, 70847, 87930, 100286, 103293, 103337]
30,13,[7658, 48702, 163305, 197482, 212405, 300600, 339755, 341716, 346890, 349304, 352077, 390376, 634488]
6,2,[225, 233]
10,13,[7752, 48800, 163428, 197614, 212547, 300758, 339914, 341875, 347049, 349463, 352236, 390539, 634763]
15,30,[374, 10099, 10356, 15997, 16018, 16049, 16080, 19364, 22486, 22970, 40529, 60894, 69971, 92415, 107712, 107751, 107803, 107841, 107938, 107950, 108407, 108603, 111283, 112719, 129832, 130033, 130304, 130400, 149685, 155022]
16,1,[27213]
20,5,[11637, 15156, 21048, 36429, 41464]
21,5,[711, 17953, 17954, 17978, 35270]
22,9,[50933, 55359, 55362, 55381, 82153, 98788, 100036, 160912, 161001]
24,6,[3698, 3789, 26699, 34181, 34865, 40854]
26,5,[12210, 15789, 21787, 37334, 42400]
27,7,[3607, 61125, 70847, 87930, 100286, 103293, 103337]
30,13,[7658, 48702, 163305, 197482, 212405, 300600, 339755, 341716, 346890, 349304, 352077, 390376, 634488]
