10,1,[584036]
13,2,[123, 598]
14,4,[16255, 78848, 92530, 186962]
15,2,[22436, 28018]
17,1,[105813]
22,8,[29465, 29467, 36934, 39586, 39596, 39598, 39614, 98819]
23,1,[9927]
25,4,[16096, 75278, 88655, 179277]
27,7,[87642, 88911, 92249, 99686, 104185, 104254, 104302]
30,1,[583856]
10,1,[584036]
13,2,[123, 598]
14,4,[16255, 78848, 92530, 186962]
15,2,[22436, 28018]
17,1,[105813]
22,8,[29465, 29467, 36934, 39586, 39596, 39598, 39614, 98819]
23,1,[9927]
25,4,[16096, 75278, 88655, 179277]
27,7,[87642, 88911, 92249, 99686, 104185, 104254, 104302]
30,1,[583856]
