11,2,[549, 556]
14,1,[8461]
15,13,[38708, 46222, 61206, 61483, 61836, 76068, 84518, 107651, 144180, 151254, 151417, 161007, 167470]
18,20,[3610, 20932, 20967, 25969, 39556, 42404, 64393, 68903, 72042, 74632, 88291, 97613, 100794, 100804, 104769, 123368, 135815, 136739, 139327, 145166]
22,6,[24622, 24847, 24907, 28168, 62193, 117122]
25,1,[8668]
27,1,[27890]
11,2,[549, 556]
14,1,[8461]
15,13,[38708, 46222, 61206, 61483, 61836, 76068, 84518, 107651, 144180, 151254, 151417, 161007, 167470]
18,20,[3610, 20932, 20967, 25969, 39556, 42404, 64393, 68903, 72042, 74632, 88291, 97613, 100794, 100804, 104769, 123368, 135815, 136739, 139327, 145166]
22,6,[24622, 24847, 24907, 28168, 62193, 117122]
25,1,[8668]
27,1,[27890]
