9,14,[183, 359, 402, 454, 513, 545, 709, 724, 738, 1458, 1929, 1943, 1956, 2321]
10,523,[6054, 9704, 9753, 9780, 23258, 23318, 23399, 23582, 23613, 30030, 32804, 33838, 39590, 39829, 41690, 42792, 42819, 42872, 42896, 42917, 42942, 43049, 43070, 43099, 43136, 43170, 43357, 43414, 46674, 61472, 61607, 61858, 61982, 62095, 62173, 62760, 65594, 65801, 67186, 67214, 68045, 68540, 68573, 69283, 70951, 72220, 75065, 82717, 82758, 83054, 83289, 83319, 86687, 89876, 90157, 92735, 93048, 101118, 105076, 107660, 108594, 116805, 117028, 117064, 122188, 122320, 122591, 122634, 124099, 124174, 124903, 125121, 125418, 125889, 125949, 125992, 126365, 126389, 127429, 127605, 127632, 127766, 128651, 128675, 133509, 133542, 133626, 133638, 141862, 142952, 143950, 144484, 146508, 154620, 157163, 157206, 157258, 157309, 159872, 159913, 159933, 160079, 160091, 160106, 160254, 160546, 160742, 160766, 160790, 160812, 160869, 160906, 160911, 161034, 161277, 161310, 161746, 164336, 164360, 164428, 173972, 174043, 174077, 174096, 174161, 174201, 176644, 200691, 225432, 227297, 229372, 231678, 232256, 232331, 235086, 235671, 235761, 236902, 236947, 239247, 248094, 248454, 251275, 258420, 261884, 262892, 263264, 264202, 265463, 267899, 268841, 272532, 272992, 273015, 273475, 274597, 275448, 275466, 275557, 276777, 278581, 280792, 280897, 280945, 280994, 281174, 281303, 281308, 282774, 286639, 287690, 287704, 287766, 287896, 287908, 287967, 288078, 288084, 288236, 288308, 288991, 289116, 289289, 289559, 289590, 289775, 289806, 291289, 291458, 292120, 292367, 292502, 292544, 294214, 294357, 304264, 311152, 311157, 314618, 319025, 319749, 328190, 328247, 328346, 329758, 331594, 332786, 332884, 335162, 338809, 338984, 339097, 339147, 339252, 339333, 339354, 339374, 339430, 339526, 339539, 339614, 339711, 339776, 339828, 339960, 340003, 340151, 340262, 340315, 340402, 340435, 340539, 340557, 340654, 345127, 345718, 346171, 347011, 347052, 347225, 349517, 355169, 355177, 355212, 355248, 355765, 356441, 356709, 363308, 363763, 365318, 366644, 366725, 375673, 381563, 381921, 382002, 386092, 386183, 393329, 396484, 397719, 398364, 402296, 403551, 408017, 411864, 412360, 412657, 420169, 420598, 428251, 433525, 442934, 443248, 458063, 458083, 466779, 466860, 466980, 467067, 469122, 469143, 469187, 472830, 473911, 474086, 478015, 483566, 484735, 484739, 486204, 488282, 489289, 491745, 495234, 495270, 495290, 495322, 496102, 498108, 498135, 498600, 499591, 501824, 501828, 502163, 502568, 510257, 510306, 510745, 529719, 529733, 529755, 529833, 530019, 532244, 537532, 539870, 539874, 539878, 539882, 542229, 542259, 548991, 549343, 549808, 554188, 554195, 554251, 554658, 554674, 554774, 554996, 556896, 558546, 560426, 561789, 562153, 562472, 562475, 567738, 568180, 569230, 573306, 573775, 574711, 575085, 577108, 577143, 578194, 579353, 579455, 579567, 579902, 580091, 580528, 580534, 581112, 581348, 581495, 581893, 584298, 585234, 585239, 585245, 585249, 585255, 585264, 585275, 585281, 585286, 585288, 585296, 585337, 585359, 585389, 585435, 585439, 585461, 585466, 585478, 585494, 585505, 585778, 585786, 585805, 585814, 585825, 585830, 585919, 585924, 585936, 585967, 585975, 586192, 586203, 586216, 586221, 586243, 586586, 586597, 586743, 586994, 587007, 587166, 587170, 587185, 587198, 587222, 587238, 587271, 587287, 587310, 587321, 587329, 587349, 587358, 587390, 587433, 587462, 587518, 587529, 587538, 587543, 587550, 587579, 587586, 587609, 587620, 587627, 587656, 587713, 588332, 588807, 588813, 588826, 588898, 588912, 590327, 590379, 593628, 593710, 593726, 594708, 595077, 595084, 595325, 595328, 595337, 595342, 595344, 595348, 595353, 595362, 597515, 597775, 598697, 604225, 604247, 604252, 604286, 604289, 604334, 604375, 604413, 604479, 604500, 604507, 604520, 604539, 604622, 604644, 604656, 604687, 604699, 604712, 604740, 604751, 604877, 604884, 605105, 605109, 605314, 605325, 605449, 605523, 605593, 605653, 605809, 606530, 609250, 609262, 609317, 613821, 613835, 613844, 617518, 619850, 619936, 619969, 620020, 620056, 620207, 620224, 620304, 620906, 620960, 621102, 621237, 621515, 623779, 623971, 623992, 624000, 624030, 624038, 624728, 624732, 624737, 624743, 629254, 629260]
11,2,[4330, 7314]
13,1,[3300]
14,269,[5073, 7361, 7365, 8045, 8990, 9421, 11591, 11597, 12878, 13846, 13850, 14797, 15562, 15566, 16607, 17425, 18315, 19340, 20151, 20154, 20902, 21622, 21626, 22314, 23333, 23337, 25650, 26215, 26991, 26995, 28181, 28185, 28923, 28945, 28951, 28989, 29864, 31555, 31559, 32392, 32397, 32401, 34180, 34876, 35725, 35730, 36572, 36580, 37768, 37792, 39819, 40785, 41629, 41633, 43253, 44187, 45279, 45282, 46384, 47407, 48348, 48354, 49026, 50737, 51881, 51883, 53049, 53053, 54177, 55106, 56078, 58243, 58247, 59412, 61329, 62086, 62090, 62892, 62894, 62897, 64269, 65346, 65350, 66397, 66400, 67215, 69663, 71856, 72813, 72819, 73334, 73337, 74948, 74954, 75872, 76866, 76871, 77915, 77923, 79168, 79174, 80131, 80135, 81095, 82668, 84940, 84945, 86055, 87211, 87217, 88421, 88425, 89594, 89598, 90427, 91528, 92765, 92771, 93671, 94696, 94698, 94701, 96384, 97276, 97280, 98217, 98221, 98974, 100229, 100231, 100236, 101231, 101235, 102056, 102061, 102068, 103091, 103095, 104459, 105290, 105296, 105974, 105979, 106942, 106945, 107912, 109041, 109046, 109831, 109835, 110539, 110543, 111293, 113364, 113908, 114206, 114212, 114957, 115598, 117552, 118256, 118924, 118927, 119537, 119543, 120410, 120414, 121223, 121226, 121937, 122739, 123604, 124644, 124650, 125518, 126245, 127086, 128278, 128282, 129155, 129159, 130013, 131838, 131840, 131844, 132820, 132823, 134835, 136042, 137160, 138040, 139143, 140398, 141960, 143198, 144212, 144899, 144910, 145551, 146378, 147299, 147303, 148625, 149249, 149899, 150493, 151125, 151135, 151139, 151858, 151862, 152723, 152728, 153656, 154491, 154494, 154497, 155202, 155914, 156769, 158445, 158449, 159541, 160188, 161587, 162997, 163003, 163933, 163986, 163989, 164001, 166159, 166164, 166932, 166936, 167895, 167899, 168967, 168970, 170101, 171069, 171074, 173380, 174000, 174980, 174984, 177921, 177924, 178873, 179847, 179896, 181380, 182398, 185596, 187330, 187341, 189086, 190314, 190316, 190320, 191185, 191192, 191988, 193282, 193286, 194099, 194102, 194843, 195666]
15,21,[11561, 17554, 32895, 35627, 70523, 70550, 95550, 121501, 121532, 122193, 122212, 122227, 122247, 122374, 122565, 122582, 122621, 123097, 123234, 123311, 155499]
17,185,[3453, 3460, 3466, 14953, 22152, 22158, 22162, 22170, 22179, 22213, 22232, 22353, 22487, 22996, 23781, 25321, 27116, 27209, 28422, 28645, 28649, 28698, 28745, 29341, 30517, 30733, 32354, 33693, 33775, 37932, 37943, 37952, 37956, 37972, 38008, 38017, 38024, 38039, 38045, 38059, 38119, 38181, 38219, 46854, 51131, 51140, 52943, 53219, 56049, 57246, 58068, 58071, 58109, 65962, 65971, 66049, 66056, 66062, 66076, 66774, 66785, 66803, 66816, 66843, 66856, 66865, 66883, 66887, 66891, 66928, 66939, 68724, 74845, 79469, 79632, 79971, 80028, 80393, 80509, 81223, 81244, 81346, 81361, 81378, 81469, 81940, 81960, 82051, 82109, 91244, 91283, 91715, 91724, 91733, 91793, 91881, 91890, 91951, 92004, 95680, 95754, 96444, 108387, 108397, 108408, 108420, 108452, 108456, 110109, 112004, 112012, 112095, 112109, 112150, 112186, 112197, 112228, 113055, 114316, 117626, 117640, 117687, 117711, 117797, 124793, 124797, 124809, 124820, 124836, 124848, 124867, 124887, 124890, 124956, 135148, 135160, 135179, 135187, 135242, 147680, 147700, 147731, 147753, 149122, 151437, 153824, 157973, 157985, 162769, 165452, 167642, 167679, 171190, 172581, 172603, 172650, 172714, 172721, 175090, 177491, 177514, 177526, 177557, 177958, 178065, 179001, 179347, 179397, 179408, 179417, 179424, 179483, 179493, 179530, 186923, 190596, 204863, 206111, 206130, 209222, 214762, 215664, 216040, 216050, 216104]
18,148,[14562, 23421, 25636, 25736, 31786, 32238, 34200, 35221, 35835, 35847, 40937, 43089, 43371, 48544, 50286, 50933, 50964, 51071, 51094, 51220, 51302, 51323, 51344, 55699, 58241, 58245, 58248, 58251, 58253, 58292, 61152, 68756, 69128, 69154, 69200, 69224, 69231, 69241, 69960, 70003, 70544, 70551, 70924, 73141, 73532, 73533, 74944, 75228, 75403, 80206, 80212, 88483, 89412, 90247, 90940, 93314, 94855, 94972, 97578, 97752, 102337, 102422, 103278, 103285, 107606, 108384, 108495, 110662, 111496, 111593, 111620, 113607, 113687, 114285, 114861, 116762, 119154, 124195, 124667, 124978, 125338, 125784, 126210, 127357, 127372, 130429, 131433, 131612, 131662, 131693, 131824, 134097, 134148, 134796, 134896, 134986, 135109, 135187, 135752, 136232, 136381, 137537, 137578, 137599, 137609, 137692, 137791, 137803, 137822, 137830, 137839, 137855, 137882, 137934, 137940, 137946, 138053, 138166, 138231, 138364, 140963, 141492, 141510, 141537, 141570, 141613, 141683, 141724, 141773, 142307, 142365, 142596, 142609, 142642, 142710, 142847, 142879, 142890, 142956, 142980, 144092, 144176, 144206, 144290, 144436, 144590, 144639, 145960]
20,28,[6134, 20229, 20967, 27674, 27679, 27827, 28643, 28649, 46255, 46261, 47038, 50112, 54590, 56767, 60643, 62313, 63896, 63906, 63912, 63960, 63975, 64011, 64026, 64585, 64613, 64627, 64698, 65182]
21,2,[17175, 28007]
22,146,[6491, 8445, 11174, 11198, 11199, 11500, 11502, 11504, 11510, 11668, 11676, 11684, 16370, 18808, 60596, 62382, 63429, 64770, 64964, 72604, 76285, 76437, 76516, 77350, 79464, 80224, 85368, 101295, 104483, 104501, 104520, 106998, 107063, 108171, 110740, 114623, 114631, 114882, 115458, 115561, 115910, 115936, 116026, 116030, 116117, 116168, 116366, 116368, 116370, 116377, 117564, 118716, 118852, 118889, 118903, 118918, 120375, 120537, 120542, 120704, 120832, 120834, 120859, 121175, 121243, 121245, 121303, 122108, 122333, 122387, 122722, 143493, 149780, 149928, 150019, 150069, 150215, 150363, 150715, 155145, 155161, 156759, 156792, 156799, 156806, 156812, 156818, 156826, 156828, 156830, 156832, 156834, 156836, 156838, 156849, 156860, 156871, 156882, 156901, 156912, 156915, 156923, 156928, 156930, 156933, 156945, 156947, 156949, 156951, 156953, 156955, 156973, 156981, 156988, 156991, 156994, 156997, 157000, 157013, 157016, 157021, 157032, 157059, 157070, 157080, 157167, 157196, 157246, 157463, 157465, 157479, 157487, 157531, 157544, 157547, 157570, 157580, 157597, 157676, 157679, 157697, 157962, 158454, 158470, 159991, 159994]
23,17,[443, 615, 616, 3093, 3169, 4068, 5213, 7224, 9393, 15771, 15805, 22393, 24195, 24775, 24780, 30012, 30173]
24,9,[9323, 11015, 12773, 14270, 17555, 25504, 25865, 33986, 33997]
25,276,[4480, 4530, 5433, 7579, 7583, 8282, 9248, 9672, 11730, 11736, 12937, 13834, 13838, 14761, 15476, 15480, 16413, 17175, 17960, 18919, 19660, 19663, 20519, 21157, 21161, 21829, 22775, 22779, 24909, 25419, 26132, 26136, 27299, 27303, 27997, 28017, 28023, 28058, 28873, 30483, 30487, 31265, 31270, 31274, 32947, 33584, 34367, 34372, 35207, 35215, 36366, 36390, 38279, 39210, 40019, 40023, 41491, 42372, 43448, 43451, 44509, 45559, 46459, 46465, 47111, 48724, 49762, 49764, 50879, 50883, 52009, 52926, 53729, 55859, 55863, 57065, 59647, 59651, 60440, 60442, 60445, 61891, 61894, 63407, 63410, 64120, 66466, 68503, 69348, 69353, 69812, 69815, 71346, 71352, 72266, 73269, 73274, 74278, 74283, 74292, 75584, 76501, 76505, 77384, 78945, 81267, 81272, 82412, 83509, 83514, 84738, 84742, 85878, 85882, 86683, 87693, 88849, 88854, 89691, 90729, 90731, 90734, 92039, 92307, 93163, 93167, 94108, 94112, 94883, 96205, 96207, 96212, 96557, 97102, 97106, 97884, 97889, 97896, 98933, 98937, 100268, 101021, 101026, 101643, 101648, 102547, 102550, 103465, 104510, 104515, 105255, 105259, 106075, 106079, 106762, 108645, 109183, 109418, 109424, 110087, 110678, 112504, 113150, 113877, 113880, 114479, 114485, 115308, 115312, 115421, 116139, 116850, 117558, 118445, 119417, 119423, 120231, 120950, 121770, 122831, 122835, 123674, 123678, 124495, 126146, 126148, 126152, 127165, 127168, 129056, 130257, 131328, 132175, 133322, 134550, 135996, 137251, 138884, 138895, 139477, 140281, 141271, 141275, 142534, 143119, 143714, 144262, 144847, 144856, 144860, 145504, 145508, 146344, 146348, 147165, 147938, 147941, 147944, 148606, 149297, 150086, 151697, 151701, 152675, 153390, 154858, 156184, 156190, 157097, 157146, 157149, 157157, 157179, 157181, 159247, 159252, 159963, 159967, 160961, 160965, 162016, 162019, 163149, 163950, 163959, 164097, 164102, 164110, 164282, 166433, 167003, 167920, 167924, 170627, 170630, 171521, 172439, 172487, 173961, 174950, 177986, 179600, 179611, 181289, 182696, 182698, 182701, 182705, 183955, 185128, 185132, 185911, 185951, 185954, 186652, 187503]
26,28,[6653, 20955, 21705, 28501, 28506, 28655, 29473, 29479, 47260, 47265, 48041, 51156, 55751, 57915, 61940, 63650, 65283, 65293, 65299, 65347, 65362, 65397, 65413, 65985, 66013, 66027, 66098, 66594]
27,14,[5660, 15473, 23933, 74397, 74621, 78231, 80315, 97094, 97217, 98613, 99958, 103979, 103985, 108720]
28,1,[1956]
30,523,[5960, 9610, 9659, 9686, 23164, 23224, 23305, 23488, 23519, 29936, 32706, 33740, 39492, 39731, 41592, 42694, 42721, 42774, 42798, 42819, 42844, 42951, 42972, 43001, 43038, 43072, 43259, 43316, 46576, 61369, 61504, 61755, 61879, 61992, 62070, 62657, 65491, 65698, 67083, 67111, 67942, 68437, 68470, 69180, 70848, 72117, 74962, 82610, 82651, 82947, 83182, 83212, 86580, 89769, 90050, 92628, 92941, 101011, 104965, 107549, 108483, 116694, 116917, 116953, 122077, 122209, 122480, 122523, 123988, 124063, 124792, 125010, 125307, 125778, 125838, 125881, 126254, 126278, 127318, 127494, 127521, 127655, 128539, 128563, 133397, 133430, 133514, 133526, 141750, 142840, 143838, 144371, 146395, 154507, 157050, 157093, 157145, 157196, 159758, 159799, 159819, 159965, 159977, 159992, 160140, 160432, 160628, 160652, 160676, 160698, 160755, 160792, 160797, 160920, 161163, 161196, 161632, 164213, 164237, 164305, 173849, 173920, 173954, 173973, 174038, 174078, 176521, 200549, 225282, 227147, 229222, 231528, 232106, 232181, 234936, 235521, 235611, 236752, 236797, 239094, 247941, 248301, 251122, 258264, 261728, 262736, 263108, 264046, 265307, 267743, 268685, 272376, 272836, 272859, 273319, 274441, 275292, 275310, 275401, 276621, 278426, 280637, 280742, 280790, 280839, 281019, 281148, 281153, 282619, 286483, 287534, 287548, 287610, 287740, 287752, 287811, 287922, 287928, 288080, 288152, 288835, 288960, 289133, 289403, 289434, 289619, 289650, 291133, 291302, 291964, 292210, 292345, 292387, 294057, 294200, 304106, 310993, 310998, 314459, 318866, 319590, 328031, 328088, 328187, 329599, 331435, 332627, 332725, 335003, 338650, 338825, 338938, 338988, 339093, 339174, 339195, 339215, 339271, 339367, 339380, 339455, 339552, 339617, 339669, 339801, 339844, 339992, 340103, 340156, 340243, 340276, 340380, 340398, 340495, 344968, 345559, 346012, 346852, 346893, 347066, 349358, 355010, 355018, 355053, 355089, 355606, 356282, 356550, 363145, 363600, 365155, 366481, 366562, 375510, 381400, 381758, 381839, 385929, 386020, 393163, 396318, 397553, 398198, 402130, 403385, 407851, 411698, 412194, 412491, 420003, 420432, 428084, 433355, 442764, 443078, 457893, 457913, 466608, 466689, 466809, 466896, 468951, 468972, 469016, 472660, 473741, 473916, 477847, 483401, 484570, 484574, 486041, 488120, 489128, 491585, 495075, 495111, 495131, 495163, 495943, 497939, 497966, 498431, 499422, 501655, 501659, 501994, 502399, 510088, 510137, 510576, 529544, 529558, 529580, 529658, 529844, 532069, 537357, 539695, 539699, 539703, 539707, 542054, 542084, 548816, 549165, 549630, 554010, 554017, 554073, 554480, 554496, 554596, 554818, 556718, 558368, 560248, 561611, 561975, 562294, 562297, 567558, 568000, 569050, 573126, 573595, 574531, 574905, 576928, 576963, 578014, 579173, 579275, 579387, 579722, 579911, 580348, 580354, 580932, 581168, 581315, 581713, 584118, 585049, 585054, 585060, 585064, 585070, 585079, 585090, 585096, 585101, 585103, 585111, 585152, 585174, 585204, 585250, 585254, 585276, 585281, 585293, 585309, 585320, 585593, 585601, 585620, 585629, 585640, 585645, 585734, 585739, 585751, 585782, 585790, 586007, 586018, 586031, 586036, 586058, 586401, 586412, 586558, 586809, 586822, 586981, 586985, 587000, 587013, 587037, 587053, 587086, 587102, 587125, 587136, 587144, 587164, 587173, 587205, 587248, 587277, 587333, 587344, 587353, 587358, 587365, 587394, 587401, 587424, 587435, 587442, 587471, 587528, 588147, 588622, 588628, 588641, 588713, 588727, 590142, 590194, 593437, 593519, 593535, 594517, 594886, 594893, 595134, 595137, 595146, 595151, 595153, 595157, 595162, 595171, 597324, 597584, 598506, 604023, 604045, 604050, 604084, 604087, 604132, 604173, 604211, 604277, 604298, 604305, 604318, 604337, 604420, 604442, 604454, 604485, 604497, 604510, 604538, 604549, 604675, 604682, 604903, 604907, 605112, 605123, 605247, 605321, 605391, 605451, 605607, 606323, 609038, 609050, 609105, 613587, 613601, 613610, 617275, 619598, 619684, 619717, 619768, 619804, 619955, 619972, 620052, 620654, 620708, 620850, 620985, 621263, 623525, 623717, 623738, 623746, 623776, 623784, 624474, 624478, 624483, 624489, 628991, 628997]
9,14,[183, 359, 402, 454, 513, 545, 709, 724, 738, 1458, 1929, 1943, 1956, 2321]
10,523,[6054, 9704, 9753, 9780, 23258, 23318, 23399, 23582, 23613, 30030, 32804, 33838, 39590, 39829, 41690, 42792, 42819, 42872, 42896, 42917, 42942, 43049, 43070, 43099, 43136, 43170, 43357, 43414, 46674, 61472, 61607, 61858, 61982, 62095, 62173, 62760, 65594, 65801, 67186, 67214, 68045, 68540, 68573, 69283, 70951, 72220, 75065, 82717, 82758, 83054, 83289, 83319, 86687, 89876, 90157, 92735, 93048, 101118, 105076, 107660, 108594, 116805, 117028, 117064, 122188, 122320, 122591, 122634, 124099, 124174, 124903, 125121, 125418, 125889, 125949, 125992, 126365, 126389, 127429, 127605, 127632, 127766, 128651, 128675, 133509, 133542, 133626, 133638, 141862, 142952, 143950, 144484, 146508, 154620, 157163, 157206, 157258, 157309, 159872, 159913, 159933, 160079, 160091, 160106, 160254, 160546, 160742, 160766, 160790, 160812, 160869, 160906, 160911, 161034, 161277, 161310, 161746, 164336, 164360, 164428, 173972, 174043, 174077, 174096, 174161, 174201, 176644, 200691, 225432, 227297, 229372, 231678, 232256, 232331, 235086, 235671, 235761, 236902, 236947, 239247, 248094, 248454, 251275, 258420, 261884, 262892, 263264, 264202, 265463, 267899, 268841, 272532, 272992, 273015, 273475, 274597, 275448, 275466, 275557, 276777, 278581, 280792, 280897, 280945, 280994, 281174, 281303, 281308, 282774, 286639, 287690, 287704, 287766, 287896, 287908, 287967, 288078, 288084, 288236, 288308, 288991, 289116, 289289, 289559, 289590, 289775, 289806, 291289, 291458, 292120, 292367, 292502, 292544, 294214, 294357, 304264, 311152, 311157, 314618, 319025, 319749, 328190, 328247, 328346, 329758, 331594, 332786, 332884, 335162, 338809, 338984, 339097, 339147, 339252, 339333, 339354, 339374, 339430, 339526, 339539, 339614, 339711, 339776, 339828, 339960, 340003, 340151, 340262, 340315, 340402, 340435, 340539, 340557, 340654, 345127, 345718, 346171, 347011, 347052, 347225, 349517, 355169, 355177, 355212, 355248, 355765, 356441, 356709, 363308, 363763, 365318, 366644, 366725, 375673, 381563, 381921, 382002, 386092, 386183, 393329, 396484, 397719, 398364, 402296, 403551, 408017, 411864, 412360, 412657, 420169, 420598, 428251, 433525, 442934, 443248, 458063, 458083, 466779, 466860, 466980, 467067, 469122, 469143, 469187, 472830, 473911, 474086, 478015, 483566, 484735, 484739, 486204, 488282, 489289, 491745, 495234, 495270, 495290, 495322, 496102, 498108, 498135, 498600, 499591, 501824, 501828, 502163, 502568, 510257, 510306, 510745, 529719, 529733, 529755, 529833, 530019, 532244, 537532, 539870, 539874, 539878, 539882, 542229, 542259, 548991, 549343, 549808, 554188, 554195, 554251, 554658, 554674, 554774, 554996, 556896, 558546, 560426, 561789, 562153, 562472, 562475, 567738, 568180, 569230, 573306, 573775, 574711, 575085, 577108, 577143, 578194, 579353, 579455, 579567, 579902, 580091, 580528, 580534, 581112, 581348, 581495, 581893, 584298, 585234, 585239, 585245, 585249, 585255, 585264, 585275, 585281, 585286, 585288, 585296, 585337, 585359, 585389, 585435, 585439, 585461, 585466, 585478, 585494, 585505, 585778, 585786, 585805, 585814, 585825, 585830, 585919, 585924, 585936, 585967, 585975, 586192, 586203, 586216, 586221, 586243, 586586, 586597, 586743, 586994, 587007, 587166, 587170, 587185, 587198, 587222, 587238, 587271, 587287, 587310, 587321, 587329, 587349, 587358, 587390, 587433, 587462, 587518, 587529, 587538, 587543, 587550, 587579, 587586, 587609, 587620, 587627, 587656, 587713, 588332, 588807, 588813, 588826, 588898, 588912, 590327, 590379, 593628, 593710, 593726, 594708, 595077, 595084, 595325, 595328, 595337, 595342, 595344, 595348, 595353, 595362, 597515, 597775, 598697, 604225, 604247, 604252, 604286, 604289, 604334, 604375, 604413, 604479, 604500, 604507, 604520, 604539, 604622, 604644, 604656, 604687, 604699, 604712, 604740, 604751, 604877, 604884, 605105, 605109, 605314, 605325, 605449, 605523, 605593, 605653, 605809, 606530, 609250, 609262, 609317, 613821, 613835, 613844, 617518, 619850, 619936, 619969, 620020, 620056, 620207, 620224, 620304, 620906, 620960, 621102, 621237, 621515, 623779, 623971, 623992, 624000, 624030, 624038, 624728, 624732, 624737, 624743, 629254, 629260]
11,2,[4330, 7314]
13,1,[3300]
14,269,[5073, 7361, 7365, 8045, 8990, 9421, 11591, 11597, 12878, 13846, 13850, 14797, 15562, 15566, 16607, 17425, 18315, 19340, 20151, 20154, 20902, 21622, 21626, 22314, 23333, 23337, 25650, 26215, 26991, 26995, 28181, 28185, 28923, 28945, 28951, 28989, 29864, 31555, 31559, 32392, 32397, 32401, 34180, 34876, 35725, 35730, 36572, 36580, 37768, 37792, 39819, 40785, 41629, 41633, 43253, 44187, 45279, 45282, 46384, 47407, 48348, 48354, 49026, 50737, 51881, 51883, 53049, 53053, 54177, 55106, 56078, 58243, 58247, 59412, 61329, 62086, 62090, 62892, 62894, 62897, 64269, 65346, 65350, 66397, 66400, 67215, 69663, 71856, 72813, 72819, 73334, 73337, 74948, 74954, 75872, 76866, 76871, 77915, 77923, 79168, 79174, 80131, 80135, 81095, 82668, 84940, 84945, 86055, 87211, 87217, 88421, 88425, 89594, 89598, 90427, 91528, 92765, 92771, 93671, 94696, 94698, 94701, 96384, 97276, 97280, 98217, 98221, 98974, 100229, 100231, 100236, 101231, 101235, 102056, 102061, 102068, 103091, 103095, 104459, 105290, 105296, 105974, 105979, 106942, 106945, 107912, 109041, 109046, 109831, 109835, 110539, 110543, 111293, 113364, 113908, 114206, 114212, 114957, 115598, 117552, 118256, 118924, 118927, 119537, 119543, 120410, 120414, 121223, 121226, 121937, 122739, 123604, 124644, 124650, 125518, 126245, 127086, 128278, 128282, 129155, 129159, 130013, 131838, 131840, 131844, 132820, 132823, 134835, 136042, 137160, 138040, 139143, 140398, 141960, 143198, 144212, 144899, 144910, 145551, 146378, 147299, 147303, 148625, 149249, 149899, 150493, 151125, 151135, 151139, 151858, 151862, 152723, 152728, 153656, 154491, 154494, 154497, 155202, 155914, 156769, 158445, 158449, 159541, 160188, 161587, 162997, 163003, 163933, 163986, 163989, 164001, 166159, 166164, 166932, 166936, 167895, 167899, 168967, 168970, 170101, 171069, 171074, 173380, 174000, 174980, 174984, 177921, 177924, 178873, 179847, 179896, 181380, 182398, 185596, 187330, 187341, 189086, 190314, 190316, 190320, 191185, 191192, 191988, 193282, 193286, 194099, 194102, 194843, 195666]
15,21,[11561, 17554, 32895, 35627, 70523, 70550, 95550, 121501, 121532, 122193, 122212, 122227, 122247, 122374, 122565, 122582, 122621, 123097, 123234, 123311, 155499]
17,185,[3453, 3460, 3466, 14953, 22152, 22158, 22162, 22170, 22179, 22213, 22232, 22353, 22487, 22996, 23781, 25321, 27116, 27209, 28422, 28645, 28649, 28698, 28745, 29341, 30517, 30733, 32354, 33693, 33775, 37932, 37943, 37952, 37956, 37972, 38008, 38017, 38024, 38039, 38045, 38059, 38119, 38181, 38219, 46854, 51131, 51140, 52943, 53219, 56049, 57246, 58068, 58071, 58109, 65962, 65971, 66049, 66056, 66062, 66076, 66774, 66785, 66803, 66816, 66843, 66856, 66865, 66883, 66887, 66891, 66928, 66939, 68724, 74845, 79469, 79632, 79971, 80028, 80393, 80509, 81223, 81244, 81346, 81361, 81378, 81469, 81940, 81960, 82051, 82109, 91244, 91283, 91715, 91724, 91733, 91793, 91881, 91890, 91951, 92004, 95680, 95754, 96444, 108387, 108397, 108408, 108420, 108452, 108456, 110109, 112004, 112012, 112095, 112109, 112150, 112186, 112197, 112228, 113055, 114316, 117626, 117640, 117687, 117711, 117797, 124793, 124797, 124809, 124820, 124836, 124848, 124867, 124887, 124890, 124956, 135148, 135160, 135179, 135187, 135242, 147680, 147700, 147731, 147753, 149122, 151437, 153824, 157973, 157985, 162769, 165452, 167642, 167679, 171190, 172581, 172603, 172650, 172714, 172721, 175090, 177491, 177514, 177526, 177557, 177958, 178065, 179001, 179347, 179397, 179408, 179417, 179424, 179483, 179493, 179530, 186923, 190596, 204863, 206111, 206130, 209222, 214762, 215664, 216040, 216050, 216104]
18,148,[14562, 23421, 25636, 25736, 31786, 32238, 34200, 35221, 35835, 35847, 40937, 43089, 43371, 48544, 50286, 50933, 50964, 51071, 51094, 51220, 51302, 51323, 51344, 55699, 58241, 58245, 58248, 58251, 58253, 58292, 61152, 68756, 69128, 69154, 69200, 69224, 69231, 69241, 69960, 70003, 70544, 70551, 70924, 73141, 73532, 73533, 74944, 75228, 75403, 80206, 80212, 88483, 89412, 90247, 90940, 93314, 94855, 94972, 97578, 97752, 102337, 102422, 103278, 103285, 107606, 108384, 108495, 110662, 111496, 111593, 111620, 113607, 113687, 114285, 114861, 116762, 119154, 124195, 124667, 124978, 125338, 125784, 126210, 127357, 127372, 130429, 131433, 131612, 131662, 131693, 131824, 134097, 134148, 134796, 134896, 134986, 135109, 135187, 135752, 136232, 136381, 137537, 137578, 137599, 137609, 137692, 137791, 137803, 137822, 137830, 137839, 137855, 137882, 137934, 137940, 137946, 138053, 138166, 138231, 138364, 140963, 141492, 141510, 141537, 141570, 141613, 141683, 141724, 141773, 142307, 142365, 142596, 142609, 142642, 142710, 142847, 142879, 142890, 142956, 142980, 144092, 144176, 144206, 144290, 144436, 144590, 144639, 145960]
20,28,[6134, 20229, 20967, 27674, 27679, 27827, 28643, 28649, 46255, 46261, 47038, 50112, 54590, 56767, 60643, 62313, 63896, 63906, 63912, 63960, 63975, 64011, 64026, 64585, 64613, 64627, 64698, 65182]
21,2,[17175, 28007]
22,146,[6491, 8445, 11174, 11198, 11199, 11500, 11502, 11504, 11510, 11668, 11676, 11684, 16370, 18808, 60596, 62382, 63429, 64770, 64964, 72604, 76285, 76437, 76516, 77350, 79464, 80224, 85368, 101295, 104483, 104501, 104520, 106998, 107063, 108171, 110740, 114623, 114631, 114882, 115458, 115561, 115910, 115936, 116026, 116030, 116117, 116168, 116366, 116368, 116370, 116377, 117564, 118716, 118852, 118889, 118903, 118918, 120375, 120537, 120542, 120704, 120832, 120834, 120859, 121175, 121243, 121245, 121303, 122108, 122333, 122387, 122722, 143493, 149780, 149928, 150019, 150069, 150215, 150363, 150715, 155145, 155161, 156759, 156792, 156799, 156806, 156812, 156818, 156826, 156828, 156830, 156832, 156834, 156836, 156838, 156849, 156860, 156871, 156882, 156901, 156912, 156915, 156923, 156928, 156930, 156933, 156945, 156947, 156949, 156951, 156953, 156955, 156973, 156981, 156988, 156991, 156994, 156997, 157000, 157013, 157016, 157021, 157032, 157059, 157070, 157080, 157167, 157196, 157246, 157463, 157465, 157479, 157487, 157531, 157544, 157547, 157570, 157580, 157597, 157676, 157679, 157697, 157962, 158454, 158470, 159991, 159994]
23,17,[443, 615, 616, 3093, 3169, 4068, 5213, 7224, 9393, 15771, 15805, 22393, 24195, 24775, 24780, 30012, 30173]
24,9,[9323, 11015, 12773, 14270, 17555, 25504, 25865, 33986, 33997]
25,276,[4480, 4530, 5433, 7579, 7583, 8282, 9248, 9672, 11730, 11736, 12937, 13834, 13838, 14761, 15476, 15480, 16413, 17175, 17960, 18919, 19660, 19663, 20519, 21157, 21161, 21829, 22775, 22779, 24909, 25419, 26132, 26136, 27299, 27303, 27997, 28017, 28023, 28058, 28873, 30483, 30487, 31265, 31270, 31274, 32947, 33584, 34367, 34372, 35207, 35215, 36366, 36390, 38279, 39210, 40019, 40023, 41491, 42372, 43448, 43451, 44509, 45559, 46459, 46465, 47111, 48724, 49762, 49764, 50879, 50883, 52009, 52926, 53729, 55859, 55863, 57065, 59647, 59651, 60440, 60442, 60445, 61891, 61894, 63407, 63410, 64120, 66466, 68503, 69348, 69353, 69812, 69815, 71346, 71352, 72266, 73269, 73274, 74278, 74283, 74292, 75584, 76501, 76505, 77384, 78945, 81267, 81272, 82412, 83509, 83514, 84738, 84742, 85878, 85882, 86683, 87693, 88849, 88854, 89691, 90729, 90731, 90734, 92039, 92307, 93163, 93167, 94108, 94112, 94883, 96205, 96207, 96212, 96557, 97102, 97106, 97884, 97889, 97896, 98933, 98937, 100268, 101021, 101026, 101643, 101648, 102547, 102550, 103465, 104510, 104515, 105255, 105259, 106075, 106079, 106762, 108645, 109183, 109418, 109424, 110087, 110678, 112504, 113150, 113877, 113880, 114479, 114485, 115308, 115312, 115421, 116139, 116850, 117558, 118445, 119417, 119423, 120231, 120950, 121770, 122831, 122835, 123674, 123678, 124495, 126146, 126148, 126152, 127165, 127168, 129056, 130257, 131328, 132175, 133322, 134550, 135996, 137251, 138884, 138895, 139477, 140281, 141271, 141275, 142534, 143119, 143714, 144262, 144847, 144856, 144860, 145504, 145508, 146344, 146348, 147165, 147938, 147941, 147944, 148606, 149297, 150086, 151697, 151701, 152675, 153390, 154858, 156184, 156190, 157097, 157146, 157149, 157157, 157179, 157181, 159247, 159252, 159963, 159967, 160961, 160965, 162016, 162019, 163149, 163950, 163959, 164097, 164102, 164110, 164282, 166433, 167003, 167920, 167924, 170627, 170630, 171521, 172439, 172487, 173961, 174950, 177986, 179600, 179611, 181289, 182696, 182698, 182701, 182705, 183955, 185128, 185132, 185911, 185951, 185954, 186652, 187503]
26,28,[6653, 20955, 21705, 28501, 28506, 28655, 29473, 29479, 47260, 47265, 48041, 51156, 55751, 57915, 61940, 63650, 65283, 65293, 65299, 65347, 65362, 65397, 65413, 65985, 66013, 66027, 66098, 66594]
27,14,[5660, 15473, 23933, 74397, 74621, 78231, 80315, 97094, 97217, 98613, 99958, 103979, 103985, 108720]
28,1,[1956]
30,523,[5960, 9610, 9659, 9686, 23164, 23224, 23305, 23488, 23519, 29936, 32706, 33740, 39492, 39731, 41592, 42694, 42721, 42774, 42798, 42819, 42844, 42951, 42972, 43001, 43038, 43072, 43259, 43316, 46576, 61369, 61504, 61755, 61879, 61992, 62070, 62657, 65491, 65698, 67083, 67111, 67942, 68437, 68470, 69180, 70848, 72117, 74962, 82610, 82651, 82947, 83182, 83212, 86580, 89769, 90050, 92628, 92941, 101011, 104965, 107549, 108483, 116694, 116917, 116953, 122077, 122209, 122480, 122523, 123988, 124063, 124792, 125010, 125307, 125778, 125838, 125881, 126254, 126278, 127318, 127494, 127521, 127655, 128539, 128563, 133397, 133430, 133514, 133526, 141750, 142840, 143838, 144371, 146395, 154507, 157050, 157093, 157145, 157196, 159758, 159799, 159819, 159965, 159977, 159992, 160140, 160432, 160628, 160652, 160676, 160698, 160755, 160792, 160797, 160920, 161163, 161196, 161632, 164213, 164237, 164305, 173849, 173920, 173954, 173973, 174038, 174078, 176521, 200549, 225282, 227147, 229222, 231528, 232106, 232181, 234936, 235521, 235611, 236752, 236797, 239094, 247941, 248301, 251122, 258264, 261728, 262736, 263108, 264046, 265307, 267743, 268685, 272376, 272836, 272859, 273319, 274441, 275292, 275310, 275401, 276621, 278426, 280637, 280742, 280790, 280839, 281019, 281148, 281153, 282619, 286483, 287534, 287548, 287610, 287740, 287752, 287811, 287922, 287928, 288080, 288152, 288835, 288960, 289133, 289403, 289434, 289619, 289650, 291133, 291302, 291964, 292210, 292345, 292387, 294057, 294200, 304106, 310993, 310998, 314459, 318866, 319590, 328031, 328088, 328187, 329599, 331435, 332627, 332725, 335003, 338650, 338825, 338938, 338988, 339093, 339174, 339195, 339215, 339271, 339367, 339380, 339455, 339552, 339617, 339669, 339801, 339844, 339992, 340103, 340156, 340243, 340276, 340380, 340398, 340495, 344968, 345559, 346012, 346852, 346893, 347066, 349358, 355010, 355018, 355053, 355089, 355606, 356282, 356550, 363145, 363600, 365155, 366481, 366562, 375510, 381400, 381758, 381839, 385929, 386020, 393163, 396318, 397553, 398198, 402130, 403385, 407851, 411698, 412194, 412491, 420003, 420432, 428084, 433355, 442764, 443078, 457893, 457913, 466608, 466689, 466809, 466896, 468951, 468972, 469016, 472660, 473741, 473916, 477847, 483401, 484570, 484574, 486041, 488120, 489128, 491585, 495075, 495111, 495131, 495163, 495943, 497939, 497966, 498431, 499422, 501655, 501659, 501994, 502399, 510088, 510137, 510576, 529544, 529558, 529580, 529658, 529844, 532069, 537357, 539695, 539699, 539703, 539707, 542054, 542084, 548816, 549165, 549630, 554010, 554017, 554073, 554480, 554496, 554596, 554818, 556718, 558368, 560248, 561611, 561975, 562294, 562297, 567558, 568000, 569050, 573126, 573595, 574531, 574905, 576928, 576963, 578014, 579173, 579275, 579387, 579722, 579911, 580348, 580354, 580932, 581168, 581315, 581713, 584118, 585049, 585054, 585060, 585064, 585070, 585079, 585090, 585096, 585101, 585103, 585111, 585152, 585174, 585204, 585250, 585254, 585276, 585281, 585293, 585309, 585320, 585593, 585601, 585620, 585629, 585640, 585645, 585734, 585739, 585751, 585782, 585790, 586007, 586018, 586031, 586036, 586058, 586401, 586412, 586558, 586809, 586822, 586981, 586985, 587000, 587013, 587037, 587053, 587086, 587102, 587125, 587136, 587144, 587164, 587173, 587205, 587248, 587277, 587333, 587344, 587353, 587358, 587365, 587394, 587401, 587424, 587435, 587442, 587471, 587528, 588147, 588622, 588628, 588641, 588713, 588727, 590142, 590194, 593437, 593519, 593535, 594517, 594886, 594893, 595134, 595137, 595146, 595151, 595153, 595157, 595162, 595171, 597324, 597584, 598506, 604023, 604045, 604050, 604084, 604087, 604132, 604173, 604211, 604277, 604298, 604305, 604318, 604337, 604420, 604442, 604454, 604485, 604497, 604510, 604538, 604549, 604675, 604682, 604903, 604907, 605112, 605123, 605247, 605321, 605391, 605451, 605607, 606323, 609038, 609050, 609105, 613587, 613601, 613610, 617275, 619598, 619684, 619717, 619768, 619804, 619955, 619972, 620052, 620654, 620708, 620850, 620985, 621263, 623525, 623717, 623738, 623746, 623776, 623784, 624474, 624478, 624483, 624489, 628991, 628997]
