9,1,[145]
10,39,[281251, 385655, 439762, 440098, 440171, 440329, 450640, 450680, 450729, 502510, 502548, 502647, 502694, 504599, 507587, 508395, 509978, 514132, 516831, 516873, 516958, 519367, 522446, 524305, 532729, 532779, 532874, 540736, 545155, 552071, 562161, 575786, 578214, 580348, 593817, 593828, 595811, 595822, 602973]
15,1,[155400]
16,1,[33169]
17,3,[19438, 26635, 187595]
18,3,[63203, 65796, 107288]
20,2,[26295, 42041]
22,4,[118848, 149848, 150210, 156887]
26,2,[27094, 42975]
27,3,[17232, 21947, 22009]
30,39,[281096, 385492, 439592, 439928, 440001, 440159, 450470, 450510, 450559, 502341, 502379, 502478, 502525, 504430, 507418, 508226, 509809, 513963, 516659, 516701, 516786, 519195, 522274, 524133, 532554, 532604, 532699, 540561, 544980, 551893, 561983, 575606, 578034, 580168, 593626, 593637, 595620, 595631, 602776]
9,1,[145]
10,39,[281251, 385655, 439762, 440098, 440171, 440329, 450640, 450680, 450729, 502510, 502548, 502647, 502694, 504599, 507587, 508395, 509978, 514132, 516831, 516873, 516958, 519367, 522446, 524305, 532729, 532779, 532874, 540736, 545155, 552071, 562161, 575786, 578214, 580348, 593817, 593828, 595811, 595822, 602973]
15,1,[155400]
16,1,[33169]
17,3,[19438, 26635, 187595]
18,3,[63203, 65796, 107288]
20,2,[26295, 42041]
22,4,[118848, 149848, 150210, 156887]
26,2,[27094, 42975]
27,3,[17232, 21947, 22009]
30,39,[281096, 385492, 439592, 439928, 440001, 440159, 450470, 450510, 450559, 502341, 502379, 502478, 502525, 504430, 507418, 508226, 509809, 513963, 516659, 516701, 516786, 519195, 522274, 524133, 532554, 532604, 532699, 540561, 544980, 551893, 561983, 575606, 578034, 580168, 593626, 593637, 595620, 595631, 602776]
