10,3,[274032, 367128, 505336]
11,1,[3600]
14,426,[552, 2209, 3185, 3218, 4217, 4243, 5125, 5144, 6028, 6722, 6760, 7399, 7415, 8070, 8098, 9458, 9494, 10737, 10758, 11625, 11652, 12923, 12958, 13927, 13951, 14832, 14861, 15604, 16637, 16666, 17465, 17492, 18388, 18419, 19376, 19404, 20203, 20217, 20938, 20964, 21675, 22360, 22382, 23380, 23400, 24370, 24392, 25341, 25677, 25701, 26241, 26262, 27043, 27118, 28214, 28232, 28980, 29005, 29907, 29926, 30687, 30727, 31587, 31601, 31666, 32443, 32478, 33413, 33442, 34215, 34243, 34918, 34933, 35765, 35779, 36625, 36639, 37828, 37883, 38819, 39299, 39869, 39903, 40813, 41662, 41684, 42496, 42532, 43293, 43325, 44249, 44297, 45337, 45361, 46446, 46475, 47442, 47471, 48380, 48401, 49055, 49077, 49777, 49799, 50771, 50793, 51938, 51972, 53093, 53114, 54211, 54245, 55145, 55209, 56100, 56752, 56776, 57431, 57484, 58289, 58315, 59460, 59479, 60610, 60631, 61267, 61305, 62133, 62153, 62924, 62948, 64319, 64352, 65399, 65418, 66446, 66468, 67247, 67277, 68095, 68114, 69057, 69697, 69723, 70467, 70488, 71235, 71253, 71896, 71919, 72850, 72874, 73394, 73408, 74137, 74179, 74990, 75017, 75938, 75954, 76903, 76918, 76923, 76953, 77947, 79218, 79238, 80176, 80195, 81147, 81175, 82742, 82764, 83815, 83842, 83923, 84995, 86108, 86133, 87280, 87315, 88475, 88508, 89637, 89652, 90468, 90494, 91580, 91598, 92797, 92820, 93760, 93780, 94742, 94764, 95735, 95755, 96435, 96462, 97316, 97344, 98260, 98287, 99017, 99040, 99094, 100305, 100323, 101301, 101339, 102106, 102128, 103140, 103168, 103872, 103905, 104519, 104555, 105319, 105339, 106023, 106044, 106981, 107001, 107971, 108014, 109075, 109091, 109877, 109892, 110577, 110606, 111333, 111361, 111952, 111965, 112581, 113405, 113422, 114243, 114277, 114982, 115007, 115647, 115662, 116849, 116869, 117584, 117612, 118310, 118337, 118956, 118978, 119583, 119601, 120439, 120460, 121247, 121261, 121955, 121969, 122778, 122819, 123671, 123710, 124680, 124713, 125541, 126297, 126333, 127120, 127149, 128317, 128338, 129201, 129221, 129257, 130042, 130071, 130646, 130677, 131208, 131236, 131892, 131917, 132860, 133655, 134887, 134907, 136088, 136123, 137195, 138094, 138110, 139192, 139250, 140435, 140455, 141400, 141433, 142015, 142039, 143247, 143274, 144237, 144262, 144936, 144965, 145579, 145599, 146458, 146483, 147256, 147352, 147368, 148080, 148099, 148659, 148709, 149283, 149311, 149923, 149951, 150526, 150551, 151197, 151227, 151901, 151922, 152774, 153701, 153715, 154523, 154538, 155236, 155268, 155944, 155983, 156793, 156831, 157558, 157587, 158496, 158511, 158516, 158549, 158574, 159558, 160256, 160290, 161649, 161677, 163031, 163051, 164054, 164094, 164893, 164918, 165761, 166209, 166967, 167007, 167976, 168003, 168060, 169022, 169063, 169187, 170150, 170175, 171129, 171162, 172210, 172225, 172936, 173408, 173429, 174044, 174066, 175019, 175041, 175997, 176023, 176909, 176932, 177398, 177430, 177963, 177993, 178904, 178953, 179950, 179984, 181419, 181439, 182439, 182460, 183295, 183320, 183940, 183956, 184537, 184552, 185629, 185653, 186499, 186525, 187347, 187366, 188613, 189131, 189159, 190360, 190396, 191223, 191267, 192067, 192186, 193324, 193348, 194136, 194157, 194863, 194886, 195707, 195747]
15,2,[4652, 4661]
17,15,[34171, 53021, 77188, 82409, 126699, 132687, 135825, 142036, 142057, 160972, 171956, 172845, 173057, 173250, 197841]
18,12,[14304, 15862, 21864, 25489, 27864, 28718, 71927, 83795, 98622, 102652, 107964, 147366]
20,2,[2228, 28792]
21,3,[14975, 14996, 23842]
23,2,[15446, 21327]
25,206,[3615, 4602, 5500, 6996, 7631, 8329, 9733, 10939, 11785, 13011, 13933, 14819, 16451, 17236, 18058, 18977, 19700, 20575, 21893, 22837, 23721, 24954, 25460, 26229, 27344, 28070, 28967, 29714, 30529, 31350, 32255, 33003, 33639, 34429, 35271, 36483, 38342, 40069, 40857, 41557, 42476, 43525, 44634, 45617, 46505, 47155, 47845, 48774, 49847, 50938, 52073, 52980, 54370, 55119, 55924, 57126, 58207, 58868, 59709, 60490, 61966, 63472, 64174, 64920, 65837, 66520, 67235, 67949, 68560, 69404, 69892, 70638, 71410, 72319, 73315, 73320, 73351, 75634, 76558, 77458, 79035, 80108, 80192, 82486, 83591, 84831, 85936, 86744, 87757, 88901, 89794, 90792, 91696, 92379, 93228, 94179, 94943, 94994, 96293, 97203, 98011, 99005, 99781, 100358, 101066, 101706, 102600, 103561, 104553, 105342, 106136, 106826, 107362, 108697, 109483, 110134, 110736, 111889, 112558, 113216, 113925, 114537, 115353, 116184, 116876, 117634, 118546, 119480, 121029, 121819, 122886, 123734, 123772, 124546, 125072, 125578, 126220, 129122, 130332, 132242, 133399, 134606, 135525, 136059, 137317, 138278, 138944, 139519, 140352, 141209, 141333, 142053, 142607, 143177, 143763, 144307, 144937, 145557, 147225, 147979, 148666, 149358, 150143, 150852, 151764, 151769, 151797, 151822, 153500, 153835, 154941, 156232, 157279, 158050, 160024, 161075, 162118, 162254, 163226, 164279, 164289, 165367, 166478, 167063, 167975, 168896, 169770, 170204, 170693, 171599, 172562, 174014, 175009, 175843, 176443, 177004, 178038, 178875, 179634, 181356, 182847, 184144, 185187, 186003, 186696, 187575]
26,2,[2622, 29625]
30,3,[273876, 366965, 505167]
10,3,[274032, 367128, 505336]
11,1,[3600]
14,426,[552, 2209, 3185, 3218, 4217, 4243, 5125, 5144, 6028, 6722, 6760, 7399, 7415, 8070, 8098, 9458, 9494, 10737, 10758, 11625, 11652, 12923, 12958, 13927, 13951, 14832, 14861, 15604, 16637, 16666, 17465, 17492, 18388, 18419, 19376, 19404, 20203, 20217, 20938, 20964, 21675, 22360, 22382, 23380, 23400, 24370, 24392, 25341, 25677, 25701, 26241, 26262, 27043, 27118, 28214, 28232, 28980, 29005, 29907, 29926, 30687, 30727, 31587, 31601, 31666, 32443, 32478, 33413, 33442, 34215, 34243, 34918, 34933, 35765, 35779, 36625, 36639, 37828, 37883, 38819, 39299, 39869, 39903, 40813, 41662, 41684, 42496, 42532, 43293, 43325, 44249, 44297, 45337, 45361, 46446, 46475, 47442, 47471, 48380, 48401, 49055, 49077, 49777, 49799, 50771, 50793, 51938, 51972, 53093, 53114, 54211, 54245, 55145, 55209, 56100, 56752, 56776, 57431, 57484, 58289, 58315, 59460, 59479, 60610, 60631, 61267, 61305, 62133, 62153, 62924, 62948, 64319, 64352, 65399, 65418, 66446, 66468, 67247, 67277, 68095, 68114, 69057, 69697, 69723, 70467, 70488, 71235, 71253, 71896, 71919, 72850, 72874, 73394, 73408, 74137, 74179, 74990, 75017, 75938, 75954, 76903, 76918, 76923, 76953, 77947, 79218, 79238, 80176, 80195, 81147, 81175, 82742, 82764, 83815, 83842, 83923, 84995, 86108, 86133, 87280, 87315, 88475, 88508, 89637, 89652, 90468, 90494, 91580, 91598, 92797, 92820, 93760, 93780, 94742, 94764, 95735, 95755, 96435, 96462, 97316, 97344, 98260, 98287, 99017, 99040, 99094, 100305, 100323, 101301, 101339, 102106, 102128, 103140, 103168, 103872, 103905, 104519, 104555, 105319, 105339, 106023, 106044, 106981, 107001, 107971, 108014, 109075, 109091, 109877, 109892, 110577, 110606, 111333, 111361, 111952, 111965, 112581, 113405, 113422, 114243, 114277, 114982, 115007, 115647, 115662, 116849, 116869, 117584, 117612, 118310, 118337, 118956, 118978, 119583, 119601, 120439, 120460, 121247, 121261, 121955, 121969, 122778, 122819, 123671, 123710, 124680, 124713, 125541, 126297, 126333, 127120, 127149, 128317, 128338, 129201, 129221, 129257, 130042, 130071, 130646, 130677, 131208, 131236, 131892, 131917, 132860, 133655, 134887, 134907, 136088, 136123, 137195, 138094, 138110, 139192, 139250, 140435, 140455, 141400, 141433, 142015, 142039, 143247, 143274, 144237, 144262, 144936, 144965, 145579, 145599, 146458, 146483, 147256, 147352, 147368, 148080, 148099, 148659, 148709, 149283, 149311, 149923, 149951, 150526, 150551, 151197, 151227, 151901, 151922, 152774, 153701, 153715, 154523, 154538, 155236, 155268, 155944, 155983, 156793, 156831, 157558, 157587, 158496, 158511, 158516, 158549, 158574, 159558, 160256, 160290, 161649, 161677, 163031, 163051, 164054, 164094, 164893, 164918, 165761, 166209, 166967, 167007, 167976, 168003, 168060, 169022, 169063, 169187, 170150, 170175, 171129, 171162, 172210, 172225, 172936, 173408, 173429, 174044, 174066, 175019, 175041, 175997, 176023, 176909, 176932, 177398, 177430, 177963, 177993, 178904, 178953, 179950, 179984, 181419, 181439, 182439, 182460, 183295, 183320, 183940, 183956, 184537, 184552, 185629, 185653, 186499, 186525, 187347, 187366, 188613, 189131, 189159, 190360, 190396, 191223, 191267, 192067, 192186, 193324, 193348, 194136, 194157, 194863, 194886, 195707, 195747]
15,2,[4652, 4661]
17,15,[34171, 53021, 77188, 82409, 126699, 132687, 135825, 142036, 142057, 160972, 171956, 172845, 173057, 173250, 197841]
18,12,[14304, 15862, 21864, 25489, 27864, 28718, 71927, 83795, 98622, 102652, 107964, 147366]
20,2,[2228, 28792]
21,3,[14975, 14996, 23842]
23,2,[15446, 21327]
25,206,[3615, 4602, 5500, 6996, 7631, 8329, 9733, 10939, 11785, 13011, 13933, 14819, 16451, 17236, 18058, 18977, 19700, 20575, 21893, 22837, 23721, 24954, 25460, 26229, 27344, 28070, 28967, 29714, 30529, 31350, 32255, 33003, 33639, 34429, 35271, 36483, 38342, 40069, 40857, 41557, 42476, 43525, 44634, 45617, 46505, 47155, 47845, 48774, 49847, 50938, 52073, 52980, 54370, 55119, 55924, 57126, 58207, 58868, 59709, 60490, 61966, 63472, 64174, 64920, 65837, 66520, 67235, 67949, 68560, 69404, 69892, 70638, 71410, 72319, 73315, 73320, 73351, 75634, 76558, 77458, 79035, 80108, 80192, 82486, 83591, 84831, 85936, 86744, 87757, 88901, 89794, 90792, 91696, 92379, 93228, 94179, 94943, 94994, 96293, 97203, 98011, 99005, 99781, 100358, 101066, 101706, 102600, 103561, 104553, 105342, 106136, 106826, 107362, 108697, 109483, 110134, 110736, 111889, 112558, 113216, 113925, 114537, 115353, 116184, 116876, 117634, 118546, 119480, 121029, 121819, 122886, 123734, 123772, 124546, 125072, 125578, 126220, 129122, 130332, 132242, 133399, 134606, 135525, 136059, 137317, 138278, 138944, 139519, 140352, 141209, 141333, 142053, 142607, 143177, 143763, 144307, 144937, 145557, 147225, 147979, 148666, 149358, 150143, 150852, 151764, 151769, 151797, 151822, 153500, 153835, 154941, 156232, 157279, 158050, 160024, 161075, 162118, 162254, 163226, 164279, 164289, 165367, 166478, 167063, 167975, 168896, 169770, 170204, 170693, 171599, 172562, 174014, 175009, 175843, 176443, 177004, 178038, 178875, 179634, 181356, 182847, 184144, 185187, 186003, 186696, 187575]
26,2,[2622, 29625]
30,3,[273876, 366965, 505167]
