12,2,[2970, 8000]
15,3,[14704, 57525, 58780]
17,5,[43434, 44208, 88213, 188575, 188591]
18,4,[49708, 54664, 97480, 97530]
19,1,[12645]
20,8,[7579, 8148, 11015, 15885, 42031, 43569, 51265, 63505]
21,1,[15287]
22,1,[30428]
25,1,[51130]
26,8,[8103, 8670, 11584, 16531, 42965, 44525, 52321, 64881]
27,2,[46659, 76798]
12,2,[2970, 8000]
15,3,[14704, 57525, 58780]
17,5,[43434, 44208, 88213, 188575, 188591]
18,4,[49708, 54664, 97480, 97530]
19,1,[12645]
20,8,[7579, 8148, 11015, 15885, 42031, 43569, 51265, 63505]
21,1,[15287]
22,1,[30428]
25,1,[51130]
26,8,[8103, 8670, 11584, 16531, 42965, 44525, 52321, 64881]
27,2,[46659, 76798]
