14,318,[546, 3162, 4159, 4206, 5076, 5110, 6010, 6633, 6686, 7387, 8061, 9439, 10712, 11614, 12905, 13854, 13885, 14815, 15583, 15592, 16627, 17428, 17447, 18323, 18351, 19358, 20172, 20267, 20921, 21665, 22335, 23360, 24345, 25666, 25669, 25722, 26229, 26232, 26292, 26999, 27032, 28200, 28956, 29888, 30671, 31576, 32426, 33396, 34202, 34205, 34251, 34891, 35752, 36583, 36603, 37813, 38813, 39290, 39822, 39844, 40800, 41647, 42475, 42490, 43257, 43280, 43283, 43397, 44231, 45307, 45480, 46396, 46420, 47411, 47433, 48367, 49038, 49752, 50758, 51916, 53056, 53080, 53083, 53215, 54197, 55135, 56091, 56094, 56120, 56744, 57399, 58278, 59421, 59437, 60583, 61258, 62093, 62120, 62915, 64277, 64309, 65357, 65376, 66423, 66433, 67236, 68086, 69047, 69680, 70444, 71223, 71860, 71881, 72842, 73374, 74119, 74980, 75889, 76888, 77939, 77941, 77984, 79187, 79208, 80156, 81099, 81124, 82695, 83802, 84984, 86062, 86086, 87272, 88451, 89624, 90451, 91536, 91559, 92787, 93677, 93703, 94731, 95722, 96395, 96422, 97307, 98247, 99007, 100239, 100276, 101238, 101268, 101289, 102087, 103104, 103130, 103851, 104488, 105311, 105313, 105360, 106002, 106948, 106969, 107915, 107949, 109065, 109838, 109864, 110565, 110648, 111313, 111321, 111354, 111943, 112568, 113382, 113393, 114234, 114237, 114329, 114968, 115602, 115619, 116840, 117572, 118262, 118300, 118947, 118950, 119007, 119547, 119572, 120426, 121238, 121947, 122765, 123644, 124670, 125532, 126283, 127105, 128302, 129183, 130030, 130032, 130078, 130608, 130637, 130640, 130682, 131191, 131873, 132841, 133634, 134863, 136046, 136070, 136073, 136254, 137181, 138046, 138070, 139167, 140418, 141391, 141967, 141995, 143231, 144219, 144222, 144925, 145565, 146437, 147306, 147328, 148071, 148074, 148117, 148643, 149264, 149910, 150508, 151180, 151882, 152766, 153660, 153688, 154510, 155227, 155936, 156784, 157549, 158402, 158476, 159552, 160196, 160214, 160696, 161619, 163023, 164021, 164044, 164884, 166121, 166187, 166956, 167902, 167939, 169001, 170104, 170138, 171103, 172193, 172920, 173399, 173402, 173443, 174003, 174025, 174988, 175006, 175984, 176900, 176903, 176958, 177390, 177951, 178893, 179932, 181383, 181402, 182417, 183277, 183929, 184488, 184510, 185617, 186465, 187315, 189092, 189119, 189122, 189205, 189222, 189230, 190347, 191212, 192040, 193309, 193313, 193377, 194105, 194127, 194855, 195698, 195701, 195808]
15,1,[121512]
18,213,[286, 303, 320, 11139, 12512, 14661, 35829, 37517, 37660, 38873, 39648, 40174, 40386, 40493, 40599, 40985, 42161, 43097, 43287, 50481, 50492, 50504, 51654, 52458, 58169, 58180, 60422, 60573, 62097, 62751, 69203, 69257, 70077, 70120, 73201, 73226, 74115, 74146, 75091, 76718, 78620, 79584, 79667, 79922, 79943, 79963, 79996, 80033, 80044, 80063, 80081, 80168, 80176, 80240, 80248, 80330, 80369, 80502, 80552, 80595, 80648, 80666, 80678, 80737, 80776, 80787, 80873, 80901, 80979, 80983, 81006, 81033, 81103, 81109, 81127, 81137, 81187, 81215, 81238, 81261, 81367, 81377, 81397, 81428, 81470, 81520, 81702, 81818, 81916, 81997, 82007, 82064, 82115, 82175, 82219, 82232, 82275, 82462, 82468, 82584, 82624, 82744, 82780, 82903, 83009, 83031, 83483, 83892, 83991, 84067, 84223, 84573, 84696, 84804, 84857, 85011, 85047, 85456, 85841, 85897, 86853, 87988, 88065, 88081, 88560, 88569, 88917, 89348, 89464, 89574, 89687, 91556, 91961, 93022, 93091, 93954, 96399, 97071, 97326, 101669, 102528, 102785, 104094, 104668, 104859, 104880, 107000, 107290, 108090, 108170, 109290, 109375, 113982, 115231, 120604, 121010, 121023, 121047, 121077, 121264, 121752, 123314, 123437, 123690, 123695, 123763, 123799, 123817, 123879, 123946, 124250, 124354, 124566, 124637, 124710, 125459, 126110, 126129, 126246, 126289, 128967, 130478, 131006, 131128, 131190, 131210, 131270, 131325, 131449, 131497, 131677, 131843, 131871, 132115, 132202, 132864, 132931, 133905, 135638, 135705, 135911, 135997, 136354, 136453, 136547, 137702, 138619, 139888, 140204, 141904, 144623, 145691, 146983]
22,4,[104378, 104380, 104482, 156892]
25,104,[5436, 6327, 6873, 13842, 15503, 17178, 17968, 24925, 24973, 25433, 25483, 26140, 27366, 32968, 33009, 35218, 38282, 38476, 40817, 41495, 41518, 41631, 43621, 44521, 44769, 45563, 50886, 50910, 51026, 53742, 53763, 57074, 59654, 61901, 63440, 68507, 74307, 74411, 77388, 82419, 87701, 89697, 92318, 96215, 97109, 97165, 98946, 101040, 101085, 102553, 103468, 105262, 106176, 106786, 106818, 108671, 109446, 109531, 110682, 113156, 113900, 113952, 114489, 124511, 124553, 125009, 125038, 125075, 130261, 130285, 130448, 132181, 136003, 138241, 141278, 142031, 142071, 147169, 151658, 153398, 157210, 159213, 160968, 163152, 164181, 164375, 164426, 166452, 166494, 167006, 167928, 169744, 169794, 173964, 176945, 181295, 181322, 181385, 181387, 185155, 185247, 185957, 187535, 187633]
14,318,[546, 3162, 4159, 4206, 5076, 5110, 6010, 6633, 6686, 7387, 8061, 9439, 10712, 11614, 12905, 13854, 13885, 14815, 15583, 15592, 16627, 17428, 17447, 18323, 18351, 19358, 20172, 20267, 20921, 21665, 22335, 23360, 24345, 25666, 25669, 25722, 26229, 26232, 26292, 26999, 27032, 28200, 28956, 29888, 30671, 31576, 32426, 33396, 34202, 34205, 34251, 34891, 35752, 36583, 36603, 37813, 38813, 39290, 39822, 39844, 40800, 41647, 42475, 42490, 43257, 43280, 43283, 43397, 44231, 45307, 45480, 46396, 46420, 47411, 47433, 48367, 49038, 49752, 50758, 51916, 53056, 53080, 53083, 53215, 54197, 55135, 56091, 56094, 56120, 56744, 57399, 58278, 59421, 59437, 60583, 61258, 62093, 62120, 62915, 64277, 64309, 65357, 65376, 66423, 66433, 67236, 68086, 69047, 69680, 70444, 71223, 71860, 71881, 72842, 73374, 74119, 74980, 75889, 76888, 77939, 77941, 77984, 79187, 79208, 80156, 81099, 81124, 82695, 83802, 84984, 86062, 86086, 87272, 88451, 89624, 90451, 91536, 91559, 92787, 93677, 93703, 94731, 95722, 96395, 96422, 97307, 98247, 99007, 100239, 100276, 101238, 101268, 101289, 102087, 103104, 103130, 103851, 104488, 105311, 105313, 105360, 106002, 106948, 106969, 107915, 107949, 109065, 109838, 109864, 110565, 110648, 111313, 111321, 111354, 111943, 112568, 113382, 113393, 114234, 114237, 114329, 114968, 115602, 115619, 116840, 117572, 118262, 118300, 118947, 118950, 119007, 119547, 119572, 120426, 121238, 121947, 122765, 123644, 124670, 125532, 126283, 127105, 128302, 129183, 130030, 130032, 130078, 130608, 130637, 130640, 130682, 131191, 131873, 132841, 133634, 134863, 136046, 136070, 136073, 136254, 137181, 138046, 138070, 139167, 140418, 141391, 141967, 141995, 143231, 144219, 144222, 144925, 145565, 146437, 147306, 147328, 148071, 148074, 148117, 148643, 149264, 149910, 150508, 151180, 151882, 152766, 153660, 153688, 154510, 155227, 155936, 156784, 157549, 158402, 158476, 159552, 160196, 160214, 160696, 161619, 163023, 164021, 164044, 164884, 166121, 166187, 166956, 167902, 167939, 169001, 170104, 170138, 171103, 172193, 172920, 173399, 173402, 173443, 174003, 174025, 174988, 175006, 175984, 176900, 176903, 176958, 177390, 177951, 178893, 179932, 181383, 181402, 182417, 183277, 183929, 184488, 184510, 185617, 186465, 187315, 189092, 189119, 189122, 189205, 189222, 189230, 190347, 191212, 192040, 193309, 193313, 193377, 194105, 194127, 194855, 195698, 195701, 195808]
15,1,[121512]
18,213,[286, 303, 320, 11139, 12512, 14661, 35829, 37517, 37660, 38873, 39648, 40174, 40386, 40493, 40599, 40985, 42161, 43097, 43287, 50481, 50492, 50504, 51654, 52458, 58169, 58180, 60422, 60573, 62097, 62751, 69203, 69257, 70077, 70120, 73201, 73226, 74115, 74146, 75091, 76718, 78620, 79584, 79667, 79922, 79943, 79963, 79996, 80033, 80044, 80063, 80081, 80168, 80176, 80240, 80248, 80330, 80369, 80502, 80552, 80595, 80648, 80666, 80678, 80737, 80776, 80787, 80873, 80901, 80979, 80983, 81006, 81033, 81103, 81109, 81127, 81137, 81187, 81215, 81238, 81261, 81367, 81377, 81397, 81428, 81470, 81520, 81702, 81818, 81916, 81997, 82007, 82064, 82115, 82175, 82219, 82232, 82275, 82462, 82468, 82584, 82624, 82744, 82780, 82903, 83009, 83031, 83483, 83892, 83991, 84067, 84223, 84573, 84696, 84804, 84857, 85011, 85047, 85456, 85841, 85897, 86853, 87988, 88065, 88081, 88560, 88569, 88917, 89348, 89464, 89574, 89687, 91556, 91961, 93022, 93091, 93954, 96399, 97071, 97326, 101669, 102528, 102785, 104094, 104668, 104859, 104880, 107000, 107290, 108090, 108170, 109290, 109375, 113982, 115231, 120604, 121010, 121023, 121047, 121077, 121264, 121752, 123314, 123437, 123690, 123695, 123763, 123799, 123817, 123879, 123946, 124250, 124354, 124566, 124637, 124710, 125459, 126110, 126129, 126246, 126289, 128967, 130478, 131006, 131128, 131190, 131210, 131270, 131325, 131449, 131497, 131677, 131843, 131871, 132115, 132202, 132864, 132931, 133905, 135638, 135705, 135911, 135997, 136354, 136453, 136547, 137702, 138619, 139888, 140204, 141904, 144623, 145691, 146983]
22,4,[104378, 104380, 104482, 156892]
25,104,[5436, 6327, 6873, 13842, 15503, 17178, 17968, 24925, 24973, 25433, 25483, 26140, 27366, 32968, 33009, 35218, 38282, 38476, 40817, 41495, 41518, 41631, 43621, 44521, 44769, 45563, 50886, 50910, 51026, 53742, 53763, 57074, 59654, 61901, 63440, 68507, 74307, 74411, 77388, 82419, 87701, 89697, 92318, 96215, 97109, 97165, 98946, 101040, 101085, 102553, 103468, 105262, 106176, 106786, 106818, 108671, 109446, 109531, 110682, 113156, 113900, 113952, 114489, 124511, 124553, 125009, 125038, 125075, 130261, 130285, 130448, 132181, 136003, 138241, 141278, 142031, 142071, 147169, 151658, 153398, 157210, 159213, 160968, 163152, 164181, 164375, 164426, 166452, 166494, 167006, 167928, 169744, 169794, 173964, 176945, 181295, 181322, 181385, 181387, 185155, 185247, 185957, 187535, 187633]
