14,1,[6606]
18,1,[17911]
21,5,[34019, 34028, 34039, 34451, 34459]
22,29,[7982, 11267, 11337, 20558, 21472, 25494, 53100, 62993, 67340, 67343, 68084, 68975, 68978, 69576, 69579, 69581, 69583, 97892, 101256, 108822, 111324, 127039, 127042, 127044, 127046, 132849, 143762, 147457, 150243]
25,1,[6849]
14,1,[6606]
18,1,[17911]
21,5,[34019, 34028, 34039, 34451, 34459]
22,29,[7982, 11267, 11337, 20558, 21472, 25494, 53100, 62993, 67340, 67343, 68084, 68975, 68978, 69576, 69579, 69581, 69583, 97892, 101256, 108822, 111324, 127039, 127042, 127044, 127046, 132849, 143762, 147457, 150243]
25,1,[6849]
