10,240,[1605, 2059, 2422, 5635, 7403, 9803, 9879, 9916, 14536, 14604, 19547, 23233, 23270, 23555, 25949, 28095, 28346, 31983, 34212, 40059, 43911, 43935, 43998, 44339, 46305, 46391, 53077, 53861, 53873, 53906, 64343, 64346, 64380, 64422, 71823, 73263, 81209, 81336, 90992, 91194, 92470, 92719, 93695, 105885, 107676, 107687, 107865, 107916, 108039, 109724, 109779, 110615, 110694, 110712, 110998, 111954, 112920, 117737, 118233, 118261, 118289, 118325, 119497, 120920, 121160, 124770, 124796, 127058, 127066, 129371, 131613, 134136, 143996, 148618, 154291, 156879, 161490, 166445, 169322, 170905, 174925, 180258, 181100, 182175, 182843, 182849, 189510, 190229, 190841, 191793, 193401, 196049, 220477, 244774, 307222, 308125, 308643, 310902, 311377, 311957, 313193, 313198, 316391, 317369, 319348, 322065, 323676, 332297, 335886, 341149, 343245, 343686, 346548, 346590, 346603, 348047, 352140, 353077, 353816, 354157, 354184, 354263, 354276, 354466, 354477, 355977, 356010, 356020, 356036, 356435, 359295, 365711, 373990, 374748, 378481, 384653, 384716, 393089, 394727, 396193, 396198, 399190, 404975, 416504, 417104, 425973, 472048, 479051, 491740, 496151, 497513, 498302, 499488, 503659, 503959, 505677, 506822, 512008, 512785, 515125, 517087, 517666, 525016, 525577, 525628, 526269, 531266, 534877, 539961, 540819, 540924, 541229, 542476, 543248, 546102, 546899, 550727, 552142, 558582, 558722, 562100, 567599, 567850, 573779, 580676, 583266, 583470, 583751, 584386, 589601, 589691, 591204, 592077, 592113, 594892, 594971, 595162, 595450, 595642, 599540, 599624, 599678, 600151, 601839, 601851, 602435, 603005, 603017, 603037, 603264, 603282, 603293, 603489, 603946, 604970, 605642, 605791, 606419, 609118, 610467, 610522, 611089, 612082, 614341, 614361, 618224, 618752, 618772, 618869, 619046, 622229, 622521, 622686, 622714, 622721, 622732, 624989, 625066, 628392, 638118]
11,1,[4956]
15,7,[26457, 62993, 78099, 104727, 130225, 132116, 166099]
16,6,[10887, 27320, 27386, 28568, 28940, 37334]
17,75,[3962, 6405, 15811, 16033, 16535, 16681, 18326, 18398, 21427, 21711, 25409, 32751, 41460, 44673, 49892, 51509, 51544, 57190, 62385, 63027, 93840, 100144, 105334, 105379, 109337, 110579, 112781, 113872, 118497, 119431, 120979, 122562, 124340, 126111, 130418, 134561, 136412, 136749, 137528, 138537, 141282, 141710, 141722, 141901, 142198, 143822, 144390, 151450, 153504, 154574, 156404, 158037, 159067, 161000, 164783, 165590, 167040, 169977, 177701, 178897, 181706, 181773, 186972, 195845, 195852, 197467, 197482, 201802, 208991, 209667, 213227, 216219, 216349, 216398, 216902]
18,1,[80348]
19,12,[3486, 4755, 4761, 6862, 6868, 6919, 6925, 9619, 15343, 18098, 21509, 21515]
20,6,[25248, 27287, 45070, 45650, 55038, 55504]
21,7,[21103, 22510, 23687, 24946, 25648, 30172, 32447]
22,2,[23269, 90273]
26,36,[8300, 8403, 9807, 10692, 21149, 25034, 26043, 28112, 29093, 30227, 35060, 35233, 35894, 36663, 38545, 40614, 43108, 44755, 45382, 47324, 48725, 49121, 51474, 52239, 55610, 55614, 56174, 57093, 57287, 58188, 58244, 58286, 58372, 63320, 63752, 64849]
27,1,[90144]
28,1,[2580]
30,240,[1512, 1966, 2329, 5541, 7309, 9709, 9785, 9822, 14442, 14510, 19453, 23139, 23176, 23461, 25855, 28001, 28252, 31885, 34114, 39961, 43813, 43837, 43900, 44241, 46207, 46293, 52978, 53762, 53774, 53807, 64240, 64243, 64277, 64319, 71720, 73160, 81102, 81229, 90885, 91087, 92363, 92612, 93588, 105774, 107565, 107576, 107754, 107805, 107928, 109613, 109668, 110504, 110583, 110601, 110887, 111843, 112809, 117626, 118122, 118150, 118178, 118214, 119386, 120809, 121049, 124659, 124685, 126947, 126955, 129259, 131501, 134024, 143884, 148505, 154178, 156766, 161376, 166322, 169199, 170782, 174802, 180135, 180977, 182052, 182711, 182717, 189378, 190097, 190709, 191661, 193269, 195917, 220327, 244621, 307064, 307967, 308485, 310744, 311218, 311798, 313034, 313039, 316232, 317210, 319189, 321906, 323517, 332138, 335727, 340990, 343086, 343527, 346389, 346431, 346444, 347888, 351981, 352918, 353657, 353998, 354025, 354104, 354117, 354307, 354318, 355818, 355851, 355861, 355877, 356276, 359135, 365548, 373827, 374585, 378318, 384490, 384553, 392923, 394561, 396027, 396032, 399024, 404809, 416338, 416938, 425807, 471878, 478883, 491580, 495992, 497344, 498133, 499319, 503490, 503790, 505508, 506653, 511839, 512616, 514956, 516915, 517494, 524844, 525405, 525456, 526097, 531091, 534702, 539786, 540644, 540749, 541054, 542301, 543073, 545927, 546724, 550549, 551964, 558404, 558544, 561922, 567419, 567670, 573599, 580496, 583086, 583290, 583571, 584206, 589416, 589506, 591019, 591886, 591922, 594701, 594780, 594971, 595259, 595451, 599343, 599427, 599481, 599954, 601642, 601654, 602238, 602808, 602820, 602840, 603067, 603085, 603096, 603292, 603744, 604768, 605440, 605589, 606212, 608906, 610250, 610305, 610872, 611859, 614107, 614127, 617972, 618500, 618520, 618617, 618794, 621977, 622269, 622434, 622462, 622469, 622480, 624735, 624812, 628132, 637843]
10,240,[1605, 2059, 2422, 5635, 7403, 9803, 9879, 9916, 14536, 14604, 19547, 23233, 23270, 23555, 25949, 28095, 28346, 31983, 34212, 40059, 43911, 43935, 43998, 44339, 46305, 46391, 53077, 53861, 53873, 53906, 64343, 64346, 64380, 64422, 71823, 73263, 81209, 81336, 90992, 91194, 92470, 92719, 93695, 105885, 107676, 107687, 107865, 107916, 108039, 109724, 109779, 110615, 110694, 110712, 110998, 111954, 112920, 117737, 118233, 118261, 118289, 118325, 119497, 120920, 121160, 124770, 124796, 127058, 127066, 129371, 131613, 134136, 143996, 148618, 154291, 156879, 161490, 166445, 169322, 170905, 174925, 180258, 181100, 182175, 182843, 182849, 189510, 190229, 190841, 191793, 193401, 196049, 220477, 244774, 307222, 308125, 308643, 310902, 311377, 311957, 313193, 313198, 316391, 317369, 319348, 322065, 323676, 332297, 335886, 341149, 343245, 343686, 346548, 346590, 346603, 348047, 352140, 353077, 353816, 354157, 354184, 354263, 354276, 354466, 354477, 355977, 356010, 356020, 356036, 356435, 359295, 365711, 373990, 374748, 378481, 384653, 384716, 393089, 394727, 396193, 396198, 399190, 404975, 416504, 417104, 425973, 472048, 479051, 491740, 496151, 497513, 498302, 499488, 503659, 503959, 505677, 506822, 512008, 512785, 515125, 517087, 517666, 525016, 525577, 525628, 526269, 531266, 534877, 539961, 540819, 540924, 541229, 542476, 543248, 546102, 546899, 550727, 552142, 558582, 558722, 562100, 567599, 567850, 573779, 580676, 583266, 583470, 583751, 584386, 589601, 589691, 591204, 592077, 592113, 594892, 594971, 595162, 595450, 595642, 599540, 599624, 599678, 600151, 601839, 601851, 602435, 603005, 603017, 603037, 603264, 603282, 603293, 603489, 603946, 604970, 605642, 605791, 606419, 609118, 610467, 610522, 611089, 612082, 614341, 614361, 618224, 618752, 618772, 618869, 619046, 622229, 622521, 622686, 622714, 622721, 622732, 624989, 625066, 628392, 638118]
11,1,[4956]
15,7,[26457, 62993, 78099, 104727, 130225, 132116, 166099]
16,6,[10887, 27320, 27386, 28568, 28940, 37334]
17,75,[3962, 6405, 15811, 16033, 16535, 16681, 18326, 18398, 21427, 21711, 25409, 32751, 41460, 44673, 49892, 51509, 51544, 57190, 62385, 63027, 93840, 100144, 105334, 105379, 109337, 110579, 112781, 113872, 118497, 119431, 120979, 122562, 124340, 126111, 130418, 134561, 136412, 136749, 137528, 138537, 141282, 141710, 141722, 141901, 142198, 143822, 144390, 151450, 153504, 154574, 156404, 158037, 159067, 161000, 164783, 165590, 167040, 169977, 177701, 178897, 181706, 181773, 186972, 195845, 195852, 197467, 197482, 201802, 208991, 209667, 213227, 216219, 216349, 216398, 216902]
18,1,[80348]
19,12,[3486, 4755, 4761, 6862, 6868, 6919, 6925, 9619, 15343, 18098, 21509, 21515]
20,6,[25248, 27287, 45070, 45650, 55038, 55504]
21,7,[21103, 22510, 23687, 24946, 25648, 30172, 32447]
22,2,[23269, 90273]
26,36,[8300, 8403, 9807, 10692, 21149, 25034, 26043, 28112, 29093, 30227, 35060, 35233, 35894, 36663, 38545, 40614, 43108, 44755, 45382, 47324, 48725, 49121, 51474, 52239, 55610, 55614, 56174, 57093, 57287, 58188, 58244, 58286, 58372, 63320, 63752, 64849]
27,1,[90144]
28,1,[2580]
30,240,[1512, 1966, 2329, 5541, 7309, 9709, 9785, 9822, 14442, 14510, 19453, 23139, 23176, 23461, 25855, 28001, 28252, 31885, 34114, 39961, 43813, 43837, 43900, 44241, 46207, 46293, 52978, 53762, 53774, 53807, 64240, 64243, 64277, 64319, 71720, 73160, 81102, 81229, 90885, 91087, 92363, 92612, 93588, 105774, 107565, 107576, 107754, 107805, 107928, 109613, 109668, 110504, 110583, 110601, 110887, 111843, 112809, 117626, 118122, 118150, 118178, 118214, 119386, 120809, 121049, 124659, 124685, 126947, 126955, 129259, 131501, 134024, 143884, 148505, 154178, 156766, 161376, 166322, 169199, 170782, 174802, 180135, 180977, 182052, 182711, 182717, 189378, 190097, 190709, 191661, 193269, 195917, 220327, 244621, 307064, 307967, 308485, 310744, 311218, 311798, 313034, 313039, 316232, 317210, 319189, 321906, 323517, 332138, 335727, 340990, 343086, 343527, 346389, 346431, 346444, 347888, 351981, 352918, 353657, 353998, 354025, 354104, 354117, 354307, 354318, 355818, 355851, 355861, 355877, 356276, 359135, 365548, 373827, 374585, 378318, 384490, 384553, 392923, 394561, 396027, 396032, 399024, 404809, 416338, 416938, 425807, 471878, 478883, 491580, 495992, 497344, 498133, 499319, 503490, 503790, 505508, 506653, 511839, 512616, 514956, 516915, 517494, 524844, 525405, 525456, 526097, 531091, 534702, 539786, 540644, 540749, 541054, 542301, 543073, 545927, 546724, 550549, 551964, 558404, 558544, 561922, 567419, 567670, 573599, 580496, 583086, 583290, 583571, 584206, 589416, 589506, 591019, 591886, 591922, 594701, 594780, 594971, 595259, 595451, 599343, 599427, 599481, 599954, 601642, 601654, 602238, 602808, 602820, 602840, 603067, 603085, 603096, 603292, 603744, 604768, 605440, 605589, 606212, 608906, 610250, 610305, 610872, 611859, 614107, 614127, 617972, 618500, 618520, 618617, 618794, 621977, 622269, 622434, 622462, 622469, 622480, 624735, 624812, 628132, 637843]
