14,1,[75176]
15,1,[122445]
17,2,[126168, 126785]
18,33,[1675, 11996, 20394, 21762, 21914, 27852, 32210, 32301, 37737, 41673, 41687, 42104, 45512, 45879, 50338, 59443, 66709, 66721, 66808, 66871, 67596, 67701, 68547, 77120, 79095, 84045, 87814, 87955, 88782, 92329, 92418, 101274, 147536]
21,1,[9634]
22,1,[115619]
25,1,[71578]
14,1,[75176]
15,1,[122445]
17,2,[126168, 126785]
18,33,[1675, 11996, 20394, 21762, 21914, 27852, 32210, 32301, 37737, 41673, 41687, 42104, 45512, 45879, 50338, 59443, 66709, 66721, 66808, 66871, 67596, 67701, 68547, 77120, 79095, 84045, 87814, 87955, 88782, 92329, 92418, 101274, 147536]
21,1,[9634]
22,1,[115619]
25,1,[71578]
