6,1,[874]
10,450,[694, 985, 1166, 1209, 1871, 1967, 2069, 2118, 3451, 3778, 3896, 4025, 4677, 4712, 8901, 8987, 9865, 9910, 11916, 13895, 14059, 16095, 16117, 19925, 26152, 26189, 28007, 28011, 28213, 29571, 29583, 30518, 33883, 34970, 35002, 35045, 44890, 44892, 45024, 70547, 70630, 70637, 70653, 71020, 104535, 107697, 109515, 113926, 113933, 116004, 117050, 118090, 118093, 118609, 120724, 124317, 124336, 125511, 125621, 125629, 125662, 127438, 128602, 129314, 130463, 150571, 153037, 155887, 156889, 161737, 162108, 165810, 173965, 174390, 174566, 174871, 176880, 176883, 177227, 178863, 179927, 179936, 180545, 180863, 182620, 184921, 190732, 191980, 192714, 194148, 194806, 199633, 199636, 201213, 202133, 202144, 202885, 209695, 212582, 212602, 215760, 215762, 215778, 215820, 215980, 216124, 217191, 217439, 217442, 217514, 217518, 219876, 219879, 219907, 221767, 221803, 224301, 224742, 224864, 224873, 224899, 227126, 227130, 238547, 238567, 256016, 256024, 280370, 286484, 295248, 295344, 295818, 297595, 297627, 298083, 298950, 299237, 299335, 299962, 300124, 300267, 301156, 304944, 307023, 307379, 307530, 307552, 307586, 307681, 308476, 308587, 312006, 313572, 313795, 314914, 315602, 316110, 316155, 316212, 316748, 316973, 317039, 317820, 318536, 319292, 320246, 324033, 324268, 324381, 324869, 328903, 330968, 332360, 334310, 341434, 341946, 343630, 345261, 345673, 345730, 345932, 345986, 346277, 346319, 346423, 346445, 346554, 347060, 347105, 347483, 347934, 348094, 348312, 348374, 348382, 348804, 348961, 349102, 349337, 349377, 349446, 349502, 349521, 349993, 350027, 350142, 350392, 350493, 350702, 350788, 351531, 351890, 352628, 352802, 356537, 357147, 357412, 357789, 358678, 358723, 358941, 358947, 359138, 359205, 359761, 360057, 360077, 369807, 379759, 379837, 379926, 382141, 388497, 395296, 397593, 399761, 404836, 404873, 404907, 405616, 414507, 414547, 416611, 417011, 417797, 420851, 420868, 420979, 423689, 427318, 427344, 428576, 429201, 429259, 431361, 433239, 436738, 449614, 450656, 471462, 481838, 482013, 482351, 495216, 497046, 499192, 499209, 499626, 501868, 501875, 506258, 506266, 507000, 507030, 507858, 507879, 508128, 508667, 512712, 516965, 521395, 521403, 522277, 522315, 522686, 522952, 523254, 529261, 532881, 534934, 536302, 536310, 537525, 539155, 539276, 539288, 541195, 543103, 543111, 543483, 543676, 546115, 549161, 549164, 550627, 550649, 550978, 550988, 551234, 551565, 552345, 552357, 552388, 552395, 552439, 552598, 552612, 553208, 553325, 553346, 553442, 553561, 553564, 553620, 553660, 553670, 553803, 553881, 554932, 556546, 556562, 556628, 556665, 556810, 557361, 558408, 558415, 558421, 558840, 559461, 559473, 559567, 560195, 561101, 561109, 563852, 565445, 566083, 567452, 569975, 572195, 573924, 573970, 576679, 578442, 578689, 582378, 583369, 585171, 586542, 586698, 586725, 586773, 586840, 587140, 587151, 587375, 587612, 587699, 587762, 588246, 589285, 589502, 591479, 592991, 593671, 593678, 597295, 598114, 599225, 599766, 599768, 599889, 600255, 600276, 600289, 600472, 604307, 604705, 605736, 607227, 608569, 608946, 609167, 609595, 610822, 610831, 613998, 614099, 614641, 615374, 615519, 615566, 615739, 615930, 616416, 616905, 617475, 619799, 620028, 622350, 623596, 624790, 626264, 626306, 626604, 627210, 628458, 628461, 628476, 628922, 629105, 629420, 629443, 629455, 630150, 630153, 630161, 630171, 630191, 630247, 630338, 631297, 632000, 632092, 632632, 634739, 635915, 636781, 636926, 638478, 640187, 640253, 640412, 640866, 640872, 640896, 641151, 641232, 641288]
11,12,[1751, 2711, 3459, 5361, 7332, 7462, 10394, 12207, 13328, 14235, 15433, 21087]
12,10,[114, 144, 2178, 4857, 9306, 13425, 14474, 15886, 17098, 23412]
13,9,[67, 1102, 1909, 2230, 2508, 3216, 3573, 3702, 3952]
14,223,[2274, 2992, 4019, 4901, 5896, 6520, 7255, 7977, 9303, 10556, 11486, 12755, 13746, 14680, 15449, 16431, 17319, 18204, 19238, 20025, 20800, 21486, 22203, 23215, 24187, 25568, 26102, 26864, 28018, 28785, 29712, 30488, 31433, 32276, 33257, 34068, 34702, 35578, 36458, 37544, 38718, 39198, 39662, 40691, 41490, 42343, 43160, 44052, 45067, 46234, 47282, 48242, 48932, 49622, 50631, 51733, 52924, 54045, 54903, 55983, 56636, 57265, 58138, 59218, 60488, 61156, 61956, 62770, 63655, 64139, 65240, 66284, 67113, 67925, 68941, 69571, 70347, 71127, 71734, 72732, 73200, 73981, 74836, 75762, 76758, 77800, 79027, 79994, 80886, 82304, 82488, 83649, 84818, 85938, 87053, 88286, 89398, 90314, 90613, 91376, 92677, 93562, 94595, 95587, 96260, 97126, 98099, 98854, 99704, 101113, 101921, 102891, 103729, 104350, 105177, 105831, 106804, 106996, 107033, 107655, 108943, 109705, 110453, 111206, 111817, 112461, 113219, 114062, 114887, 115459, 116633, 117476, 118105, 118825, 119392, 120305, 121091, 121823, 122599, 123504, 124536, 125407, 126017, 126986, 128169, 129004, 129889, 130511, 131074, 131707, 132729, 133425, 134673, 135904, 137014, 137934, 138999, 140108, 141281, 141808, 143025, 144104, 144825, 145456, 146193, 147188, 147959, 148513, 149163, 149815, 150404, 151039, 151739, 152631, 153501, 154359, 155086, 155822, 156645, 157391, 158299, 159948, 161481, 162827, 163831, 164731, 165707, 166039, 166774, 167756, 168835, 169896, 170876, 171988, 172786, 173298, 173893, 174859, 175794, 176781, 177317, 177814, 178723, 179613, 181105, 182271, 183148, 183984, 184355, 185352, 186337, 187211, 187983, 188476, 188971, 189761, 190225, 191090, 191835, 193116, 194006, 194732, 195526]
15,175,[486, 1210, 1260, 4083, 9141, 10652, 13725, 13892, 14039, 14121, 25215, 25390, 28261, 30238, 31118, 34967, 35197, 35950, 36239, 36244, 36299, 37260, 38045, 39700, 41911, 46649, 47142, 47455, 47599, 48275, 48742, 48843, 49974, 49980, 51521, 51697, 51909, 52048, 52938, 52986, 53004, 54942, 54976, 56288, 56494, 57504, 62155, 63030, 64441, 65691, 67595, 69245, 69664, 69955, 70213, 70291, 70602, 70614, 70749, 70943, 70954, 70971, 72074, 72334, 72397, 73684, 75829, 76564, 77458, 77769, 77822, 82977, 83243, 83423, 83800, 84974, 85514, 85967, 87445, 87727, 88980, 91958, 93582, 94696, 95121, 95425, 95579, 96726, 97642, 98755, 99092, 99139, 99377, 104153, 104536, 106951, 107016, 109731, 109898, 110017, 110899, 110989, 112429, 113249, 118335, 120985, 121478, 121922, 126355, 126358, 131263, 131318, 132398, 133929, 134138, 135891, 137630, 137681, 137686, 137693, 138411, 138658, 140651, 142685, 142925, 143719, 143838, 144050, 144104, 144522, 147281, 147410, 147670, 147839, 147858, 147876, 149288, 149310, 149325, 149343, 150324, 150586, 150695, 151843, 151859, 153362, 153903, 157037, 157643, 158064, 158214, 158282, 158377, 158434, 158707, 158821, 158922, 159240, 159241, 159382, 161525, 162154, 162422, 162613, 162688, 162747, 163306, 164343, 166343, 169420, 171276, 172767, 173173, 173192, 173789]
16,20,[3822, 5652, 6008, 6175, 8546, 10530, 10617, 12089, 12410, 13962, 16370, 17042, 18674, 25693, 26284, 30205, 31887, 32324, 34801, 37445]
17,143,[695, 1343, 1472, 1561, 1931, 3343, 3838, 5187, 5284, 5403, 7998, 8012, 10974, 12444, 12605, 12887, 15676, 15685, 21695, 22276, 22426, 22635, 23035, 23087, 25079, 25154, 25606, 28296, 29006, 30322, 38030, 39079, 43436, 43563, 44108, 44209, 50870, 51924, 58838, 58841, 59499, 60370, 65013, 65274, 65500, 65505, 68024, 68079, 68090, 68566, 68580, 68624, 69593, 69755, 70620, 70626, 76667, 78745, 80946, 82939, 85852, 85977, 85988, 86921, 87091, 88116, 89978, 92730, 92958, 93852, 93927, 93984, 94066, 95546, 101452, 102711, 103288, 103320, 103411, 105020, 109604, 109754, 111353, 111462, 111520, 112376, 116498, 116533, 117264, 117631, 117643, 118136, 118149, 118184, 118197, 118241, 122026, 123148, 123809, 124326, 124351, 124404, 124451, 124763, 124777, 125046, 127361, 139246, 139248, 154030, 158440, 159613, 159750, 160263, 162723, 164449, 165213, 171401, 174993, 175097, 175228, 176240, 178581, 178598, 179036, 179516, 185024, 187128, 188576, 196213, 198207, 201957, 202871, 205149, 205448, 206108, 209915, 211273, 213112, 213271, 215201, 216927, 217074]
18,28,[10954, 14124, 14137, 26468, 30656, 42743, 46331, 54145, 55024, 58049, 59586, 71353, 80371, 90214, 94654, 101899, 103013, 104461, 104510, 105666, 105699, 108525, 108616, 108681, 130421, 133190, 144358, 144467]
19,22,[945, 1405, 1642, 1736, 3001, 5225, 6074, 6131, 6189, 6341, 6411, 6683, 7670, 8730, 12871, 14167, 17366, 17415, 17420, 26784, 27028, 27329]
20,89,[2268, 8755, 12996, 12998, 13049, 13373, 13399, 13769, 13790, 14372, 17428, 17443, 17458, 17573, 17583, 18195, 18198, 18885, 18889, 19280, 20433, 23199, 25436, 25723, 25788, 26793, 31238, 31249, 35545, 37493, 39357, 39418, 39779, 40260, 41115, 42695, 42931, 43734, 46458, 46474, 46527, 47404, 48037, 48156, 48327, 50403, 50714, 50874, 54457, 54493, 54501, 55231, 55435, 55691, 55866, 55903, 56308, 56722, 56844, 56855, 56948, 57048, 57217, 57502, 57694, 58521, 58740, 58771, 58996, 59205, 59546, 59563, 59808, 59819, 59844, 60239, 60502, 61608, 63491, 63495, 64636, 64641, 64690, 64766, 64794, 64837, 64854, 64887, 65693]
21,52,[27, 4574, 4783, 4786, 4850, 5210, 5249, 5288, 5318, 5338, 5414, 5892, 6168, 7485, 8559, 9220, 14137, 14628, 15171, 15614, 16316, 16772, 17078, 17105, 17546, 17644, 17661, 18776, 19945, 20124, 21395, 22301, 23527, 23575, 23596, 24508, 25913, 26501, 27729, 30634, 30760, 31073, 31654, 31680, 31729, 32113, 32183, 32209, 32508, 32689, 34289, 34448]
22,142,[823, 2822, 11143, 13938, 14208, 15477, 15745, 15747, 15749, 15751, 16761, 16763, 16765, 16767, 16770, 16811, 16847, 16864, 16922, 17190, 17192, 17194, 20134, 20167, 20169, 20351, 20377, 20380, 20383, 22449, 23109, 26666, 26771, 36953, 40722, 43029, 46614, 46615, 46628, 46657, 46661, 46668, 46698, 46712, 46750, 46754, 46758, 46763, 46766, 46786, 46795, 46819, 46821, 46865, 46867, 46869, 46871, 46873, 46980, 46986, 47000, 47010, 47014, 47017, 47020, 47176, 47268, 47270, 47272, 47505, 47507, 47963, 47985, 66058, 80485, 80600, 80633, 84249, 84761, 90140, 90471, 91239, 91251, 92870, 92922, 95692, 95695, 97230, 97290, 98184, 98809, 101003, 101306, 101399, 101776, 102063, 102301, 103704, 103775, 107365, 107398, 108547, 109405, 110063, 110240, 110242, 110473, 110839, 111514, 111932, 114022, 114189, 114193, 114201, 119384, 121137, 121280, 128243, 128247, 129743, 131692, 131984, 133165, 133753, 133981, 133985, 133989, 134084, 134087, 134491, 135780, 135961, 135967, 140821, 141343, 141544, 149045, 151806, 154238, 158776, 158779, 160129]
23,40,[2, 1993, 2640, 2912, 3433, 3828, 4530, 8492, 8851, 10080, 10153, 11843, 12575, 12601, 13336, 13788, 13813, 14484, 15734, 16034, 16876, 17052, 17190, 17367, 17621, 20771, 21875, 22584, 24758, 25286, 25289, 25443, 26902, 27048, 27951, 28154, 28344, 28563, 29521, 30327]
24,47,[3515, 4371, 4625, 7898, 11678, 18106, 18657, 19863, 26023, 26213, 27091, 27207, 27472, 27502, 29057, 29118, 29212, 29620, 29678, 29704, 29773, 30004, 30787, 32230, 34792, 36147, 36178, 36255, 36332, 36443, 36626, 37450, 37649, 37803, 39042, 39052, 40875, 40880, 40972, 41524, 41650, 41655, 43109, 43419, 43443, 44294, 44424]
25,7,[78609, 86857, 102596, 102630, 130539, 176469, 191396]
26,89,[2661, 9297, 13581, 13583, 13632, 13959, 13985, 14356, 14377, 14970, 18095, 18110, 18125, 18249, 18259, 18897, 18900, 19593, 19597, 19985, 21160, 23967, 26230, 26523, 26588, 27614, 32107, 32118, 36444, 38409, 40300, 40360, 40717, 41201, 42051, 43636, 43879, 44693, 47465, 47479, 47531, 48409, 49050, 49167, 49341, 51453, 51765, 51927, 55618, 55654, 55662, 56391, 56594, 56851, 57026, 57063, 57464, 57871, 57992, 58003, 58098, 58198, 58371, 58670, 58868, 59713, 59938, 59970, 60246, 60459, 60826, 60843, 61094, 61105, 61134, 61534, 61799, 62911, 64867, 64871, 66036, 66041, 66090, 66166, 66195, 66239, 66256, 66289, 67107]
27,97,[1129, 1143, 3243, 3638, 3995, 5695, 6424, 8556, 8800, 10229, 10284, 10313, 11690, 13164, 16899, 17108, 17701, 17850, 21793, 26784, 32257, 32445, 32464, 32483, 33308, 34139, 34282, 35214, 36201, 40750, 40989, 41123, 41213, 46661, 47196, 48673, 50234, 51230, 51905, 52053, 52166, 52749, 53287, 55118, 55680, 58144, 66934, 67591, 68441, 69062, 69269, 70082, 71403, 73358, 73410, 74138, 74147, 76732, 76863, 77243, 77284, 77545, 78546, 78913, 79206, 79979, 80356, 80605, 85851, 85875, 85887, 85940, 87143, 87181, 87263, 89587, 90718, 90909, 92159, 92336, 94120, 94463, 96024, 96738, 96789, 98769, 100483, 101137, 101472, 102054, 105525, 106731, 106943, 107123, 107186, 108527, 109450]
28,10,[1822, 2192, 2211, 2619, 3104, 4467, 5646, 8521, 10249, 11052]
30,450,[601, 892, 1073, 1116, 1778, 1874, 1976, 2025, 3357, 3684, 3802, 3931, 4583, 4618, 8807, 8893, 9771, 9816, 11822, 13801, 13965, 16001, 16023, 19831, 26058, 26095, 27913, 27917, 28119, 29477, 29489, 30424, 33785, 34872, 34904, 34947, 44792, 44794, 44926, 70444, 70527, 70534, 70550, 70917, 104428, 107586, 109404, 113815, 113822, 115893, 116939, 117979, 117982, 118498, 120613, 124206, 124225, 125400, 125510, 125518, 125551, 127327, 128490, 129202, 130351, 150458, 152924, 155774, 156776, 161623, 161985, 165687, 173842, 174267, 174443, 174748, 176757, 176760, 177104, 178740, 179804, 179813, 180422, 180740, 182488, 184789, 190600, 191848, 192582, 194016, 194674, 199491, 199494, 201071, 201991, 202002, 202743, 209553, 212440, 212460, 215618, 215620, 215636, 215678, 215838, 215982, 217050, 217299, 217302, 217374, 217378, 219726, 219729, 219757, 221617, 221653, 224151, 224592, 224714, 224723, 224749, 226976, 226980, 238397, 238417, 255860, 255868, 280215, 286328, 295091, 295187, 295661, 297437, 297469, 297925, 298792, 299079, 299177, 299804, 299966, 300109, 300998, 304786, 306865, 307221, 307372, 307394, 307428, 307523, 308318, 308429, 311847, 313413, 313636, 314755, 315443, 315951, 315996, 316053, 316589, 316814, 316880, 317661, 318377, 319133, 320087, 323874, 324109, 324222, 324710, 328744, 330809, 332201, 334151, 341275, 341787, 343471, 345102, 345514, 345571, 345773, 345827, 346118, 346160, 346264, 346286, 346395, 346901, 346946, 347324, 347775, 347935, 348153, 348215, 348223, 348645, 348802, 348943, 349178, 349218, 349287, 349343, 349362, 349834, 349868, 349983, 350233, 350334, 350543, 350629, 351372, 351731, 352469, 352643, 356378, 356987, 357252, 357629, 358518, 358563, 358781, 358787, 358978, 359045, 359601, 359897, 359917, 369644, 379596, 379674, 379763, 381978, 388334, 395130, 397427, 399595, 404670, 404707, 404741, 405450, 414341, 414381, 416445, 416845, 417631, 420685, 420702, 420813, 423523, 427152, 427178, 428409, 429034, 429092, 431191, 433069, 436568, 449444, 450486, 471291, 481672, 481847, 482185, 495057, 496877, 499023, 499040, 499457, 501699, 501706, 506089, 506097, 506831, 506861, 507689, 507710, 507959, 508498, 512543, 516793, 521223, 521231, 522105, 522143, 522514, 522780, 523082, 529086, 532706, 534759, 536127, 536135, 537350, 538980, 539101, 539113, 541020, 542928, 542936, 543308, 543501, 545940, 548983, 548986, 550449, 550471, 550800, 550810, 551056, 551387, 552167, 552179, 552210, 552217, 552261, 552420, 552434, 553030, 553147, 553168, 553264, 553383, 553386, 553442, 553482, 553492, 553625, 553703, 554754, 556368, 556384, 556450, 556487, 556632, 557183, 558230, 558237, 558243, 558662, 559283, 559295, 559389, 560017, 560923, 560931, 563674, 565265, 565903, 567272, 569795, 572015, 573744, 573790, 576499, 578262, 578509, 582198, 583189, 584986, 586357, 586513, 586540, 586588, 586655, 586955, 586966, 587190, 587427, 587514, 587577, 588061, 589100, 589317, 591294, 592800, 593480, 593487, 597104, 597923, 599028, 599569, 599571, 599692, 600058, 600079, 600092, 600275, 604105, 604503, 605534, 607020, 608357, 608734, 608955, 609383, 610605, 610614, 613764, 613865, 614407, 615140, 615285, 615327, 615500, 615691, 616177, 616662, 617232, 619547, 619776, 622098, 623342, 624536, 626007, 626049, 626347, 626950, 628195, 628198, 628213, 628659, 628842, 629157, 629180, 629192, 629887, 629890, 629898, 629908, 629928, 629984, 630075, 631026, 631725, 631817, 632357, 634464, 635640, 636506, 636651, 638203, 639912, 639978, 640137, 640591, 640597, 640621, 640876, 640957, 641013]
6,1,[874]
10,450,[694, 985, 1166, 1209, 1871, 1967, 2069, 2118, 3451, 3778, 3896, 4025, 4677, 4712, 8901, 8987, 9865, 9910, 11916, 13895, 14059, 16095, 16117, 19925, 26152, 26189, 28007, 28011, 28213, 29571, 29583, 30518, 33883, 34970, 35002, 35045, 44890, 44892, 45024, 70547, 70630, 70637, 70653, 71020, 104535, 107697, 109515, 113926, 113933, 116004, 117050, 118090, 118093, 118609, 120724, 124317, 124336, 125511, 125621, 125629, 125662, 127438, 128602, 129314, 130463, 150571, 153037, 155887, 156889, 161737, 162108, 165810, 173965, 174390, 174566, 174871, 176880, 176883, 177227, 178863, 179927, 179936, 180545, 180863, 182620, 184921, 190732, 191980, 192714, 194148, 194806, 199633, 199636, 201213, 202133, 202144, 202885, 209695, 212582, 212602, 215760, 215762, 215778, 215820, 215980, 216124, 217191, 217439, 217442, 217514, 217518, 219876, 219879, 219907, 221767, 221803, 224301, 224742, 224864, 224873, 224899, 227126, 227130, 238547, 238567, 256016, 256024, 280370, 286484, 295248, 295344, 295818, 297595, 297627, 298083, 298950, 299237, 299335, 299962, 300124, 300267, 301156, 304944, 307023, 307379, 307530, 307552, 307586, 307681, 308476, 308587, 312006, 313572, 313795, 314914, 315602, 316110, 316155, 316212, 316748, 316973, 317039, 317820, 318536, 319292, 320246, 324033, 324268, 324381, 324869, 328903, 330968, 332360, 334310, 341434, 341946, 343630, 345261, 345673, 345730, 345932, 345986, 346277, 346319, 346423, 346445, 346554, 347060, 347105, 347483, 347934, 348094, 348312, 348374, 348382, 348804, 348961, 349102, 349337, 349377, 349446, 349502, 349521, 349993, 350027, 350142, 350392, 350493, 350702, 350788, 351531, 351890, 352628, 352802, 356537, 357147, 357412, 357789, 358678, 358723, 358941, 358947, 359138, 359205, 359761, 360057, 360077, 369807, 379759, 379837, 379926, 382141, 388497, 395296, 397593, 399761, 404836, 404873, 404907, 405616, 414507, 414547, 416611, 417011, 417797, 420851, 420868, 420979, 423689, 427318, 427344, 428576, 429201, 429259, 431361, 433239, 436738, 449614, 450656, 471462, 481838, 482013, 482351, 495216, 497046, 499192, 499209, 499626, 501868, 501875, 506258, 506266, 507000, 507030, 507858, 507879, 508128, 508667, 512712, 516965, 521395, 521403, 522277, 522315, 522686, 522952, 523254, 529261, 532881, 534934, 536302, 536310, 537525, 539155, 539276, 539288, 541195, 543103, 543111, 543483, 543676, 546115, 549161, 549164, 550627, 550649, 550978, 550988, 551234, 551565, 552345, 552357, 552388, 552395, 552439, 552598, 552612, 553208, 553325, 553346, 553442, 553561, 553564, 553620, 553660, 553670, 553803, 553881, 554932, 556546, 556562, 556628, 556665, 556810, 557361, 558408, 558415, 558421, 558840, 559461, 559473, 559567, 560195, 561101, 561109, 563852, 565445, 566083, 567452, 569975, 572195, 573924, 573970, 576679, 578442, 578689, 582378, 583369, 585171, 586542, 586698, 586725, 586773, 586840, 587140, 587151, 587375, 587612, 587699, 587762, 588246, 589285, 589502, 591479, 592991, 593671, 593678, 597295, 598114, 599225, 599766, 599768, 599889, 600255, 600276, 600289, 600472, 604307, 604705, 605736, 607227, 608569, 608946, 609167, 609595, 610822, 610831, 613998, 614099, 614641, 615374, 615519, 615566, 615739, 615930, 616416, 616905, 617475, 619799, 620028, 622350, 623596, 624790, 626264, 626306, 626604, 627210, 628458, 628461, 628476, 628922, 629105, 629420, 629443, 629455, 630150, 630153, 630161, 630171, 630191, 630247, 630338, 631297, 632000, 632092, 632632, 634739, 635915, 636781, 636926, 638478, 640187, 640253, 640412, 640866, 640872, 640896, 641151, 641232, 641288]
11,12,[1751, 2711, 3459, 5361, 7332, 7462, 10394, 12207, 13328, 14235, 15433, 21087]
12,10,[114, 144, 2178, 4857, 9306, 13425, 14474, 15886, 17098, 23412]
13,9,[67, 1102, 1909, 2230, 2508, 3216, 3573, 3702, 3952]
14,223,[2274, 2992, 4019, 4901, 5896, 6520, 7255, 7977, 9303, 10556, 11486, 12755, 13746, 14680, 15449, 16431, 17319, 18204, 19238, 20025, 20800, 21486, 22203, 23215, 24187, 25568, 26102, 26864, 28018, 28785, 29712, 30488, 31433, 32276, 33257, 34068, 34702, 35578, 36458, 37544, 38718, 39198, 39662, 40691, 41490, 42343, 43160, 44052, 45067, 46234, 47282, 48242, 48932, 49622, 50631, 51733, 52924, 54045, 54903, 55983, 56636, 57265, 58138, 59218, 60488, 61156, 61956, 62770, 63655, 64139, 65240, 66284, 67113, 67925, 68941, 69571, 70347, 71127, 71734, 72732, 73200, 73981, 74836, 75762, 76758, 77800, 79027, 79994, 80886, 82304, 82488, 83649, 84818, 85938, 87053, 88286, 89398, 90314, 90613, 91376, 92677, 93562, 94595, 95587, 96260, 97126, 98099, 98854, 99704, 101113, 101921, 102891, 103729, 104350, 105177, 105831, 106804, 106996, 107033, 107655, 108943, 109705, 110453, 111206, 111817, 112461, 113219, 114062, 114887, 115459, 116633, 117476, 118105, 118825, 119392, 120305, 121091, 121823, 122599, 123504, 124536, 125407, 126017, 126986, 128169, 129004, 129889, 130511, 131074, 131707, 132729, 133425, 134673, 135904, 137014, 137934, 138999, 140108, 141281, 141808, 143025, 144104, 144825, 145456, 146193, 147188, 147959, 148513, 149163, 149815, 150404, 151039, 151739, 152631, 153501, 154359, 155086, 155822, 156645, 157391, 158299, 159948, 161481, 162827, 163831, 164731, 165707, 166039, 166774, 167756, 168835, 169896, 170876, 171988, 172786, 173298, 173893, 174859, 175794, 176781, 177317, 177814, 178723, 179613, 181105, 182271, 183148, 183984, 184355, 185352, 186337, 187211, 187983, 188476, 188971, 189761, 190225, 191090, 191835, 193116, 194006, 194732, 195526]
15,175,[486, 1210, 1260, 4083, 9141, 10652, 13725, 13892, 14039, 14121, 25215, 25390, 28261, 30238, 31118, 34967, 35197, 35950, 36239, 36244, 36299, 37260, 38045, 39700, 41911, 46649, 47142, 47455, 47599, 48275, 48742, 48843, 49974, 49980, 51521, 51697, 51909, 52048, 52938, 52986, 53004, 54942, 54976, 56288, 56494, 57504, 62155, 63030, 64441, 65691, 67595, 69245, 69664, 69955, 70213, 70291, 70602, 70614, 70749, 70943, 70954, 70971, 72074, 72334, 72397, 73684, 75829, 76564, 77458, 77769, 77822, 82977, 83243, 83423, 83800, 84974, 85514, 85967, 87445, 87727, 88980, 91958, 93582, 94696, 95121, 95425, 95579, 96726, 97642, 98755, 99092, 99139, 99377, 104153, 104536, 106951, 107016, 109731, 109898, 110017, 110899, 110989, 112429, 113249, 118335, 120985, 121478, 121922, 126355, 126358, 131263, 131318, 132398, 133929, 134138, 135891, 137630, 137681, 137686, 137693, 138411, 138658, 140651, 142685, 142925, 143719, 143838, 144050, 144104, 144522, 147281, 147410, 147670, 147839, 147858, 147876, 149288, 149310, 149325, 149343, 150324, 150586, 150695, 151843, 151859, 153362, 153903, 157037, 157643, 158064, 158214, 158282, 158377, 158434, 158707, 158821, 158922, 159240, 159241, 159382, 161525, 162154, 162422, 162613, 162688, 162747, 163306, 164343, 166343, 169420, 171276, 172767, 173173, 173192, 173789]
16,20,[3822, 5652, 6008, 6175, 8546, 10530, 10617, 12089, 12410, 13962, 16370, 17042, 18674, 25693, 26284, 30205, 31887, 32324, 34801, 37445]
17,143,[695, 1343, 1472, 1561, 1931, 3343, 3838, 5187, 5284, 5403, 7998, 8012, 10974, 12444, 12605, 12887, 15676, 15685, 21695, 22276, 22426, 22635, 23035, 23087, 25079, 25154, 25606, 28296, 29006, 30322, 38030, 39079, 43436, 43563, 44108, 44209, 50870, 51924, 58838, 58841, 59499, 60370, 65013, 65274, 65500, 65505, 68024, 68079, 68090, 68566, 68580, 68624, 69593, 69755, 70620, 70626, 76667, 78745, 80946, 82939, 85852, 85977, 85988, 86921, 87091, 88116, 89978, 92730, 92958, 93852, 93927, 93984, 94066, 95546, 101452, 102711, 103288, 103320, 103411, 105020, 109604, 109754, 111353, 111462, 111520, 112376, 116498, 116533, 117264, 117631, 117643, 118136, 118149, 118184, 118197, 118241, 122026, 123148, 123809, 124326, 124351, 124404, 124451, 124763, 124777, 125046, 127361, 139246, 139248, 154030, 158440, 159613, 159750, 160263, 162723, 164449, 165213, 171401, 174993, 175097, 175228, 176240, 178581, 178598, 179036, 179516, 185024, 187128, 188576, 196213, 198207, 201957, 202871, 205149, 205448, 206108, 209915, 211273, 213112, 213271, 215201, 216927, 217074]
18,28,[10954, 14124, 14137, 26468, 30656, 42743, 46331, 54145, 55024, 58049, 59586, 71353, 80371, 90214, 94654, 101899, 103013, 104461, 104510, 105666, 105699, 108525, 108616, 108681, 130421, 133190, 144358, 144467]
19,22,[945, 1405, 1642, 1736, 3001, 5225, 6074, 6131, 6189, 6341, 6411, 6683, 7670, 8730, 12871, 14167, 17366, 17415, 17420, 26784, 27028, 27329]
20,89,[2268, 8755, 12996, 12998, 13049, 13373, 13399, 13769, 13790, 14372, 17428, 17443, 17458, 17573, 17583, 18195, 18198, 18885, 18889, 19280, 20433, 23199, 25436, 25723, 25788, 26793, 31238, 31249, 35545, 37493, 39357, 39418, 39779, 40260, 41115, 42695, 42931, 43734, 46458, 46474, 46527, 47404, 48037, 48156, 48327, 50403, 50714, 50874, 54457, 54493, 54501, 55231, 55435, 55691, 55866, 55903, 56308, 56722, 56844, 56855, 56948, 57048, 57217, 57502, 57694, 58521, 58740, 58771, 58996, 59205, 59546, 59563, 59808, 59819, 59844, 60239, 60502, 61608, 63491, 63495, 64636, 64641, 64690, 64766, 64794, 64837, 64854, 64887, 65693]
21,52,[27, 4574, 4783, 4786, 4850, 5210, 5249, 5288, 5318, 5338, 5414, 5892, 6168, 7485, 8559, 9220, 14137, 14628, 15171, 15614, 16316, 16772, 17078, 17105, 17546, 17644, 17661, 18776, 19945, 20124, 21395, 22301, 23527, 23575, 23596, 24508, 25913, 26501, 27729, 30634, 30760, 31073, 31654, 31680, 31729, 32113, 32183, 32209, 32508, 32689, 34289, 34448]
22,142,[823, 2822, 11143, 13938, 14208, 15477, 15745, 15747, 15749, 15751, 16761, 16763, 16765, 16767, 16770, 16811, 16847, 16864, 16922, 17190, 17192, 17194, 20134, 20167, 20169, 20351, 20377, 20380, 20383, 22449, 23109, 26666, 26771, 36953, 40722, 43029, 46614, 46615, 46628, 46657, 46661, 46668, 46698, 46712, 46750, 46754, 46758, 46763, 46766, 46786, 46795, 46819, 46821, 46865, 46867, 46869, 46871, 46873, 46980, 46986, 47000, 47010, 47014, 47017, 47020, 47176, 47268, 47270, 47272, 47505, 47507, 47963, 47985, 66058, 80485, 80600, 80633, 84249, 84761, 90140, 90471, 91239, 91251, 92870, 92922, 95692, 95695, 97230, 97290, 98184, 98809, 101003, 101306, 101399, 101776, 102063, 102301, 103704, 103775, 107365, 107398, 108547, 109405, 110063, 110240, 110242, 110473, 110839, 111514, 111932, 114022, 114189, 114193, 114201, 119384, 121137, 121280, 128243, 128247, 129743, 131692, 131984, 133165, 133753, 133981, 133985, 133989, 134084, 134087, 134491, 135780, 135961, 135967, 140821, 141343, 141544, 149045, 151806, 154238, 158776, 158779, 160129]
23,40,[2, 1993, 2640, 2912, 3433, 3828, 4530, 8492, 8851, 10080, 10153, 11843, 12575, 12601, 13336, 13788, 13813, 14484, 15734, 16034, 16876, 17052, 17190, 17367, 17621, 20771, 21875, 22584, 24758, 25286, 25289, 25443, 26902, 27048, 27951, 28154, 28344, 28563, 29521, 30327]
24,47,[3515, 4371, 4625, 7898, 11678, 18106, 18657, 19863, 26023, 26213, 27091, 27207, 27472, 27502, 29057, 29118, 29212, 29620, 29678, 29704, 29773, 30004, 30787, 32230, 34792, 36147, 36178, 36255, 36332, 36443, 36626, 37450, 37649, 37803, 39042, 39052, 40875, 40880, 40972, 41524, 41650, 41655, 43109, 43419, 43443, 44294, 44424]
25,7,[78609, 86857, 102596, 102630, 130539, 176469, 191396]
26,89,[2661, 9297, 13581, 13583, 13632, 13959, 13985, 14356, 14377, 14970, 18095, 18110, 18125, 18249, 18259, 18897, 18900, 19593, 19597, 19985, 21160, 23967, 26230, 26523, 26588, 27614, 32107, 32118, 36444, 38409, 40300, 40360, 40717, 41201, 42051, 43636, 43879, 44693, 47465, 47479, 47531, 48409, 49050, 49167, 49341, 51453, 51765, 51927, 55618, 55654, 55662, 56391, 56594, 56851, 57026, 57063, 57464, 57871, 57992, 58003, 58098, 58198, 58371, 58670, 58868, 59713, 59938, 59970, 60246, 60459, 60826, 60843, 61094, 61105, 61134, 61534, 61799, 62911, 64867, 64871, 66036, 66041, 66090, 66166, 66195, 66239, 66256, 66289, 67107]
27,97,[1129, 1143, 3243, 3638, 3995, 5695, 6424, 8556, 8800, 10229, 10284, 10313, 11690, 13164, 16899, 17108, 17701, 17850, 21793, 26784, 32257, 32445, 32464, 32483, 33308, 34139, 34282, 35214, 36201, 40750, 40989, 41123, 41213, 46661, 47196, 48673, 50234, 51230, 51905, 52053, 52166, 52749, 53287, 55118, 55680, 58144, 66934, 67591, 68441, 69062, 69269, 70082, 71403, 73358, 73410, 74138, 74147, 76732, 76863, 77243, 77284, 77545, 78546, 78913, 79206, 79979, 80356, 80605, 85851, 85875, 85887, 85940, 87143, 87181, 87263, 89587, 90718, 90909, 92159, 92336, 94120, 94463, 96024, 96738, 96789, 98769, 100483, 101137, 101472, 102054, 105525, 106731, 106943, 107123, 107186, 108527, 109450]
28,10,[1822, 2192, 2211, 2619, 3104, 4467, 5646, 8521, 10249, 11052]
30,450,[601, 892, 1073, 1116, 1778, 1874, 1976, 2025, 3357, 3684, 3802, 3931, 4583, 4618, 8807, 8893, 9771, 9816, 11822, 13801, 13965, 16001, 16023, 19831, 26058, 26095, 27913, 27917, 28119, 29477, 29489, 30424, 33785, 34872, 34904, 34947, 44792, 44794, 44926, 70444, 70527, 70534, 70550, 70917, 104428, 107586, 109404, 113815, 113822, 115893, 116939, 117979, 117982, 118498, 120613, 124206, 124225, 125400, 125510, 125518, 125551, 127327, 128490, 129202, 130351, 150458, 152924, 155774, 156776, 161623, 161985, 165687, 173842, 174267, 174443, 174748, 176757, 176760, 177104, 178740, 179804, 179813, 180422, 180740, 182488, 184789, 190600, 191848, 192582, 194016, 194674, 199491, 199494, 201071, 201991, 202002, 202743, 209553, 212440, 212460, 215618, 215620, 215636, 215678, 215838, 215982, 217050, 217299, 217302, 217374, 217378, 219726, 219729, 219757, 221617, 221653, 224151, 224592, 224714, 224723, 224749, 226976, 226980, 238397, 238417, 255860, 255868, 280215, 286328, 295091, 295187, 295661, 297437, 297469, 297925, 298792, 299079, 299177, 299804, 299966, 300109, 300998, 304786, 306865, 307221, 307372, 307394, 307428, 307523, 308318, 308429, 311847, 313413, 313636, 314755, 315443, 315951, 315996, 316053, 316589, 316814, 316880, 317661, 318377, 319133, 320087, 323874, 324109, 324222, 324710, 328744, 330809, 332201, 334151, 341275, 341787, 343471, 345102, 345514, 345571, 345773, 345827, 346118, 346160, 346264, 346286, 346395, 346901, 346946, 347324, 347775, 347935, 348153, 348215, 348223, 348645, 348802, 348943, 349178, 349218, 349287, 349343, 349362, 349834, 349868, 349983, 350233, 350334, 350543, 350629, 351372, 351731, 352469, 352643, 356378, 356987, 357252, 357629, 358518, 358563, 358781, 358787, 358978, 359045, 359601, 359897, 359917, 369644, 379596, 379674, 379763, 381978, 388334, 395130, 397427, 399595, 404670, 404707, 404741, 405450, 414341, 414381, 416445, 416845, 417631, 420685, 420702, 420813, 423523, 427152, 427178, 428409, 429034, 429092, 431191, 433069, 436568, 449444, 450486, 471291, 481672, 481847, 482185, 495057, 496877, 499023, 499040, 499457, 501699, 501706, 506089, 506097, 506831, 506861, 507689, 507710, 507959, 508498, 512543, 516793, 521223, 521231, 522105, 522143, 522514, 522780, 523082, 529086, 532706, 534759, 536127, 536135, 537350, 538980, 539101, 539113, 541020, 542928, 542936, 543308, 543501, 545940, 548983, 548986, 550449, 550471, 550800, 550810, 551056, 551387, 552167, 552179, 552210, 552217, 552261, 552420, 552434, 553030, 553147, 553168, 553264, 553383, 553386, 553442, 553482, 553492, 553625, 553703, 554754, 556368, 556384, 556450, 556487, 556632, 557183, 558230, 558237, 558243, 558662, 559283, 559295, 559389, 560017, 560923, 560931, 563674, 565265, 565903, 567272, 569795, 572015, 573744, 573790, 576499, 578262, 578509, 582198, 583189, 584986, 586357, 586513, 586540, 586588, 586655, 586955, 586966, 587190, 587427, 587514, 587577, 588061, 589100, 589317, 591294, 592800, 593480, 593487, 597104, 597923, 599028, 599569, 599571, 599692, 600058, 600079, 600092, 600275, 604105, 604503, 605534, 607020, 608357, 608734, 608955, 609383, 610605, 610614, 613764, 613865, 614407, 615140, 615285, 615327, 615500, 615691, 616177, 616662, 617232, 619547, 619776, 622098, 623342, 624536, 626007, 626049, 626347, 626950, 628195, 628198, 628213, 628659, 628842, 629157, 629180, 629192, 629887, 629890, 629898, 629908, 629928, 629984, 630075, 631026, 631725, 631817, 632357, 634464, 635640, 636506, 636651, 638203, 639912, 639978, 640137, 640591, 640597, 640621, 640876, 640957, 641013]
