10,9,[245461, 247512, 287855, 304377, 343354, 356352, 367208, 376986, 614176]
15,9,[17433, 26293, 30101, 71991, 91164, 93693, 104270, 150116, 162986]
17,3,[34252, 84547, 155011]
19,1,[9429]
20,1,[32408]
21,2,[10262, 13090]
25,1,[140760]
26,1,[33282]
27,7,[26150, 50182, 59191, 76592, 95086, 105322, 105356]
30,9,[245308, 247359, 287699, 304219, 343195, 356193, 367045, 376823, 613942]
10,9,[245461, 247512, 287855, 304377, 343354, 356352, 367208, 376986, 614176]
15,9,[17433, 26293, 30101, 71991, 91164, 93693, 104270, 150116, 162986]
17,3,[34252, 84547, 155011]
19,1,[9429]
20,1,[32408]
21,2,[10262, 13090]
25,1,[140760]
26,1,[33282]
27,7,[26150, 50182, 59191, 76592, 95086, 105322, 105356]
30,9,[245308, 247359, 287699, 304219, 343195, 356193, 367045, 376823, 613942]
