10,669,[6761, 14231, 35447, 36056, 36922, 37165, 38333, 38336, 41169, 41177, 42293, 42301, 45899, 46776, 47429, 47442, 47466, 49071, 49269, 49633, 51629, 51642, 51680, 51750, 53570, 53639, 56220, 56242, 57262, 57360, 57682, 65874, 95869, 108316, 110716, 112019, 112066, 116918, 117277, 117416, 117479, 119316, 121254, 121304, 124963, 127936, 127945, 128126, 128195, 128439, 134721, 148941, 152343, 153435, 155320, 155473, 160624, 161642, 161645, 161665, 162528, 164075, 164090, 165930, 166243, 167687, 172282, 174824, 176135, 179062, 179670, 186354, 186634, 186656, 186660, 194509, 197147, 197671, 202172, 202182, 202208, 203324, 204615, 204628, 205074, 205254, 206244, 208665, 210683, 213318, 213428, 215659, 216954, 217027, 218103, 218111, 218171, 218573, 220729, 220733, 222882, 225712, 225720, 226014, 228787, 229305, 230869, 231699, 231760, 232526, 233244, 236918, 236955, 238187, 240733, 245536, 245957, 246249, 247099, 248697, 248954, 248976, 250195, 254034, 255969, 256078, 257233, 258329, 260733, 264709, 266599, 266788, 266946, 267063, 270394, 272283, 272287, 272820, 274410, 276526, 286307, 292068, 293396, 297126, 297546, 298137, 298787, 299165, 299457, 300248, 300573, 301016, 301130, 301334, 301446, 301841, 302283, 302937, 303238, 303687, 306411, 307297, 307794, 307799, 308698, 309157, 310137, 310161, 310168, 310263, 310281, 310582, 310722, 310727, 310746, 310917, 311165, 311195, 311354, 311960, 313751, 314271, 315251, 315260, 315268, 316395, 316606, 316611, 317016, 318105, 318480, 318604, 319089, 319574, 320570, 321639, 321656, 321760, 322357, 322442, 322751, 323409, 323415, 323476, 323613, 323747, 324403, 326539, 326699, 326865, 326873, 326991, 328180, 328423, 328573, 328926, 328933, 329005, 329012, 329111, 329154, 329157, 329254, 329290, 329450, 329575, 330013, 330017, 330160, 330163, 330184, 330694, 330703, 330990, 331154, 331286, 331801, 331950, 332491, 332523, 332529, 333329, 333955, 333966, 333979, 333983, 334014, 334036, 334042, 334240, 334332, 334418, 334577, 335527, 336577, 336762, 337188, 337197, 337200, 337260, 337824, 337915, 337921, 337941, 337946, 338073, 338579, 339676, 340072, 340671, 341203, 341398, 341903, 342213, 343163, 343687, 343814, 344603, 344608, 344614, 349209, 351201, 351508, 352040, 353539, 353543, 354199, 354238, 354301, 354416, 354469, 354617, 354686, 355159, 356550, 361461, 361609, 361729, 361859, 361884, 361894, 361902, 361922, 362046, 362351, 362592, 362630, 362640, 362649, 362660, 362673, 362693, 362700, 362720, 362752, 362759, 363026, 363092, 363294, 363468, 363837, 364523, 365444, 365449, 365454, 365459, 365488, 367206, 367420, 367552, 367643, 368178, 368430, 368599, 369241, 369323, 369401, 370182, 370520, 370532, 370541, 370568, 370674, 370680, 371142, 371442, 372188, 373119, 373124, 373812, 374133, 374993, 376300, 376419, 376997, 377084, 378468, 379757, 379791, 380398, 381758, 381784, 383999, 384086, 384972, 385077, 385892, 386062, 386067, 386145, 386153, 386162, 386199, 386207, 387060, 388725, 388751, 389046, 389050, 389363, 389382, 389387, 389576, 390841, 391368, 392061, 392381, 392388, 392429, 392459, 393830, 394731, 395790, 396579, 398111, 398350, 398808, 398845, 399035, 399686, 399891, 400966, 402692, 404978, 405956, 405960, 406424, 406430, 406757, 406822, 407857, 408048, 408129, 408383, 410067, 410215, 410218, 410591, 411723, 413151, 416038, 416806, 421126, 421133, 421411, 421430, 421466, 421935, 422345, 422536, 422543, 422594, 423234, 423265, 424790, 424803, 424835, 424866, 425359, 425725, 425754, 425828, 425864, 425868, 426198, 427040, 427503, 427682, 427941, 428060, 428071, 428096, 428381, 428534, 428562, 429193, 429401, 429507, 429919, 430212, 430220, 430350, 430355, 430415, 430624, 430948, 432300, 433300, 435760, 436231, 437895, 439877, 439971, 440622, 441610, 443217, 443292, 443791, 443832, 445379, 445699, 445941, 446103, 446862, 446864, 448820, 448964, 448973, 448983, 449305, 449387, 449701, 453080, 453148, 454068, 454072, 455332, 455918, 457199, 457481, 457776, 457811, 459987, 462641, 463524, 464595, 465673, 465679, 466118, 466427, 466443, 467492, 467528, 467558, 467653, 467685, 467692, 467788, 469764, 469784, 469793, 470010, 470069, 471260, 472068, 472866, 472868, 473270, 473283, 473495, 473670, 473763, 473869, 474357, 474396, 475042, 475494, 475810, 475991, 476316, 476365, 476375, 476405, 476413, 476478, 478142, 479054, 479576, 480649, 480763, 481570, 482752, 483773, 484968, 484976, 484994, 485188, 485479, 485484, 485545, 485960, 486038, 487363, 487782, 488138, 489725, 491111, 492739, 492979, 493664, 493671, 494297, 494709, 495610, 495614, 497393, 498911, 499291, 502189, 502714, 504012, 504058, 504268, 504298, 504325, 504419, 508145, 509248, 509700, 510292, 510821, 515227, 515697, 517990, 520275, 520355, 524637, 525460, 530674, 533141, 533610, 533611, 533651, 534289, 534292, 539375, 539504, 540336, 540341, 540376, 545295, 549582, 554632, 555610, 555821, 564666, 565019, 566231, 568936, 569950, 572157, 574306, 576766, 577885, 584857, 584970, 586824, 588778, 598928, 605553, 609525, 611895, 614183, 618552, 619151, 619802, 623499, 623751, 625156, 626510, 627171, 629230, 630992, 631673, 631699, 631712, 632289, 632297, 633082, 633096, 633163, 633189, 633195, 633209, 635040, 635052, 635099, 635301, 635656, 636619, 636688, 636834, 637389, 638059, 639167, 639229, 640524, 640530, 640678]
11,85,[285, 412, 713, 856, 1117, 1175, 1352, 1418, 1423, 1433, 1541, 1792, 1994, 2473, 2847, 3020, 3023, 3032, 3203, 3300, 3870, 4319, 4673, 5041, 5433, 5740, 6064, 6070, 6522, 6703, 7443, 7482, 7799, 7875, 8252, 8522, 8884, 8930, 9084, 9177, 9494, 9556, 9567, 9705, 9723, 9951, 10058, 10166, 10178, 10421, 10437, 10697, 10796, 10804, 11357, 11373, 11673, 12379, 12606, 12733, 12920, 13789, 13856, 13881, 14000, 14314, 14568, 14602, 14816, 14835, 14933, 15020, 15350, 16001, 16430, 16455, 16740, 16788, 16905, 17246, 17435, 17634, 19354, 20010, 20326]
12,122,[1259, 1327, 1427, 1456, 1502, 1550, 1593, 2573, 2793, 2844, 2996, 3328, 3673, 3696, 3739, 3749, 3776, 4169, 4184, 4261, 4352, 4445, 4810, 5239, 5351, 5413, 5417, 5527, 5813, 6004, 6259, 6269, 6912, 6942, 7583, 7686, 7773, 7848, 7987, 8166, 8567, 8612, 8652, 8824, 8839, 9213, 9333, 9413, 9791, 10371, 10581, 10603, 10862, 10975, 10990, 11091, 11095, 11173, 11206, 11275, 11330, 11729, 11866, 11944, 12217, 12261, 12297, 12343, 12415, 12470, 12812, 13100, 13388, 13442, 13613, 13634, 13638, 13643, 13676, 13680, 13741, 13984, 14264, 14736, 14746, 15024, 15205, 15672, 15766, 15956, 16027, 16065, 16416, 16608, 16912, 17246, 17533, 17551, 17574, 17857, 18022, 18150, 18864, 18943, 19246, 19250, 19278, 19631, 20320, 20722, 21120, 21181, 21971, 22012, 22157, 22247, 22311, 22340, 22355, 22535, 22566, 23262]
13,9,[429, 465, 1580, 1629, 1979, 2404, 3563, 3995, 4097]
14,5,[41866, 68358, 87157, 122406, 135696]
15,647,[1228, 1273, 1301, 1358, 1442, 1870, 2244, 2528, 3542, 3887, 4168, 4303, 4748, 5012, 5494, 6105, 6532, 6607, 6634, 6728, 6798, 7018, 7381, 7513, 7682, 7897, 8670, 9059, 9109, 9597, 9693, 9987, 10020, 10740, 11328, 11490, 11907, 12089, 12147, 12155, 12491, 12801, 12936, 12970, 13042, 13153, 13358, 13614, 13794, 13913, 14189, 14239, 14315, 14599, 14843, 15073, 15373, 15891, 16109, 16256, 16788, 16912, 17307, 17902, 17981, 18217, 18824, 18919, 19054, 19125, 19632, 19741, 20082, 20241, 20331, 20474, 20910, 20917, 20944, 21304, 21365, 21468, 21649, 21686, 21940, 22038, 22117, 22394, 22492, 23275, 23556, 23590, 23605, 23702, 23736, 23810, 23937, 24039, 24880, 25161, 25520, 25559, 26639, 26919, 26977, 26986, 27143, 27172, 27179, 27401, 28254, 28292, 29051, 29596, 29884, 30385, 30702, 30862, 30957, 31704, 32183, 33567, 33887, 34179, 34465, 36099, 36187, 36208, 36466, 36512, 36589, 37216, 37290, 37503, 37715, 37976, 38112, 38230, 38797, 38838, 38871, 39152, 39709, 39756, 39768, 39867, 39925, 40053, 40191, 40319, 40431, 40652, 40690, 40774, 41000, 41069, 42318, 43092, 43172, 43244, 43661, 44095, 44247, 44507, 44584, 44802, 45130, 45752, 46144, 46659, 46793, 47308, 47314, 47779, 48210, 48400, 48967, 49143, 49871, 49959, 50128, 50855, 50872, 50894, 50915, 51014, 52398, 52572, 52880, 52989, 53413, 53527, 54163, 54444, 56449, 56826, 57019, 58049, 58773, 58861, 59145, 59303, 59614, 60403, 60470, 60653, 60666, 62054, 62974, 63062, 63129, 63334, 64522, 64913, 66481, 66504, 66815, 66964, 67142, 67500, 67636, 67720, 68020, 68040, 68095, 68708, 68743, 68749, 68802, 68818, 69047, 69246, 69323, 69341, 69376, 69412, 69642, 69718, 69775, 69884, 70122, 70358, 70424, 70552, 70814, 71509, 71572, 71736, 72007, 72071, 72092, 72338, 72381, 72614, 73008, 73035, 74152, 74266, 74332, 74370, 74610, 74664, 74867, 74892, 75592, 75655, 75700, 75966, 76300, 76306, 76498, 76539, 77258, 77447, 77647, 77917, 78141, 78406, 79105, 79117, 79896, 79897, 80332, 81375, 81490, 81495, 81628, 81774, 81807, 81964, 82151, 82482, 82544, 82810, 82978, 83045, 83273, 83289, 83360, 83499, 83862, 83876, 84081, 84527, 84543, 84742, 84843, 84896, 85334, 85375, 85669, 85713, 85937, 85965, 86526, 86687, 86798, 87116, 87133, 87179, 87249, 87285, 87712, 87744, 87759, 87780, 87924, 87965, 88190, 88232, 88307, 88356, 88471, 88535, 88801, 88845, 89765, 90305, 90779, 90898, 91060, 91079, 92417, 92578, 92680, 92755, 93525, 93668, 93805, 93918, 94726, 94829, 94973, 95082, 95219, 95225, 95251, 95286, 95328, 95913, 95927, 95963, 96435, 96691, 98409, 98903, 99940, 99970, 100232, 100805, 101212, 101399, 101728, 102314, 102397, 102583, 102732, 103268, 103422, 103515, 103700, 103978, 104624, 104940, 104965, 105039, 105199, 105493, 105511, 106036, 106479, 106555, 106608, 106847, 107023, 107032, 107120, 108094, 108455, 108537, 108645, 108679, 109161, 109566, 110256, 110266, 110621, 111556, 111656, 111738, 111904, 112077, 112977, 113338, 113534, 113732, 114132, 114243, 115066, 115828, 116689, 117050, 117339, 117395, 117533, 117586, 117808, 117832, 117967, 118049, 118101, 118279, 118381, 118523, 118639, 118678, 118848, 118903, 119129, 119349, 119814, 120029, 120578, 120707, 120778, 120846, 120907, 121151, 121244, 121261, 122194, 122557, 123212, 123590, 123992, 124368, 125151, 125272, 125392, 125666, 126248, 126507, 126796, 126984, 127015, 127032, 127436, 127587, 127644, 127657, 127971, 128234, 128341, 128399, 128632, 128970, 129251, 129311, 129589, 130011, 130562, 130634, 130678, 130748, 131436, 131903, 132680, 132683, 132767, 132876, 133378, 133409, 133513, 133742, 133819, 134251, 134281, 134323, 134344, 134860, 135113, 135317, 135441, 136100, 137309, 137397, 138030, 138048, 138299, 138830, 138849, 138893, 139004, 139144, 139740, 140554, 141315, 141592, 141823, 142182, 142649, 142793, 142940, 143136, 143186, 143283, 143286, 143482, 144016, 144022, 144153, 145068, 145240, 145358, 145373, 145550, 145662, 145671, 145682, 146379, 146834, 146896, 147032, 147109, 147119, 147444, 147775, 148202, 148309, 148363, 148391, 148529, 148534, 148820, 148894, 149058, 149120, 149293, 149420, 149496, 149910, 150859, 150899, 151103, 151372, 151982, 152140, 152753, 152902, 152959, 153080, 153191, 153202, 153444, 153763, 153848, 154428, 154436, 154507, 154730, 154833, 155652, 155724, 156047, 157743, 157774, 158400, 158409, 158436, 158449, 158455, 158467, 159072, 160226, 160251, 160552, 160554, 160627, 160629, 161174, 161580, 162694, 162817, 162903, 162970, 163842, 163966, 164256, 164389, 164400, 164718, 164869, 164905, 164921, 165122, 165357, 165679, 166019, 166277, 166597, 167296, 167664, 167880, 168171, 168200, 168258, 168448, 168671, 168701, 168737, 168795, 168834, 169778, 170048, 170071, 170311, 170775, 170920, 171289, 171527, 171540, 173040, 173051, 173584, 173747, 173756, 173815]
16,94,[193, 255, 712, 810, 942, 1291, 1423, 2535, 2577, 2799, 2942, 2970, 3077, 3098, 3334, 3346, 5265, 5580, 6043, 6377, 6811, 7247, 8487, 8666, 9596, 9604, 9641, 9772, 10762, 11369, 11791, 12014, 13395, 14698, 15069, 15761, 16083, 16377, 16487, 17033, 18526, 19643, 19899, 20402, 20413, 20685, 21558, 21981, 22438, 22771, 23236, 23246, 23427, 23553, 23614, 23911, 24525, 24867, 25229, 25764, 25868, 26148, 26243, 26324, 26551, 26801, 27579, 28345, 28407, 28732, 28804, 29084, 29173, 29377, 29382, 29401, 29778, 30379, 31571, 32272, 32879, 33079, 33146, 33263, 33936, 33941, 33945, 34779, 35518, 35554, 37022, 37081, 37087, 37100]
17,140,[1777, 1796, 1919, 2031, 3077, 3854, 7041, 7609, 8345, 8797, 9502, 9690, 12658, 14274, 14830, 14982, 15693, 15744, 18681, 18830, 20352, 23060, 23470, 23692, 24382, 24399, 24406, 25500, 25510, 25673, 26914, 27086, 27091, 27170, 27178, 27187, 27225, 27233, 27350, 28003, 28025, 28234, 28754, 30108, 30823, 31569, 32481, 32486, 32490, 32495, 32524, 34250, 34464, 34599, 34689, 35225, 35478, 35654, 36330, 36412, 36494, 37034, 39206, 39572, 41954, 41965, 42729, 43161, 43965, 44927, 45587, 45603, 45863, 46040, 46243, 47445, 47954, 48375, 49123, 50249, 50333, 51771, 52381, 55409, 55747, 56390, 57483, 65336, 67172, 71519, 71564, 72385, 78097, 83362, 88189, 108258, 118500, 126716, 128456, 132203, 132232, 135923, 137994, 153590, 153631, 162395, 164971, 168436, 168861, 172968, 172973, 178272, 178680, 183971, 186433, 186437, 189029, 190001, 191710, 191754, 193418, 201045, 201070, 201079, 201088, 201103, 201123, 201748, 203542, 203550, 207792, 209613, 210450, 210481, 215420, 216625, 216644, 216669, 216955, 217737]
18,81,[3488, 3641, 4590, 5058, 6267, 6312, 7733, 9353, 9389, 11878, 12478, 14426, 19870, 25323, 27401, 28203, 31266, 32152, 32633, 32644, 35231, 38997, 39892, 39999, 42206, 42896, 43630, 45631, 46454, 48498, 49301, 50119, 50869, 51246, 55301, 56700, 58755, 61560, 62156, 62174, 63446, 66538, 70272, 71004, 71266, 71603, 72149, 75533, 76091, 78960, 78972, 80879, 83183, 83622, 86530, 90697, 90928, 95460, 95951, 96327, 100935, 101113, 101650, 104324, 105442, 106215, 107150, 107309, 107597, 113542, 115296, 120935, 121814, 122582, 131143, 136792, 136847, 138587, 140219, 141549, 144859]
19,113,[736, 756, 978, 1108, 1188, 1192, 1284, 1289, 1830, 1951, 1994, 2044, 2047, 2273, 2506, 2508, 3040, 3209, 3434, 4346, 4351, 4405, 4650, 4821, 4909, 4915, 4919, 5045, 5310, 5404, 5799, 6161, 6170, 6285, 6306, 6542, 6662, 7048, 7343, 7758, 7865, 7870, 8272, 8276, 8452, 8459, 8582, 8655, 8758, 8762, 9003, 9013, 9269, 10942, 11005, 11219, 11223, 11256, 11264, 11672, 11681, 11706, 11711, 12080, 13404, 13465, 13543, 13683, 14381, 14892, 14895, 15087, 15597, 15611, 15614, 15657, 16982, 16988, 16995, 18586, 18749, 18915, 19298, 19304, 19699, 19925, 20027, 20153, 20155, 20428, 20582, 21157, 21326, 21444, 22358, 22634, 22639, 22725, 23087, 23096, 24118, 24709, 25258, 25441, 25443, 25463, 25761, 25767, 25992, 26015, 26020, 27092, 27155]
20,116,[146, 1813, 1863, 2140, 2191, 2209, 2639, 2780, 3129, 3210, 3274, 3587, 3845, 4356, 4367, 4557, 4666, 4782, 4866, 7055, 7316, 8059, 9299, 9387, 10475, 11242, 11427, 13454, 13829, 13853, 13928, 14335, 15068, 15198, 15229, 15271, 15653, 16302, 16415, 17438, 18588, 18623, 19037, 19207, 20069, 20746, 21289, 21323, 21442, 21491, 21656, 22480, 23030, 23303, 24251, 24484, 24517, 24950, 25133, 26333, 28420, 28791, 30616, 31280, 31512, 31870, 31942, 32237, 32517, 34176, 34350, 34941, 35550, 35552, 36149, 36728, 38564, 40760, 40826, 40854, 40856, 41399, 41653, 42846, 43340, 44186, 44240, 44628, 44643, 45878, 46658, 48148, 50750, 51127, 51164, 52448, 52966, 53007, 53075, 53796, 53909, 54807, 54997, 55759, 56979, 57256, 57827, 59732, 61100, 62367, 63074, 64119, 64427, 64779, 64832, 64895]
21,20,[1669, 1678, 4790, 4909, 6470, 6473, 7525, 10034, 15636, 18023, 20303, 20340, 20702, 22371, 22446, 28156, 28284, 28826, 29336, 32902]
22,192,[1789, 2696, 2752, 2783, 2804, 2809, 2833, 2838, 2842, 2853, 2875, 2877, 2879, 2881, 2955, 2959, 2983, 3041, 3135, 3137, 3139, 3464, 5544, 7211, 7214, 7219, 7222, 7225, 7228, 7300, 10144, 10579, 11883, 11888, 11893, 13406, 13409, 14641, 14645, 14650, 14654, 15035, 16940, 21845, 21884, 21887, 22842, 23036, 23038, 23608, 23626, 24039, 24199, 26760, 27095, 28294, 28513, 33207, 33371, 34422, 35214, 35332, 37268, 37372, 37374, 37533, 37690, 38466, 38484, 38851, 38985, 39476, 39482, 42269, 42272, 42548, 42551, 42573, 42737, 42820, 42841, 42877, 42881, 42899, 43547, 43550, 46790, 47126, 47608, 47736, 48430, 49094, 49994, 49996, 51577, 52093, 52787, 53845, 55967, 57147, 58259, 58655, 61836, 62786, 63233, 65408, 68765, 69240, 70005, 71061, 71065, 71161, 71165, 72478, 74120, 74994, 75686, 75689, 76928, 77874, 78016, 80423, 86449, 86790, 88074, 90145, 95222, 102129, 102132, 102135, 102835, 102838, 102842, 102846, 103456, 104861, 104863, 104865, 107224, 108576, 110829, 110885, 113414, 113419, 122677, 123974, 126908, 129227, 129447, 132108, 132695, 132698, 132748, 132751, 132839, 133780, 134308, 135049, 135051, 135517, 137491, 137495, 138310, 139015, 139505, 140067, 140364, 141057, 142015, 144438, 145677, 145944, 146184, 147095, 147097, 147114, 147486, 148517, 151562, 152143, 152613, 153881, 154334, 154787, 154789, 156215, 159187, 159189, 159191, 159330, 159338, 160202]
23,37,[1512, 3231, 4398, 5031, 5446, 6001, 7647, 8258, 9303, 9307, 10281, 11489, 13832, 14862, 16489, 16754, 17324, 17383, 18426, 19123, 19221, 19990, 20013, 20051, 21019, 21306, 21569, 23674, 23712, 25949, 27152, 27622, 28246, 28533, 30069, 30418, 30594]
24,221,[107, 112, 120, 441, 704, 1541, 1568, 1573, 1820, 2459, 2566, 2702, 2884, 3239, 3490, 3706, 3915, 4319, 4500, 4997, 5086, 5250, 6579, 6696, 6704, 6872, 6881, 6947, 7190, 7388, 7670, 7979, 8236, 8302, 8484, 8543, 8655, 9159, 9363, 9374, 9513, 9658, 10207, 10613, 10619, 10630, 10894, 11082, 11391, 11415, 11540, 11814, 12957, 13000, 13199, 13643, 13943, 14136, 14170, 14292, 14572, 14709, 14804, 14920, 15227, 15546, 16026, 16220, 16682, 16690, 16984, 17282, 17486, 17504, 17522, 17529, 17577, 17636, 17744, 17757, 17828, 18215, 18236, 18427, 18558, 18561, 18612, 18615, 18626, 18633, 18863, 19095, 19269, 19681, 19956, 20031, 20142, 20297, 20392, 20487, 20530, 20535, 20560, 21100, 21658, 21715, 22001, 22714, 22764, 22836, 22897, 22914, 23049, 23079, 23122, 23230, 23322, 23435, 23899, 24101, 24293, 25372, 25417, 25650, 25889, 26057, 26494, 26554, 27186, 27374, 27585, 27800, 28006, 28017, 28236, 28245, 28332, 28414, 28635, 28772, 28828, 29145, 29226, 29713, 30170, 30203, 30843, 31431, 31452, 31790, 32588, 32685, 32721, 32802, 33109, 33405, 33431, 33465, 33694, 33811, 33814, 34190, 34273, 34277, 34339, 34387, 34566, 34669, 34764, 34820, 35043, 35134, 35165, 35989, 36002, 36148, 36374, 36773, 36805, 37463, 37586, 37602, 37623, 37642, 37810, 37887, 38051, 38068, 38353, 38527, 38533, 38664, 38677, 38837, 39032, 39650, 39858, 40025, 40132, 40451, 40541, 40639, 40732, 40751, 41029, 41262, 42000, 42089, 42219, 42692, 43174, 43673, 43701, 43846, 43913, 44267, 44542, 44641, 44946, 44975, 45038]
25,4,[40248, 83458, 117271, 129952]
26,118,[510, 2188, 2242, 2529, 2581, 2601, 3067, 3220, 3603, 3692, 3757, 4088, 4344, 4861, 4872, 5073, 5184, 5300, 5385, 7576, 7839, 8581, 9851, 9940, 11032, 11813, 12002, 14039, 14417, 14441, 14515, 14932, 15700, 15831, 15862, 15905, 16298, 16951, 17065, 18105, 19297, 19332, 19745, 19913, 20794, 21478, 22032, 22068, 22188, 22236, 22402, 23240, 23801, 24073, 25018, 25261, 25294, 25735, 25919, 27130, 29250, 29624, 31469, 32148, 32382, 32743, 32814, 33110, 33391, 35053, 35235, 35833, 36449, 36451, 37051, 37639, 39506, 41697, 41762, 41790, 41792, 42081, 42335, 42589, 43807, 44290, 45149, 45205, 45598, 45617, 46005, 46881, 47662, 49160, 51804, 52184, 52221, 53548, 54073, 54115, 54186, 54929, 55055, 55968, 56158, 56918, 58129, 58412, 59004, 61017, 62400, 63703, 64429, 65511, 65826, 66179, 66234, 66297]
27,312,[518, 725, 959, 2241, 2393, 3445, 3606, 4334, 4760, 4965, 4992, 5732, 6235, 6339, 6362, 6457, 6530, 6621, 6665, 6806, 7304, 7633, 7677, 7908, 7918, 8071, 8217, 8278, 8441, 8475, 8482, 8501, 8686, 8697, 9078, 9113, 9436, 9825, 10423, 11109, 11124, 11312, 11697, 11783, 11913, 11989, 12345, 12396, 12426, 12481, 12743, 12805, 13132, 14576, 14855, 15980, 16126, 16454, 16777, 16842, 17293, 17496, 17845, 18243, 18461, 18533, 18777, 19011, 19657, 19886, 20059, 20115, 20211, 20363, 20815, 21200, 21978, 22508, 22541, 23674, 23879, 24006, 24030, 24346, 24741, 24895, 25552, 25925, 26111, 26247, 26568, 27207, 27293, 27506, 28144, 28686, 28860, 29275, 29333, 29366, 30060, 31906, 32062, 32240, 32346, 33292, 33459, 33493, 33847, 33987, 34524, 34711, 34895, 34908, 35596, 36120, 36358, 36883, 37162, 37652, 37722, 38437, 38448, 39032, 39293, 39487, 39647, 40480, 41553, 42351, 42569, 43279, 43364, 44060, 44091, 44189, 44353, 44542, 44659, 44754, 45044, 45351, 46033, 47325, 47336, 47393, 47520, 48738, 48798, 48817, 49288, 49461, 49925, 50168, 50388, 50437, 51425, 51552, 51558, 51752, 52036, 52147, 52192, 52199, 53026, 53235, 54597, 54601, 54639, 55239, 55797, 55935, 56449, 56767, 57031, 57052, 57089, 57211, 57801, 58039, 58103, 58773, 59116, 59121, 59323, 60206, 60219, 60375, 60489, 60514, 60959, 61804, 61842, 62389, 62484, 62788, 63222, 63483, 63609, 63759, 64630, 64964, 65241, 65908, 65982, 66097, 66338, 66420, 66621, 66754, 66825, 69421, 69473, 69710, 69770, 69826, 69942, 71138, 71725, 72037, 72253, 72334, 73005, 73289, 73360, 73558, 73582, 73799, 74145, 74193, 74373, 74778, 74822, 75429, 75985, 76118, 76628, 76790, 76993, 77096, 77568, 77750, 78083, 78666, 79777, 81544, 81858, 81957, 82031, 84033, 84090, 84988, 84992, 84996, 85001, 85131, 85322, 85390, 85943, 86320, 86443, 86548, 86593, 87315, 87397, 87512, 89294, 89573, 90120, 90858, 91403, 91491, 91854, 91944, 92554, 92608, 92793, 92806, 93094, 93116, 94580, 94796, 95480, 95583, 95920, 96140, 96774, 97213, 97547, 97661, 98274, 99112, 99458, 99471, 99795, 100192, 100787, 100878, 101427, 101622, 101663, 103102, 103445, 104214, 104774, 104780, 106474, 106803, 107880, 108471, 109155, 109259]
28,15,[2683, 3196, 5125, 5226, 7466, 7481, 7519, 10444, 10474, 10537, 11302, 11528, 11550, 11560, 11638]
30,669,[6667, 14137, 35349, 35958, 36824, 37067, 38235, 38238, 41071, 41079, 42195, 42203, 45801, 46678, 47331, 47344, 47368, 48973, 49171, 49535, 51531, 51544, 51582, 51652, 53471, 53540, 56121, 56143, 57163, 57261, 57583, 65771, 95762, 108205, 110605, 111908, 111955, 116807, 117166, 117305, 117368, 119205, 121143, 121193, 124852, 127825, 127834, 128015, 128084, 128328, 134609, 148828, 152230, 153322, 155207, 155360, 160510, 161528, 161531, 161551, 162405, 163952, 163967, 165807, 166120, 167564, 172159, 174701, 176012, 178939, 179547, 186222, 186502, 186524, 186528, 194377, 197015, 197539, 202030, 202040, 202066, 203182, 204473, 204486, 204932, 205112, 206102, 208523, 210541, 213176, 213286, 215517, 216813, 216886, 217963, 217971, 218031, 218433, 220579, 220583, 222732, 225562, 225570, 225864, 228637, 229155, 230719, 231549, 231610, 232376, 233094, 236768, 236805, 238037, 240580, 245383, 245804, 246096, 246946, 248544, 248801, 248823, 250042, 253881, 255813, 255922, 257077, 258173, 260577, 264553, 266443, 266632, 266790, 266907, 270238, 272127, 272131, 272664, 274254, 276370, 286151, 291912, 293239, 296968, 297388, 297979, 298629, 299007, 299299, 300090, 300415, 300858, 300972, 301176, 301288, 301683, 302125, 302779, 303080, 303529, 306253, 307139, 307636, 307641, 308540, 308999, 309979, 310003, 310010, 310105, 310123, 310424, 310564, 310569, 310588, 310759, 311006, 311036, 311195, 311801, 313592, 314112, 315092, 315101, 315109, 316236, 316447, 316452, 316857, 317946, 318321, 318445, 318930, 319415, 320411, 321480, 321497, 321601, 322198, 322283, 322592, 323250, 323256, 323317, 323454, 323588, 324244, 326380, 326540, 326706, 326714, 326832, 328021, 328264, 328414, 328767, 328774, 328846, 328853, 328952, 328995, 328998, 329095, 329131, 329291, 329416, 329854, 329858, 330001, 330004, 330025, 330535, 330544, 330831, 330995, 331127, 331642, 331791, 332332, 332364, 332370, 333170, 333796, 333807, 333820, 333824, 333855, 333877, 333883, 334081, 334173, 334259, 334418, 335368, 336418, 336603, 337029, 337038, 337041, 337101, 337665, 337756, 337762, 337782, 337787, 337914, 338420, 339517, 339913, 340512, 341044, 341239, 341744, 342054, 343004, 343528, 343655, 344444, 344449, 344455, 349050, 351042, 351349, 351881, 353380, 353384, 354040, 354079, 354142, 354257, 354310, 354458, 354527, 355000, 356391, 361301, 361449, 361569, 361699, 361724, 361734, 361742, 361762, 361886, 362191, 362432, 362470, 362480, 362489, 362500, 362513, 362533, 362540, 362560, 362592, 362599, 362866, 362932, 363131, 363305, 363674, 364360, 365281, 365286, 365291, 365296, 365325, 367043, 367257, 367389, 367480, 368015, 368267, 368436, 369078, 369160, 369238, 370019, 370357, 370369, 370378, 370405, 370511, 370517, 370979, 371279, 372025, 372956, 372961, 373649, 373970, 374830, 376137, 376256, 376834, 376921, 378305, 379594, 379628, 380235, 381595, 381621, 383836, 383923, 384809, 384914, 385729, 385899, 385904, 385982, 385990, 385999, 386036, 386044, 386897, 388562, 388588, 388883, 388887, 389200, 389219, 389224, 389413, 390678, 391205, 391898, 392218, 392225, 392266, 392296, 393664, 394565, 395624, 396413, 397945, 398184, 398642, 398679, 398869, 399520, 399725, 400800, 402526, 404812, 405790, 405794, 406258, 406264, 406591, 406656, 407691, 407882, 407963, 408217, 409901, 410049, 410052, 410425, 411557, 412985, 415872, 416640, 420960, 420967, 421245, 421264, 421300, 421769, 422179, 422370, 422377, 422428, 423068, 423099, 424624, 424637, 424669, 424700, 425193, 425559, 425588, 425662, 425698, 425702, 426032, 426874, 427336, 427515, 427774, 427893, 427904, 427929, 428214, 428367, 428395, 429026, 429234, 429340, 429752, 430042, 430050, 430180, 430185, 430245, 430454, 430778, 432130, 433130, 435590, 436061, 437725, 439707, 439801, 440452, 441440, 443047, 443122, 443621, 443662, 445209, 445529, 445771, 445933, 446692, 446694, 448650, 448794, 448803, 448813, 449135, 449217, 449531, 452910, 452978, 453898, 453902, 455162, 455748, 457029, 457311, 457606, 457641, 459817, 462470, 463353, 464424, 465502, 465508, 465947, 466256, 466272, 467321, 467357, 467387, 467482, 467514, 467521, 467617, 469593, 469613, 469622, 469839, 469898, 471089, 471898, 472696, 472698, 473100, 473113, 473325, 473500, 473593, 473699, 474187, 474226, 474872, 475324, 475640, 475822, 476147, 476196, 476206, 476236, 476244, 476309, 477974, 478886, 479408, 480481, 480595, 481404, 482587, 483608, 484803, 484811, 484829, 485024, 485315, 485320, 485381, 485796, 485874, 487200, 487620, 487976, 489565, 490951, 492579, 492819, 493504, 493511, 494137, 494549, 495451, 495455, 497224, 498742, 499122, 502020, 502545, 503843, 503889, 504099, 504129, 504156, 504250, 507976, 509079, 509531, 510123, 510652, 515058, 515525, 517818, 520103, 520183, 524465, 525288, 530499, 532966, 533435, 533436, 533476, 534114, 534117, 539200, 539329, 540161, 540166, 540201, 545120, 549404, 554454, 555432, 555643, 564486, 564839, 566051, 568756, 569770, 571977, 574126, 576586, 577705, 584672, 584785, 586639, 588593, 598737, 605351, 609313, 611672, 613949, 618300, 618899, 619550, 623245, 623497, 624902, 626253, 626911, 628967, 630721, 631398, 631424, 631437, 632014, 632022, 632807, 632821, 632888, 632914, 632920, 632934, 634765, 634777, 634824, 635026, 635381, 636344, 636413, 636559, 637114, 637784, 638892, 638954, 640249, 640255, 640403]
10,669,[6761, 14231, 35447, 36056, 36922, 37165, 38333, 38336, 41169, 41177, 42293, 42301, 45899, 46776, 47429, 47442, 47466, 49071, 49269, 49633, 51629, 51642, 51680, 51750, 53570, 53639, 56220, 56242, 57262, 57360, 57682, 65874, 95869, 108316, 110716, 112019, 112066, 116918, 117277, 117416, 117479, 119316, 121254, 121304, 124963, 127936, 127945, 128126, 128195, 128439, 134721, 148941, 152343, 153435, 155320, 155473, 160624, 161642, 161645, 161665, 162528, 164075, 164090, 165930, 166243, 167687, 172282, 174824, 176135, 179062, 179670, 186354, 186634, 186656, 186660, 194509, 197147, 197671, 202172, 202182, 202208, 203324, 204615, 204628, 205074, 205254, 206244, 208665, 210683, 213318, 213428, 215659, 216954, 217027, 218103, 218111, 218171, 218573, 220729, 220733, 222882, 225712, 225720, 226014, 228787, 229305, 230869, 231699, 231760, 232526, 233244, 236918, 236955, 238187, 240733, 245536, 245957, 246249, 247099, 248697, 248954, 248976, 250195, 254034, 255969, 256078, 257233, 258329, 260733, 264709, 266599, 266788, 266946, 267063, 270394, 272283, 272287, 272820, 274410, 276526, 286307, 292068, 293396, 297126, 297546, 298137, 298787, 299165, 299457, 300248, 300573, 301016, 301130, 301334, 301446, 301841, 302283, 302937, 303238, 303687, 306411, 307297, 307794, 307799, 308698, 309157, 310137, 310161, 310168, 310263, 310281, 310582, 310722, 310727, 310746, 310917, 311165, 311195, 311354, 311960, 313751, 314271, 315251, 315260, 315268, 316395, 316606, 316611, 317016, 318105, 318480, 318604, 319089, 319574, 320570, 321639, 321656, 321760, 322357, 322442, 322751, 323409, 323415, 323476, 323613, 323747, 324403, 326539, 326699, 326865, 326873, 326991, 328180, 328423, 328573, 328926, 328933, 329005, 329012, 329111, 329154, 329157, 329254, 329290, 329450, 329575, 330013, 330017, 330160, 330163, 330184, 330694, 330703, 330990, 331154, 331286, 331801, 331950, 332491, 332523, 332529, 333329, 333955, 333966, 333979, 333983, 334014, 334036, 334042, 334240, 334332, 334418, 334577, 335527, 336577, 336762, 337188, 337197, 337200, 337260, 337824, 337915, 337921, 337941, 337946, 338073, 338579, 339676, 340072, 340671, 341203, 341398, 341903, 342213, 343163, 343687, 343814, 344603, 344608, 344614, 349209, 351201, 351508, 352040, 353539, 353543, 354199, 354238, 354301, 354416, 354469, 354617, 354686, 355159, 356550, 361461, 361609, 361729, 361859, 361884, 361894, 361902, 361922, 362046, 362351, 362592, 362630, 362640, 362649, 362660, 362673, 362693, 362700, 362720, 362752, 362759, 363026, 363092, 363294, 363468, 363837, 364523, 365444, 365449, 365454, 365459, 365488, 367206, 367420, 367552, 367643, 368178, 368430, 368599, 369241, 369323, 369401, 370182, 370520, 370532, 370541, 370568, 370674, 370680, 371142, 371442, 372188, 373119, 373124, 373812, 374133, 374993, 376300, 376419, 376997, 377084, 378468, 379757, 379791, 380398, 381758, 381784, 383999, 384086, 384972, 385077, 385892, 386062, 386067, 386145, 386153, 386162, 386199, 386207, 387060, 388725, 388751, 389046, 389050, 389363, 389382, 389387, 389576, 390841, 391368, 392061, 392381, 392388, 392429, 392459, 393830, 394731, 395790, 396579, 398111, 398350, 398808, 398845, 399035, 399686, 399891, 400966, 402692, 404978, 405956, 405960, 406424, 406430, 406757, 406822, 407857, 408048, 408129, 408383, 410067, 410215, 410218, 410591, 411723, 413151, 416038, 416806, 421126, 421133, 421411, 421430, 421466, 421935, 422345, 422536, 422543, 422594, 423234, 423265, 424790, 424803, 424835, 424866, 425359, 425725, 425754, 425828, 425864, 425868, 426198, 427040, 427503, 427682, 427941, 428060, 428071, 428096, 428381, 428534, 428562, 429193, 429401, 429507, 429919, 430212, 430220, 430350, 430355, 430415, 430624, 430948, 432300, 433300, 435760, 436231, 437895, 439877, 439971, 440622, 441610, 443217, 443292, 443791, 443832, 445379, 445699, 445941, 446103, 446862, 446864, 448820, 448964, 448973, 448983, 449305, 449387, 449701, 453080, 453148, 454068, 454072, 455332, 455918, 457199, 457481, 457776, 457811, 459987, 462641, 463524, 464595, 465673, 465679, 466118, 466427, 466443, 467492, 467528, 467558, 467653, 467685, 467692, 467788, 469764, 469784, 469793, 470010, 470069, 471260, 472068, 472866, 472868, 473270, 473283, 473495, 473670, 473763, 473869, 474357, 474396, 475042, 475494, 475810, 475991, 476316, 476365, 476375, 476405, 476413, 476478, 478142, 479054, 479576, 480649, 480763, 481570, 482752, 483773, 484968, 484976, 484994, 485188, 485479, 485484, 485545, 485960, 486038, 487363, 487782, 488138, 489725, 491111, 492739, 492979, 493664, 493671, 494297, 494709, 495610, 495614, 497393, 498911, 499291, 502189, 502714, 504012, 504058, 504268, 504298, 504325, 504419, 508145, 509248, 509700, 510292, 510821, 515227, 515697, 517990, 520275, 520355, 524637, 525460, 530674, 533141, 533610, 533611, 533651, 534289, 534292, 539375, 539504, 540336, 540341, 540376, 545295, 549582, 554632, 555610, 555821, 564666, 565019, 566231, 568936, 569950, 572157, 574306, 576766, 577885, 584857, 584970, 586824, 588778, 598928, 605553, 609525, 611895, 614183, 618552, 619151, 619802, 623499, 623751, 625156, 626510, 627171, 629230, 630992, 631673, 631699, 631712, 632289, 632297, 633082, 633096, 633163, 633189, 633195, 633209, 635040, 635052, 635099, 635301, 635656, 636619, 636688, 636834, 637389, 638059, 639167, 639229, 640524, 640530, 640678]
11,85,[285, 412, 713, 856, 1117, 1175, 1352, 1418, 1423, 1433, 1541, 1792, 1994, 2473, 2847, 3020, 3023, 3032, 3203, 3300, 3870, 4319, 4673, 5041, 5433, 5740, 6064, 6070, 6522, 6703, 7443, 7482, 7799, 7875, 8252, 8522, 8884, 8930, 9084, 9177, 9494, 9556, 9567, 9705, 9723, 9951, 10058, 10166, 10178, 10421, 10437, 10697, 10796, 10804, 11357, 11373, 11673, 12379, 12606, 12733, 12920, 13789, 13856, 13881, 14000, 14314, 14568, 14602, 14816, 14835, 14933, 15020, 15350, 16001, 16430, 16455, 16740, 16788, 16905, 17246, 17435, 17634, 19354, 20010, 20326]
12,122,[1259, 1327, 1427, 1456, 1502, 1550, 1593, 2573, 2793, 2844, 2996, 3328, 3673, 3696, 3739, 3749, 3776, 4169, 4184, 4261, 4352, 4445, 4810, 5239, 5351, 5413, 5417, 5527, 5813, 6004, 6259, 6269, 6912, 6942, 7583, 7686, 7773, 7848, 7987, 8166, 8567, 8612, 8652, 8824, 8839, 9213, 9333, 9413, 9791, 10371, 10581, 10603, 10862, 10975, 10990, 11091, 11095, 11173, 11206, 11275, 11330, 11729, 11866, 11944, 12217, 12261, 12297, 12343, 12415, 12470, 12812, 13100, 13388, 13442, 13613, 13634, 13638, 13643, 13676, 13680, 13741, 13984, 14264, 14736, 14746, 15024, 15205, 15672, 15766, 15956, 16027, 16065, 16416, 16608, 16912, 17246, 17533, 17551, 17574, 17857, 18022, 18150, 18864, 18943, 19246, 19250, 19278, 19631, 20320, 20722, 21120, 21181, 21971, 22012, 22157, 22247, 22311, 22340, 22355, 22535, 22566, 23262]
13,9,[429, 465, 1580, 1629, 1979, 2404, 3563, 3995, 4097]
14,5,[41866, 68358, 87157, 122406, 135696]
15,647,[1228, 1273, 1301, 1358, 1442, 1870, 2244, 2528, 3542, 3887, 4168, 4303, 4748, 5012, 5494, 6105, 6532, 6607, 6634, 6728, 6798, 7018, 7381, 7513, 7682, 7897, 8670, 9059, 9109, 9597, 9693, 9987, 10020, 10740, 11328, 11490, 11907, 12089, 12147, 12155, 12491, 12801, 12936, 12970, 13042, 13153, 13358, 13614, 13794, 13913, 14189, 14239, 14315, 14599, 14843, 15073, 15373, 15891, 16109, 16256, 16788, 16912, 17307, 17902, 17981, 18217, 18824, 18919, 19054, 19125, 19632, 19741, 20082, 20241, 20331, 20474, 20910, 20917, 20944, 21304, 21365, 21468, 21649, 21686, 21940, 22038, 22117, 22394, 22492, 23275, 23556, 23590, 23605, 23702, 23736, 23810, 23937, 24039, 24880, 25161, 25520, 25559, 26639, 26919, 26977, 26986, 27143, 27172, 27179, 27401, 28254, 28292, 29051, 29596, 29884, 30385, 30702, 30862, 30957, 31704, 32183, 33567, 33887, 34179, 34465, 36099, 36187, 36208, 36466, 36512, 36589, 37216, 37290, 37503, 37715, 37976, 38112, 38230, 38797, 38838, 38871, 39152, 39709, 39756, 39768, 39867, 39925, 40053, 40191, 40319, 40431, 40652, 40690, 40774, 41000, 41069, 42318, 43092, 43172, 43244, 43661, 44095, 44247, 44507, 44584, 44802, 45130, 45752, 46144, 46659, 46793, 47308, 47314, 47779, 48210, 48400, 48967, 49143, 49871, 49959, 50128, 50855, 50872, 50894, 50915, 51014, 52398, 52572, 52880, 52989, 53413, 53527, 54163, 54444, 56449, 56826, 57019, 58049, 58773, 58861, 59145, 59303, 59614, 60403, 60470, 60653, 60666, 62054, 62974, 63062, 63129, 63334, 64522, 64913, 66481, 66504, 66815, 66964, 67142, 67500, 67636, 67720, 68020, 68040, 68095, 68708, 68743, 68749, 68802, 68818, 69047, 69246, 69323, 69341, 69376, 69412, 69642, 69718, 69775, 69884, 70122, 70358, 70424, 70552, 70814, 71509, 71572, 71736, 72007, 72071, 72092, 72338, 72381, 72614, 73008, 73035, 74152, 74266, 74332, 74370, 74610, 74664, 74867, 74892, 75592, 75655, 75700, 75966, 76300, 76306, 76498, 76539, 77258, 77447, 77647, 77917, 78141, 78406, 79105, 79117, 79896, 79897, 80332, 81375, 81490, 81495, 81628, 81774, 81807, 81964, 82151, 82482, 82544, 82810, 82978, 83045, 83273, 83289, 83360, 83499, 83862, 83876, 84081, 84527, 84543, 84742, 84843, 84896, 85334, 85375, 85669, 85713, 85937, 85965, 86526, 86687, 86798, 87116, 87133, 87179, 87249, 87285, 87712, 87744, 87759, 87780, 87924, 87965, 88190, 88232, 88307, 88356, 88471, 88535, 88801, 88845, 89765, 90305, 90779, 90898, 91060, 91079, 92417, 92578, 92680, 92755, 93525, 93668, 93805, 93918, 94726, 94829, 94973, 95082, 95219, 95225, 95251, 95286, 95328, 95913, 95927, 95963, 96435, 96691, 98409, 98903, 99940, 99970, 100232, 100805, 101212, 101399, 101728, 102314, 102397, 102583, 102732, 103268, 103422, 103515, 103700, 103978, 104624, 104940, 104965, 105039, 105199, 105493, 105511, 106036, 106479, 106555, 106608, 106847, 107023, 107032, 107120, 108094, 108455, 108537, 108645, 108679, 109161, 109566, 110256, 110266, 110621, 111556, 111656, 111738, 111904, 112077, 112977, 113338, 113534, 113732, 114132, 114243, 115066, 115828, 116689, 117050, 117339, 117395, 117533, 117586, 117808, 117832, 117967, 118049, 118101, 118279, 118381, 118523, 118639, 118678, 118848, 118903, 119129, 119349, 119814, 120029, 120578, 120707, 120778, 120846, 120907, 121151, 121244, 121261, 122194, 122557, 123212, 123590, 123992, 124368, 125151, 125272, 125392, 125666, 126248, 126507, 126796, 126984, 127015, 127032, 127436, 127587, 127644, 127657, 127971, 128234, 128341, 128399, 128632, 128970, 129251, 129311, 129589, 130011, 130562, 130634, 130678, 130748, 131436, 131903, 132680, 132683, 132767, 132876, 133378, 133409, 133513, 133742, 133819, 134251, 134281, 134323, 134344, 134860, 135113, 135317, 135441, 136100, 137309, 137397, 138030, 138048, 138299, 138830, 138849, 138893, 139004, 139144, 139740, 140554, 141315, 141592, 141823, 142182, 142649, 142793, 142940, 143136, 143186, 143283, 143286, 143482, 144016, 144022, 144153, 145068, 145240, 145358, 145373, 145550, 145662, 145671, 145682, 146379, 146834, 146896, 147032, 147109, 147119, 147444, 147775, 148202, 148309, 148363, 148391, 148529, 148534, 148820, 148894, 149058, 149120, 149293, 149420, 149496, 149910, 150859, 150899, 151103, 151372, 151982, 152140, 152753, 152902, 152959, 153080, 153191, 153202, 153444, 153763, 153848, 154428, 154436, 154507, 154730, 154833, 155652, 155724, 156047, 157743, 157774, 158400, 158409, 158436, 158449, 158455, 158467, 159072, 160226, 160251, 160552, 160554, 160627, 160629, 161174, 161580, 162694, 162817, 162903, 162970, 163842, 163966, 164256, 164389, 164400, 164718, 164869, 164905, 164921, 165122, 165357, 165679, 166019, 166277, 166597, 167296, 167664, 167880, 168171, 168200, 168258, 168448, 168671, 168701, 168737, 168795, 168834, 169778, 170048, 170071, 170311, 170775, 170920, 171289, 171527, 171540, 173040, 173051, 173584, 173747, 173756, 173815]
16,94,[193, 255, 712, 810, 942, 1291, 1423, 2535, 2577, 2799, 2942, 2970, 3077, 3098, 3334, 3346, 5265, 5580, 6043, 6377, 6811, 7247, 8487, 8666, 9596, 9604, 9641, 9772, 10762, 11369, 11791, 12014, 13395, 14698, 15069, 15761, 16083, 16377, 16487, 17033, 18526, 19643, 19899, 20402, 20413, 20685, 21558, 21981, 22438, 22771, 23236, 23246, 23427, 23553, 23614, 23911, 24525, 24867, 25229, 25764, 25868, 26148, 26243, 26324, 26551, 26801, 27579, 28345, 28407, 28732, 28804, 29084, 29173, 29377, 29382, 29401, 29778, 30379, 31571, 32272, 32879, 33079, 33146, 33263, 33936, 33941, 33945, 34779, 35518, 35554, 37022, 37081, 37087, 37100]
17,140,[1777, 1796, 1919, 2031, 3077, 3854, 7041, 7609, 8345, 8797, 9502, 9690, 12658, 14274, 14830, 14982, 15693, 15744, 18681, 18830, 20352, 23060, 23470, 23692, 24382, 24399, 24406, 25500, 25510, 25673, 26914, 27086, 27091, 27170, 27178, 27187, 27225, 27233, 27350, 28003, 28025, 28234, 28754, 30108, 30823, 31569, 32481, 32486, 32490, 32495, 32524, 34250, 34464, 34599, 34689, 35225, 35478, 35654, 36330, 36412, 36494, 37034, 39206, 39572, 41954, 41965, 42729, 43161, 43965, 44927, 45587, 45603, 45863, 46040, 46243, 47445, 47954, 48375, 49123, 50249, 50333, 51771, 52381, 55409, 55747, 56390, 57483, 65336, 67172, 71519, 71564, 72385, 78097, 83362, 88189, 108258, 118500, 126716, 128456, 132203, 132232, 135923, 137994, 153590, 153631, 162395, 164971, 168436, 168861, 172968, 172973, 178272, 178680, 183971, 186433, 186437, 189029, 190001, 191710, 191754, 193418, 201045, 201070, 201079, 201088, 201103, 201123, 201748, 203542, 203550, 207792, 209613, 210450, 210481, 215420, 216625, 216644, 216669, 216955, 217737]
18,81,[3488, 3641, 4590, 5058, 6267, 6312, 7733, 9353, 9389, 11878, 12478, 14426, 19870, 25323, 27401, 28203, 31266, 32152, 32633, 32644, 35231, 38997, 39892, 39999, 42206, 42896, 43630, 45631, 46454, 48498, 49301, 50119, 50869, 51246, 55301, 56700, 58755, 61560, 62156, 62174, 63446, 66538, 70272, 71004, 71266, 71603, 72149, 75533, 76091, 78960, 78972, 80879, 83183, 83622, 86530, 90697, 90928, 95460, 95951, 96327, 100935, 101113, 101650, 104324, 105442, 106215, 107150, 107309, 107597, 113542, 115296, 120935, 121814, 122582, 131143, 136792, 136847, 138587, 140219, 141549, 144859]
19,113,[736, 756, 978, 1108, 1188, 1192, 1284, 1289, 1830, 1951, 1994, 2044, 2047, 2273, 2506, 2508, 3040, 3209, 3434, 4346, 4351, 4405, 4650, 4821, 4909, 4915, 4919, 5045, 5310, 5404, 5799, 6161, 6170, 6285, 6306, 6542, 6662, 7048, 7343, 7758, 7865, 7870, 8272, 8276, 8452, 8459, 8582, 8655, 8758, 8762, 9003, 9013, 9269, 10942, 11005, 11219, 11223, 11256, 11264, 11672, 11681, 11706, 11711, 12080, 13404, 13465, 13543, 13683, 14381, 14892, 14895, 15087, 15597, 15611, 15614, 15657, 16982, 16988, 16995, 18586, 18749, 18915, 19298, 19304, 19699, 19925, 20027, 20153, 20155, 20428, 20582, 21157, 21326, 21444, 22358, 22634, 22639, 22725, 23087, 23096, 24118, 24709, 25258, 25441, 25443, 25463, 25761, 25767, 25992, 26015, 26020, 27092, 27155]
20,116,[146, 1813, 1863, 2140, 2191, 2209, 2639, 2780, 3129, 3210, 3274, 3587, 3845, 4356, 4367, 4557, 4666, 4782, 4866, 7055, 7316, 8059, 9299, 9387, 10475, 11242, 11427, 13454, 13829, 13853, 13928, 14335, 15068, 15198, 15229, 15271, 15653, 16302, 16415, 17438, 18588, 18623, 19037, 19207, 20069, 20746, 21289, 21323, 21442, 21491, 21656, 22480, 23030, 23303, 24251, 24484, 24517, 24950, 25133, 26333, 28420, 28791, 30616, 31280, 31512, 31870, 31942, 32237, 32517, 34176, 34350, 34941, 35550, 35552, 36149, 36728, 38564, 40760, 40826, 40854, 40856, 41399, 41653, 42846, 43340, 44186, 44240, 44628, 44643, 45878, 46658, 48148, 50750, 51127, 51164, 52448, 52966, 53007, 53075, 53796, 53909, 54807, 54997, 55759, 56979, 57256, 57827, 59732, 61100, 62367, 63074, 64119, 64427, 64779, 64832, 64895]
21,20,[1669, 1678, 4790, 4909, 6470, 6473, 7525, 10034, 15636, 18023, 20303, 20340, 20702, 22371, 22446, 28156, 28284, 28826, 29336, 32902]
22,192,[1789, 2696, 2752, 2783, 2804, 2809, 2833, 2838, 2842, 2853, 2875, 2877, 2879, 2881, 2955, 2959, 2983, 3041, 3135, 3137, 3139, 3464, 5544, 7211, 7214, 7219, 7222, 7225, 7228, 7300, 10144, 10579, 11883, 11888, 11893, 13406, 13409, 14641, 14645, 14650, 14654, 15035, 16940, 21845, 21884, 21887, 22842, 23036, 23038, 23608, 23626, 24039, 24199, 26760, 27095, 28294, 28513, 33207, 33371, 34422, 35214, 35332, 37268, 37372, 37374, 37533, 37690, 38466, 38484, 38851, 38985, 39476, 39482, 42269, 42272, 42548, 42551, 42573, 42737, 42820, 42841, 42877, 42881, 42899, 43547, 43550, 46790, 47126, 47608, 47736, 48430, 49094, 49994, 49996, 51577, 52093, 52787, 53845, 55967, 57147, 58259, 58655, 61836, 62786, 63233, 65408, 68765, 69240, 70005, 71061, 71065, 71161, 71165, 72478, 74120, 74994, 75686, 75689, 76928, 77874, 78016, 80423, 86449, 86790, 88074, 90145, 95222, 102129, 102132, 102135, 102835, 102838, 102842, 102846, 103456, 104861, 104863, 104865, 107224, 108576, 110829, 110885, 113414, 113419, 122677, 123974, 126908, 129227, 129447, 132108, 132695, 132698, 132748, 132751, 132839, 133780, 134308, 135049, 135051, 135517, 137491, 137495, 138310, 139015, 139505, 140067, 140364, 141057, 142015, 144438, 145677, 145944, 146184, 147095, 147097, 147114, 147486, 148517, 151562, 152143, 152613, 153881, 154334, 154787, 154789, 156215, 159187, 159189, 159191, 159330, 159338, 160202]
23,37,[1512, 3231, 4398, 5031, 5446, 6001, 7647, 8258, 9303, 9307, 10281, 11489, 13832, 14862, 16489, 16754, 17324, 17383, 18426, 19123, 19221, 19990, 20013, 20051, 21019, 21306, 21569, 23674, 23712, 25949, 27152, 27622, 28246, 28533, 30069, 30418, 30594]
24,221,[107, 112, 120, 441, 704, 1541, 1568, 1573, 1820, 2459, 2566, 2702, 2884, 3239, 3490, 3706, 3915, 4319, 4500, 4997, 5086, 5250, 6579, 6696, 6704, 6872, 6881, 6947, 7190, 7388, 7670, 7979, 8236, 8302, 8484, 8543, 8655, 9159, 9363, 9374, 9513, 9658, 10207, 10613, 10619, 10630, 10894, 11082, 11391, 11415, 11540, 11814, 12957, 13000, 13199, 13643, 13943, 14136, 14170, 14292, 14572, 14709, 14804, 14920, 15227, 15546, 16026, 16220, 16682, 16690, 16984, 17282, 17486, 17504, 17522, 17529, 17577, 17636, 17744, 17757, 17828, 18215, 18236, 18427, 18558, 18561, 18612, 18615, 18626, 18633, 18863, 19095, 19269, 19681, 19956, 20031, 20142, 20297, 20392, 20487, 20530, 20535, 20560, 21100, 21658, 21715, 22001, 22714, 22764, 22836, 22897, 22914, 23049, 23079, 23122, 23230, 23322, 23435, 23899, 24101, 24293, 25372, 25417, 25650, 25889, 26057, 26494, 26554, 27186, 27374, 27585, 27800, 28006, 28017, 28236, 28245, 28332, 28414, 28635, 28772, 28828, 29145, 29226, 29713, 30170, 30203, 30843, 31431, 31452, 31790, 32588, 32685, 32721, 32802, 33109, 33405, 33431, 33465, 33694, 33811, 33814, 34190, 34273, 34277, 34339, 34387, 34566, 34669, 34764, 34820, 35043, 35134, 35165, 35989, 36002, 36148, 36374, 36773, 36805, 37463, 37586, 37602, 37623, 37642, 37810, 37887, 38051, 38068, 38353, 38527, 38533, 38664, 38677, 38837, 39032, 39650, 39858, 40025, 40132, 40451, 40541, 40639, 40732, 40751, 41029, 41262, 42000, 42089, 42219, 42692, 43174, 43673, 43701, 43846, 43913, 44267, 44542, 44641, 44946, 44975, 45038]
25,4,[40248, 83458, 117271, 129952]
26,118,[510, 2188, 2242, 2529, 2581, 2601, 3067, 3220, 3603, 3692, 3757, 4088, 4344, 4861, 4872, 5073, 5184, 5300, 5385, 7576, 7839, 8581, 9851, 9940, 11032, 11813, 12002, 14039, 14417, 14441, 14515, 14932, 15700, 15831, 15862, 15905, 16298, 16951, 17065, 18105, 19297, 19332, 19745, 19913, 20794, 21478, 22032, 22068, 22188, 22236, 22402, 23240, 23801, 24073, 25018, 25261, 25294, 25735, 25919, 27130, 29250, 29624, 31469, 32148, 32382, 32743, 32814, 33110, 33391, 35053, 35235, 35833, 36449, 36451, 37051, 37639, 39506, 41697, 41762, 41790, 41792, 42081, 42335, 42589, 43807, 44290, 45149, 45205, 45598, 45617, 46005, 46881, 47662, 49160, 51804, 52184, 52221, 53548, 54073, 54115, 54186, 54929, 55055, 55968, 56158, 56918, 58129, 58412, 59004, 61017, 62400, 63703, 64429, 65511, 65826, 66179, 66234, 66297]
27,312,[518, 725, 959, 2241, 2393, 3445, 3606, 4334, 4760, 4965, 4992, 5732, 6235, 6339, 6362, 6457, 6530, 6621, 6665, 6806, 7304, 7633, 7677, 7908, 7918, 8071, 8217, 8278, 8441, 8475, 8482, 8501, 8686, 8697, 9078, 9113, 9436, 9825, 10423, 11109, 11124, 11312, 11697, 11783, 11913, 11989, 12345, 12396, 12426, 12481, 12743, 12805, 13132, 14576, 14855, 15980, 16126, 16454, 16777, 16842, 17293, 17496, 17845, 18243, 18461, 18533, 18777, 19011, 19657, 19886, 20059, 20115, 20211, 20363, 20815, 21200, 21978, 22508, 22541, 23674, 23879, 24006, 24030, 24346, 24741, 24895, 25552, 25925, 26111, 26247, 26568, 27207, 27293, 27506, 28144, 28686, 28860, 29275, 29333, 29366, 30060, 31906, 32062, 32240, 32346, 33292, 33459, 33493, 33847, 33987, 34524, 34711, 34895, 34908, 35596, 36120, 36358, 36883, 37162, 37652, 37722, 38437, 38448, 39032, 39293, 39487, 39647, 40480, 41553, 42351, 42569, 43279, 43364, 44060, 44091, 44189, 44353, 44542, 44659, 44754, 45044, 45351, 46033, 47325, 47336, 47393, 47520, 48738, 48798, 48817, 49288, 49461, 49925, 50168, 50388, 50437, 51425, 51552, 51558, 51752, 52036, 52147, 52192, 52199, 53026, 53235, 54597, 54601, 54639, 55239, 55797, 55935, 56449, 56767, 57031, 57052, 57089, 57211, 57801, 58039, 58103, 58773, 59116, 59121, 59323, 60206, 60219, 60375, 60489, 60514, 60959, 61804, 61842, 62389, 62484, 62788, 63222, 63483, 63609, 63759, 64630, 64964, 65241, 65908, 65982, 66097, 66338, 66420, 66621, 66754, 66825, 69421, 69473, 69710, 69770, 69826, 69942, 71138, 71725, 72037, 72253, 72334, 73005, 73289, 73360, 73558, 73582, 73799, 74145, 74193, 74373, 74778, 74822, 75429, 75985, 76118, 76628, 76790, 76993, 77096, 77568, 77750, 78083, 78666, 79777, 81544, 81858, 81957, 82031, 84033, 84090, 84988, 84992, 84996, 85001, 85131, 85322, 85390, 85943, 86320, 86443, 86548, 86593, 87315, 87397, 87512, 89294, 89573, 90120, 90858, 91403, 91491, 91854, 91944, 92554, 92608, 92793, 92806, 93094, 93116, 94580, 94796, 95480, 95583, 95920, 96140, 96774, 97213, 97547, 97661, 98274, 99112, 99458, 99471, 99795, 100192, 100787, 100878, 101427, 101622, 101663, 103102, 103445, 104214, 104774, 104780, 106474, 106803, 107880, 108471, 109155, 109259]
28,15,[2683, 3196, 5125, 5226, 7466, 7481, 7519, 10444, 10474, 10537, 11302, 11528, 11550, 11560, 11638]
30,669,[6667, 14137, 35349, 35958, 36824, 37067, 38235, 38238, 41071, 41079, 42195, 42203, 45801, 46678, 47331, 47344, 47368, 48973, 49171, 49535, 51531, 51544, 51582, 51652, 53471, 53540, 56121, 56143, 57163, 57261, 57583, 65771, 95762, 108205, 110605, 111908, 111955, 116807, 117166, 117305, 117368, 119205, 121143, 121193, 124852, 127825, 127834, 128015, 128084, 128328, 134609, 148828, 152230, 153322, 155207, 155360, 160510, 161528, 161531, 161551, 162405, 163952, 163967, 165807, 166120, 167564, 172159, 174701, 176012, 178939, 179547, 186222, 186502, 186524, 186528, 194377, 197015, 197539, 202030, 202040, 202066, 203182, 204473, 204486, 204932, 205112, 206102, 208523, 210541, 213176, 213286, 215517, 216813, 216886, 217963, 217971, 218031, 218433, 220579, 220583, 222732, 225562, 225570, 225864, 228637, 229155, 230719, 231549, 231610, 232376, 233094, 236768, 236805, 238037, 240580, 245383, 245804, 246096, 246946, 248544, 248801, 248823, 250042, 253881, 255813, 255922, 257077, 258173, 260577, 264553, 266443, 266632, 266790, 266907, 270238, 272127, 272131, 272664, 274254, 276370, 286151, 291912, 293239, 296968, 297388, 297979, 298629, 299007, 299299, 300090, 300415, 300858, 300972, 301176, 301288, 301683, 302125, 302779, 303080, 303529, 306253, 307139, 307636, 307641, 308540, 308999, 309979, 310003, 310010, 310105, 310123, 310424, 310564, 310569, 310588, 310759, 311006, 311036, 311195, 311801, 313592, 314112, 315092, 315101, 315109, 316236, 316447, 316452, 316857, 317946, 318321, 318445, 318930, 319415, 320411, 321480, 321497, 321601, 322198, 322283, 322592, 323250, 323256, 323317, 323454, 323588, 324244, 326380, 326540, 326706, 326714, 326832, 328021, 328264, 328414, 328767, 328774, 328846, 328853, 328952, 328995, 328998, 329095, 329131, 329291, 329416, 329854, 329858, 330001, 330004, 330025, 330535, 330544, 330831, 330995, 331127, 331642, 331791, 332332, 332364, 332370, 333170, 333796, 333807, 333820, 333824, 333855, 333877, 333883, 334081, 334173, 334259, 334418, 335368, 336418, 336603, 337029, 337038, 337041, 337101, 337665, 337756, 337762, 337782, 337787, 337914, 338420, 339517, 339913, 340512, 341044, 341239, 341744, 342054, 343004, 343528, 343655, 344444, 344449, 344455, 349050, 351042, 351349, 351881, 353380, 353384, 354040, 354079, 354142, 354257, 354310, 354458, 354527, 355000, 356391, 361301, 361449, 361569, 361699, 361724, 361734, 361742, 361762, 361886, 362191, 362432, 362470, 362480, 362489, 362500, 362513, 362533, 362540, 362560, 362592, 362599, 362866, 362932, 363131, 363305, 363674, 364360, 365281, 365286, 365291, 365296, 365325, 367043, 367257, 367389, 367480, 368015, 368267, 368436, 369078, 369160, 369238, 370019, 370357, 370369, 370378, 370405, 370511, 370517, 370979, 371279, 372025, 372956, 372961, 373649, 373970, 374830, 376137, 376256, 376834, 376921, 378305, 379594, 379628, 380235, 381595, 381621, 383836, 383923, 384809, 384914, 385729, 385899, 385904, 385982, 385990, 385999, 386036, 386044, 386897, 388562, 388588, 388883, 388887, 389200, 389219, 389224, 389413, 390678, 391205, 391898, 392218, 392225, 392266, 392296, 393664, 394565, 395624, 396413, 397945, 398184, 398642, 398679, 398869, 399520, 399725, 400800, 402526, 404812, 405790, 405794, 406258, 406264, 406591, 406656, 407691, 407882, 407963, 408217, 409901, 410049, 410052, 410425, 411557, 412985, 415872, 416640, 420960, 420967, 421245, 421264, 421300, 421769, 422179, 422370, 422377, 422428, 423068, 423099, 424624, 424637, 424669, 424700, 425193, 425559, 425588, 425662, 425698, 425702, 426032, 426874, 427336, 427515, 427774, 427893, 427904, 427929, 428214, 428367, 428395, 429026, 429234, 429340, 429752, 430042, 430050, 430180, 430185, 430245, 430454, 430778, 432130, 433130, 435590, 436061, 437725, 439707, 439801, 440452, 441440, 443047, 443122, 443621, 443662, 445209, 445529, 445771, 445933, 446692, 446694, 448650, 448794, 448803, 448813, 449135, 449217, 449531, 452910, 452978, 453898, 453902, 455162, 455748, 457029, 457311, 457606, 457641, 459817, 462470, 463353, 464424, 465502, 465508, 465947, 466256, 466272, 467321, 467357, 467387, 467482, 467514, 467521, 467617, 469593, 469613, 469622, 469839, 469898, 471089, 471898, 472696, 472698, 473100, 473113, 473325, 473500, 473593, 473699, 474187, 474226, 474872, 475324, 475640, 475822, 476147, 476196, 476206, 476236, 476244, 476309, 477974, 478886, 479408, 480481, 480595, 481404, 482587, 483608, 484803, 484811, 484829, 485024, 485315, 485320, 485381, 485796, 485874, 487200, 487620, 487976, 489565, 490951, 492579, 492819, 493504, 493511, 494137, 494549, 495451, 495455, 497224, 498742, 499122, 502020, 502545, 503843, 503889, 504099, 504129, 504156, 504250, 507976, 509079, 509531, 510123, 510652, 515058, 515525, 517818, 520103, 520183, 524465, 525288, 530499, 532966, 533435, 533436, 533476, 534114, 534117, 539200, 539329, 540161, 540166, 540201, 545120, 549404, 554454, 555432, 555643, 564486, 564839, 566051, 568756, 569770, 571977, 574126, 576586, 577705, 584672, 584785, 586639, 588593, 598737, 605351, 609313, 611672, 613949, 618300, 618899, 619550, 623245, 623497, 624902, 626253, 626911, 628967, 630721, 631398, 631424, 631437, 632014, 632022, 632807, 632821, 632888, 632914, 632920, 632934, 634765, 634777, 634824, 635026, 635381, 636344, 636413, 636559, 637114, 637784, 638892, 638954, 640249, 640255, 640403]
