10,107,[45675, 47664, 48591, 55364, 61979, 111832, 114131, 115757, 119345, 144200, 148748, 149096, 149550, 151374, 169981, 174754, 182210, 182673, 193090, 209047, 244805, 249273, 249875, 251998, 252465, 253678, 254773, 254803, 255630, 256962, 271683, 285629, 285897, 292629, 294347, 307006, 308898, 321596, 322385, 359312, 376030, 418188, 436547, 455686, 460094, 485283, 506555, 507527, 508220, 508323, 509349, 509499, 510112, 511612, 512145, 513276, 514725, 517731, 524443, 526154, 527342, 529996, 530481, 530508, 532560, 533276, 537639, 537753, 540043, 540075, 541298, 541436, 541505, 542414, 542715, 543018, 543091, 544200, 546059, 546480, 546738, 552251, 552869, 564131, 566278, 584932, 586923, 588024, 591498, 594027, 594046, 594372, 597325, 604156, 611403, 614370, 615147, 617185, 617232, 618500, 624224, 626130, 626242, 626567, 626987, 631013, 634845]
14,1,[24794]
15,22,[8997, 16574, 17978, 37426, 44489, 46352, 49127, 57087, 57153, 68230, 73948, 89443, 106156, 112326, 120272, 121658, 125633, 125863, 130953, 137934, 139307, 156268]
17,3,[42308, 176564, 214184]
18,5,[25926, 59506, 107108, 120989, 141271]
21,2,[5933, 12837]
22,1,[5936]
27,7,[14804, 17571, 24936, 29216, 35854, 40909, 60832]
30,107,[45577, 47566, 48493, 55265, 61876, 111721, 114020, 115646, 119234, 144087, 148635, 148983, 149437, 151261, 169858, 174631, 182087, 182541, 192958, 208905, 244652, 249120, 249722, 251845, 252312, 253525, 254620, 254650, 255477, 256806, 271527, 285473, 285741, 292472, 294190, 306848, 308740, 321437, 322226, 359152, 375867, 418022, 436377, 455516, 459924, 485119, 506386, 507358, 508051, 508154, 509180, 509330, 509943, 511443, 511976, 513107, 514556, 517559, 524271, 525982, 527170, 529821, 530306, 530333, 532385, 533101, 537464, 537578, 539868, 539900, 541123, 541261, 541330, 542239, 542540, 542843, 542916, 544025, 545884, 546305, 546563, 552073, 552691, 563953, 566098, 584747, 586738, 587839, 591313, 593836, 593855, 594181, 597134, 603954, 611186, 614136, 614913, 616942, 616989, 618248, 623970, 625873, 625985, 626310, 626730, 630742, 634570]
10,107,[45675, 47664, 48591, 55364, 61979, 111832, 114131, 115757, 119345, 144200, 148748, 149096, 149550, 151374, 169981, 174754, 182210, 182673, 193090, 209047, 244805, 249273, 249875, 251998, 252465, 253678, 254773, 254803, 255630, 256962, 271683, 285629, 285897, 292629, 294347, 307006, 308898, 321596, 322385, 359312, 376030, 418188, 436547, 455686, 460094, 485283, 506555, 507527, 508220, 508323, 509349, 509499, 510112, 511612, 512145, 513276, 514725, 517731, 524443, 526154, 527342, 529996, 530481, 530508, 532560, 533276, 537639, 537753, 540043, 540075, 541298, 541436, 541505, 542414, 542715, 543018, 543091, 544200, 546059, 546480, 546738, 552251, 552869, 564131, 566278, 584932, 586923, 588024, 591498, 594027, 594046, 594372, 597325, 604156, 611403, 614370, 615147, 617185, 617232, 618500, 624224, 626130, 626242, 626567, 626987, 631013, 634845]
14,1,[24794]
15,22,[8997, 16574, 17978, 37426, 44489, 46352, 49127, 57087, 57153, 68230, 73948, 89443, 106156, 112326, 120272, 121658, 125633, 125863, 130953, 137934, 139307, 156268]
17,3,[42308, 176564, 214184]
18,5,[25926, 59506, 107108, 120989, 141271]
21,2,[5933, 12837]
22,1,[5936]
27,7,[14804, 17571, 24936, 29216, 35854, 40909, 60832]
30,107,[45577, 47566, 48493, 55265, 61876, 111721, 114020, 115646, 119234, 144087, 148635, 148983, 149437, 151261, 169858, 174631, 182087, 182541, 192958, 208905, 244652, 249120, 249722, 251845, 252312, 253525, 254620, 254650, 255477, 256806, 271527, 285473, 285741, 292472, 294190, 306848, 308740, 321437, 322226, 359152, 375867, 418022, 436377, 455516, 459924, 485119, 506386, 507358, 508051, 508154, 509180, 509330, 509943, 511443, 511976, 513107, 514556, 517559, 524271, 525982, 527170, 529821, 530306, 530333, 532385, 533101, 537464, 537578, 539868, 539900, 541123, 541261, 541330, 542239, 542540, 542843, 542916, 544025, 545884, 546305, 546563, 552073, 552691, 563953, 566098, 584747, 586738, 587839, 591313, 593836, 593855, 594181, 597134, 603954, 611186, 614136, 614913, 616942, 616989, 618248, 623970, 625873, 625985, 626310, 626730, 630742, 634570]
