14,18,[8352, 10282, 17925, 34567, 39458, 49479, 51691, 57956, 75599, 114726, 116278, 130904, 149023, 149660, 149670, 175753, 196249, 197938]
15,2,[42401, 153260]
18,2,[74151, 102037]
20,2,[11187, 47912]
22,15,[1721, 1755, 2142, 6542, 6630, 7006, 7644, 8035, 10162, 27873, 27931, 30103, 55343, 112292, 118105]
25,18,[8566, 10490, 17625, 33298, 37935, 47555, 49589, 55601, 72001, 109898, 111351, 125280, 142912, 143502, 143513, 168651, 188073, 200275]
26,1,[48923]
14,18,[8352, 10282, 17925, 34567, 39458, 49479, 51691, 57956, 75599, 114726, 116278, 130904, 149023, 149660, 149670, 175753, 196249, 197938]
15,2,[42401, 153260]
18,2,[74151, 102037]
20,2,[11187, 47912]
22,15,[1721, 1755, 2142, 6542, 6630, 7006, 7644, 8035, 10162, 27873, 27931, 30103, 55343, 112292, 118105]
25,18,[8566, 10490, 17625, 33298, 37935, 47555, 49589, 55601, 72001, 109898, 111351, 125280, 142912, 143502, 143513, 168651, 188073, 200275]
26,1,[48923]
