14,12,[60251, 64982, 66057, 89176, 92241, 97900, 102634, 124267, 125219, 136747, 172617, 192778]
15,3,[108195, 135255, 163505]
16,1,[22053]
18,1,[69781]
20,4,[22385, 23057, 32400, 40136]
21,13,[2186, 9710, 9724, 9772, 10311, 10355, 10408, 13066, 13092, 16311, 18267, 20431, 20454]
22,24,[4477, 7734, 7750, 25081, 26042, 43357, 43386, 43443, 70466, 78575, 91876, 92558, 92652, 99902, 103850, 106973, 107134, 114216, 129679, 130291, 131544, 131549, 131555, 152181]
23,3,[1088, 16098, 28825]
24,1,[4439]
25,12,[10125, 44109, 57871, 63052, 85494, 93798, 98505, 119069, 119941, 130911, 165775, 184659]
26,3,[23142, 23828, 33274]
27,3,[1344, 67400, 75873]
28,1,[9143]
14,12,[60251, 64982, 66057, 89176, 92241, 97900, 102634, 124267, 125219, 136747, 172617, 192778]
15,3,[108195, 135255, 163505]
16,1,[22053]
18,1,[69781]
20,4,[22385, 23057, 32400, 40136]
21,13,[2186, 9710, 9724, 9772, 10311, 10355, 10408, 13066, 13092, 16311, 18267, 20431, 20454]
22,24,[4477, 7734, 7750, 25081, 26042, 43357, 43386, 43443, 70466, 78575, 91876, 92558, 92652, 99902, 103850, 106973, 107134, 114216, 129679, 130291, 131544, 131549, 131555, 152181]
23,3,[1088, 16098, 28825]
24,1,[4439]
25,12,[10125, 44109, 57871, 63052, 85494, 93798, 98505, 119069, 119941, 130911, 165775, 184659]
26,3,[23142, 23828, 33274]
27,3,[1344, 67400, 75873]
28,1,[9143]
