10,2,[146062, 146082]
11,1,[914]
12,1,[14171]
15,16,[15931, 27797, 27817, 32312, 46755, 70807, 75552, 84594, 90439, 96182, 118401, 119065, 138844, 150545, 155481, 165691]
24,3,[14038, 34732, 43525]
27,8,[53836, 63201, 79904, 86218, 99573, 99578, 104094, 104902]
30,2,[145949, 145969]
10,2,[146062, 146082]
11,1,[914]
12,1,[14171]
15,16,[15931, 27797, 27817, 32312, 46755, 70807, 75552, 84594, 90439, 96182, 118401, 119065, 138844, 150545, 155481, 165691]
24,3,[14038, 34732, 43525]
27,8,[53836, 63201, 79904, 86218, 99573, 99578, 104094, 104902]
30,2,[145949, 145969]
