10,21,[19579, 19755, 128990, 129626, 130305, 131429, 132926, 156294, 157181, 157262, 215924, 244401, 291914, 363508, 509091, 540364, 571306, 571404, 571578, 583956, 614896]
15,9,[45451, 45660, 82721, 102117, 102671, 103622, 112248, 114514, 133242]
18,15,[11288, 26045, 37621, 51957, 57832, 60620, 68717, 79453, 97812, 104670, 106324, 108084, 114944, 117746, 120138]
26,4,[32543, 36208, 39794, 62915]
27,2,[12857, 56550]
30,21,[19485, 19661, 128878, 129514, 130193, 131317, 132814, 156181, 157068, 157149, 215782, 244248, 291758, 363345, 508922, 540189, 571126, 571224, 571398, 583776, 614662]
10,21,[19579, 19755, 128990, 129626, 130305, 131429, 132926, 156294, 157181, 157262, 215924, 244401, 291914, 363508, 509091, 540364, 571306, 571404, 571578, 583956, 614896]
15,9,[45451, 45660, 82721, 102117, 102671, 103622, 112248, 114514, 133242]
18,15,[11288, 26045, 37621, 51957, 57832, 60620, 68717, 79453, 97812, 104670, 106324, 108084, 114944, 117746, 120138]
26,4,[32543, 36208, 39794, 62915]
27,2,[12857, 56550]
30,21,[19485, 19661, 128878, 129514, 130193, 131317, 132814, 156181, 157068, 157149, 215782, 244248, 291758, 363345, 508922, 540189, 571126, 571224, 571398, 583776, 614662]
