10,27,[12853, 12883, 94881, 130150, 157333, 157413, 157451, 157483, 157638, 158063, 160129, 193165, 193389, 285643, 291928, 304702, 306929, 362790, 363271, 371750, 391551, 394966, 488160, 504046, 518028, 536085, 579282]
15,3,[5321, 25960, 28762]
19,39,[2488, 2605, 2623, 4678, 5914, 5978, 6204, 7161, 7851, 10906, 11792, 12721, 12888, 12921, 14740, 14961, 15312, 15604, 15691, 18484, 18695, 19149, 19189, 19207, 20057, 20115, 20142, 20185, 20953, 21003, 21108, 21945, 23332, 24837, 24951, 24961, 25256, 25310, 26965]
20,4,[20771, 21226, 25129, 28410]
22,4,[25046, 25270, 25809, 153177]
26,4,[21506, 21970, 25915, 29240]
30,27,[12759, 12789, 94774, 130038, 157220, 157300, 157338, 157370, 157525, 157950, 160015, 193033, 193257, 285487, 291772, 304544, 306771, 362630, 363108, 371587, 391388, 394800, 487998, 503877, 517856, 535910, 579102]
10,27,[12853, 12883, 94881, 130150, 157333, 157413, 157451, 157483, 157638, 158063, 160129, 193165, 193389, 285643, 291928, 304702, 306929, 362790, 363271, 371750, 391551, 394966, 488160, 504046, 518028, 536085, 579282]
15,3,[5321, 25960, 28762]
19,39,[2488, 2605, 2623, 4678, 5914, 5978, 6204, 7161, 7851, 10906, 11792, 12721, 12888, 12921, 14740, 14961, 15312, 15604, 15691, 18484, 18695, 19149, 19189, 19207, 20057, 20115, 20142, 20185, 20953, 21003, 21108, 21945, 23332, 24837, 24951, 24961, 25256, 25310, 26965]
20,4,[20771, 21226, 25129, 28410]
22,4,[25046, 25270, 25809, 153177]
26,4,[21506, 21970, 25915, 29240]
30,27,[12759, 12789, 94774, 130038, 157220, 157300, 157338, 157370, 157525, 157950, 160015, 193033, 193257, 285487, 291772, 304544, 306771, 362630, 363108, 371587, 391388, 394800, 487998, 503877, 517856, 535910, 579102]
