10,8,[190560, 198279, 245362, 339204, 340201, 340647, 609084, 609546]
11,2,[1070, 17484]
15,1,[142429]
16,2,[18019, 31199]
19,1,[13884]
21,3,[6142, 13765, 15134]
24,2,[36733, 40886]
27,4,[17864, 68154, 71571, 95969]
30,8,[190428, 198147, 245209, 339045, 340042, 340488, 608872, 609334]
10,8,[190560, 198279, 245362, 339204, 340201, 340647, 609084, 609546]
11,2,[1070, 17484]
15,1,[142429]
16,2,[18019, 31199]
19,1,[13884]
21,3,[6142, 13765, 15134]
24,2,[36733, 40886]
27,4,[17864, 68154, 71571, 95969]
30,8,[190428, 198147, 245209, 339045, 340042, 340488, 608872, 609334]
