10,29,[31036, 67342, 121321, 131109, 298909, 306312, 309528, 334163, 371417, 383309, 386657, 388885, 417909, 464580, 506135, 507224, 508809, 523442, 523488, 540270, 544412, 544424, 544465, 557726, 573522, 581720, 633358, 633418, 635179]
11,1,[5877]
12,1,[18845]
13,1,[2300]
14,5,[37949, 46483, 62874, 144750, 153637]
15,36,[345, 23931, 30530, 56569, 66912, 70168, 89925, 108709, 119474, 119918, 121371, 121456, 121596, 121979, 122075, 122173, 122386, 122400, 122436, 122449, 122458, 122467, 122479, 122487, 122495, 122585, 124825, 124849, 134155, 136935, 153739, 153861, 154007, 157146, 164341, 168570]
16,1,[16128]
17,10,[16691, 16942, 23762, 27676, 46556, 87891, 92785, 160373, 184398, 187398]
18,4,[1476, 55210, 67884, 69219]
19,4,[6746, 7132, 9256, 15435]
20,19,[5803, 5854, 6912, 7877, 8656, 10469, 12042, 13820, 19352, 21865, 22056, 32721, 40295, 48092, 48181, 48184, 59289, 61461, 64332]
22,57,[6819, 6846, 6969, 7278, 7291, 8581, 29436, 38456, 60748, 64313, 64317, 64410, 68192, 69745, 69747, 69749, 69809, 70634, 72026, 72028, 72402, 73079, 77924, 81896, 82023, 83137, 86816, 86864, 87267, 87368, 94886, 98229, 99483, 99485, 102668, 102670, 104979, 106911, 108423, 115476, 115485, 115521, 117249, 117291, 117609, 117610, 117624, 117667, 118818, 125773, 131778, 155104, 155750, 156575, 156615, 156638, 156647]
23,1,[3254]
24,4,[5117, 6360, 9397, 42416]
25,4,[36558, 60424, 138753, 147148]
26,8,[6372, 11026, 12629, 14408, 20057, 22620, 22811, 33597]
27,10,[12048, 13867, 18391, 32112, 35649, 39737, 49481, 49983, 73310, 85217]
28,7,[1826, 3583, 5198, 5253, 8846, 9552, 11172]
30,29,[30942, 67239, 121210, 130997, 298751, 306154, 309370, 334004, 371254, 383146, 386494, 388722, 417743, 464409, 505966, 507055, 508640, 523270, 523316, 540095, 544237, 544249, 544290, 557548, 573342, 581540, 633083, 633143, 634904]
10,29,[31036, 67342, 121321, 131109, 298909, 306312, 309528, 334163, 371417, 383309, 386657, 388885, 417909, 464580, 506135, 507224, 508809, 523442, 523488, 540270, 544412, 544424, 544465, 557726, 573522, 581720, 633358, 633418, 635179]
11,1,[5877]
12,1,[18845]
13,1,[2300]
14,5,[37949, 46483, 62874, 144750, 153637]
15,36,[345, 23931, 30530, 56569, 66912, 70168, 89925, 108709, 119474, 119918, 121371, 121456, 121596, 121979, 122075, 122173, 122386, 122400, 122436, 122449, 122458, 122467, 122479, 122487, 122495, 122585, 124825, 124849, 134155, 136935, 153739, 153861, 154007, 157146, 164341, 168570]
16,1,[16128]
17,10,[16691, 16942, 23762, 27676, 46556, 87891, 92785, 160373, 184398, 187398]
18,4,[1476, 55210, 67884, 69219]
19,4,[6746, 7132, 9256, 15435]
20,19,[5803, 5854, 6912, 7877, 8656, 10469, 12042, 13820, 19352, 21865, 22056, 32721, 40295, 48092, 48181, 48184, 59289, 61461, 64332]
22,57,[6819, 6846, 6969, 7278, 7291, 8581, 29436, 38456, 60748, 64313, 64317, 64410, 68192, 69745, 69747, 69749, 69809, 70634, 72026, 72028, 72402, 73079, 77924, 81896, 82023, 83137, 86816, 86864, 87267, 87368, 94886, 98229, 99483, 99485, 102668, 102670, 104979, 106911, 108423, 115476, 115485, 115521, 117249, 117291, 117609, 117610, 117624, 117667, 118818, 125773, 131778, 155104, 155750, 156575, 156615, 156638, 156647]
23,1,[3254]
24,4,[5117, 6360, 9397, 42416]
25,4,[36558, 60424, 138753, 147148]
26,8,[6372, 11026, 12629, 14408, 20057, 22620, 22811, 33597]
27,10,[12048, 13867, 18391, 32112, 35649, 39737, 49481, 49983, 73310, 85217]
28,7,[1826, 3583, 5198, 5253, 8846, 9552, 11172]
30,29,[30942, 67239, 121210, 130997, 298751, 306154, 309370, 334004, 371254, 383146, 386494, 388722, 417743, 464409, 505966, 507055, 508640, 523270, 523316, 540095, 544237, 544249, 544290, 557548, 573342, 581540, 633083, 633143, 634904]
