10,32,[49451, 57527, 121362, 154859, 306304, 309742, 335271, 338380, 360961, 365423, 377352, 386370, 465964, 506138, 507227, 507380, 520737, 529103, 540197, 540297, 565380, 573266, 575890, 580452, 583347, 583697, 587195, 594437, 594440, 635195, 639927, 640046]
15,1,[165750]
17,19,[5340, 16758, 16985, 16992, 20612, 27397, 32459, 42819, 60886, 85209, 85216, 85258, 96832, 99259, 108916, 108955, 160376, 187421, 198744]
21,1,[22176]
23,1,[17499]
30,32,[49353, 57428, 121251, 154746, 306146, 309584, 335112, 338221, 360801, 365260, 377189, 386207, 465793, 505969, 507058, 507211, 520565, 528928, 540022, 540122, 565200, 573086, 575710, 580272, 583167, 583517, 587010, 594246, 594249, 634920, 639652, 639771]
10,32,[49451, 57527, 121362, 154859, 306304, 309742, 335271, 338380, 360961, 365423, 377352, 386370, 465964, 506138, 507227, 507380, 520737, 529103, 540197, 540297, 565380, 573266, 575890, 580452, 583347, 583697, 587195, 594437, 594440, 635195, 639927, 640046]
15,1,[165750]
17,19,[5340, 16758, 16985, 16992, 20612, 27397, 32459, 42819, 60886, 85209, 85216, 85258, 96832, 99259, 108916, 108955, 160376, 187421, 198744]
21,1,[22176]
23,1,[17499]
30,32,[49353, 57428, 121251, 154746, 306146, 309584, 335112, 338221, 360801, 365260, 377189, 386207, 465793, 505969, 507058, 507211, 520565, 528928, 540022, 540122, 565200, 573086, 575710, 580272, 583167, 583517, 587010, 594246, 594249, 634920, 639652, 639771]
