10,4,[182915, 362395, 451072, 609670]
11,2,[1385, 6334]
12,3,[11609, 11640, 22132]
15,11,[25221, 45047, 52507, 60361, 111296, 114992, 150391, 163090, 164948, 169954, 170622]
16,20,[241, 1139, 2582, 6501, 6705, 6958, 7113, 7760, 7904, 8521, 10438, 14682, 14771, 15125, 17322, 21481, 23284, 27577, 35652, 36290]
19,9,[4967, 11647, 11994, 12483, 12488, 13128, 24180, 24392, 24589]
20,5,[17154, 20734, 25149, 45340, 50546]
21,1,[30804]
22,6,[49061, 49092, 55413, 130234, 134715, 146171]
24,2,[20907, 32496]
26,8,[17807, 21465, 22337, 25936, 38248, 42085, 46330, 51596]
27,3,[16785, 17006, 47961]
30,4,[182783, 362235, 450902, 609458]
10,4,[182915, 362395, 451072, 609670]
11,2,[1385, 6334]
12,3,[11609, 11640, 22132]
15,11,[25221, 45047, 52507, 60361, 111296, 114992, 150391, 163090, 164948, 169954, 170622]
16,20,[241, 1139, 2582, 6501, 6705, 6958, 7113, 7760, 7904, 8521, 10438, 14682, 14771, 15125, 17322, 21481, 23284, 27577, 35652, 36290]
19,9,[4967, 11647, 11994, 12483, 12488, 13128, 24180, 24392, 24589]
20,5,[17154, 20734, 25149, 45340, 50546]
21,1,[30804]
22,6,[49061, 49092, 55413, 130234, 134715, 146171]
24,2,[20907, 32496]
26,8,[17807, 21465, 22337, 25936, 38248, 42085, 46330, 51596]
27,3,[16785, 17006, 47961]
30,4,[182783, 362235, 450902, 609458]
