10,3,[346709, 352757, 388224]
11,1,[21034]
12,1,[117]
15,8,[10669, 18868, 40549, 127757, 147445, 147544, 162944, 163702]
16,3,[9994, 10065, 27840]
17,1,[17582]
20,2,[41872, 55738]
22,8,[77647, 131885, 131887, 144481, 145214, 146081, 146110, 147879]
23,2,[21680, 27250]
24,4,[15237, 32257, 41428, 44348]
26,2,[42807, 56897]
27,7,[13742, 36286, 36389, 53306, 73403, 78927, 101954]
30,3,[346550, 352598, 388061]
10,3,[346709, 352757, 388224]
11,1,[21034]
12,1,[117]
15,8,[10669, 18868, 40549, 127757, 147445, 147544, 162944, 163702]
16,3,[9994, 10065, 27840]
17,1,[17582]
20,2,[41872, 55738]
22,8,[77647, 131885, 131887, 144481, 145214, 146081, 146110, 147879]
23,2,[21680, 27250]
24,4,[15237, 32257, 41428, 44348]
26,2,[42807, 56897]
27,7,[13742, 36286, 36389, 53306, 73403, 78927, 101954]
30,3,[346550, 352598, 388061]
