14,3,[63820, 158932, 188161]
15,20,[44966, 54833, 63626, 70491, 73242, 78576, 80396, 96517, 105046, 108343, 116650, 126550, 133726, 133948, 135236, 157166, 159568, 159767, 170829, 170842]
16,2,[2803, 12544]
24,3,[1180, 10538, 14276]
25,3,[61306, 152130, 180411]
27,4,[24534, 28604, 69892, 76554]
14,3,[63820, 158932, 188161]
15,20,[44966, 54833, 63626, 70491, 73242, 78576, 80396, 96517, 105046, 108343, 116650, 126550, 133726, 133948, 135236, 157166, 159568, 159767, 170829, 170842]
16,2,[2803, 12544]
24,3,[1180, 10538, 14276]
25,3,[61306, 152130, 180411]
27,4,[24534, 28604, 69892, 76554]
