14,3,[21115, 34354, 93984]
18,1,[56557]
21,3,[9914, 12141, 25923]
22,12,[36611, 49460, 49462, 92593, 94465, 102076, 129344, 147916, 155656, 155661, 155799, 155803]
23,3,[7239, 15029, 28252]
25,2,[20716, 33107]
26,3,[4927, 62220, 62456]
27,3,[9795, 39460, 106218]
14,3,[21115, 34354, 93984]
18,1,[56557]
21,3,[9914, 12141, 25923]
22,12,[36611, 49460, 49462, 92593, 94465, 102076, 129344, 147916, 155656, 155661, 155799, 155803]
23,3,[7239, 15029, 28252]
25,2,[20716, 33107]
26,3,[4927, 62220, 62456]
27,3,[9795, 39460, 106218]
