10,76,[71154, 71170, 71209, 117308, 117356, 118554, 124756, 126834, 212315, 230891, 234914, 235130, 236883, 270428, 274413, 276001, 276940, 277107, 282218, 282527, 282624, 354713, 392170, 394661, 396900, 397367, 400845, 412953, 420560, 432304, 432359, 432788, 432829, 433008, 433029, 433112, 433131, 433402, 433744, 433767, 433805, 433914, 433957, 434029, 434217, 435380, 435445, 435903, 436894, 437522, 438022, 438349, 438586, 438677, 438770, 438781, 438959, 439944, 440239, 440809, 440896, 440928, 441477, 442738, 444251, 450979, 453006, 457941, 458655, 458687, 458852, 469643, 474384, 492499, 638367, 638387]
17,76,[1131, 1410, 9130, 11056, 11101, 11161, 11216, 11336, 30021, 36876, 39503, 39735, 41045, 41184, 45345, 45974, 57847, 58448, 61404, 61654, 64828, 65204, 65389, 65435, 78950, 79684, 79690, 79899, 80273, 84152, 103789, 120753, 120782, 120844, 120874, 120896, 120932, 120960, 121046, 121060, 121077, 134306, 149870, 152025, 156364, 156534, 156749, 157837, 159717, 163287, 163301, 163326, 163357, 168048, 171083, 173350, 174544, 174599, 174673, 174737, 174883, 174910, 174956, 180293, 190138, 190160, 193149, 193162, 193169, 193437, 197915, 198236, 207410, 208903, 211894, 216703]
20,1,[2434]
26,1,[2829]
30,76,[71051, 71067, 71106, 117197, 117245, 118443, 124645, 126723, 212173, 230741, 234764, 234980, 236733, 270272, 274257, 275845, 276784, 276951, 282063, 282372, 282469, 354554, 392007, 394495, 396734, 397201, 400679, 412787, 420394, 432134, 432189, 432618, 432659, 432838, 432859, 432942, 432961, 433232, 433574, 433597, 433635, 433744, 433787, 433859, 434047, 435210, 435275, 435733, 436724, 437352, 437852, 438179, 438416, 438507, 438600, 438611, 438789, 439774, 440069, 440639, 440726, 440758, 441307, 442568, 444081, 450809, 452836, 457771, 458485, 458517, 458682, 469472, 474214, 492339, 638092, 638112]
10,76,[71154, 71170, 71209, 117308, 117356, 118554, 124756, 126834, 212315, 230891, 234914, 235130, 236883, 270428, 274413, 276001, 276940, 277107, 282218, 282527, 282624, 354713, 392170, 394661, 396900, 397367, 400845, 412953, 420560, 432304, 432359, 432788, 432829, 433008, 433029, 433112, 433131, 433402, 433744, 433767, 433805, 433914, 433957, 434029, 434217, 435380, 435445, 435903, 436894, 437522, 438022, 438349, 438586, 438677, 438770, 438781, 438959, 439944, 440239, 440809, 440896, 440928, 441477, 442738, 444251, 450979, 453006, 457941, 458655, 458687, 458852, 469643, 474384, 492499, 638367, 638387]
17,76,[1131, 1410, 9130, 11056, 11101, 11161, 11216, 11336, 30021, 36876, 39503, 39735, 41045, 41184, 45345, 45974, 57847, 58448, 61404, 61654, 64828, 65204, 65389, 65435, 78950, 79684, 79690, 79899, 80273, 84152, 103789, 120753, 120782, 120844, 120874, 120896, 120932, 120960, 121046, 121060, 121077, 134306, 149870, 152025, 156364, 156534, 156749, 157837, 159717, 163287, 163301, 163326, 163357, 168048, 171083, 173350, 174544, 174599, 174673, 174737, 174883, 174910, 174956, 180293, 190138, 190160, 193149, 193162, 193169, 193437, 197915, 198236, 207410, 208903, 211894, 216703]
20,1,[2434]
26,1,[2829]
30,76,[71051, 71067, 71106, 117197, 117245, 118443, 124645, 126723, 212173, 230741, 234764, 234980, 236733, 270272, 274257, 275845, 276784, 276951, 282063, 282372, 282469, 354554, 392007, 394495, 396734, 397201, 400679, 412787, 420394, 432134, 432189, 432618, 432659, 432838, 432859, 432942, 432961, 433232, 433574, 433597, 433635, 433744, 433787, 433859, 434047, 435210, 435275, 435733, 436724, 437352, 437852, 438179, 438416, 438507, 438600, 438611, 438789, 439774, 440069, 440639, 440726, 440758, 441307, 442568, 444081, 450809, 452836, 457771, 458485, 458517, 458682, 469472, 474214, 492339, 638092, 638112]
