13,2,[1266, 2946]
14,2,[76226, 132798]
15,4,[31937, 36878, 81390, 114090]
18,45,[4746, 4819, 11887, 13417, 20597, 31493, 35177, 36529, 41330, 46408, 48731, 49175, 52046, 59347, 60181, 61819, 61830, 62406, 73130, 75305, 85167, 85916, 85961, 96932, 98368, 106327, 109366, 113703, 113772, 114493, 115236, 115760, 117458, 118153, 119850, 121020, 122754, 123755, 124640, 128003, 128284, 136003, 147414, 147880, 148198]
20,8,[8370, 12227, 18094, 40842, 41617, 52590, 58405, 62550]
22,20,[896, 1473, 1691, 3762, 4643, 7785, 13901, 58450, 58719, 62452, 63438, 64465, 64880, 76322, 115130, 115738, 117327, 119921, 121246, 150193]
23,1,[1989]
25,1,[127051]
26,8,[8900, 12813, 18796, 41778, 42555, 53692, 59596, 63889]
27,11,[9240, 29321, 35133, 44915, 45455, 80942, 83887, 90614, 94238, 105867, 107196]
13,2,[1266, 2946]
14,2,[76226, 132798]
15,4,[31937, 36878, 81390, 114090]
18,45,[4746, 4819, 11887, 13417, 20597, 31493, 35177, 36529, 41330, 46408, 48731, 49175, 52046, 59347, 60181, 61819, 61830, 62406, 73130, 75305, 85167, 85916, 85961, 96932, 98368, 106327, 109366, 113703, 113772, 114493, 115236, 115760, 117458, 118153, 119850, 121020, 122754, 123755, 124640, 128003, 128284, 136003, 147414, 147880, 148198]
20,8,[8370, 12227, 18094, 40842, 41617, 52590, 58405, 62550]
22,20,[896, 1473, 1691, 3762, 4643, 7785, 13901, 58450, 58719, 62452, 63438, 64465, 64880, 76322, 115130, 115738, 117327, 119921, 121246, 150193]
23,1,[1989]
25,1,[127051]
26,8,[8900, 12813, 18796, 41778, 42555, 53692, 59596, 63889]
27,11,[9240, 29321, 35133, 44915, 45455, 80942, 83887, 90614, 94238, 105867, 107196]
