10,68,[123755, 128004, 162204, 189565, 199784, 199927, 208427, 208824, 215594, 251042, 251057, 251063, 251334, 251352, 255043, 255559, 256151, 256434, 257509, 260283, 260492, 260912, 261864, 263198, 263410, 264119, 264422, 264444, 266177, 268286, 272067, 273028, 273617, 274253, 288964, 292355, 304127, 308799, 309567, 318751, 322433, 326717, 335382, 358513, 358553, 366256, 369864, 384371, 389748, 392368, 413371, 438727, 445821, 494562, 503082, 503588, 512411, 524912, 533581, 539159, 545580, 586690, 601395, 601603, 601611, 601717, 603024, 638796]
15,4,[1759, 99870, 119709, 126036]
17,13,[16366, 17118, 25340, 25466, 33298, 64614, 76426, 81771, 81778, 81788, 81798, 155866, 191793]
18,2,[17324, 82358]
20,3,[20841, 24716, 46046]
21,4,[2863, 19660, 23494, 25028]
22,4,[4485, 92150, 92303, 131367]
23,3,[5176, 14775, 20333]
26,3,[21578, 25497, 47048]
30,68,[123644, 127893, 162081, 189433, 199642, 199785, 208285, 208682, 215452, 250889, 250904, 250910, 251181, 251199, 254890, 255406, 255995, 256278, 257353, 260127, 260336, 260756, 261708, 263042, 263254, 263963, 264266, 264288, 266021, 268130, 271911, 272872, 273461, 274097, 288808, 292198, 303969, 308641, 309409, 318592, 322274, 326558, 335223, 358353, 358393, 366093, 369701, 384208, 389585, 392205, 413205, 438557, 445651, 494402, 502913, 503419, 512242, 524740, 533406, 538984, 545405, 586505, 601198, 601406, 601414, 601520, 602827, 638521]
10,68,[123755, 128004, 162204, 189565, 199784, 199927, 208427, 208824, 215594, 251042, 251057, 251063, 251334, 251352, 255043, 255559, 256151, 256434, 257509, 260283, 260492, 260912, 261864, 263198, 263410, 264119, 264422, 264444, 266177, 268286, 272067, 273028, 273617, 274253, 288964, 292355, 304127, 308799, 309567, 318751, 322433, 326717, 335382, 358513, 358553, 366256, 369864, 384371, 389748, 392368, 413371, 438727, 445821, 494562, 503082, 503588, 512411, 524912, 533581, 539159, 545580, 586690, 601395, 601603, 601611, 601717, 603024, 638796]
15,4,[1759, 99870, 119709, 126036]
17,13,[16366, 17118, 25340, 25466, 33298, 64614, 76426, 81771, 81778, 81788, 81798, 155866, 191793]
18,2,[17324, 82358]
20,3,[20841, 24716, 46046]
21,4,[2863, 19660, 23494, 25028]
22,4,[4485, 92150, 92303, 131367]
23,3,[5176, 14775, 20333]
26,3,[21578, 25497, 47048]
30,68,[123644, 127893, 162081, 189433, 199642, 199785, 208285, 208682, 215452, 250889, 250904, 250910, 251181, 251199, 254890, 255406, 255995, 256278, 257353, 260127, 260336, 260756, 261708, 263042, 263254, 263963, 264266, 264288, 266021, 268130, 271911, 272872, 273461, 274097, 288808, 292198, 303969, 308641, 309409, 318592, 322274, 326558, 335223, 358353, 358393, 366093, 369701, 384208, 389585, 392205, 413205, 438557, 445651, 494402, 502913, 503419, 512242, 524740, 533406, 538984, 545405, 586505, 601198, 601406, 601414, 601520, 602827, 638521]
