10,23,[73499, 128102, 314739, 325847, 348568, 352399, 361029, 385240, 388874, 390247, 396506, 465511, 531412, 589886, 589911, 590772, 591130, 607560, 609840, 614108, 614808, 625763, 626043]
17,2,[18984, 215252]
18,3,[102292, 128461, 143016]
20,2,[50458, 54900]
22,3,[94104, 130172, 131085]
23,1,[10408]
25,1,[75951]
26,2,[51508, 56061]
30,23,[73396, 127991, 314580, 325688, 348409, 352240, 360869, 385077, 388711, 390084, 396340, 465340, 531237, 589701, 589726, 590587, 590945, 607353, 609628, 613874, 614574, 625506, 625786]
10,23,[73499, 128102, 314739, 325847, 348568, 352399, 361029, 385240, 388874, 390247, 396506, 465511, 531412, 589886, 589911, 590772, 591130, 607560, 609840, 614108, 614808, 625763, 626043]
17,2,[18984, 215252]
18,3,[102292, 128461, 143016]
20,2,[50458, 54900]
22,3,[94104, 130172, 131085]
23,1,[10408]
25,1,[75951]
26,2,[51508, 56061]
30,23,[73396, 127991, 314580, 325688, 348409, 352240, 360869, 385077, 388711, 390084, 396340, 465340, 531237, 589701, 589726, 590587, 590945, 607353, 609628, 613874, 614574, 625506, 625786]
