10,1,[389539]
14,1,[160702]
15,8,[23308, 32439, 79193, 89814, 93425, 98961, 156211, 166556]
17,1,[203909]
18,19,[2091, 5787, 17982, 24458, 27964, 34998, 41229, 60745, 65068, 70657, 80541, 82673, 88564, 90860, 93815, 131760, 132947, 137857, 138470]
22,2,[1615, 64108]
23,3,[7969, 19666, 21214]
24,1,[21760]
27,3,[93527, 97613, 109634]
30,1,[389376]
10,1,[389539]
14,1,[160702]
15,8,[23308, 32439, 79193, 89814, 93425, 98961, 156211, 166556]
17,1,[203909]
18,19,[2091, 5787, 17982, 24458, 27964, 34998, 41229, 60745, 65068, 70657, 80541, 82673, 88564, 90860, 93815, 131760, 132947, 137857, 138470]
22,2,[1615, 64108]
23,3,[7969, 19666, 21214]
24,1,[21760]
27,3,[93527, 97613, 109634]
30,1,[389376]
