9,3,[216, 955, 1216]
10,801,[137, 142, 147, 152, 3567, 3675, 8898, 8984, 9122, 11197, 14007, 14050, 15263, 15461, 17930, 20262, 20609, 22265, 22299, 24129, 24371, 24964, 24991, 25508, 25794, 26791, 27389, 27395, 27473, 27570, 27618, 28541, 29639, 31193, 31421, 31554, 34958, 34984, 35022, 35131, 35153, 36046, 36113, 36559, 38497, 38523, 38530, 38959, 39073, 39300, 41983, 41990, 42038, 42081, 42422, 44868, 45036, 45492, 46507, 46907, 47498, 48189, 49018, 49063, 49266, 49280, 50711, 50845, 50852, 51736, 51940, 52829, 55122, 56270, 56413, 56837, 57200, 57350, 57357, 57369, 57721, 57911, 58233, 59870, 60745, 61012, 61091, 64007, 64393, 65665, 75424, 75437, 75448, 75459, 75469, 76191, 76196, 76209, 76242, 76722, 77466, 77631, 77650, 77671, 77822, 77855, 77869, 78239, 78277, 78332, 78382, 78429, 78475, 78521, 78571, 78615, 78661, 78707, 78753, 78800, 79071, 79268, 79439, 79746, 79766, 80074, 80134, 80161, 80421, 80838, 81576, 81642, 81746, 81841, 81918, 81993, 82006, 82010, 83311, 83508, 83535, 83549, 85054, 85425, 85618, 85623, 85658, 85810, 85873, 85879, 86033, 86043, 86410, 86429, 86496, 86564, 86668, 89013, 89054, 89077, 89247, 89791, 89800, 90037, 91569, 91577, 91678, 92289, 96118, 96289, 97464, 97531, 97575, 97615, 97775, 97894, 97957, 98003, 98051, 98076, 98088, 98098, 99558, 99817, 99879, 99938, 99999, 100059, 100118, 100195, 100261, 100308, 102609, 102621, 103302, 103636, 103647, 104088, 104375, 104762, 105035, 105620, 105848, 105956, 107364, 107368, 108363, 111513, 112085, 112224, 112235, 113672, 116184, 116401, 116776, 116795, 116801, 116812, 117422, 120488, 120765, 121147, 121934, 121984, 124891, 125175, 125788, 126668, 128337, 128648, 128694, 128914, 129504, 130197, 130286, 130364, 132306, 132320, 132896, 133419, 133631, 135209, 135277, 135328, 136070, 136085, 136317, 136822, 136988, 137926, 137941, 138077, 138538, 138815, 139294, 139472, 139484, 139761, 139772, 139844, 139861, 139944, 139990, 140091, 140110, 140172, 140192, 140305, 140326, 140429, 140449, 140548, 140579, 141526, 141710, 142033, 143408, 150170, 150558, 152181, 152853, 152941, 158190, 159674, 161029, 163321, 164895, 165294, 165985, 169022, 169610, 172644, 177330, 178329, 178893, 184689, 186524, 186529, 186609, 186642, 187503, 191134, 197495, 197497, 197549, 197551, 199156, 200804, 202005, 202158, 203035, 203305, 203434, 203681, 204438, 204637, 205334, 206518, 206715, 206801, 207187, 207589, 207801, 209757, 210529, 210910, 211469, 212152, 212312, 213151, 213537, 214062, 214102, 214148, 214376, 214402, 215324, 216396, 218195, 219166, 219480, 219980, 220621, 221764, 221800, 222487, 222871, 223647, 224611, 226198, 226919, 227275, 227649, 229310, 229364, 229835, 230007, 230733, 230889, 231079, 231090, 231262, 231675, 232473, 235076, 235083, 235832, 236671, 236773, 236944, 237138, 237214, 237230, 237271, 237325, 237354, 237476, 237726, 241745, 241914, 242149, 244031, 245097, 245228, 246275, 247486, 248449, 248843, 248848, 248905, 248935, 248962, 251659, 252018, 252109, 252152, 252330, 252534, 252557, 252661, 253175, 253512, 254756, 256794, 256882, 257289, 258610, 258820, 258903, 259659, 259678, 260084, 260117, 264305, 267554, 268128, 268890, 269639, 269797, 270206, 271155, 271452, 271785, 272248, 272530, 272633, 272928, 273349, 274143, 274594, 275987, 276130, 276137, 276148, 276180, 276309, 276342, 276370, 276442, 276498, 276771, 278633, 278729, 280340, 280455, 280491, 280498, 280577, 280809, 280881, 280992, 282216, 282757, 282772, 282806, 282881, 284004, 285973, 286018, 286191, 286346, 286368, 286537, 288252, 289039, 289101, 290815, 291324, 291975, 292009, 292356, 292365, 292384, 292543, 292745, 292760, 292783, 293124, 293355, 293796, 293821, 294355, 294367, 295724, 295756, 295770, 295774, 296296, 296702, 296706, 296799, 297043, 303395, 307390, 307857, 308154, 308756, 310934, 312060, 312063, 312179, 314104, 314106, 314156, 314158, 314783, 315825, 316439, 316443, 317670, 318327, 321424, 322093, 322096, 324227, 325905, 327342, 329195, 329394, 332039, 332081, 334388, 336175, 337296, 338889, 339056, 339085, 339221, 339400, 339471, 339597, 339766, 339937, 340024, 340123, 340381, 340387, 340441, 340462, 340496, 340604, 340613, 344981, 349076, 353733, 353977, 354463, 354474, 356858, 359712, 359723, 366732, 366864, 367848, 371802, 372632, 374061, 382908, 389536, 390948, 390967, 390971, 393795, 394356, 399299, 399530, 399540, 400286, 402792, 402796, 404689, 405021, 407373, 407377, 408464, 408896, 411811, 412274, 412358, 412559, 412563, 414818, 415090, 415331, 417328, 417885, 419028, 419066, 419464, 424289, 424459, 424462, 426488, 428986, 429317, 431722, 431746, 431864, 432254, 432998, 433102, 433126, 433563, 433691, 436845, 440236, 440385, 441861, 441866, 443953, 444869, 444873, 445082, 445518, 445522, 452100, 452104, 452703, 452707, 455116, 455120, 455905, 455993, 456009, 456083, 456100, 456159, 457503, 457507, 457511, 457789, 457797, 459137, 459576, 459993, 459997, 460002, 460007, 460196, 460978, 461038, 461076, 461254, 464910, 465733, 466858, 466978, 468306, 469272, 470214, 470238, 470597, 471125, 472582, 474386, 474539, 474548, 475135, 475138, 475368, 475445, 482108, 484927, 487137, 489157, 489731, 489735, 490957, 490968, 495312, 496168, 496964, 501082, 506312, 512116, 515533, 520212, 528052, 528195, 528745, 529717, 529750, 529852, 530017, 532195, 539752, 548249, 549117, 554270, 562151, 565494, 567024, 569095, 572411, 573477, 579897, 580089, 581346, 584519, 584529, 585079, 585154, 585327, 586293, 588068, 588090, 588312, 588464, 588870, 589317, 589359, 589939, 589978, 589987, 590934, 591792, 591799, 591821, 592347, 592777, 592793, 597901, 597915, 599390, 600296, 600555, 601577, 601583, 601921, 602113, 602304, 602361, 602646, 603495, 603622, 604177, 604820, 605859, 605952, 605979, 606006, 606027, 606065, 606211, 606302, 606307, 606727, 606806, 606861, 606930, 607023, 607184, 607283, 607935, 608547, 609530, 609850, 610082, 610325, 610399, 611098, 613117, 613899, 614026, 615239, 615563, 615690, 615703, 615707, 615984, 616750, 616890, 616928, 617443, 617471, 618287, 619848, 620302, 620332, 620403, 620904, 623972, 625247, 625281, 625512, 625542, 626247, 626670, 626676, 626901, 627198, 628012, 628298, 628343, 630212, 632409, 638845, 640201, 640228, 640658, 641121]
14,3,[2808, 152720, 192508]
15,27,[22, 25204, 30741, 37058, 42499, 45212, 56094, 63821, 65241, 65401, 71648, 75253, 82071, 89144, 90553, 96818, 97176, 102688, 111777, 116091, 124592, 138219, 138243, 144194, 145656, 154907, 167443]
16,2,[10705, 15897]
17,525,[783, 875, 1911, 3451, 3492, 5098, 5304, 5690, 6753, 9021, 9771, 9789, 9992, 10597, 10858, 10865, 11004, 11610, 11641, 12959, 13746, 13788, 13821, 14127, 14951, 15156, 15237, 15244, 15251, 16113, 16300, 16369, 16396, 17424, 17473, 17536, 17623, 17635, 17641, 17648, 17906, 19550, 19559, 19600, 20287, 20531, 20649, 20946, 20983, 21475, 21794, 22277, 22342, 22674, 22686, 22797, 22819, 23002, 23013, 23046, 23088, 23099, 23148, 23905, 24057, 24429, 24484, 25319, 25379, 25559, 25594, 26337, 26547, 28323, 29380, 29567, 29634, 30281, 33783, 33914, 34894, 36905, 36953, 36960, 37093, 37111, 37213, 37255, 37678, 37697, 37878, 37894, 37987, 38680, 39011, 39953, 40281, 40644, 41366, 42004, 42105, 42108, 42913, 42947, 43045, 43222, 43444, 44115, 44761, 44819, 44896, 45073, 45284, 45333, 45371, 47054, 47106, 47332, 47514, 47698, 47767, 47847, 48572, 49570, 49873, 49927, 50201, 50212, 50322, 50426, 50817, 51014, 51754, 52094, 52121, 52180, 52347, 52374, 52690, 52767, 52918, 53172, 53336, 53359, 53474, 53654, 53710, 53791, 54040, 54154, 54732, 54757, 54800, 54908, 55031, 55055, 55521, 55868, 56047, 56139, 56784, 58385, 58427, 58702, 59140, 59645, 59667, 59728, 60525, 60631, 61880, 63664, 68610, 68646, 69814, 70158, 70237, 72243, 72420, 73443, 76092, 76497, 76867, 76985, 77003, 77143, 77655, 78766, 78835, 79467, 79489, 79538, 79624, 79630, 79915, 80026, 80066, 80391, 80507, 80744, 81123, 81221, 81355, 81699, 81710, 81966, 82049, 82107, 82165, 82385, 83416, 84002, 84018, 84041, 84049, 84418, 84625, 84648, 84719, 84730, 84741, 84899, 84948, 85303, 85418, 86269, 86279, 86416, 87123, 87361, 87375, 87382, 87572, 87767, 87913, 87919, 87926, 87940, 87958, 88117, 88468, 88520, 88567, 88651, 88867, 89291, 89518, 90097, 90193, 90539, 90556, 90575, 91158, 91197, 91242, 91253, 91706, 91873, 91899, 91949, 91987, 92002, 92021, 92061, 92199, 92221, 92248, 92318, 92770, 92910, 93238, 93299, 93354, 93387, 93399, 93515, 93722, 93731, 93750, 93892, 94206, 94246, 94303, 94425, 94440, 94497, 94593, 94637, 94789, 95138, 95442, 95452, 96107, 96157, 96635, 96696, 96815, 97210, 97231, 99048, 99079, 99177, 99299, 99655, 100451, 100940, 101152, 101486, 101550, 101615, 101698, 102159, 103348, 103381, 104427, 106012, 106149, 106341, 108240, 108355, 108519, 109937, 111237, 111269, 111455, 111477, 111513, 111593, 111883, 112002, 112191, 112377, 112386, 112394, 112642, 112734, 112790, 112819, 113054, 113545, 113577, 114314, 115231, 115832, 115952, 117234, 117533, 118835, 119124, 120029, 120058, 120555, 121006, 121412, 123341, 123558, 123767, 123800, 123885, 123890, 123898, 124409, 124631, 124951, 124954, 125066, 125084, 125214, 125264, 125509, 126344, 128302, 130021, 130081, 130617, 132131, 132761, 133040, 133777, 134009, 135034, 135723, 136957, 138411, 139441, 139670, 139917, 139996, 140332, 142984, 143112, 144035, 146005, 146446, 146656, 147253, 147299, 147493, 147678, 147698, 147751, 148353, 149246, 149830, 149841, 149873, 150087, 150248, 150268, 150829, 151435, 155749, 156368, 156374, 156618, 157133, 157160, 157952, 158601, 158612, 159424, 159430, 159984, 160000, 160007, 160307, 160352, 160835, 161022, 161140, 161247, 162447, 162668, 162767, 165450, 165770, 166764, 167298, 167485, 167517, 167531, 167750, 169261, 170463, 171043, 171068, 171188, 171318, 171407, 171426, 171506, 171606, 171865, 171918, 172073, 172579, 172601, 172648, 172712, 172813, 173064, 173206, 173240, 173741, 176703, 186047, 186064, 186240, 186299, 187148, 187232, 188069, 188083, 188364, 188796, 189102, 189291, 189504, 189795, 190011, 190049, 190204, 190570, 191306, 191908, 193119, 193132, 193911, 194056, 194109, 194649, 195493, 196547, 196595, 196934, 197416, 197501, 199362, 199379, 199484, 199507, 199924, 200134, 201028, 201152, 201241, 201557, 202617, 203130, 204785, 206267, 206885, 209796, 213307, 213477, 213517, 214827, 214917, 215089, 215209, 216486, 217314, 217474, 217527, 217688]
18,50,[7587, 13881, 14281, 15972, 19124, 19739, 27484, 27784, 28054, 44712, 51937, 53634, 54259, 55655, 58459, 59330, 60558, 62039, 62057, 62066, 62078, 62103, 62111, 62198, 63345, 65792, 73580, 73592, 75631, 76954, 78273, 79027, 81016, 90693, 91680, 92102, 95497, 105751, 130667, 134787, 135676, 135805, 141044, 141531, 142672, 144175, 144758, 146526, 147079, 147713]
20,3,[33465, 52792, 54595]
21,7,[9802, 23878, 24488, 28563, 29001, 29245, 30126]
22,19,[1661, 1663, 11325, 11327, 11329, 11331, 11333, 11395, 18191, 62535, 62759, 63242, 88190, 88192, 88194, 104711, 126731, 138669, 156881]
23,5,[17, 1270, 18614, 18899, 27056]
24,1,[4077]
25,3,[3158, 146341, 164377]
26,4,[32, 34342, 53891, 55756]
27,8,[4262, 17560, 20513, 28236, 35895, 62034, 74615, 91355]
30,793,[3473, 3581, 8804, 8890, 9028, 11103, 13913, 13956, 15169, 15367, 17836, 20168, 20515, 22171, 22205, 24035, 24277, 24870, 24897, 25414, 25700, 26697, 27295, 27301, 27379, 27476, 27524, 28447, 29545, 31099, 31327, 31460, 34860, 34886, 34924, 35033, 35055, 35948, 36015, 36461, 38399, 38425, 38432, 38861, 38975, 39202, 41885, 41892, 41940, 41983, 42324, 44770, 44938, 45394, 46409, 46809, 47400, 48091, 48920, 48965, 49168, 49182, 50613, 50747, 50754, 51638, 51842, 52731, 55023, 56171, 56314, 56738, 57101, 57251, 57258, 57270, 57622, 57812, 58134, 59767, 60642, 60909, 60988, 63904, 64290, 65562, 75321, 75334, 75345, 75356, 75366, 76088, 76093, 76106, 76139, 76619, 77363, 77528, 77547, 77568, 77719, 77752, 77766, 78132, 78170, 78225, 78275, 78322, 78368, 78414, 78464, 78508, 78554, 78600, 78646, 78693, 78964, 79161, 79332, 79639, 79659, 79967, 80027, 80054, 80314, 80731, 81469, 81535, 81639, 81734, 81811, 81886, 81899, 81903, 83204, 83401, 83428, 83442, 84947, 85318, 85511, 85516, 85551, 85703, 85766, 85772, 85926, 85936, 86303, 86322, 86389, 86457, 86561, 88906, 88947, 88970, 89140, 89684, 89693, 89930, 91462, 91470, 91571, 92182, 96011, 96182, 97357, 97424, 97468, 97508, 97668, 97787, 97850, 97896, 97944, 97969, 97981, 97991, 99451, 99710, 99772, 99831, 99892, 99952, 100011, 100088, 100154, 100201, 102502, 102514, 103195, 103529, 103540, 103981, 104268, 104655, 104924, 105509, 105737, 105845, 107253, 107257, 108252, 111402, 111974, 112113, 112124, 113561, 116073, 116290, 116665, 116684, 116690, 116701, 117311, 120377, 120654, 121036, 121823, 121873, 124780, 125064, 125677, 126557, 128226, 128536, 128582, 128802, 129392, 130085, 130174, 130252, 132194, 132208, 132784, 133307, 133519, 135097, 135165, 135216, 135958, 135973, 136205, 136710, 136876, 137814, 137829, 137965, 138426, 138703, 139182, 139360, 139372, 139649, 139660, 139732, 139749, 139832, 139878, 139979, 139998, 140060, 140080, 140193, 140214, 140317, 140337, 140436, 140467, 141414, 141598, 141921, 143296, 150057, 150445, 152068, 152740, 152828, 158077, 159561, 160915, 163198, 164772, 165171, 165862, 168899, 169487, 172521, 177207, 178206, 178770, 184557, 186392, 186397, 186477, 186510, 187371, 191002, 197363, 197365, 197417, 197419, 199024, 200662, 201863, 202016, 202893, 203163, 203292, 203539, 204296, 204495, 205192, 206376, 206573, 206659, 207045, 207447, 207659, 209615, 210387, 210768, 211327, 212010, 212170, 213009, 213395, 213920, 213960, 214006, 214234, 214260, 215182, 216254, 218055, 219026, 219340, 219830, 220471, 221614, 221650, 222337, 222721, 223497, 224461, 226048, 226769, 227125, 227499, 229160, 229214, 229685, 229857, 230583, 230739, 230929, 230940, 231112, 231525, 232323, 234926, 234933, 235682, 236521, 236623, 236794, 236988, 237064, 237080, 237121, 237175, 237204, 237326, 237576, 241592, 241761, 241996, 243878, 244944, 245075, 246122, 247333, 248296, 248690, 248695, 248752, 248782, 248809, 251506, 251865, 251956, 251999, 252177, 252381, 252404, 252508, 253022, 253359, 254603, 256638, 256726, 257133, 258454, 258664, 258747, 259503, 259522, 259928, 259961, 264149, 267398, 267972, 268734, 269483, 269641, 270050, 270999, 271296, 271629, 272092, 272374, 272477, 272772, 273193, 273987, 274438, 275831, 275974, 275981, 275992, 276024, 276153, 276186, 276214, 276286, 276342, 276615, 278478, 278574, 280185, 280300, 280336, 280343, 280422, 280654, 280726, 280837, 282061, 282602, 282617, 282651, 282726, 283848, 285817, 285862, 286035, 286190, 286212, 286381, 288096, 288883, 288945, 290659, 291168, 291819, 291853, 292199, 292208, 292227, 292386, 292588, 292603, 292626, 292967, 293198, 293639, 293664, 294198, 294210, 295567, 295599, 295613, 295617, 296139, 296545, 296549, 296642, 296885, 303237, 307232, 307699, 307996, 308598, 310776, 311901, 311904, 312020, 313945, 313947, 313997, 313999, 314624, 315666, 316280, 316284, 317511, 318168, 321265, 321934, 321937, 324068, 325746, 327183, 329036, 329235, 331880, 331922, 334229, 336016, 337137, 338730, 338897, 338926, 339062, 339241, 339312, 339438, 339607, 339778, 339865, 339964, 340222, 340228, 340282, 340303, 340337, 340445, 340454, 344822, 348917, 353574, 353818, 354304, 354315, 356698, 359552, 359563, 366569, 366701, 367685, 371639, 372469, 373898, 382745, 389373, 390785, 390804, 390808, 393629, 394190, 399133, 399364, 399374, 400120, 402626, 402630, 404523, 404855, 407207, 407211, 408298, 408730, 411645, 412108, 412192, 412393, 412397, 414652, 414924, 415165, 417162, 417719, 418862, 418900, 419298, 424123, 424293, 424296, 426322, 428819, 429150, 431552, 431576, 431694, 432084, 432828, 432932, 432956, 433393, 433521, 436675, 440066, 440215, 441691, 441696, 443783, 444699, 444703, 444912, 445348, 445352, 451930, 451934, 452533, 452537, 454946, 454950, 455735, 455823, 455839, 455913, 455930, 455989, 457333, 457337, 457341, 457619, 457627, 458967, 459406, 459823, 459827, 459832, 459837, 460026, 460808, 460868, 460906, 461084, 464739, 465562, 466687, 466807, 468135, 469101, 470043, 470067, 470426, 470954, 472412, 474216, 474369, 474378, 474965, 474968, 475198, 475275, 481942, 484762, 486974, 488996, 489571, 489575, 490797, 490808, 495153, 496795, 500913, 506143, 511947, 520040, 528020, 528570, 529542, 529575, 529677, 529842, 532020, 539577, 548074, 554092, 561973, 565314, 566844, 568915, 572231, 573297, 579717, 579909, 581166, 584334, 584344, 584894, 584969, 585142, 586108, 587883, 587905, 588127, 588279, 588685, 589132, 589174, 589754, 589793, 589802, 590749, 591607, 591614, 591636, 592156, 592586, 592602, 597710, 597724, 599193, 600099, 600358, 601380, 601386, 601724, 601916, 602107, 602164, 602449, 603298, 603420, 603975, 604618, 605657, 605745, 605772, 605799, 605820, 605858, 606004, 606095, 606100, 606520, 606599, 606654, 606723, 606816, 606977, 607076, 607728, 608335, 609318, 609638, 609865, 610108, 610182, 610881, 612888, 613665, 613792, 615005, 615324, 615451, 615464, 615468, 615745, 616511, 616647, 616685, 617200, 617228, 618035, 619596, 620050, 620080, 620151, 620652, 623718, 624990, 625024, 625255, 625285, 625990, 626413, 626419, 626644, 626938, 627752, 628038, 628083, 629949, 632134, 638570, 639926, 639953, 640383, 640846]
9,3,[216, 955, 1216]
10,801,[137, 142, 147, 152, 3567, 3675, 8898, 8984, 9122, 11197, 14007, 14050, 15263, 15461, 17930, 20262, 20609, 22265, 22299, 24129, 24371, 24964, 24991, 25508, 25794, 26791, 27389, 27395, 27473, 27570, 27618, 28541, 29639, 31193, 31421, 31554, 34958, 34984, 35022, 35131, 35153, 36046, 36113, 36559, 38497, 38523, 38530, 38959, 39073, 39300, 41983, 41990, 42038, 42081, 42422, 44868, 45036, 45492, 46507, 46907, 47498, 48189, 49018, 49063, 49266, 49280, 50711, 50845, 50852, 51736, 51940, 52829, 55122, 56270, 56413, 56837, 57200, 57350, 57357, 57369, 57721, 57911, 58233, 59870, 60745, 61012, 61091, 64007, 64393, 65665, 75424, 75437, 75448, 75459, 75469, 76191, 76196, 76209, 76242, 76722, 77466, 77631, 77650, 77671, 77822, 77855, 77869, 78239, 78277, 78332, 78382, 78429, 78475, 78521, 78571, 78615, 78661, 78707, 78753, 78800, 79071, 79268, 79439, 79746, 79766, 80074, 80134, 80161, 80421, 80838, 81576, 81642, 81746, 81841, 81918, 81993, 82006, 82010, 83311, 83508, 83535, 83549, 85054, 85425, 85618, 85623, 85658, 85810, 85873, 85879, 86033, 86043, 86410, 86429, 86496, 86564, 86668, 89013, 89054, 89077, 89247, 89791, 89800, 90037, 91569, 91577, 91678, 92289, 96118, 96289, 97464, 97531, 97575, 97615, 97775, 97894, 97957, 98003, 98051, 98076, 98088, 98098, 99558, 99817, 99879, 99938, 99999, 100059, 100118, 100195, 100261, 100308, 102609, 102621, 103302, 103636, 103647, 104088, 104375, 104762, 105035, 105620, 105848, 105956, 107364, 107368, 108363, 111513, 112085, 112224, 112235, 113672, 116184, 116401, 116776, 116795, 116801, 116812, 117422, 120488, 120765, 121147, 121934, 121984, 124891, 125175, 125788, 126668, 128337, 128648, 128694, 128914, 129504, 130197, 130286, 130364, 132306, 132320, 132896, 133419, 133631, 135209, 135277, 135328, 136070, 136085, 136317, 136822, 136988, 137926, 137941, 138077, 138538, 138815, 139294, 139472, 139484, 139761, 139772, 139844, 139861, 139944, 139990, 140091, 140110, 140172, 140192, 140305, 140326, 140429, 140449, 140548, 140579, 141526, 141710, 142033, 143408, 150170, 150558, 152181, 152853, 152941, 158190, 159674, 161029, 163321, 164895, 165294, 165985, 169022, 169610, 172644, 177330, 178329, 178893, 184689, 186524, 186529, 186609, 186642, 187503, 191134, 197495, 197497, 197549, 197551, 199156, 200804, 202005, 202158, 203035, 203305, 203434, 203681, 204438, 204637, 205334, 206518, 206715, 206801, 207187, 207589, 207801, 209757, 210529, 210910, 211469, 212152, 212312, 213151, 213537, 214062, 214102, 214148, 214376, 214402, 215324, 216396, 218195, 219166, 219480, 219980, 220621, 221764, 221800, 222487, 222871, 223647, 224611, 226198, 226919, 227275, 227649, 229310, 229364, 229835, 230007, 230733, 230889, 231079, 231090, 231262, 231675, 232473, 235076, 235083, 235832, 236671, 236773, 236944, 237138, 237214, 237230, 237271, 237325, 237354, 237476, 237726, 241745, 241914, 242149, 244031, 245097, 245228, 246275, 247486, 248449, 248843, 248848, 248905, 248935, 248962, 251659, 252018, 252109, 252152, 252330, 252534, 252557, 252661, 253175, 253512, 254756, 256794, 256882, 257289, 258610, 258820, 258903, 259659, 259678, 260084, 260117, 264305, 267554, 268128, 268890, 269639, 269797, 270206, 271155, 271452, 271785, 272248, 272530, 272633, 272928, 273349, 274143, 274594, 275987, 276130, 276137, 276148, 276180, 276309, 276342, 276370, 276442, 276498, 276771, 278633, 278729, 280340, 280455, 280491, 280498, 280577, 280809, 280881, 280992, 282216, 282757, 282772, 282806, 282881, 284004, 285973, 286018, 286191, 286346, 286368, 286537, 288252, 289039, 289101, 290815, 291324, 291975, 292009, 292356, 292365, 292384, 292543, 292745, 292760, 292783, 293124, 293355, 293796, 293821, 294355, 294367, 295724, 295756, 295770, 295774, 296296, 296702, 296706, 296799, 297043, 303395, 307390, 307857, 308154, 308756, 310934, 312060, 312063, 312179, 314104, 314106, 314156, 314158, 314783, 315825, 316439, 316443, 317670, 318327, 321424, 322093, 322096, 324227, 325905, 327342, 329195, 329394, 332039, 332081, 334388, 336175, 337296, 338889, 339056, 339085, 339221, 339400, 339471, 339597, 339766, 339937, 340024, 340123, 340381, 340387, 340441, 340462, 340496, 340604, 340613, 344981, 349076, 353733, 353977, 354463, 354474, 356858, 359712, 359723, 366732, 366864, 367848, 371802, 372632, 374061, 382908, 389536, 390948, 390967, 390971, 393795, 394356, 399299, 399530, 399540, 400286, 402792, 402796, 404689, 405021, 407373, 407377, 408464, 408896, 411811, 412274, 412358, 412559, 412563, 414818, 415090, 415331, 417328, 417885, 419028, 419066, 419464, 424289, 424459, 424462, 426488, 428986, 429317, 431722, 431746, 431864, 432254, 432998, 433102, 433126, 433563, 433691, 436845, 440236, 440385, 441861, 441866, 443953, 444869, 444873, 445082, 445518, 445522, 452100, 452104, 452703, 452707, 455116, 455120, 455905, 455993, 456009, 456083, 456100, 456159, 457503, 457507, 457511, 457789, 457797, 459137, 459576, 459993, 459997, 460002, 460007, 460196, 460978, 461038, 461076, 461254, 464910, 465733, 466858, 466978, 468306, 469272, 470214, 470238, 470597, 471125, 472582, 474386, 474539, 474548, 475135, 475138, 475368, 475445, 482108, 484927, 487137, 489157, 489731, 489735, 490957, 490968, 495312, 496168, 496964, 501082, 506312, 512116, 515533, 520212, 528052, 528195, 528745, 529717, 529750, 529852, 530017, 532195, 539752, 548249, 549117, 554270, 562151, 565494, 567024, 569095, 572411, 573477, 579897, 580089, 581346, 584519, 584529, 585079, 585154, 585327, 586293, 588068, 588090, 588312, 588464, 588870, 589317, 589359, 589939, 589978, 589987, 590934, 591792, 591799, 591821, 592347, 592777, 592793, 597901, 597915, 599390, 600296, 600555, 601577, 601583, 601921, 602113, 602304, 602361, 602646, 603495, 603622, 604177, 604820, 605859, 605952, 605979, 606006, 606027, 606065, 606211, 606302, 606307, 606727, 606806, 606861, 606930, 607023, 607184, 607283, 607935, 608547, 609530, 609850, 610082, 610325, 610399, 611098, 613117, 613899, 614026, 615239, 615563, 615690, 615703, 615707, 615984, 616750, 616890, 616928, 617443, 617471, 618287, 619848, 620302, 620332, 620403, 620904, 623972, 625247, 625281, 625512, 625542, 626247, 626670, 626676, 626901, 627198, 628012, 628298, 628343, 630212, 632409, 638845, 640201, 640228, 640658, 641121]
14,3,[2808, 152720, 192508]
15,27,[22, 25204, 30741, 37058, 42499, 45212, 56094, 63821, 65241, 65401, 71648, 75253, 82071, 89144, 90553, 96818, 97176, 102688, 111777, 116091, 124592, 138219, 138243, 144194, 145656, 154907, 167443]
16,2,[10705, 15897]
17,525,[783, 875, 1911, 3451, 3492, 5098, 5304, 5690, 6753, 9021, 9771, 9789, 9992, 10597, 10858, 10865, 11004, 11610, 11641, 12959, 13746, 13788, 13821, 14127, 14951, 15156, 15237, 15244, 15251, 16113, 16300, 16369, 16396, 17424, 17473, 17536, 17623, 17635, 17641, 17648, 17906, 19550, 19559, 19600, 20287, 20531, 20649, 20946, 20983, 21475, 21794, 22277, 22342, 22674, 22686, 22797, 22819, 23002, 23013, 23046, 23088, 23099, 23148, 23905, 24057, 24429, 24484, 25319, 25379, 25559, 25594, 26337, 26547, 28323, 29380, 29567, 29634, 30281, 33783, 33914, 34894, 36905, 36953, 36960, 37093, 37111, 37213, 37255, 37678, 37697, 37878, 37894, 37987, 38680, 39011, 39953, 40281, 40644, 41366, 42004, 42105, 42108, 42913, 42947, 43045, 43222, 43444, 44115, 44761, 44819, 44896, 45073, 45284, 45333, 45371, 47054, 47106, 47332, 47514, 47698, 47767, 47847, 48572, 49570, 49873, 49927, 50201, 50212, 50322, 50426, 50817, 51014, 51754, 52094, 52121, 52180, 52347, 52374, 52690, 52767, 52918, 53172, 53336, 53359, 53474, 53654, 53710, 53791, 54040, 54154, 54732, 54757, 54800, 54908, 55031, 55055, 55521, 55868, 56047, 56139, 56784, 58385, 58427, 58702, 59140, 59645, 59667, 59728, 60525, 60631, 61880, 63664, 68610, 68646, 69814, 70158, 70237, 72243, 72420, 73443, 76092, 76497, 76867, 76985, 77003, 77143, 77655, 78766, 78835, 79467, 79489, 79538, 79624, 79630, 79915, 80026, 80066, 80391, 80507, 80744, 81123, 81221, 81355, 81699, 81710, 81966, 82049, 82107, 82165, 82385, 83416, 84002, 84018, 84041, 84049, 84418, 84625, 84648, 84719, 84730, 84741, 84899, 84948, 85303, 85418, 86269, 86279, 86416, 87123, 87361, 87375, 87382, 87572, 87767, 87913, 87919, 87926, 87940, 87958, 88117, 88468, 88520, 88567, 88651, 88867, 89291, 89518, 90097, 90193, 90539, 90556, 90575, 91158, 91197, 91242, 91253, 91706, 91873, 91899, 91949, 91987, 92002, 92021, 92061, 92199, 92221, 92248, 92318, 92770, 92910, 93238, 93299, 93354, 93387, 93399, 93515, 93722, 93731, 93750, 93892, 94206, 94246, 94303, 94425, 94440, 94497, 94593, 94637, 94789, 95138, 95442, 95452, 96107, 96157, 96635, 96696, 96815, 97210, 97231, 99048, 99079, 99177, 99299, 99655, 100451, 100940, 101152, 101486, 101550, 101615, 101698, 102159, 103348, 103381, 104427, 106012, 106149, 106341, 108240, 108355, 108519, 109937, 111237, 111269, 111455, 111477, 111513, 111593, 111883, 112002, 112191, 112377, 112386, 112394, 112642, 112734, 112790, 112819, 113054, 113545, 113577, 114314, 115231, 115832, 115952, 117234, 117533, 118835, 119124, 120029, 120058, 120555, 121006, 121412, 123341, 123558, 123767, 123800, 123885, 123890, 123898, 124409, 124631, 124951, 124954, 125066, 125084, 125214, 125264, 125509, 126344, 128302, 130021, 130081, 130617, 132131, 132761, 133040, 133777, 134009, 135034, 135723, 136957, 138411, 139441, 139670, 139917, 139996, 140332, 142984, 143112, 144035, 146005, 146446, 146656, 147253, 147299, 147493, 147678, 147698, 147751, 148353, 149246, 149830, 149841, 149873, 150087, 150248, 150268, 150829, 151435, 155749, 156368, 156374, 156618, 157133, 157160, 157952, 158601, 158612, 159424, 159430, 159984, 160000, 160007, 160307, 160352, 160835, 161022, 161140, 161247, 162447, 162668, 162767, 165450, 165770, 166764, 167298, 167485, 167517, 167531, 167750, 169261, 170463, 171043, 171068, 171188, 171318, 171407, 171426, 171506, 171606, 171865, 171918, 172073, 172579, 172601, 172648, 172712, 172813, 173064, 173206, 173240, 173741, 176703, 186047, 186064, 186240, 186299, 187148, 187232, 188069, 188083, 188364, 188796, 189102, 189291, 189504, 189795, 190011, 190049, 190204, 190570, 191306, 191908, 193119, 193132, 193911, 194056, 194109, 194649, 195493, 196547, 196595, 196934, 197416, 197501, 199362, 199379, 199484, 199507, 199924, 200134, 201028, 201152, 201241, 201557, 202617, 203130, 204785, 206267, 206885, 209796, 213307, 213477, 213517, 214827, 214917, 215089, 215209, 216486, 217314, 217474, 217527, 217688]
18,50,[7587, 13881, 14281, 15972, 19124, 19739, 27484, 27784, 28054, 44712, 51937, 53634, 54259, 55655, 58459, 59330, 60558, 62039, 62057, 62066, 62078, 62103, 62111, 62198, 63345, 65792, 73580, 73592, 75631, 76954, 78273, 79027, 81016, 90693, 91680, 92102, 95497, 105751, 130667, 134787, 135676, 135805, 141044, 141531, 142672, 144175, 144758, 146526, 147079, 147713]
20,3,[33465, 52792, 54595]
21,7,[9802, 23878, 24488, 28563, 29001, 29245, 30126]
22,19,[1661, 1663, 11325, 11327, 11329, 11331, 11333, 11395, 18191, 62535, 62759, 63242, 88190, 88192, 88194, 104711, 126731, 138669, 156881]
23,5,[17, 1270, 18614, 18899, 27056]
24,1,[4077]
25,3,[3158, 146341, 164377]
26,4,[32, 34342, 53891, 55756]
27,8,[4262, 17560, 20513, 28236, 35895, 62034, 74615, 91355]
30,793,[3473, 3581, 8804, 8890, 9028, 11103, 13913, 13956, 15169, 15367, 17836, 20168, 20515, 22171, 22205, 24035, 24277, 24870, 24897, 25414, 25700, 26697, 27295, 27301, 27379, 27476, 27524, 28447, 29545, 31099, 31327, 31460, 34860, 34886, 34924, 35033, 35055, 35948, 36015, 36461, 38399, 38425, 38432, 38861, 38975, 39202, 41885, 41892, 41940, 41983, 42324, 44770, 44938, 45394, 46409, 46809, 47400, 48091, 48920, 48965, 49168, 49182, 50613, 50747, 50754, 51638, 51842, 52731, 55023, 56171, 56314, 56738, 57101, 57251, 57258, 57270, 57622, 57812, 58134, 59767, 60642, 60909, 60988, 63904, 64290, 65562, 75321, 75334, 75345, 75356, 75366, 76088, 76093, 76106, 76139, 76619, 77363, 77528, 77547, 77568, 77719, 77752, 77766, 78132, 78170, 78225, 78275, 78322, 78368, 78414, 78464, 78508, 78554, 78600, 78646, 78693, 78964, 79161, 79332, 79639, 79659, 79967, 80027, 80054, 80314, 80731, 81469, 81535, 81639, 81734, 81811, 81886, 81899, 81903, 83204, 83401, 83428, 83442, 84947, 85318, 85511, 85516, 85551, 85703, 85766, 85772, 85926, 85936, 86303, 86322, 86389, 86457, 86561, 88906, 88947, 88970, 89140, 89684, 89693, 89930, 91462, 91470, 91571, 92182, 96011, 96182, 97357, 97424, 97468, 97508, 97668, 97787, 97850, 97896, 97944, 97969, 97981, 97991, 99451, 99710, 99772, 99831, 99892, 99952, 100011, 100088, 100154, 100201, 102502, 102514, 103195, 103529, 103540, 103981, 104268, 104655, 104924, 105509, 105737, 105845, 107253, 107257, 108252, 111402, 111974, 112113, 112124, 113561, 116073, 116290, 116665, 116684, 116690, 116701, 117311, 120377, 120654, 121036, 121823, 121873, 124780, 125064, 125677, 126557, 128226, 128536, 128582, 128802, 129392, 130085, 130174, 130252, 132194, 132208, 132784, 133307, 133519, 135097, 135165, 135216, 135958, 135973, 136205, 136710, 136876, 137814, 137829, 137965, 138426, 138703, 139182, 139360, 139372, 139649, 139660, 139732, 139749, 139832, 139878, 139979, 139998, 140060, 140080, 140193, 140214, 140317, 140337, 140436, 140467, 141414, 141598, 141921, 143296, 150057, 150445, 152068, 152740, 152828, 158077, 159561, 160915, 163198, 164772, 165171, 165862, 168899, 169487, 172521, 177207, 178206, 178770, 184557, 186392, 186397, 186477, 186510, 187371, 191002, 197363, 197365, 197417, 197419, 199024, 200662, 201863, 202016, 202893, 203163, 203292, 203539, 204296, 204495, 205192, 206376, 206573, 206659, 207045, 207447, 207659, 209615, 210387, 210768, 211327, 212010, 212170, 213009, 213395, 213920, 213960, 214006, 214234, 214260, 215182, 216254, 218055, 219026, 219340, 219830, 220471, 221614, 221650, 222337, 222721, 223497, 224461, 226048, 226769, 227125, 227499, 229160, 229214, 229685, 229857, 230583, 230739, 230929, 230940, 231112, 231525, 232323, 234926, 234933, 235682, 236521, 236623, 236794, 236988, 237064, 237080, 237121, 237175, 237204, 237326, 237576, 241592, 241761, 241996, 243878, 244944, 245075, 246122, 247333, 248296, 248690, 248695, 248752, 248782, 248809, 251506, 251865, 251956, 251999, 252177, 252381, 252404, 252508, 253022, 253359, 254603, 256638, 256726, 257133, 258454, 258664, 258747, 259503, 259522, 259928, 259961, 264149, 267398, 267972, 268734, 269483, 269641, 270050, 270999, 271296, 271629, 272092, 272374, 272477, 272772, 273193, 273987, 274438, 275831, 275974, 275981, 275992, 276024, 276153, 276186, 276214, 276286, 276342, 276615, 278478, 278574, 280185, 280300, 280336, 280343, 280422, 280654, 280726, 280837, 282061, 282602, 282617, 282651, 282726, 283848, 285817, 285862, 286035, 286190, 286212, 286381, 288096, 288883, 288945, 290659, 291168, 291819, 291853, 292199, 292208, 292227, 292386, 292588, 292603, 292626, 292967, 293198, 293639, 293664, 294198, 294210, 295567, 295599, 295613, 295617, 296139, 296545, 296549, 296642, 296885, 303237, 307232, 307699, 307996, 308598, 310776, 311901, 311904, 312020, 313945, 313947, 313997, 313999, 314624, 315666, 316280, 316284, 317511, 318168, 321265, 321934, 321937, 324068, 325746, 327183, 329036, 329235, 331880, 331922, 334229, 336016, 337137, 338730, 338897, 338926, 339062, 339241, 339312, 339438, 339607, 339778, 339865, 339964, 340222, 340228, 340282, 340303, 340337, 340445, 340454, 344822, 348917, 353574, 353818, 354304, 354315, 356698, 359552, 359563, 366569, 366701, 367685, 371639, 372469, 373898, 382745, 389373, 390785, 390804, 390808, 393629, 394190, 399133, 399364, 399374, 400120, 402626, 402630, 404523, 404855, 407207, 407211, 408298, 408730, 411645, 412108, 412192, 412393, 412397, 414652, 414924, 415165, 417162, 417719, 418862, 418900, 419298, 424123, 424293, 424296, 426322, 428819, 429150, 431552, 431576, 431694, 432084, 432828, 432932, 432956, 433393, 433521, 436675, 440066, 440215, 441691, 441696, 443783, 444699, 444703, 444912, 445348, 445352, 451930, 451934, 452533, 452537, 454946, 454950, 455735, 455823, 455839, 455913, 455930, 455989, 457333, 457337, 457341, 457619, 457627, 458967, 459406, 459823, 459827, 459832, 459837, 460026, 460808, 460868, 460906, 461084, 464739, 465562, 466687, 466807, 468135, 469101, 470043, 470067, 470426, 470954, 472412, 474216, 474369, 474378, 474965, 474968, 475198, 475275, 481942, 484762, 486974, 488996, 489571, 489575, 490797, 490808, 495153, 496795, 500913, 506143, 511947, 520040, 528020, 528570, 529542, 529575, 529677, 529842, 532020, 539577, 548074, 554092, 561973, 565314, 566844, 568915, 572231, 573297, 579717, 579909, 581166, 584334, 584344, 584894, 584969, 585142, 586108, 587883, 587905, 588127, 588279, 588685, 589132, 589174, 589754, 589793, 589802, 590749, 591607, 591614, 591636, 592156, 592586, 592602, 597710, 597724, 599193, 600099, 600358, 601380, 601386, 601724, 601916, 602107, 602164, 602449, 603298, 603420, 603975, 604618, 605657, 605745, 605772, 605799, 605820, 605858, 606004, 606095, 606100, 606520, 606599, 606654, 606723, 606816, 606977, 607076, 607728, 608335, 609318, 609638, 609865, 610108, 610182, 610881, 612888, 613665, 613792, 615005, 615324, 615451, 615464, 615468, 615745, 616511, 616647, 616685, 617200, 617228, 618035, 619596, 620050, 620080, 620151, 620652, 623718, 624990, 625024, 625255, 625285, 625990, 626413, 626419, 626644, 626938, 627752, 628038, 628083, 629949, 632134, 638570, 639926, 639953, 640383, 640846]
