10,1,[622074]
11,1,[17658]
14,30,[26434, 33641, 36007, 51194, 60795, 62386, 63776, 69218, 75473, 77298, 77475, 78185, 83033, 92919, 95089, 99236, 106308, 109253, 114491, 116114, 123039, 153669, 157758, 163333, 167418, 172435, 176245, 185757, 186651, 189862]
15,1,[67926]
22,5,[20865, 125944, 125962, 125968, 126028]
25,25,[25634, 32462, 34642, 51514, 58363, 61262, 66009, 71882, 73877, 79291, 88995, 91103, 95128, 101976, 104701, 111183, 117925, 147178, 151068, 154262, 156540, 160529, 165592, 169144, 178999]
30,1,[621822]
10,1,[622074]
11,1,[17658]
14,30,[26434, 33641, 36007, 51194, 60795, 62386, 63776, 69218, 75473, 77298, 77475, 78185, 83033, 92919, 95089, 99236, 106308, 109253, 114491, 116114, 123039, 153669, 157758, 163333, 167418, 172435, 176245, 185757, 186651, 189862]
15,1,[67926]
22,5,[20865, 125944, 125962, 125968, 126028]
25,25,[25634, 32462, 34642, 51514, 58363, 61262, 66009, 71882, 73877, 79291, 88995, 91103, 95128, 101976, 104701, 111183, 117925, 147178, 151068, 154262, 156540, 160529, 165592, 169144, 178999]
30,1,[621822]
