10,13,[73511, 203420, 301397, 324450, 387913, 420682, 432869, 433093, 436499, 440946, 441233, 468918, 536431]
15,2,[65414, 87143]
17,7,[2373, 4244, 6658, 14316, 14824, 130944, 151374]
18,10,[8077, 21686, 46092, 64008, 65911, 70147, 79469, 96689, 98831, 122284]
20,2,[12517, 37654]
21,1,[23698]
22,4,[7747, 22292, 112307, 112728]
26,1,[13104]
27,1,[58293]
30,13,[73408, 203278, 301239, 324291, 387750, 420516, 432699, 432923, 436329, 440776, 441063, 468747, 536256]
10,13,[73511, 203420, 301397, 324450, 387913, 420682, 432869, 433093, 436499, 440946, 441233, 468918, 536431]
15,2,[65414, 87143]
17,7,[2373, 4244, 6658, 14316, 14824, 130944, 151374]
18,10,[8077, 21686, 46092, 64008, 65911, 70147, 79469, 96689, 98831, 122284]
20,2,[12517, 37654]
21,1,[23698]
22,4,[7747, 22292, 112307, 112728]
26,1,[13104]
27,1,[58293]
30,13,[73408, 203278, 301239, 324291, 387750, 420516, 432699, 432923, 436329, 440776, 441063, 468747, 536256]
