10,10,[279131, 514670, 527276, 532837, 544016, 562120, 582108, 615062, 627762, 631047]
11,1,[18309]
17,1,[68937]
18,4,[108289, 110473, 128789, 144474]
20,1,[49576]
21,2,[2774, 31942]
22,8,[109812, 131384, 153074, 153075, 153265, 155230, 157440, 157603]
23,1,[8048]
26,1,[50623]
30,10,[278976, 514501, 527104, 532662, 543841, 561942, 581928, 614828, 627502, 630776]
10,10,[279131, 514670, 527276, 532837, 544016, 562120, 582108, 615062, 627762, 631047]
11,1,[18309]
17,1,[68937]
18,4,[108289, 110473, 128789, 144474]
20,1,[49576]
21,2,[2774, 31942]
22,8,[109812, 131384, 153074, 153075, 153265, 155230, 157440, 157603]
23,1,[8048]
26,1,[50623]
30,10,[278976, 514501, 527104, 532662, 543841, 561942, 581928, 614828, 627502, 630776]
