10,1,[400786]
11,1,[3606]
15,5,[11665, 66544, 72649, 87831, 147036]
16,2,[23984, 26831]
18,6,[9649, 11500, 32518, 42735, 57933, 99999]
21,10,[2551, 13278, 14843, 21571, 22119, 25281, 26445, 31143, 31808, 31863]
22,2,[88147, 106854]
23,5,[10393, 26622, 28201, 28359, 28482]
26,2,[21885, 59429]
27,4,[4141, 4758, 9853, 25091]
30,1,[400620]
10,1,[400786]
11,1,[3606]
15,5,[11665, 66544, 72649, 87831, 147036]
16,2,[23984, 26831]
18,6,[9649, 11500, 32518, 42735, 57933, 99999]
21,10,[2551, 13278, 14843, 21571, 22119, 25281, 26445, 31143, 31808, 31863]
22,2,[88147, 106854]
23,5,[10393, 26622, 28201, 28359, 28482]
26,2,[21885, 59429]
27,4,[4141, 4758, 9853, 25091]
30,1,[400620]
