10,17,[119074, 127739, 317268, 322116, 345785, 377146, 390437, 391163, 394296, 401364, 406827, 471220, 473365, 597815, 598998, 599320, 599324]
17,6,[81273, 93617, 122141, 122607, 159599, 159618]
18,10,[1805, 17591, 43786, 46915, 47003, 56827, 140776, 143510, 148507, 148940]
20,4,[23792, 37400, 41786, 65700]
22,13,[61406, 62446, 66611, 75213, 75277, 76301, 119074, 120269, 125459, 144951, 149247, 155308, 158397]
23,3,[10882, 22657, 22666]
26,4,[24556, 38316, 42720, 67114]
30,17,[118963, 127628, 317109, 321957, 345626, 376983, 390274, 391000, 394130, 401198, 406661, 471049, 473195, 597624, 598807, 599123, 599127]
10,17,[119074, 127739, 317268, 322116, 345785, 377146, 390437, 391163, 394296, 401364, 406827, 471220, 473365, 597815, 598998, 599320, 599324]
17,6,[81273, 93617, 122141, 122607, 159599, 159618]
18,10,[1805, 17591, 43786, 46915, 47003, 56827, 140776, 143510, 148507, 148940]
20,4,[23792, 37400, 41786, 65700]
22,13,[61406, 62446, 66611, 75213, 75277, 76301, 119074, 120269, 125459, 144951, 149247, 155308, 158397]
23,3,[10882, 22657, 22666]
26,4,[24556, 38316, 42720, 67114]
30,17,[118963, 127628, 317109, 321957, 345626, 376983, 390274, 391000, 394130, 401198, 406661, 471049, 473195, 597624, 598807, 599123, 599127]
