10,11,[228157, 228219, 302973, 310984, 317003, 322856, 331037, 331170, 530114, 548123, 581655]
15,2,[62973, 62997]
18,10,[7599, 16045, 55341, 55354, 76753, 77743, 84012, 89125, 93705, 102728]
21,5,[2870, 4511, 13236, 23994, 24806]
22,12,[66985, 74136, 74280, 143947, 144024, 144027, 144030, 144253, 144259, 144261, 144510, 144651]
23,2,[14548, 24025]
27,5,[215, 5553, 44794, 46087, 56001]
30,11,[228007, 228069, 302815, 310826, 316844, 322697, 330878, 331011, 529939, 547948, 581475]
10,11,[228157, 228219, 302973, 310984, 317003, 322856, 331037, 331170, 530114, 548123, 581655]
15,2,[62973, 62997]
18,10,[7599, 16045, 55341, 55354, 76753, 77743, 84012, 89125, 93705, 102728]
21,5,[2870, 4511, 13236, 23994, 24806]
22,12,[66985, 74136, 74280, 143947, 144024, 144027, 144030, 144253, 144259, 144261, 144510, 144651]
23,2,[14548, 24025]
27,5,[215, 5553, 44794, 46087, 56001]
30,11,[228007, 228069, 302815, 310826, 316844, 322697, 330878, 331011, 529939, 547948, 581475]
