10,1,[365013]
12,1,[20423]
14,5,[816, 197889, 197919, 197975, 198052]
15,3,[1044, 12789, 140273]
17,1,[32059]
18,1,[54315]
22,5,[24669, 24670, 45153, 121340, 138233]
24,3,[3153, 3171, 10399]
25,5,[998, 200226, 200256, 200312, 200389]
27,5,[5404, 37434, 37533, 89875, 91052]
30,1,[364850]
10,1,[365013]
12,1,[20423]
14,5,[816, 197889, 197919, 197975, 198052]
15,3,[1044, 12789, 140273]
17,1,[32059]
18,1,[54315]
22,5,[24669, 24670, 45153, 121340, 138233]
24,3,[3153, 3171, 10399]
25,5,[998, 200226, 200256, 200312, 200389]
27,5,[5404, 37434, 37533, 89875, 91052]
30,1,[364850]
