14,8,[14840, 37856, 51947, 55169, 64322, 64384, 99020, 100060]
17,1,[43184]
18,8,[6892, 10787, 35472, 108689, 112368, 120549, 131307, 141137]
22,8,[23246, 84948, 85157, 90684, 100933, 116747, 118697, 136338]
25,7,[14799, 36445, 49823, 52971, 95945, 132248, 143156]
27,2,[14024, 100053]
14,8,[14840, 37856, 51947, 55169, 64322, 64384, 99020, 100060]
17,1,[43184]
18,8,[6892, 10787, 35472, 108689, 112368, 120549, 131307, 141137]
22,8,[23246, 84948, 85157, 90684, 100933, 116747, 118697, 136338]
25,7,[14799, 36445, 49823, 52971, 95945, 132248, 143156]
27,2,[14024, 100053]
