8,3,[26, 44, 151]
9,3,[3, 20, 1265]
14,146,[5282, 6867, 9612, 10970, 13151, 14169, 14985, 15708, 16829, 17641, 18675, 19531, 20334, 21049, 22620, 23533, 24663, 26351, 27311, 28345, 29132, 30009, 31734, 32612, 33552, 35038, 35903, 36888, 38017, 40138, 40925, 40928, 41836, 43561, 45619, 46637, 47667, 48507, 50133, 51122, 52226, 53526, 54356, 55343, 57588, 58572, 59774, 62281, 63076, 64537, 65614, 66547, 68290, 69852, 72203, 73485, 74341, 76178, 77195, 78090, 79390, 80355, 82935, 85143, 87604, 88776, 89770, 91802, 93869, 94898, 97558, 98399, 99147, 100486, 101439, 101442, 102266, 104702, 106258, 107105, 107107, 108286, 110010, 110719, 112026, 112028, 112792, 113511, 113514, 116000, 116920, 116923, 117712, 119738, 120539, 123913, 124893, 126447, 127482, 128458, 129345, 132085, 132947, 132950, 133738, 135115, 136419, 137317, 138329, 139460, 140661, 142316, 143457, 145044, 146598, 147472, 151372, 152885, 153849, 154650, 156118, 156922, 157706, 160505, 162015, 163258, 164167, 165070, 166294, 169247, 170282, 171320, 172328, 174241, 176165, 178130, 179026, 180219, 182649, 184039, 184751, 190510, 190513, 193456, 194261, 194997]
15,4,[1977, 9783, 73290, 73306]
16,4,[5427, 5440, 18128, 32871]
17,1,[87425]
18,15,[2096, 4991, 25329, 25923, 58472, 59238, 68014, 77614, 79978, 80773, 81200, 97137, 104149, 105327, 149041]
19,1,[14003]
20,2,[28121, 45287]
22,12,[12305, 25639, 79500, 79603, 83311, 83329, 104527, 119408, 119463, 119471, 119479, 146418]
23,1,[471]
24,1,[16770]
25,149,[5654, 7099, 9859, 11142, 13196, 14134, 14935, 15619, 16638, 17360, 18315, 19106, 20004, 20652, 22139, 22957, 23994, 25549, 26440, 27456, 28201, 29061, 30649, 31484, 32377, 33738, 34557, 35519, 36640, 38622, 39339, 39342, 40219, 41799, 42589, 43813, 44817, 45810, 46608, 48149, 49088, 50088, 51416, 52185, 53090, 55231, 56177, 57426, 59870, 60616, 62244, 63550, 65127, 66652, 68819, 69965, 70778, 72626, 73592, 74563, 75812, 76703, 79196, 81490, 83908, 85114, 86075, 87955, 89927, 90922, 93471, 94299, 95042, 96432, 97306, 97309, 98152, 100508, 101929, 102703, 102705, 103812, 105594, 106246, 107418, 107420, 108116, 108773, 108776, 111070, 111938, 111941, 112658, 114678, 115488, 116305, 116319, 118741, 119685, 121165, 122136, 123012, 123854, 126393, 127280, 127283, 128024, 129415, 130611, 131516, 132439, 133622, 134813, 136367, 137525, 139025, 140529, 141441, 145074, 146502, 147349, 148090, 149490, 150234, 151014, 153662, 155289, 156469, 157354, 158250, 159370, 162312, 163337, 164515, 165501, 167254, 169065, 170822, 171672, 172841, 175211, 176521, 177203, 181449, 183010, 184263, 185339, 186127, 186812]
26,1,[28955]
27,3,[27467, 29696, 52630]
8,3,[26, 44, 151]
9,3,[3, 20, 1265]
14,146,[5282, 6867, 9612, 10970, 13151, 14169, 14985, 15708, 16829, 17641, 18675, 19531, 20334, 21049, 22620, 23533, 24663, 26351, 27311, 28345, 29132, 30009, 31734, 32612, 33552, 35038, 35903, 36888, 38017, 40138, 40925, 40928, 41836, 43561, 45619, 46637, 47667, 48507, 50133, 51122, 52226, 53526, 54356, 55343, 57588, 58572, 59774, 62281, 63076, 64537, 65614, 66547, 68290, 69852, 72203, 73485, 74341, 76178, 77195, 78090, 79390, 80355, 82935, 85143, 87604, 88776, 89770, 91802, 93869, 94898, 97558, 98399, 99147, 100486, 101439, 101442, 102266, 104702, 106258, 107105, 107107, 108286, 110010, 110719, 112026, 112028, 112792, 113511, 113514, 116000, 116920, 116923, 117712, 119738, 120539, 123913, 124893, 126447, 127482, 128458, 129345, 132085, 132947, 132950, 133738, 135115, 136419, 137317, 138329, 139460, 140661, 142316, 143457, 145044, 146598, 147472, 151372, 152885, 153849, 154650, 156118, 156922, 157706, 160505, 162015, 163258, 164167, 165070, 166294, 169247, 170282, 171320, 172328, 174241, 176165, 178130, 179026, 180219, 182649, 184039, 184751, 190510, 190513, 193456, 194261, 194997]
15,4,[1977, 9783, 73290, 73306]
16,4,[5427, 5440, 18128, 32871]
17,1,[87425]
18,15,[2096, 4991, 25329, 25923, 58472, 59238, 68014, 77614, 79978, 80773, 81200, 97137, 104149, 105327, 149041]
19,1,[14003]
20,2,[28121, 45287]
22,12,[12305, 25639, 79500, 79603, 83311, 83329, 104527, 119408, 119463, 119471, 119479, 146418]
23,1,[471]
24,1,[16770]
25,149,[5654, 7099, 9859, 11142, 13196, 14134, 14935, 15619, 16638, 17360, 18315, 19106, 20004, 20652, 22139, 22957, 23994, 25549, 26440, 27456, 28201, 29061, 30649, 31484, 32377, 33738, 34557, 35519, 36640, 38622, 39339, 39342, 40219, 41799, 42589, 43813, 44817, 45810, 46608, 48149, 49088, 50088, 51416, 52185, 53090, 55231, 56177, 57426, 59870, 60616, 62244, 63550, 65127, 66652, 68819, 69965, 70778, 72626, 73592, 74563, 75812, 76703, 79196, 81490, 83908, 85114, 86075, 87955, 89927, 90922, 93471, 94299, 95042, 96432, 97306, 97309, 98152, 100508, 101929, 102703, 102705, 103812, 105594, 106246, 107418, 107420, 108116, 108773, 108776, 111070, 111938, 111941, 112658, 114678, 115488, 116305, 116319, 118741, 119685, 121165, 122136, 123012, 123854, 126393, 127280, 127283, 128024, 129415, 130611, 131516, 132439, 133622, 134813, 136367, 137525, 139025, 140529, 141441, 145074, 146502, 147349, 148090, 149490, 150234, 151014, 153662, 155289, 156469, 157354, 158250, 159370, 162312, 163337, 164515, 165501, 167254, 169065, 170822, 171672, 172841, 175211, 176521, 177203, 181449, 183010, 184263, 185339, 186127, 186812]
26,1,[28955]
27,3,[27467, 29696, 52630]
