14,12,[3131, 20111, 22685, 47702, 55371, 86049, 96376, 128267, 136036, 142494, 176882, 197630]
15,2,[43625, 48581]
16,2,[17722, 35547]
17,1,[208256]
18,20,[10209, 28572, 32407, 35666, 41151, 45430, 52705, 55800, 60846, 62825, 81205, 90751, 101941, 120457, 131680, 137034, 139850, 142985, 145272, 146460]
20,1,[24101]
21,1,[34332]
22,1,[160211]
23,7,[11646, 14897, 20210, 20268, 25802, 27079, 27274]
25,16,[3535, 9341, 19630, 22201, 26128, 29007, 45844, 53117, 81263, 82407, 92300, 122821, 130252, 136537, 169726, 195585]
26,1,[24864]
27,2,[24445, 101829]
28,2,[589, 1133]
14,12,[3131, 20111, 22685, 47702, 55371, 86049, 96376, 128267, 136036, 142494, 176882, 197630]
15,2,[43625, 48581]
16,2,[17722, 35547]
17,1,[208256]
18,20,[10209, 28572, 32407, 35666, 41151, 45430, 52705, 55800, 60846, 62825, 81205, 90751, 101941, 120457, 131680, 137034, 139850, 142985, 145272, 146460]
20,1,[24101]
21,1,[34332]
22,1,[160211]
23,7,[11646, 14897, 20210, 20268, 25802, 27079, 27274]
25,16,[3535, 9341, 19630, 22201, 26128, 29007, 45844, 53117, 81263, 82407, 92300, 122821, 130252, 136537, 169726, 195585]
26,1,[24864]
27,2,[24445, 101829]
28,2,[589, 1133]
