10,2,[124019, 578036]
15,5,[9516, 24980, 64503, 105904, 111429]
16,14,[1693, 7363, 8876, 9597, 9627, 10888, 16756, 16995, 17005, 17162, 17176, 20461, 21269, 36913]
19,3,[12992, 13898, 14092]
20,3,[7819, 8431, 52508]
22,9,[20123, 21012, 61697, 84919, 89842, 98515, 100269, 100286, 100359]
26,3,[8341, 8961, 53608]
30,2,[123908, 577856]
10,2,[124019, 578036]
15,5,[9516, 24980, 64503, 105904, 111429]
16,14,[1693, 7363, 8876, 9597, 9627, 10888, 16756, 16995, 17005, 17162, 17176, 20461, 21269, 36913]
19,3,[12992, 13898, 14092]
20,3,[7819, 8431, 52508]
22,9,[20123, 21012, 61697, 84919, 89842, 98515, 100269, 100286, 100359]
26,3,[8341, 8961, 53608]
30,2,[123908, 577856]
