10,10,[184962, 263322, 312724, 318187, 332796, 351146, 353688, 359163, 375920, 623037]
21,1,[14668]
22,9,[89244, 89274, 113522, 114160, 114161, 129259, 129732, 129795, 130338]
27,1,[13355]
30,10,[184830, 263166, 312565, 318028, 332637, 350987, 353529, 359003, 375757, 622785]
10,10,[184962, 263322, 312724, 318187, 332796, 351146, 353688, 359163, 375920, 623037]
21,1,[14668]
22,9,[89244, 89274, 113522, 114160, 114161, 129259, 129732, 129795, 130338]
27,1,[13355]
30,10,[184830, 263166, 312565, 318028, 332637, 350987, 353529, 359003, 375757, 622785]
