10,51,[11481, 22695, 32330, 44320, 44369, 46428, 53159, 85771, 179625, 220225, 221954, 278986, 291254, 297763, 308445, 308729, 309996, 310054, 312637, 319285, 324609, 342778, 342840, 356559, 372482, 389456, 392572, 406315, 410666, 411278, 421600, 426090, 483587, 513702, 514973, 518298, 523631, 526533, 527516, 542368, 542766, 543367, 547053, 548133, 565668, 606567, 621975, 627308, 638942, 639096, 639153]
14,4,[48264, 48279, 54930, 107988]
15,5,[95481, 119983, 122663, 130505, 137625]
17,1,[99862]
19,5,[759, 12574, 14946, 14950, 17290]
22,3,[27432, 27433, 71398]
25,4,[46376, 46391, 52740, 103536]
27,3,[3717, 70658, 104533]
28,1,[8964]
30,51,[11387, 22601, 32232, 44222, 44271, 46330, 53060, 85664, 179502, 220075, 221804, 278831, 291098, 297605, 308287, 308571, 309838, 309896, 312478, 319126, 324450, 342619, 342681, 356400, 372319, 389293, 392409, 406149, 410500, 411112, 421434, 425924, 483422, 513533, 514804, 518126, 523459, 526361, 527344, 542193, 542591, 543192, 546878, 547958, 565488, 606360, 621723, 627048, 638667, 638821, 638878]
10,51,[11481, 22695, 32330, 44320, 44369, 46428, 53159, 85771, 179625, 220225, 221954, 278986, 291254, 297763, 308445, 308729, 309996, 310054, 312637, 319285, 324609, 342778, 342840, 356559, 372482, 389456, 392572, 406315, 410666, 411278, 421600, 426090, 483587, 513702, 514973, 518298, 523631, 526533, 527516, 542368, 542766, 543367, 547053, 548133, 565668, 606567, 621975, 627308, 638942, 639096, 639153]
14,4,[48264, 48279, 54930, 107988]
15,5,[95481, 119983, 122663, 130505, 137625]
17,1,[99862]
19,5,[759, 12574, 14946, 14950, 17290]
22,3,[27432, 27433, 71398]
25,4,[46376, 46391, 52740, 103536]
27,3,[3717, 70658, 104533]
28,1,[8964]
30,51,[11387, 22601, 32232, 44222, 44271, 46330, 53060, 85664, 179502, 220075, 221804, 278831, 291098, 297605, 308287, 308571, 309838, 309896, 312478, 319126, 324450, 342619, 342681, 356400, 372319, 389293, 392409, 406149, 410500, 411112, 421434, 425924, 483422, 513533, 514804, 518126, 523459, 526361, 527344, 542193, 542591, 543192, 546878, 547958, 565488, 606360, 621723, 627048, 638667, 638821, 638878]
