10,13,[317912, 341681, 568419, 578680, 600831, 610312, 612045, 615687, 616423, 616620, 621603, 621612, 627062]
15,1,[48766]
17,78,[742, 813, 11850, 11855, 13504, 13961, 14402, 14898, 16806, 16919, 20892, 22024, 22048, 23181, 23242, 24635, 24773, 24830, 46170, 55910, 61775, 62092, 62820, 64981, 65300, 72180, 72218, 72458, 75001, 75074, 75147, 75618, 77115, 84129, 84618, 84670, 87596, 87858, 96691, 98585, 98808, 99495, 103604, 105998, 108065, 109396, 109530, 111118, 115009, 115080, 115221, 115477, 116901, 116922, 117369, 118483, 118511, 118523, 119187, 119226, 119864, 121869, 138482, 138561, 140751, 141043, 145484, 146051, 146817, 146829, 148783, 148938, 149219, 162189, 165733, 168572, 172122, 195024]
22,1,[129781]
30,13,[317753, 341522, 568239, 578500, 600634, 610095, 611822, 615448, 616184, 616381, 621351, 621360, 626805]
10,13,[317912, 341681, 568419, 578680, 600831, 610312, 612045, 615687, 616423, 616620, 621603, 621612, 627062]
15,1,[48766]
17,78,[742, 813, 11850, 11855, 13504, 13961, 14402, 14898, 16806, 16919, 20892, 22024, 22048, 23181, 23242, 24635, 24773, 24830, 46170, 55910, 61775, 62092, 62820, 64981, 65300, 72180, 72218, 72458, 75001, 75074, 75147, 75618, 77115, 84129, 84618, 84670, 87596, 87858, 96691, 98585, 98808, 99495, 103604, 105998, 108065, 109396, 109530, 111118, 115009, 115080, 115221, 115477, 116901, 116922, 117369, 118483, 118511, 118523, 119187, 119226, 119864, 121869, 138482, 138561, 140751, 141043, 145484, 146051, 146817, 146829, 148783, 148938, 149219, 162189, 165733, 168572, 172122, 195024]
22,1,[129781]
30,13,[317753, 341522, 568239, 578500, 600634, 610095, 611822, 615448, 616184, 616381, 621351, 621360, 626805]
