10,13,[17657, 38201, 114445, 166658, 302579, 352196, 353950, 355456, 355676, 435502, 559447, 603872, 604747]
11,2,[186, 20500]
12,13,[2170, 3142, 4481, 7813, 7858, 9294, 11770, 16343, 18797, 19917, 22424, 22520, 23042]
15,25,[5998, 6620, 11145, 11418, 11857, 35573, 57166, 62769, 95135, 95525, 97489, 100202, 102576, 118632, 119779, 122105, 122115, 125582, 126581, 134102, 134988, 144258, 149687, 161948, 170896]
16,6,[2890, 6005, 19863, 19916, 25165, 33043]
17,2,[33863, 95191]
18,13,[37596, 39596, 40837, 55418, 63729, 104223, 104846, 107263, 113599, 123681, 125719, 139425, 144744]
21,21,[3065, 3913, 5920, 6870, 7889, 9752, 11659, 14480, 15177, 16140, 16483, 17227, 20994, 22122, 22735, 24129, 25524, 26854, 27337, 27892, 31440]
22,1,[15401]
23,4,[7442, 16789, 19368, 19546]
27,10,[52551, 60839, 65550, 70816, 70959, 76771, 78285, 81626, 82976, 86201]
28,6,[5146, 5959, 7205, 7900, 11413, 11711]
30,13,[17563, 38103, 114334, 166535, 302421, 352037, 353791, 355297, 355517, 435332, 559269, 603670, 604545]
10,13,[17657, 38201, 114445, 166658, 302579, 352196, 353950, 355456, 355676, 435502, 559447, 603872, 604747]
11,2,[186, 20500]
12,13,[2170, 3142, 4481, 7813, 7858, 9294, 11770, 16343, 18797, 19917, 22424, 22520, 23042]
15,25,[5998, 6620, 11145, 11418, 11857, 35573, 57166, 62769, 95135, 95525, 97489, 100202, 102576, 118632, 119779, 122105, 122115, 125582, 126581, 134102, 134988, 144258, 149687, 161948, 170896]
16,6,[2890, 6005, 19863, 19916, 25165, 33043]
17,2,[33863, 95191]
18,13,[37596, 39596, 40837, 55418, 63729, 104223, 104846, 107263, 113599, 123681, 125719, 139425, 144744]
21,21,[3065, 3913, 5920, 6870, 7889, 9752, 11659, 14480, 15177, 16140, 16483, 17227, 20994, 22122, 22735, 24129, 25524, 26854, 27337, 27892, 31440]
22,1,[15401]
23,4,[7442, 16789, 19368, 19546]
27,10,[52551, 60839, 65550, 70816, 70959, 76771, 78285, 81626, 82976, 86201]
28,6,[5146, 5959, 7205, 7900, 11413, 11711]
30,13,[17563, 38103, 114334, 166535, 302421, 352037, 353791, 355297, 355517, 435332, 559269, 603670, 604545]
