6,2,[155, 741]
8,1,[336]
9,2,[946, 1091]
10,1667,[2274, 7227, 7621, 8075, 8082, 10449, 11018, 11040, 17326, 19819, 21011, 22705, 23983, 24306, 24310, 24316, 25436, 26292, 26609, 27062, 27207, 27801, 31726, 32004, 33742, 35514, 36107, 36975, 37912, 37918, 38340, 38351, 38711, 40204, 40278, 40805, 40860, 41093, 41453, 41608, 41753, 41761, 41792, 41801, 41803, 42475, 43664, 43767, 44258, 46316, 46396, 47306, 47543, 47939, 48305, 49410, 52351, 52380, 52433, 52947, 56099, 57486, 58390, 59848, 59862, 60163, 60185, 60376, 60511, 61288, 61303, 70530, 71535, 71571, 72007, 72059, 72063, 72105, 76623, 77129, 82119, 82156, 82246, 82270, 82665, 85017, 85028, 86293, 86551, 87254, 87700, 87744, 87902, 87912, 88563, 88653, 88656, 88796, 89209, 89220, 89260, 89377, 89405, 90477, 90480, 90680, 90688, 90869, 91254, 91354, 91357, 91374, 91377, 91656, 91778, 93314, 93317, 93698, 93742, 93820, 93949, 94035, 94038, 94093, 94097, 94407, 94417, 94482, 94620, 94808, 95180, 95271, 95501, 96110, 96116, 96455, 96836, 96856, 97322, 97325, 97333, 98409, 98610, 100506, 100723, 100790, 100998, 101999, 102213, 104523, 104987, 105537, 105842, 105899, 105919, 106298, 106347, 106674, 106815, 107473, 108122, 108631, 109088, 109787, 110120, 111177, 111440, 111665, 111754, 111851, 111869, 112902, 113243, 115527, 115541, 117873, 117966, 117993, 117997, 118042, 118111, 118172, 118201, 118362, 118405, 118564, 118578, 118589, 118638, 118884, 119560, 119629, 119899, 120073, 120166, 120922, 122767, 122777, 123232, 123769, 123797, 124565, 124851, 125058, 125614, 126125, 126212, 126279, 126407, 126428, 126460, 127478, 127519, 127797, 128244, 128350, 128938, 130046, 131046, 131954, 132269, 132476, 132767, 132790, 132827, 133057, 133077, 133285, 133594, 133601, 133696, 134102, 134476, 134514, 134868, 134995, 135120, 135177, 135180, 135250, 135253, 135298, 135355, 135609, 135653, 135986, 139684, 139703, 140514, 142096, 142125, 142221, 142243, 142284, 142324, 142329, 142403, 142595, 142697, 142764, 143265, 143529, 143570, 143874, 144161, 144166, 144196, 144242, 144312, 144337, 144353, 144378, 144632, 145268, 145309, 145473, 145703, 145778, 145812, 146876, 147135, 147268, 147326, 147529, 147572, 147577, 148311, 148355, 148510, 148622, 149245, 149297, 150583, 150930, 150975, 151001, 151217, 151261, 151416, 151459, 151708, 151762, 151765, 151768, 151788, 151956, 152052, 152063, 152133, 152156, 152230, 152449, 152561, 152566, 152605, 152612, 152727, 152989, 153042, 153061, 154015, 154048, 154701, 154830, 155131, 156458, 157099, 157366, 158069, 158157, 158205, 158281, 158377, 158397, 158406, 158416, 158486, 158495, 158503, 158514, 158613, 158645, 158656, 158666, 158764, 159020, 160065, 160240, 163031, 163041, 163625, 163837, 163856, 164682, 165572, 165600, 165675, 165756, 166692, 167778, 168235, 168294, 168425, 168495, 168548, 168580, 168591, 168594, 168777, 169552, 169559, 169936, 170268, 170318, 170642, 170648, 170651, 170656, 170659, 170664, 170763, 170942, 171209, 172196, 172347, 172599, 172783, 172898, 172954, 173497, 174032, 174365, 174368, 174374, 174416, 175550, 176473, 176502, 176597, 176620, 176898, 176945, 177072, 177541, 177709, 177728, 177826, 177870, 178518, 178522, 178611, 178666, 179022, 179517, 179554, 179786, 179920, 180230, 180235, 180241, 180679, 181228, 181944, 182105, 182149, 182785, 183918, 185538, 185742, 187052, 187805, 187820, 187840, 187907, 188010, 188637, 188710, 188898, 189063, 189115, 189468, 189487, 189505, 189530, 190714, 190890, 192770, 193566, 193947, 194116, 194145, 194163, 194564, 194637, 194662, 196302, 196445, 196449, 196716, 197026, 197755, 197893, 198114, 198379, 198646, 198651, 198735, 198738, 199129, 199131, 201210, 203705, 203714, 203853, 204521, 204539, 204900, 205412, 206474, 206534, 206588, 206841, 206887, 207027, 207037, 209478, 209490, 210378, 210451, 210504, 210775, 210866, 210888, 211599, 211604, 211940, 212340, 212801, 212912, 213096, 213267, 213402, 213405, 213464, 213521, 213544, 213618, 213777, 216353, 216638, 216898, 216923, 216971, 217004, 217018, 217091, 217792, 217873, 217876, 218088, 218381, 218608, 219018, 219092, 219502, 220797, 220828, 220832, 221188, 221382, 222688, 223384, 224264, 225445, 225473, 225696, 225834, 226052, 226704, 228478, 228668, 228896, 229710, 230160, 230368, 230505, 230639, 230793, 230997, 231037, 231103, 231407, 231508, 231569, 231652, 231655, 231730, 232571, 232620, 232711, 232824, 232928, 233045, 233052, 233591, 233612, 233875, 233918, 233931, 234079, 234083, 234214, 235413, 235433, 235820, 235949, 236001, 236005, 236716, 236973, 237043, 237054, 237295, 237301, 237322, 237491, 237503, 237754, 237783, 237787, 237792, 237854, 241189, 241357, 241492, 243751, 244604, 244705, 244750, 244978, 244982, 245254, 245464, 246161, 246218, 246834, 247038, 247056, 247161, 249330, 249755, 249770, 249790, 249947, 249956, 250265, 250335, 252469, 252498, 252698, 253159, 253230, 254053, 257360, 258564, 258627, 258683, 258943, 258991, 259131, 259857, 260955, 261450, 261479, 261522, 261545, 261905, 261911, 262066, 262328, 262395, 262413, 262598, 262604, 263021, 263042, 263087, 263098, 263648, 263733, 264038, 264240, 264952, 265233, 265477, 265558, 265573, 265805, 265811, 265900, 265947, 266086, 266097, 266110, 266299, 266452, 266851, 267094, 267156, 268495, 268548, 268606, 268667, 268686, 268725, 269043, 269186, 269542, 269672, 269702, 269706, 269860, 269929, 270263, 270655, 270708, 270729, 270749, 270913, 270968, 272292, 273506, 273529, 273707, 273903, 273908, 273922, 273981, 273985, 274992, 275011, 275798, 275802, 276589, 276596, 276612, 276617, 276903, 277068, 277163, 279101, 279132, 279179, 279492, 281224, 281801, 281831, 282719, 283618, 283630, 284297, 284568, 284739, 284806, 284881, 284923, 284960, 284981, 285004, 285015, 285054, 285073, 285289, 285303, 285692, 285838, 286500, 286759, 288541, 288986, 289001, 289106, 289129, 289158, 289302, 290673, 290809, 290824, 291073, 291106, 291436, 291784, 291921, 292101, 292809, 293908, 294395, 294411, 294627, 295155, 295355, 295548, 295887, 296591, 296623, 297570, 298850, 299404, 299473, 299756, 300335, 300345, 300478, 301289, 301605, 301714, 301797, 301941, 301952, 301957, 302134, 302184, 302226, 302461, 302676, 302877, 302880, 302944, 302960, 303028, 303039, 303548, 303899, 304446, 304790, 305316, 306329, 306439, 306799, 307002, 307064, 307077, 307241, 307437, 307467, 307786, 308115, 308117, 308221, 308283, 309423, 309427, 309878, 309966, 310854, 310857, 311254, 311258, 311411, 311467, 311785, 312130, 312757, 313204, 313394, 313427, 313700, 314363, 314489, 315035, 315065, 316179, 316188, 316349, 317034, 317107, 317869, 317968, 317972, 317992, 318200, 318279, 318292, 318372, 318562, 318594, 318756, 319360, 319975, 320007, 320008, 320042, 320308, 320501, 321862, 322023, 322122, 322568, 322623, 322839, 322920, 322951, 323046, 323081, 323548, 323569, 324089, 324551, 325834, 326392, 327032, 327108, 327281, 327616, 328430, 328452, 328496, 328502, 329328, 329492, 329895, 330064, 330069, 330103, 330784, 332302, 332518, 332835, 332842, 332889, 334006, 334009, 335365, 335917, 336101, 336362, 336973, 336977, 336990, 337233, 338914, 339034, 339510, 341035, 341046, 341469, 342679, 342794, 343080, 343104, 346081, 347944, 350097, 351070, 351621, 352006, 352735, 352741, 353600, 353776, 353956, 354287, 356344, 358231, 359172, 359638, 360206, 360213, 360334, 363146, 363800, 364239, 364245, 364305, 364319, 365336, 365345, 365486, 365829, 365834, 365933, 365937, 367044, 367270, 367397, 367401, 367593, 367603, 367612, 367818, 367954, 368876, 369118, 369192, 369477, 370830, 370839, 370845, 370849, 370853, 371187, 371401, 372490, 372550, 373294, 374007, 374930, 374938, 374946, 375042, 375048, 375101, 376359, 376365, 376434, 376671, 378065, 378169, 378278, 378286, 378792, 379075, 379116, 379129, 379273, 379277, 379406, 381056, 381091, 381767, 381985, 382585, 383883, 387597, 387632, 387642, 388331, 388335, 389412, 389427, 389585, 391034, 392712, 393030, 393038, 393047, 393109, 393113, 393117, 393121, 393126, 393135, 393142, 393336, 393811, 394303, 394621, 394928, 394986, 394999, 395007, 395016, 395608, 396102, 396115, 396158, 396592, 397909, 397987, 399647, 399663, 399700, 400033, 400047, 400161, 400560, 400981, 400994, 401376, 401592, 401637, 401941, 401948, 402246, 402256, 403319, 403382, 403387, 403547, 403694, 404154, 404471, 404682, 404725, 404730, 404752, 404917, 404992, 405010, 405196, 405759, 406439, 406454, 406468, 407221, 407225, 407230, 407343, 407354, 407701, 407738, 408144, 408202, 408226, 408230, 408266, 408429, 408436, 408457, 408461, 408936, 409412, 409416, 409642, 410464, 411545, 412046, 412698, 412796, 413404, 413420, 413938, 413941, 414098, 414101, 414109, 414112, 414577, 415037, 415155, 415158, 415161, 415322, 415991, 416202, 416241, 416445, 416447, 416450, 416473, 416476, 416701, 417185, 417386, 417891, 419603, 420062, 420193, 420584, 420824, 421000, 421003, 421005, 421264, 421476, 421674, 421831, 421834, 421841, 421874, 422301, 422674, 423133, 423240, 423289, 423297, 423523, 423529, 423618, 423754, 423757, 423802, 423925, 423962, 423977, 424074, 424091, 424095, 424268, 424273, 424275, 424345, 424375, 424442, 424450, 424475, 424478, 424505, 424807, 424890, 424898, 424942, 424945, 424954, 424978, 424982, 424993, 425048, 425189, 425229, 425269, 425506, 425574, 425578, 425588, 425598, 425635, 426006, 426356, 426383, 426516, 426545, 426549, 426553, 427707, 427768, 427844, 428058, 428457, 428699, 428704, 428719, 429138, 429278, 429289, 429295, 429299, 430057, 430514, 430549, 430821, 430828, 431132, 431139, 431250, 431649, 431653, 431657, 431662, 431667, 431691, 431700, 431812, 432272, 432582, 435038, 436186, 436322, 436554, 436568, 436652, 436941, 437059, 437468, 437491, 438394, 438478, 438597, 439389, 439547, 440576, 440914, 440948, 441037, 441207, 441235, 441380, 441658, 441901, 442004, 442018, 442059, 442299, 442454, 442672, 442761, 443866, 443877, 443919, 443933, 443960, 444604, 445189, 445194, 445216, 445222, 445230, 445317, 445454, 445633, 445660, 445669, 445789, 445794, 445800, 445807, 446801, 447093, 447434, 447438, 447447, 447639, 447645, 447648, 447660, 447859, 447862, 448078, 448104, 448152, 448420, 448655, 450995, 451121, 451320, 451903, 451908, 451920, 451928, 452114, 452145, 452164, 452170, 452247, 452355, 452361, 453889, 453902, 453912, 454041, 454275, 454290, 454331, 454344, 454437, 454450, 454456, 454515, 454525, 455097, 455174, 455633, 455734, 455867, 456941, 456986, 457265, 457294, 457306, 457317, 457397, 457466, 457472, 458811, 459478, 459541, 460282, 461242, 461615, 461674, 461781, 461798, 461875, 461890, 461901, 464423, 464740, 465926, 465970, 466490, 466737, 466770, 466775, 468002, 468093, 468376, 468519, 468821, 469066, 469082, 469095, 469151, 469160, 469162, 470198, 470362, 470538, 470594, 470835, 470850, 470881, 470944, 470979, 470989, 471039, 471143, 471258, 472843, 473218, 473506, 473811, 473821, 473847, 473859, 473898, 473910, 473970, 474711, 474729, 475642, 477494, 477732, 478293, 478297, 478959, 479124, 479132, 479770, 479972, 479992, 480110, 480117, 480964, 481094, 481152, 481506, 481817, 482590, 482958, 482983, 483336, 483607, 483816, 483902, 484022, 484302, 484730, 484736, 484765, 484789, 485230, 485270, 485471, 485665, 485787, 486640, 486645, 486753, 487105, 487111, 487117, 487763, 487768, 487789, 487937, 488021, 488078, 488125, 488453, 489901, 491710, 492053, 492200, 492672, 492855, 493572, 493575, 493604, 493724, 493771, 494063, 494066, 494175, 494218, 494474, 494534, 494600, 494837, 495338, 495449, 495493, 495672, 495676, 495680, 495684, 495876, 495886, 497520, 498003, 498267, 501246, 501520, 501576, 501812, 501818, 501825, 502725, 502898, 502907, 502918, 502984, 503008, 503021, 503031, 506111, 507146, 507277, 508335, 508598, 508797, 510560, 511184, 511188, 513638, 513732, 513786, 514042, 514257, 515075, 517019, 517299, 517308, 517317, 517373, 519232, 519378, 522215, 522571, 523428, 523882, 524248, 524842, 524979, 525057, 525061, 525106, 525168, 525700, 526444, 526563, 526576, 526592, 526641, 526952, 527493, 529921, 531273, 532507, 532838, 533661, 534267, 535195, 535926, 536817, 537222, 538151, 538158, 538164, 538247, 539063, 539075, 539838, 539842, 539848, 539854, 539859, 539865, 539871, 539879, 541261, 541279, 541655, 541709, 542584, 542594, 544397, 545095, 545709, 545713, 547010, 547026, 547232, 558109, 559161, 559326, 562122, 562542, 562585, 566592, 566822, 566826, 566831, 567855, 567933, 568133, 568136, 568174, 569383, 570127, 570208, 570683, 573884, 574001, 574019, 574077, 575798, 577091, 577723, 578157, 578190, 578513, 579562, 580333, 580664, 581150, 581251, 581571, 581778, 581786, 581879, 581891, 581897, 581902, 582044, 582076, 582099, 582116, 582313, 582503, 582519, 582584, 583061, 583071, 583218, 584159, 584194, 584269, 584760, 584929, 585081, 585139, 586282, 587541, 587707, 588141, 588597, 589265, 589550, 593118, 593626, 593945, 594948, 594957, 595262, 602108, 602153, 603460, 604689, 605492, 605498, 605590, 608029, 608037, 608042, 608044, 608046, 608053, 610637, 610972, 611068, 614928, 615058, 615509, 615782, 622519, 622534, 624053, 624496, 624867, 624986, 625892, 625906, 626359, 627763, 628162, 630726, 631044, 631202, 631926, 632173, 632225, 632326, 635817, 636309, 636726, 639777, 639784]
11,9,[1595, 1925, 5168, 5244, 5556, 6633, 7739, 8840, 13303]
12,5,[979, 3052, 4707, 17365, 18874]
13,3,[177, 1122, 1126]
14,8,[2648, 18588, 27235, 64034, 100168, 135288, 142399, 188150]
15,134,[904, 3560, 5402, 5950, 7912, 8030, 8179, 9133, 10338, 11838, 13281, 14553, 15528, 15993, 17488, 18288, 18512, 18957, 20113, 20553, 21519, 25269, 27704, 28196, 28210, 28708, 30216, 32250, 36829, 36945, 37427, 37638, 38560, 40379, 40874, 42131, 44381, 46781, 47052, 47153, 47502, 50597, 51680, 52305, 52473, 52750, 54534, 55403, 56351, 56464, 57260, 62365, 63118, 63665, 64337, 64615, 65543, 65616, 68078, 68441, 68504, 69265, 70147, 71278, 72711, 76261, 78168, 78230, 78355, 78391, 79761, 80467, 84185, 84454, 84635, 85352, 86743, 86926, 87598, 88894, 90672, 91719, 93062, 94427, 95504, 95868, 97455, 99849, 103534, 104702, 108450, 112658, 119975, 124469, 124945, 125146, 125682, 125860, 126446, 126473, 126648, 128728, 129780, 132006, 134805, 135352, 137303, 142360, 144357, 146718, 147817, 149064, 150242, 152121, 152908, 152995, 153252, 153254, 153773, 155083, 155534, 155655, 159056, 160436, 160813, 161060, 163873, 165862, 168182, 168808, 170419, 171417, 172349, 173618]
16,23,[3659, 7926, 8790, 10122, 10716, 11556, 11594, 13953, 15740, 15768, 18404, 19296, 20054, 20242, 20912, 21589, 22565, 23761, 23954, 27281, 30107, 33029, 35482]
17,557,[757, 1826, 1881, 1968, 2029, 2141, 2175, 2195, 2201, 4056, 4091, 4953, 4955, 5435, 8313, 8377, 8433, 8490, 8869, 9019, 9556, 9581, 10740, 10934, 11234, 12956, 13023, 13512, 13529, 13582, 13666, 13968, 14014, 14018, 14721, 14747, 14995, 15224, 15227, 15385, 15395, 15587, 15591, 15919, 16009, 16801, 16830, 17869, 19213, 19722, 20079, 20086, 20107, 20296, 20319, 20760, 21644, 25071, 25084, 25144, 25667, 26356, 26461, 26503, 28985, 29027, 29032, 29049, 29763, 29949, 29956, 29966, 30025, 30059, 30772, 31284, 31290, 31356, 31370, 32372, 32381, 32522, 32873, 32878, 32978, 32982, 34089, 34313, 34441, 34445, 34639, 34649, 34658, 34864, 35000, 35924, 36207, 36281, 36571, 37446, 38055, 38088, 38310, 38404, 38733, 38742, 38749, 39543, 39601, 40962, 41137, 41261, 42248, 42251, 43998, 44113, 44428, 44706, 46003, 46118, 46130, 46465, 46475, 46593, 47801, 48035, 48081, 48139, 48282, 48437, 48507, 48594, 49111, 50122, 50393, 51181, 51686, 51704, 53012, 53136, 54943, 54957, 54980, 54998, 57413, 57986, 58415, 62753, 62757, 63212, 63224, 63270, 63358, 63367, 63514, 63525, 63545, 63653, 63673, 63682, 63854, 64706, 64750, 65104, 65123, 65181, 65446, 66005, 66012, 66681, 68110, 68134, 68467, 68814, 68938, 69040, 69054, 69087, 69104, 69606, 70370, 70466, 71679, 71727, 71850, 71885, 72108, 72223, 72259, 72357, 72969, 76416, 76863, 76904, 77513, 79865, 79871, 80864, 82171, 82213, 82234, 82246, 82282, 82416, 82479, 82658, 83436, 83741, 83809, 83914, 83921, 84861, 85657, 86936, 86942, 89336, 90411, 90621, 90929, 91229, 91262, 91603, 91642, 91713, 91722, 91773, 91791, 91801, 91806, 91828, 91958, 92262, 93167, 93529, 95678, 95683, 95703, 95745, 95752, 95802, 96132, 96138, 98033, 98199, 98247, 99850, 99968, 106395, 106400, 106731, 106740, 106748, 106764, 106801, 106868, 106892, 107542, 108810, 109326, 109655, 109856, 109910, 110050, 110100, 110107, 110191, 110576, 110811, 112079, 112096, 112198, 112575, 112865, 112947, 113395, 117895, 117904, 118383, 118487, 118778, 118845, 118861, 118875, 118881, 119481, 121186, 122243, 122365, 122430, 124007, 124838, 125434, 125639, 125937, 126041, 126155, 126173, 126973, 127150, 127176, 127387, 127608, 127831, 127960, 128374, 128885, 128909, 129843, 129948, 129955, 130357, 130385, 130415, 130586, 131052, 131474, 131639, 131654, 131663, 131741, 132063, 132089, 132148, 132385, 132924, 133215, 133649, 133800, 134494, 135416, 135468, 135576, 135657, 135738, 135773, 135794, 135965, 136059, 136656, 136857, 136897, 137076, 137170, 137337, 137358, 137522, 137677, 138083, 138242, 138395, 138591, 138961, 138969, 139072, 139208, 139222, 139427, 139606, 139871, 139907, 140736, 141103, 141107, 141297, 141548, 141730, 141822, 141835, 141974, 142397, 143382, 143709, 143962, 144054, 144076, 144088, 144151, 144174, 145094, 145169, 145442, 145969, 145976, 145989, 146379, 146578, 146649, 146837, 146975, 146989, 147142, 147292, 147324, 147354, 147370, 147477, 147638, 147721, 147865, 147951, 148035, 148060, 148269, 148471, 148839, 149735, 149750, 149754, 150072, 150345, 150396, 150448, 150601, 150665, 152891, 152943, 152965, 153030, 157538, 157616, 157680, 157744, 157933, 157967, 157971, 158042, 158058, 158117, 158789, 158819, 159452, 159535, 160598, 160694, 161796, 162127, 163057, 163208, 163926, 164513, 165623, 166695, 166701, 168321, 168357, 168533, 168707, 168768, 168906, 169114, 169123, 169293, 169400, 169427, 169436, 169525, 169610, 169664, 169868, 169942, 170000, 171181, 172335, 172566, 172679, 172686, 172800, 173031, 173264, 174617, 174691, 174755, 174834, 174935, 176775, 177000, 177360, 177665, 180244, 184164, 185915, 185922, 185957, 185967, 186495, 186499, 186503, 186507, 186695, 186704, 191535, 192376, 192555, 192629, 192777, 193031, 193338, 193350, 193442, 193557, 193623, 193669, 193725, 193752, 193859, 194031, 194294, 194451, 194470, 194687, 194746, 194774, 194793, 194842, 194881, 195069, 195096, 195191, 195196, 195850, 196142, 197548, 197554, 199125, 199138, 201373, 201385, 202712, 203242, 204265, 204555, 204835, 204851, 204857, 204988, 207207, 207427, 207650, 207703, 208217, 208278, 208285, 208376, 208860, 210827, 211057, 211088, 211614, 212285, 212296, 212611, 214277, 216017, 216186, 216386, 216395, 216685]
18,342,[93, 106, 546, 1709, 2112, 2989, 3631, 3685, 4268, 4638, 4685, 5021, 5410, 5876, 5917, 6752, 6774, 6936, 6945, 7025, 7169, 7372, 7396, 8247, 9894, 11021, 11599, 11747, 11764, 12003, 12158, 12187, 12350, 12356, 12953, 13677, 14848, 15356, 15372, 15803, 15904, 16239, 18817, 19009, 19087, 20271, 20367, 21494, 21691, 21698, 22535, 22832, 23489, 23512, 24787, 24864, 25202, 25230, 25721, 25866, 25928, 26757, 27261, 27377, 27686, 27850, 29320, 29506, 29595, 29628, 29836, 30401, 31930, 32379, 32452, 32456, 33064, 33132, 34798, 36092, 37438, 37691, 37907, 38204, 38401, 38726, 38995, 39539, 39585, 39930, 40936, 40949, 41599, 41629, 41985, 42038, 43845, 43870, 43936, 43950, 44063, 44241, 44339, 44351, 45557, 45775, 46117, 48011, 48048, 48257, 48406, 48781, 49110, 50202, 50312, 50448, 50725, 50803, 51612, 52054, 52094, 52209, 52434, 52616, 53762, 55859, 56705, 57651, 60082, 60237, 60249, 60320, 60408, 60519, 60681, 60875, 60968, 60976, 61108, 61526, 61552, 63107, 64147, 64810, 64885, 65438, 65846, 66065, 66241, 66287, 66354, 67183, 67229, 67547, 67633, 67666, 67699, 67732, 67938, 68207, 68677, 68754, 69126, 69152, 69481, 70652, 70663, 71360, 71582, 71605, 71694, 71707, 71728, 72032, 72053, 72057, 72087, 72380, 72667, 72748, 72767, 72906, 73544, 73820, 74050, 74365, 74981, 75124, 75849, 75855, 75866, 75878, 76216, 78771, 78825, 79132, 79176, 81619, 81833, 81864, 81908, 82155, 82854, 83096, 83116, 83214, 83233, 83446, 83479, 83527, 83533, 83723, 83817, 83852, 84419, 85609, 85888, 86082, 86150, 86161, 86190, 86265, 86491, 88645, 88737, 90218, 90239, 91431, 91844, 91977, 92327, 92965, 93944, 94220, 94260, 94274, 94636, 95753, 95910, 95955, 96470, 97020, 97228, 97307, 97320, 97595, 98221, 98656, 100048, 100672, 100705, 101431, 101775, 102309, 102333, 102847, 104163, 104256, 104288, 104494, 105423, 105613, 105818, 105840, 108809, 108846, 109008, 109257, 109363, 109385, 109451, 110475, 110504, 110524, 110987, 110998, 112459, 112606, 113310, 113882, 114220, 114314, 115703, 115717, 115734, 115770, 115793, 116958, 117506, 118096, 118110, 118127, 118163, 118186, 119350, 119898, 121315, 123777, 123869, 123885, 124047, 124462, 125262, 125558, 126713, 127212, 128790, 128960, 130026, 130951, 131870, 132141, 134120, 134383, 134414, 134515, 135087, 135894, 136093, 136814, 137417, 137435, 137544, 140741, 140859, 141030, 141070, 142660, 143211, 143933, 144298, 144307, 144889, 145042, 145054, 145872, 146014, 147423, 147534, 147544, 148739, 148903]
19,13,[1125, 3930, 7946, 18081, 19268, 19272, 19748, 20992, 20998, 21955, 22316, 22384, 26181]
20,67,[280, 2510, 2870, 4076, 5078, 5305, 5360, 6144, 6879, 7747, 9197, 9432, 9445, 9589, 10256, 11105, 12633, 12794, 14816, 16469, 16659, 19636, 21386, 21642, 22206, 26851, 28219, 28575, 29211, 29491, 29777, 31034, 31198, 31203, 32339, 33345, 33446, 33491, 34042, 35314, 38060, 41536, 44084, 44384, 46729, 48406, 49865, 51323, 55077, 55340, 55369, 55372, 55995, 56036, 56057, 57819, 58403, 58411, 60957, 61475, 61528, 61531, 63905, 64700, 65213, 65220, 65438]
21,27,[1569, 1834, 2173, 3210, 6053, 8070, 12119, 14918, 15360, 18937, 19273, 19618, 20955, 23160, 24268, 24270, 24313, 27051, 28662, 28669, 30253, 30261, 31021, 33519, 33622, 33919, 35058]
22,154,[2348, 13996, 14132, 14134, 14497, 17690, 21807, 24538, 24540, 24542, 24544, 24573, 32190, 32191, 34344, 34445, 37896, 37898, 37900, 37904, 37908, 38280, 61779, 61783, 62609, 63343, 66887, 71129, 71131, 71475, 86088, 86091, 86094, 86098, 86102, 86106, 86267, 86427, 86429, 86990, 88895, 90099, 91999, 93878, 98310, 98462, 98467, 99851, 99912, 99915, 99928, 100082, 101197, 102448, 105170, 105176, 106144, 106210, 106533, 106536, 106550, 107664, 107666, 107672, 107674, 107684, 107687, 107691, 107693, 107695, 107699, 107725, 107746, 107749, 107753, 107762, 107766, 107768, 107770, 107772, 107812, 107819, 107822, 107825, 107828, 107831, 108441, 108647, 108649, 109051, 109152, 109156, 109161, 109163, 109211, 109238, 109322, 109640, 109728, 109959, 109961, 109965, 109967, 109970, 110021, 110024, 110034, 110083, 112902, 113475, 113481, 113487, 113493, 116492, 119279, 126767, 126771, 128088, 128090, 130591, 130604, 136894, 137239, 137952, 137955, 138458, 138464, 139675, 139678, 144212, 144427, 146288, 146319, 146338, 146880, 148510, 152036, 152135, 152176, 152178, 152180, 152185, 152187, 152189, 152191, 152194, 152198, 152713, 153166, 153182, 154801, 156986, 157699, 157710]
23,29,[259, 723, 1725, 2086, 2282, 3187, 6412, 7063, 8555, 10858, 11306, 13360, 16184, 16201, 16219, 16356, 19581, 23527, 23571, 24073, 24720, 25039, 27632, 28921, 29323, 29610, 29615, 29945, 30293]
24,26,[102, 1187, 1949, 2177, 5130, 5884, 7276, 7578, 8748, 9692, 10972, 13846, 21240, 26604, 27162, 29249, 31219, 31760, 32049, 32777, 37864, 40515, 41145, 41638, 41944, 43731]
25,9,[3002, 18223, 44641, 44706, 44715, 61614, 96151, 136452, 180400]
26,67,[644, 2912, 3323, 4574, 5593, 5821, 5877, 6663, 7399, 8269, 9750, 9985, 9998, 10143, 10808, 11677, 13219, 13382, 15430, 17119, 17310, 20345, 22132, 22388, 22961, 27674, 29056, 29405, 30053, 30336, 30622, 31901, 32067, 32072, 33213, 34224, 34324, 34366, 34921, 36209, 38978, 42474, 45048, 45353, 47734, 49422, 50911, 52379, 56237, 56502, 56529, 56532, 57156, 57195, 57215, 58995, 59594, 59602, 62255, 62779, 62833, 62836, 65292, 66100, 66626, 66633, 66851]
27,59,[2238, 2320, 2682, 4650, 4900, 10128, 12796, 21259, 22138, 23461, 23591, 27499, 28922, 29627, 30124, 33873, 42371, 43622, 44949, 47683, 48219, 51154, 52956, 53141, 54953, 55540, 56285, 57502, 57747, 62475, 63621, 65841, 66352, 68071, 68768, 68776, 68943, 69874, 70742, 70937, 71899, 75600, 77827, 78894, 81071, 82273, 83194, 83247, 85069, 87666, 87827, 92982, 94359, 98002, 100610, 101354, 102063, 103442, 106799]
28,2,[1988, 5346]
30,1667,[2181, 7133, 7527, 7981, 7988, 10355, 10924, 10946, 17232, 19725, 20917, 22611, 23889, 24212, 24216, 24222, 25342, 26198, 26515, 26968, 27113, 27707, 31632, 31906, 33644, 35416, 36009, 36877, 37814, 37820, 38242, 38253, 38613, 40106, 40180, 40707, 40762, 40995, 41355, 41510, 41655, 41663, 41694, 41703, 41705, 42377, 43566, 43669, 44160, 46218, 46298, 47208, 47445, 47841, 48207, 49312, 52253, 52282, 52335, 52848, 56000, 57387, 58291, 59745, 59759, 60060, 60082, 60273, 60408, 61185, 61200, 70427, 71432, 71468, 71904, 71956, 71960, 72002, 76520, 77026, 82012, 82049, 82139, 82163, 82558, 84910, 84921, 86186, 86444, 87147, 87593, 87637, 87795, 87805, 88456, 88546, 88549, 88689, 89102, 89113, 89153, 89270, 89298, 90370, 90373, 90573, 90581, 90762, 91147, 91247, 91250, 91267, 91270, 91549, 91671, 93207, 93210, 93591, 93635, 93713, 93842, 93928, 93931, 93986, 93990, 94300, 94310, 94375, 94513, 94701, 95073, 95164, 95394, 96003, 96009, 96348, 96729, 96749, 97215, 97218, 97226, 98302, 98503, 100399, 100616, 100683, 100891, 101892, 102106, 104416, 104876, 105426, 105731, 105788, 105808, 106187, 106236, 106563, 106704, 107362, 108011, 108520, 108977, 109676, 110009, 111066, 111329, 111554, 111643, 111740, 111758, 112791, 113132, 115416, 115430, 117762, 117855, 117882, 117886, 117931, 118000, 118061, 118090, 118251, 118294, 118453, 118467, 118478, 118527, 118773, 119449, 119518, 119788, 119962, 120055, 120811, 122656, 122666, 123121, 123658, 123686, 124454, 124740, 124947, 125503, 126014, 126101, 126168, 126296, 126317, 126349, 127367, 127408, 127686, 128133, 128239, 128826, 129934, 130934, 131842, 132157, 132364, 132655, 132678, 132715, 132945, 132965, 133173, 133482, 133489, 133584, 133990, 134364, 134402, 134756, 134883, 135008, 135065, 135068, 135138, 135141, 135186, 135243, 135497, 135541, 135874, 139572, 139591, 140402, 141984, 142013, 142109, 142131, 142172, 142212, 142217, 142291, 142483, 142585, 142652, 143153, 143417, 143458, 143762, 144048, 144053, 144083, 144129, 144199, 144224, 144240, 144265, 144519, 145155, 145196, 145360, 145590, 145665, 145699, 146763, 147022, 147155, 147213, 147416, 147459, 147464, 148198, 148242, 148397, 148509, 149132, 149184, 150470, 150817, 150862, 150888, 151104, 151148, 151303, 151346, 151595, 151649, 151652, 151655, 151675, 151843, 151939, 151950, 152020, 152043, 152117, 152336, 152448, 152453, 152492, 152499, 152614, 152876, 152929, 152948, 153902, 153935, 154588, 154717, 155018, 156345, 156986, 157253, 157956, 158044, 158092, 158168, 158264, 158284, 158293, 158303, 158373, 158382, 158390, 158401, 158500, 158532, 158543, 158553, 158651, 158907, 159951, 160126, 162908, 162918, 163502, 163714, 163733, 164559, 165449, 165477, 165552, 165633, 166569, 167655, 168112, 168171, 168302, 168372, 168425, 168457, 168468, 168471, 168654, 169429, 169436, 169813, 170145, 170195, 170519, 170525, 170528, 170533, 170536, 170541, 170640, 170819, 171086, 172073, 172224, 172476, 172660, 172775, 172831, 173374, 173909, 174242, 174245, 174251, 174293, 175427, 176350, 176379, 176474, 176497, 176775, 176822, 176949, 177418, 177586, 177605, 177703, 177747, 178395, 178399, 178488, 178543, 178899, 179394, 179431, 179663, 179797, 180107, 180112, 180118, 180556, 181105, 181821, 181982, 182026, 182653, 183786, 185406, 185610, 186920, 187673, 187688, 187708, 187775, 187878, 188505, 188578, 188766, 188931, 188983, 189336, 189355, 189373, 189398, 190582, 190758, 192638, 193434, 193815, 193984, 194013, 194031, 194432, 194505, 194530, 196170, 196313, 196317, 196584, 196894, 197623, 197761, 197982, 198247, 198514, 198519, 198603, 198606, 198997, 198999, 201068, 203563, 203572, 203711, 204379, 204397, 204758, 205270, 206332, 206392, 206446, 206699, 206745, 206885, 206895, 209336, 209348, 210236, 210309, 210362, 210633, 210724, 210746, 211457, 211462, 211798, 212198, 212659, 212770, 212954, 213125, 213260, 213263, 213322, 213379, 213402, 213476, 213635, 216211, 216497, 216757, 216782, 216830, 216863, 216877, 216950, 217652, 217733, 217736, 217948, 218241, 218468, 218878, 218952, 219352, 220647, 220678, 220682, 221038, 221232, 222538, 223234, 224114, 225295, 225323, 225546, 225684, 225902, 226554, 228328, 228518, 228746, 229560, 230010, 230218, 230355, 230489, 230643, 230847, 230887, 230953, 231257, 231358, 231419, 231502, 231505, 231580, 232421, 232470, 232561, 232674, 232778, 232895, 232902, 233441, 233462, 233725, 233768, 233781, 233929, 233933, 234064, 235263, 235283, 235670, 235799, 235851, 235855, 236566, 236823, 236893, 236904, 237145, 237151, 237172, 237341, 237353, 237604, 237633, 237637, 237642, 237704, 241036, 241204, 241339, 243598, 244451, 244552, 244597, 244825, 244829, 245101, 245311, 246008, 246065, 246681, 246885, 246903, 247008, 249177, 249602, 249617, 249637, 249794, 249803, 250112, 250182, 252316, 252345, 252545, 253006, 253077, 253900, 257204, 258408, 258471, 258527, 258787, 258835, 258975, 259701, 260799, 261294, 261323, 261366, 261389, 261749, 261755, 261910, 262172, 262239, 262257, 262442, 262448, 262865, 262886, 262931, 262942, 263492, 263577, 263882, 264084, 264796, 265077, 265321, 265402, 265417, 265649, 265655, 265744, 265791, 265930, 265941, 265954, 266143, 266296, 266695, 266938, 267000, 268339, 268392, 268450, 268511, 268530, 268569, 268887, 269030, 269386, 269516, 269546, 269550, 269704, 269773, 270107, 270499, 270552, 270573, 270593, 270757, 270812, 272136, 273350, 273373, 273551, 273747, 273752, 273766, 273825, 273829, 274836, 274855, 275642, 275646, 276433, 276440, 276456, 276461, 276747, 276912, 277007, 278946, 278977, 279024, 279337, 281069, 281646, 281676, 282564, 283462, 283474, 284141, 284412, 284583, 284650, 284725, 284767, 284804, 284825, 284848, 284859, 284898, 284917, 285133, 285147, 285536, 285682, 286344, 286603, 288385, 288830, 288845, 288950, 288973, 289002, 289146, 290517, 290653, 290668, 290917, 290950, 291280, 291628, 291765, 291945, 292652, 293751, 294238, 294254, 294470, 294998, 295198, 295391, 295730, 296434, 296466, 297412, 298692, 299246, 299315, 299598, 300177, 300187, 300320, 301131, 301447, 301556, 301639, 301783, 301794, 301799, 301976, 302026, 302068, 302303, 302518, 302719, 302722, 302786, 302802, 302870, 302881, 303390, 303741, 304288, 304632, 305158, 306171, 306281, 306641, 306844, 306906, 306919, 307083, 307279, 307309, 307628, 307957, 307959, 308063, 308125, 309265, 309269, 309720, 309808, 310696, 310699, 311095, 311099, 311252, 311308, 311626, 311971, 312598, 313045, 313235, 313268, 313541, 314204, 314330, 314876, 314906, 316020, 316029, 316190, 316875, 316948, 317710, 317809, 317813, 317833, 318041, 318120, 318133, 318213, 318403, 318435, 318597, 319201, 319816, 319848, 319849, 319883, 320149, 320342, 321703, 321864, 321963, 322409, 322464, 322680, 322761, 322792, 322887, 322922, 323389, 323410, 323930, 324392, 325675, 326233, 326873, 326949, 327122, 327457, 328271, 328293, 328337, 328343, 329169, 329333, 329736, 329905, 329910, 329944, 330625, 332143, 332359, 332676, 332683, 332730, 333847, 333850, 335206, 335758, 335942, 336203, 336814, 336818, 336831, 337074, 338755, 338875, 339351, 340876, 340887, 341310, 342520, 342635, 342921, 342945, 345922, 347785, 349938, 350911, 351462, 351847, 352576, 352582, 353441, 353617, 353797, 354128, 356185, 358071, 359012, 359478, 360046, 360053, 360174, 362983, 363637, 364076, 364082, 364142, 364156, 365173, 365182, 365323, 365666, 365671, 365770, 365774, 366881, 367107, 367234, 367238, 367430, 367440, 367449, 367655, 367791, 368713, 368955, 369029, 369314, 370667, 370676, 370682, 370686, 370690, 371024, 371238, 372327, 372387, 373131, 373844, 374767, 374775, 374783, 374879, 374885, 374938, 376196, 376202, 376271, 376508, 377902, 378006, 378115, 378123, 378629, 378912, 378953, 378966, 379110, 379114, 379243, 380893, 380928, 381604, 381822, 382422, 383720, 387434, 387469, 387479, 388168, 388172, 389249, 389264, 389422, 390871, 392549, 392864, 392872, 392881, 392943, 392947, 392951, 392955, 392960, 392969, 392976, 393170, 393645, 394137, 394455, 394762, 394820, 394833, 394841, 394850, 395442, 395936, 395949, 395992, 396426, 397743, 397821, 399481, 399497, 399534, 399867, 399881, 399995, 400394, 400815, 400828, 401210, 401426, 401471, 401775, 401782, 402080, 402090, 403153, 403216, 403221, 403381, 403528, 403988, 404305, 404516, 404559, 404564, 404586, 404751, 404826, 404844, 405030, 405593, 406273, 406288, 406302, 407055, 407059, 407064, 407177, 407188, 407535, 407572, 407978, 408036, 408060, 408064, 408100, 408263, 408270, 408291, 408295, 408770, 409246, 409250, 409476, 410298, 411379, 411880, 412532, 412630, 413238, 413254, 413772, 413775, 413932, 413935, 413943, 413946, 414411, 414871, 414989, 414992, 414995, 415156, 415825, 416036, 416075, 416279, 416281, 416284, 416307, 416310, 416535, 417019, 417220, 417725, 419437, 419896, 420027, 420418, 420658, 420834, 420837, 420839, 421098, 421310, 421508, 421665, 421668, 421675, 421708, 422135, 422508, 422967, 423074, 423123, 423131, 423357, 423363, 423452, 423588, 423591, 423636, 423759, 423796, 423811, 423908, 423925, 423929, 424102, 424107, 424109, 424179, 424209, 424276, 424284, 424309, 424312, 424339, 424641, 424724, 424732, 424776, 424779, 424788, 424812, 424816, 424827, 424882, 425023, 425063, 425103, 425340, 425408, 425412, 425422, 425432, 425469, 425840, 426190, 426217, 426350, 426379, 426383, 426387, 427540, 427601, 427677, 427891, 428290, 428532, 428537, 428552, 428971, 429111, 429122, 429128, 429132, 429890, 430344, 430379, 430651, 430658, 430962, 430969, 431080, 431479, 431483, 431487, 431492, 431497, 431521, 431530, 431642, 432102, 432412, 434868, 436016, 436152, 436384, 436398, 436482, 436771, 436889, 437298, 437321, 438224, 438308, 438427, 439219, 439377, 440406, 440744, 440778, 440867, 441037, 441065, 441210, 441488, 441731, 441834, 441848, 441889, 442129, 442284, 442502, 442591, 443696, 443707, 443749, 443763, 443790, 444434, 445019, 445024, 445046, 445052, 445060, 445147, 445284, 445463, 445490, 445499, 445619, 445624, 445630, 445637, 446631, 446923, 447264, 447268, 447277, 447469, 447475, 447478, 447490, 447689, 447692, 447908, 447934, 447982, 448250, 448485, 450825, 450951, 451150, 451733, 451738, 451750, 451758, 451944, 451975, 451994, 452000, 452077, 452185, 452191, 453719, 453732, 453742, 453871, 454105, 454120, 454161, 454174, 454267, 454280, 454286, 454345, 454355, 454927, 455004, 455463, 455564, 455697, 456771, 456816, 457095, 457124, 457136, 457147, 457227, 457296, 457302, 458641, 459308, 459371, 460112, 461072, 461445, 461504, 461611, 461628, 461705, 461720, 461731, 464252, 464569, 465755, 465799, 466319, 466566, 466599, 466604, 467831, 467922, 468205, 468348, 468650, 468895, 468911, 468924, 468980, 468989, 468991, 470027, 470191, 470367, 470423, 470664, 470679, 470710, 470773, 470808, 470818, 470868, 470972, 471087, 472673, 473048, 473336, 473641, 473651, 473677, 473689, 473728, 473740, 473800, 474541, 474559, 475472, 477325, 477564, 478125, 478129, 478791, 478956, 478964, 479602, 479804, 479824, 479942, 479949, 480797, 480927, 480985, 481340, 481651, 482425, 482793, 482818, 483171, 483442, 483651, 483737, 483857, 484137, 484565, 484571, 484600, 484624, 485066, 485106, 485307, 485501, 485623, 486477, 486482, 486590, 486942, 486948, 486954, 487601, 487606, 487627, 487775, 487859, 487916, 487963, 488291, 489741, 491550, 491893, 492040, 492512, 492695, 493412, 493415, 493444, 493564, 493611, 493903, 493906, 494015, 494058, 494314, 494374, 494440, 494678, 495179, 495290, 495334, 495513, 495517, 495521, 495525, 495717, 495727, 497351, 497834, 498098, 501077, 501351, 501407, 501643, 501649, 501656, 502556, 502729, 502738, 502749, 502815, 502839, 502852, 502862, 505942, 506977, 507108, 508166, 508429, 508628, 510391, 511015, 511019, 513469, 513563, 513617, 513873, 514088, 514906, 516847, 517127, 517136, 517145, 517201, 519060, 519206, 522043, 522399, 523256, 523710, 524076, 524670, 524807, 524885, 524889, 524934, 524996, 525528, 526272, 526391, 526404, 526420, 526469, 526780, 527321, 529746, 531098, 532332, 532663, 533486, 534092, 535020, 535751, 536642, 537047, 537976, 537983, 537989, 538072, 538888, 538900, 539663, 539667, 539673, 539679, 539684, 539690, 539696, 539704, 541086, 541104, 541480, 541534, 542409, 542419, 544222, 544920, 545534, 545538, 546835, 546851, 547057, 557931, 558983, 559148, 561944, 562364, 562407, 566412, 566642, 566646, 566651, 567675, 567753, 567953, 567956, 567994, 569203, 569947, 570028, 570503, 573704, 573821, 573839, 573897, 575618, 576911, 577543, 577977, 578010, 578333, 579382, 580153, 580484, 580970, 581071, 581391, 581598, 581606, 581699, 581711, 581717, 581722, 581864, 581896, 581919, 581936, 582133, 582323, 582339, 582404, 582881, 582891, 583038, 583979, 584014, 584089, 584575, 584744, 584896, 584954, 586097, 587356, 587522, 587956, 588412, 589080, 589365, 592927, 593435, 593754, 594757, 594766, 595071, 601911, 601956, 603263, 604487, 605290, 605296, 605388, 607822, 607830, 607835, 607837, 607839, 607846, 610420, 610755, 610851, 614694, 614824, 615275, 615543, 622267, 622282, 623799, 624242, 624613, 624732, 625635, 625649, 626102, 627503, 627902, 630457, 630773, 630931, 631651, 631898, 631950, 632051, 635542, 636034, 636451, 639502, 639509]
6,2,[155, 741]
8,1,[336]
9,2,[946, 1091]
10,1667,[2274, 7227, 7621, 8075, 8082, 10449, 11018, 11040, 17326, 19819, 21011, 22705, 23983, 24306, 24310, 24316, 25436, 26292, 26609, 27062, 27207, 27801, 31726, 32004, 33742, 35514, 36107, 36975, 37912, 37918, 38340, 38351, 38711, 40204, 40278, 40805, 40860, 41093, 41453, 41608, 41753, 41761, 41792, 41801, 41803, 42475, 43664, 43767, 44258, 46316, 46396, 47306, 47543, 47939, 48305, 49410, 52351, 52380, 52433, 52947, 56099, 57486, 58390, 59848, 59862, 60163, 60185, 60376, 60511, 61288, 61303, 70530, 71535, 71571, 72007, 72059, 72063, 72105, 76623, 77129, 82119, 82156, 82246, 82270, 82665, 85017, 85028, 86293, 86551, 87254, 87700, 87744, 87902, 87912, 88563, 88653, 88656, 88796, 89209, 89220, 89260, 89377, 89405, 90477, 90480, 90680, 90688, 90869, 91254, 91354, 91357, 91374, 91377, 91656, 91778, 93314, 93317, 93698, 93742, 93820, 93949, 94035, 94038, 94093, 94097, 94407, 94417, 94482, 94620, 94808, 95180, 95271, 95501, 96110, 96116, 96455, 96836, 96856, 97322, 97325, 97333, 98409, 98610, 100506, 100723, 100790, 100998, 101999, 102213, 104523, 104987, 105537, 105842, 105899, 105919, 106298, 106347, 106674, 106815, 107473, 108122, 108631, 109088, 109787, 110120, 111177, 111440, 111665, 111754, 111851, 111869, 112902, 113243, 115527, 115541, 117873, 117966, 117993, 117997, 118042, 118111, 118172, 118201, 118362, 118405, 118564, 118578, 118589, 118638, 118884, 119560, 119629, 119899, 120073, 120166, 120922, 122767, 122777, 123232, 123769, 123797, 124565, 124851, 125058, 125614, 126125, 126212, 126279, 126407, 126428, 126460, 127478, 127519, 127797, 128244, 128350, 128938, 130046, 131046, 131954, 132269, 132476, 132767, 132790, 132827, 133057, 133077, 133285, 133594, 133601, 133696, 134102, 134476, 134514, 134868, 134995, 135120, 135177, 135180, 135250, 135253, 135298, 135355, 135609, 135653, 135986, 139684, 139703, 140514, 142096, 142125, 142221, 142243, 142284, 142324, 142329, 142403, 142595, 142697, 142764, 143265, 143529, 143570, 143874, 144161, 144166, 144196, 144242, 144312, 144337, 144353, 144378, 144632, 145268, 145309, 145473, 145703, 145778, 145812, 146876, 147135, 147268, 147326, 147529, 147572, 147577, 148311, 148355, 148510, 148622, 149245, 149297, 150583, 150930, 150975, 151001, 151217, 151261, 151416, 151459, 151708, 151762, 151765, 151768, 151788, 151956, 152052, 152063, 152133, 152156, 152230, 152449, 152561, 152566, 152605, 152612, 152727, 152989, 153042, 153061, 154015, 154048, 154701, 154830, 155131, 156458, 157099, 157366, 158069, 158157, 158205, 158281, 158377, 158397, 158406, 158416, 158486, 158495, 158503, 158514, 158613, 158645, 158656, 158666, 158764, 159020, 160065, 160240, 163031, 163041, 163625, 163837, 163856, 164682, 165572, 165600, 165675, 165756, 166692, 167778, 168235, 168294, 168425, 168495, 168548, 168580, 168591, 168594, 168777, 169552, 169559, 169936, 170268, 170318, 170642, 170648, 170651, 170656, 170659, 170664, 170763, 170942, 171209, 172196, 172347, 172599, 172783, 172898, 172954, 173497, 174032, 174365, 174368, 174374, 174416, 175550, 176473, 176502, 176597, 176620, 176898, 176945, 177072, 177541, 177709, 177728, 177826, 177870, 178518, 178522, 178611, 178666, 179022, 179517, 179554, 179786, 179920, 180230, 180235, 180241, 180679, 181228, 181944, 182105, 182149, 182785, 183918, 185538, 185742, 187052, 187805, 187820, 187840, 187907, 188010, 188637, 188710, 188898, 189063, 189115, 189468, 189487, 189505, 189530, 190714, 190890, 192770, 193566, 193947, 194116, 194145, 194163, 194564, 194637, 194662, 196302, 196445, 196449, 196716, 197026, 197755, 197893, 198114, 198379, 198646, 198651, 198735, 198738, 199129, 199131, 201210, 203705, 203714, 203853, 204521, 204539, 204900, 205412, 206474, 206534, 206588, 206841, 206887, 207027, 207037, 209478, 209490, 210378, 210451, 210504, 210775, 210866, 210888, 211599, 211604, 211940, 212340, 212801, 212912, 213096, 213267, 213402, 213405, 213464, 213521, 213544, 213618, 213777, 216353, 216638, 216898, 216923, 216971, 217004, 217018, 217091, 217792, 217873, 217876, 218088, 218381, 218608, 219018, 219092, 219502, 220797, 220828, 220832, 221188, 221382, 222688, 223384, 224264, 225445, 225473, 225696, 225834, 226052, 226704, 228478, 228668, 228896, 229710, 230160, 230368, 230505, 230639, 230793, 230997, 231037, 231103, 231407, 231508, 231569, 231652, 231655, 231730, 232571, 232620, 232711, 232824, 232928, 233045, 233052, 233591, 233612, 233875, 233918, 233931, 234079, 234083, 234214, 235413, 235433, 235820, 235949, 236001, 236005, 236716, 236973, 237043, 237054, 237295, 237301, 237322, 237491, 237503, 237754, 237783, 237787, 237792, 237854, 241189, 241357, 241492, 243751, 244604, 244705, 244750, 244978, 244982, 245254, 245464, 246161, 246218, 246834, 247038, 247056, 247161, 249330, 249755, 249770, 249790, 249947, 249956, 250265, 250335, 252469, 252498, 252698, 253159, 253230, 254053, 257360, 258564, 258627, 258683, 258943, 258991, 259131, 259857, 260955, 261450, 261479, 261522, 261545, 261905, 261911, 262066, 262328, 262395, 262413, 262598, 262604, 263021, 263042, 263087, 263098, 263648, 263733, 264038, 264240, 264952, 265233, 265477, 265558, 265573, 265805, 265811, 265900, 265947, 266086, 266097, 266110, 266299, 266452, 266851, 267094, 267156, 268495, 268548, 268606, 268667, 268686, 268725, 269043, 269186, 269542, 269672, 269702, 269706, 269860, 269929, 270263, 270655, 270708, 270729, 270749, 270913, 270968, 272292, 273506, 273529, 273707, 273903, 273908, 273922, 273981, 273985, 274992, 275011, 275798, 275802, 276589, 276596, 276612, 276617, 276903, 277068, 277163, 279101, 279132, 279179, 279492, 281224, 281801, 281831, 282719, 283618, 283630, 284297, 284568, 284739, 284806, 284881, 284923, 284960, 284981, 285004, 285015, 285054, 285073, 285289, 285303, 285692, 285838, 286500, 286759, 288541, 288986, 289001, 289106, 289129, 289158, 289302, 290673, 290809, 290824, 291073, 291106, 291436, 291784, 291921, 292101, 292809, 293908, 294395, 294411, 294627, 295155, 295355, 295548, 295887, 296591, 296623, 297570, 298850, 299404, 299473, 299756, 300335, 300345, 300478, 301289, 301605, 301714, 301797, 301941, 301952, 301957, 302134, 302184, 302226, 302461, 302676, 302877, 302880, 302944, 302960, 303028, 303039, 303548, 303899, 304446, 304790, 305316, 306329, 306439, 306799, 307002, 307064, 307077, 307241, 307437, 307467, 307786, 308115, 308117, 308221, 308283, 309423, 309427, 309878, 309966, 310854, 310857, 311254, 311258, 311411, 311467, 311785, 312130, 312757, 313204, 313394, 313427, 313700, 314363, 314489, 315035, 315065, 316179, 316188, 316349, 317034, 317107, 317869, 317968, 317972, 317992, 318200, 318279, 318292, 318372, 318562, 318594, 318756, 319360, 319975, 320007, 320008, 320042, 320308, 320501, 321862, 322023, 322122, 322568, 322623, 322839, 322920, 322951, 323046, 323081, 323548, 323569, 324089, 324551, 325834, 326392, 327032, 327108, 327281, 327616, 328430, 328452, 328496, 328502, 329328, 329492, 329895, 330064, 330069, 330103, 330784, 332302, 332518, 332835, 332842, 332889, 334006, 334009, 335365, 335917, 336101, 336362, 336973, 336977, 336990, 337233, 338914, 339034, 339510, 341035, 341046, 341469, 342679, 342794, 343080, 343104, 346081, 347944, 350097, 351070, 351621, 352006, 352735, 352741, 353600, 353776, 353956, 354287, 356344, 358231, 359172, 359638, 360206, 360213, 360334, 363146, 363800, 364239, 364245, 364305, 364319, 365336, 365345, 365486, 365829, 365834, 365933, 365937, 367044, 367270, 367397, 367401, 367593, 367603, 367612, 367818, 367954, 368876, 369118, 369192, 369477, 370830, 370839, 370845, 370849, 370853, 371187, 371401, 372490, 372550, 373294, 374007, 374930, 374938, 374946, 375042, 375048, 375101, 376359, 376365, 376434, 376671, 378065, 378169, 378278, 378286, 378792, 379075, 379116, 379129, 379273, 379277, 379406, 381056, 381091, 381767, 381985, 382585, 383883, 387597, 387632, 387642, 388331, 388335, 389412, 389427, 389585, 391034, 392712, 393030, 393038, 393047, 393109, 393113, 393117, 393121, 393126, 393135, 393142, 393336, 393811, 394303, 394621, 394928, 394986, 394999, 395007, 395016, 395608, 396102, 396115, 396158, 396592, 397909, 397987, 399647, 399663, 399700, 400033, 400047, 400161, 400560, 400981, 400994, 401376, 401592, 401637, 401941, 401948, 402246, 402256, 403319, 403382, 403387, 403547, 403694, 404154, 404471, 404682, 404725, 404730, 404752, 404917, 404992, 405010, 405196, 405759, 406439, 406454, 406468, 407221, 407225, 407230, 407343, 407354, 407701, 407738, 408144, 408202, 408226, 408230, 408266, 408429, 408436, 408457, 408461, 408936, 409412, 409416, 409642, 410464, 411545, 412046, 412698, 412796, 413404, 413420, 413938, 413941, 414098, 414101, 414109, 414112, 414577, 415037, 415155, 415158, 415161, 415322, 415991, 416202, 416241, 416445, 416447, 416450, 416473, 416476, 416701, 417185, 417386, 417891, 419603, 420062, 420193, 420584, 420824, 421000, 421003, 421005, 421264, 421476, 421674, 421831, 421834, 421841, 421874, 422301, 422674, 423133, 423240, 423289, 423297, 423523, 423529, 423618, 423754, 423757, 423802, 423925, 423962, 423977, 424074, 424091, 424095, 424268, 424273, 424275, 424345, 424375, 424442, 424450, 424475, 424478, 424505, 424807, 424890, 424898, 424942, 424945, 424954, 424978, 424982, 424993, 425048, 425189, 425229, 425269, 425506, 425574, 425578, 425588, 425598, 425635, 426006, 426356, 426383, 426516, 426545, 426549, 426553, 427707, 427768, 427844, 428058, 428457, 428699, 428704, 428719, 429138, 429278, 429289, 429295, 429299, 430057, 430514, 430549, 430821, 430828, 431132, 431139, 431250, 431649, 431653, 431657, 431662, 431667, 431691, 431700, 431812, 432272, 432582, 435038, 436186, 436322, 436554, 436568, 436652, 436941, 437059, 437468, 437491, 438394, 438478, 438597, 439389, 439547, 440576, 440914, 440948, 441037, 441207, 441235, 441380, 441658, 441901, 442004, 442018, 442059, 442299, 442454, 442672, 442761, 443866, 443877, 443919, 443933, 443960, 444604, 445189, 445194, 445216, 445222, 445230, 445317, 445454, 445633, 445660, 445669, 445789, 445794, 445800, 445807, 446801, 447093, 447434, 447438, 447447, 447639, 447645, 447648, 447660, 447859, 447862, 448078, 448104, 448152, 448420, 448655, 450995, 451121, 451320, 451903, 451908, 451920, 451928, 452114, 452145, 452164, 452170, 452247, 452355, 452361, 453889, 453902, 453912, 454041, 454275, 454290, 454331, 454344, 454437, 454450, 454456, 454515, 454525, 455097, 455174, 455633, 455734, 455867, 456941, 456986, 457265, 457294, 457306, 457317, 457397, 457466, 457472, 458811, 459478, 459541, 460282, 461242, 461615, 461674, 461781, 461798, 461875, 461890, 461901, 464423, 464740, 465926, 465970, 466490, 466737, 466770, 466775, 468002, 468093, 468376, 468519, 468821, 469066, 469082, 469095, 469151, 469160, 469162, 470198, 470362, 470538, 470594, 470835, 470850, 470881, 470944, 470979, 470989, 471039, 471143, 471258, 472843, 473218, 473506, 473811, 473821, 473847, 473859, 473898, 473910, 473970, 474711, 474729, 475642, 477494, 477732, 478293, 478297, 478959, 479124, 479132, 479770, 479972, 479992, 480110, 480117, 480964, 481094, 481152, 481506, 481817, 482590, 482958, 482983, 483336, 483607, 483816, 483902, 484022, 484302, 484730, 484736, 484765, 484789, 485230, 485270, 485471, 485665, 485787, 486640, 486645, 486753, 487105, 487111, 487117, 487763, 487768, 487789, 487937, 488021, 488078, 488125, 488453, 489901, 491710, 492053, 492200, 492672, 492855, 493572, 493575, 493604, 493724, 493771, 494063, 494066, 494175, 494218, 494474, 494534, 494600, 494837, 495338, 495449, 495493, 495672, 495676, 495680, 495684, 495876, 495886, 497520, 498003, 498267, 501246, 501520, 501576, 501812, 501818, 501825, 502725, 502898, 502907, 502918, 502984, 503008, 503021, 503031, 506111, 507146, 507277, 508335, 508598, 508797, 510560, 511184, 511188, 513638, 513732, 513786, 514042, 514257, 515075, 517019, 517299, 517308, 517317, 517373, 519232, 519378, 522215, 522571, 523428, 523882, 524248, 524842, 524979, 525057, 525061, 525106, 525168, 525700, 526444, 526563, 526576, 526592, 526641, 526952, 527493, 529921, 531273, 532507, 532838, 533661, 534267, 535195, 535926, 536817, 537222, 538151, 538158, 538164, 538247, 539063, 539075, 539838, 539842, 539848, 539854, 539859, 539865, 539871, 539879, 541261, 541279, 541655, 541709, 542584, 542594, 544397, 545095, 545709, 545713, 547010, 547026, 547232, 558109, 559161, 559326, 562122, 562542, 562585, 566592, 566822, 566826, 566831, 567855, 567933, 568133, 568136, 568174, 569383, 570127, 570208, 570683, 573884, 574001, 574019, 574077, 575798, 577091, 577723, 578157, 578190, 578513, 579562, 580333, 580664, 581150, 581251, 581571, 581778, 581786, 581879, 581891, 581897, 581902, 582044, 582076, 582099, 582116, 582313, 582503, 582519, 582584, 583061, 583071, 583218, 584159, 584194, 584269, 584760, 584929, 585081, 585139, 586282, 587541, 587707, 588141, 588597, 589265, 589550, 593118, 593626, 593945, 594948, 594957, 595262, 602108, 602153, 603460, 604689, 605492, 605498, 605590, 608029, 608037, 608042, 608044, 608046, 608053, 610637, 610972, 611068, 614928, 615058, 615509, 615782, 622519, 622534, 624053, 624496, 624867, 624986, 625892, 625906, 626359, 627763, 628162, 630726, 631044, 631202, 631926, 632173, 632225, 632326, 635817, 636309, 636726, 639777, 639784]
11,9,[1595, 1925, 5168, 5244, 5556, 6633, 7739, 8840, 13303]
12,5,[979, 3052, 4707, 17365, 18874]
13,3,[177, 1122, 1126]
14,8,[2648, 18588, 27235, 64034, 100168, 135288, 142399, 188150]
15,134,[904, 3560, 5402, 5950, 7912, 8030, 8179, 9133, 10338, 11838, 13281, 14553, 15528, 15993, 17488, 18288, 18512, 18957, 20113, 20553, 21519, 25269, 27704, 28196, 28210, 28708, 30216, 32250, 36829, 36945, 37427, 37638, 38560, 40379, 40874, 42131, 44381, 46781, 47052, 47153, 47502, 50597, 51680, 52305, 52473, 52750, 54534, 55403, 56351, 56464, 57260, 62365, 63118, 63665, 64337, 64615, 65543, 65616, 68078, 68441, 68504, 69265, 70147, 71278, 72711, 76261, 78168, 78230, 78355, 78391, 79761, 80467, 84185, 84454, 84635, 85352, 86743, 86926, 87598, 88894, 90672, 91719, 93062, 94427, 95504, 95868, 97455, 99849, 103534, 104702, 108450, 112658, 119975, 124469, 124945, 125146, 125682, 125860, 126446, 126473, 126648, 128728, 129780, 132006, 134805, 135352, 137303, 142360, 144357, 146718, 147817, 149064, 150242, 152121, 152908, 152995, 153252, 153254, 153773, 155083, 155534, 155655, 159056, 160436, 160813, 161060, 163873, 165862, 168182, 168808, 170419, 171417, 172349, 173618]
16,23,[3659, 7926, 8790, 10122, 10716, 11556, 11594, 13953, 15740, 15768, 18404, 19296, 20054, 20242, 20912, 21589, 22565, 23761, 23954, 27281, 30107, 33029, 35482]
17,557,[757, 1826, 1881, 1968, 2029, 2141, 2175, 2195, 2201, 4056, 4091, 4953, 4955, 5435, 8313, 8377, 8433, 8490, 8869, 9019, 9556, 9581, 10740, 10934, 11234, 12956, 13023, 13512, 13529, 13582, 13666, 13968, 14014, 14018, 14721, 14747, 14995, 15224, 15227, 15385, 15395, 15587, 15591, 15919, 16009, 16801, 16830, 17869, 19213, 19722, 20079, 20086, 20107, 20296, 20319, 20760, 21644, 25071, 25084, 25144, 25667, 26356, 26461, 26503, 28985, 29027, 29032, 29049, 29763, 29949, 29956, 29966, 30025, 30059, 30772, 31284, 31290, 31356, 31370, 32372, 32381, 32522, 32873, 32878, 32978, 32982, 34089, 34313, 34441, 34445, 34639, 34649, 34658, 34864, 35000, 35924, 36207, 36281, 36571, 37446, 38055, 38088, 38310, 38404, 38733, 38742, 38749, 39543, 39601, 40962, 41137, 41261, 42248, 42251, 43998, 44113, 44428, 44706, 46003, 46118, 46130, 46465, 46475, 46593, 47801, 48035, 48081, 48139, 48282, 48437, 48507, 48594, 49111, 50122, 50393, 51181, 51686, 51704, 53012, 53136, 54943, 54957, 54980, 54998, 57413, 57986, 58415, 62753, 62757, 63212, 63224, 63270, 63358, 63367, 63514, 63525, 63545, 63653, 63673, 63682, 63854, 64706, 64750, 65104, 65123, 65181, 65446, 66005, 66012, 66681, 68110, 68134, 68467, 68814, 68938, 69040, 69054, 69087, 69104, 69606, 70370, 70466, 71679, 71727, 71850, 71885, 72108, 72223, 72259, 72357, 72969, 76416, 76863, 76904, 77513, 79865, 79871, 80864, 82171, 82213, 82234, 82246, 82282, 82416, 82479, 82658, 83436, 83741, 83809, 83914, 83921, 84861, 85657, 86936, 86942, 89336, 90411, 90621, 90929, 91229, 91262, 91603, 91642, 91713, 91722, 91773, 91791, 91801, 91806, 91828, 91958, 92262, 93167, 93529, 95678, 95683, 95703, 95745, 95752, 95802, 96132, 96138, 98033, 98199, 98247, 99850, 99968, 106395, 106400, 106731, 106740, 106748, 106764, 106801, 106868, 106892, 107542, 108810, 109326, 109655, 109856, 109910, 110050, 110100, 110107, 110191, 110576, 110811, 112079, 112096, 112198, 112575, 112865, 112947, 113395, 117895, 117904, 118383, 118487, 118778, 118845, 118861, 118875, 118881, 119481, 121186, 122243, 122365, 122430, 124007, 124838, 125434, 125639, 125937, 126041, 126155, 126173, 126973, 127150, 127176, 127387, 127608, 127831, 127960, 128374, 128885, 128909, 129843, 129948, 129955, 130357, 130385, 130415, 130586, 131052, 131474, 131639, 131654, 131663, 131741, 132063, 132089, 132148, 132385, 132924, 133215, 133649, 133800, 134494, 135416, 135468, 135576, 135657, 135738, 135773, 135794, 135965, 136059, 136656, 136857, 136897, 137076, 137170, 137337, 137358, 137522, 137677, 138083, 138242, 138395, 138591, 138961, 138969, 139072, 139208, 139222, 139427, 139606, 139871, 139907, 140736, 141103, 141107, 141297, 141548, 141730, 141822, 141835, 141974, 142397, 143382, 143709, 143962, 144054, 144076, 144088, 144151, 144174, 145094, 145169, 145442, 145969, 145976, 145989, 146379, 146578, 146649, 146837, 146975, 146989, 147142, 147292, 147324, 147354, 147370, 147477, 147638, 147721, 147865, 147951, 148035, 148060, 148269, 148471, 148839, 149735, 149750, 149754, 150072, 150345, 150396, 150448, 150601, 150665, 152891, 152943, 152965, 153030, 157538, 157616, 157680, 157744, 157933, 157967, 157971, 158042, 158058, 158117, 158789, 158819, 159452, 159535, 160598, 160694, 161796, 162127, 163057, 163208, 163926, 164513, 165623, 166695, 166701, 168321, 168357, 168533, 168707, 168768, 168906, 169114, 169123, 169293, 169400, 169427, 169436, 169525, 169610, 169664, 169868, 169942, 170000, 171181, 172335, 172566, 172679, 172686, 172800, 173031, 173264, 174617, 174691, 174755, 174834, 174935, 176775, 177000, 177360, 177665, 180244, 184164, 185915, 185922, 185957, 185967, 186495, 186499, 186503, 186507, 186695, 186704, 191535, 192376, 192555, 192629, 192777, 193031, 193338, 193350, 193442, 193557, 193623, 193669, 193725, 193752, 193859, 194031, 194294, 194451, 194470, 194687, 194746, 194774, 194793, 194842, 194881, 195069, 195096, 195191, 195196, 195850, 196142, 197548, 197554, 199125, 199138, 201373, 201385, 202712, 203242, 204265, 204555, 204835, 204851, 204857, 204988, 207207, 207427, 207650, 207703, 208217, 208278, 208285, 208376, 208860, 210827, 211057, 211088, 211614, 212285, 212296, 212611, 214277, 216017, 216186, 216386, 216395, 216685]
18,342,[93, 106, 546, 1709, 2112, 2989, 3631, 3685, 4268, 4638, 4685, 5021, 5410, 5876, 5917, 6752, 6774, 6936, 6945, 7025, 7169, 7372, 7396, 8247, 9894, 11021, 11599, 11747, 11764, 12003, 12158, 12187, 12350, 12356, 12953, 13677, 14848, 15356, 15372, 15803, 15904, 16239, 18817, 19009, 19087, 20271, 20367, 21494, 21691, 21698, 22535, 22832, 23489, 23512, 24787, 24864, 25202, 25230, 25721, 25866, 25928, 26757, 27261, 27377, 27686, 27850, 29320, 29506, 29595, 29628, 29836, 30401, 31930, 32379, 32452, 32456, 33064, 33132, 34798, 36092, 37438, 37691, 37907, 38204, 38401, 38726, 38995, 39539, 39585, 39930, 40936, 40949, 41599, 41629, 41985, 42038, 43845, 43870, 43936, 43950, 44063, 44241, 44339, 44351, 45557, 45775, 46117, 48011, 48048, 48257, 48406, 48781, 49110, 50202, 50312, 50448, 50725, 50803, 51612, 52054, 52094, 52209, 52434, 52616, 53762, 55859, 56705, 57651, 60082, 60237, 60249, 60320, 60408, 60519, 60681, 60875, 60968, 60976, 61108, 61526, 61552, 63107, 64147, 64810, 64885, 65438, 65846, 66065, 66241, 66287, 66354, 67183, 67229, 67547, 67633, 67666, 67699, 67732, 67938, 68207, 68677, 68754, 69126, 69152, 69481, 70652, 70663, 71360, 71582, 71605, 71694, 71707, 71728, 72032, 72053, 72057, 72087, 72380, 72667, 72748, 72767, 72906, 73544, 73820, 74050, 74365, 74981, 75124, 75849, 75855, 75866, 75878, 76216, 78771, 78825, 79132, 79176, 81619, 81833, 81864, 81908, 82155, 82854, 83096, 83116, 83214, 83233, 83446, 83479, 83527, 83533, 83723, 83817, 83852, 84419, 85609, 85888, 86082, 86150, 86161, 86190, 86265, 86491, 88645, 88737, 90218, 90239, 91431, 91844, 91977, 92327, 92965, 93944, 94220, 94260, 94274, 94636, 95753, 95910, 95955, 96470, 97020, 97228, 97307, 97320, 97595, 98221, 98656, 100048, 100672, 100705, 101431, 101775, 102309, 102333, 102847, 104163, 104256, 104288, 104494, 105423, 105613, 105818, 105840, 108809, 108846, 109008, 109257, 109363, 109385, 109451, 110475, 110504, 110524, 110987, 110998, 112459, 112606, 113310, 113882, 114220, 114314, 115703, 115717, 115734, 115770, 115793, 116958, 117506, 118096, 118110, 118127, 118163, 118186, 119350, 119898, 121315, 123777, 123869, 123885, 124047, 124462, 125262, 125558, 126713, 127212, 128790, 128960, 130026, 130951, 131870, 132141, 134120, 134383, 134414, 134515, 135087, 135894, 136093, 136814, 137417, 137435, 137544, 140741, 140859, 141030, 141070, 142660, 143211, 143933, 144298, 144307, 144889, 145042, 145054, 145872, 146014, 147423, 147534, 147544, 148739, 148903]
19,13,[1125, 3930, 7946, 18081, 19268, 19272, 19748, 20992, 20998, 21955, 22316, 22384, 26181]
20,67,[280, 2510, 2870, 4076, 5078, 5305, 5360, 6144, 6879, 7747, 9197, 9432, 9445, 9589, 10256, 11105, 12633, 12794, 14816, 16469, 16659, 19636, 21386, 21642, 22206, 26851, 28219, 28575, 29211, 29491, 29777, 31034, 31198, 31203, 32339, 33345, 33446, 33491, 34042, 35314, 38060, 41536, 44084, 44384, 46729, 48406, 49865, 51323, 55077, 55340, 55369, 55372, 55995, 56036, 56057, 57819, 58403, 58411, 60957, 61475, 61528, 61531, 63905, 64700, 65213, 65220, 65438]
21,27,[1569, 1834, 2173, 3210, 6053, 8070, 12119, 14918, 15360, 18937, 19273, 19618, 20955, 23160, 24268, 24270, 24313, 27051, 28662, 28669, 30253, 30261, 31021, 33519, 33622, 33919, 35058]
22,154,[2348, 13996, 14132, 14134, 14497, 17690, 21807, 24538, 24540, 24542, 24544, 24573, 32190, 32191, 34344, 34445, 37896, 37898, 37900, 37904, 37908, 38280, 61779, 61783, 62609, 63343, 66887, 71129, 71131, 71475, 86088, 86091, 86094, 86098, 86102, 86106, 86267, 86427, 86429, 86990, 88895, 90099, 91999, 93878, 98310, 98462, 98467, 99851, 99912, 99915, 99928, 100082, 101197, 102448, 105170, 105176, 106144, 106210, 106533, 106536, 106550, 107664, 107666, 107672, 107674, 107684, 107687, 107691, 107693, 107695, 107699, 107725, 107746, 107749, 107753, 107762, 107766, 107768, 107770, 107772, 107812, 107819, 107822, 107825, 107828, 107831, 108441, 108647, 108649, 109051, 109152, 109156, 109161, 109163, 109211, 109238, 109322, 109640, 109728, 109959, 109961, 109965, 109967, 109970, 110021, 110024, 110034, 110083, 112902, 113475, 113481, 113487, 113493, 116492, 119279, 126767, 126771, 128088, 128090, 130591, 130604, 136894, 137239, 137952, 137955, 138458, 138464, 139675, 139678, 144212, 144427, 146288, 146319, 146338, 146880, 148510, 152036, 152135, 152176, 152178, 152180, 152185, 152187, 152189, 152191, 152194, 152198, 152713, 153166, 153182, 154801, 156986, 157699, 157710]
23,29,[259, 723, 1725, 2086, 2282, 3187, 6412, 7063, 8555, 10858, 11306, 13360, 16184, 16201, 16219, 16356, 19581, 23527, 23571, 24073, 24720, 25039, 27632, 28921, 29323, 29610, 29615, 29945, 30293]
24,26,[102, 1187, 1949, 2177, 5130, 5884, 7276, 7578, 8748, 9692, 10972, 13846, 21240, 26604, 27162, 29249, 31219, 31760, 32049, 32777, 37864, 40515, 41145, 41638, 41944, 43731]
25,9,[3002, 18223, 44641, 44706, 44715, 61614, 96151, 136452, 180400]
26,67,[644, 2912, 3323, 4574, 5593, 5821, 5877, 6663, 7399, 8269, 9750, 9985, 9998, 10143, 10808, 11677, 13219, 13382, 15430, 17119, 17310, 20345, 22132, 22388, 22961, 27674, 29056, 29405, 30053, 30336, 30622, 31901, 32067, 32072, 33213, 34224, 34324, 34366, 34921, 36209, 38978, 42474, 45048, 45353, 47734, 49422, 50911, 52379, 56237, 56502, 56529, 56532, 57156, 57195, 57215, 58995, 59594, 59602, 62255, 62779, 62833, 62836, 65292, 66100, 66626, 66633, 66851]
27,59,[2238, 2320, 2682, 4650, 4900, 10128, 12796, 21259, 22138, 23461, 23591, 27499, 28922, 29627, 30124, 33873, 42371, 43622, 44949, 47683, 48219, 51154, 52956, 53141, 54953, 55540, 56285, 57502, 57747, 62475, 63621, 65841, 66352, 68071, 68768, 68776, 68943, 69874, 70742, 70937, 71899, 75600, 77827, 78894, 81071, 82273, 83194, 83247, 85069, 87666, 87827, 92982, 94359, 98002, 100610, 101354, 102063, 103442, 106799]
28,2,[1988, 5346]
30,1667,[2181, 7133, 7527, 7981, 7988, 10355, 10924, 10946, 17232, 19725, 20917, 22611, 23889, 24212, 24216, 24222, 25342, 26198, 26515, 26968, 27113, 27707, 31632, 31906, 33644, 35416, 36009, 36877, 37814, 37820, 38242, 38253, 38613, 40106, 40180, 40707, 40762, 40995, 41355, 41510, 41655, 41663, 41694, 41703, 41705, 42377, 43566, 43669, 44160, 46218, 46298, 47208, 47445, 47841, 48207, 49312, 52253, 52282, 52335, 52848, 56000, 57387, 58291, 59745, 59759, 60060, 60082, 60273, 60408, 61185, 61200, 70427, 71432, 71468, 71904, 71956, 71960, 72002, 76520, 77026, 82012, 82049, 82139, 82163, 82558, 84910, 84921, 86186, 86444, 87147, 87593, 87637, 87795, 87805, 88456, 88546, 88549, 88689, 89102, 89113, 89153, 89270, 89298, 90370, 90373, 90573, 90581, 90762, 91147, 91247, 91250, 91267, 91270, 91549, 91671, 93207, 93210, 93591, 93635, 93713, 93842, 93928, 93931, 93986, 93990, 94300, 94310, 94375, 94513, 94701, 95073, 95164, 95394, 96003, 96009, 96348, 96729, 96749, 97215, 97218, 97226, 98302, 98503, 100399, 100616, 100683, 100891, 101892, 102106, 104416, 104876, 105426, 105731, 105788, 105808, 106187, 106236, 106563, 106704, 107362, 108011, 108520, 108977, 109676, 110009, 111066, 111329, 111554, 111643, 111740, 111758, 112791, 113132, 115416, 115430, 117762, 117855, 117882, 117886, 117931, 118000, 118061, 118090, 118251, 118294, 118453, 118467, 118478, 118527, 118773, 119449, 119518, 119788, 119962, 120055, 120811, 122656, 122666, 123121, 123658, 123686, 124454, 124740, 124947, 125503, 126014, 126101, 126168, 126296, 126317, 126349, 127367, 127408, 127686, 128133, 128239, 128826, 129934, 130934, 131842, 132157, 132364, 132655, 132678, 132715, 132945, 132965, 133173, 133482, 133489, 133584, 133990, 134364, 134402, 134756, 134883, 135008, 135065, 135068, 135138, 135141, 135186, 135243, 135497, 135541, 135874, 139572, 139591, 140402, 141984, 142013, 142109, 142131, 142172, 142212, 142217, 142291, 142483, 142585, 142652, 143153, 143417, 143458, 143762, 144048, 144053, 144083, 144129, 144199, 144224, 144240, 144265, 144519, 145155, 145196, 145360, 145590, 145665, 145699, 146763, 147022, 147155, 147213, 147416, 147459, 147464, 148198, 148242, 148397, 148509, 149132, 149184, 150470, 150817, 150862, 150888, 151104, 151148, 151303, 151346, 151595, 151649, 151652, 151655, 151675, 151843, 151939, 151950, 152020, 152043, 152117, 152336, 152448, 152453, 152492, 152499, 152614, 152876, 152929, 152948, 153902, 153935, 154588, 154717, 155018, 156345, 156986, 157253, 157956, 158044, 158092, 158168, 158264, 158284, 158293, 158303, 158373, 158382, 158390, 158401, 158500, 158532, 158543, 158553, 158651, 158907, 159951, 160126, 162908, 162918, 163502, 163714, 163733, 164559, 165449, 165477, 165552, 165633, 166569, 167655, 168112, 168171, 168302, 168372, 168425, 168457, 168468, 168471, 168654, 169429, 169436, 169813, 170145, 170195, 170519, 170525, 170528, 170533, 170536, 170541, 170640, 170819, 171086, 172073, 172224, 172476, 172660, 172775, 172831, 173374, 173909, 174242, 174245, 174251, 174293, 175427, 176350, 176379, 176474, 176497, 176775, 176822, 176949, 177418, 177586, 177605, 177703, 177747, 178395, 178399, 178488, 178543, 178899, 179394, 179431, 179663, 179797, 180107, 180112, 180118, 180556, 181105, 181821, 181982, 182026, 182653, 183786, 185406, 185610, 186920, 187673, 187688, 187708, 187775, 187878, 188505, 188578, 188766, 188931, 188983, 189336, 189355, 189373, 189398, 190582, 190758, 192638, 193434, 193815, 193984, 194013, 194031, 194432, 194505, 194530, 196170, 196313, 196317, 196584, 196894, 197623, 197761, 197982, 198247, 198514, 198519, 198603, 198606, 198997, 198999, 201068, 203563, 203572, 203711, 204379, 204397, 204758, 205270, 206332, 206392, 206446, 206699, 206745, 206885, 206895, 209336, 209348, 210236, 210309, 210362, 210633, 210724, 210746, 211457, 211462, 211798, 212198, 212659, 212770, 212954, 213125, 213260, 213263, 213322, 213379, 213402, 213476, 213635, 216211, 216497, 216757, 216782, 216830, 216863, 216877, 216950, 217652, 217733, 217736, 217948, 218241, 218468, 218878, 218952, 219352, 220647, 220678, 220682, 221038, 221232, 222538, 223234, 224114, 225295, 225323, 225546, 225684, 225902, 226554, 228328, 228518, 228746, 229560, 230010, 230218, 230355, 230489, 230643, 230847, 230887, 230953, 231257, 231358, 231419, 231502, 231505, 231580, 232421, 232470, 232561, 232674, 232778, 232895, 232902, 233441, 233462, 233725, 233768, 233781, 233929, 233933, 234064, 235263, 235283, 235670, 235799, 235851, 235855, 236566, 236823, 236893, 236904, 237145, 237151, 237172, 237341, 237353, 237604, 237633, 237637, 237642, 237704, 241036, 241204, 241339, 243598, 244451, 244552, 244597, 244825, 244829, 245101, 245311, 246008, 246065, 246681, 246885, 246903, 247008, 249177, 249602, 249617, 249637, 249794, 249803, 250112, 250182, 252316, 252345, 252545, 253006, 253077, 253900, 257204, 258408, 258471, 258527, 258787, 258835, 258975, 259701, 260799, 261294, 261323, 261366, 261389, 261749, 261755, 261910, 262172, 262239, 262257, 262442, 262448, 262865, 262886, 262931, 262942, 263492, 263577, 263882, 264084, 264796, 265077, 265321, 265402, 265417, 265649, 265655, 265744, 265791, 265930, 265941, 265954, 266143, 266296, 266695, 266938, 267000, 268339, 268392, 268450, 268511, 268530, 268569, 268887, 269030, 269386, 269516, 269546, 269550, 269704, 269773, 270107, 270499, 270552, 270573, 270593, 270757, 270812, 272136, 273350, 273373, 273551, 273747, 273752, 273766, 273825, 273829, 274836, 274855, 275642, 275646, 276433, 276440, 276456, 276461, 276747, 276912, 277007, 278946, 278977, 279024, 279337, 281069, 281646, 281676, 282564, 283462, 283474, 284141, 284412, 284583, 284650, 284725, 284767, 284804, 284825, 284848, 284859, 284898, 284917, 285133, 285147, 285536, 285682, 286344, 286603, 288385, 288830, 288845, 288950, 288973, 289002, 289146, 290517, 290653, 290668, 290917, 290950, 291280, 291628, 291765, 291945, 292652, 293751, 294238, 294254, 294470, 294998, 295198, 295391, 295730, 296434, 296466, 297412, 298692, 299246, 299315, 299598, 300177, 300187, 300320, 301131, 301447, 301556, 301639, 301783, 301794, 301799, 301976, 302026, 302068, 302303, 302518, 302719, 302722, 302786, 302802, 302870, 302881, 303390, 303741, 304288, 304632, 305158, 306171, 306281, 306641, 306844, 306906, 306919, 307083, 307279, 307309, 307628, 307957, 307959, 308063, 308125, 309265, 309269, 309720, 309808, 310696, 310699, 311095, 311099, 311252, 311308, 311626, 311971, 312598, 313045, 313235, 313268, 313541, 314204, 314330, 314876, 314906, 316020, 316029, 316190, 316875, 316948, 317710, 317809, 317813, 317833, 318041, 318120, 318133, 318213, 318403, 318435, 318597, 319201, 319816, 319848, 319849, 319883, 320149, 320342, 321703, 321864, 321963, 322409, 322464, 322680, 322761, 322792, 322887, 322922, 323389, 323410, 323930, 324392, 325675, 326233, 326873, 326949, 327122, 327457, 328271, 328293, 328337, 328343, 329169, 329333, 329736, 329905, 329910, 329944, 330625, 332143, 332359, 332676, 332683, 332730, 333847, 333850, 335206, 335758, 335942, 336203, 336814, 336818, 336831, 337074, 338755, 338875, 339351, 340876, 340887, 341310, 342520, 342635, 342921, 342945, 345922, 347785, 349938, 350911, 351462, 351847, 352576, 352582, 353441, 353617, 353797, 354128, 356185, 358071, 359012, 359478, 360046, 360053, 360174, 362983, 363637, 364076, 364082, 364142, 364156, 365173, 365182, 365323, 365666, 365671, 365770, 365774, 366881, 367107, 367234, 367238, 367430, 367440, 367449, 367655, 367791, 368713, 368955, 369029, 369314, 370667, 370676, 370682, 370686, 370690, 371024, 371238, 372327, 372387, 373131, 373844, 374767, 374775, 374783, 374879, 374885, 374938, 376196, 376202, 376271, 376508, 377902, 378006, 378115, 378123, 378629, 378912, 378953, 378966, 379110, 379114, 379243, 380893, 380928, 381604, 381822, 382422, 383720, 387434, 387469, 387479, 388168, 388172, 389249, 389264, 389422, 390871, 392549, 392864, 392872, 392881, 392943, 392947, 392951, 392955, 392960, 392969, 392976, 393170, 393645, 394137, 394455, 394762, 394820, 394833, 394841, 394850, 395442, 395936, 395949, 395992, 396426, 397743, 397821, 399481, 399497, 399534, 399867, 399881, 399995, 400394, 400815, 400828, 401210, 401426, 401471, 401775, 401782, 402080, 402090, 403153, 403216, 403221, 403381, 403528, 403988, 404305, 404516, 404559, 404564, 404586, 404751, 404826, 404844, 405030, 405593, 406273, 406288, 406302, 407055, 407059, 407064, 407177, 407188, 407535, 407572, 407978, 408036, 408060, 408064, 408100, 408263, 408270, 408291, 408295, 408770, 409246, 409250, 409476, 410298, 411379, 411880, 412532, 412630, 413238, 413254, 413772, 413775, 413932, 413935, 413943, 413946, 414411, 414871, 414989, 414992, 414995, 415156, 415825, 416036, 416075, 416279, 416281, 416284, 416307, 416310, 416535, 417019, 417220, 417725, 419437, 419896, 420027, 420418, 420658, 420834, 420837, 420839, 421098, 421310, 421508, 421665, 421668, 421675, 421708, 422135, 422508, 422967, 423074, 423123, 423131, 423357, 423363, 423452, 423588, 423591, 423636, 423759, 423796, 423811, 423908, 423925, 423929, 424102, 424107, 424109, 424179, 424209, 424276, 424284, 424309, 424312, 424339, 424641, 424724, 424732, 424776, 424779, 424788, 424812, 424816, 424827, 424882, 425023, 425063, 425103, 425340, 425408, 425412, 425422, 425432, 425469, 425840, 426190, 426217, 426350, 426379, 426383, 426387, 427540, 427601, 427677, 427891, 428290, 428532, 428537, 428552, 428971, 429111, 429122, 429128, 429132, 429890, 430344, 430379, 430651, 430658, 430962, 430969, 431080, 431479, 431483, 431487, 431492, 431497, 431521, 431530, 431642, 432102, 432412, 434868, 436016, 436152, 436384, 436398, 436482, 436771, 436889, 437298, 437321, 438224, 438308, 438427, 439219, 439377, 440406, 440744, 440778, 440867, 441037, 441065, 441210, 441488, 441731, 441834, 441848, 441889, 442129, 442284, 442502, 442591, 443696, 443707, 443749, 443763, 443790, 444434, 445019, 445024, 445046, 445052, 445060, 445147, 445284, 445463, 445490, 445499, 445619, 445624, 445630, 445637, 446631, 446923, 447264, 447268, 447277, 447469, 447475, 447478, 447490, 447689, 447692, 447908, 447934, 447982, 448250, 448485, 450825, 450951, 451150, 451733, 451738, 451750, 451758, 451944, 451975, 451994, 452000, 452077, 452185, 452191, 453719, 453732, 453742, 453871, 454105, 454120, 454161, 454174, 454267, 454280, 454286, 454345, 454355, 454927, 455004, 455463, 455564, 455697, 456771, 456816, 457095, 457124, 457136, 457147, 457227, 457296, 457302, 458641, 459308, 459371, 460112, 461072, 461445, 461504, 461611, 461628, 461705, 461720, 461731, 464252, 464569, 465755, 465799, 466319, 466566, 466599, 466604, 467831, 467922, 468205, 468348, 468650, 468895, 468911, 468924, 468980, 468989, 468991, 470027, 470191, 470367, 470423, 470664, 470679, 470710, 470773, 470808, 470818, 470868, 470972, 471087, 472673, 473048, 473336, 473641, 473651, 473677, 473689, 473728, 473740, 473800, 474541, 474559, 475472, 477325, 477564, 478125, 478129, 478791, 478956, 478964, 479602, 479804, 479824, 479942, 479949, 480797, 480927, 480985, 481340, 481651, 482425, 482793, 482818, 483171, 483442, 483651, 483737, 483857, 484137, 484565, 484571, 484600, 484624, 485066, 485106, 485307, 485501, 485623, 486477, 486482, 486590, 486942, 486948, 486954, 487601, 487606, 487627, 487775, 487859, 487916, 487963, 488291, 489741, 491550, 491893, 492040, 492512, 492695, 493412, 493415, 493444, 493564, 493611, 493903, 493906, 494015, 494058, 494314, 494374, 494440, 494678, 495179, 495290, 495334, 495513, 495517, 495521, 495525, 495717, 495727, 497351, 497834, 498098, 501077, 501351, 501407, 501643, 501649, 501656, 502556, 502729, 502738, 502749, 502815, 502839, 502852, 502862, 505942, 506977, 507108, 508166, 508429, 508628, 510391, 511015, 511019, 513469, 513563, 513617, 513873, 514088, 514906, 516847, 517127, 517136, 517145, 517201, 519060, 519206, 522043, 522399, 523256, 523710, 524076, 524670, 524807, 524885, 524889, 524934, 524996, 525528, 526272, 526391, 526404, 526420, 526469, 526780, 527321, 529746, 531098, 532332, 532663, 533486, 534092, 535020, 535751, 536642, 537047, 537976, 537983, 537989, 538072, 538888, 538900, 539663, 539667, 539673, 539679, 539684, 539690, 539696, 539704, 541086, 541104, 541480, 541534, 542409, 542419, 544222, 544920, 545534, 545538, 546835, 546851, 547057, 557931, 558983, 559148, 561944, 562364, 562407, 566412, 566642, 566646, 566651, 567675, 567753, 567953, 567956, 567994, 569203, 569947, 570028, 570503, 573704, 573821, 573839, 573897, 575618, 576911, 577543, 577977, 578010, 578333, 579382, 580153, 580484, 580970, 581071, 581391, 581598, 581606, 581699, 581711, 581717, 581722, 581864, 581896, 581919, 581936, 582133, 582323, 582339, 582404, 582881, 582891, 583038, 583979, 584014, 584089, 584575, 584744, 584896, 584954, 586097, 587356, 587522, 587956, 588412, 589080, 589365, 592927, 593435, 593754, 594757, 594766, 595071, 601911, 601956, 603263, 604487, 605290, 605296, 605388, 607822, 607830, 607835, 607837, 607839, 607846, 610420, 610755, 610851, 614694, 614824, 615275, 615543, 622267, 622282, 623799, 624242, 624613, 624732, 625635, 625649, 626102, 627503, 627902, 630457, 630773, 630931, 631651, 631898, 631950, 632051, 635542, 636034, 636451, 639502, 639509]
