10,42,[230822, 230835, 230847, 230936, 230967, 230999, 231052, 231067, 231094, 231105, 231189, 231266, 231270, 231335, 231350, 231374, 232433, 234607, 236492, 240098, 243792, 243794, 244646, 244648, 270364, 270370, 270831, 270903, 270931, 270974, 271012, 271088, 271590, 363121, 365804, 365874, 366014, 366031, 369610, 379682, 471746, 482564]
15,1,[43202]
17,5,[32849, 32918, 33060, 33077, 36703]
26,1,[3335]
30,42,[230672, 230685, 230697, 230786, 230817, 230849, 230902, 230917, 230944, 230955, 231039, 231116, 231120, 231185, 231200, 231224, 232283, 234457, 236342, 239945, 243639, 243641, 244493, 244495, 270208, 270214, 270675, 270747, 270775, 270818, 270856, 270932, 271434, 362958, 365641, 365711, 365851, 365868, 369447, 379519, 471576, 482399]
10,42,[230822, 230835, 230847, 230936, 230967, 230999, 231052, 231067, 231094, 231105, 231189, 231266, 231270, 231335, 231350, 231374, 232433, 234607, 236492, 240098, 243792, 243794, 244646, 244648, 270364, 270370, 270831, 270903, 270931, 270974, 271012, 271088, 271590, 363121, 365804, 365874, 366014, 366031, 369610, 379682, 471746, 482564]
15,1,[43202]
17,5,[32849, 32918, 33060, 33077, 36703]
26,1,[3335]
30,42,[230672, 230685, 230697, 230786, 230817, 230849, 230902, 230917, 230944, 230955, 231039, 231116, 231120, 231185, 231200, 231224, 232283, 234457, 236342, 239945, 243639, 243641, 244493, 244495, 270208, 270214, 270675, 270747, 270775, 270818, 270856, 270932, 271434, 362958, 365641, 365711, 365851, 365868, 369447, 379519, 471576, 482399]
