8,1,[335]
14,322,[3704, 3719, 4594, 5542, 5557, 6340, 7064, 7690, 8292, 9835, 11207, 11885, 13390, 14392, 15158, 15905, 15920, 17066, 17081, 17854, 18922, 19790, 20531, 20546, 21237, 21953, 21965, 22914, 23747, 23762, 25028, 25043, 25927, 26563, 27679, 27683, 28517, 29419, 30218, 30233, 31057, 31117, 31991, 32006, 32908, 33701, 33826, 33841, 34465, 35273, 35288, 36037, 36152, 36167, 37112, 38214, 38366, 38922, 39423, 40414, 41234, 41249, 42064, 42079, 42695, 42787, 43772, 44696, 45874, 45889, 46933, 46937, 47893, 48705, 48721, 49415, 50374, 51397, 52564, 52579, 53813, 54597, 55578, 55593, 56400, 57069, 57819, 58827, 60144, 60941, 61537, 62507, 63293, 63914, 64865, 65915, 66828, 66843, 67528, 68585, 69358, 70128, 70848, 71549, 72474, 73021, 73696, 73711, 74577, 74592, 75503, 76399, 77517, 78344, 79669, 79673, 80580, 81741, 81756, 83108, 83235, 83250, 84330, 84347, 85443, 85458, 86555, 87745, 87947, 88141, 89056, 90039, 90871, 90886, 92094, 93032, 93939, 93971, 94143, 94158, 95155, 95170, 96028, 96847, 97800, 98597, 98602, 99262, 99402, 100604, 100762, 100777, 101672, 101687, 102493, 102508, 103443, 104179, 104922, 105602, 106515, 107321, 108591, 108606, 109420, 109435, 110190, 110205, 110936, 110951, 111560, 112225, 112237, 112863, 113005, 113749, 113764, 114640, 115228, 116289, 117090, 117102, 117922, 118630, 119211, 119984, 119999, 120636, 120712, 120785, 120800, 121589, 122213, 123238, 123253, 124152, 125145, 125805, 126690, 127829, 128690, 128705, 129614, 130153, 130336, 130854, 131456, 132324, 133165, 133180, 133864, 135181, 135437, 135460, 136651, 137407, 137547, 137562, 138722, 139763, 140931, 140946, 141622, 142533, 142685, 142688, 143688, 144609, 145207, 145913, 146886, 146890, 147566, 147719, 147734, 148301, 148938, 149589, 150222, 150815, 151565, 152329, 153121, 153126, 154067, 154082, 154857, 154872, 155587, 155602, 156365, 157145, 157939, 157954, 159094, 160993, 162272, 163506, 163521, 164417, 164432, 165128, 165320, 166534, 167437, 168446, 169352, 169569, 169583, 170546, 170561, 171662, 171677, 172539, 172554, 172994, 173002, 173106, 173572, 173674, 174473, 175399, 175414, 176480, 176495, 177130, 177639, 178385, 178400, 179219, 179224, 180599, 181934, 182884, 183611, 184978, 185830, 186004, 186019, 186777, 187578, 188252, 188784, 189340, 189450, 189465, 190018, 190609, 190782, 190797, 191540, 191555, 192522, 192656, 192661, 193722, 193737, 194462, 194477, 195233, 195248, 196191]
15,1,[45972]
16,1,[30176]
18,28,[6940, 10792, 11585, 17490, 24743, 28563, 30309, 30318, 30779, 42114, 42198, 42622, 42881, 44813, 45059, 47972, 52663, 72124, 79223, 93324, 100396, 114404, 126429, 130900, 136990, 137715, 141540, 144314]
20,11,[98, 261, 1477, 30227, 34945, 42218, 43527, 44146, 51305, 55304, 65518]
21,1,[31905]
22,36,[12282, 24357, 24458, 29483, 29784, 54290, 54300, 77456, 91373, 91450, 91453, 91500, 91534, 91536, 91913, 93571, 99766, 106740, 107265, 107266, 107306, 107321, 107327, 107330, 107334, 107336, 107338, 107340, 107342, 107579, 107581, 107584, 107645, 108063, 143986, 148005]
23,6,[1539, 10742, 10880, 11676, 23399, 25869]
25,334,[1259, 1346, 4100, 4115, 5011, 5900, 5915, 6628, 7265, 7977, 8515, 10063, 11369, 12016, 13422, 14397, 15106, 15786, 15801, 16859, 16874, 17564, 18548, 19330, 20195, 20210, 20828, 21505, 21517, 22418, 23151, 23166, 24340, 24355, 25171, 25756, 26797, 26801, 27619, 28465, 29263, 29278, 29980, 30027, 30083, 30906, 30921, 31786, 32515, 32638, 32653, 33205, 33948, 33963, 34671, 34720, 34815, 34830, 35756, 36961, 37482, 37906, 38881, 39660, 39675, 40439, 40454, 41014, 41095, 42001, 42905, 44021, 44036, 45123, 45127, 46051, 46821, 46837, 47500, 48396, 49326, 50419, 50434, 51677, 52430, 53312, 53327, 54037, 54719, 55479, 56510, 57774, 58499, 59087, 60096, 60822, 61425, 62871, 63781, 63796, 64404, 65406, 66204, 66919, 67575, 68232, 69063, 69536, 70165, 70180, 71013, 71028, 71912, 72852, 73918, 74815, 76074, 76078, 76910, 78076, 78091, 79388, 79512, 79527, 80618, 80635, 81833, 81848, 82895, 84046, 84278, 84487, 85384, 86333, 87106, 87121, 88246, 89097, 89994, 90028, 90243, 90258, 91168, 91183, 91970, 92758, 93705, 94507, 94512, 95154, 95163, 95296, 96539, 96703, 96718, 97531, 97546, 98369, 98384, 99363, 100024, 100715, 101311, 102158, 102930, 104109, 104124, 104862, 104877, 105766, 105781, 106456, 106471, 107008, 107603, 107615, 108183, 108318, 109043, 109058, 109821, 110342, 111362, 112110, 112122, 112855, 113498, 113610, 113618, 114153, 114743, 114925, 114940, 115582, 115655, 115724, 115739, 116563, 117103, 118124, 118139, 118964, 119872, 120540, 121399, 122450, 123240, 123255, 124135, 124621, 124787, 125238, 125800, 126620, 127484, 127499, 128136, 129481, 129723, 129746, 130825, 131600, 131733, 131748, 132814, 133961, 135084, 135099, 135701, 136621, 136761, 136764, 137741, 138647, 139184, 139863, 140877, 140881, 141531, 141707, 141722, 142241, 142835, 143443, 144026, 144559, 145249, 145994, 146696, 146701, 147558, 147573, 148291, 148306, 149001, 149016, 149724, 150445, 151241, 151256, 152286, 154211, 155529, 156713, 156728, 157604, 157619, 158305, 158503, 159598, 160548, 161535, 162412, 162642, 162656, 163591, 163606, 164861, 164876, 165706, 165721, 166097, 166105, 166197, 166625, 166719, 167480, 168324, 168339, 169371, 169386, 169951, 170388, 171067, 171082, 171856, 171861, 173213, 174517, 175436, 176126, 177427, 178225, 178403, 178418, 179113, 179864, 180522, 181026, 181505, 181613, 181628, 182282, 183151, 183467, 183482, 184547, 184552, 185597, 185612, 186315, 186330, 187035, 187050, 188018, 189599, 193954, 194756, 194779, 194796, 195785, 196030, 196221, 199574]
26,21,[461, 625, 1852, 13557, 16738, 22872, 29951, 31075, 31344, 35837, 42001, 43152, 44483, 44808, 45109, 52361, 56466, 56616, 61805, 62778, 66930]
27,7,[16, 25720, 56844, 71106, 71191, 71771, 89758]
28,4,[1716, 5445, 6233, 10326]
8,1,[335]
14,322,[3704, 3719, 4594, 5542, 5557, 6340, 7064, 7690, 8292, 9835, 11207, 11885, 13390, 14392, 15158, 15905, 15920, 17066, 17081, 17854, 18922, 19790, 20531, 20546, 21237, 21953, 21965, 22914, 23747, 23762, 25028, 25043, 25927, 26563, 27679, 27683, 28517, 29419, 30218, 30233, 31057, 31117, 31991, 32006, 32908, 33701, 33826, 33841, 34465, 35273, 35288, 36037, 36152, 36167, 37112, 38214, 38366, 38922, 39423, 40414, 41234, 41249, 42064, 42079, 42695, 42787, 43772, 44696, 45874, 45889, 46933, 46937, 47893, 48705, 48721, 49415, 50374, 51397, 52564, 52579, 53813, 54597, 55578, 55593, 56400, 57069, 57819, 58827, 60144, 60941, 61537, 62507, 63293, 63914, 64865, 65915, 66828, 66843, 67528, 68585, 69358, 70128, 70848, 71549, 72474, 73021, 73696, 73711, 74577, 74592, 75503, 76399, 77517, 78344, 79669, 79673, 80580, 81741, 81756, 83108, 83235, 83250, 84330, 84347, 85443, 85458, 86555, 87745, 87947, 88141, 89056, 90039, 90871, 90886, 92094, 93032, 93939, 93971, 94143, 94158, 95155, 95170, 96028, 96847, 97800, 98597, 98602, 99262, 99402, 100604, 100762, 100777, 101672, 101687, 102493, 102508, 103443, 104179, 104922, 105602, 106515, 107321, 108591, 108606, 109420, 109435, 110190, 110205, 110936, 110951, 111560, 112225, 112237, 112863, 113005, 113749, 113764, 114640, 115228, 116289, 117090, 117102, 117922, 118630, 119211, 119984, 119999, 120636, 120712, 120785, 120800, 121589, 122213, 123238, 123253, 124152, 125145, 125805, 126690, 127829, 128690, 128705, 129614, 130153, 130336, 130854, 131456, 132324, 133165, 133180, 133864, 135181, 135437, 135460, 136651, 137407, 137547, 137562, 138722, 139763, 140931, 140946, 141622, 142533, 142685, 142688, 143688, 144609, 145207, 145913, 146886, 146890, 147566, 147719, 147734, 148301, 148938, 149589, 150222, 150815, 151565, 152329, 153121, 153126, 154067, 154082, 154857, 154872, 155587, 155602, 156365, 157145, 157939, 157954, 159094, 160993, 162272, 163506, 163521, 164417, 164432, 165128, 165320, 166534, 167437, 168446, 169352, 169569, 169583, 170546, 170561, 171662, 171677, 172539, 172554, 172994, 173002, 173106, 173572, 173674, 174473, 175399, 175414, 176480, 176495, 177130, 177639, 178385, 178400, 179219, 179224, 180599, 181934, 182884, 183611, 184978, 185830, 186004, 186019, 186777, 187578, 188252, 188784, 189340, 189450, 189465, 190018, 190609, 190782, 190797, 191540, 191555, 192522, 192656, 192661, 193722, 193737, 194462, 194477, 195233, 195248, 196191]
15,1,[45972]
16,1,[30176]
18,28,[6940, 10792, 11585, 17490, 24743, 28563, 30309, 30318, 30779, 42114, 42198, 42622, 42881, 44813, 45059, 47972, 52663, 72124, 79223, 93324, 100396, 114404, 126429, 130900, 136990, 137715, 141540, 144314]
20,11,[98, 261, 1477, 30227, 34945, 42218, 43527, 44146, 51305, 55304, 65518]
21,1,[31905]
22,36,[12282, 24357, 24458, 29483, 29784, 54290, 54300, 77456, 91373, 91450, 91453, 91500, 91534, 91536, 91913, 93571, 99766, 106740, 107265, 107266, 107306, 107321, 107327, 107330, 107334, 107336, 107338, 107340, 107342, 107579, 107581, 107584, 107645, 108063, 143986, 148005]
23,6,[1539, 10742, 10880, 11676, 23399, 25869]
25,334,[1259, 1346, 4100, 4115, 5011, 5900, 5915, 6628, 7265, 7977, 8515, 10063, 11369, 12016, 13422, 14397, 15106, 15786, 15801, 16859, 16874, 17564, 18548, 19330, 20195, 20210, 20828, 21505, 21517, 22418, 23151, 23166, 24340, 24355, 25171, 25756, 26797, 26801, 27619, 28465, 29263, 29278, 29980, 30027, 30083, 30906, 30921, 31786, 32515, 32638, 32653, 33205, 33948, 33963, 34671, 34720, 34815, 34830, 35756, 36961, 37482, 37906, 38881, 39660, 39675, 40439, 40454, 41014, 41095, 42001, 42905, 44021, 44036, 45123, 45127, 46051, 46821, 46837, 47500, 48396, 49326, 50419, 50434, 51677, 52430, 53312, 53327, 54037, 54719, 55479, 56510, 57774, 58499, 59087, 60096, 60822, 61425, 62871, 63781, 63796, 64404, 65406, 66204, 66919, 67575, 68232, 69063, 69536, 70165, 70180, 71013, 71028, 71912, 72852, 73918, 74815, 76074, 76078, 76910, 78076, 78091, 79388, 79512, 79527, 80618, 80635, 81833, 81848, 82895, 84046, 84278, 84487, 85384, 86333, 87106, 87121, 88246, 89097, 89994, 90028, 90243, 90258, 91168, 91183, 91970, 92758, 93705, 94507, 94512, 95154, 95163, 95296, 96539, 96703, 96718, 97531, 97546, 98369, 98384, 99363, 100024, 100715, 101311, 102158, 102930, 104109, 104124, 104862, 104877, 105766, 105781, 106456, 106471, 107008, 107603, 107615, 108183, 108318, 109043, 109058, 109821, 110342, 111362, 112110, 112122, 112855, 113498, 113610, 113618, 114153, 114743, 114925, 114940, 115582, 115655, 115724, 115739, 116563, 117103, 118124, 118139, 118964, 119872, 120540, 121399, 122450, 123240, 123255, 124135, 124621, 124787, 125238, 125800, 126620, 127484, 127499, 128136, 129481, 129723, 129746, 130825, 131600, 131733, 131748, 132814, 133961, 135084, 135099, 135701, 136621, 136761, 136764, 137741, 138647, 139184, 139863, 140877, 140881, 141531, 141707, 141722, 142241, 142835, 143443, 144026, 144559, 145249, 145994, 146696, 146701, 147558, 147573, 148291, 148306, 149001, 149016, 149724, 150445, 151241, 151256, 152286, 154211, 155529, 156713, 156728, 157604, 157619, 158305, 158503, 159598, 160548, 161535, 162412, 162642, 162656, 163591, 163606, 164861, 164876, 165706, 165721, 166097, 166105, 166197, 166625, 166719, 167480, 168324, 168339, 169371, 169386, 169951, 170388, 171067, 171082, 171856, 171861, 173213, 174517, 175436, 176126, 177427, 178225, 178403, 178418, 179113, 179864, 180522, 181026, 181505, 181613, 181628, 182282, 183151, 183467, 183482, 184547, 184552, 185597, 185612, 186315, 186330, 187035, 187050, 188018, 189599, 193954, 194756, 194779, 194796, 195785, 196030, 196221, 199574]
26,21,[461, 625, 1852, 13557, 16738, 22872, 29951, 31075, 31344, 35837, 42001, 43152, 44483, 44808, 45109, 52361, 56466, 56616, 61805, 62778, 66930]
27,7,[16, 25720, 56844, 71106, 71191, 71771, 89758]
28,4,[1716, 5445, 6233, 10326]
