10,88,[3506, 3540, 3634, 4070, 6391, 26784, 27259, 27270, 28640, 28693, 29259, 31739, 32157, 32181, 32258, 33858, 45205, 64628, 67259, 69556, 77018, 91162, 94682, 95482, 100985, 101047, 107570, 108763, 109976, 118513, 126420, 127276, 129289, 131842, 133315, 137425, 149810, 159467, 162602, 170951, 180196, 180253, 186898, 189254, 189367, 189387, 194189, 214714, 216797, 216806, 217220, 217948, 222668, 224199, 224481, 226821, 226826, 269077, 315497, 316720, 317640, 319931, 345170, 358062, 423053, 433218, 436605, 436633, 440336, 466381, 515107, 527877, 541762, 541916, 548659, 564479, 570963, 578470, 582130, 586932, 586970, 587355, 598159, 612478, 612523, 631780, 632027, 639824]
11,3,[13584, 13755, 20798]
12,5,[1719, 7506, 7560, 15899, 15937]
15,26,[11207, 19321, 32795, 33127, 38919, 41032, 55872, 67310, 67401, 69095, 74693, 88070, 105562, 113303, 121628, 127316, 132300, 132586, 134223, 134656, 141252, 155346, 162634, 163419, 165635, 172227]
16,3,[14642, 19487, 27323]
17,12,[37964, 48687, 49436, 61026, 61102, 140937, 175560, 188475, 215764, 215965, 216030, 216304]
20,1,[61580]
21,3,[10575, 26417, 27108]
22,20,[19137, 46715, 46773, 46794, 46815, 59962, 67202, 68817, 68858, 70488, 74445, 99290, 101650, 101651, 101793, 101795, 103338, 104834, 127810, 127833]
23,1,[8589]
24,4,[18029, 20087, 36222, 37495]
26,1,[62884]
27,13,[17185, 19582, 50249, 73264, 77518, 82793, 83942, 89006, 89047, 89491, 93948, 100342, 108976]
28,1,[3731]
30,88,[3412, 3446, 3540, 3976, 6297, 26690, 27165, 27176, 28546, 28599, 29165, 31645, 32059, 32083, 32160, 33760, 45107, 64525, 67156, 69453, 76915, 91055, 94575, 95375, 100878, 100940, 107459, 108652, 109865, 118402, 126309, 127165, 129177, 131730, 133203, 137313, 149697, 159354, 162479, 170828, 180073, 180130, 186766, 189122, 189235, 189255, 194057, 214572, 216656, 216665, 217079, 217808, 222518, 224049, 224331, 226671, 226676, 268921, 315338, 316561, 317481, 319772, 345011, 357902, 422887, 433048, 436435, 436463, 440166, 466210, 514938, 527705, 541587, 541741, 548484, 564299, 570783, 578290, 581950, 586747, 586785, 587170, 597968, 612255, 612300, 631505, 631752, 639549]
10,88,[3506, 3540, 3634, 4070, 6391, 26784, 27259, 27270, 28640, 28693, 29259, 31739, 32157, 32181, 32258, 33858, 45205, 64628, 67259, 69556, 77018, 91162, 94682, 95482, 100985, 101047, 107570, 108763, 109976, 118513, 126420, 127276, 129289, 131842, 133315, 137425, 149810, 159467, 162602, 170951, 180196, 180253, 186898, 189254, 189367, 189387, 194189, 214714, 216797, 216806, 217220, 217948, 222668, 224199, 224481, 226821, 226826, 269077, 315497, 316720, 317640, 319931, 345170, 358062, 423053, 433218, 436605, 436633, 440336, 466381, 515107, 527877, 541762, 541916, 548659, 564479, 570963, 578470, 582130, 586932, 586970, 587355, 598159, 612478, 612523, 631780, 632027, 639824]
11,3,[13584, 13755, 20798]
12,5,[1719, 7506, 7560, 15899, 15937]
15,26,[11207, 19321, 32795, 33127, 38919, 41032, 55872, 67310, 67401, 69095, 74693, 88070, 105562, 113303, 121628, 127316, 132300, 132586, 134223, 134656, 141252, 155346, 162634, 163419, 165635, 172227]
16,3,[14642, 19487, 27323]
17,12,[37964, 48687, 49436, 61026, 61102, 140937, 175560, 188475, 215764, 215965, 216030, 216304]
20,1,[61580]
21,3,[10575, 26417, 27108]
22,20,[19137, 46715, 46773, 46794, 46815, 59962, 67202, 68817, 68858, 70488, 74445, 99290, 101650, 101651, 101793, 101795, 103338, 104834, 127810, 127833]
23,1,[8589]
24,4,[18029, 20087, 36222, 37495]
26,1,[62884]
27,13,[17185, 19582, 50249, 73264, 77518, 82793, 83942, 89006, 89047, 89491, 93948, 100342, 108976]
28,1,[3731]
30,88,[3412, 3446, 3540, 3976, 6297, 26690, 27165, 27176, 28546, 28599, 29165, 31645, 32059, 32083, 32160, 33760, 45107, 64525, 67156, 69453, 76915, 91055, 94575, 95375, 100878, 100940, 107459, 108652, 109865, 118402, 126309, 127165, 129177, 131730, 133203, 137313, 149697, 159354, 162479, 170828, 180073, 180130, 186766, 189122, 189235, 189255, 194057, 214572, 216656, 216665, 217079, 217808, 222518, 224049, 224331, 226671, 226676, 268921, 315338, 316561, 317481, 319772, 345011, 357902, 422887, 433048, 436435, 436463, 440166, 466210, 514938, 527705, 541587, 541741, 548484, 564299, 570783, 578290, 581950, 586747, 586785, 587170, 597968, 612255, 612300, 631505, 631752, 639549]
