10,1,[611694]
12,1,[15628]
14,2,[106049, 146712]
15,6,[15930, 22999, 27649, 33321, 64830, 97828]
16,5,[1150, 6759, 10422, 11046, 17655]
18,15,[1454, 14483, 33350, 64032, 68578, 71229, 83420, 90908, 100807, 102150, 102267, 122262, 127440, 136736, 143047]
21,5,[4856, 11702, 12018, 23167, 32415]
22,3,[122067, 150182, 157036]
23,10,[3611, 3977, 5260, 7977, 14369, 14709, 19663, 19703, 26220, 26366]
25,4,[4642, 62119, 129331, 140655]
27,20,[5630, 16683, 16850, 24552, 27891, 28047, 30317, 34580, 39349, 52302, 53925, 56802, 58808, 66992, 75538, 77822, 77852, 92769, 94880, 102319]
28,1,[7439]
30,1,[611471]
10,1,[611694]
12,1,[15628]
14,2,[106049, 146712]
15,6,[15930, 22999, 27649, 33321, 64830, 97828]
16,5,[1150, 6759, 10422, 11046, 17655]
18,15,[1454, 14483, 33350, 64032, 68578, 71229, 83420, 90908, 100807, 102150, 102267, 122262, 127440, 136736, 143047]
21,5,[4856, 11702, 12018, 23167, 32415]
22,3,[122067, 150182, 157036]
23,10,[3611, 3977, 5260, 7977, 14369, 14709, 19663, 19703, 26220, 26366]
25,4,[4642, 62119, 129331, 140655]
27,20,[5630, 16683, 16850, 24552, 27891, 28047, 30317, 34580, 39349, 52302, 53925, 56802, 58808, 66992, 75538, 77822, 77852, 92769, 94880, 102319]
28,1,[7439]
30,1,[611471]
