10,2,[238550, 238553]
15,2,[113877, 136735]
17,1,[128573]
18,1,[133097]
21,1,[21301]
22,16,[62664, 62666, 62723, 62795, 66254, 92358, 92415, 118711, 121897, 122218, 126286, 126345, 152928, 152929, 153025, 158356]
23,9,[5407, 5421, 5479, 5528, 6175, 6509, 8952, 20281, 20286]
25,1,[153991]
27,1,[5043]
30,2,[238400, 238403]
10,2,[238550, 238553]
15,2,[113877, 136735]
17,1,[128573]
18,1,[133097]
21,1,[21301]
22,16,[62664, 62666, 62723, 62795, 66254, 92358, 92415, 118711, 121897, 122218, 126286, 126345, 152928, 152929, 153025, 158356]
23,9,[5407, 5421, 5479, 5528, 6175, 6509, 8952, 20281, 20286]
25,1,[153991]
27,1,[5043]
30,2,[238400, 238403]
