10,11,[42509, 326953, 332854, 339724, 346653, 573861, 577906, 579527, 582865, 582887, 620955]
11,6,[1303, 1811, 2185, 5343, 10471, 11224]
12,12,[3254, 3738, 4648, 6922, 7263, 11620, 11728, 12400, 12476, 12674, 14119, 21373]
13,3,[251, 980, 4068]
14,66,[3542, 8156, 9323, 9875, 14237, 16403, 19614, 19643, 20370, 26075, 26365, 26419, 30999, 34673, 36021, 38682, 41519, 56005, 56481, 58181, 62738, 65983, 78687, 78980, 83977, 88328, 96289, 97617, 100812, 105220, 109400, 111837, 113581, 114027, 117440, 121398, 122205, 124986, 128510, 130754, 132749, 135213, 135282, 135709, 140765, 144126, 149422, 152957, 153475, 156674, 157419, 158225, 158356, 161812, 163349, 163897, 166010, 169934, 174287, 176247, 180691, 182205, 185759, 187241, 191110, 195046]
15,195,[615, 3448, 3720, 3976, 5558, 6235, 6702, 6779, 7639, 8870, 9962, 10675, 12098, 14153, 15305, 15650, 15950, 18126, 21015, 21236, 24058, 27089, 28290, 28301, 31551, 31571, 33359, 33544, 33770, 34001, 34542, 34809, 36468, 37277, 37307, 37934, 38502, 38533, 39369, 39568, 39776, 40253, 41402, 41696, 42340, 42662, 43044, 44038, 44080, 44356, 44762, 45808, 47272, 47627, 48013, 48895, 50205, 50541, 51893, 54829, 55367, 55845, 56343, 57466, 57648, 59726, 60921, 60968, 60975, 61080, 63938, 64305, 64328, 68921, 69347, 70658, 71328, 71938, 72120, 72592, 73116, 73237, 74928, 76806, 77446, 81543, 82690, 84129, 85592, 85889, 85988, 86413, 86589, 86849, 87047, 88699, 93396, 93597, 94488, 94711, 95370, 95714, 96303, 96836, 97695, 98374, 99746, 102794, 103401, 103672, 104365, 104787, 105266, 105497, 106038, 106194, 106351, 106961, 107266, 107497, 107914, 108325, 108700, 109308, 110395, 114429, 115865, 116834, 117156, 117212, 117233, 117991, 118137, 118303, 119048, 119143, 120440, 121141, 123586, 124413, 125131, 127208, 127631, 127684, 127727, 128638, 128883, 130330, 130990, 131725, 132036, 133510, 133599, 139327, 139459, 139497, 139820, 140492, 142732, 144169, 144599, 144720, 144994, 146546, 147089, 147200, 148160, 149194, 150002, 150417, 152501, 154757, 155967, 156295, 156934, 160156, 161992, 162107, 162259, 162270, 164461, 164530, 165603, 166952, 167355, 167430, 168405, 169920, 171636, 171849, 172167, 172439, 172652, 173473, 173805]
16,35,[446, 694, 6839, 7931, 9592, 10034, 13115, 13256, 14023, 14647, 15713, 17276, 18434, 19235, 19719, 20159, 21248, 21425, 21641, 22074, 22639, 24186, 25102, 25864, 26016, 26825, 27860, 27983, 28514, 29849, 30877, 30942, 32717, 33923, 37440]
17,11,[49181, 54498, 82844, 108004, 109123, 126479, 151526, 153306, 158678, 172626, 192122]
18,47,[2664, 6187, 7221, 8187, 10773, 12764, 15024, 19390, 20874, 21402, 22357, 23865, 26525, 26912, 28445, 29106, 33246, 33706, 40822, 42147, 44152, 47912, 52476, 54968, 56126, 58850, 58922, 61805, 65137, 67849, 67945, 79154, 89576, 93262, 95661, 104945, 105692, 105770, 112236, 116256, 117874, 118649, 120266, 121097, 139736, 140614, 147453]
19,5,[1850, 1853, 17078, 20322, 25455]
20,2,[38099, 38878]
21,5,[4853, 7731, 18238, 24581, 26055]
22,6,[210, 5166, 7493, 17401, 18306, 95030]
23,33,[657, 5191, 5538, 6666, 6704, 7290, 7519, 7795, 9198, 9508, 10872, 10908, 11785, 13192, 14520, 15598, 15743, 16520, 16667, 16965, 17771, 20151, 21472, 21993, 22345, 22479, 23927, 24882, 25290, 26900, 27289, 27591, 28347]
24,23,[1615, 2285, 2400, 4478, 11034, 11773, 12084, 12536, 14279, 14900, 21218, 22583, 23190, 23355, 24365, 27429, 28698, 29385, 29710, 32419, 32728, 34272, 36293]
25,77,[3952, 8383, 9578, 10100, 14198, 16224, 18499, 19184, 20041, 22337, 25294, 25567, 25619, 29961, 29987, 33394, 34656, 37254, 37740, 39911, 44888, 45067, 49233, 53667, 54109, 60299, 62985, 63726, 75129, 75389, 80229, 84650, 85330, 87037, 92225, 96748, 99039, 102141, 104838, 107245, 108842, 109289, 112414, 113494, 116374, 117095, 119774, 123060, 129513, 129578, 129653, 129964, 133856, 134921, 138154, 141480, 141668, 143288, 146559, 146997, 149998, 150690, 151499, 155085, 155401, 157065, 159112, 162985, 164590, 164743, 169146, 173297, 174774, 178138, 179518, 182531, 186859]
26,2,[39018, 39822]
27,69,[411, 2378, 2549, 3584, 3741, 3833, 3931, 5238, 6295, 7474, 9031, 10919, 14045, 17392, 19274, 22230, 22552, 23994, 24683, 29274, 30861, 30989, 32683, 33614, 34125, 34156, 37443, 38823, 42390, 42971, 42994, 43123, 45339, 48076, 49802, 50386, 50484, 51340, 56083, 57519, 59432, 59659, 62197, 64003, 67456, 67573, 68081, 69801, 79591, 80180, 83234, 83335, 83892, 84236, 85845, 86362, 87314, 89235, 90139, 94005, 95582, 96243, 96282, 97731, 98103, 101069, 102238, 103669, 106636]
28,4,[433, 519, 5625, 10160]
30,11,[42411, 326794, 332695, 339565, 346494, 573681, 577726, 579347, 582685, 582707, 620703]
10,11,[42509, 326953, 332854, 339724, 346653, 573861, 577906, 579527, 582865, 582887, 620955]
11,6,[1303, 1811, 2185, 5343, 10471, 11224]
12,12,[3254, 3738, 4648, 6922, 7263, 11620, 11728, 12400, 12476, 12674, 14119, 21373]
13,3,[251, 980, 4068]
14,66,[3542, 8156, 9323, 9875, 14237, 16403, 19614, 19643, 20370, 26075, 26365, 26419, 30999, 34673, 36021, 38682, 41519, 56005, 56481, 58181, 62738, 65983, 78687, 78980, 83977, 88328, 96289, 97617, 100812, 105220, 109400, 111837, 113581, 114027, 117440, 121398, 122205, 124986, 128510, 130754, 132749, 135213, 135282, 135709, 140765, 144126, 149422, 152957, 153475, 156674, 157419, 158225, 158356, 161812, 163349, 163897, 166010, 169934, 174287, 176247, 180691, 182205, 185759, 187241, 191110, 195046]
15,195,[615, 3448, 3720, 3976, 5558, 6235, 6702, 6779, 7639, 8870, 9962, 10675, 12098, 14153, 15305, 15650, 15950, 18126, 21015, 21236, 24058, 27089, 28290, 28301, 31551, 31571, 33359, 33544, 33770, 34001, 34542, 34809, 36468, 37277, 37307, 37934, 38502, 38533, 39369, 39568, 39776, 40253, 41402, 41696, 42340, 42662, 43044, 44038, 44080, 44356, 44762, 45808, 47272, 47627, 48013, 48895, 50205, 50541, 51893, 54829, 55367, 55845, 56343, 57466, 57648, 59726, 60921, 60968, 60975, 61080, 63938, 64305, 64328, 68921, 69347, 70658, 71328, 71938, 72120, 72592, 73116, 73237, 74928, 76806, 77446, 81543, 82690, 84129, 85592, 85889, 85988, 86413, 86589, 86849, 87047, 88699, 93396, 93597, 94488, 94711, 95370, 95714, 96303, 96836, 97695, 98374, 99746, 102794, 103401, 103672, 104365, 104787, 105266, 105497, 106038, 106194, 106351, 106961, 107266, 107497, 107914, 108325, 108700, 109308, 110395, 114429, 115865, 116834, 117156, 117212, 117233, 117991, 118137, 118303, 119048, 119143, 120440, 121141, 123586, 124413, 125131, 127208, 127631, 127684, 127727, 128638, 128883, 130330, 130990, 131725, 132036, 133510, 133599, 139327, 139459, 139497, 139820, 140492, 142732, 144169, 144599, 144720, 144994, 146546, 147089, 147200, 148160, 149194, 150002, 150417, 152501, 154757, 155967, 156295, 156934, 160156, 161992, 162107, 162259, 162270, 164461, 164530, 165603, 166952, 167355, 167430, 168405, 169920, 171636, 171849, 172167, 172439, 172652, 173473, 173805]
16,35,[446, 694, 6839, 7931, 9592, 10034, 13115, 13256, 14023, 14647, 15713, 17276, 18434, 19235, 19719, 20159, 21248, 21425, 21641, 22074, 22639, 24186, 25102, 25864, 26016, 26825, 27860, 27983, 28514, 29849, 30877, 30942, 32717, 33923, 37440]
17,11,[49181, 54498, 82844, 108004, 109123, 126479, 151526, 153306, 158678, 172626, 192122]
18,47,[2664, 6187, 7221, 8187, 10773, 12764, 15024, 19390, 20874, 21402, 22357, 23865, 26525, 26912, 28445, 29106, 33246, 33706, 40822, 42147, 44152, 47912, 52476, 54968, 56126, 58850, 58922, 61805, 65137, 67849, 67945, 79154, 89576, 93262, 95661, 104945, 105692, 105770, 112236, 116256, 117874, 118649, 120266, 121097, 139736, 140614, 147453]
19,5,[1850, 1853, 17078, 20322, 25455]
20,2,[38099, 38878]
21,5,[4853, 7731, 18238, 24581, 26055]
22,6,[210, 5166, 7493, 17401, 18306, 95030]
23,33,[657, 5191, 5538, 6666, 6704, 7290, 7519, 7795, 9198, 9508, 10872, 10908, 11785, 13192, 14520, 15598, 15743, 16520, 16667, 16965, 17771, 20151, 21472, 21993, 22345, 22479, 23927, 24882, 25290, 26900, 27289, 27591, 28347]
24,23,[1615, 2285, 2400, 4478, 11034, 11773, 12084, 12536, 14279, 14900, 21218, 22583, 23190, 23355, 24365, 27429, 28698, 29385, 29710, 32419, 32728, 34272, 36293]
25,77,[3952, 8383, 9578, 10100, 14198, 16224, 18499, 19184, 20041, 22337, 25294, 25567, 25619, 29961, 29987, 33394, 34656, 37254, 37740, 39911, 44888, 45067, 49233, 53667, 54109, 60299, 62985, 63726, 75129, 75389, 80229, 84650, 85330, 87037, 92225, 96748, 99039, 102141, 104838, 107245, 108842, 109289, 112414, 113494, 116374, 117095, 119774, 123060, 129513, 129578, 129653, 129964, 133856, 134921, 138154, 141480, 141668, 143288, 146559, 146997, 149998, 150690, 151499, 155085, 155401, 157065, 159112, 162985, 164590, 164743, 169146, 173297, 174774, 178138, 179518, 182531, 186859]
26,2,[39018, 39822]
27,69,[411, 2378, 2549, 3584, 3741, 3833, 3931, 5238, 6295, 7474, 9031, 10919, 14045, 17392, 19274, 22230, 22552, 23994, 24683, 29274, 30861, 30989, 32683, 33614, 34125, 34156, 37443, 38823, 42390, 42971, 42994, 43123, 45339, 48076, 49802, 50386, 50484, 51340, 56083, 57519, 59432, 59659, 62197, 64003, 67456, 67573, 68081, 69801, 79591, 80180, 83234, 83335, 83892, 84236, 85845, 86362, 87314, 89235, 90139, 94005, 95582, 96243, 96282, 97731, 98103, 101069, 102238, 103669, 106636]
28,4,[433, 519, 5625, 10160]
30,11,[42411, 326794, 332695, 339565, 346494, 573681, 577726, 579347, 582685, 582707, 620703]
