10,20,[28139, 215228, 215243, 278953, 302902, 322265, 322906, 323774, 329713, 341863, 344907, 372991, 387267, 388745, 464053, 465052, 465975, 473244, 483752, 527000]
11,5,[484, 4539, 7621, 8807, 10719]
12,5,[9385, 9917, 12265, 14392, 20873]
15,3,[150194, 169660, 171309]
17,2,[58611, 185586]
19,9,[7281, 8309, 8796, 10510, 20535, 21165, 21967, 25716, 26384]
20,7,[806, 16205, 19254, 21709, 31705, 41268, 50238]
21,1,[7531]
22,4,[52501, 83532, 105891, 119528]
24,5,[9873, 13062, 15792, 28867, 39128]
26,7,[1172, 16852, 19958, 22457, 32577, 42205, 51284]
27,3,[23397, 27058, 81070]
30,20,[28045, 215086, 215101, 278798, 302744, 322106, 322747, 323615, 329554, 341704, 344748, 372828, 387104, 388582, 463882, 464881, 465804, 473074, 483587, 526828]
10,20,[28139, 215228, 215243, 278953, 302902, 322265, 322906, 323774, 329713, 341863, 344907, 372991, 387267, 388745, 464053, 465052, 465975, 473244, 483752, 527000]
11,5,[484, 4539, 7621, 8807, 10719]
12,5,[9385, 9917, 12265, 14392, 20873]
15,3,[150194, 169660, 171309]
17,2,[58611, 185586]
19,9,[7281, 8309, 8796, 10510, 20535, 21165, 21967, 25716, 26384]
20,7,[806, 16205, 19254, 21709, 31705, 41268, 50238]
21,1,[7531]
22,4,[52501, 83532, 105891, 119528]
24,5,[9873, 13062, 15792, 28867, 39128]
26,7,[1172, 16852, 19958, 22457, 32577, 42205, 51284]
27,3,[23397, 27058, 81070]
30,20,[28045, 215086, 215101, 278798, 302744, 322106, 322747, 323615, 329554, 341704, 344748, 372828, 387104, 388582, 463882, 464881, 465804, 473074, 483587, 526828]
