10,55,[53883, 80357, 95672, 95735, 95959, 96232, 110135, 113344, 145011, 215965, 216109, 227939, 227955, 232974, 234940, 234961, 234976, 236484, 236501, 236794, 262863, 267854, 267867, 271039, 272470, 272477, 272882, 273776, 274441, 274458, 274475, 274772, 275114, 275164, 275193, 330304, 370414, 378208, 391543, 399548, 399553, 402592, 402598, 432624, 432662, 432679, 432890, 474073, 474075, 474547, 474570, 474685, 475281, 478558, 589278]
20,3,[2407, 3014, 58478]
21,2,[8010, 14654]
26,3,[2800, 3478, 59668]
30,55,[53784, 80250, 95565, 95628, 95852, 96125, 110024, 113233, 144898, 215823, 215967, 227789, 227805, 232824, 234790, 234811, 234826, 236334, 236351, 236644, 262707, 267698, 267711, 270883, 272314, 272321, 272726, 273620, 274285, 274302, 274319, 274616, 274958, 275008, 275037, 330145, 370251, 378045, 391380, 399382, 399387, 402426, 402432, 432454, 432492, 432509, 432720, 473903, 473905, 474377, 474400, 474515, 475111, 478390, 589093]
10,55,[53883, 80357, 95672, 95735, 95959, 96232, 110135, 113344, 145011, 215965, 216109, 227939, 227955, 232974, 234940, 234961, 234976, 236484, 236501, 236794, 262863, 267854, 267867, 271039, 272470, 272477, 272882, 273776, 274441, 274458, 274475, 274772, 275114, 275164, 275193, 330304, 370414, 378208, 391543, 399548, 399553, 402592, 402598, 432624, 432662, 432679, 432890, 474073, 474075, 474547, 474570, 474685, 475281, 478558, 589278]
20,3,[2407, 3014, 58478]
21,2,[8010, 14654]
26,3,[2800, 3478, 59668]
30,55,[53784, 80250, 95565, 95628, 95852, 96125, 110024, 113233, 144898, 215823, 215967, 227789, 227805, 232824, 234790, 234811, 234826, 236334, 236351, 236644, 262707, 267698, 267711, 270883, 272314, 272321, 272726, 273620, 274285, 274302, 274319, 274616, 274958, 275008, 275037, 330145, 370251, 378045, 391380, 399382, 399387, 402426, 402432, 432454, 432492, 432509, 432720, 473903, 473905, 474377, 474400, 474515, 475111, 478390, 589093]
