14,45,[10276, 10338, 10510, 12571, 19207, 21131, 22736, 24150, 24914, 24934, 32377, 34043, 34362, 43771, 44525, 51287, 51301, 52221, 53560, 53584, 68914, 77231, 77252, 77273, 119979, 127533, 127550, 127756, 129606, 134198, 135863, 136571, 136589, 139635, 139652, 174396, 174411, 180863, 181171, 184330, 189832, 196741, 197036, 197042, 197452]
15,12,[1797, 12964, 21960, 34902, 35304, 57849, 64570, 75555, 110508, 122398, 131691, 150997]
18,116,[923, 2139, 2216, 2267, 2388, 2956, 3290, 3440, 3521, 3731, 3733, 3740, 3780, 3830, 4684, 5110, 5436, 5540, 5886, 6248, 6302, 6610, 6888, 7015, 9696, 10466, 12145, 12408, 12906, 16074, 16111, 16311, 16321, 16767, 17078, 17308, 17761, 17817, 18488, 18516, 20167, 20738, 21616, 21785, 21920, 22079, 23002, 25936, 32836, 34134, 34160, 34166, 35517, 36571, 37491, 38051, 40612, 40710, 41053, 41249, 45934, 46452, 47577, 47643, 59596, 60056, 61716, 62612, 62880, 64166, 64919, 65918, 66131, 66835, 66850, 67015, 67037, 67080, 67164, 67569, 67649, 67909, 69501, 73781, 74092, 75848, 75897, 75952, 79299, 81647, 83756, 86054, 86094, 88472, 88785, 90004, 92239, 92265, 92419, 94957, 98704, 102192, 102798, 103185, 103693, 104389, 104527, 112198, 112650, 113642, 117834, 120226, 127207, 144818, 146022, 147810]
23,2,[29872, 30115]
25,63,[10484, 10540, 10697, 12659, 18796, 20732, 22250, 23500, 24232, 24250, 31251, 32832, 33115, 42000, 42701, 49210, 49222, 51449, 51473, 65696, 73627, 73648, 73669, 87103, 87105, 97471, 114920, 122173, 122190, 122381, 124127, 128450, 130092, 130752, 130768, 133828, 133845, 141895, 167403, 167418, 173455, 173756, 176800, 182049, 188502, 188900, 188906, 188916, 189293, 189899, 189912, 191244, 191890, 192097, 192104, 192112, 192123, 193097, 193167, 193510, 196199, 197233, 197245]
27,1,[98026]
28,1,[698]
14,45,[10276, 10338, 10510, 12571, 19207, 21131, 22736, 24150, 24914, 24934, 32377, 34043, 34362, 43771, 44525, 51287, 51301, 52221, 53560, 53584, 68914, 77231, 77252, 77273, 119979, 127533, 127550, 127756, 129606, 134198, 135863, 136571, 136589, 139635, 139652, 174396, 174411, 180863, 181171, 184330, 189832, 196741, 197036, 197042, 197452]
15,12,[1797, 12964, 21960, 34902, 35304, 57849, 64570, 75555, 110508, 122398, 131691, 150997]
18,116,[923, 2139, 2216, 2267, 2388, 2956, 3290, 3440, 3521, 3731, 3733, 3740, 3780, 3830, 4684, 5110, 5436, 5540, 5886, 6248, 6302, 6610, 6888, 7015, 9696, 10466, 12145, 12408, 12906, 16074, 16111, 16311, 16321, 16767, 17078, 17308, 17761, 17817, 18488, 18516, 20167, 20738, 21616, 21785, 21920, 22079, 23002, 25936, 32836, 34134, 34160, 34166, 35517, 36571, 37491, 38051, 40612, 40710, 41053, 41249, 45934, 46452, 47577, 47643, 59596, 60056, 61716, 62612, 62880, 64166, 64919, 65918, 66131, 66835, 66850, 67015, 67037, 67080, 67164, 67569, 67649, 67909, 69501, 73781, 74092, 75848, 75897, 75952, 79299, 81647, 83756, 86054, 86094, 88472, 88785, 90004, 92239, 92265, 92419, 94957, 98704, 102192, 102798, 103185, 103693, 104389, 104527, 112198, 112650, 113642, 117834, 120226, 127207, 144818, 146022, 147810]
23,2,[29872, 30115]
25,63,[10484, 10540, 10697, 12659, 18796, 20732, 22250, 23500, 24232, 24250, 31251, 32832, 33115, 42000, 42701, 49210, 49222, 51449, 51473, 65696, 73627, 73648, 73669, 87103, 87105, 97471, 114920, 122173, 122190, 122381, 124127, 128450, 130092, 130752, 130768, 133828, 133845, 141895, 167403, 167418, 173455, 173756, 176800, 182049, 188502, 188900, 188906, 188916, 189293, 189899, 189912, 191244, 191890, 192097, 192104, 192112, 192123, 193097, 193167, 193510, 196199, 197233, 197245]
27,1,[98026]
28,1,[698]
