8,1,[586]
9,6,[62, 250, 1092, 1123, 1641, 2106]
10,916,[8338, 8364, 8626, 11983, 12067, 12369, 17875, 17883, 17911, 17916, 17965, 18122, 20804, 20991, 20996, 21077, 22108, 24716, 25961, 29516, 32361, 35332, 37053, 37469, 39227, 39601, 39653, 39930, 41173, 42599, 46905, 48852, 50930, 50958, 51223, 51237, 51263, 52014, 52752, 53769, 53811, 54003, 54481, 54556, 55286, 61714, 61947, 62074, 62646, 62704, 64750, 64768, 64954, 65179, 65226, 65265, 65508, 69279, 69762, 70146, 70361, 70477, 70505, 70519, 70542, 70590, 70605, 71165, 71220, 71374, 71528, 71902, 72016, 72082, 72114, 72278, 72396, 72644, 72700, 72829, 72920, 73120, 73710, 74353, 74372, 74854, 75830, 76046, 76507, 76518, 76730, 76805, 76955, 77076, 78915, 78938, 79733, 79985, 79997, 80627, 80640, 80656, 80703, 80864, 81288, 82510, 82697, 85078, 85267, 85305, 85375, 85398, 85726, 85840, 85863, 86873, 86915, 86923, 87325, 87343, 87852, 88092, 88872, 88912, 88930, 89514, 89830, 89998, 90103, 90169, 90179, 90205, 90503, 90901, 91176, 91418, 91489, 91690, 91993, 92421, 92428, 92500, 92531, 92960, 93210, 94068, 95843, 96095, 96937, 97016, 97083, 98242, 98252, 98279, 98432, 98442, 98474, 101008, 101018, 102369, 102669, 103273, 103998, 104208, 104611, 105237, 105291, 105883, 106283, 106303, 106322, 107558, 108155, 108163, 109777, 110406, 110408, 110565, 110588, 114183, 114496, 114525, 114565, 114811, 115375, 115452, 116232, 116550, 116700, 116943, 117138, 117315, 117476, 118063, 118081, 118867, 118906, 119196, 119761, 119854, 120177, 120321, 120753, 121857, 123546, 123950, 124014, 124252, 124285, 124768, 124773, 124799, 125150, 126108, 126167, 127048, 127178, 127415, 127520, 129719, 129830, 130210, 132224, 132260, 132299, 132489, 132929, 133589, 133669, 133826, 134051, 134193, 134367, 136784, 136941, 137264, 137569, 137937, 138635, 138661, 138811, 138823, 138852, 138918, 139234, 139273, 139357, 140577, 140736, 140877, 141934, 142178, 142320, 142690, 142967, 142973, 143077, 143412, 143776, 143899, 144509, 144814, 144832, 144863, 144891, 145645, 147020, 147033, 147118, 147140, 147188, 151906, 153087, 153091, 153971, 153976, 156247, 156878, 158229, 158315, 159238, 159404, 160418, 160684, 161605, 162635, 163916, 164277, 164967, 165497, 166341, 166898, 167365, 167380, 167399, 167419, 167644, 167657, 167689, 169792, 170212, 170292, 170463, 170902, 170926, 171548, 171634, 172410, 174842, 176635, 182331, 186022, 186027, 192229, 192908, 193194, 195452, 197908, 198102, 198373, 198389, 198482, 202205, 203317, 203911, 205707, 207107, 207685, 209335, 211845, 217779, 217854, 221724, 225542, 227452, 232015, 232051, 232528, 233321, 234741, 236421, 240666, 242804, 245472, 245571, 245578, 245816, 245879, 247994, 248168, 248174, 248278, 249430, 250392, 251577, 252133, 252148, 253144, 253152, 253262, 253267, 253484, 253501, 253509, 253531, 253714, 254424, 257650, 258114, 259572, 259746, 261833, 266175, 267285, 268421, 268622, 269695, 270788, 273429, 273438, 273824, 274658, 274899, 276389, 277384, 277463, 278337, 278412, 283164, 283667, 285344, 286136, 286321, 287441, 288711, 289738, 290331, 292062, 292672, 293681, 294006, 296501, 296739, 296899, 297083, 297497, 297660, 301876, 302494, 302797, 305647, 306239, 306258, 307595, 307769, 308216, 308588, 309989, 310439, 311095, 312492, 313036, 314504, 315027, 315309, 315470, 316992, 316998, 318245, 320578, 320611, 320617, 320911, 320967, 321189, 322885, 323252, 323257, 323338, 323345, 325034, 325304, 325370, 325402, 325507, 327410, 328094, 328828, 328888, 329051, 329373, 329521, 329943, 330689, 330987, 331254, 332728, 333113, 333118, 333202, 333654, 333659, 334687, 334714, 335063, 335349, 335475, 335927, 336026, 336197, 336815, 336824, 337357, 337461, 341222, 342379, 345195, 347000, 347279, 347284, 349769, 350495, 350957, 353376, 353378, 353484, 355034, 356104, 356331, 356670, 358742, 359415, 359421, 359909, 360266, 361247, 361366, 361369, 361375, 361381, 361593, 361879, 361931, 362292, 362311, 362409, 362442, 362492, 363774, 364713, 365410, 366627, 366645, 367631, 368506, 372958, 375235, 375370, 377159, 377167, 378527, 380094, 381466, 381957, 382227, 382299, 382668, 382932, 384851, 385939, 386464, 388369, 390423, 390429, 391547, 392547, 392588, 394481, 394709, 395940, 396384, 396460, 396664, 397828, 397969, 398422, 398832, 399428, 399433, 400190, 401399, 403433, 406983, 407421, 407641, 410107, 410445, 411181, 412584, 416117, 416249, 417706, 417839, 417992, 418025, 418197, 418593, 418618, 420112, 421385, 422323, 423144, 423149, 423766, 424316, 424932, 425568, 425887, 427366, 427371, 427389, 427423, 427836, 428247, 429662, 429770, 430078, 430362, 430879, 430902, 431296, 431566, 431951, 432455, 432731, 432747, 432884, 434135, 434989, 435153, 435309, 435317, 435755, 435777, 435873, 435904, 436613, 437374, 437447, 437830, 440071, 440463, 440469, 440535, 440655, 440967, 441273, 441650, 443020, 443284, 443361, 443613, 445428, 446672, 446942, 447406, 447551, 447917, 447933, 448685, 448769, 448775, 448843, 449025, 449148, 449309, 449571, 449856, 450383, 451108, 451383, 451698, 452121, 452693, 452756, 452789, 452802, 452835, 452976, 453655, 454635, 455044, 455223, 456449, 458723, 461275, 461281, 461291, 461301, 462347, 462635, 465740, 467631, 470821, 471060, 473255, 473704, 473713, 474026, 474050, 474528, 474817, 475600, 476688, 476735, 476901, 477111, 477255, 477537, 478273, 478836, 480760, 480957, 480972, 481018, 483474, 483580, 483921, 484098, 484106, 484113, 484637, 485867, 486224, 488680, 489106, 489170, 489785, 489827, 489857, 490516, 491793, 492115, 493024, 493667, 493738, 494516, 494972, 495017, 495035, 495123, 496690, 497808, 501183, 502115, 502665, 503513, 503814, 503892, 504034, 504374, 505911, 505929, 508632, 508638, 508648, 509522, 510528, 512788, 514648, 514983, 515446, 515970, 517563, 517777, 518237, 519108, 519848, 521048, 521093, 521111, 522091, 522106, 522861, 523220, 523226, 524157, 525114, 527349, 527518, 527713, 528071, 528510, 528565, 528814, 530110, 531722, 533988, 534218, 534778, 534914, 536738, 536779, 537097, 537605, 537737, 542222, 543902, 544557, 544976, 546440, 546526, 546540, 546576, 546601, 546767, 547073, 548335, 549039, 549296, 549495, 552822, 553495, 553627, 554083, 554441, 554454, 554590, 554824, 555947, 556696, 557899, 557946, 558316, 558333, 558705, 560389, 560720, 560771, 562813, 562834, 564361, 564886, 565340, 566259, 566542, 566605, 566634, 566989, 567298, 567741, 567971, 568081, 571378, 572845, 573532, 574292, 574749, 574843, 574957, 575031, 576843, 576853, 577075, 578720, 578796, 578855, 579319, 579367, 579708, 580693, 581319, 581597, 581820, 581838, 582369, 582385, 582673, 583370, 583879, 584325, 584440, 584548, 584554, 584685, 584689, 585448, 588109, 589535, 589926, 591001, 591532, 592007, 592038, 592379, 592430, 592697, 592933, 593383, 593391, 593419, 593616, 593696, 593723, 596241, 596251, 596261, 596458, 598032, 599423, 601004, 602085, 602290, 602505, 602811, 603121, 603300, 603808, 603937, 604362, 604407, 606322, 606754, 607470, 608936, 610367, 611391, 611541, 611745, 611814, 612716, 612739, 612777, 613070, 613548, 613610, 615898, 619180, 623800, 624356, 624470, 624560, 625071, 625085, 625899, 626699, 626920, 626944, 627542, 627550, 627692, 630713, 631181, 632164, 634496, 637125]
11,12,[583, 1079, 3514, 4605, 6373, 7842, 7890, 8272, 8284, 10065, 12311, 12675]
12,16,[1124, 1767, 1910, 2034, 5303, 5397, 6116, 9693, 11415, 11523, 11799, 12062, 18953, 19093, 21719, 22985]
13,1,[2144]
14,61,[4572, 9039, 9081, 11187, 13376, 14719, 24784, 26442, 32704, 38331, 43646, 52961, 60136, 60849, 62351, 63442, 63740, 65860, 70757, 74407, 83521, 84659, 86766, 89824, 92060, 93399, 93595, 98173, 105221, 107157, 107727, 110034, 112907, 113603, 116261, 121425, 122998, 130738, 132150, 132304, 145101, 145502, 145713, 156197, 159770, 160964, 162269, 164800, 168716, 175673, 180307, 181708, 185856, 187726, 188069, 188509, 188511, 189793, 192108, 194557, 196038]
15,167,[1033, 1067, 2612, 3127, 3922, 4860, 9495, 12371, 12391, 12532, 13538, 13600, 13797, 14018, 14067, 14786, 15149, 15370, 16045, 18151, 19612, 19733, 19772, 19862, 21945, 22096, 22940, 23152, 23395, 24947, 29791, 30574, 31607, 34014, 34519, 34548, 34698, 36917, 37964, 38847, 38962, 39711, 40680, 40685, 41488, 42015, 42361, 42458, 42544, 42566, 42834, 43299, 43428, 43853, 43938, 44037, 44723, 44885, 45705, 46474, 48073, 48194, 49046, 49353, 50362, 50397, 52333, 53637, 55210, 55245, 57813, 57845, 58001, 59039, 61531, 62195, 63171, 63460, 67893, 70929, 71485, 71578, 74466, 75093, 75375, 76190, 79579, 80242, 80660, 81453, 81971, 83727, 84596, 84818, 86267, 92538, 92659, 92873, 92884, 93436, 93761, 94706, 95201, 96806, 96848, 97083, 98244, 98908, 101295, 107179, 107641, 111019, 111768, 114667, 116260, 116507, 116708, 118000, 118578, 119810, 120745, 120834, 120851, 121000, 121709, 127343, 127623, 128418, 132290, 132318, 135586, 135637, 136464, 137217, 137265, 137281, 137586, 137852, 139440, 139619, 139864, 141004, 141725, 141834, 142119, 145194, 148053, 149585, 153850, 155998, 159898, 160019, 160027, 160466, 164045, 165012, 165073, 166906, 167090, 167229, 168409, 168648, 169331, 171179, 171604, 172015, 173513]
16,14,[6146, 10738, 12369, 17425, 18071, 21622, 22250, 22321, 24868, 25431, 30346, 32795, 33045, 35643]
17,581,[1369, 3625, 6662, 6804, 6892, 6981, 7959, 8116, 8190, 8505, 9085, 9182, 9369, 9625, 10102, 10527, 10747, 10756, 10953, 11135, 11227, 11313, 11328, 12224, 15539, 15978, 17851, 18084, 18535, 19635, 19733, 19838, 19866, 20051, 20381, 20428, 20435, 21274, 21965, 23398, 23539, 23591, 23626, 23988, 26976, 27485, 27838, 29701, 29704, 29741, 29788, 30119, 30136, 30744, 31756, 32446, 33676, 33694, 34677, 35557, 36849, 37088, 37200, 37458, 37593, 38243, 38676, 38861, 39395, 39873, 40276, 40339, 40508, 41642, 42458, 42478, 42515, 42571, 42639, 42930, 43960, 44651, 45882, 46285, 46346, 50915, 50929, 51638, 52392, 52547, 52841, 52886, 53868, 54409, 54583, 54923, 55046, 55086, 55180, 55612, 56280, 57195, 57260, 57754, 58011, 58051, 58654, 59717, 59838, 60310, 60328, 60644, 61236, 61626, 61635, 61719, 62151, 62682, 62708, 64786, 64795, 65086, 65149, 65160, 65348, 67017, 67384, 67494, 68783, 68848, 68955, 69308, 70330, 70453, 70474, 70481, 70863, 71200, 71579, 71628, 71743, 71757, 72292, 73420, 74076, 74327, 74811, 74910, 75819, 76315, 76615, 76951, 77020, 77042, 77252, 77258, 77385, 77396, 77451, 78377, 78720, 78780, 79168, 79245, 79253, 79322, 79352, 79769, 79841, 80140, 80326, 80596, 80731, 80851, 81158, 81179, 81202, 81470, 81499, 81505, 81571, 81581, 81988, 82015, 84367, 84437, 84543, 84587, 84710, 84807, 84810, 84846, 85857, 85903, 86610, 86888, 86955, 87031, 87203, 87718, 87727, 89287, 89434, 89658, 90836, 91208, 91519, 91586, 91834, 91853, 91858, 91974, 93787, 95295, 95786, 95840, 95913, 98149, 98159, 98188, 98242, 98537, 98794, 99043, 99064, 99216, 99219, 99230, 99292, 100210, 100317, 101577, 101713, 101716, 101915, 101996, 102214, 102236, 102333, 102360, 102471, 102508, 102619, 102629, 105393, 105483, 105495, 106047, 106084, 106268, 106277, 106877, 107783, 107835, 107997, 108508, 109646, 109952, 109959, 110121, 110463, 110704, 110740, 110747, 110951, 110981, 111017, 111056, 111154, 111344, 111755, 112455, 113928, 113932, 114060, 114269, 114839, 114960, 114979, 115283, 115289, 115394, 115974, 117353, 117500, 119048, 119060, 121092, 121794, 121929, 122234, 122279, 125229, 126493, 126544, 126559, 127975, 128426, 128433, 128450, 128706, 128732, 128743, 128821, 129109, 129439, 130161, 130348, 130373, 130398, 130954, 131524, 132325, 132780, 132880, 133573, 133628, 134309, 134360, 134430, 134442, 134713, 135126, 135281, 135335, 135400, 135704, 135949, 138324, 138897, 139676, 139700, 139712, 140489, 143081, 143143, 145506, 145910, 145923, 145930, 145983, 146400, 146417, 146894, 147777, 148888, 148993, 149665, 149914, 149943, 150002, 150199, 150224, 150365, 150958, 151111, 151229, 151576, 151594, 151612, 152135, 152262, 152852, 153168, 153185, 153190, 153265, 154289, 154323, 154340, 154949, 155548, 155573, 155709, 155727, 155730, 156127, 156138, 156189, 156838, 156853, 157021, 157056, 157788, 158122, 158320, 158921, 158937, 159117, 159167, 159279, 159720, 160070, 160131, 160383, 160670, 160749, 160847, 160911, 160915, 161705, 161711, 163271, 163726, 163782, 163822, 164526, 165117, 165793, 165908, 166084, 166251, 166261, 166465, 166490, 166568, 166716, 166964, 167547, 167595, 167815, 167864, 168243, 168421, 168454, 169128, 169189, 169298, 169322, 169352, 170239, 170527, 170665, 170995, 171283, 171364, 171374, 171393, 172032, 172167, 172372, 172852, 172879, 172947, 173297, 173366, 173615, 173854, 174362, 174496, 174897, 174926, 176302, 176493, 176583, 176714, 176724, 177127, 179337, 179706, 179852, 179930, 180156, 180214, 180225, 180316, 180384, 180399, 180431, 180721, 181402, 181633, 181718, 181724, 182068, 182108, 182200, 182207, 182381, 183350, 183755, 183767, 183770, 183778, 184000, 184674, 184830, 184901, 185003, 185008, 185104, 185117, 185125, 185132, 185302, 185339, 185350, 185422, 185445, 185462, 185488, 185521, 187479, 187611, 187747, 189250, 189347, 189360, 189475, 189534, 189895, 190297, 190315, 190403, 190639, 190652, 190777, 191046, 191085, 191232, 191279, 191352, 191437, 191462, 191488, 192195, 192395, 192427, 192884, 194218, 194609, 194637, 194644, 194655, 194991, 195331, 195620, 195859, 196230, 196890, 196905, 198044, 198952, 199370, 199634, 199642, 200692, 204037, 204226, 204538, 204796, 205065, 205630, 205637, 205791, 205806, 208439, 208678, 208722, 208741, 209245, 209252, 209313, 209871, 210528, 210701, 210708, 211471, 211932, 213238, 213795, 213885, 213921, 214872, 215151, 215536, 215547, 215570, 217625, 217645, 217652]
18,134,[524, 599, 1130, 2587, 2593, 3572, 7210, 7653, 8123, 8901, 8922, 9986, 13696, 16162, 18182, 20373, 20647, 20656, 21893, 22390, 22600, 23148, 23736, 26932, 27171, 28386, 28639, 28708, 28857, 29218, 29531, 29641, 29808, 30233, 30294, 30337, 31022, 31648, 31863, 32511, 34048, 34055, 34945, 38149, 38308, 40288, 41234, 43540, 47998, 48174, 53253, 53257, 53582, 57580, 57692, 58930, 58954, 59494, 59694, 60006, 60624, 63205, 63218, 65999, 66301, 67062, 67489, 67645, 68535, 69548, 69608, 70015, 71839, 72099, 72142, 72616, 72689, 72722, 73093, 73186, 73908, 73928, 75636, 75859, 79089, 79516, 79561, 80190, 81548, 82548, 84003, 84030, 84192, 85306, 86113, 86610, 87302, 87390, 88345, 89299, 89307, 89846, 89992, 91605, 92897, 92911, 93610, 93931, 94016, 96363, 96498, 97498, 98842, 101978, 102075, 102092, 104420, 117341, 119733, 122579, 128755, 130696, 131402, 131934, 133908, 134036, 134294, 134344, 142169, 143992, 144035, 145864, 147198, 147287]
19,74,[444, 706, 1339, 2312, 2411, 2494, 2523, 2544, 3395, 3401, 3483, 3532, 4221, 5377, 5538, 5541, 5732, 5964, 6054, 6326, 6457, 6621, 7724, 8154, 8902, 8933, 9974, 10033, 10321, 10559, 10591, 10976, 11324, 11547, 11594, 13247, 13417, 13453, 13578, 13993, 14022, 14064, 16004, 16356, 16652, 16705, 18148, 19167, 19897, 19911, 20750, 20886, 20896, 21050, 21356, 21535, 21542, 21719, 22094, 22222, 22227, 22231, 22278, 22470, 22661, 22832, 23165, 23357, 23390, 23541, 23761, 24517, 25881, 27211]
20,66,[2273, 2412, 4722, 5331, 7072, 7520, 7784, 7995, 10339, 13306, 16725, 18700, 18914, 19429, 20986, 23177, 23332, 23479, 24057, 24292, 24673, 26790, 27199, 27714, 28295, 28301, 28512, 29060, 30340, 31404, 32290, 33031, 33584, 33680, 33991, 34897, 37049, 38116, 38467, 40178, 40619, 41912, 43071, 44744, 44925, 44988, 45576, 45599, 49142, 50225, 52089, 53191, 53418, 53998, 57085, 58311, 58464, 60946, 62483, 62790, 63649, 63854, 63872, 63889, 64299, 65128]
21,29,[1961, 2979, 3039, 3620, 4938, 5075, 5756, 5866, 7184, 8879, 10531, 11143, 14007, 14683, 14777, 14823, 16581, 16822, 18674, 19054, 20342, 21839, 21911, 23253, 23760, 23788, 32511, 33119, 33125]
22,21,[5281, 6372, 6417, 10736, 10738, 10740, 11434, 13237, 26654, 31547, 84134, 92946, 96929, 96933, 96937, 96941, 96946, 106243, 144784, 145061, 155025]
23,32,[597, 4797, 5354, 5874, 6561, 7538, 7557, 7641, 7701, 8667, 9041, 10192, 10572, 11910, 13327, 13348, 14654, 15253, 15395, 16248, 16707, 19853, 19883, 20644, 21153, 21253, 23587, 25524, 27412, 28659, 28707, 28923]
24,21,[3663, 4030, 4372, 5924, 9922, 11666, 15813, 15873, 18170, 21372, 22879, 23649, 27038, 27418, 29458, 29867, 32828, 36708, 37524, 38999, 39551]
25,70,[4989, 9297, 9333, 11349, 13408, 14683, 24103, 25642, 31575, 36926, 41881, 50791, 57766, 58416, 59937, 60958, 61228, 62769, 67493, 70845, 78044, 79807, 80972, 83092, 86125, 88212, 89446, 89618, 94072, 102752, 103295, 105615, 108223, 108862, 111335, 116395, 117870, 125130, 126461, 126600, 136492, 139080, 139648, 149566, 152872, 153823, 154181, 155526, 157939, 161782, 168577, 172928, 174278, 178256, 179994, 180308, 182010, 184069, 186398, 187879, 189837, 190198, 190377, 190451, 190610, 191370, 192681, 193247, 197301, 198662]
26,66,[2666, 2805, 5240, 5847, 7593, 8043, 8306, 8516, 10892, 13890, 17377, 19408, 19621, 20138, 21724, 23947, 24102, 24249, 24818, 25060, 25455, 27611, 28024, 28542, 29133, 29138, 29342, 29900, 31189, 32274, 33163, 33909, 34457, 34553, 34869, 35788, 37964, 39035, 39409, 41117, 41557, 42846, 44020, 45727, 45909, 45976, 46577, 46600, 50183, 51270, 53171, 54304, 54544, 55159, 58237, 59502, 59654, 62244, 63821, 64132, 65029, 65240, 65258, 65276, 65695, 66539]
27,70,[2653, 2789, 4524, 4804, 5776, 6138, 7498, 9956, 10721, 12633, 15440, 16086, 17157, 19346, 20871, 20880, 21722, 22605, 22754, 24154, 24305, 24344, 24348, 24736, 24786, 25980, 30888, 31493, 33995, 36907, 38047, 38472, 39355, 40348, 42152, 43084, 43831, 43861, 46729, 49044, 49861, 51868, 53895, 56282, 57125, 65268, 65400, 65799, 67640, 67921, 70293, 71932, 71977, 79123, 79435, 82563, 85346, 86312, 87823, 87948, 89677, 91738, 93046, 93670, 95053, 102674, 104578, 105125, 105607, 108318]
28,10,[479, 863, 1529, 2301, 3507, 4108, 6851, 7953, 8160, 9728]
30,916,[8244, 8270, 8532, 11889, 11973, 12275, 17781, 17789, 17817, 17822, 17871, 18028, 20710, 20897, 20902, 20983, 22014, 24622, 25867, 29422, 32263, 35234, 36955, 37371, 39129, 39503, 39555, 39832, 41075, 42501, 46807, 48754, 50832, 50860, 51125, 51139, 51165, 51916, 52654, 53670, 53712, 53904, 54382, 54457, 55187, 61611, 61844, 61971, 62543, 62601, 64647, 64665, 64851, 65076, 65123, 65162, 65405, 69176, 69659, 70043, 70258, 70374, 70402, 70416, 70439, 70487, 70502, 71062, 71117, 71271, 71425, 71799, 71913, 71979, 72011, 72175, 72293, 72541, 72597, 72726, 72817, 73017, 73607, 74250, 74269, 74751, 75727, 75943, 76404, 76415, 76627, 76702, 76852, 76973, 78808, 78831, 79626, 79878, 79890, 80520, 80533, 80549, 80596, 80757, 81181, 82403, 82590, 84971, 85160, 85198, 85268, 85291, 85619, 85733, 85756, 86766, 86808, 86816, 87218, 87236, 87745, 87985, 88765, 88805, 88823, 89407, 89723, 89891, 89996, 90062, 90072, 90098, 90396, 90794, 91069, 91311, 91382, 91583, 91886, 92314, 92321, 92393, 92424, 92853, 93103, 93961, 95736, 95988, 96830, 96909, 96976, 98135, 98145, 98172, 98325, 98335, 98367, 100901, 100911, 102262, 102562, 103166, 103891, 104101, 104504, 105126, 105180, 105772, 106172, 106192, 106211, 107447, 108044, 108052, 109666, 110295, 110297, 110454, 110477, 114072, 114385, 114414, 114454, 114700, 115264, 115341, 116121, 116439, 116589, 116832, 117027, 117204, 117365, 117952, 117970, 118756, 118795, 119085, 119650, 119743, 120066, 120210, 120642, 121746, 123435, 123839, 123903, 124141, 124174, 124657, 124662, 124688, 125039, 125997, 126056, 126937, 127067, 127304, 127409, 129607, 129718, 130098, 132112, 132148, 132187, 132377, 132817, 133477, 133557, 133714, 133939, 134081, 134255, 136672, 136829, 137152, 137457, 137825, 138523, 138549, 138699, 138711, 138740, 138806, 139122, 139161, 139245, 140465, 140624, 140765, 141822, 142066, 142208, 142578, 142855, 142861, 142965, 143300, 143664, 143787, 144396, 144701, 144719, 144750, 144778, 145532, 146907, 146920, 147005, 147027, 147075, 151793, 152974, 152978, 153858, 153863, 156134, 156765, 158116, 158202, 159125, 159291, 160304, 160570, 161491, 162512, 163793, 164154, 164844, 165374, 166218, 166775, 167242, 167257, 167276, 167296, 167521, 167534, 167566, 169669, 170089, 170169, 170340, 170779, 170803, 171425, 171511, 172287, 174719, 176512, 182208, 185890, 185895, 192097, 192776, 193062, 195320, 197776, 197970, 198241, 198257, 198350, 202063, 203175, 203769, 205565, 206965, 207543, 209193, 211703, 217639, 217714, 221574, 225392, 227302, 231865, 231901, 232378, 233171, 234591, 236271, 240513, 242651, 245319, 245418, 245425, 245663, 245726, 247841, 248015, 248021, 248125, 249277, 250239, 251424, 251980, 251995, 252991, 252999, 253109, 253114, 253331, 253348, 253356, 253378, 253561, 254271, 257494, 257958, 259416, 259590, 261677, 266019, 267129, 268265, 268466, 269539, 270632, 273273, 273282, 273668, 274502, 274743, 276233, 277228, 277308, 278182, 278257, 283009, 283511, 285188, 285980, 286165, 287285, 288555, 289582, 290175, 291906, 292515, 293524, 293849, 296344, 296582, 296742, 296925, 297339, 297502, 301718, 302336, 302639, 305489, 306081, 306100, 307437, 307611, 308058, 308430, 309831, 310281, 310937, 312333, 312877, 314345, 314868, 315150, 315311, 316833, 316839, 318086, 320419, 320452, 320458, 320752, 320808, 321030, 322726, 323093, 323098, 323179, 323186, 324875, 325145, 325211, 325243, 325348, 327251, 327935, 328669, 328729, 328892, 329214, 329362, 329784, 330530, 330828, 331095, 332569, 332954, 332959, 333043, 333495, 333500, 334528, 334555, 334904, 335190, 335316, 335768, 335867, 336038, 336656, 336665, 337198, 337302, 341063, 342220, 345036, 346841, 347120, 347125, 349610, 350336, 350798, 353217, 353219, 353325, 354875, 355945, 356172, 356511, 358582, 359255, 359261, 359749, 360106, 361087, 361206, 361209, 361215, 361221, 361433, 361719, 361771, 362132, 362151, 362249, 362282, 362332, 363611, 364550, 365247, 366464, 366482, 367468, 368343, 372795, 375072, 375207, 376996, 377004, 378364, 379931, 381303, 381794, 382064, 382136, 382505, 382769, 384688, 385776, 386301, 388206, 390260, 390266, 391384, 392384, 392425, 394315, 394543, 395774, 396218, 396294, 396498, 397662, 397803, 398256, 398666, 399262, 399267, 400024, 401233, 403267, 406817, 407255, 407475, 409941, 410279, 411015, 412418, 415951, 416083, 417540, 417673, 417826, 417859, 418031, 418427, 418452, 419946, 421219, 422157, 422978, 422983, 423600, 424150, 424766, 425402, 425721, 427199, 427204, 427222, 427256, 427669, 428080, 429495, 429603, 429908, 430192, 430709, 430732, 431126, 431396, 431781, 432285, 432561, 432577, 432714, 433965, 434819, 434983, 435139, 435147, 435585, 435607, 435703, 435734, 436443, 437204, 437277, 437660, 439901, 440293, 440299, 440365, 440485, 440797, 441103, 441480, 442850, 443114, 443191, 443443, 445258, 446502, 446772, 447236, 447381, 447747, 447763, 448515, 448599, 448605, 448673, 448855, 448978, 449139, 449401, 449686, 450213, 450938, 451213, 451528, 451951, 452523, 452586, 452619, 452632, 452665, 452806, 453485, 454465, 454874, 455053, 456279, 458553, 461105, 461111, 461121, 461131, 462176, 462464, 465569, 467460, 470650, 470889, 473085, 473534, 473543, 473856, 473880, 474358, 474647, 475430, 476519, 476566, 476732, 476942, 477086, 477369, 478105, 478668, 480592, 480790, 480805, 480851, 483309, 483415, 483756, 483933, 483941, 483948, 484472, 485703, 486061, 488518, 488945, 489009, 489625, 489667, 489697, 490356, 491633, 491955, 492864, 493507, 493578, 494356, 494813, 494858, 494876, 494964, 496521, 497639, 501014, 501946, 502496, 503344, 503645, 503723, 503865, 504205, 505742, 505760, 508463, 508469, 508479, 509353, 510359, 512619, 514479, 514814, 515277, 515798, 517391, 517605, 518065, 518936, 519676, 520876, 520921, 520939, 521919, 521934, 522689, 523048, 523054, 523985, 524942, 527177, 527346, 527541, 527896, 528335, 528390, 528639, 529935, 531547, 533813, 534043, 534603, 534739, 536563, 536604, 536922, 537430, 537562, 542047, 543727, 544382, 544801, 546265, 546351, 546365, 546401, 546426, 546592, 546898, 548160, 548864, 549118, 549317, 552644, 553317, 553449, 553905, 554263, 554276, 554412, 554646, 555769, 556518, 557721, 557768, 558138, 558155, 558527, 560211, 560542, 560593, 562635, 562656, 564183, 564706, 565160, 566079, 566362, 566425, 566454, 566809, 567118, 567561, 567791, 567901, 571198, 572665, 573352, 574112, 574569, 574663, 574777, 574851, 576663, 576673, 576895, 578540, 578616, 578675, 579139, 579187, 579528, 580513, 581139, 581417, 581640, 581658, 582189, 582205, 582493, 583190, 583699, 584145, 584260, 584363, 584369, 584500, 584504, 585263, 587924, 589350, 589741, 590816, 591347, 591816, 591847, 592188, 592239, 592506, 592742, 593192, 593200, 593228, 593425, 593505, 593532, 596050, 596060, 596070, 596267, 597841, 599226, 600807, 601888, 602093, 602308, 602614, 602924, 603103, 603606, 603735, 604160, 604205, 606115, 606547, 607263, 608724, 610150, 611174, 611318, 611522, 611591, 612493, 612516, 612554, 612841, 613319, 613381, 615659, 618928, 623546, 624102, 624216, 624306, 624817, 624831, 625642, 626442, 626663, 626687, 627282, 627290, 627432, 630444, 630910, 631889, 634221, 636850]
8,1,[586]
9,6,[62, 250, 1092, 1123, 1641, 2106]
10,916,[8338, 8364, 8626, 11983, 12067, 12369, 17875, 17883, 17911, 17916, 17965, 18122, 20804, 20991, 20996, 21077, 22108, 24716, 25961, 29516, 32361, 35332, 37053, 37469, 39227, 39601, 39653, 39930, 41173, 42599, 46905, 48852, 50930, 50958, 51223, 51237, 51263, 52014, 52752, 53769, 53811, 54003, 54481, 54556, 55286, 61714, 61947, 62074, 62646, 62704, 64750, 64768, 64954, 65179, 65226, 65265, 65508, 69279, 69762, 70146, 70361, 70477, 70505, 70519, 70542, 70590, 70605, 71165, 71220, 71374, 71528, 71902, 72016, 72082, 72114, 72278, 72396, 72644, 72700, 72829, 72920, 73120, 73710, 74353, 74372, 74854, 75830, 76046, 76507, 76518, 76730, 76805, 76955, 77076, 78915, 78938, 79733, 79985, 79997, 80627, 80640, 80656, 80703, 80864, 81288, 82510, 82697, 85078, 85267, 85305, 85375, 85398, 85726, 85840, 85863, 86873, 86915, 86923, 87325, 87343, 87852, 88092, 88872, 88912, 88930, 89514, 89830, 89998, 90103, 90169, 90179, 90205, 90503, 90901, 91176, 91418, 91489, 91690, 91993, 92421, 92428, 92500, 92531, 92960, 93210, 94068, 95843, 96095, 96937, 97016, 97083, 98242, 98252, 98279, 98432, 98442, 98474, 101008, 101018, 102369, 102669, 103273, 103998, 104208, 104611, 105237, 105291, 105883, 106283, 106303, 106322, 107558, 108155, 108163, 109777, 110406, 110408, 110565, 110588, 114183, 114496, 114525, 114565, 114811, 115375, 115452, 116232, 116550, 116700, 116943, 117138, 117315, 117476, 118063, 118081, 118867, 118906, 119196, 119761, 119854, 120177, 120321, 120753, 121857, 123546, 123950, 124014, 124252, 124285, 124768, 124773, 124799, 125150, 126108, 126167, 127048, 127178, 127415, 127520, 129719, 129830, 130210, 132224, 132260, 132299, 132489, 132929, 133589, 133669, 133826, 134051, 134193, 134367, 136784, 136941, 137264, 137569, 137937, 138635, 138661, 138811, 138823, 138852, 138918, 139234, 139273, 139357, 140577, 140736, 140877, 141934, 142178, 142320, 142690, 142967, 142973, 143077, 143412, 143776, 143899, 144509, 144814, 144832, 144863, 144891, 145645, 147020, 147033, 147118, 147140, 147188, 151906, 153087, 153091, 153971, 153976, 156247, 156878, 158229, 158315, 159238, 159404, 160418, 160684, 161605, 162635, 163916, 164277, 164967, 165497, 166341, 166898, 167365, 167380, 167399, 167419, 167644, 167657, 167689, 169792, 170212, 170292, 170463, 170902, 170926, 171548, 171634, 172410, 174842, 176635, 182331, 186022, 186027, 192229, 192908, 193194, 195452, 197908, 198102, 198373, 198389, 198482, 202205, 203317, 203911, 205707, 207107, 207685, 209335, 211845, 217779, 217854, 221724, 225542, 227452, 232015, 232051, 232528, 233321, 234741, 236421, 240666, 242804, 245472, 245571, 245578, 245816, 245879, 247994, 248168, 248174, 248278, 249430, 250392, 251577, 252133, 252148, 253144, 253152, 253262, 253267, 253484, 253501, 253509, 253531, 253714, 254424, 257650, 258114, 259572, 259746, 261833, 266175, 267285, 268421, 268622, 269695, 270788, 273429, 273438, 273824, 274658, 274899, 276389, 277384, 277463, 278337, 278412, 283164, 283667, 285344, 286136, 286321, 287441, 288711, 289738, 290331, 292062, 292672, 293681, 294006, 296501, 296739, 296899, 297083, 297497, 297660, 301876, 302494, 302797, 305647, 306239, 306258, 307595, 307769, 308216, 308588, 309989, 310439, 311095, 312492, 313036, 314504, 315027, 315309, 315470, 316992, 316998, 318245, 320578, 320611, 320617, 320911, 320967, 321189, 322885, 323252, 323257, 323338, 323345, 325034, 325304, 325370, 325402, 325507, 327410, 328094, 328828, 328888, 329051, 329373, 329521, 329943, 330689, 330987, 331254, 332728, 333113, 333118, 333202, 333654, 333659, 334687, 334714, 335063, 335349, 335475, 335927, 336026, 336197, 336815, 336824, 337357, 337461, 341222, 342379, 345195, 347000, 347279, 347284, 349769, 350495, 350957, 353376, 353378, 353484, 355034, 356104, 356331, 356670, 358742, 359415, 359421, 359909, 360266, 361247, 361366, 361369, 361375, 361381, 361593, 361879, 361931, 362292, 362311, 362409, 362442, 362492, 363774, 364713, 365410, 366627, 366645, 367631, 368506, 372958, 375235, 375370, 377159, 377167, 378527, 380094, 381466, 381957, 382227, 382299, 382668, 382932, 384851, 385939, 386464, 388369, 390423, 390429, 391547, 392547, 392588, 394481, 394709, 395940, 396384, 396460, 396664, 397828, 397969, 398422, 398832, 399428, 399433, 400190, 401399, 403433, 406983, 407421, 407641, 410107, 410445, 411181, 412584, 416117, 416249, 417706, 417839, 417992, 418025, 418197, 418593, 418618, 420112, 421385, 422323, 423144, 423149, 423766, 424316, 424932, 425568, 425887, 427366, 427371, 427389, 427423, 427836, 428247, 429662, 429770, 430078, 430362, 430879, 430902, 431296, 431566, 431951, 432455, 432731, 432747, 432884, 434135, 434989, 435153, 435309, 435317, 435755, 435777, 435873, 435904, 436613, 437374, 437447, 437830, 440071, 440463, 440469, 440535, 440655, 440967, 441273, 441650, 443020, 443284, 443361, 443613, 445428, 446672, 446942, 447406, 447551, 447917, 447933, 448685, 448769, 448775, 448843, 449025, 449148, 449309, 449571, 449856, 450383, 451108, 451383, 451698, 452121, 452693, 452756, 452789, 452802, 452835, 452976, 453655, 454635, 455044, 455223, 456449, 458723, 461275, 461281, 461291, 461301, 462347, 462635, 465740, 467631, 470821, 471060, 473255, 473704, 473713, 474026, 474050, 474528, 474817, 475600, 476688, 476735, 476901, 477111, 477255, 477537, 478273, 478836, 480760, 480957, 480972, 481018, 483474, 483580, 483921, 484098, 484106, 484113, 484637, 485867, 486224, 488680, 489106, 489170, 489785, 489827, 489857, 490516, 491793, 492115, 493024, 493667, 493738, 494516, 494972, 495017, 495035, 495123, 496690, 497808, 501183, 502115, 502665, 503513, 503814, 503892, 504034, 504374, 505911, 505929, 508632, 508638, 508648, 509522, 510528, 512788, 514648, 514983, 515446, 515970, 517563, 517777, 518237, 519108, 519848, 521048, 521093, 521111, 522091, 522106, 522861, 523220, 523226, 524157, 525114, 527349, 527518, 527713, 528071, 528510, 528565, 528814, 530110, 531722, 533988, 534218, 534778, 534914, 536738, 536779, 537097, 537605, 537737, 542222, 543902, 544557, 544976, 546440, 546526, 546540, 546576, 546601, 546767, 547073, 548335, 549039, 549296, 549495, 552822, 553495, 553627, 554083, 554441, 554454, 554590, 554824, 555947, 556696, 557899, 557946, 558316, 558333, 558705, 560389, 560720, 560771, 562813, 562834, 564361, 564886, 565340, 566259, 566542, 566605, 566634, 566989, 567298, 567741, 567971, 568081, 571378, 572845, 573532, 574292, 574749, 574843, 574957, 575031, 576843, 576853, 577075, 578720, 578796, 578855, 579319, 579367, 579708, 580693, 581319, 581597, 581820, 581838, 582369, 582385, 582673, 583370, 583879, 584325, 584440, 584548, 584554, 584685, 584689, 585448, 588109, 589535, 589926, 591001, 591532, 592007, 592038, 592379, 592430, 592697, 592933, 593383, 593391, 593419, 593616, 593696, 593723, 596241, 596251, 596261, 596458, 598032, 599423, 601004, 602085, 602290, 602505, 602811, 603121, 603300, 603808, 603937, 604362, 604407, 606322, 606754, 607470, 608936, 610367, 611391, 611541, 611745, 611814, 612716, 612739, 612777, 613070, 613548, 613610, 615898, 619180, 623800, 624356, 624470, 624560, 625071, 625085, 625899, 626699, 626920, 626944, 627542, 627550, 627692, 630713, 631181, 632164, 634496, 637125]
11,12,[583, 1079, 3514, 4605, 6373, 7842, 7890, 8272, 8284, 10065, 12311, 12675]
12,16,[1124, 1767, 1910, 2034, 5303, 5397, 6116, 9693, 11415, 11523, 11799, 12062, 18953, 19093, 21719, 22985]
13,1,[2144]
14,61,[4572, 9039, 9081, 11187, 13376, 14719, 24784, 26442, 32704, 38331, 43646, 52961, 60136, 60849, 62351, 63442, 63740, 65860, 70757, 74407, 83521, 84659, 86766, 89824, 92060, 93399, 93595, 98173, 105221, 107157, 107727, 110034, 112907, 113603, 116261, 121425, 122998, 130738, 132150, 132304, 145101, 145502, 145713, 156197, 159770, 160964, 162269, 164800, 168716, 175673, 180307, 181708, 185856, 187726, 188069, 188509, 188511, 189793, 192108, 194557, 196038]
15,167,[1033, 1067, 2612, 3127, 3922, 4860, 9495, 12371, 12391, 12532, 13538, 13600, 13797, 14018, 14067, 14786, 15149, 15370, 16045, 18151, 19612, 19733, 19772, 19862, 21945, 22096, 22940, 23152, 23395, 24947, 29791, 30574, 31607, 34014, 34519, 34548, 34698, 36917, 37964, 38847, 38962, 39711, 40680, 40685, 41488, 42015, 42361, 42458, 42544, 42566, 42834, 43299, 43428, 43853, 43938, 44037, 44723, 44885, 45705, 46474, 48073, 48194, 49046, 49353, 50362, 50397, 52333, 53637, 55210, 55245, 57813, 57845, 58001, 59039, 61531, 62195, 63171, 63460, 67893, 70929, 71485, 71578, 74466, 75093, 75375, 76190, 79579, 80242, 80660, 81453, 81971, 83727, 84596, 84818, 86267, 92538, 92659, 92873, 92884, 93436, 93761, 94706, 95201, 96806, 96848, 97083, 98244, 98908, 101295, 107179, 107641, 111019, 111768, 114667, 116260, 116507, 116708, 118000, 118578, 119810, 120745, 120834, 120851, 121000, 121709, 127343, 127623, 128418, 132290, 132318, 135586, 135637, 136464, 137217, 137265, 137281, 137586, 137852, 139440, 139619, 139864, 141004, 141725, 141834, 142119, 145194, 148053, 149585, 153850, 155998, 159898, 160019, 160027, 160466, 164045, 165012, 165073, 166906, 167090, 167229, 168409, 168648, 169331, 171179, 171604, 172015, 173513]
16,14,[6146, 10738, 12369, 17425, 18071, 21622, 22250, 22321, 24868, 25431, 30346, 32795, 33045, 35643]
17,581,[1369, 3625, 6662, 6804, 6892, 6981, 7959, 8116, 8190, 8505, 9085, 9182, 9369, 9625, 10102, 10527, 10747, 10756, 10953, 11135, 11227, 11313, 11328, 12224, 15539, 15978, 17851, 18084, 18535, 19635, 19733, 19838, 19866, 20051, 20381, 20428, 20435, 21274, 21965, 23398, 23539, 23591, 23626, 23988, 26976, 27485, 27838, 29701, 29704, 29741, 29788, 30119, 30136, 30744, 31756, 32446, 33676, 33694, 34677, 35557, 36849, 37088, 37200, 37458, 37593, 38243, 38676, 38861, 39395, 39873, 40276, 40339, 40508, 41642, 42458, 42478, 42515, 42571, 42639, 42930, 43960, 44651, 45882, 46285, 46346, 50915, 50929, 51638, 52392, 52547, 52841, 52886, 53868, 54409, 54583, 54923, 55046, 55086, 55180, 55612, 56280, 57195, 57260, 57754, 58011, 58051, 58654, 59717, 59838, 60310, 60328, 60644, 61236, 61626, 61635, 61719, 62151, 62682, 62708, 64786, 64795, 65086, 65149, 65160, 65348, 67017, 67384, 67494, 68783, 68848, 68955, 69308, 70330, 70453, 70474, 70481, 70863, 71200, 71579, 71628, 71743, 71757, 72292, 73420, 74076, 74327, 74811, 74910, 75819, 76315, 76615, 76951, 77020, 77042, 77252, 77258, 77385, 77396, 77451, 78377, 78720, 78780, 79168, 79245, 79253, 79322, 79352, 79769, 79841, 80140, 80326, 80596, 80731, 80851, 81158, 81179, 81202, 81470, 81499, 81505, 81571, 81581, 81988, 82015, 84367, 84437, 84543, 84587, 84710, 84807, 84810, 84846, 85857, 85903, 86610, 86888, 86955, 87031, 87203, 87718, 87727, 89287, 89434, 89658, 90836, 91208, 91519, 91586, 91834, 91853, 91858, 91974, 93787, 95295, 95786, 95840, 95913, 98149, 98159, 98188, 98242, 98537, 98794, 99043, 99064, 99216, 99219, 99230, 99292, 100210, 100317, 101577, 101713, 101716, 101915, 101996, 102214, 102236, 102333, 102360, 102471, 102508, 102619, 102629, 105393, 105483, 105495, 106047, 106084, 106268, 106277, 106877, 107783, 107835, 107997, 108508, 109646, 109952, 109959, 110121, 110463, 110704, 110740, 110747, 110951, 110981, 111017, 111056, 111154, 111344, 111755, 112455, 113928, 113932, 114060, 114269, 114839, 114960, 114979, 115283, 115289, 115394, 115974, 117353, 117500, 119048, 119060, 121092, 121794, 121929, 122234, 122279, 125229, 126493, 126544, 126559, 127975, 128426, 128433, 128450, 128706, 128732, 128743, 128821, 129109, 129439, 130161, 130348, 130373, 130398, 130954, 131524, 132325, 132780, 132880, 133573, 133628, 134309, 134360, 134430, 134442, 134713, 135126, 135281, 135335, 135400, 135704, 135949, 138324, 138897, 139676, 139700, 139712, 140489, 143081, 143143, 145506, 145910, 145923, 145930, 145983, 146400, 146417, 146894, 147777, 148888, 148993, 149665, 149914, 149943, 150002, 150199, 150224, 150365, 150958, 151111, 151229, 151576, 151594, 151612, 152135, 152262, 152852, 153168, 153185, 153190, 153265, 154289, 154323, 154340, 154949, 155548, 155573, 155709, 155727, 155730, 156127, 156138, 156189, 156838, 156853, 157021, 157056, 157788, 158122, 158320, 158921, 158937, 159117, 159167, 159279, 159720, 160070, 160131, 160383, 160670, 160749, 160847, 160911, 160915, 161705, 161711, 163271, 163726, 163782, 163822, 164526, 165117, 165793, 165908, 166084, 166251, 166261, 166465, 166490, 166568, 166716, 166964, 167547, 167595, 167815, 167864, 168243, 168421, 168454, 169128, 169189, 169298, 169322, 169352, 170239, 170527, 170665, 170995, 171283, 171364, 171374, 171393, 172032, 172167, 172372, 172852, 172879, 172947, 173297, 173366, 173615, 173854, 174362, 174496, 174897, 174926, 176302, 176493, 176583, 176714, 176724, 177127, 179337, 179706, 179852, 179930, 180156, 180214, 180225, 180316, 180384, 180399, 180431, 180721, 181402, 181633, 181718, 181724, 182068, 182108, 182200, 182207, 182381, 183350, 183755, 183767, 183770, 183778, 184000, 184674, 184830, 184901, 185003, 185008, 185104, 185117, 185125, 185132, 185302, 185339, 185350, 185422, 185445, 185462, 185488, 185521, 187479, 187611, 187747, 189250, 189347, 189360, 189475, 189534, 189895, 190297, 190315, 190403, 190639, 190652, 190777, 191046, 191085, 191232, 191279, 191352, 191437, 191462, 191488, 192195, 192395, 192427, 192884, 194218, 194609, 194637, 194644, 194655, 194991, 195331, 195620, 195859, 196230, 196890, 196905, 198044, 198952, 199370, 199634, 199642, 200692, 204037, 204226, 204538, 204796, 205065, 205630, 205637, 205791, 205806, 208439, 208678, 208722, 208741, 209245, 209252, 209313, 209871, 210528, 210701, 210708, 211471, 211932, 213238, 213795, 213885, 213921, 214872, 215151, 215536, 215547, 215570, 217625, 217645, 217652]
18,134,[524, 599, 1130, 2587, 2593, 3572, 7210, 7653, 8123, 8901, 8922, 9986, 13696, 16162, 18182, 20373, 20647, 20656, 21893, 22390, 22600, 23148, 23736, 26932, 27171, 28386, 28639, 28708, 28857, 29218, 29531, 29641, 29808, 30233, 30294, 30337, 31022, 31648, 31863, 32511, 34048, 34055, 34945, 38149, 38308, 40288, 41234, 43540, 47998, 48174, 53253, 53257, 53582, 57580, 57692, 58930, 58954, 59494, 59694, 60006, 60624, 63205, 63218, 65999, 66301, 67062, 67489, 67645, 68535, 69548, 69608, 70015, 71839, 72099, 72142, 72616, 72689, 72722, 73093, 73186, 73908, 73928, 75636, 75859, 79089, 79516, 79561, 80190, 81548, 82548, 84003, 84030, 84192, 85306, 86113, 86610, 87302, 87390, 88345, 89299, 89307, 89846, 89992, 91605, 92897, 92911, 93610, 93931, 94016, 96363, 96498, 97498, 98842, 101978, 102075, 102092, 104420, 117341, 119733, 122579, 128755, 130696, 131402, 131934, 133908, 134036, 134294, 134344, 142169, 143992, 144035, 145864, 147198, 147287]
19,74,[444, 706, 1339, 2312, 2411, 2494, 2523, 2544, 3395, 3401, 3483, 3532, 4221, 5377, 5538, 5541, 5732, 5964, 6054, 6326, 6457, 6621, 7724, 8154, 8902, 8933, 9974, 10033, 10321, 10559, 10591, 10976, 11324, 11547, 11594, 13247, 13417, 13453, 13578, 13993, 14022, 14064, 16004, 16356, 16652, 16705, 18148, 19167, 19897, 19911, 20750, 20886, 20896, 21050, 21356, 21535, 21542, 21719, 22094, 22222, 22227, 22231, 22278, 22470, 22661, 22832, 23165, 23357, 23390, 23541, 23761, 24517, 25881, 27211]
20,66,[2273, 2412, 4722, 5331, 7072, 7520, 7784, 7995, 10339, 13306, 16725, 18700, 18914, 19429, 20986, 23177, 23332, 23479, 24057, 24292, 24673, 26790, 27199, 27714, 28295, 28301, 28512, 29060, 30340, 31404, 32290, 33031, 33584, 33680, 33991, 34897, 37049, 38116, 38467, 40178, 40619, 41912, 43071, 44744, 44925, 44988, 45576, 45599, 49142, 50225, 52089, 53191, 53418, 53998, 57085, 58311, 58464, 60946, 62483, 62790, 63649, 63854, 63872, 63889, 64299, 65128]
21,29,[1961, 2979, 3039, 3620, 4938, 5075, 5756, 5866, 7184, 8879, 10531, 11143, 14007, 14683, 14777, 14823, 16581, 16822, 18674, 19054, 20342, 21839, 21911, 23253, 23760, 23788, 32511, 33119, 33125]
22,21,[5281, 6372, 6417, 10736, 10738, 10740, 11434, 13237, 26654, 31547, 84134, 92946, 96929, 96933, 96937, 96941, 96946, 106243, 144784, 145061, 155025]
23,32,[597, 4797, 5354, 5874, 6561, 7538, 7557, 7641, 7701, 8667, 9041, 10192, 10572, 11910, 13327, 13348, 14654, 15253, 15395, 16248, 16707, 19853, 19883, 20644, 21153, 21253, 23587, 25524, 27412, 28659, 28707, 28923]
24,21,[3663, 4030, 4372, 5924, 9922, 11666, 15813, 15873, 18170, 21372, 22879, 23649, 27038, 27418, 29458, 29867, 32828, 36708, 37524, 38999, 39551]
25,70,[4989, 9297, 9333, 11349, 13408, 14683, 24103, 25642, 31575, 36926, 41881, 50791, 57766, 58416, 59937, 60958, 61228, 62769, 67493, 70845, 78044, 79807, 80972, 83092, 86125, 88212, 89446, 89618, 94072, 102752, 103295, 105615, 108223, 108862, 111335, 116395, 117870, 125130, 126461, 126600, 136492, 139080, 139648, 149566, 152872, 153823, 154181, 155526, 157939, 161782, 168577, 172928, 174278, 178256, 179994, 180308, 182010, 184069, 186398, 187879, 189837, 190198, 190377, 190451, 190610, 191370, 192681, 193247, 197301, 198662]
26,66,[2666, 2805, 5240, 5847, 7593, 8043, 8306, 8516, 10892, 13890, 17377, 19408, 19621, 20138, 21724, 23947, 24102, 24249, 24818, 25060, 25455, 27611, 28024, 28542, 29133, 29138, 29342, 29900, 31189, 32274, 33163, 33909, 34457, 34553, 34869, 35788, 37964, 39035, 39409, 41117, 41557, 42846, 44020, 45727, 45909, 45976, 46577, 46600, 50183, 51270, 53171, 54304, 54544, 55159, 58237, 59502, 59654, 62244, 63821, 64132, 65029, 65240, 65258, 65276, 65695, 66539]
27,70,[2653, 2789, 4524, 4804, 5776, 6138, 7498, 9956, 10721, 12633, 15440, 16086, 17157, 19346, 20871, 20880, 21722, 22605, 22754, 24154, 24305, 24344, 24348, 24736, 24786, 25980, 30888, 31493, 33995, 36907, 38047, 38472, 39355, 40348, 42152, 43084, 43831, 43861, 46729, 49044, 49861, 51868, 53895, 56282, 57125, 65268, 65400, 65799, 67640, 67921, 70293, 71932, 71977, 79123, 79435, 82563, 85346, 86312, 87823, 87948, 89677, 91738, 93046, 93670, 95053, 102674, 104578, 105125, 105607, 108318]
28,10,[479, 863, 1529, 2301, 3507, 4108, 6851, 7953, 8160, 9728]
30,916,[8244, 8270, 8532, 11889, 11973, 12275, 17781, 17789, 17817, 17822, 17871, 18028, 20710, 20897, 20902, 20983, 22014, 24622, 25867, 29422, 32263, 35234, 36955, 37371, 39129, 39503, 39555, 39832, 41075, 42501, 46807, 48754, 50832, 50860, 51125, 51139, 51165, 51916, 52654, 53670, 53712, 53904, 54382, 54457, 55187, 61611, 61844, 61971, 62543, 62601, 64647, 64665, 64851, 65076, 65123, 65162, 65405, 69176, 69659, 70043, 70258, 70374, 70402, 70416, 70439, 70487, 70502, 71062, 71117, 71271, 71425, 71799, 71913, 71979, 72011, 72175, 72293, 72541, 72597, 72726, 72817, 73017, 73607, 74250, 74269, 74751, 75727, 75943, 76404, 76415, 76627, 76702, 76852, 76973, 78808, 78831, 79626, 79878, 79890, 80520, 80533, 80549, 80596, 80757, 81181, 82403, 82590, 84971, 85160, 85198, 85268, 85291, 85619, 85733, 85756, 86766, 86808, 86816, 87218, 87236, 87745, 87985, 88765, 88805, 88823, 89407, 89723, 89891, 89996, 90062, 90072, 90098, 90396, 90794, 91069, 91311, 91382, 91583, 91886, 92314, 92321, 92393, 92424, 92853, 93103, 93961, 95736, 95988, 96830, 96909, 96976, 98135, 98145, 98172, 98325, 98335, 98367, 100901, 100911, 102262, 102562, 103166, 103891, 104101, 104504, 105126, 105180, 105772, 106172, 106192, 106211, 107447, 108044, 108052, 109666, 110295, 110297, 110454, 110477, 114072, 114385, 114414, 114454, 114700, 115264, 115341, 116121, 116439, 116589, 116832, 117027, 117204, 117365, 117952, 117970, 118756, 118795, 119085, 119650, 119743, 120066, 120210, 120642, 121746, 123435, 123839, 123903, 124141, 124174, 124657, 124662, 124688, 125039, 125997, 126056, 126937, 127067, 127304, 127409, 129607, 129718, 130098, 132112, 132148, 132187, 132377, 132817, 133477, 133557, 133714, 133939, 134081, 134255, 136672, 136829, 137152, 137457, 137825, 138523, 138549, 138699, 138711, 138740, 138806, 139122, 139161, 139245, 140465, 140624, 140765, 141822, 142066, 142208, 142578, 142855, 142861, 142965, 143300, 143664, 143787, 144396, 144701, 144719, 144750, 144778, 145532, 146907, 146920, 147005, 147027, 147075, 151793, 152974, 152978, 153858, 153863, 156134, 156765, 158116, 158202, 159125, 159291, 160304, 160570, 161491, 162512, 163793, 164154, 164844, 165374, 166218, 166775, 167242, 167257, 167276, 167296, 167521, 167534, 167566, 169669, 170089, 170169, 170340, 170779, 170803, 171425, 171511, 172287, 174719, 176512, 182208, 185890, 185895, 192097, 192776, 193062, 195320, 197776, 197970, 198241, 198257, 198350, 202063, 203175, 203769, 205565, 206965, 207543, 209193, 211703, 217639, 217714, 221574, 225392, 227302, 231865, 231901, 232378, 233171, 234591, 236271, 240513, 242651, 245319, 245418, 245425, 245663, 245726, 247841, 248015, 248021, 248125, 249277, 250239, 251424, 251980, 251995, 252991, 252999, 253109, 253114, 253331, 253348, 253356, 253378, 253561, 254271, 257494, 257958, 259416, 259590, 261677, 266019, 267129, 268265, 268466, 269539, 270632, 273273, 273282, 273668, 274502, 274743, 276233, 277228, 277308, 278182, 278257, 283009, 283511, 285188, 285980, 286165, 287285, 288555, 289582, 290175, 291906, 292515, 293524, 293849, 296344, 296582, 296742, 296925, 297339, 297502, 301718, 302336, 302639, 305489, 306081, 306100, 307437, 307611, 308058, 308430, 309831, 310281, 310937, 312333, 312877, 314345, 314868, 315150, 315311, 316833, 316839, 318086, 320419, 320452, 320458, 320752, 320808, 321030, 322726, 323093, 323098, 323179, 323186, 324875, 325145, 325211, 325243, 325348, 327251, 327935, 328669, 328729, 328892, 329214, 329362, 329784, 330530, 330828, 331095, 332569, 332954, 332959, 333043, 333495, 333500, 334528, 334555, 334904, 335190, 335316, 335768, 335867, 336038, 336656, 336665, 337198, 337302, 341063, 342220, 345036, 346841, 347120, 347125, 349610, 350336, 350798, 353217, 353219, 353325, 354875, 355945, 356172, 356511, 358582, 359255, 359261, 359749, 360106, 361087, 361206, 361209, 361215, 361221, 361433, 361719, 361771, 362132, 362151, 362249, 362282, 362332, 363611, 364550, 365247, 366464, 366482, 367468, 368343, 372795, 375072, 375207, 376996, 377004, 378364, 379931, 381303, 381794, 382064, 382136, 382505, 382769, 384688, 385776, 386301, 388206, 390260, 390266, 391384, 392384, 392425, 394315, 394543, 395774, 396218, 396294, 396498, 397662, 397803, 398256, 398666, 399262, 399267, 400024, 401233, 403267, 406817, 407255, 407475, 409941, 410279, 411015, 412418, 415951, 416083, 417540, 417673, 417826, 417859, 418031, 418427, 418452, 419946, 421219, 422157, 422978, 422983, 423600, 424150, 424766, 425402, 425721, 427199, 427204, 427222, 427256, 427669, 428080, 429495, 429603, 429908, 430192, 430709, 430732, 431126, 431396, 431781, 432285, 432561, 432577, 432714, 433965, 434819, 434983, 435139, 435147, 435585, 435607, 435703, 435734, 436443, 437204, 437277, 437660, 439901, 440293, 440299, 440365, 440485, 440797, 441103, 441480, 442850, 443114, 443191, 443443, 445258, 446502, 446772, 447236, 447381, 447747, 447763, 448515, 448599, 448605, 448673, 448855, 448978, 449139, 449401, 449686, 450213, 450938, 451213, 451528, 451951, 452523, 452586, 452619, 452632, 452665, 452806, 453485, 454465, 454874, 455053, 456279, 458553, 461105, 461111, 461121, 461131, 462176, 462464, 465569, 467460, 470650, 470889, 473085, 473534, 473543, 473856, 473880, 474358, 474647, 475430, 476519, 476566, 476732, 476942, 477086, 477369, 478105, 478668, 480592, 480790, 480805, 480851, 483309, 483415, 483756, 483933, 483941, 483948, 484472, 485703, 486061, 488518, 488945, 489009, 489625, 489667, 489697, 490356, 491633, 491955, 492864, 493507, 493578, 494356, 494813, 494858, 494876, 494964, 496521, 497639, 501014, 501946, 502496, 503344, 503645, 503723, 503865, 504205, 505742, 505760, 508463, 508469, 508479, 509353, 510359, 512619, 514479, 514814, 515277, 515798, 517391, 517605, 518065, 518936, 519676, 520876, 520921, 520939, 521919, 521934, 522689, 523048, 523054, 523985, 524942, 527177, 527346, 527541, 527896, 528335, 528390, 528639, 529935, 531547, 533813, 534043, 534603, 534739, 536563, 536604, 536922, 537430, 537562, 542047, 543727, 544382, 544801, 546265, 546351, 546365, 546401, 546426, 546592, 546898, 548160, 548864, 549118, 549317, 552644, 553317, 553449, 553905, 554263, 554276, 554412, 554646, 555769, 556518, 557721, 557768, 558138, 558155, 558527, 560211, 560542, 560593, 562635, 562656, 564183, 564706, 565160, 566079, 566362, 566425, 566454, 566809, 567118, 567561, 567791, 567901, 571198, 572665, 573352, 574112, 574569, 574663, 574777, 574851, 576663, 576673, 576895, 578540, 578616, 578675, 579139, 579187, 579528, 580513, 581139, 581417, 581640, 581658, 582189, 582205, 582493, 583190, 583699, 584145, 584260, 584363, 584369, 584500, 584504, 585263, 587924, 589350, 589741, 590816, 591347, 591816, 591847, 592188, 592239, 592506, 592742, 593192, 593200, 593228, 593425, 593505, 593532, 596050, 596060, 596070, 596267, 597841, 599226, 600807, 601888, 602093, 602308, 602614, 602924, 603103, 603606, 603735, 604160, 604205, 606115, 606547, 607263, 608724, 610150, 611174, 611318, 611522, 611591, 612493, 612516, 612554, 612841, 613319, 613381, 615659, 618928, 623546, 624102, 624216, 624306, 624817, 624831, 625642, 626442, 626663, 626687, 627282, 627290, 627432, 630444, 630910, 631889, 634221, 636850]
