10,26,[127883, 147277, 234015, 240656, 278928, 300857, 327984, 353116, 364189, 364241, 367113, 371048, 372474, 379210, 382740, 383801, 384095, 384280, 386228, 395687, 403492, 434273, 452252, 467671, 467800, 468006]
11,1,[15974]
13,1,[3387]
14,3,[97585, 114822, 130564]
15,28,[736, 15299, 23444, 23599, 29483, 44375, 48097, 56434, 64513, 75128, 75691, 81524, 81867, 82889, 84201, 103251, 111361, 111862, 121149, 136351, 136453, 136607, 139808, 140264, 142215, 144982, 146222, 146239]
17,13,[516, 27253, 31232, 31286, 34158, 41767, 41817, 62366, 112621, 112659, 168958, 197393, 199567]
18,27,[11329, 13809, 20627, 26646, 28781, 28910, 35088, 40264, 59127, 59598, 65447, 72068, 76190, 83649, 83819, 87226, 97148, 104539, 104567, 104719, 104760, 116291, 118684, 121617, 137700, 143548, 144638]
19,9,[4882, 5004, 5718, 5744, 11973, 12193, 12450, 12525, 12582]
20,9,[1256, 4518, 7035, 7335, 8552, 14452, 56518, 56523, 61880]
21,14,[1967, 2302, 2998, 4062, 4808, 4897, 5224, 28564, 29002, 29246, 30127, 33798, 34005, 34345]
22,5,[15908, 16389, 16960, 79528, 161306]
23,1,[29881]
25,3,[93497, 109979, 124977]
26,11,[1626, 5031, 7555, 7858, 9087, 11549, 11640, 15052, 57669, 57674, 63183]
27,10,[2221, 14705, 17786, 28670, 36864, 39053, 39130, 77160, 83302, 91014]
28,2,[1408, 1458]
30,26,[127772, 147164, 233865, 240503, 278773, 300699, 327825, 352957, 364026, 364078, 366950, 370885, 372311, 379047, 382577, 383638, 383932, 384117, 386065, 395521, 403326, 434103, 452082, 467500, 467629, 467835]
10,26,[127883, 147277, 234015, 240656, 278928, 300857, 327984, 353116, 364189, 364241, 367113, 371048, 372474, 379210, 382740, 383801, 384095, 384280, 386228, 395687, 403492, 434273, 452252, 467671, 467800, 468006]
11,1,[15974]
13,1,[3387]
14,3,[97585, 114822, 130564]
15,28,[736, 15299, 23444, 23599, 29483, 44375, 48097, 56434, 64513, 75128, 75691, 81524, 81867, 82889, 84201, 103251, 111361, 111862, 121149, 136351, 136453, 136607, 139808, 140264, 142215, 144982, 146222, 146239]
17,13,[516, 27253, 31232, 31286, 34158, 41767, 41817, 62366, 112621, 112659, 168958, 197393, 199567]
18,27,[11329, 13809, 20627, 26646, 28781, 28910, 35088, 40264, 59127, 59598, 65447, 72068, 76190, 83649, 83819, 87226, 97148, 104539, 104567, 104719, 104760, 116291, 118684, 121617, 137700, 143548, 144638]
19,9,[4882, 5004, 5718, 5744, 11973, 12193, 12450, 12525, 12582]
20,9,[1256, 4518, 7035, 7335, 8552, 14452, 56518, 56523, 61880]
21,14,[1967, 2302, 2998, 4062, 4808, 4897, 5224, 28564, 29002, 29246, 30127, 33798, 34005, 34345]
22,5,[15908, 16389, 16960, 79528, 161306]
23,1,[29881]
25,3,[93497, 109979, 124977]
26,11,[1626, 5031, 7555, 7858, 9087, 11549, 11640, 15052, 57669, 57674, 63183]
27,10,[2221, 14705, 17786, 28670, 36864, 39053, 39130, 77160, 83302, 91014]
28,2,[1408, 1458]
30,26,[127772, 147164, 233865, 240503, 278773, 300699, 327825, 352957, 364026, 364078, 366950, 370885, 372311, 379047, 382577, 383638, 383932, 384117, 386065, 395521, 403326, 434103, 452082, 467500, 467629, 467835]
