10,2,[370980, 486468]
15,7,[6750, 14207, 25244, 52739, 74771, 101524, 102960]
16,1,[27430]
22,14,[29183, 29570, 32573, 32602, 32605, 32608, 32610, 32612, 32614, 32616, 57580, 58149, 61686, 62118]
27,8,[2495, 11838, 24780, 33910, 39186, 54464, 82287, 85522]
30,2,[370817, 486305]
10,2,[370980, 486468]
15,7,[6750, 14207, 25244, 52739, 74771, 101524, 102960]
16,1,[27430]
22,14,[29183, 29570, 32573, 32602, 32605, 32608, 32610, 32612, 32614, 32616, 57580, 58149, 61686, 62118]
27,8,[2495, 11838, 24780, 33910, 39186, 54464, 82287, 85522]
30,2,[370817, 486305]
