11,4,[3359, 3411, 6263, 18047]
12,1,[21710]
14,12,[9760, 9777, 14378, 25875, 28446, 68483, 86465, 130286, 149524, 162172, 177609, 192655]
15,5,[1830, 101687, 109830, 140422, 140470]
16,1,[30410]
17,5,[17162, 25348, 105848, 206497, 207860]
18,2,[17809, 90200]
20,1,[20131]
21,13,[1765, 2047, 2204, 2265, 7191, 7617, 14445, 17418, 23511, 26448, 28107, 32510, 32540]
22,17,[25987, 28316, 47460, 48027, 48041, 48086, 48088, 48272, 48448, 48527, 48561, 52750, 52754, 52989, 52997, 71722, 79213]
24,2,[5102, 5751]
25,12,[9986, 10004, 14383, 25125, 27550, 65316, 82815, 124742, 143386, 155433, 170363, 184546]
26,1,[20856]
27,6,[32088, 32138, 33859, 36916, 37007, 39280]
28,8,[2637, 3407, 7864, 10101, 10755, 10843, 10862, 11524]
11,4,[3359, 3411, 6263, 18047]
12,1,[21710]
14,12,[9760, 9777, 14378, 25875, 28446, 68483, 86465, 130286, 149524, 162172, 177609, 192655]
15,5,[1830, 101687, 109830, 140422, 140470]
16,1,[30410]
17,5,[17162, 25348, 105848, 206497, 207860]
18,2,[17809, 90200]
20,1,[20131]
21,13,[1765, 2047, 2204, 2265, 7191, 7617, 14445, 17418, 23511, 26448, 28107, 32510, 32540]
22,17,[25987, 28316, 47460, 48027, 48041, 48086, 48088, 48272, 48448, 48527, 48561, 52750, 52754, 52989, 52997, 71722, 79213]
24,2,[5102, 5751]
25,12,[9986, 10004, 14383, 25125, 27550, 65316, 82815, 124742, 143386, 155433, 170363, 184546]
26,1,[20856]
27,6,[32088, 32138, 33859, 36916, 37007, 39280]
28,8,[2637, 3407, 7864, 10101, 10755, 10843, 10862, 11524]
