11,2,[3014, 5958]
12,1,[16087]
14,29,[3057, 3669, 21934, 23670, 50362, 54956, 57003, 75501, 80501, 86466, 86481, 92070, 110930, 118537, 118598, 124137, 127812, 135344, 138684, 139706, 140894, 145151, 148255, 163495, 167410, 169556, 176449, 185990, 188516]
15,16,[632, 1854, 1973, 2172, 2598, 41492, 51012, 60050, 76297, 82432, 82658, 94453, 106510, 111004, 111603, 126934]
16,1,[19369]
17,1,[203412]
18,2,[14136, 58066]
20,2,[21316, 25784]
21,4,[20998, 21110, 28310, 28332]
22,31,[11588, 12934, 30081, 46390, 46664, 46695, 47962, 48001, 48002, 48003, 48021, 48278, 48457, 48872, 49009, 49443, 51872, 52405, 52759, 52995, 53091, 53156, 53200, 53260, 53289, 58636, 61520, 115356, 131671, 132741, 160866]
25,30,[3469, 4066, 21486, 23075, 48384, 52774, 54657, 71910, 76834, 82816, 82824, 88222, 106450, 113517, 113578, 118949, 122439, 129639, 132781, 133897, 135048, 139130, 142200, 156702, 160521, 162629, 167472, 169341, 178389, 180765]
26,2,[22061, 26584]
27,16,[3235, 4099, 9507, 38487, 40176, 56831, 64163, 70631, 72008, 72159, 84995, 85866, 88414, 92163, 92434, 99038]
28,2,[2731, 4268]
11,2,[3014, 5958]
12,1,[16087]
14,29,[3057, 3669, 21934, 23670, 50362, 54956, 57003, 75501, 80501, 86466, 86481, 92070, 110930, 118537, 118598, 124137, 127812, 135344, 138684, 139706, 140894, 145151, 148255, 163495, 167410, 169556, 176449, 185990, 188516]
15,16,[632, 1854, 1973, 2172, 2598, 41492, 51012, 60050, 76297, 82432, 82658, 94453, 106510, 111004, 111603, 126934]
16,1,[19369]
17,1,[203412]
18,2,[14136, 58066]
20,2,[21316, 25784]
21,4,[20998, 21110, 28310, 28332]
22,31,[11588, 12934, 30081, 46390, 46664, 46695, 47962, 48001, 48002, 48003, 48021, 48278, 48457, 48872, 49009, 49443, 51872, 52405, 52759, 52995, 53091, 53156, 53200, 53260, 53289, 58636, 61520, 115356, 131671, 132741, 160866]
25,30,[3469, 4066, 21486, 23075, 48384, 52774, 54657, 71910, 76834, 82816, 82824, 88222, 106450, 113517, 113578, 118949, 122439, 129639, 132781, 133897, 135048, 139130, 142200, 156702, 160521, 162629, 167472, 169341, 178389, 180765]
26,2,[22061, 26584]
27,16,[3235, 4099, 9507, 38487, 40176, 56831, 64163, 70631, 72008, 72159, 84995, 85866, 88414, 92163, 92434, 99038]
28,2,[2731, 4268]
