11,3,[14284, 14729, 19090]
12,6,[1957, 2536, 5975, 17827, 18599, 20554]
15,9,[5279, 18651, 31091, 33802, 65985, 76075, 80302, 125175, 159853]
16,7,[4892, 14580, 16362, 20009, 20195, 23212, 33609]
17,1,[80346]
18,1,[143467]
20,1,[39367]
21,2,[7589, 13808]
22,6,[70806, 128574, 139197, 160539, 161928, 161930]
23,6,[10994, 11532, 13577, 21869, 22759, 27804]
24,1,[25640]
26,1,[40310]
27,4,[29206, 37857, 58720, 93957]
11,3,[14284, 14729, 19090]
12,6,[1957, 2536, 5975, 17827, 18599, 20554]
15,9,[5279, 18651, 31091, 33802, 65985, 76075, 80302, 125175, 159853]
16,7,[4892, 14580, 16362, 20009, 20195, 23212, 33609]
17,1,[80346]
18,1,[143467]
20,1,[39367]
21,2,[7589, 13808]
22,6,[70806, 128574, 139197, 160539, 161928, 161930]
23,6,[10994, 11532, 13577, 21869, 22759, 27804]
24,1,[25640]
26,1,[40310]
27,4,[29206, 37857, 58720, 93957]
