12,6,[3222, 3599, 3622, 12185, 16999, 21355]
15,10,[7722, 11969, 43770, 47849, 74025, 121601, 122103, 122530, 133505, 152356]
22,1,[10798]
24,7,[5715, 8145, 12232, 14921, 15082, 21244, 25474]
27,28,[8216, 10800, 21036, 21915, 40967, 46239, 47034, 51700, 52810, 52930, 53200, 57914, 65645, 75131, 77120, 78690, 82498, 95278, 99060, 101262, 101305, 101738, 101985, 102472, 104108, 104241, 105545, 107913]
12,6,[3222, 3599, 3622, 12185, 16999, 21355]
15,10,[7722, 11969, 43770, 47849, 74025, 121601, 122103, 122530, 133505, 152356]
22,1,[10798]
24,7,[5715, 8145, 12232, 14921, 15082, 21244, 25474]
27,28,[8216, 10800, 21036, 21915, 40967, 46239, 47034, 51700, 52810, 52930, 53200, 57914, 65645, 75131, 77120, 78690, 82498, 95278, 99060, 101262, 101305, 101738, 101985, 102472, 104108, 104241, 105545, 107913]
