10,62,[158, 501266, 519597, 532956, 536003, 538773, 542614, 546394, 548415, 564440, 564471, 564976, 565623, 565721, 565744, 566971, 567015, 567031, 567056, 567087, 567291, 567418, 567655, 567749, 567867, 568037, 569403, 569620, 569691, 570638, 571889, 574122, 574281, 574630, 574676, 574715, 575005, 575043, 575239, 575452, 591534, 593177, 595027, 596933, 596950, 597956, 597972, 602491, 602615, 602622, 603112, 603824, 603852, 606608, 606702, 607076, 611740, 628065, 631236, 631898, 639215, 640595]
17,13,[8315, 8380, 8436, 8717, 9764, 9802, 10509, 10540, 10624, 11441, 198912, 210163, 213372]
20,1,[65241]
22,1,[159649]
26,1,[66654]
30,60,[501097, 519425, 532781, 535828, 538598, 542439, 546219, 548240, 564291, 564796, 565443, 565541, 565564, 566791, 566835, 566851, 566876, 566907, 567111, 567238, 567475, 567569, 567687, 567857, 569223, 569440, 569511, 570458, 571709, 573942, 574101, 574450, 574496, 574535, 574825, 574863, 575059, 575272, 591349, 592986, 594836, 596742, 596759, 597765, 597781, 602294, 602418, 602425, 602915, 603622, 603650, 606401, 606495, 606869, 611517, 627805, 630965, 631623, 638940, 640320]
10,62,[158, 501266, 519597, 532956, 536003, 538773, 542614, 546394, 548415, 564440, 564471, 564976, 565623, 565721, 565744, 566971, 567015, 567031, 567056, 567087, 567291, 567418, 567655, 567749, 567867, 568037, 569403, 569620, 569691, 570638, 571889, 574122, 574281, 574630, 574676, 574715, 575005, 575043, 575239, 575452, 591534, 593177, 595027, 596933, 596950, 597956, 597972, 602491, 602615, 602622, 603112, 603824, 603852, 606608, 606702, 607076, 611740, 628065, 631236, 631898, 639215, 640595]
17,13,[8315, 8380, 8436, 8717, 9764, 9802, 10509, 10540, 10624, 11441, 198912, 210163, 213372]
20,1,[65241]
22,1,[159649]
26,1,[66654]
30,60,[501097, 519425, 532781, 535828, 538598, 542439, 546219, 548240, 564291, 564796, 565443, 565541, 565564, 566791, 566835, 566851, 566876, 566907, 567111, 567238, 567475, 567569, 567687, 567857, 569223, 569440, 569511, 570458, 571709, 573942, 574101, 574450, 574496, 574535, 574825, 574863, 575059, 575272, 591349, 592986, 594836, 596742, 596759, 597765, 597781, 602294, 602418, 602425, 602915, 603622, 603650, 606401, 606495, 606869, 611517, 627805, 630965, 631623, 638940, 640320]
