10,38,[85927, 85940, 171780, 430182, 430348, 430357, 430386, 430408, 430428, 430682, 430695, 430705, 430712, 430720, 430728, 430736, 430747, 430755, 433613, 433617, 433630, 434437, 434651, 455330, 455334, 457110, 457114, 457483, 457791, 468610, 469771, 470071, 476355, 476358, 554272, 600606, 602181, 612818]
11,1,[13607]
15,11,[3033, 24030, 44808, 63994, 67929, 73019, 84844, 94876, 96721, 116607, 119367]
16,6,[1796, 3652, 15984, 25351, 25729, 27155]
17,6,[489, 515, 24875, 74318, 170069, 170094]
18,21,[1269, 1274, 1640, 1799, 1948, 9539, 21579, 33037, 37473, 38124, 40080, 40535, 96369, 111188, 117934, 120326, 124479, 124733, 128478, 134393, 138673]
20,1,[44775]
21,5,[8479, 8722, 11202, 12423, 17133]
22,21,[1441, 1487, 39687, 57790, 57887, 58082, 58083, 58206, 58209, 58212, 58215, 58218, 58221, 58224, 58227, 58230, 58279, 63250, 85090, 135983, 159279]
23,7,[4796, 5962, 6863, 9435, 18395, 28118, 28266]
24,3,[226, 16556, 23669]
26,1,[45758]
27,22,[676, 1113, 10766, 24123, 24876, 33241, 39861, 43725, 45537, 54120, 57336, 64139, 65423, 86326, 88858, 90160, 92080, 95445, 97790, 99544, 99620, 109118]
28,2,[4388, 4436]
30,38,[85820, 85833, 171657, 430012, 430178, 430187, 430216, 430238, 430258, 430512, 430525, 430535, 430542, 430550, 430558, 430566, 430577, 430585, 433443, 433447, 433460, 434267, 434481, 455160, 455164, 456940, 456944, 457313, 457621, 468439, 469600, 469900, 476186, 476189, 554094, 600409, 601984, 612595]
10,38,[85927, 85940, 171780, 430182, 430348, 430357, 430386, 430408, 430428, 430682, 430695, 430705, 430712, 430720, 430728, 430736, 430747, 430755, 433613, 433617, 433630, 434437, 434651, 455330, 455334, 457110, 457114, 457483, 457791, 468610, 469771, 470071, 476355, 476358, 554272, 600606, 602181, 612818]
11,1,[13607]
15,11,[3033, 24030, 44808, 63994, 67929, 73019, 84844, 94876, 96721, 116607, 119367]
16,6,[1796, 3652, 15984, 25351, 25729, 27155]
17,6,[489, 515, 24875, 74318, 170069, 170094]
18,21,[1269, 1274, 1640, 1799, 1948, 9539, 21579, 33037, 37473, 38124, 40080, 40535, 96369, 111188, 117934, 120326, 124479, 124733, 128478, 134393, 138673]
20,1,[44775]
21,5,[8479, 8722, 11202, 12423, 17133]
22,21,[1441, 1487, 39687, 57790, 57887, 58082, 58083, 58206, 58209, 58212, 58215, 58218, 58221, 58224, 58227, 58230, 58279, 63250, 85090, 135983, 159279]
23,7,[4796, 5962, 6863, 9435, 18395, 28118, 28266]
24,3,[226, 16556, 23669]
26,1,[45758]
27,22,[676, 1113, 10766, 24123, 24876, 33241, 39861, 43725, 45537, 54120, 57336, 64139, 65423, 86326, 88858, 90160, 92080, 95445, 97790, 99544, 99620, 109118]
28,2,[4388, 4436]
30,38,[85820, 85833, 171657, 430012, 430178, 430187, 430216, 430238, 430258, 430512, 430525, 430535, 430542, 430550, 430558, 430566, 430577, 430585, 433443, 433447, 433460, 434267, 434481, 455160, 455164, 456940, 456944, 457313, 457621, 468439, 469600, 469900, 476186, 476189, 554094, 600409, 601984, 612595]
