6,1,[626]
10,2,[581971, 584197]
13,3,[207, 293, 2348]
14,31,[23379, 34214, 35764, 61266, 67246, 70456, 73391, 75935, 94739, 95732, 98259, 101244, 101300, 106953, 106980, 110576, 123713, 125540, 126296, 128314, 129200, 130036, 132825, 144935, 154520, 166208, 170147, 172203, 174041, 177960, 189130]
15,1,[125673]
16,1,[23869]
17,2,[62116, 120566]
18,20,[50908, 63369, 68657, 72364, 73285, 78736, 83393, 83548, 109666, 114334, 136905, 137624, 138916, 139083, 139129, 139250, 139340, 139496, 141686, 141809]
21,1,[25517]
22,21,[11313, 62473, 63377, 63472, 83315, 83333, 96549, 104391, 110278, 110374, 110564, 110566, 110679, 119409, 119513, 150105, 157250, 157258, 157657, 157658, 157677]
25,31,[22818, 32976, 34410, 58835, 64147, 67205, 69877, 72298, 90769, 91675, 94146, 97115, 97171, 102558, 102581, 106108, 118549, 120249, 120997, 122864, 123715, 124514, 127170, 138916, 147963, 159291, 163191, 165341, 167040, 170662, 181329]
27,3,[50932, 61951, 81128]
28,1,[2214]
30,2,[581791, 584017]
6,1,[626]
10,2,[581971, 584197]
13,3,[207, 293, 2348]
14,31,[23379, 34214, 35764, 61266, 67246, 70456, 73391, 75935, 94739, 95732, 98259, 101244, 101300, 106953, 106980, 110576, 123713, 125540, 126296, 128314, 129200, 130036, 132825, 144935, 154520, 166208, 170147, 172203, 174041, 177960, 189130]
15,1,[125673]
16,1,[23869]
17,2,[62116, 120566]
18,20,[50908, 63369, 68657, 72364, 73285, 78736, 83393, 83548, 109666, 114334, 136905, 137624, 138916, 139083, 139129, 139250, 139340, 139496, 141686, 141809]
21,1,[25517]
22,21,[11313, 62473, 63377, 63472, 83315, 83333, 96549, 104391, 110278, 110374, 110564, 110566, 110679, 119409, 119513, 150105, 157250, 157258, 157657, 157658, 157677]
25,31,[22818, 32976, 34410, 58835, 64147, 67205, 69877, 72298, 90769, 91675, 94146, 97115, 97171, 102558, 102581, 106108, 118549, 120249, 120997, 122864, 123715, 124514, 127170, 138916, 147963, 159291, 163191, 165341, 167040, 170662, 181329]
27,3,[50932, 61951, 81128]
28,1,[2214]
30,2,[581791, 584017]
