10,4,[309632, 353158, 358866, 375092]
15,3,[47029, 92572, 146570]
17,1,[39590]
18,4,[7948, 26173, 122451, 122455]
20,12,[18276, 23228, 24649, 34378, 34858, 37627, 40147, 45803, 46811, 49220, 53099, 59625]
21,1,[15698]
22,12,[40676, 41184, 41195, 51569, 126846, 138899, 138904, 138922, 139083, 139160, 155769, 156012]
24,1,[24060]
26,12,[18981, 23996, 25429, 35264, 35748, 38544, 41087, 46805, 47816, 50261, 54211, 60907]
28,1,[9699]
30,4,[309474, 352999, 358706, 374929]
10,4,[309632, 353158, 358866, 375092]
15,3,[47029, 92572, 146570]
17,1,[39590]
18,4,[7948, 26173, 122451, 122455]
20,12,[18276, 23228, 24649, 34378, 34858, 37627, 40147, 45803, 46811, 49220, 53099, 59625]
21,1,[15698]
22,12,[40676, 41184, 41195, 51569, 126846, 138899, 138904, 138922, 139083, 139160, 155769, 156012]
24,1,[24060]
26,12,[18981, 23996, 25429, 35264, 35748, 38544, 41087, 46805, 47816, 50261, 54211, 60907]
28,1,[9699]
30,4,[309474, 352999, 358706, 374929]
