10,8,[126702, 313704, 347227, 361373, 362920, 428545, 476072, 490252]
11,1,[1332]
15,4,[28923, 122559, 133749, 163852]
20,1,[52614]
21,8,[155, 1352, 7402, 7409, 29801, 29807, 35594, 35612]
22,13,[2470, 8392, 33382, 40818, 40819, 51693, 56422, 88479, 94428, 108526, 146163, 146403, 156112]
23,1,[6710]
24,6,[13001, 19921, 20453, 21386, 27647, 37719]
26,1,[53716]
27,6,[14584, 28729, 41247, 48166, 59540, 92427]
30,8,[126591, 313545, 347068, 361213, 362760, 428378, 475903, 490092]
10,8,[126702, 313704, 347227, 361373, 362920, 428545, 476072, 490252]
11,1,[1332]
15,4,[28923, 122559, 133749, 163852]
20,1,[52614]
21,8,[155, 1352, 7402, 7409, 29801, 29807, 35594, 35612]
22,13,[2470, 8392, 33382, 40818, 40819, 51693, 56422, 88479, 94428, 108526, 146163, 146403, 156112]
23,1,[6710]
24,6,[13001, 19921, 20453, 21386, 27647, 37719]
26,1,[53716]
27,6,[14584, 28729, 41247, 48166, 59540, 92427]
30,8,[126591, 313545, 347068, 361213, 362760, 428378, 475903, 490092]
