10,2,[388791, 621480]
14,1,[153117]
15,10,[33278, 43085, 48848, 59739, 61081, 99320, 117412, 153993, 158236, 162123]
17,1,[132530]
18,5,[34496, 39662, 46466, 122464, 123062]
19,2,[6238, 18518]
20,5,[31809, 39723, 40411, 50235, 54958]
21,4,[16210, 20533, 24910, 25171]
22,8,[15704, 15712, 15720, 15728, 15736, 15744, 15752, 39250]
23,1,[21827]
24,4,[5993, 12415, 38671, 42473]
25,1,[146692]
26,5,[32681, 40662, 41352, 51280, 56120]
27,12,[2175, 15435, 20322, 21186, 30300, 56385, 60854, 65226, 66698, 87236, 100449, 100992]
28,2,[9860, 10320]
30,2,[388628, 621228]
10,2,[388791, 621480]
14,1,[153117]
15,10,[33278, 43085, 48848, 59739, 61081, 99320, 117412, 153993, 158236, 162123]
17,1,[132530]
18,5,[34496, 39662, 46466, 122464, 123062]
19,2,[6238, 18518]
20,5,[31809, 39723, 40411, 50235, 54958]
21,4,[16210, 20533, 24910, 25171]
22,8,[15704, 15712, 15720, 15728, 15736, 15744, 15752, 39250]
23,1,[21827]
24,4,[5993, 12415, 38671, 42473]
25,1,[146692]
26,5,[32681, 40662, 41352, 51280, 56120]
27,12,[2175, 15435, 20322, 21186, 30300, 56385, 60854, 65226, 66698, 87236, 100449, 100992]
28,2,[9860, 10320]
30,2,[388628, 621228]
