14,262,[2128, 2923, 3956, 4568, 4848, 5812, 6480, 6962, 7203, 7917, 8563, 9245, 10464, 11441, 12003, 12679, 13675, 14622, 15372, 16110, 16371, 16376, 17274, 18004, 18147, 19159, 19166, 19963, 20744, 21416, 22138, 23152, 23911, 24112, 25273, 25515, 26034, 26800, 26804, 27667, 27962, 28723, 29660, 30434, 31378, 32210, 33182, 34019, 34640, 35510, 36389, 37472, 38670, 39002, 39136, 39596, 40638, 41440, 42294, 42929, 43104, 44002, 44998, 46159, 47228, 48186, 48882, 49562, 50574, 51636, 52859, 53998, 54815, 55772, 55932, 56570, 57206, 58074, 59156, 60447, 61095, 61719, 61919, 62722, 63602, 64071, 65189, 66220, 67049, 67710, 67868, 68879, 69512, 70294, 71048, 71671, 72686, 73148, 73934, 74788, 75699, 76570, 76706, 77757, 78675, 78957, 79943, 80822, 82425, 83607, 84757, 85707, 85900, 86955, 86977, 88220, 89350, 90252, 91092, 91318, 92393, 92624, 93148, 93515, 94364, 94528, 94969, 95352, 95517, 96197, 97063, 98037, 98808, 99631, 101048, 101874, 102807, 103686, 104311, 105118, 105775, 106761, 107599, 108890, 109653, 110394, 111151, 111163, 111733, 112399, 113161, 114004, 114009, 114832, 115373, 116568, 117243, 117428, 118054, 118775, 119340, 120258, 121035, 121764, 122382, 122542, 123442, 124454, 125356, 125972, 126934, 128116, 128952, 129837, 129841, 130462, 131001, 131006, 131631, 132653, 133358, 134593, 135674, 135829, 136958, 137728, 137872, 138934, 140045, 141227, 141739, 142969, 144015, 144764, 145404, 145408, 146126, 147139, 147906, 148468, 149112, 149768, 150351, 150993, 151686, 152531, 153450, 154293, 155038, 155774, 156585, 157320, 158189, 159405, 159852, 159874, 161433, 162584, 162768, 163779, 164686, 165293, 165608, 165988, 166720, 167709, 168770, 169840, 170820, 171934, 172731, 173237, 173843, 174657, 174801, 175715, 176729, 177266, 177767, 178653, 179546, 181019, 182226, 183085, 183779, 184293, 185307, 186258, 186925, 187153, 187910, 188413, 188450, 188914, 189692, 190158, 191025, 191775, 193051, 193960, 194674, 195484]
20,1,[59089]
22,1,[48735]
25,261,[2431, 3320, 4325, 4985, 5237, 6146, 6743, 7168, 7424, 7812, 8166, 8777, 9512, 10653, 11584, 12121, 12754, 13674, 14600, 15300, 15963, 16195, 16199, 17037, 17689, 17807, 18751, 18757, 19493, 20377, 20988, 21668, 22615, 23287, 23464, 24561, 24786, 25255, 25956, 25959, 26785, 27090, 27805, 28679, 29453, 30319, 31098, 32029, 32810, 33363, 34158, 35031, 36084, 37243, 37541, 37658, 38057, 39079, 39843, 40647, 41207, 41356, 42202, 43183, 44293, 45387, 46310, 46975, 47624, 48576, 49536, 50694, 51845, 52625, 53473, 53605, 54193, 54845, 55706, 56817, 58044, 58632, 59249, 59493, 60285, 61107, 61656, 63245, 63971, 64560, 64691, 65663, 66330, 67064, 67761, 68333, 69240, 69644, 70376, 71200, 72088, 72995, 73121, 74130, 75118, 75367, 76327, 77140, 78716, 79889, 81098, 82103, 82267, 83270, 83291, 84549, 85650, 86521, 87304, 87499, 88530, 88729, 89195, 89551, 90434, 90566, 90990, 91340, 91478, 92146, 92966, 93943, 94734, 95496, 96934, 97716, 98664, 99578, 100135, 100875, 101459, 102383, 103181, 104375, 105073, 105947, 106645, 106657, 107153, 107751, 108456, 109268, 109272, 109987, 110469, 111617, 112246, 112403, 112968, 113743, 114293, 115174, 115949, 116696, 117248, 117383, 118299, 119243, 120064, 120690, 121617, 122684, 123473, 124331, 124334, 124886, 125365, 125369, 125951, 126920, 127663, 128826, 129931, 130060, 131135, 131891, 132023, 133000, 134212, 135350, 135795, 137041, 138055, 138764, 139352, 139355, 140043, 141102, 141870, 142392, 142996, 143598, 144134, 144730, 145349, 146166, 146974, 147757, 148452, 149164, 149922, 150604, 151462, 152552, 152963, 152984, 154694, 155816, 155972, 156953, 157837, 158476, 158747, 159092, 159760, 160790, 161832, 162904, 163838, 165090, 165870, 166307, 166859, 167641, 167757, 168615, 169592, 170064, 170492, 171313, 172143, 173608, 174792, 175621, 176282, 176765, 177734, 178636, 179242, 179442, 180167, 180679, 180716, 181133, 181911, 182443, 183722, 184911, 185805, 186502, 187263]
26,1,[60344]
14,262,[2128, 2923, 3956, 4568, 4848, 5812, 6480, 6962, 7203, 7917, 8563, 9245, 10464, 11441, 12003, 12679, 13675, 14622, 15372, 16110, 16371, 16376, 17274, 18004, 18147, 19159, 19166, 19963, 20744, 21416, 22138, 23152, 23911, 24112, 25273, 25515, 26034, 26800, 26804, 27667, 27962, 28723, 29660, 30434, 31378, 32210, 33182, 34019, 34640, 35510, 36389, 37472, 38670, 39002, 39136, 39596, 40638, 41440, 42294, 42929, 43104, 44002, 44998, 46159, 47228, 48186, 48882, 49562, 50574, 51636, 52859, 53998, 54815, 55772, 55932, 56570, 57206, 58074, 59156, 60447, 61095, 61719, 61919, 62722, 63602, 64071, 65189, 66220, 67049, 67710, 67868, 68879, 69512, 70294, 71048, 71671, 72686, 73148, 73934, 74788, 75699, 76570, 76706, 77757, 78675, 78957, 79943, 80822, 82425, 83607, 84757, 85707, 85900, 86955, 86977, 88220, 89350, 90252, 91092, 91318, 92393, 92624, 93148, 93515, 94364, 94528, 94969, 95352, 95517, 96197, 97063, 98037, 98808, 99631, 101048, 101874, 102807, 103686, 104311, 105118, 105775, 106761, 107599, 108890, 109653, 110394, 111151, 111163, 111733, 112399, 113161, 114004, 114009, 114832, 115373, 116568, 117243, 117428, 118054, 118775, 119340, 120258, 121035, 121764, 122382, 122542, 123442, 124454, 125356, 125972, 126934, 128116, 128952, 129837, 129841, 130462, 131001, 131006, 131631, 132653, 133358, 134593, 135674, 135829, 136958, 137728, 137872, 138934, 140045, 141227, 141739, 142969, 144015, 144764, 145404, 145408, 146126, 147139, 147906, 148468, 149112, 149768, 150351, 150993, 151686, 152531, 153450, 154293, 155038, 155774, 156585, 157320, 158189, 159405, 159852, 159874, 161433, 162584, 162768, 163779, 164686, 165293, 165608, 165988, 166720, 167709, 168770, 169840, 170820, 171934, 172731, 173237, 173843, 174657, 174801, 175715, 176729, 177266, 177767, 178653, 179546, 181019, 182226, 183085, 183779, 184293, 185307, 186258, 186925, 187153, 187910, 188413, 188450, 188914, 189692, 190158, 191025, 191775, 193051, 193960, 194674, 195484]
20,1,[59089]
22,1,[48735]
25,261,[2431, 3320, 4325, 4985, 5237, 6146, 6743, 7168, 7424, 7812, 8166, 8777, 9512, 10653, 11584, 12121, 12754, 13674, 14600, 15300, 15963, 16195, 16199, 17037, 17689, 17807, 18751, 18757, 19493, 20377, 20988, 21668, 22615, 23287, 23464, 24561, 24786, 25255, 25956, 25959, 26785, 27090, 27805, 28679, 29453, 30319, 31098, 32029, 32810, 33363, 34158, 35031, 36084, 37243, 37541, 37658, 38057, 39079, 39843, 40647, 41207, 41356, 42202, 43183, 44293, 45387, 46310, 46975, 47624, 48576, 49536, 50694, 51845, 52625, 53473, 53605, 54193, 54845, 55706, 56817, 58044, 58632, 59249, 59493, 60285, 61107, 61656, 63245, 63971, 64560, 64691, 65663, 66330, 67064, 67761, 68333, 69240, 69644, 70376, 71200, 72088, 72995, 73121, 74130, 75118, 75367, 76327, 77140, 78716, 79889, 81098, 82103, 82267, 83270, 83291, 84549, 85650, 86521, 87304, 87499, 88530, 88729, 89195, 89551, 90434, 90566, 90990, 91340, 91478, 92146, 92966, 93943, 94734, 95496, 96934, 97716, 98664, 99578, 100135, 100875, 101459, 102383, 103181, 104375, 105073, 105947, 106645, 106657, 107153, 107751, 108456, 109268, 109272, 109987, 110469, 111617, 112246, 112403, 112968, 113743, 114293, 115174, 115949, 116696, 117248, 117383, 118299, 119243, 120064, 120690, 121617, 122684, 123473, 124331, 124334, 124886, 125365, 125369, 125951, 126920, 127663, 128826, 129931, 130060, 131135, 131891, 132023, 133000, 134212, 135350, 135795, 137041, 138055, 138764, 139352, 139355, 140043, 141102, 141870, 142392, 142996, 143598, 144134, 144730, 145349, 146166, 146974, 147757, 148452, 149164, 149922, 150604, 151462, 152552, 152963, 152984, 154694, 155816, 155972, 156953, 157837, 158476, 158747, 159092, 159760, 160790, 161832, 162904, 163838, 165090, 165870, 166307, 166859, 167641, 167757, 168615, 169592, 170064, 170492, 171313, 172143, 173608, 174792, 175621, 176282, 176765, 177734, 178636, 179242, 179442, 180167, 180679, 180716, 181133, 181911, 182443, 183722, 184911, 185805, 186502, 187263]
26,1,[60344]
