10,8,[208558, 260623, 371745, 371748, 407550, 446592, 603829, 605164]
14,59,[233, 383, 1465, 15836, 15846, 15949, 16021, 16488, 48809, 82257, 84604, 84610, 84672, 84677, 85667, 85687, 85733, 85748, 85753, 85790, 93455, 94067, 94088, 94262, 97985, 98011, 98445, 98716, 99987, 100672, 100684, 132581, 144694, 145302, 152415, 152436, 152479, 152505, 152686, 152962, 152992, 157872, 157889, 163431, 164322, 175329, 178562, 178588, 179361, 190084, 190110, 190714, 190905, 190959, 190991, 196120, 199139, 199771, 200972]
22,1,[51993]
25,90,[442, 597, 1683, 15729, 15825, 15890, 16302, 43957, 46915, 53217, 78563, 80892, 80898, 80985, 80990, 82073, 82089, 82127, 82137, 82142, 82174, 89498, 90169, 90189, 90347, 93869, 93922, 94345, 94661, 95843, 96615, 96627, 126856, 138718, 139269, 146067, 146084, 146117, 146144, 146312, 146564, 151178, 151194, 156639, 157517, 168253, 171225, 171253, 171988, 181778, 181854, 182352, 182380, 183356, 183616, 189801, 190051, 190131, 190178, 190247, 191539, 191853, 193150, 193379, 193450, 193685, 193865, 194294, 194492, 194699, 194791, 195153, 195256, 195510, 195735, 195987, 196075, 196358, 196769, 197034, 197462, 197489, 197552, 197615, 198309, 199519, 199745, 201473, 202116, 203320]
30,8,[208416, 260467, 371582, 371585, 407384, 446422, 603627, 604962]
10,8,[208558, 260623, 371745, 371748, 407550, 446592, 603829, 605164]
14,59,[233, 383, 1465, 15836, 15846, 15949, 16021, 16488, 48809, 82257, 84604, 84610, 84672, 84677, 85667, 85687, 85733, 85748, 85753, 85790, 93455, 94067, 94088, 94262, 97985, 98011, 98445, 98716, 99987, 100672, 100684, 132581, 144694, 145302, 152415, 152436, 152479, 152505, 152686, 152962, 152992, 157872, 157889, 163431, 164322, 175329, 178562, 178588, 179361, 190084, 190110, 190714, 190905, 190959, 190991, 196120, 199139, 199771, 200972]
22,1,[51993]
25,90,[442, 597, 1683, 15729, 15825, 15890, 16302, 43957, 46915, 53217, 78563, 80892, 80898, 80985, 80990, 82073, 82089, 82127, 82137, 82142, 82174, 89498, 90169, 90189, 90347, 93869, 93922, 94345, 94661, 95843, 96615, 96627, 126856, 138718, 139269, 146067, 146084, 146117, 146144, 146312, 146564, 151178, 151194, 156639, 157517, 168253, 171225, 171253, 171988, 181778, 181854, 182352, 182380, 183356, 183616, 189801, 190051, 190131, 190178, 190247, 191539, 191853, 193150, 193379, 193450, 193685, 193865, 194294, 194492, 194699, 194791, 195153, 195256, 195510, 195735, 195987, 196075, 196358, 196769, 197034, 197462, 197489, 197552, 197615, 198309, 199519, 199745, 201473, 202116, 203320]
30,8,[208416, 260467, 371582, 371585, 407384, 446422, 603627, 604962]
