11,1,[13760]
12,1,[21228]
15,6,[2354, 103155, 113238, 115358, 140001, 165121]
16,1,[36182]
20,19,[524, 989, 1317, 1531, 3603, 3648, 13572, 15324, 15574, 17329, 26840, 27056, 29642, 29976, 29992, 32081, 33122, 34335, 57939]
22,15,[4579, 16729, 29587, 32599, 32764, 32831, 32833, 33530, 33737, 34670, 68862, 105798, 113831, 143100, 159012]
26,21,[890, 1354, 1689, 14157, 15962, 16215, 17995, 27662, 27881, 30486, 30824, 30840, 32953, 34000, 35219, 58394, 59120, 63329, 63473, 66442, 67455]
27,7,[19870, 24231, 24466, 30618, 32064, 38895, 72834]
11,1,[13760]
12,1,[21228]
15,6,[2354, 103155, 113238, 115358, 140001, 165121]
16,1,[36182]
20,19,[524, 989, 1317, 1531, 3603, 3648, 13572, 15324, 15574, 17329, 26840, 27056, 29642, 29976, 29992, 32081, 33122, 34335, 57939]
22,15,[4579, 16729, 29587, 32599, 32764, 32831, 32833, 33530, 33737, 34670, 68862, 105798, 113831, 143100, 159012]
26,21,[890, 1354, 1689, 14157, 15962, 16215, 17995, 27662, 27881, 30486, 30824, 30840, 32953, 34000, 35219, 58394, 59120, 63329, 63473, 66442, 67455]
27,7,[19870, 24231, 24466, 30618, 32064, 38895, 72834]
