9,1,[1453]
10,149,[6890, 9792, 11082, 15464, 15732, 16040, 16140, 18402, 21034, 21087, 25303, 26819, 26936, 111562, 112264, 114182, 116703, 116732, 128519, 132708, 147098, 148866, 149055, 156455, 158931, 166381, 171896, 176964, 183318, 183327, 184211, 188554, 190002, 191779, 193008, 193554, 194868, 197738, 202181, 211686, 211993, 214209, 215842, 215885, 217722, 217931, 217982, 219549, 224744, 225540, 251380, 251449, 259155, 282775, 284316, 292654, 294286, 299197, 305028, 311470, 312017, 312609, 312806, 313100, 313764, 320729, 320760, 325112, 327591, 328276, 330021, 331077, 331304, 334059, 337320, 341742, 346893, 356726, 361537, 371613, 372570, 373871, 376358, 385217, 386652, 389650, 389681, 393076, 393770, 393785, 396117, 396136, 397631, 400317, 400343, 403228, 411160, 421344, 423465, 423531, 428549, 431487, 463624, 467549, 467890, 468070, 474816, 479846, 479893, 480960, 481499, 481626, 482088, 482449, 483104, 483852, 484254, 484771, 486946, 496063, 496863, 497023, 500607, 500629, 506461, 511425, 516476, 516504, 518970, 532406, 533960, 535814, 541644, 542859, 548899, 560012, 569830, 570227, 570316, 570782, 570932, 571323, 571998, 572571, 578808, 580047, 580166, 607611, 627502]
15,2,[16372, 121489]
17,23,[14453, 16340, 18970, 21335, 21564, 21638, 27672, 57193, 77566, 81484, 104597, 119343, 164392, 176326, 176527, 181129, 183423, 184394, 186208, 186264, 186884, 201785, 217821]
18,14,[3772, 5117, 6265, 16618, 21267, 25704, 32987, 40768, 43338, 46960, 52081, 66012, 80347, 133647]
20,4,[2060, 21322, 39457, 65453]
22,8,[863, 9445, 20217, 20231, 20760, 41732, 57839, 100968]
26,4,[2446, 22067, 40399, 66866]
27,4,[334, 78219, 85485, 87966]
28,1,[1265]
30,149,[6796, 9698, 10988, 15370, 15638, 15946, 16046, 18308, 20940, 20993, 25209, 26725, 26842, 111451, 112153, 114071, 116592, 116621, 128407, 132596, 146985, 148753, 148942, 156342, 158818, 166258, 171773, 176841, 183186, 183195, 184079, 188422, 189870, 191647, 192876, 193422, 194736, 197606, 202039, 211544, 211851, 214067, 215700, 215743, 217582, 217791, 217842, 219399, 224594, 225390, 251227, 251296, 258999, 282620, 284160, 292497, 294129, 299039, 304870, 311311, 311858, 312450, 312647, 312941, 313605, 320570, 320601, 324953, 327432, 328117, 329862, 330918, 331145, 333900, 337161, 341583, 346734, 356567, 361377, 371450, 372407, 373708, 376195, 385054, 386489, 389487, 389518, 392910, 393604, 393619, 395951, 395970, 397465, 400151, 400177, 403062, 410994, 421178, 423299, 423365, 428382, 431317, 463453, 467378, 467719, 467899, 474646, 479678, 479725, 480793, 481333, 481460, 481922, 482283, 482939, 483687, 484089, 484606, 486783, 495904, 496694, 496854, 500438, 500460, 506292, 511256, 516304, 516332, 518798, 532231, 533785, 535639, 541469, 542684, 548724, 559834, 569650, 570047, 570136, 570602, 570752, 571143, 571818, 572391, 578628, 579867, 579986, 607404, 627242]
9,1,[1453]
10,149,[6890, 9792, 11082, 15464, 15732, 16040, 16140, 18402, 21034, 21087, 25303, 26819, 26936, 111562, 112264, 114182, 116703, 116732, 128519, 132708, 147098, 148866, 149055, 156455, 158931, 166381, 171896, 176964, 183318, 183327, 184211, 188554, 190002, 191779, 193008, 193554, 194868, 197738, 202181, 211686, 211993, 214209, 215842, 215885, 217722, 217931, 217982, 219549, 224744, 225540, 251380, 251449, 259155, 282775, 284316, 292654, 294286, 299197, 305028, 311470, 312017, 312609, 312806, 313100, 313764, 320729, 320760, 325112, 327591, 328276, 330021, 331077, 331304, 334059, 337320, 341742, 346893, 356726, 361537, 371613, 372570, 373871, 376358, 385217, 386652, 389650, 389681, 393076, 393770, 393785, 396117, 396136, 397631, 400317, 400343, 403228, 411160, 421344, 423465, 423531, 428549, 431487, 463624, 467549, 467890, 468070, 474816, 479846, 479893, 480960, 481499, 481626, 482088, 482449, 483104, 483852, 484254, 484771, 486946, 496063, 496863, 497023, 500607, 500629, 506461, 511425, 516476, 516504, 518970, 532406, 533960, 535814, 541644, 542859, 548899, 560012, 569830, 570227, 570316, 570782, 570932, 571323, 571998, 572571, 578808, 580047, 580166, 607611, 627502]
15,2,[16372, 121489]
17,23,[14453, 16340, 18970, 21335, 21564, 21638, 27672, 57193, 77566, 81484, 104597, 119343, 164392, 176326, 176527, 181129, 183423, 184394, 186208, 186264, 186884, 201785, 217821]
18,14,[3772, 5117, 6265, 16618, 21267, 25704, 32987, 40768, 43338, 46960, 52081, 66012, 80347, 133647]
20,4,[2060, 21322, 39457, 65453]
22,8,[863, 9445, 20217, 20231, 20760, 41732, 57839, 100968]
26,4,[2446, 22067, 40399, 66866]
27,4,[334, 78219, 85485, 87966]
28,1,[1265]
30,149,[6796, 9698, 10988, 15370, 15638, 15946, 16046, 18308, 20940, 20993, 25209, 26725, 26842, 111451, 112153, 114071, 116592, 116621, 128407, 132596, 146985, 148753, 148942, 156342, 158818, 166258, 171773, 176841, 183186, 183195, 184079, 188422, 189870, 191647, 192876, 193422, 194736, 197606, 202039, 211544, 211851, 214067, 215700, 215743, 217582, 217791, 217842, 219399, 224594, 225390, 251227, 251296, 258999, 282620, 284160, 292497, 294129, 299039, 304870, 311311, 311858, 312450, 312647, 312941, 313605, 320570, 320601, 324953, 327432, 328117, 329862, 330918, 331145, 333900, 337161, 341583, 346734, 356567, 361377, 371450, 372407, 373708, 376195, 385054, 386489, 389487, 389518, 392910, 393604, 393619, 395951, 395970, 397465, 400151, 400177, 403062, 410994, 421178, 423299, 423365, 428382, 431317, 463453, 467378, 467719, 467899, 474646, 479678, 479725, 480793, 481333, 481460, 481922, 482283, 482939, 483687, 484089, 484606, 486783, 495904, 496694, 496854, 500438, 500460, 506292, 511256, 516304, 516332, 518798, 532231, 533785, 535639, 541469, 542684, 548724, 559834, 569650, 570047, 570136, 570602, 570752, 571143, 571818, 572391, 578628, 579867, 579986, 607404, 627242]
