10,67,[34753, 41263, 100714, 108359, 109024, 110534, 112007, 112560, 121769, 128024, 163220, 163223, 182655, 206785, 232311, 258884, 273669, 305086, 306810, 306817, 308332, 309317, 310160, 312858, 320456, 320465, 328101, 331324, 331363, 331482, 333456, 342394, 362944, 367260, 370354, 376215, 376969, 380379, 380406, 384868, 386124, 386223, 386833, 386963, 389503, 390684, 390909, 391076, 402682, 404760, 408686, 412503, 412618, 422290, 431805, 441552, 441587, 448631, 449291, 470308, 470314, 493507, 493514, 528921, 558651, 573368, 626565]
11,15,[5250, 5265, 5685, 5690, 5709, 8563, 10571, 12948, 13379, 14112, 14381, 14699, 14998, 18454, 18455]
12,9,[464, 576, 1830, 1831, 7460, 9120, 10937, 15483, 17794]
14,3,[119065, 130142, 193476]
15,89,[2266, 5030, 8799, 10664, 10695, 10717, 10732, 10750, 11068, 11187, 11216, 11323, 18046, 21431, 22993, 27970, 29872, 30429, 30623, 36857, 36931, 36997, 39203, 47748, 51998, 57541, 68094, 68129, 68497, 77754, 78282, 79480, 79804, 79913, 85788, 86571, 89184, 95909, 96039, 97566, 103922, 104822, 104858, 105668, 105678, 105779, 108260, 110098, 114665, 115452, 117697, 122801, 128669, 133290, 133372, 133381, 133402, 133798, 133818, 133836, 133839, 133870, 133892, 134398, 134730, 134801, 135028, 135045, 135085, 135182, 135197, 135218, 135346, 138124, 138380, 147257, 153281, 153770, 155654, 155962, 156662, 157308, 157339, 163482, 163908, 166379, 170968, 171380, 173478]
16,15,[3166, 12449, 12519, 12548, 13894, 13901, 14058, 14081, 19710, 20065, 21770, 25683, 26175, 27051, 27162]
17,39,[13604, 18565, 19952, 19966, 24978, 24989, 25001, 27137, 27149, 27248, 34304, 41559, 41590, 41616, 45839, 50669, 52231, 53837, 54967, 55775, 63181, 65870, 67075, 68268, 79775, 82335, 82394, 99824, 102647, 103265, 111675, 125828, 126529, 139215, 145425, 174996, 180546, 184328, 211507]
18,6,[11118, 25298, 41667, 44823, 96775, 130903]
19,2,[4546, 8831]
20,28,[657, 733, 1916, 4083, 4143, 4674, 5285, 6869, 7660, 8415, 8931, 9633, 10078, 10560, 16619, 29422, 29764, 29866, 30889, 31063, 32472, 32670, 32728, 33381, 45513, 49655, 53545, 55924]
22,32,[7638, 12581, 12582, 21203, 21330, 27512, 27970, 28017, 29640, 39450, 45204, 91594, 91964, 99777, 102788, 102821, 109671, 110665, 111800, 116486, 122600, 123057, 144129, 144130, 144176, 144179, 144774, 144775, 144980, 145620, 156790, 157165]
23,2,[1370, 19467]
24,17,[13220, 17701, 20123, 20952, 23224, 23792, 24263, 24264, 31548, 32903, 33747, 33798, 36668, 41020, 41038, 44017, 44921]
25,4,[114015, 124612, 175551, 185357]
26,15,[1099, 6488, 7389, 8945, 23148, 23866, 30609, 30712, 31217, 32145, 32580, 32582, 46514, 54669, 66610]
27,27,[4905, 8149, 24250, 33804, 34308, 39385, 42772, 48665, 48684, 49349, 49915, 58822, 59114, 59614, 62686, 65075, 67332, 67447, 67580, 71166, 73512, 73846, 84289, 87726, 102954, 109089, 109090]
30,67,[34655, 41165, 100607, 108248, 108913, 110423, 111896, 112449, 121658, 127913, 163097, 163100, 182523, 206643, 232161, 258728, 273513, 304928, 306652, 306659, 308174, 309159, 310002, 312699, 320297, 320306, 327942, 331165, 331204, 331323, 333297, 342235, 362784, 367097, 370191, 376052, 376806, 380216, 380243, 384705, 385961, 386060, 386670, 386800, 389340, 390521, 390746, 390913, 402516, 404594, 408520, 412337, 412452, 422124, 431635, 441382, 441417, 448461, 449121, 470137, 470143, 493347, 493354, 528746, 558473, 573188, 626308]
10,67,[34753, 41263, 100714, 108359, 109024, 110534, 112007, 112560, 121769, 128024, 163220, 163223, 182655, 206785, 232311, 258884, 273669, 305086, 306810, 306817, 308332, 309317, 310160, 312858, 320456, 320465, 328101, 331324, 331363, 331482, 333456, 342394, 362944, 367260, 370354, 376215, 376969, 380379, 380406, 384868, 386124, 386223, 386833, 386963, 389503, 390684, 390909, 391076, 402682, 404760, 408686, 412503, 412618, 422290, 431805, 441552, 441587, 448631, 449291, 470308, 470314, 493507, 493514, 528921, 558651, 573368, 626565]
11,15,[5250, 5265, 5685, 5690, 5709, 8563, 10571, 12948, 13379, 14112, 14381, 14699, 14998, 18454, 18455]
12,9,[464, 576, 1830, 1831, 7460, 9120, 10937, 15483, 17794]
14,3,[119065, 130142, 193476]
15,89,[2266, 5030, 8799, 10664, 10695, 10717, 10732, 10750, 11068, 11187, 11216, 11323, 18046, 21431, 22993, 27970, 29872, 30429, 30623, 36857, 36931, 36997, 39203, 47748, 51998, 57541, 68094, 68129, 68497, 77754, 78282, 79480, 79804, 79913, 85788, 86571, 89184, 95909, 96039, 97566, 103922, 104822, 104858, 105668, 105678, 105779, 108260, 110098, 114665, 115452, 117697, 122801, 128669, 133290, 133372, 133381, 133402, 133798, 133818, 133836, 133839, 133870, 133892, 134398, 134730, 134801, 135028, 135045, 135085, 135182, 135197, 135218, 135346, 138124, 138380, 147257, 153281, 153770, 155654, 155962, 156662, 157308, 157339, 163482, 163908, 166379, 170968, 171380, 173478]
16,15,[3166, 12449, 12519, 12548, 13894, 13901, 14058, 14081, 19710, 20065, 21770, 25683, 26175, 27051, 27162]
17,39,[13604, 18565, 19952, 19966, 24978, 24989, 25001, 27137, 27149, 27248, 34304, 41559, 41590, 41616, 45839, 50669, 52231, 53837, 54967, 55775, 63181, 65870, 67075, 68268, 79775, 82335, 82394, 99824, 102647, 103265, 111675, 125828, 126529, 139215, 145425, 174996, 180546, 184328, 211507]
18,6,[11118, 25298, 41667, 44823, 96775, 130903]
19,2,[4546, 8831]
20,28,[657, 733, 1916, 4083, 4143, 4674, 5285, 6869, 7660, 8415, 8931, 9633, 10078, 10560, 16619, 29422, 29764, 29866, 30889, 31063, 32472, 32670, 32728, 33381, 45513, 49655, 53545, 55924]
22,32,[7638, 12581, 12582, 21203, 21330, 27512, 27970, 28017, 29640, 39450, 45204, 91594, 91964, 99777, 102788, 102821, 109671, 110665, 111800, 116486, 122600, 123057, 144129, 144130, 144176, 144179, 144774, 144775, 144980, 145620, 156790, 157165]
23,2,[1370, 19467]
24,17,[13220, 17701, 20123, 20952, 23224, 23792, 24263, 24264, 31548, 32903, 33747, 33798, 36668, 41020, 41038, 44017, 44921]
25,4,[114015, 124612, 175551, 185357]
26,15,[1099, 6488, 7389, 8945, 23148, 23866, 30609, 30712, 31217, 32145, 32580, 32582, 46514, 54669, 66610]
27,27,[4905, 8149, 24250, 33804, 34308, 39385, 42772, 48665, 48684, 49349, 49915, 58822, 59114, 59614, 62686, 65075, 67332, 67447, 67580, 71166, 73512, 73846, 84289, 87726, 102954, 109089, 109090]
30,67,[34655, 41165, 100607, 108248, 108913, 110423, 111896, 112449, 121658, 127913, 163097, 163100, 182523, 206643, 232161, 258728, 273513, 304928, 306652, 306659, 308174, 309159, 310002, 312699, 320297, 320306, 327942, 331165, 331204, 331323, 333297, 342235, 362784, 367097, 370191, 376052, 376806, 380216, 380243, 384705, 385961, 386060, 386670, 386800, 389340, 390521, 390746, 390913, 402516, 404594, 408520, 412337, 412452, 422124, 431635, 441382, 441417, 448461, 449121, 470137, 470143, 493347, 493354, 528746, 558473, 573188, 626308]
