6,2,[627, 855]
8,1,[100]
10,29,[31072, 128153, 154848, 155319, 197687, 226114, 304103, 314287, 318826, 356597, 382872, 385594, 386112, 436669, 448663, 448699, 448712, 448728, 448734, 463462, 469780, 470575, 470759, 471008, 473854, 474890, 522150, 522651, 529838]
11,6,[6775, 7104, 7659, 9550, 15017, 19228]
12,12,[1255, 1296, 2745, 7198, 7231, 9259, 9742, 10795, 11538, 16898, 17869, 17934]
14,61,[3417, 6885, 6892, 6906, 6918, 17681, 19557, 19560, 21071, 22639, 25765, 25774, 34296, 34307, 35925, 35942, 40167, 43581, 50171, 51146, 51163, 53544, 53551, 53570, 54381, 54388, 56160, 56171, 64556, 64560, 64587, 65646, 66586, 72086, 72223, 72230, 76199, 78114, 78125, 100149, 107141, 116036, 119047, 119056, 127515, 127522, 138368, 139480, 139487, 141486, 141495, 143487, 146617, 151389, 151395, 160858, 162042, 162051, 184773, 186609, 186620]
15,37,[9805, 11778, 16951, 17507, 21013, 21370, 25268, 32361, 47638, 48363, 51039, 52765, 53874, 69294, 78695, 80947, 85747, 85928, 86163, 86183, 90010, 96249, 110572, 111275, 139184, 143435, 146051, 146577, 146938, 152723, 152834, 163129, 165548, 167767, 167889, 171800, 172311]
16,19,[3304, 4749, 7210, 11138, 15158, 16196, 16240, 21346, 24701, 24707, 25845, 25855, 26098, 27938, 31008, 31742, 35038, 35611, 37508]
17,57,[7879, 19376, 19770, 19888, 21388, 26211, 51695, 51708, 63637, 63647, 64457, 68661, 68669, 71986, 72012, 72055, 82281, 85953, 99783, 99794, 99847, 99885, 100528, 100644, 106763, 106891, 107734, 109325, 109654, 109931, 110575, 110810, 117786, 119016, 125573, 126750, 127290, 130478, 130563, 132384, 134493, 135587, 135607, 135758, 135878, 138394, 138500, 138606, 139395, 146951, 147713, 168320, 168356, 168720, 193556, 195432, 196466]
18,28,[2522, 3635, 5186, 6739, 7073, 8034, 12814, 17742, 23474, 24790, 27689, 27882, 28685, 28795, 28986, 31657, 43988, 45277, 45528, 72511, 79055, 79082, 79135, 79216, 114335, 116325, 118718, 123734]
19,4,[12694, 19302, 19949, 27739]
20,35,[325, 611, 767, 1701, 2032, 3287, 3444, 5251, 5304, 5668, 5911, 7345, 8073, 8232, 9187, 9983, 19409, 22616, 24094, 27237, 28694, 29131, 29214, 29683, 30279, 31637, 31642, 32088, 32338, 32359, 32834, 52945, 60438, 60452, 60529]
21,1,[27742]
22,74,[17026, 17129, 21935, 33956, 39061, 47457, 52649, 52669, 79550, 79551, 85933, 91665, 91726, 98836, 99904, 100048, 100053, 101092, 101261, 101732, 102258, 107807, 108703, 108982, 109369, 109379, 110037, 110079, 110186, 110266, 110275, 110277, 110279, 110375, 110552, 110565, 110671, 110676, 110678, 110680, 110857, 110859, 110860, 110865, 110869, 110912, 111022, 111118, 111227, 111230, 111456, 111799, 111801, 111810, 111899, 112010, 116188, 116468, 130327, 141945, 144046, 144051, 144126, 144211, 144719, 145284, 145336, 145460, 145463, 146911, 147398, 147401, 150871, 150921]
23,3,[4940, 20191, 22653]
24,14,[839, 6004, 6013, 6761, 12038, 12145, 20043, 23317, 24163, 26610, 30906, 32643, 37831, 40949]
25,55,[3829, 7116, 7123, 7138, 17399, 19131, 19134, 20674, 22157, 25022, 25031, 33051, 33062, 34583, 38652, 41818, 48186, 49111, 49128, 51433, 51440, 51459, 52209, 52216, 53802, 53813, 63588, 68706, 68838, 68845, 72646, 74586, 74597, 96132, 102738, 111105, 113997, 114006, 122155, 122162, 132477, 133641, 133648, 135573, 135582, 137551, 140547, 145094, 145100, 154079, 155315, 155324, 177224, 178959, 178970]
26,51,[689, 977, 1133, 2074, 2418, 3770, 3929, 4581, 5767, 5820, 6186, 6429, 7868, 8595, 8755, 9740, 10536, 20117, 23383, 24856, 28062, 29313, 29415, 29526, 29973, 30057, 30528, 30769, 31127, 31518, 31859, 31976, 32039, 32069, 32508, 32513, 32960, 33212, 33233, 33392, 33710, 50088, 53861, 54052, 59137, 61735, 61749, 61826, 64878, 66213, 67573]
27,23,[3209, 3510, 8795, 13130, 15880, 20440, 20540, 22143, 38997, 40841, 49054, 53098, 58245, 71269, 72091, 73806, 81082, 81141, 81893, 88541, 88714, 94375, 95829]
30,29,[30978, 128042, 154735, 155206, 197555, 225964, 303945, 314128, 318667, 356438, 382709, 385431, 385949, 436499, 448493, 448529, 448542, 448558, 448564, 463291, 469609, 470404, 470588, 470837, 473684, 474720, 521978, 522479, 529663]
6,2,[627, 855]
8,1,[100]
10,29,[31072, 128153, 154848, 155319, 197687, 226114, 304103, 314287, 318826, 356597, 382872, 385594, 386112, 436669, 448663, 448699, 448712, 448728, 448734, 463462, 469780, 470575, 470759, 471008, 473854, 474890, 522150, 522651, 529838]
11,6,[6775, 7104, 7659, 9550, 15017, 19228]
12,12,[1255, 1296, 2745, 7198, 7231, 9259, 9742, 10795, 11538, 16898, 17869, 17934]
14,61,[3417, 6885, 6892, 6906, 6918, 17681, 19557, 19560, 21071, 22639, 25765, 25774, 34296, 34307, 35925, 35942, 40167, 43581, 50171, 51146, 51163, 53544, 53551, 53570, 54381, 54388, 56160, 56171, 64556, 64560, 64587, 65646, 66586, 72086, 72223, 72230, 76199, 78114, 78125, 100149, 107141, 116036, 119047, 119056, 127515, 127522, 138368, 139480, 139487, 141486, 141495, 143487, 146617, 151389, 151395, 160858, 162042, 162051, 184773, 186609, 186620]
15,37,[9805, 11778, 16951, 17507, 21013, 21370, 25268, 32361, 47638, 48363, 51039, 52765, 53874, 69294, 78695, 80947, 85747, 85928, 86163, 86183, 90010, 96249, 110572, 111275, 139184, 143435, 146051, 146577, 146938, 152723, 152834, 163129, 165548, 167767, 167889, 171800, 172311]
16,19,[3304, 4749, 7210, 11138, 15158, 16196, 16240, 21346, 24701, 24707, 25845, 25855, 26098, 27938, 31008, 31742, 35038, 35611, 37508]
17,57,[7879, 19376, 19770, 19888, 21388, 26211, 51695, 51708, 63637, 63647, 64457, 68661, 68669, 71986, 72012, 72055, 82281, 85953, 99783, 99794, 99847, 99885, 100528, 100644, 106763, 106891, 107734, 109325, 109654, 109931, 110575, 110810, 117786, 119016, 125573, 126750, 127290, 130478, 130563, 132384, 134493, 135587, 135607, 135758, 135878, 138394, 138500, 138606, 139395, 146951, 147713, 168320, 168356, 168720, 193556, 195432, 196466]
18,28,[2522, 3635, 5186, 6739, 7073, 8034, 12814, 17742, 23474, 24790, 27689, 27882, 28685, 28795, 28986, 31657, 43988, 45277, 45528, 72511, 79055, 79082, 79135, 79216, 114335, 116325, 118718, 123734]
19,4,[12694, 19302, 19949, 27739]
20,35,[325, 611, 767, 1701, 2032, 3287, 3444, 5251, 5304, 5668, 5911, 7345, 8073, 8232, 9187, 9983, 19409, 22616, 24094, 27237, 28694, 29131, 29214, 29683, 30279, 31637, 31642, 32088, 32338, 32359, 32834, 52945, 60438, 60452, 60529]
21,1,[27742]
22,74,[17026, 17129, 21935, 33956, 39061, 47457, 52649, 52669, 79550, 79551, 85933, 91665, 91726, 98836, 99904, 100048, 100053, 101092, 101261, 101732, 102258, 107807, 108703, 108982, 109369, 109379, 110037, 110079, 110186, 110266, 110275, 110277, 110279, 110375, 110552, 110565, 110671, 110676, 110678, 110680, 110857, 110859, 110860, 110865, 110869, 110912, 111022, 111118, 111227, 111230, 111456, 111799, 111801, 111810, 111899, 112010, 116188, 116468, 130327, 141945, 144046, 144051, 144126, 144211, 144719, 145284, 145336, 145460, 145463, 146911, 147398, 147401, 150871, 150921]
23,3,[4940, 20191, 22653]
24,14,[839, 6004, 6013, 6761, 12038, 12145, 20043, 23317, 24163, 26610, 30906, 32643, 37831, 40949]
25,55,[3829, 7116, 7123, 7138, 17399, 19131, 19134, 20674, 22157, 25022, 25031, 33051, 33062, 34583, 38652, 41818, 48186, 49111, 49128, 51433, 51440, 51459, 52209, 52216, 53802, 53813, 63588, 68706, 68838, 68845, 72646, 74586, 74597, 96132, 102738, 111105, 113997, 114006, 122155, 122162, 132477, 133641, 133648, 135573, 135582, 137551, 140547, 145094, 145100, 154079, 155315, 155324, 177224, 178959, 178970]
26,51,[689, 977, 1133, 2074, 2418, 3770, 3929, 4581, 5767, 5820, 6186, 6429, 7868, 8595, 8755, 9740, 10536, 20117, 23383, 24856, 28062, 29313, 29415, 29526, 29973, 30057, 30528, 30769, 31127, 31518, 31859, 31976, 32039, 32069, 32508, 32513, 32960, 33212, 33233, 33392, 33710, 50088, 53861, 54052, 59137, 61735, 61749, 61826, 64878, 66213, 67573]
27,23,[3209, 3510, 8795, 13130, 15880, 20440, 20540, 22143, 38997, 40841, 49054, 53098, 58245, 71269, 72091, 73806, 81082, 81141, 81893, 88541, 88714, 94375, 95829]
30,29,[30978, 128042, 154735, 155206, 197555, 225964, 303945, 314128, 318667, 356438, 382709, 385431, 385949, 436499, 448493, 448529, 448542, 448558, 448564, 463291, 469609, 470404, 470588, 470837, 473684, 474720, 521978, 522479, 529663]
