10,11,[25552, 257931, 270791, 295069, 499290, 539374, 547498, 572923, 634437, 638347, 639504]
15,2,[14182, 128749]
17,1,[178679]
18,1,[75976]
21,1,[18844]
26,1,[29287]
30,11,[25458, 257775, 270635, 294912, 499121, 539199, 547323, 572743, 634162, 638072, 639229]
10,11,[25552, 257931, 270791, 295069, 499290, 539374, 547498, 572923, 634437, 638347, 639504]
15,2,[14182, 128749]
17,1,[178679]
18,1,[75976]
21,1,[18844]
26,1,[29287]
30,11,[25458, 257775, 270635, 294912, 499121, 539199, 547323, 572743, 634162, 638072, 639229]
