11,1,[6351]
12,2,[17, 9348]
14,12,[24703, 30046, 38046, 53598, 77215, 116943, 124918, 127566, 150643, 156156, 156952, 181641]
15,1,[30900]
18,3,[51746, 58085, 114805]
21,2,[7089, 23770]
22,3,[9, 8413, 8908]
25,12,[24033, 29101, 36671, 51487, 73611, 111960, 119709, 122206, 144408, 149527, 150263, 174212]
27,12,[31308, 62562, 84542, 86231, 88624, 89857, 101500, 102409, 105490, 107561, 109138, 109211]
11,1,[6351]
12,2,[17, 9348]
14,12,[24703, 30046, 38046, 53598, 77215, 116943, 124918, 127566, 150643, 156156, 156952, 181641]
15,1,[30900]
18,3,[51746, 58085, 114805]
21,2,[7089, 23770]
22,3,[9, 8413, 8908]
25,12,[24033, 29101, 36671, 51487, 73611, 111960, 119709, 122206, 144408, 149527, 150263, 174212]
27,12,[31308, 62562, 84542, 86231, 88624, 89857, 101500, 102409, 105490, 107561, 109138, 109211]
