10,41,[96429, 126981, 127320, 175315, 175331, 175339, 175367, 175701, 175754, 197420, 228974, 228981, 229050, 245842, 269899, 298834, 312129, 314026, 315061, 319179, 320842, 323272, 323462, 324411, 327788, 328139, 340713, 341328, 343846, 354629, 365431, 366301, 423985, 424086, 425172, 428795, 432505, 442423, 454576, 454721, 487186]
14,1,[186630]
15,2,[72093, 132520]
16,4,[9126, 9132, 9332, 13333]
17,22,[13300, 13374, 32467, 33341, 63187, 63579, 82347, 83400, 98660, 125868, 132562, 132576, 132647, 133177, 133308, 133393, 133757, 150320, 166009, 166036, 166174, 166207]
19,32,[2180, 4135, 4185, 4552, 4724, 5716, 5824, 5930, 8022, 8656, 8679, 10328, 10553, 11017, 11121, 11165, 11449, 12027, 12059, 12065, 12113, 12144, 14051, 14060, 15361, 15427, 17732, 18167, 19007, 24264, 25442, 25445]
20,2,[31775, 33647]
22,2,[71777, 79358]
25,1,[178980]
26,2,[32647, 34520]
27,1,[35373]
30,41,[96322, 126870, 127209, 175192, 175208, 175216, 175244, 175578, 175631, 197288, 228824, 228831, 228900, 245689, 269743, 298676, 311970, 313867, 314902, 319020, 320683, 323113, 323303, 324252, 327629, 327980, 340554, 341169, 343687, 354470, 365268, 366138, 423819, 423920, 425006, 428628, 432335, 442253, 454406, 454551, 487023]
10,41,[96429, 126981, 127320, 175315, 175331, 175339, 175367, 175701, 175754, 197420, 228974, 228981, 229050, 245842, 269899, 298834, 312129, 314026, 315061, 319179, 320842, 323272, 323462, 324411, 327788, 328139, 340713, 341328, 343846, 354629, 365431, 366301, 423985, 424086, 425172, 428795, 432505, 442423, 454576, 454721, 487186]
14,1,[186630]
15,2,[72093, 132520]
16,4,[9126, 9132, 9332, 13333]
17,22,[13300, 13374, 32467, 33341, 63187, 63579, 82347, 83400, 98660, 125868, 132562, 132576, 132647, 133177, 133308, 133393, 133757, 150320, 166009, 166036, 166174, 166207]
19,32,[2180, 4135, 4185, 4552, 4724, 5716, 5824, 5930, 8022, 8656, 8679, 10328, 10553, 11017, 11121, 11165, 11449, 12027, 12059, 12065, 12113, 12144, 14051, 14060, 15361, 15427, 17732, 18167, 19007, 24264, 25442, 25445]
20,2,[31775, 33647]
22,2,[71777, 79358]
25,1,[178980]
26,2,[32647, 34520]
27,1,[35373]
30,41,[96322, 126870, 127209, 175192, 175208, 175216, 175244, 175578, 175631, 197288, 228824, 228831, 228900, 245689, 269743, 298676, 311970, 313867, 314902, 319020, 320683, 323113, 323303, 324252, 327629, 327980, 340554, 341169, 343687, 354470, 365268, 366138, 423819, 423920, 425006, 428628, 432335, 442253, 454406, 454551, 487023]
