10,122,[1537, 88008, 146098, 187703, 194755, 220507, 225052, 249625, 272508, 281792, 282350, 299050, 300458, 302858, 311934, 311942, 315760, 315773, 315776, 315989, 316859, 317077, 317087, 317730, 318353, 318853, 319843, 325759, 326207, 327582, 330845, 337323, 338851, 339276, 339619, 339653, 340034, 341350, 349025, 363640, 371493, 372424, 373197, 373698, 375436, 375561, 377079, 381059, 381859, 382812, 382829, 382851, 383670, 383695, 383886, 385643, 385899, 387344, 391790, 392242, 393722, 393728, 393941, 393945, 394072, 396364, 396375, 397735, 397808, 397819, 400148, 400915, 400935, 401678, 402846, 404498, 405555, 411527, 422096, 422102, 424035, 438155, 439009, 450177, 453019, 457986, 457997, 473085, 474652, 476038, 476927, 476948, 483376, 488444, 492462, 494011, 521439, 521453, 536333, 536341, 540314, 541988, 584717, 586450, 587113, 588846, 589029, 601333, 601865, 602221, 608555, 613666, 615675, 615765, 615846, 616083, 617259, 618453, 622037, 626426, 626850, 629169]
11,2,[1988, 15692]
12,2,[9573, 23055]
16,3,[4349, 4538, 14916]
17,11,[6129, 6206, 19425, 26260, 26524, 26921, 40584, 71316, 129555, 185663, 198173]
18,1,[128661]
21,2,[10718, 18364]
22,1,[142393]
24,4,[14881, 17440, 26394, 34403]
27,6,[15126, 55423, 55639, 73390, 77407, 90711]
28,2,[9484, 9725]
30,122,[1444, 87901, 145985, 187571, 194623, 220357, 224902, 249472, 272352, 281637, 282195, 298892, 300300, 302700, 311775, 311783, 315601, 315614, 315617, 315830, 316700, 316918, 316928, 317571, 318194, 318694, 319684, 325600, 326048, 327423, 330686, 337164, 338692, 339117, 339460, 339494, 339875, 341191, 348866, 363477, 371330, 372261, 373034, 373535, 375273, 375398, 376916, 380896, 381696, 382649, 382666, 382688, 383507, 383532, 383723, 385480, 385736, 387181, 391627, 392079, 393556, 393562, 393775, 393779, 393906, 396198, 396209, 397569, 397642, 397653, 399982, 400749, 400769, 401512, 402680, 404332, 405389, 411361, 421930, 421936, 423869, 437985, 438839, 450007, 452849, 457816, 457827, 472915, 474482, 475869, 476758, 476779, 483211, 488282, 492302, 493851, 521267, 521281, 536158, 536166, 540139, 541813, 584532, 586265, 586928, 588661, 588844, 601136, 601668, 602024, 608343, 613437, 615436, 615526, 615607, 615844, 617016, 618201, 621785, 626169, 626593, 628906]
10,122,[1537, 88008, 146098, 187703, 194755, 220507, 225052, 249625, 272508, 281792, 282350, 299050, 300458, 302858, 311934, 311942, 315760, 315773, 315776, 315989, 316859, 317077, 317087, 317730, 318353, 318853, 319843, 325759, 326207, 327582, 330845, 337323, 338851, 339276, 339619, 339653, 340034, 341350, 349025, 363640, 371493, 372424, 373197, 373698, 375436, 375561, 377079, 381059, 381859, 382812, 382829, 382851, 383670, 383695, 383886, 385643, 385899, 387344, 391790, 392242, 393722, 393728, 393941, 393945, 394072, 396364, 396375, 397735, 397808, 397819, 400148, 400915, 400935, 401678, 402846, 404498, 405555, 411527, 422096, 422102, 424035, 438155, 439009, 450177, 453019, 457986, 457997, 473085, 474652, 476038, 476927, 476948, 483376, 488444, 492462, 494011, 521439, 521453, 536333, 536341, 540314, 541988, 584717, 586450, 587113, 588846, 589029, 601333, 601865, 602221, 608555, 613666, 615675, 615765, 615846, 616083, 617259, 618453, 622037, 626426, 626850, 629169]
11,2,[1988, 15692]
12,2,[9573, 23055]
16,3,[4349, 4538, 14916]
17,11,[6129, 6206, 19425, 26260, 26524, 26921, 40584, 71316, 129555, 185663, 198173]
18,1,[128661]
21,2,[10718, 18364]
22,1,[142393]
24,4,[14881, 17440, 26394, 34403]
27,6,[15126, 55423, 55639, 73390, 77407, 90711]
28,2,[9484, 9725]
30,122,[1444, 87901, 145985, 187571, 194623, 220357, 224902, 249472, 272352, 281637, 282195, 298892, 300300, 302700, 311775, 311783, 315601, 315614, 315617, 315830, 316700, 316918, 316928, 317571, 318194, 318694, 319684, 325600, 326048, 327423, 330686, 337164, 338692, 339117, 339460, 339494, 339875, 341191, 348866, 363477, 371330, 372261, 373034, 373535, 375273, 375398, 376916, 380896, 381696, 382649, 382666, 382688, 383507, 383532, 383723, 385480, 385736, 387181, 391627, 392079, 393556, 393562, 393775, 393779, 393906, 396198, 396209, 397569, 397642, 397653, 399982, 400749, 400769, 401512, 402680, 404332, 405389, 411361, 421930, 421936, 423869, 437985, 438839, 450007, 452849, 457816, 457827, 472915, 474482, 475869, 476758, 476779, 483211, 488282, 492302, 493851, 521267, 521281, 536158, 536166, 540139, 541813, 584532, 586265, 586928, 588661, 588844, 601136, 601668, 602024, 608343, 613437, 615436, 615526, 615607, 615844, 617016, 618201, 621785, 626169, 626593, 628906]
