10,16,[146811, 179602, 362775, 481613, 500319, 513365, 513420, 518130, 526297, 535109, 569368, 597947, 598109, 612438, 612492, 628098]
11,8,[10509, 10533, 11075, 11558, 11587, 12146, 15298, 18893]
12,4,[471, 3568, 21094, 21137]
13,1,[3240]
15,6,[16356, 19159, 40353, 67440, 150871, 155680]
16,24,[1241, 2402, 4702, 5137, 7474, 9545, 9632, 10024, 14228, 14314, 15354, 22445, 24063, 26743, 26868, 26957, 27747, 32746, 33914, 34280, 34747, 34924, 37171, 37308]
17,3,[73474, 136391, 148116]
18,1,[8635]
19,2,[1823, 22718]
20,4,[21230, 22768, 23269, 65969]
21,7,[6382, 9578, 19502, 20812, 25442, 27167, 33416]
22,9,[63009, 101849, 102125, 102160, 102162, 102244, 102246, 102248, 102250]
23,1,[8795]
24,8,[2070, 11164, 14362, 21273, 33719, 35804, 36280, 37820]
26,4,[21974, 23533, 24037, 67387]
27,10,[3326, 5938, 5940, 11721, 26917, 67135, 67914, 80078, 80977, 84754]
28,1,[3646]
30,16,[146698, 179479, 362615, 481447, 500150, 513196, 513251, 517958, 526125, 534934, 569188, 597756, 597918, 612215, 612269, 627838]
10,16,[146811, 179602, 362775, 481613, 500319, 513365, 513420, 518130, 526297, 535109, 569368, 597947, 598109, 612438, 612492, 628098]
11,8,[10509, 10533, 11075, 11558, 11587, 12146, 15298, 18893]
12,4,[471, 3568, 21094, 21137]
13,1,[3240]
15,6,[16356, 19159, 40353, 67440, 150871, 155680]
16,24,[1241, 2402, 4702, 5137, 7474, 9545, 9632, 10024, 14228, 14314, 15354, 22445, 24063, 26743, 26868, 26957, 27747, 32746, 33914, 34280, 34747, 34924, 37171, 37308]
17,3,[73474, 136391, 148116]
18,1,[8635]
19,2,[1823, 22718]
20,4,[21230, 22768, 23269, 65969]
21,7,[6382, 9578, 19502, 20812, 25442, 27167, 33416]
22,9,[63009, 101849, 102125, 102160, 102162, 102244, 102246, 102248, 102250]
23,1,[8795]
24,8,[2070, 11164, 14362, 21273, 33719, 35804, 36280, 37820]
26,4,[21974, 23533, 24037, 67387]
27,10,[3326, 5938, 5940, 11721, 26917, 67135, 67914, 80078, 80977, 84754]
28,1,[3646]
30,16,[146698, 179479, 362615, 481447, 500150, 513196, 513251, 517958, 526125, 534934, 569188, 597756, 597918, 612215, 612269, 627838]
