15,37,[17033, 23972, 38622, 39087, 40108, 42616, 43093, 44227, 45126, 50265, 52059, 56045, 58155, 58888, 59006, 59050, 59127, 63852, 63982, 66350, 67006, 70987, 72801, 73266, 87405, 94884, 103597, 106473, 124682, 126241, 131470, 136901, 144988, 151754, 153866, 166066, 173010]
18,12,[10687, 18329, 52342, 58974, 61700, 63018, 63170, 64821, 106803, 111185, 140772, 148195]
19,5,[4894, 10929, 15284, 16658, 23170]
20,10,[6762, 13199, 19635, 27303, 28876, 30350, 31175, 36488, 40323, 52422]
22,6,[1486, 24915, 32277, 58148, 59194, 134882]
23,1,[6002]
26,10,[7283, 13783, 20344, 28128, 29711, 31199, 32044, 37395, 41264, 53520]
27,12,[5458, 24923, 31393, 35221, 64313, 71958, 74310, 78494, 81962, 93033, 99639, 104432]
15,37,[17033, 23972, 38622, 39087, 40108, 42616, 43093, 44227, 45126, 50265, 52059, 56045, 58155, 58888, 59006, 59050, 59127, 63852, 63982, 66350, 67006, 70987, 72801, 73266, 87405, 94884, 103597, 106473, 124682, 126241, 131470, 136901, 144988, 151754, 153866, 166066, 173010]
18,12,[10687, 18329, 52342, 58974, 61700, 63018, 63170, 64821, 106803, 111185, 140772, 148195]
19,5,[4894, 10929, 15284, 16658, 23170]
20,10,[6762, 13199, 19635, 27303, 28876, 30350, 31175, 36488, 40323, 52422]
22,6,[1486, 24915, 32277, 58148, 59194, 134882]
23,1,[6002]
26,10,[7283, 13783, 20344, 28128, 29711, 31199, 32044, 37395, 41264, 53520]
27,12,[5458, 24923, 31393, 35221, 64313, 71958, 74310, 78494, 81962, 93033, 99639, 104432]
