10,37,[56567, 78216, 139214, 151935, 162994, 169923, 205716, 205758, 205824, 210432, 247299, 254272, 257658, 257695, 257756, 266214, 272448, 282296, 282684, 288268, 296422, 321363, 382225, 395540, 454007, 466787, 466919, 467054, 512744, 513697, 515393, 526518, 563589, 564501, 566915, 572353, 575094]
11,2,[3402, 17861]
15,3,[13573, 20536, 50328]
17,7,[56312, 75557, 75884, 80374, 82156, 107351, 114750]
18,8,[20876, 21066, 28053, 31981, 63724, 82717, 93483, 97156]
19,9,[13061, 13250, 13420, 13480, 13581, 13883, 14067, 19170, 19205]
21,5,[7588, 8588, 10060, 11194, 33268]
22,1,[10472]
26,3,[14192, 28322, 50854]
27,3,[14495, 33772, 60455]
28,1,[9758]
30,37,[56468, 78109, 139102, 151822, 162871, 169800, 205574, 205616, 205682, 210290, 247146, 254119, 257502, 257539, 257600, 266058, 272292, 282141, 282529, 288112, 296265, 321204, 382062, 395374, 453837, 466616, 466748, 466883, 512575, 513528, 515224, 526346, 563411, 564321, 566735, 572173, 574914]
10,37,[56567, 78216, 139214, 151935, 162994, 169923, 205716, 205758, 205824, 210432, 247299, 254272, 257658, 257695, 257756, 266214, 272448, 282296, 282684, 288268, 296422, 321363, 382225, 395540, 454007, 466787, 466919, 467054, 512744, 513697, 515393, 526518, 563589, 564501, 566915, 572353, 575094]
11,2,[3402, 17861]
15,3,[13573, 20536, 50328]
17,7,[56312, 75557, 75884, 80374, 82156, 107351, 114750]
18,8,[20876, 21066, 28053, 31981, 63724, 82717, 93483, 97156]
19,9,[13061, 13250, 13420, 13480, 13581, 13883, 14067, 19170, 19205]
21,5,[7588, 8588, 10060, 11194, 33268]
22,1,[10472]
26,3,[14192, 28322, 50854]
27,3,[14495, 33772, 60455]
28,1,[9758]
30,37,[56468, 78109, 139102, 151822, 162871, 169800, 205574, 205616, 205682, 210290, 247146, 254119, 257502, 257539, 257600, 266058, 272292, 282141, 282529, 288112, 296265, 321204, 382062, 395374, 453837, 466616, 466748, 466883, 512575, 513528, 515224, 526346, 563411, 564321, 566735, 572173, 574914]
