15,4,[45962, 102685, 107548, 113647]
18,6,[57438, 60368, 65891, 77507, 107449, 134404]
20,8,[2620, 7678, 13434, 13531, 27658, 30606, 32938, 50961]
21,2,[20583, 32880]
22,28,[17209, 19322, 19325, 19328, 19331, 19334, 19341, 58228, 58255, 64271, 64299, 65716, 72056, 77966, 80402, 81443, 109128, 115078, 115080, 115086, 115615, 116031, 122477, 142045, 142567, 143427, 143499, 150123]
25,1,[133276]
26,8,[3047, 8200, 14019, 14116, 28485, 31459, 33814, 52017]
27,1,[26575]
15,4,[45962, 102685, 107548, 113647]
18,6,[57438, 60368, 65891, 77507, 107449, 134404]
20,8,[2620, 7678, 13434, 13531, 27658, 30606, 32938, 50961]
21,2,[20583, 32880]
22,28,[17209, 19322, 19325, 19328, 19331, 19334, 19341, 58228, 58255, 64271, 64299, 65716, 72056, 77966, 80402, 81443, 109128, 115078, 115080, 115086, 115615, 116031, 122477, 142045, 142567, 143427, 143499, 150123]
25,1,[133276]
26,8,[3047, 8200, 14019, 14116, 28485, 31459, 33814, 52017]
27,1,[26575]
