15,9,[1915, 2687, 57287, 62758, 64001, 78357, 84739, 86204, 171561]
16,4,[17014, 21404, 24665, 24751]
17,13,[126085, 132867, 133106, 136635, 137048, 137065, 138168, 140520, 141184, 141212, 143596, 150488, 150795]
18,8,[28527, 32167, 66558, 68206, 75260, 85649, 124502, 130935]
20,1,[29928]
21,9,[10996, 15260, 20937, 20950, 22434, 25111, 25161, 25591, 31244]
22,12,[37795, 37960, 95808, 95921, 109024, 109025, 109110, 109112, 109239, 109355, 110035, 152735]
23,1,[16744]
24,1,[39141]
26,1,[30775]
27,2,[12780, 55521]
28,2,[4370, 8132]
15,9,[1915, 2687, 57287, 62758, 64001, 78357, 84739, 86204, 171561]
16,4,[17014, 21404, 24665, 24751]
17,13,[126085, 132867, 133106, 136635, 137048, 137065, 138168, 140520, 141184, 141212, 143596, 150488, 150795]
18,8,[28527, 32167, 66558, 68206, 75260, 85649, 124502, 130935]
20,1,[29928]
21,9,[10996, 15260, 20937, 20950, 22434, 25111, 25161, 25591, 31244]
22,12,[37795, 37960, 95808, 95921, 109024, 109025, 109110, 109112, 109239, 109355, 110035, 152735]
23,1,[16744]
24,1,[39141]
26,1,[30775]
27,2,[12780, 55521]
28,2,[4370, 8132]
