8,1,[292]
10,10,[29576, 198401, 198493, 245488, 245582, 588794, 588811, 609363, 609441, 614613]
15,3,[6332, 61642, 74444]
18,9,[21167, 36275, 51775, 71356, 73747, 75910, 88882, 88885, 102890]
21,1,[24587]
26,2,[47483, 67130]
27,1,[45481]
30,10,[29482, 198269, 198361, 245335, 245429, 588609, 588626, 609151, 609229, 614379]
8,1,[292]
10,10,[29576, 198401, 198493, 245488, 245582, 588794, 588811, 609363, 609441, 614613]
15,3,[6332, 61642, 74444]
18,9,[21167, 36275, 51775, 71356, 73747, 75910, 88882, 88885, 102890]
21,1,[24587]
26,2,[47483, 67130]
27,1,[45481]
30,10,[29482, 198269, 198361, 245335, 245429, 588609, 588626, 609151, 609229, 614379]
