10,6,[342882, 345087, 460200, 473977, 583175, 609353]
15,2,[44190, 133577]
17,3,[47152, 47156, 215169]
18,1,[19786]
19,3,[20457, 20563, 21782]
20,5,[12740, 34789, 38629, 46718, 58810]
21,1,[32355]
22,4,[17207, 39636, 112453, 112714]
23,1,[1018]
26,8,[13328, 35678, 39573, 41728, 47723, 49055, 49219, 60009]
30,6,[342723, 344928, 460030, 473807, 582995, 609141]
10,6,[342882, 345087, 460200, 473977, 583175, 609353]
15,2,[44190, 133577]
17,3,[47152, 47156, 215169]
18,1,[19786]
19,3,[20457, 20563, 21782]
20,5,[12740, 34789, 38629, 46718, 58810]
21,1,[32355]
22,4,[17207, 39636, 112453, 112714]
23,1,[1018]
26,8,[13328, 35678, 39573, 41728, 47723, 49055, 49219, 60009]
30,6,[342723, 344928, 460030, 473807, 582995, 609141]
