10,12,[12078, 12130, 12197, 46556, 178712, 254503, 291398, 533686, 545488, 573345, 574831, 580273]
17,1,[206136]
18,1,[111120]
20,8,[6802, 8337, 27712, 34268, 34723, 46386, 53593, 62202]
21,4,[18927, 33199, 33283, 33337]
22,7,[54418, 54455, 83326, 83410, 83420, 85237, 104402]
23,3,[498, 578, 17480]
26,8,[7324, 8867, 28540, 35149, 35611, 47393, 54719, 63539]
28,1,[11562]
30,12,[11984, 12036, 12103, 46458, 178589, 254350, 291242, 533511, 545313, 573165, 574651, 580093]
10,12,[12078, 12130, 12197, 46556, 178712, 254503, 291398, 533686, 545488, 573345, 574831, 580273]
17,1,[206136]
18,1,[111120]
20,8,[6802, 8337, 27712, 34268, 34723, 46386, 53593, 62202]
21,4,[18927, 33199, 33283, 33337]
22,7,[54418, 54455, 83326, 83410, 83420, 85237, 104402]
23,3,[498, 578, 17480]
26,8,[7324, 8867, 28540, 35149, 35611, 47393, 54719, 63539]
28,1,[11562]
30,12,[11984, 12036, 12103, 46458, 178589, 254350, 291242, 533511, 545313, 573165, 574651, 580093]
