11,1,[626]
14,133,[80, 1309, 6305, 8384, 8407, 8672, 8694, 8713, 8734, 8851, 11946, 12036, 12043, 12061, 12075, 12083, 12103, 12120, 12597, 12817, 12839, 12843, 12887, 13211, 13231, 16168, 38617, 38774, 38782, 38786, 38799, 38808, 38837, 38841, 38898, 38961, 39069, 39170, 39248, 39256, 39260, 39272, 39284, 39325, 39329, 39371, 39393, 39398, 39461, 39476, 39484, 42755, 42870, 42982, 42999, 43016, 43034, 43041, 57755, 57766, 57962, 61752, 76519, 76589, 76609, 76618, 76635, 78543, 78738, 82262, 82332, 82336, 95981, 108487, 108508, 121920, 122019, 122027, 122113, 122169, 122180, 125378, 125774, 126605, 126620, 126811, 130280, 130299, 130412, 130482, 130550, 130583, 130596, 130600, 130632, 130662, 130701, 130811, 130820, 130916, 134418, 134474, 137404, 137455, 137470, 137664, 145163, 156281, 157068, 157080, 173620, 173640, 177561, 177603, 177617, 183123, 183566, 187546, 189403, 189417, 191490, 196384, 198175, 198736, 198820, 198868, 198958, 200078, 200118, 200303, 200759, 201527, 201554]
15,2,[35310, 116480]
22,1,[114748]
25,173,[298, 1525, 6598, 8592, 8613, 8901, 8931, 8952, 8973, 9095, 12074, 12152, 12159, 12172, 12185, 12192, 12210, 12221, 12883, 12902, 12906, 12945, 13253, 13273, 16019, 37205, 37346, 37352, 37355, 37366, 37373, 37398, 37401, 37464, 37512, 37608, 37690, 37757, 37763, 37766, 37776, 37786, 37822, 37825, 37865, 37882, 37886, 37938, 37952, 37958, 41068, 41165, 41258, 41270, 41286, 41298, 41305, 55410, 55425, 55607, 59059, 59280, 72960, 73012, 73027, 73036, 73047, 75003, 75179, 78568, 78635, 78639, 91921, 116835, 116923, 116931, 117014, 117065, 117075, 120085, 120503, 121316, 121330, 121507, 124737, 124755, 124853, 124904, 124962, 124989, 125000, 125003, 125031, 125058, 125096, 125201, 125209, 125290, 128667, 128721, 131597, 131644, 131658, 131839, 150371, 150382, 166668, 166687, 170322, 170358, 170371, 175657, 176085, 179832, 181566, 181578, 183358, 188201, 188616, 189781, 189986, 190282, 190300, 190418, 190458, 190905, 191040, 191456, 191659, 191756, 192353, 192789, 193012, 193599, 193823, 193984, 194157, 194356, 194550, 194594, 194758, 195039, 195211, 195369, 195598, 195681, 195895, 196229, 197082, 197207, 197267, 197669, 197903, 197958, 198155, 198618, 198672, 198752, 198833, 199027, 199645, 199867, 200518, 201070, 201154, 201202, 201292, 202423, 202463, 202648, 203107, 203887, 203914]
11,1,[626]
14,133,[80, 1309, 6305, 8384, 8407, 8672, 8694, 8713, 8734, 8851, 11946, 12036, 12043, 12061, 12075, 12083, 12103, 12120, 12597, 12817, 12839, 12843, 12887, 13211, 13231, 16168, 38617, 38774, 38782, 38786, 38799, 38808, 38837, 38841, 38898, 38961, 39069, 39170, 39248, 39256, 39260, 39272, 39284, 39325, 39329, 39371, 39393, 39398, 39461, 39476, 39484, 42755, 42870, 42982, 42999, 43016, 43034, 43041, 57755, 57766, 57962, 61752, 76519, 76589, 76609, 76618, 76635, 78543, 78738, 82262, 82332, 82336, 95981, 108487, 108508, 121920, 122019, 122027, 122113, 122169, 122180, 125378, 125774, 126605, 126620, 126811, 130280, 130299, 130412, 130482, 130550, 130583, 130596, 130600, 130632, 130662, 130701, 130811, 130820, 130916, 134418, 134474, 137404, 137455, 137470, 137664, 145163, 156281, 157068, 157080, 173620, 173640, 177561, 177603, 177617, 183123, 183566, 187546, 189403, 189417, 191490, 196384, 198175, 198736, 198820, 198868, 198958, 200078, 200118, 200303, 200759, 201527, 201554]
15,2,[35310, 116480]
22,1,[114748]
25,173,[298, 1525, 6598, 8592, 8613, 8901, 8931, 8952, 8973, 9095, 12074, 12152, 12159, 12172, 12185, 12192, 12210, 12221, 12883, 12902, 12906, 12945, 13253, 13273, 16019, 37205, 37346, 37352, 37355, 37366, 37373, 37398, 37401, 37464, 37512, 37608, 37690, 37757, 37763, 37766, 37776, 37786, 37822, 37825, 37865, 37882, 37886, 37938, 37952, 37958, 41068, 41165, 41258, 41270, 41286, 41298, 41305, 55410, 55425, 55607, 59059, 59280, 72960, 73012, 73027, 73036, 73047, 75003, 75179, 78568, 78635, 78639, 91921, 116835, 116923, 116931, 117014, 117065, 117075, 120085, 120503, 121316, 121330, 121507, 124737, 124755, 124853, 124904, 124962, 124989, 125000, 125003, 125031, 125058, 125096, 125201, 125209, 125290, 128667, 128721, 131597, 131644, 131658, 131839, 150371, 150382, 166668, 166687, 170322, 170358, 170371, 175657, 176085, 179832, 181566, 181578, 183358, 188201, 188616, 189781, 189986, 190282, 190300, 190418, 190458, 190905, 191040, 191456, 191659, 191756, 192353, 192789, 193012, 193599, 193823, 193984, 194157, 194356, 194550, 194594, 194758, 195039, 195211, 195369, 195598, 195681, 195895, 196229, 197082, 197207, 197267, 197669, 197903, 197958, 198155, 198618, 198672, 198752, 198833, 199027, 199645, 199867, 200518, 201070, 201154, 201202, 201292, 202423, 202463, 202648, 203107, 203887, 203914]
