10,16,[2584, 134692, 154656, 155809, 170047, 174133, 178931, 184926, 194313, 194629, 395572, 396019, 398256, 568666, 639221, 639388]
21,2,[16131, 26329]
23,1,[30379]
26,5,[21495, 33476, 44071, 53024, 60542]
30,16,[2491, 134580, 154543, 155696, 169924, 174010, 178808, 184794, 194181, 194497, 395406, 395853, 398090, 568486, 638946, 639113]
10,16,[2584, 134692, 154656, 155809, 170047, 174133, 178931, 184926, 194313, 194629, 395572, 396019, 398256, 568666, 639221, 639388]
21,2,[16131, 26329]
23,1,[30379]
26,5,[21495, 33476, 44071, 53024, 60542]
30,16,[2491, 134580, 154543, 155696, 169924, 174010, 178808, 184794, 194181, 194497, 395406, 395853, 398090, 568486, 638946, 639113]
