15,5,[1622, 1861, 47768, 63305, 106854]
20,1,[3543]
21,17,[1586, 1657, 1730, 1866, 1927, 1978, 2154, 2273, 2311, 4144, 4346, 33820, 33908, 33926, 33985, 34211, 34275]
22,4,[68243, 73214, 78768, 84267]
23,1,[2472]
26,1,[4031]
28,24,[31, 603, 754, 797, 831, 873, 890, 918, 972, 992, 1074, 1090, 1094, 1151, 1254, 1340, 1409, 1461, 1473, 1552, 1845, 2130, 2136, 2170]
15,5,[1622, 1861, 47768, 63305, 106854]
20,1,[3543]
21,17,[1586, 1657, 1730, 1866, 1927, 1978, 2154, 2273, 2311, 4144, 4346, 33820, 33908, 33926, 33985, 34211, 34275]
22,4,[68243, 73214, 78768, 84267]
23,1,[2472]
26,1,[4031]
28,24,[31, 603, 754, 797, 831, 873, 890, 918, 972, 992, 1074, 1090, 1094, 1151, 1254, 1340, 1409, 1461, 1473, 1552, 1845, 2130, 2136, 2170]
