10,64,[44256, 45720, 45807, 109086, 117990, 118036, 225782, 308456, 316345, 318130, 339910, 340174, 340710, 346991, 348576, 349203, 349721, 350980, 351635, 351699, 352277, 352706, 354236, 354285, 401173, 406472, 416334, 428414, 442466, 492205, 492833, 495681, 499633, 505417, 507905, 511241, 511426, 511429, 513730, 513743, 513754, 522716, 525339, 525342, 526574, 526590, 533196, 543512, 544015, 568163, 573120, 590347, 598065, 602614, 602812, 603968, 616313, 617192, 627539, 627548, 629610, 638078, 639796, 640125]
13,1,[2140]
15,7,[16042, 17407, 40823, 49107, 96204, 107127, 144139]
17,17,[23582, 37654, 40925, 40980, 40983, 41097, 55020, 55039, 55042, 66679, 81324, 157614, 162040, 163762, 179043, 186504, 191371]
18,10,[1303, 13264, 53820, 53835, 53837, 111401, 111410, 117146, 119538, 135781]
19,1,[3581]
20,21,[5589, 8131, 8399, 9248, 12072, 15794, 27055, 27743, 28303, 29118, 30067, 44132, 44290, 44421, 48490, 48833, 48843, 52411, 54988, 58971, 62879]
21,5,[5364, 10302, 15284, 23342, 31941]
22,68,[7994, 7997, 15223, 57381, 64143, 64184, 64209, 64369, 68222, 68224, 68237, 68264, 68267, 68281, 68349, 68409, 70996, 71226, 71259, 71304, 73480, 73482, 73536, 73539, 76939, 76965, 77767, 77783, 77863, 77877, 77882, 77894, 77936, 77974, 78020, 78024, 78028, 78044, 78292, 78317, 78352, 78389, 78591, 78676, 78777, 78832, 78851, 78855, 78867, 78974, 79094, 81564, 89042, 99182, 106117, 113290, 122933, 124279, 124403, 135800, 136378, 150360, 152711, 153730, 153782, 153864, 159679, 160362]
23,5,[4050, 7630, 10219, 10239, 23094]
26,21,[6107, 8653, 8929, 9800, 12659, 16439, 27880, 28572, 29140, 29960, 30914, 45095, 45255, 45390, 49508, 49864, 49874, 53508, 56149, 60221, 64222]
27,6,[8292, 41738, 47895, 50544, 71656, 101760]
30,64,[44158, 45622, 45709, 108975, 117879, 117925, 225632, 308298, 316186, 317971, 339751, 340015, 340551, 346832, 348417, 349044, 349562, 350821, 351476, 351540, 352118, 352547, 354077, 354126, 401007, 406306, 416168, 428247, 442296, 492045, 492673, 495522, 499464, 505248, 507736, 511072, 511257, 511260, 513561, 513574, 513585, 522544, 525167, 525170, 526402, 526418, 533021, 543337, 543840, 567983, 572940, 590162, 597874, 602417, 602615, 603766, 616074, 616949, 627279, 627288, 629347, 637803, 639521, 639850]
10,64,[44256, 45720, 45807, 109086, 117990, 118036, 225782, 308456, 316345, 318130, 339910, 340174, 340710, 346991, 348576, 349203, 349721, 350980, 351635, 351699, 352277, 352706, 354236, 354285, 401173, 406472, 416334, 428414, 442466, 492205, 492833, 495681, 499633, 505417, 507905, 511241, 511426, 511429, 513730, 513743, 513754, 522716, 525339, 525342, 526574, 526590, 533196, 543512, 544015, 568163, 573120, 590347, 598065, 602614, 602812, 603968, 616313, 617192, 627539, 627548, 629610, 638078, 639796, 640125]
13,1,[2140]
15,7,[16042, 17407, 40823, 49107, 96204, 107127, 144139]
17,17,[23582, 37654, 40925, 40980, 40983, 41097, 55020, 55039, 55042, 66679, 81324, 157614, 162040, 163762, 179043, 186504, 191371]
18,10,[1303, 13264, 53820, 53835, 53837, 111401, 111410, 117146, 119538, 135781]
19,1,[3581]
20,21,[5589, 8131, 8399, 9248, 12072, 15794, 27055, 27743, 28303, 29118, 30067, 44132, 44290, 44421, 48490, 48833, 48843, 52411, 54988, 58971, 62879]
21,5,[5364, 10302, 15284, 23342, 31941]
22,68,[7994, 7997, 15223, 57381, 64143, 64184, 64209, 64369, 68222, 68224, 68237, 68264, 68267, 68281, 68349, 68409, 70996, 71226, 71259, 71304, 73480, 73482, 73536, 73539, 76939, 76965, 77767, 77783, 77863, 77877, 77882, 77894, 77936, 77974, 78020, 78024, 78028, 78044, 78292, 78317, 78352, 78389, 78591, 78676, 78777, 78832, 78851, 78855, 78867, 78974, 79094, 81564, 89042, 99182, 106117, 113290, 122933, 124279, 124403, 135800, 136378, 150360, 152711, 153730, 153782, 153864, 159679, 160362]
23,5,[4050, 7630, 10219, 10239, 23094]
26,21,[6107, 8653, 8929, 9800, 12659, 16439, 27880, 28572, 29140, 29960, 30914, 45095, 45255, 45390, 49508, 49864, 49874, 53508, 56149, 60221, 64222]
27,6,[8292, 41738, 47895, 50544, 71656, 101760]
30,64,[44158, 45622, 45709, 108975, 117879, 117925, 225632, 308298, 316186, 317971, 339751, 340015, 340551, 346832, 348417, 349044, 349562, 350821, 351476, 351540, 352118, 352547, 354077, 354126, 401007, 406306, 416168, 428247, 442296, 492045, 492673, 495522, 499464, 505248, 507736, 511072, 511257, 511260, 513561, 513574, 513585, 522544, 525167, 525170, 526402, 526418, 533021, 543337, 543840, 567983, 572940, 590162, 597874, 602417, 602615, 603766, 616074, 616949, 627279, 627288, 629347, 637803, 639521, 639850]
