10,14,[194144, 303995, 312144, 340063, 343876, 343927, 374591, 388350, 389447, 399012, 400818, 425337, 473577, 483126]
15,1,[17331]
19,1,[4640]
21,1,[30395]
22,12,[3020, 77752, 77753, 78142, 78161, 78741, 79096, 96133, 105623, 124411, 136341, 160251]
26,1,[17622]
30,14,[194012, 303837, 311985, 339904, 343717, 343768, 374428, 388187, 389284, 398846, 400652, 425171, 473407, 482961]
10,14,[194144, 303995, 312144, 340063, 343876, 343927, 374591, 388350, 389447, 399012, 400818, 425337, 473577, 483126]
15,1,[17331]
19,1,[4640]
21,1,[30395]
22,12,[3020, 77752, 77753, 78142, 78161, 78741, 79096, 96133, 105623, 124411, 136341, 160251]
26,1,[17622]
30,14,[194012, 303837, 311985, 339904, 343717, 343768, 374428, 388187, 389284, 398846, 400652, 425171, 473407, 482961]
