10,24,[28428, 88977, 131913, 133877, 203095, 208192, 208356, 247214, 251094, 260262, 260421, 296122, 305796, 392578, 396599, 488652, 497813, 501024, 501111, 504550, 515995, 531317, 531743, 532208]
16,2,[28822, 28823]
17,1,[101269]
18,3,[39971, 108505, 122226]
19,1,[22285]
20,15,[3982, 4261, 7038, 14368, 22176, 29873, 30740, 30798, 52583, 58872, 60326, 60806, 60815, 61419, 62426]
21,2,[3542, 10511]
22,10,[70171, 75775, 140367, 140529, 140533, 140874, 141259, 141849, 142709, 156546]
23,2,[549, 8528]
26,15,[4481, 4766, 7558, 14965, 22931, 30719, 31603, 31661, 53685, 60073, 61621, 62104, 62113, 62723, 63764]
30,24,[28334, 88870, 131801, 133765, 202953, 208050, 208214, 247061, 250941, 260106, 260265, 295965, 305638, 392415, 396433, 488490, 497644, 500855, 500942, 504381, 515823, 531142, 531568, 532033]
10,24,[28428, 88977, 131913, 133877, 203095, 208192, 208356, 247214, 251094, 260262, 260421, 296122, 305796, 392578, 396599, 488652, 497813, 501024, 501111, 504550, 515995, 531317, 531743, 532208]
16,2,[28822, 28823]
17,1,[101269]
18,3,[39971, 108505, 122226]
19,1,[22285]
20,15,[3982, 4261, 7038, 14368, 22176, 29873, 30740, 30798, 52583, 58872, 60326, 60806, 60815, 61419, 62426]
21,2,[3542, 10511]
22,10,[70171, 75775, 140367, 140529, 140533, 140874, 141259, 141849, 142709, 156546]
23,2,[549, 8528]
26,15,[4481, 4766, 7558, 14965, 22931, 30719, 31603, 31661, 53685, 60073, 61621, 62104, 62113, 62723, 63764]
30,24,[28334, 88870, 131801, 133765, 202953, 208050, 208214, 247061, 250941, 260106, 260265, 295965, 305638, 392415, 396433, 488490, 497644, 500855, 500942, 504381, 515823, 531142, 531568, 532033]
