10,174,[5197, 5357, 5395, 5532, 5544, 6157, 16432, 22267, 29641, 34924, 34948, 34986, 35020, 35104, 35133, 38961, 76053, 78061, 78234, 78272, 78322, 78377, 78424, 78470, 78516, 78566, 78610, 78656, 78702, 78748, 78795, 79765, 80058, 80103, 80112, 80124, 80131, 80153, 80185, 80291, 80316, 80335, 80413, 80446, 80574, 80870, 81284, 81359, 81390, 81506, 81537, 81638, 81675, 81714, 81729, 81764, 81803, 81823, 81852, 81858, 81896, 81909, 81944, 87039, 97277, 97377, 97406, 97421, 97460, 97494, 97529, 97549, 97573, 97593, 97612, 97631, 97719, 97741, 97771, 97795, 97801, 97853, 97875, 97884, 97888, 97891, 97913, 97953, 97977, 98001, 98005, 98121, 98140, 98349, 103275, 104620, 104631, 104923, 132322, 136824, 136968, 136990, 137068, 137095, 137147, 137590, 137928, 138079, 138540, 138625, 138713, 138753, 139486, 139763, 139774, 139846, 139863, 139946, 139992, 140093, 140112, 140174, 140194, 140307, 140328, 140431, 140451, 140550, 140984, 141025, 141050, 141077, 141144, 141303, 141407, 141419, 141528, 141538, 141633, 141638, 166870, 167603, 239877, 239916, 240281, 240368, 240625, 240867, 241105, 241742, 242212, 242318, 242356, 242388, 242452, 242807, 276152, 276164, 276346, 285399, 306951, 325195, 336761, 393004, 393225, 399208, 407205, 411054, 413831, 441532, 478314, 485782, 493883, 494627]
14,1,[173025]
15,2,[34878, 41484]
17,21,[733, 4950, 13310, 13318, 13323, 13423, 13469, 13845, 60527, 70402, 126860, 126879, 181815, 199889, 199895, 200054, 200184, 200199, 200206, 200313, 200324]
18,6,[4782, 38443, 95192, 105538, 107508, 129927]
20,1,[62280]
21,3,[21691, 21811, 23056]
23,2,[19699, 29587]
24,1,[5241]
25,3,[51186, 120539, 166128]
26,1,[63617]
27,2,[20873, 77063]
28,1,[10912]
29,100,[49, 52, 297, 300, 545, 548, 793, 796, 1041, 1044, 1289, 1292, 1537, 1540, 1785, 1788, 2034, 2037, 2283, 2286, 2531, 2534, 2779, 2782, 3027, 3030, 3275, 3278, 3523, 3526, 3771, 3774, 4019, 4022, 4267, 4270, 4515, 4518, 4763, 4766, 5011, 5014, 5259, 5262, 5507, 5510, 5755, 5758, 6003, 6006, 6251, 6254, 6499, 6502, 6747, 6750, 6996, 6999, 7246, 7249, 7496, 7499, 7746, 7749, 7996, 7999, 8246, 8249, 8495, 8498, 8743, 8746, 8991, 8994, 9239, 9242, 9488, 9491, 9738, 9741, 9988, 9991, 10237, 10240, 10485, 10488, 10733, 10736, 10981, 10984, 11232, 11235, 11480, 11483, 11729, 11732, 11978, 11981, 12226, 12229]
30,174,[5103, 5263, 5301, 5438, 5450, 6063, 16338, 22173, 29547, 34826, 34850, 34888, 34922, 35006, 35035, 38863, 75950, 77954, 78127, 78165, 78215, 78270, 78317, 78363, 78409, 78459, 78503, 78549, 78595, 78641, 78688, 79658, 79951, 79996, 80005, 80017, 80024, 80046, 80078, 80184, 80209, 80228, 80306, 80339, 80467, 80763, 81177, 81252, 81283, 81399, 81430, 81531, 81568, 81607, 81622, 81657, 81696, 81716, 81745, 81751, 81789, 81802, 81837, 86932, 97170, 97270, 97299, 97314, 97353, 97387, 97422, 97442, 97466, 97486, 97505, 97524, 97612, 97634, 97664, 97688, 97694, 97746, 97768, 97777, 97781, 97784, 97806, 97846, 97870, 97894, 97898, 98014, 98033, 98242, 103168, 104513, 104524, 104816, 132210, 136712, 136856, 136878, 136956, 136983, 137035, 137478, 137816, 137967, 138428, 138513, 138601, 138641, 139374, 139651, 139662, 139734, 139751, 139834, 139880, 139981, 140000, 140062, 140082, 140195, 140216, 140319, 140339, 140438, 140872, 140913, 140938, 140965, 141032, 141191, 141295, 141307, 141416, 141426, 141521, 141526, 166747, 167480, 239724, 239763, 240128, 240215, 240472, 240714, 240952, 241589, 242059, 242165, 242203, 242235, 242299, 242654, 275996, 276008, 276190, 285243, 306793, 325036, 336602, 392838, 393059, 399042, 407039, 410888, 413665, 441362, 478146, 485618, 493723, 494467]
10,174,[5197, 5357, 5395, 5532, 5544, 6157, 16432, 22267, 29641, 34924, 34948, 34986, 35020, 35104, 35133, 38961, 76053, 78061, 78234, 78272, 78322, 78377, 78424, 78470, 78516, 78566, 78610, 78656, 78702, 78748, 78795, 79765, 80058, 80103, 80112, 80124, 80131, 80153, 80185, 80291, 80316, 80335, 80413, 80446, 80574, 80870, 81284, 81359, 81390, 81506, 81537, 81638, 81675, 81714, 81729, 81764, 81803, 81823, 81852, 81858, 81896, 81909, 81944, 87039, 97277, 97377, 97406, 97421, 97460, 97494, 97529, 97549, 97573, 97593, 97612, 97631, 97719, 97741, 97771, 97795, 97801, 97853, 97875, 97884, 97888, 97891, 97913, 97953, 97977, 98001, 98005, 98121, 98140, 98349, 103275, 104620, 104631, 104923, 132322, 136824, 136968, 136990, 137068, 137095, 137147, 137590, 137928, 138079, 138540, 138625, 138713, 138753, 139486, 139763, 139774, 139846, 139863, 139946, 139992, 140093, 140112, 140174, 140194, 140307, 140328, 140431, 140451, 140550, 140984, 141025, 141050, 141077, 141144, 141303, 141407, 141419, 141528, 141538, 141633, 141638, 166870, 167603, 239877, 239916, 240281, 240368, 240625, 240867, 241105, 241742, 242212, 242318, 242356, 242388, 242452, 242807, 276152, 276164, 276346, 285399, 306951, 325195, 336761, 393004, 393225, 399208, 407205, 411054, 413831, 441532, 478314, 485782, 493883, 494627]
14,1,[173025]
15,2,[34878, 41484]
17,21,[733, 4950, 13310, 13318, 13323, 13423, 13469, 13845, 60527, 70402, 126860, 126879, 181815, 199889, 199895, 200054, 200184, 200199, 200206, 200313, 200324]
18,6,[4782, 38443, 95192, 105538, 107508, 129927]
20,1,[62280]
21,3,[21691, 21811, 23056]
23,2,[19699, 29587]
24,1,[5241]
25,3,[51186, 120539, 166128]
26,1,[63617]
27,2,[20873, 77063]
28,1,[10912]
29,100,[49, 52, 297, 300, 545, 548, 793, 796, 1041, 1044, 1289, 1292, 1537, 1540, 1785, 1788, 2034, 2037, 2283, 2286, 2531, 2534, 2779, 2782, 3027, 3030, 3275, 3278, 3523, 3526, 3771, 3774, 4019, 4022, 4267, 4270, 4515, 4518, 4763, 4766, 5011, 5014, 5259, 5262, 5507, 5510, 5755, 5758, 6003, 6006, 6251, 6254, 6499, 6502, 6747, 6750, 6996, 6999, 7246, 7249, 7496, 7499, 7746, 7749, 7996, 7999, 8246, 8249, 8495, 8498, 8743, 8746, 8991, 8994, 9239, 9242, 9488, 9491, 9738, 9741, 9988, 9991, 10237, 10240, 10485, 10488, 10733, 10736, 10981, 10984, 11232, 11235, 11480, 11483, 11729, 11732, 11978, 11981, 12226, 12229]
30,174,[5103, 5263, 5301, 5438, 5450, 6063, 16338, 22173, 29547, 34826, 34850, 34888, 34922, 35006, 35035, 38863, 75950, 77954, 78127, 78165, 78215, 78270, 78317, 78363, 78409, 78459, 78503, 78549, 78595, 78641, 78688, 79658, 79951, 79996, 80005, 80017, 80024, 80046, 80078, 80184, 80209, 80228, 80306, 80339, 80467, 80763, 81177, 81252, 81283, 81399, 81430, 81531, 81568, 81607, 81622, 81657, 81696, 81716, 81745, 81751, 81789, 81802, 81837, 86932, 97170, 97270, 97299, 97314, 97353, 97387, 97422, 97442, 97466, 97486, 97505, 97524, 97612, 97634, 97664, 97688, 97694, 97746, 97768, 97777, 97781, 97784, 97806, 97846, 97870, 97894, 97898, 98014, 98033, 98242, 103168, 104513, 104524, 104816, 132210, 136712, 136856, 136878, 136956, 136983, 137035, 137478, 137816, 137967, 138428, 138513, 138601, 138641, 139374, 139651, 139662, 139734, 139751, 139834, 139880, 139981, 140000, 140062, 140082, 140195, 140216, 140319, 140339, 140438, 140872, 140913, 140938, 140965, 141032, 141191, 141295, 141307, 141416, 141426, 141521, 141526, 166747, 167480, 239724, 239763, 240128, 240215, 240472, 240714, 240952, 241589, 242059, 242165, 242203, 242235, 242299, 242654, 275996, 276008, 276190, 285243, 306793, 325036, 336602, 392838, 393059, 399042, 407039, 410888, 413665, 441362, 478146, 485618, 493723, 494467]
