10,8,[376053, 381164, 394911, 401602, 401605, 424965, 497307, 530581]
11,10,[2071, 2128, 2140, 2578, 4796, 4875, 4918, 4974, 5062, 5074]
12,2,[18996, 20435]
15,5,[50806, 50913, 116180, 118522, 138050]
19,5,[13371, 13589, 19971, 20040, 21647]
20,2,[22721, 50176]
22,21,[23710, 34662, 37914, 37915, 44837, 45855, 45889, 50502, 50626, 50628, 50631, 70351, 103398, 107449, 128266, 128269, 128278, 131627, 133654, 136424, 146755]
23,6,[17858, 17870, 17943, 17983, 18011, 18105]
24,1,[23941]
26,3,[23485, 25192, 51221]
27,2,[23814, 61825]
30,8,[375890, 381001, 394745, 401436, 401439, 424799, 497138, 530406]
10,8,[376053, 381164, 394911, 401602, 401605, 424965, 497307, 530581]
11,10,[2071, 2128, 2140, 2578, 4796, 4875, 4918, 4974, 5062, 5074]
12,2,[18996, 20435]
15,5,[50806, 50913, 116180, 118522, 138050]
19,5,[13371, 13589, 19971, 20040, 21647]
20,2,[22721, 50176]
22,21,[23710, 34662, 37914, 37915, 44837, 45855, 45889, 50502, 50626, 50628, 50631, 70351, 103398, 107449, 128266, 128269, 128278, 131627, 133654, 136424, 146755]
23,6,[17858, 17870, 17943, 17983, 18011, 18105]
24,1,[23941]
26,3,[23485, 25192, 51221]
27,2,[23814, 61825]
30,8,[375890, 381001, 394745, 401436, 401439, 424799, 497138, 530406]
