10,1,[509766]
11,1,[20986]
14,21,[5529, 18920, 47872, 55541, 60129, 88682, 101527, 103338, 110075, 120716, 123208, 126682, 127642, 140821, 140901, 147711, 164390, 165298, 167420, 185980, 190762]
21,4,[9903, 11589, 14069, 25536]
22,6,[25748, 47144, 48701, 48707, 121359, 122338]
23,16,[2205, 2219, 3766, 6025, 6044, 6074, 6171, 6275, 6297, 7235, 7909, 9921, 15772, 15868, 15903, 21055]
24,28,[390, 1883, 3260, 3283, 8108, 9092, 10603, 12434, 12618, 14787, 17532, 17934, 17981, 18753, 21476, 21663, 21676, 21924, 22099, 23165, 27504, 32055, 32085, 35420, 37661, 38348, 41216, 41984]
25,21,[5887, 18546, 46030, 53273, 57759, 85015, 97389, 99263, 105656, 115659, 118095, 121391, 122280, 134976, 135055, 141699, 158481, 160531, 162543, 178379, 183423]
27,61,[2863, 5360, 8077, 8973, 10599, 11099, 12527, 13263, 16578, 17929, 19282, 20612, 21548, 21745, 24625, 27189, 27472, 31924, 32014, 32636, 35135, 36419, 36570, 41039, 41049, 43253, 45680, 51992, 52109, 58305, 58660, 64303, 64454, 64689, 65186, 66005, 69925, 74039, 74094, 78169, 78204, 81707, 81777, 83265, 88114, 88254, 89519, 89748, 91363, 92208, 98984, 99309, 99912, 106527, 106579, 106644, 106844, 107564, 107652, 108063, 108587]
30,1,[509597]
10,1,[509766]
11,1,[20986]
14,21,[5529, 18920, 47872, 55541, 60129, 88682, 101527, 103338, 110075, 120716, 123208, 126682, 127642, 140821, 140901, 147711, 164390, 165298, 167420, 185980, 190762]
21,4,[9903, 11589, 14069, 25536]
22,6,[25748, 47144, 48701, 48707, 121359, 122338]
23,16,[2205, 2219, 3766, 6025, 6044, 6074, 6171, 6275, 6297, 7235, 7909, 9921, 15772, 15868, 15903, 21055]
24,28,[390, 1883, 3260, 3283, 8108, 9092, 10603, 12434, 12618, 14787, 17532, 17934, 17981, 18753, 21476, 21663, 21676, 21924, 22099, 23165, 27504, 32055, 32085, 35420, 37661, 38348, 41216, 41984]
25,21,[5887, 18546, 46030, 53273, 57759, 85015, 97389, 99263, 105656, 115659, 118095, 121391, 122280, 134976, 135055, 141699, 158481, 160531, 162543, 178379, 183423]
27,61,[2863, 5360, 8077, 8973, 10599, 11099, 12527, 13263, 16578, 17929, 19282, 20612, 21548, 21745, 24625, 27189, 27472, 31924, 32014, 32636, 35135, 36419, 36570, 41039, 41049, 43253, 45680, 51992, 52109, 58305, 58660, 64303, 64454, 64689, 65186, 66005, 69925, 74039, 74094, 78169, 78204, 81707, 81777, 83265, 88114, 88254, 89519, 89748, 91363, 92208, 98984, 99309, 99912, 106527, 106579, 106644, 106844, 107564, 107652, 108063, 108587]
30,1,[509597]
