10,15,[158563, 165564, 182405, 182687, 189190, 189388, 218229, 244968, 281837, 283544, 388795, 491596, 497425, 573037, 573057]
17,5,[77978, 86356, 89358, 90985, 98714]
19,5,[670, 5944, 6011, 7767, 26700]
27,1,[91132]
30,15,[158450, 165441, 182282, 182555, 189058, 189256, 218089, 244815, 281682, 283388, 388632, 491436, 497256, 572857, 572877]
10,15,[158563, 165564, 182405, 182687, 189190, 189388, 218229, 244968, 281837, 283544, 388795, 491596, 497425, 573037, 573057]
17,5,[77978, 86356, 89358, 90985, 98714]
19,5,[670, 5944, 6011, 7767, 26700]
27,1,[91132]
30,15,[158450, 165441, 182282, 182555, 189058, 189256, 218089, 244815, 281682, 283388, 388632, 491436, 497256, 572857, 572877]
