15,4,[7613, 14023, 22739, 127567]
18,15,[8256, 13784, 37917, 84208, 84583, 99045, 99809, 100494, 109883, 110358, 123181, 123196, 129361, 143694, 144447]
20,1,[43312]
22,9,[115347, 130179, 145894, 146132, 146388, 146389, 146416, 146435, 146437]
24,1,[15266]
26,1,[86]
15,4,[7613, 14023, 22739, 127567]
18,15,[8256, 13784, 37917, 84208, 84583, 99045, 99809, 100494, 109883, 110358, 123181, 123196, 129361, 143694, 144447]
20,1,[43312]
22,9,[115347, 130179, 145894, 146132, 146388, 146389, 146416, 146435, 146437]
24,1,[15266]
26,1,[86]
