9,1,[2210]
14,2,[73883, 153401]
15,3,[10969, 140798, 145519]
17,17,[4883, 74697, 82244, 82252, 91731, 103552, 118683, 130515, 130521, 130628, 131494, 135322, 135368, 144914, 158235, 204768, 207527]
18,74,[7474, 9331, 9833, 11502, 13256, 15332, 16528, 21852, 24018, 26264, 26917, 27023, 27502, 34359, 37333, 37647, 40831, 50067, 52781, 54700, 57259, 60442, 69090, 69394, 72743, 72952, 73484, 73661, 74066, 75294, 75542, 76629, 77199, 77874, 78126, 79607, 84221, 84537, 94615, 94741, 94926, 95430, 96216, 98400, 99552, 99595, 99977, 100057, 102374, 105061, 108368, 108847, 109920, 111267, 112819, 115958, 118351, 121950, 124044, 124958, 125299, 129120, 130448, 134731, 136805, 137575, 141005, 141067, 141365, 143118, 144068, 144689, 146916, 148271]
20,1,[56389]
22,40,[2766, 63237, 63261, 63264, 79567, 83960, 89184, 107282, 107530, 107589, 115802, 117135, 118722, 118769, 118865, 121884, 122044, 139714, 140721, 140723, 140927, 140933, 141228, 144034, 146060, 146069, 147956, 147960, 149774, 149937, 149976, 151563, 151694, 151697, 151709, 151721, 151744, 151746, 152560, 153367]
23,7,[5724, 7596, 10216, 10419, 19807, 26315, 27634]
24,1,[30978]
25,4,[56327, 65028, 70329, 146929]
9,1,[2210]
14,2,[73883, 153401]
15,3,[10969, 140798, 145519]
17,17,[4883, 74697, 82244, 82252, 91731, 103552, 118683, 130515, 130521, 130628, 131494, 135322, 135368, 144914, 158235, 204768, 207527]
18,74,[7474, 9331, 9833, 11502, 13256, 15332, 16528, 21852, 24018, 26264, 26917, 27023, 27502, 34359, 37333, 37647, 40831, 50067, 52781, 54700, 57259, 60442, 69090, 69394, 72743, 72952, 73484, 73661, 74066, 75294, 75542, 76629, 77199, 77874, 78126, 79607, 84221, 84537, 94615, 94741, 94926, 95430, 96216, 98400, 99552, 99595, 99977, 100057, 102374, 105061, 108368, 108847, 109920, 111267, 112819, 115958, 118351, 121950, 124044, 124958, 125299, 129120, 130448, 134731, 136805, 137575, 141005, 141067, 141365, 143118, 144068, 144689, 146916, 148271]
20,1,[56389]
22,40,[2766, 63237, 63261, 63264, 79567, 83960, 89184, 107282, 107530, 107589, 115802, 117135, 118722, 118769, 118865, 121884, 122044, 139714, 140721, 140723, 140927, 140933, 141228, 144034, 146060, 146069, 147956, 147960, 149774, 149937, 149976, 151563, 151694, 151697, 151709, 151721, 151744, 151746, 152560, 153367]
23,7,[5724, 7596, 10216, 10419, 19807, 26315, 27634]
24,1,[30978]
25,4,[56327, 65028, 70329, 146929]
