10,4,[317717, 360926, 392180, 601120]
15,6,[11101, 15133, 63953, 78650, 161119, 167671]
16,1,[2354]
17,2,[3979, 74354]
18,14,[1292, 7297, 10528, 25335, 27732, 45653, 59490, 66962, 79498, 92127, 96645, 106091, 107341, 120628]
20,3,[1737, 3236, 54816]
21,3,[9355, 21739, 32220]
22,1,[137788]
23,2,[20736, 21980]
24,1,[44965]
26,4,[2112, 3718, 55977, 56963]
27,2,[99211, 106311]
30,4,[317558, 360766, 392017, 600923]
10,4,[317717, 360926, 392180, 601120]
15,6,[11101, 15133, 63953, 78650, 161119, 167671]
16,1,[2354]
17,2,[3979, 74354]
18,14,[1292, 7297, 10528, 25335, 27732, 45653, 59490, 66962, 79498, 92127, 96645, 106091, 107341, 120628]
20,3,[1737, 3236, 54816]
21,3,[9355, 21739, 32220]
22,1,[137788]
23,2,[20736, 21980]
24,1,[44965]
26,4,[2112, 3718, 55977, 56963]
27,2,[99211, 106311]
30,4,[317558, 360766, 392017, 600923]
