10,74,[10131, 14532, 32142, 32231, 32581, 37048, 40963, 121516, 126858, 127053, 130454, 130457, 134371, 148194, 149832, 163705, 168665, 170093, 171368, 183995, 188072, 189237, 200543, 202554, 214658, 231530, 232006, 232190, 232214, 232396, 248185, 265590, 286715, 296941, 298145, 327846, 327867, 327915, 328941, 331266, 333128, 341575, 380924, 386346, 388511, 394191, 419316, 420166, 435121, 466371, 474583, 481872, 495227, 495934, 495957, 504611, 509677, 514958, 518181, 519391, 523757, 524001, 524237, 536508, 536729, 543202, 544222, 545084, 546219, 556056, 567596, 571006, 576107, 619305]
11,1,[7208]
12,2,[8664, 19722]
13,3,[1073, 3590, 3823]
15,2,[78513, 108368]
16,9,[11280, 11311, 19756, 28846, 28850, 29002, 29004, 29006, 32650]
17,23,[6398, 6404, 21426, 27373, 69068, 69072, 76537, 102960, 105378, 114125, 130406, 130413, 133095, 134684, 135507, 137573, 138536, 151449, 158034, 160255, 186753, 186776, 201801]
18,5,[33631, 86963, 121640, 124877, 130463]
19,1,[2636]
23,4,[8232, 12636, 24080, 26011]
25,1,[95955]
26,13,[4335, 5936, 8317, 9650, 24319, 29183, 45245, 46375, 46534, 47560, 49473, 50962, 51398]
27,7,[65593, 70374, 73366, 92844, 96283, 103576, 106398]
28,1,[10407]
30,74,[10037, 14438, 32044, 32133, 32483, 36950, 40865, 121405, 126747, 126942, 130342, 130345, 134259, 148081, 149719, 163582, 168542, 169970, 171245, 183863, 187940, 189105, 200401, 202412, 214516, 231380, 231856, 232040, 232064, 232246, 248032, 265434, 286559, 296783, 297987, 327687, 327708, 327756, 328782, 331107, 332969, 341416, 380761, 386183, 388348, 394025, 419150, 420000, 434951, 466200, 474413, 481706, 495068, 495775, 495798, 504442, 509508, 514789, 518009, 519219, 523585, 523829, 524065, 536333, 536554, 543027, 544047, 544909, 546044, 555878, 567416, 570826, 575927, 619053]
10,74,[10131, 14532, 32142, 32231, 32581, 37048, 40963, 121516, 126858, 127053, 130454, 130457, 134371, 148194, 149832, 163705, 168665, 170093, 171368, 183995, 188072, 189237, 200543, 202554, 214658, 231530, 232006, 232190, 232214, 232396, 248185, 265590, 286715, 296941, 298145, 327846, 327867, 327915, 328941, 331266, 333128, 341575, 380924, 386346, 388511, 394191, 419316, 420166, 435121, 466371, 474583, 481872, 495227, 495934, 495957, 504611, 509677, 514958, 518181, 519391, 523757, 524001, 524237, 536508, 536729, 543202, 544222, 545084, 546219, 556056, 567596, 571006, 576107, 619305]
11,1,[7208]
12,2,[8664, 19722]
13,3,[1073, 3590, 3823]
15,2,[78513, 108368]
16,9,[11280, 11311, 19756, 28846, 28850, 29002, 29004, 29006, 32650]
17,23,[6398, 6404, 21426, 27373, 69068, 69072, 76537, 102960, 105378, 114125, 130406, 130413, 133095, 134684, 135507, 137573, 138536, 151449, 158034, 160255, 186753, 186776, 201801]
18,5,[33631, 86963, 121640, 124877, 130463]
19,1,[2636]
23,4,[8232, 12636, 24080, 26011]
25,1,[95955]
26,13,[4335, 5936, 8317, 9650, 24319, 29183, 45245, 46375, 46534, 47560, 49473, 50962, 51398]
27,7,[65593, 70374, 73366, 92844, 96283, 103576, 106398]
28,1,[10407]
30,74,[10037, 14438, 32044, 32133, 32483, 36950, 40865, 121405, 126747, 126942, 130342, 130345, 134259, 148081, 149719, 163582, 168542, 169970, 171245, 183863, 187940, 189105, 200401, 202412, 214516, 231380, 231856, 232040, 232064, 232246, 248032, 265434, 286559, 296783, 297987, 327687, 327708, 327756, 328782, 331107, 332969, 341416, 380761, 386183, 388348, 394025, 419150, 420000, 434951, 466200, 474413, 481706, 495068, 495775, 495798, 504442, 509508, 514789, 518009, 519219, 523585, 523829, 524065, 536333, 536554, 543027, 544047, 544909, 546044, 555878, 567416, 570826, 575927, 619053]
