14,14,[6893, 19561, 47717, 53552, 53575, 64636, 77244, 77264, 104740, 119057, 127523, 127542, 139488, 148166]
15,11,[23627, 37302, 42977, 43386, 43946, 51332, 55995, 77700, 106312, 129541, 136910]
18,7,[29162, 35593, 58657, 63029, 63126, 117966, 120358]
19,6,[6282, 10206, 21281, 21751, 23413, 26191]
21,1,[2226]
22,2,[1311, 71841]
23,1,[2745]
24,1,[43456]
25,14,[7124, 19135, 45857, 51441, 51464, 73640, 73660, 100543, 114007, 122163, 122182, 133649, 142119, 184315]
27,28,[1969, 2360, 4220, 5061, 5096, 13318, 14504, 18603, 19876, 20183, 21105, 22262, 23100, 23213, 24886, 27079, 29080, 31883, 41625, 43382, 46807, 59689, 72952, 77465, 80802, 80894, 93855, 101156]
14,14,[6893, 19561, 47717, 53552, 53575, 64636, 77244, 77264, 104740, 119057, 127523, 127542, 139488, 148166]
15,11,[23627, 37302, 42977, 43386, 43946, 51332, 55995, 77700, 106312, 129541, 136910]
18,7,[29162, 35593, 58657, 63029, 63126, 117966, 120358]
19,6,[6282, 10206, 21281, 21751, 23413, 26191]
21,1,[2226]
22,2,[1311, 71841]
23,1,[2745]
24,1,[43456]
25,14,[7124, 19135, 45857, 51441, 51464, 73640, 73660, 100543, 114007, 122163, 122182, 133649, 142119, 184315]
27,28,[1969, 2360, 4220, 5061, 5096, 13318, 14504, 18603, 19876, 20183, 21105, 22262, 23100, 23213, 24886, 27079, 29080, 31883, 41625, 43382, 46807, 59689, 72952, 77465, 80802, 80894, 93855, 101156]
