11,1,[14749]
12,6,[11263, 11311, 11312, 11336, 11377, 11381]
13,1,[4118]
14,1,[166331]
15,3,[68709, 93152, 154432]
19,12,[35, 7244, 10124, 10226, 10778, 10908, 11307, 11524, 12701, 15146, 15150, 27450]
21,1,[7556]
22,33,[2724, 10679, 21880, 21882, 34324, 43472, 43538, 43877, 52290, 93273, 93301, 95749, 95751, 99931, 100039, 104720, 113824, 113974, 114075, 124793, 124850, 126774, 131822, 135226, 138203, 138263, 140513, 141935, 141936, 143336, 151177, 154117, 158158]
24,1,[9634]
25,1,[159406]
27,2,[65144, 67619]
11,1,[14749]
12,6,[11263, 11311, 11312, 11336, 11377, 11381]
13,1,[4118]
14,1,[166331]
15,3,[68709, 93152, 154432]
19,12,[35, 7244, 10124, 10226, 10778, 10908, 11307, 11524, 12701, 15146, 15150, 27450]
21,1,[7556]
22,33,[2724, 10679, 21880, 21882, 34324, 43472, 43538, 43877, 52290, 93273, 93301, 95749, 95751, 99931, 100039, 104720, 113824, 113974, 114075, 124793, 124850, 126774, 131822, 135226, 138203, 138263, 140513, 141935, 141936, 143336, 151177, 154117, 158158]
24,1,[9634]
25,1,[159406]
27,2,[65144, 67619]
