14,211,[3207, 3481, 4262, 4265, 4278, 4281, 5132, 5164, 5191, 5194, 8076, 8093, 8125, 8128, 9464, 11648, 12367, 12451, 12929, 12937, 14838, 17471, 17479, 17534, 18294, 19148, 19382, 20112, 20274, 20944, 20991, 20994, 22309, 25347, 25683, 26220, 27074, 27084, 27094, 27104, 27114, 30789, 32449, 33378, 33438, 33864, 34221, 37752, 38825, 39305, 41673, 42502, 42522, 43386, 43389, 43401, 43404, 44180, 45347, 45357, 45431, 45433, 45436, 49730, 49745, 51868, 53305, 55911, 56106, 58360, 58362, 62078, 62173, 62197, 62200, 62858, 62868, 62908, 67253, 69654, 69668, 69703, 72856, 74965, 75856, 77953, 77970, 82022, 86195, 86198, 87438, 87441, 90474, 90490, 90521, 90524, 91662, 91665, 92803, 94786, 96450, 97268, 97324, 98235, 98283, 103901, 105288, 106040, 107576, 109604, 109616, 111341, 113359, 114249, 115590, 118962, 121217, 121744, 122791, 123600, 126270, 126303, 127132, 127142, 127324, 127327, 127343, 127346, 127855, 127862, 129148, 130023, 130048, 130652, 131905, 137201, 138172, 138747, 138750, 140388, 140390, 140445, 140451, 140484, 141406, 143313, 144951, 146906, 147106, 148086, 148665, 148698, 149240, 149243, 149254, 149289, 149940, 150532, 153631, 153737, 153740, 153752, 153755, 156799, 156870, 156873, 157282, 157583, 159564, 161017, 162984, 163016, 163157, 163160, 164919, 165754, 165789, 165928, 168738, 169030, 169108, 169111, 169124, 172907, 172942, 173447, 173450, 176915, 177404, 177748, 178032, 179956, 181959, 181963, 181968, 181972, 181977, 182385, 183902, 184548, 184817, 189234, 189237, 191232, 191245, 191255, 191263, 191983, 192693, 193004, 193276]
15,1,[14088]
18,15,[63671, 79526, 81678, 83134, 84395, 85284, 86741, 88171, 89855, 91371, 92953, 94208, 97517, 98956, 100613]
25,219,[3891, 5488, 5547, 8308, 8325, 8354, 8357, 9710, 11782, 12458, 12541, 12983, 12991, 14797, 16541, 16544, 17216, 17224, 17940, 18742, 18956, 19631, 20556, 20600, 20603, 21825, 23849, 23874, 24625, 24937, 25423, 26822, 29010, 29777, 31322, 32200, 32284, 32287, 32982, 35682, 36352, 37387, 37804, 40055, 40827, 40847, 40854, 41619, 41622, 41635, 41638, 42366, 42450, 43511, 43522, 43628, 43630, 43633, 47779, 47791, 49751, 53587, 53752, 55987, 55989, 59640, 59782, 60408, 60418, 60455, 64153, 66459, 66470, 66501, 69387, 71362, 72244, 72261, 72308, 72316, 74317, 74334, 78334, 81017, 82548, 82551, 83736, 83739, 86725, 86741, 86769, 86772, 87823, 87826, 88881, 92368, 93156, 93208, 93225, 93264, 93332, 93886, 94125, 94169, 99778, 101019, 103161, 105027, 105039, 106804, 108641, 109456, 110671, 113510, 113910, 116134, 116234, 116679, 117608, 118442, 120974, 121003, 121992, 121995, 122010, 122013, 123668, 124504, 124525, 125048, 131364, 132290, 132838, 133396, 134541, 134543, 134597, 134603, 134633, 135498, 136913, 137359, 137362, 138931, 139768, 141008, 141072, 142041, 142564, 142597, 143112, 143114, 143123, 143154, 143753, 144289, 147142, 147246, 147249, 147261, 147264, 148711, 150111, 150178, 150181, 150569, 152693, 156173, 156202, 156362, 156365, 158877, 158908, 159045, 161803, 162072, 162166, 162169, 163954, 163963, 164113, 164143, 164171, 164421, 164664, 166020, 166051, 166498, 166501, 169754, 170179, 170476, 170730, 172542, 174938, 176392, 177001, 177266, 180799, 181391, 181394, 183936, 184867, 185119, 189917, 190025, 190077, 190192, 190216, 190540, 190959, 190977, 192118, 195332, 195343, 195667, 195880, 197099, 197889]
27,3,[10672, 25456, 54467]
14,211,[3207, 3481, 4262, 4265, 4278, 4281, 5132, 5164, 5191, 5194, 8076, 8093, 8125, 8128, 9464, 11648, 12367, 12451, 12929, 12937, 14838, 17471, 17479, 17534, 18294, 19148, 19382, 20112, 20274, 20944, 20991, 20994, 22309, 25347, 25683, 26220, 27074, 27084, 27094, 27104, 27114, 30789, 32449, 33378, 33438, 33864, 34221, 37752, 38825, 39305, 41673, 42502, 42522, 43386, 43389, 43401, 43404, 44180, 45347, 45357, 45431, 45433, 45436, 49730, 49745, 51868, 53305, 55911, 56106, 58360, 58362, 62078, 62173, 62197, 62200, 62858, 62868, 62908, 67253, 69654, 69668, 69703, 72856, 74965, 75856, 77953, 77970, 82022, 86195, 86198, 87438, 87441, 90474, 90490, 90521, 90524, 91662, 91665, 92803, 94786, 96450, 97268, 97324, 98235, 98283, 103901, 105288, 106040, 107576, 109604, 109616, 111341, 113359, 114249, 115590, 118962, 121217, 121744, 122791, 123600, 126270, 126303, 127132, 127142, 127324, 127327, 127343, 127346, 127855, 127862, 129148, 130023, 130048, 130652, 131905, 137201, 138172, 138747, 138750, 140388, 140390, 140445, 140451, 140484, 141406, 143313, 144951, 146906, 147106, 148086, 148665, 148698, 149240, 149243, 149254, 149289, 149940, 150532, 153631, 153737, 153740, 153752, 153755, 156799, 156870, 156873, 157282, 157583, 159564, 161017, 162984, 163016, 163157, 163160, 164919, 165754, 165789, 165928, 168738, 169030, 169108, 169111, 169124, 172907, 172942, 173447, 173450, 176915, 177404, 177748, 178032, 179956, 181959, 181963, 181968, 181972, 181977, 182385, 183902, 184548, 184817, 189234, 189237, 191232, 191245, 191255, 191263, 191983, 192693, 193004, 193276]
15,1,[14088]
18,15,[63671, 79526, 81678, 83134, 84395, 85284, 86741, 88171, 89855, 91371, 92953, 94208, 97517, 98956, 100613]
25,219,[3891, 5488, 5547, 8308, 8325, 8354, 8357, 9710, 11782, 12458, 12541, 12983, 12991, 14797, 16541, 16544, 17216, 17224, 17940, 18742, 18956, 19631, 20556, 20600, 20603, 21825, 23849, 23874, 24625, 24937, 25423, 26822, 29010, 29777, 31322, 32200, 32284, 32287, 32982, 35682, 36352, 37387, 37804, 40055, 40827, 40847, 40854, 41619, 41622, 41635, 41638, 42366, 42450, 43511, 43522, 43628, 43630, 43633, 47779, 47791, 49751, 53587, 53752, 55987, 55989, 59640, 59782, 60408, 60418, 60455, 64153, 66459, 66470, 66501, 69387, 71362, 72244, 72261, 72308, 72316, 74317, 74334, 78334, 81017, 82548, 82551, 83736, 83739, 86725, 86741, 86769, 86772, 87823, 87826, 88881, 92368, 93156, 93208, 93225, 93264, 93332, 93886, 94125, 94169, 99778, 101019, 103161, 105027, 105039, 106804, 108641, 109456, 110671, 113510, 113910, 116134, 116234, 116679, 117608, 118442, 120974, 121003, 121992, 121995, 122010, 122013, 123668, 124504, 124525, 125048, 131364, 132290, 132838, 133396, 134541, 134543, 134597, 134603, 134633, 135498, 136913, 137359, 137362, 138931, 139768, 141008, 141072, 142041, 142564, 142597, 143112, 143114, 143123, 143154, 143753, 144289, 147142, 147246, 147249, 147261, 147264, 148711, 150111, 150178, 150181, 150569, 152693, 156173, 156202, 156362, 156365, 158877, 158908, 159045, 161803, 162072, 162166, 162169, 163954, 163963, 164113, 164143, 164171, 164421, 164664, 166020, 166051, 166498, 166501, 169754, 170179, 170476, 170730, 172542, 174938, 176392, 177001, 177266, 180799, 181391, 181394, 183936, 184867, 185119, 189917, 190025, 190077, 190192, 190216, 190540, 190959, 190977, 192118, 195332, 195343, 195667, 195880, 197099, 197889]
27,3,[10672, 25456, 54467]
