10,9,[581047, 581063, 581288, 581611, 581665, 581691, 581740, 581743, 582026]
14,6,[35899, 89644, 89661, 89677, 189265, 201168]
22,4,[20705, 114132, 114143, 138585]
25,6,[34553, 85923, 85943, 85978, 181426, 203531]
30,9,[580867, 580883, 581108, 581431, 581485, 581511, 581560, 581563, 581846]
10,9,[581047, 581063, 581288, 581611, 581665, 581691, 581740, 581743, 582026]
14,6,[35899, 89644, 89661, 89677, 189265, 201168]
22,4,[20705, 114132, 114143, 138585]
25,6,[34553, 85923, 85943, 85978, 181426, 203531]
30,9,[580867, 580883, 581108, 581431, 581485, 581511, 581560, 581563, 581846]
