10,1,[324100]
15,2,[1815, 120763]
20,1,[17379]
22,23,[31587, 31589, 31622, 31727, 31741, 32566, 74691, 77909, 87274, 98208, 109449, 109460, 109633, 110304, 118094, 118096, 118099, 118101, 118103, 118106, 122961, 123105, 153934]
23,6,[6793, 12919, 16799, 16856, 18024, 18647]
24,11,[2361, 6893, 11783, 15991, 18936, 19101, 20201, 21109, 35921, 39569, 41780]
26,1,[18046]
27,7,[10042, 12302, 36626, 58620, 65428, 70907, 71356]
30,1,[323941]
10,1,[324100]
15,2,[1815, 120763]
20,1,[17379]
22,23,[31587, 31589, 31622, 31727, 31741, 32566, 74691, 77909, 87274, 98208, 109449, 109460, 109633, 110304, 118094, 118096, 118099, 118101, 118103, 118106, 122961, 123105, 153934]
23,6,[6793, 12919, 16799, 16856, 18024, 18647]
24,11,[2361, 6893, 11783, 15991, 18936, 19101, 20201, 21109, 35921, 39569, 41780]
26,1,[18046]
27,7,[10042, 12302, 36626, 58620, 65428, 70907, 71356]
30,1,[323941]
