10,38,[102105, 102482, 106913, 111226, 123880, 134852, 137507, 140385, 165307, 196052, 198069, 221125, 226495, 231589, 232595, 232714, 234029, 259880, 261593, 261858, 261944, 262919, 264045, 264411, 265350, 266540, 273508, 274752, 300259, 302907, 364009, 364819, 395747, 401934, 453094, 470571, 474135, 487765]
15,1,[58761]
17,2,[31031, 31866]
22,1,[120083]
26,3,[19255, 21354, 50191]
27,2,[39170, 94087]
30,38,[101998, 102375, 106802, 111115, 123769, 134740, 137395, 140273, 165184, 195920, 197937, 220975, 226345, 231439, 232445, 232564, 233879, 259724, 261437, 261702, 261788, 262763, 263889, 264255, 265194, 266384, 273352, 274596, 300101, 302749, 363846, 364656, 395581, 401768, 452924, 470400, 473965, 487603]
10,38,[102105, 102482, 106913, 111226, 123880, 134852, 137507, 140385, 165307, 196052, 198069, 221125, 226495, 231589, 232595, 232714, 234029, 259880, 261593, 261858, 261944, 262919, 264045, 264411, 265350, 266540, 273508, 274752, 300259, 302907, 364009, 364819, 395747, 401934, 453094, 470571, 474135, 487765]
15,1,[58761]
17,2,[31031, 31866]
22,1,[120083]
26,3,[19255, 21354, 50191]
27,2,[39170, 94087]
30,38,[101998, 102375, 106802, 111115, 123769, 134740, 137395, 140273, 165184, 195920, 197937, 220975, 226345, 231439, 232445, 232564, 233879, 259724, 261437, 261702, 261788, 262763, 263889, 264255, 265194, 266384, 273352, 274596, 300101, 302749, 363846, 364656, 395581, 401768, 452924, 470400, 473965, 487603]
