14,220,[2786, 2810, 3000, 4027, 4909, 5904, 6528, 7263, 7985, 9311, 10564, 11494, 12763, 13754, 14688, 15457, 16439, 17327, 18212, 19246, 20033, 20808, 21494, 22211, 23223, 24195, 25576, 26110, 26872, 28026, 28793, 29720, 30496, 31441, 32284, 33265, 34076, 34710, 35586, 36466, 37552, 38726, 39206, 39670, 40699, 41498, 42351, 43168, 44060, 45075, 46242, 47290, 48250, 48940, 49630, 50639, 51741, 52932, 54053, 54911, 55946, 55991, 56644, 57273, 58146, 59226, 60496, 61164, 61964, 62778, 63663, 64147, 65248, 66292, 67121, 67933, 68949, 69579, 70355, 71135, 71742, 72740, 73208, 73989, 74844, 75770, 76766, 77808, 79035, 80002, 80894, 82496, 83657, 84826, 85946, 87062, 88294, 89406, 90322, 91384, 92685, 93570, 94603, 95595, 96268, 97134, 98107, 98862, 99712, 101121, 101929, 102899, 103737, 104358, 105185, 105839, 106812, 107663, 108951, 109713, 110461, 111214, 111825, 112469, 113227, 114070, 114895, 115467, 116641, 117484, 118113, 118833, 119400, 120313, 121099, 121831, 122607, 123512, 124544, 125415, 126025, 126994, 128177, 129012, 129897, 130519, 131082, 131715, 132737, 133433, 134681, 135912, 137022, 137942, 139007, 140116, 141289, 141816, 143033, 144112, 144833, 145464, 146201, 147196, 147967, 148521, 149171, 149823, 150412, 151047, 151747, 152639, 153509, 154367, 155094, 155830, 156653, 157399, 158307, 159956, 161489, 162835, 163839, 164739, 165715, 166047, 166782, 167764, 168843, 169904, 170884, 171996, 172794, 173306, 173901, 174867, 175802, 176789, 177325, 177822, 178731, 179621, 181113, 182279, 183156, 184363, 185360, 186345, 187219, 187991, 188484, 188979, 189769, 190233, 191098, 191843, 193124, 194014, 194740, 195534]
15,1,[77403]
22,2,[23044, 92167]
24,1,[11336]
25,218,[3136, 3160, 3409, 4386, 5288, 6228, 6781, 7475, 8224, 9568, 10743, 11627, 12828, 13743, 14656, 15374, 16252, 17080, 17862, 18827, 19552, 20431, 21056, 21731, 22670, 23537, 24837, 25321, 26017, 27144, 27865, 28729, 29505, 30372, 31162, 32102, 32857, 33423, 34224, 35098, 36156, 37289, 37719, 38121, 39130, 39892, 40694, 41411, 42250, 43251, 44366, 45439, 46364, 47023, 47682, 48631, 49631, 50757, 51890, 52723, 53618, 53655, 54257, 54902, 55768, 56877, 58085, 58696, 59529, 60331, 61159, 61731, 63307, 64033, 64746, 65723, 66388, 67115, 67838, 68394, 69285, 69695, 70422, 71247, 72151, 73174, 74172, 75435, 76377, 77202, 78777, 79930, 81158, 82304, 83365, 84613, 85697, 86581, 87555, 88780, 89597, 90631, 91549, 92207, 93027, 94004, 94778, 95567, 96998, 97762, 98746, 99619, 100172, 100932, 101513, 102429, 103235, 104426, 105123, 106004, 106698, 107235, 107811, 108513, 109323, 110040, 110553, 111680, 112449, 113017, 113791, 114343, 115225, 116003, 116757, 117438, 118359, 119323, 120114, 120734, 121668, 122735, 123525, 124380, 124934, 125435, 126025, 126995, 127728, 128904, 130133, 131190, 132082, 133063, 134274, 135402, 135861, 137095, 138142, 138824, 139401, 140108, 141149, 141934, 142436, 143045, 143643, 144185, 144774, 145400, 146264, 147023, 147821, 148499, 149210, 149980, 150673, 151573, 153057, 154740, 156028, 157003, 157882, 158844, 159141, 159812, 160835, 161897, 162958, 163892, 165143, 165923, 166366, 166907, 167813, 168692, 169642, 170113, 170537, 171382, 172217, 173692, 174836, 175682, 176825, 177778, 178714, 179498, 180238, 180742, 181188, 181981, 182515, 183780, 184973, 185849, 186557, 187304]
14,220,[2786, 2810, 3000, 4027, 4909, 5904, 6528, 7263, 7985, 9311, 10564, 11494, 12763, 13754, 14688, 15457, 16439, 17327, 18212, 19246, 20033, 20808, 21494, 22211, 23223, 24195, 25576, 26110, 26872, 28026, 28793, 29720, 30496, 31441, 32284, 33265, 34076, 34710, 35586, 36466, 37552, 38726, 39206, 39670, 40699, 41498, 42351, 43168, 44060, 45075, 46242, 47290, 48250, 48940, 49630, 50639, 51741, 52932, 54053, 54911, 55946, 55991, 56644, 57273, 58146, 59226, 60496, 61164, 61964, 62778, 63663, 64147, 65248, 66292, 67121, 67933, 68949, 69579, 70355, 71135, 71742, 72740, 73208, 73989, 74844, 75770, 76766, 77808, 79035, 80002, 80894, 82496, 83657, 84826, 85946, 87062, 88294, 89406, 90322, 91384, 92685, 93570, 94603, 95595, 96268, 97134, 98107, 98862, 99712, 101121, 101929, 102899, 103737, 104358, 105185, 105839, 106812, 107663, 108951, 109713, 110461, 111214, 111825, 112469, 113227, 114070, 114895, 115467, 116641, 117484, 118113, 118833, 119400, 120313, 121099, 121831, 122607, 123512, 124544, 125415, 126025, 126994, 128177, 129012, 129897, 130519, 131082, 131715, 132737, 133433, 134681, 135912, 137022, 137942, 139007, 140116, 141289, 141816, 143033, 144112, 144833, 145464, 146201, 147196, 147967, 148521, 149171, 149823, 150412, 151047, 151747, 152639, 153509, 154367, 155094, 155830, 156653, 157399, 158307, 159956, 161489, 162835, 163839, 164739, 165715, 166047, 166782, 167764, 168843, 169904, 170884, 171996, 172794, 173306, 173901, 174867, 175802, 176789, 177325, 177822, 178731, 179621, 181113, 182279, 183156, 184363, 185360, 186345, 187219, 187991, 188484, 188979, 189769, 190233, 191098, 191843, 193124, 194014, 194740, 195534]
15,1,[77403]
22,2,[23044, 92167]
24,1,[11336]
25,218,[3136, 3160, 3409, 4386, 5288, 6228, 6781, 7475, 8224, 9568, 10743, 11627, 12828, 13743, 14656, 15374, 16252, 17080, 17862, 18827, 19552, 20431, 21056, 21731, 22670, 23537, 24837, 25321, 26017, 27144, 27865, 28729, 29505, 30372, 31162, 32102, 32857, 33423, 34224, 35098, 36156, 37289, 37719, 38121, 39130, 39892, 40694, 41411, 42250, 43251, 44366, 45439, 46364, 47023, 47682, 48631, 49631, 50757, 51890, 52723, 53618, 53655, 54257, 54902, 55768, 56877, 58085, 58696, 59529, 60331, 61159, 61731, 63307, 64033, 64746, 65723, 66388, 67115, 67838, 68394, 69285, 69695, 70422, 71247, 72151, 73174, 74172, 75435, 76377, 77202, 78777, 79930, 81158, 82304, 83365, 84613, 85697, 86581, 87555, 88780, 89597, 90631, 91549, 92207, 93027, 94004, 94778, 95567, 96998, 97762, 98746, 99619, 100172, 100932, 101513, 102429, 103235, 104426, 105123, 106004, 106698, 107235, 107811, 108513, 109323, 110040, 110553, 111680, 112449, 113017, 113791, 114343, 115225, 116003, 116757, 117438, 118359, 119323, 120114, 120734, 121668, 122735, 123525, 124380, 124934, 125435, 126025, 126995, 127728, 128904, 130133, 131190, 132082, 133063, 134274, 135402, 135861, 137095, 138142, 138824, 139401, 140108, 141149, 141934, 142436, 143045, 143643, 144185, 144774, 145400, 146264, 147023, 147821, 148499, 149210, 149980, 150673, 151573, 153057, 154740, 156028, 157003, 157882, 158844, 159141, 159812, 160835, 161897, 162958, 163892, 165143, 165923, 166366, 166907, 167813, 168692, 169642, 170113, 170537, 171382, 172217, 173692, 174836, 175682, 176825, 177778, 178714, 179498, 180238, 180742, 181188, 181981, 182515, 183780, 184973, 185849, 186557, 187304]
