12,4,[7851, 20484, 20486, 20515]
14,1,[3468]
15,2,[14680, 149968]
22,19,[5379, 5598, 9806, 53968, 54077, 72749, 72787, 92941, 92977, 93405, 102118, 102237, 105438, 114617, 116290, 117431, 140491, 140590, 141029]
24,1,[18463]
25,1,[3878]
27,1,[77390]
12,4,[7851, 20484, 20486, 20515]
14,1,[3468]
15,2,[14680, 149968]
22,19,[5379, 5598, 9806, 53968, 54077, 72749, 72787, 92941, 92977, 93405, 102118, 102237, 105438, 114617, 116290, 117431, 140491, 140590, 141029]
24,1,[18463]
25,1,[3878]
27,1,[77390]
