9,1,[646]
10,24,[2787, 3980, 13901, 48659, 48674, 56677, 56701, 56950, 77440, 101427, 149592, 187492, 195158, 204510, 229687, 234469, 269503, 379630, 459661, 472602, 557267, 568507, 583466, 603847]
11,1,[1020]
15,11,[2113, 6598, 43961, 44191, 48026, 74468, 94402, 102382, 113217, 113441, 148994]
16,3,[726, 735, 32597]
17,1,[192331]
18,2,[19189, 84608]
23,3,[7299, 8709, 23497]
24,2,[1194, 15209]
27,1,[98449]
30,24,[2693, 3886, 13807, 48561, 48576, 56578, 56602, 56851, 77337, 101320, 149479, 187360, 195026, 204368, 229537, 234319, 269347, 379467, 459491, 472432, 557089, 568327, 583286, 603645]
9,1,[646]
10,24,[2787, 3980, 13901, 48659, 48674, 56677, 56701, 56950, 77440, 101427, 149592, 187492, 195158, 204510, 229687, 234469, 269503, 379630, 459661, 472602, 557267, 568507, 583466, 603847]
11,1,[1020]
15,11,[2113, 6598, 43961, 44191, 48026, 74468, 94402, 102382, 113217, 113441, 148994]
16,3,[726, 735, 32597]
17,1,[192331]
18,2,[19189, 84608]
23,3,[7299, 8709, 23497]
24,2,[1194, 15209]
27,1,[98449]
30,24,[2693, 3886, 13807, 48561, 48576, 56578, 56602, 56851, 77337, 101320, 149479, 187360, 195026, 204368, 229537, 234319, 269347, 379467, 459491, 472432, 557089, 568327, 583286, 603645]
