10,63,[34, 768, 17600, 25393, 29979, 30043, 61193, 61394, 71749, 73371, 77563, 77605, 77701, 77861, 77951, 82149, 84026, 99966, 103061, 104965, 140182, 157271, 183519, 183841, 184408, 184852, 196159, 204292, 212331, 225178, 237935, 239360, 239982, 243458, 245983, 252250, 252750, 252991, 253019, 253755, 253759, 261897, 280852, 280877, 286310, 286562, 392798, 409220, 415353, 426726, 430073, 430094, 430101, 433586, 440740, 450765, 491566, 491600, 492240, 633911, 634882, 637986, 640711]
11,1,[4398]
12,3,[5029, 17683, 19468]
13,3,[143, 1662, 2487]
14,5,[52533, 89685, 121417, 127647, 139725]
15,7,[30492, 78682, 115475, 115897, 138426, 138554, 147405]
17,27,[64183, 64188, 64196, 64210, 64216, 81994, 82008, 83977, 84056, 97542, 97568, 135078, 135109, 135530, 136428, 149273, 151628, 155943, 155971, 160885, 162004, 162031, 167936, 171241, 190224, 193064, 194784]
18,14,[20951, 20977, 60204, 73481, 79049, 91618, 94839, 103561, 122848, 134562, 135255, 135281, 146735, 148613]
20,1,[28364]
21,1,[34405]
22,2,[13138, 13180]
25,4,[47831, 116387, 122285, 133916]
26,1,[37891]
27,7,[23431, 23458, 23524, 38521, 67030, 71566, 71576]
30,61,[675, 17506, 25299, 29885, 29949, 61090, 61291, 71646, 73268, 77460, 77502, 77598, 77758, 77848, 82042, 83919, 99859, 102954, 140070, 157158, 183387, 183709, 184276, 184720, 196027, 204150, 212189, 225028, 237785, 239207, 239829, 243305, 245830, 252097, 252597, 252838, 252866, 253602, 253606, 261741, 280697, 280722, 286154, 286406, 392632, 409054, 415187, 426560, 429903, 429924, 429931, 433416, 440570, 450595, 491406, 491440, 492080, 633636, 634607, 637711, 640436]
10,63,[34, 768, 17600, 25393, 29979, 30043, 61193, 61394, 71749, 73371, 77563, 77605, 77701, 77861, 77951, 82149, 84026, 99966, 103061, 104965, 140182, 157271, 183519, 183841, 184408, 184852, 196159, 204292, 212331, 225178, 237935, 239360, 239982, 243458, 245983, 252250, 252750, 252991, 253019, 253755, 253759, 261897, 280852, 280877, 286310, 286562, 392798, 409220, 415353, 426726, 430073, 430094, 430101, 433586, 440740, 450765, 491566, 491600, 492240, 633911, 634882, 637986, 640711]
11,1,[4398]
12,3,[5029, 17683, 19468]
13,3,[143, 1662, 2487]
14,5,[52533, 89685, 121417, 127647, 139725]
15,7,[30492, 78682, 115475, 115897, 138426, 138554, 147405]
17,27,[64183, 64188, 64196, 64210, 64216, 81994, 82008, 83977, 84056, 97542, 97568, 135078, 135109, 135530, 136428, 149273, 151628, 155943, 155971, 160885, 162004, 162031, 167936, 171241, 190224, 193064, 194784]
18,14,[20951, 20977, 60204, 73481, 79049, 91618, 94839, 103561, 122848, 134562, 135255, 135281, 146735, 148613]
20,1,[28364]
21,1,[34405]
22,2,[13138, 13180]
25,4,[47831, 116387, 122285, 133916]
26,1,[37891]
27,7,[23431, 23458, 23524, 38521, 67030, 71566, 71576]
30,61,[675, 17506, 25299, 29885, 29949, 61090, 61291, 71646, 73268, 77460, 77502, 77598, 77758, 77848, 82042, 83919, 99859, 102954, 140070, 157158, 183387, 183709, 184276, 184720, 196027, 204150, 212189, 225028, 237785, 239207, 239829, 243305, 245830, 252097, 252597, 252838, 252866, 253602, 253606, 261741, 280697, 280722, 286154, 286406, 392632, 409054, 415187, 426560, 429903, 429924, 429931, 433416, 440570, 450595, 491406, 491440, 492080, 633636, 634607, 637711, 640436]
