14,18,[27905, 57381, 63419, 63466, 63533, 63732, 64020, 65147, 84933, 86744, 86794, 93377, 93427, 109577, 187703, 187750, 187818, 188061]
15,29,[6432, 13144, 17603, 32856, 33932, 40656, 48149, 53060, 56653, 65714, 65832, 65837, 66349, 119342, 122080, 130735, 137825, 140567, 145483, 146021, 147090, 148547, 148694, 149395, 150464, 158253, 164436, 165763, 173317]
16,1,[20537]
17,4,[12692, 12857, 57505, 118302]
18,24,[12076, 18967, 33972, 35274, 35280, 35470, 59062, 59576, 65020, 66713, 104011, 110906, 112489, 114328, 116808, 119200, 128045, 128326, 133926, 135558, 139294, 143220, 146536, 148381]
20,8,[5777, 8386, 14415, 33354, 42780, 56318, 56840, 59491]
22,9,[9809, 20555, 63376, 76704, 89328, 89375, 112271, 112408, 112463]
23,2,[21812, 23855]
24,2,[12095, 34029]
25,15,[27037, 60935, 60982, 61049, 61220, 61556, 83070, 83120, 89424, 89474, 105001, 179971, 180018, 180086, 180300]
26,8,[6295, 8916, 15014, 34234, 43728, 57474, 57988, 60769]
27,4,[37469, 52658, 54330, 99092]
28,1,[11402]
14,18,[27905, 57381, 63419, 63466, 63533, 63732, 64020, 65147, 84933, 86744, 86794, 93377, 93427, 109577, 187703, 187750, 187818, 188061]
15,29,[6432, 13144, 17603, 32856, 33932, 40656, 48149, 53060, 56653, 65714, 65832, 65837, 66349, 119342, 122080, 130735, 137825, 140567, 145483, 146021, 147090, 148547, 148694, 149395, 150464, 158253, 164436, 165763, 173317]
16,1,[20537]
17,4,[12692, 12857, 57505, 118302]
18,24,[12076, 18967, 33972, 35274, 35280, 35470, 59062, 59576, 65020, 66713, 104011, 110906, 112489, 114328, 116808, 119200, 128045, 128326, 133926, 135558, 139294, 143220, 146536, 148381]
20,8,[5777, 8386, 14415, 33354, 42780, 56318, 56840, 59491]
22,9,[9809, 20555, 63376, 76704, 89328, 89375, 112271, 112408, 112463]
23,2,[21812, 23855]
24,2,[12095, 34029]
25,15,[27037, 60935, 60982, 61049, 61220, 61556, 83070, 83120, 89424, 89474, 105001, 179971, 180018, 180086, 180300]
26,8,[6295, 8916, 15014, 34234, 43728, 57474, 57988, 60769]
27,4,[37469, 52658, 54330, 99092]
28,1,[11402]
