10,345,[2736, 2803, 2849, 2880, 2928, 2959, 3057, 3061, 3085, 5779, 5790, 6088, 6179, 7110, 9264, 9276, 9283, 27418, 28228, 28343, 28567, 29407, 45154, 47631, 47640, 47769, 48109, 48119, 48130, 48353, 48371, 48383, 48387, 48749, 51466, 51490, 55337, 55345, 55456, 55694, 55704, 55715, 55821, 55837, 56426, 56433, 56784, 56989, 57025, 76451, 77378, 77406, 77415, 78313, 78411, 78601, 78690, 78785, 78900, 79297, 79363, 79466, 79529, 79633, 79723, 80182, 80750, 80817, 81989, 83714, 83716, 83718, 83812, 83814, 83816, 83911, 83913, 83915, 84008, 84010, 84012, 84107, 84109, 84111, 84202, 84204, 84206, 84300, 84302, 84304, 84396, 84398, 84400, 84494, 84496, 84498, 84592, 84594, 84596, 84690, 84692, 84694, 84788, 84790, 84792, 85514, 87297, 92295, 97473, 97542, 97624, 97786, 97863, 98015, 100826, 101260, 101358, 101412, 101451, 101527, 101541, 132987, 134440, 134753, 134767, 134885, 134898, 135009, 136546, 137430, 137454, 145592, 156258, 156384, 156560, 156636, 158805, 159055, 159081, 164888, 164892, 165247, 165304, 172259, 173086, 175935, 176780, 178549, 178554, 179238, 184771, 196801, 198871, 203112, 203736, 203857, 204131, 204140, 204508, 204802, 204811, 204985, 205387, 205395, 205609, 205614, 208063, 219238, 219248, 223845, 224499, 229083, 229273, 230699, 232440, 234269, 234893, 237240, 238232, 239258, 239278, 240186, 240785, 240963, 242769, 242843, 245527, 255162, 256950, 256963, 256978, 256990, 257043, 257056, 257144, 257255, 257260, 257297, 257302, 257314, 257319, 258283, 258287, 262710, 263629, 266324, 266334, 268777, 269849, 270176, 270337, 271124, 274397, 276286, 276291, 276880, 277670, 277776, 277807, 277898, 278004, 278012, 278435, 278442, 278492, 286933, 286990, 287025, 287118, 287518, 287537, 287544, 287572, 296172, 296246, 296386, 296969, 296974, 365982, 370381, 371191, 375839, 379457, 427019, 427228, 427256, 433985, 434985, 455264, 455485, 455628, 455821, 455929, 456027, 456038, 456044, 456119, 456186, 456492, 456497, 456589, 456595, 456795, 456859, 456887, 457675, 457688, 457701, 457715, 457730, 457735, 459329, 459355, 459359, 459382, 459435, 459468, 459472, 459657, 461473, 461508, 461531, 461554, 461624, 461637, 461666, 461676, 461710, 461719, 461728, 461737, 461834, 461838, 461877, 461892, 462089, 462123, 462145, 462166, 471707, 504809, 504829, 504877, 505941, 505944, 511925, 511930, 512107, 512130, 512142, 512185, 512191, 512198, 512205, 519792, 519821, 519879, 521091, 521094, 528494, 534493, 536107, 536125, 536150, 538995, 539833, 541050, 542469, 544196, 544205, 551282, 551926, 552811, 552845, 552904, 553009, 566397, 578345, 581231, 597488, 597931, 602763, 635001, 635114, 638517]
11,8,[2282, 12374, 12384, 12397, 12407, 12436, 12501, 12557]
12,11,[10704, 13127, 13146, 20667, 20675, 20685, 20692, 20702, 20705, 20709, 20714]
13,2,[1553, 1608]
14,118,[1741, 4355, 5303, 5792, 6924, 7502, 11190, 13200, 18346, 20341, 22652, 24696, 27348, 28360, 29153, 30797, 30891, 31754, 33578, 35059, 36810, 36921, 37490, 38036, 38043, 40954, 41858, 42625, 43566, 44412, 44432, 48531, 49221, 52292, 53595, 54399, 55129, 60095, 61112, 66565, 69885, 74362, 77210, 77212, 82723, 84087, 84170, 85161, 85194, 87323, 88578, 89687, 91688, 96600, 98998, 102287, 103252, 106365, 112427, 113521, 116936, 118431, 119757, 120570, 124912, 124914, 124927, 124931, 126473, 127563, 130127, 130129, 131321, 136437, 136459, 137345, 137347, 138370, 138481, 140066, 140708, 144410, 144431, 148801, 152044, 152203, 153866, 156151, 156153, 156947, 156949, 157716, 160528, 160541, 160622, 165075, 165094, 169265, 169298, 171336, 172334, 172347, 175059, 175186, 176195, 177487, 181638, 181654, 184784, 185727, 189296, 189298, 189345, 190531, 190555, 191367, 192339, 195029]
15,44,[7062, 15539, 32204, 38076, 43963, 44182, 44719, 48042, 61204, 61207, 61877, 66879, 67180, 67347, 68021, 68140, 71097, 73616, 80653, 80814, 82088, 89354, 90060, 97530, 102872, 104570, 108431, 115455, 126322, 128895, 133952, 138254, 138580, 141254, 157415, 158527, 159527, 159820, 160890, 162629, 166400, 166403, 166409, 173633]
16,7,[610, 719, 23783, 27363, 31196, 31866, 35161]
17,24,[4323, 33028, 44481, 80656, 82567, 82581, 84221, 107594, 125769, 149384, 158931, 159140, 159286, 159305, 159315, 159345, 159516, 160025, 160055, 164272, 171247, 171290, 181287, 191809]
18,28,[19728, 30776, 45892, 79068, 87023, 87598, 91632, 91667, 91748, 92100, 92189, 92286, 92350, 93891, 93911, 95245, 95293, 95309, 95351, 95611, 95642, 101853, 106175, 112957, 129623, 136970, 146115, 146727]
19,3,[19554, 19856, 19915]
20,3,[23344, 23835, 53699]
21,4,[3063, 4100, 4105, 29275]
22,12,[13024, 13025, 13062, 13063, 13135, 13177, 84860, 94454, 103414, 123588, 124096, 133513]
23,10,[3826, 13195, 13206, 15550, 15776, 16566, 18387, 24185, 26854, 27746]
24,22,[424, 3119, 9919, 10241, 13299, 14685, 15637, 17239, 17839, 19192, 20667, 21692, 21952, 24052, 24054, 25454, 26379, 32378, 35615, 35712, 36758, 39752]
25,119,[2046, 4774, 5674, 6128, 7740, 11352, 13244, 17989, 22170, 24026, 26477, 27471, 28221, 29785, 29855, 30668, 32402, 33758, 35439, 35551, 36101, 36400, 36661, 36668, 39367, 40240, 40946, 41803, 42597, 42617, 46631, 46706, 47302, 51484, 52227, 52947, 57725, 58648, 63567, 66685, 70802, 73606, 73608, 78997, 80378, 80466, 81507, 85993, 92511, 98172, 99156, 102014, 107778, 108782, 111953, 113380, 114241, 114694, 115518, 119703, 119705, 119718, 119722, 121189, 122203, 124597, 124599, 125671, 126228, 126453, 130628, 130650, 131543, 131545, 132479, 132587, 134232, 134860, 137418, 138442, 138463, 142704, 145719, 145877, 147365, 149522, 149524, 150258, 150260, 151030, 153686, 154571, 154616, 154826, 158109, 158254, 158273, 162329, 164530, 165506, 165519, 167993, 168117, 169094, 170253, 174209, 174225, 177235, 178106, 181463, 181465, 181510, 182687, 182718, 184286, 186843, 191874, 192934, 198946]
26,3,[24114, 24599, 54827]
27,44,[5610, 11321, 14835, 19038, 21962, 21969, 23402, 23428, 24938, 39082, 39103, 42919, 47545, 48969, 50254, 56711, 57506, 61692, 61962, 62735, 63322, 65616, 67408, 68572, 69790, 71460, 71533, 71561, 71568, 71580, 71584, 71588, 71591, 76491, 76661, 78941, 83617, 87787, 98442, 98465, 101785, 101881, 102085, 103426]
28,1,[473]
30,345,[2642, 2709, 2755, 2786, 2834, 2865, 2963, 2967, 2991, 5685, 5696, 5994, 6085, 7016, 9170, 9182, 9189, 27324, 28134, 28249, 28473, 29313, 45056, 47533, 47542, 47671, 48011, 48021, 48032, 48255, 48273, 48285, 48289, 48651, 51368, 51392, 55238, 55246, 55357, 55595, 55605, 55616, 55722, 55738, 56327, 56334, 56685, 56890, 56926, 76348, 77275, 77303, 77312, 78206, 78304, 78494, 78583, 78678, 78793, 79190, 79256, 79359, 79422, 79526, 79616, 80075, 80643, 80710, 81882, 83607, 83609, 83611, 83705, 83707, 83709, 83804, 83806, 83808, 83901, 83903, 83905, 84000, 84002, 84004, 84095, 84097, 84099, 84193, 84195, 84197, 84289, 84291, 84293, 84387, 84389, 84391, 84485, 84487, 84489, 84583, 84585, 84587, 84681, 84683, 84685, 85407, 87190, 92188, 97366, 97435, 97517, 97679, 97756, 97908, 100719, 101153, 101251, 101305, 101344, 101420, 101434, 132875, 134328, 134641, 134655, 134773, 134786, 134897, 136434, 137318, 137342, 145479, 156145, 156271, 156447, 156523, 158692, 158942, 158968, 164765, 164769, 165124, 165181, 172136, 172963, 175812, 176657, 178426, 178431, 179115, 184639, 196669, 198739, 202970, 203594, 203715, 203989, 203998, 204366, 204660, 204669, 204843, 205245, 205253, 205467, 205472, 207921, 219098, 219108, 223695, 224349, 228933, 229123, 230549, 232290, 234119, 234743, 237090, 238082, 239105, 239125, 240033, 240632, 240810, 242616, 242690, 245374, 255009, 256794, 256807, 256822, 256834, 256887, 256900, 256988, 257099, 257104, 257141, 257146, 257158, 257163, 258127, 258131, 262554, 263473, 266168, 266178, 268621, 269693, 270020, 270181, 270968, 274241, 276130, 276135, 276724, 277515, 277621, 277652, 277743, 277849, 277857, 278280, 278287, 278337, 286777, 286834, 286869, 286962, 287362, 287381, 287388, 287416, 296015, 296089, 296229, 296811, 296816, 365819, 370218, 371028, 375676, 379294, 426853, 427062, 427090, 433815, 434815, 455094, 455315, 455458, 455651, 455759, 455857, 455868, 455874, 455949, 456016, 456322, 456327, 456419, 456425, 456625, 456689, 456717, 457505, 457518, 457531, 457545, 457560, 457565, 459159, 459185, 459189, 459212, 459265, 459298, 459302, 459487, 461303, 461338, 461361, 461384, 461454, 461467, 461496, 461506, 461540, 461549, 461558, 461567, 461664, 461668, 461707, 461722, 461919, 461953, 461975, 461996, 471536, 504640, 504660, 504708, 505772, 505775, 511756, 511761, 511938, 511961, 511973, 512016, 512022, 512029, 512036, 519620, 519649, 519707, 520919, 520922, 528319, 534318, 535932, 535950, 535975, 538820, 539658, 540875, 542294, 544021, 544030, 551104, 551748, 552633, 552667, 552726, 552831, 566217, 578165, 581051, 597297, 597740, 602566, 634726, 634839, 638242]
10,345,[2736, 2803, 2849, 2880, 2928, 2959, 3057, 3061, 3085, 5779, 5790, 6088, 6179, 7110, 9264, 9276, 9283, 27418, 28228, 28343, 28567, 29407, 45154, 47631, 47640, 47769, 48109, 48119, 48130, 48353, 48371, 48383, 48387, 48749, 51466, 51490, 55337, 55345, 55456, 55694, 55704, 55715, 55821, 55837, 56426, 56433, 56784, 56989, 57025, 76451, 77378, 77406, 77415, 78313, 78411, 78601, 78690, 78785, 78900, 79297, 79363, 79466, 79529, 79633, 79723, 80182, 80750, 80817, 81989, 83714, 83716, 83718, 83812, 83814, 83816, 83911, 83913, 83915, 84008, 84010, 84012, 84107, 84109, 84111, 84202, 84204, 84206, 84300, 84302, 84304, 84396, 84398, 84400, 84494, 84496, 84498, 84592, 84594, 84596, 84690, 84692, 84694, 84788, 84790, 84792, 85514, 87297, 92295, 97473, 97542, 97624, 97786, 97863, 98015, 100826, 101260, 101358, 101412, 101451, 101527, 101541, 132987, 134440, 134753, 134767, 134885, 134898, 135009, 136546, 137430, 137454, 145592, 156258, 156384, 156560, 156636, 158805, 159055, 159081, 164888, 164892, 165247, 165304, 172259, 173086, 175935, 176780, 178549, 178554, 179238, 184771, 196801, 198871, 203112, 203736, 203857, 204131, 204140, 204508, 204802, 204811, 204985, 205387, 205395, 205609, 205614, 208063, 219238, 219248, 223845, 224499, 229083, 229273, 230699, 232440, 234269, 234893, 237240, 238232, 239258, 239278, 240186, 240785, 240963, 242769, 242843, 245527, 255162, 256950, 256963, 256978, 256990, 257043, 257056, 257144, 257255, 257260, 257297, 257302, 257314, 257319, 258283, 258287, 262710, 263629, 266324, 266334, 268777, 269849, 270176, 270337, 271124, 274397, 276286, 276291, 276880, 277670, 277776, 277807, 277898, 278004, 278012, 278435, 278442, 278492, 286933, 286990, 287025, 287118, 287518, 287537, 287544, 287572, 296172, 296246, 296386, 296969, 296974, 365982, 370381, 371191, 375839, 379457, 427019, 427228, 427256, 433985, 434985, 455264, 455485, 455628, 455821, 455929, 456027, 456038, 456044, 456119, 456186, 456492, 456497, 456589, 456595, 456795, 456859, 456887, 457675, 457688, 457701, 457715, 457730, 457735, 459329, 459355, 459359, 459382, 459435, 459468, 459472, 459657, 461473, 461508, 461531, 461554, 461624, 461637, 461666, 461676, 461710, 461719, 461728, 461737, 461834, 461838, 461877, 461892, 462089, 462123, 462145, 462166, 471707, 504809, 504829, 504877, 505941, 505944, 511925, 511930, 512107, 512130, 512142, 512185, 512191, 512198, 512205, 519792, 519821, 519879, 521091, 521094, 528494, 534493, 536107, 536125, 536150, 538995, 539833, 541050, 542469, 544196, 544205, 551282, 551926, 552811, 552845, 552904, 553009, 566397, 578345, 581231, 597488, 597931, 602763, 635001, 635114, 638517]
11,8,[2282, 12374, 12384, 12397, 12407, 12436, 12501, 12557]
12,11,[10704, 13127, 13146, 20667, 20675, 20685, 20692, 20702, 20705, 20709, 20714]
13,2,[1553, 1608]
14,118,[1741, 4355, 5303, 5792, 6924, 7502, 11190, 13200, 18346, 20341, 22652, 24696, 27348, 28360, 29153, 30797, 30891, 31754, 33578, 35059, 36810, 36921, 37490, 38036, 38043, 40954, 41858, 42625, 43566, 44412, 44432, 48531, 49221, 52292, 53595, 54399, 55129, 60095, 61112, 66565, 69885, 74362, 77210, 77212, 82723, 84087, 84170, 85161, 85194, 87323, 88578, 89687, 91688, 96600, 98998, 102287, 103252, 106365, 112427, 113521, 116936, 118431, 119757, 120570, 124912, 124914, 124927, 124931, 126473, 127563, 130127, 130129, 131321, 136437, 136459, 137345, 137347, 138370, 138481, 140066, 140708, 144410, 144431, 148801, 152044, 152203, 153866, 156151, 156153, 156947, 156949, 157716, 160528, 160541, 160622, 165075, 165094, 169265, 169298, 171336, 172334, 172347, 175059, 175186, 176195, 177487, 181638, 181654, 184784, 185727, 189296, 189298, 189345, 190531, 190555, 191367, 192339, 195029]
15,44,[7062, 15539, 32204, 38076, 43963, 44182, 44719, 48042, 61204, 61207, 61877, 66879, 67180, 67347, 68021, 68140, 71097, 73616, 80653, 80814, 82088, 89354, 90060, 97530, 102872, 104570, 108431, 115455, 126322, 128895, 133952, 138254, 138580, 141254, 157415, 158527, 159527, 159820, 160890, 162629, 166400, 166403, 166409, 173633]
16,7,[610, 719, 23783, 27363, 31196, 31866, 35161]
17,24,[4323, 33028, 44481, 80656, 82567, 82581, 84221, 107594, 125769, 149384, 158931, 159140, 159286, 159305, 159315, 159345, 159516, 160025, 160055, 164272, 171247, 171290, 181287, 191809]
18,28,[19728, 30776, 45892, 79068, 87023, 87598, 91632, 91667, 91748, 92100, 92189, 92286, 92350, 93891, 93911, 95245, 95293, 95309, 95351, 95611, 95642, 101853, 106175, 112957, 129623, 136970, 146115, 146727]
19,3,[19554, 19856, 19915]
20,3,[23344, 23835, 53699]
21,4,[3063, 4100, 4105, 29275]
22,12,[13024, 13025, 13062, 13063, 13135, 13177, 84860, 94454, 103414, 123588, 124096, 133513]
23,10,[3826, 13195, 13206, 15550, 15776, 16566, 18387, 24185, 26854, 27746]
24,22,[424, 3119, 9919, 10241, 13299, 14685, 15637, 17239, 17839, 19192, 20667, 21692, 21952, 24052, 24054, 25454, 26379, 32378, 35615, 35712, 36758, 39752]
25,119,[2046, 4774, 5674, 6128, 7740, 11352, 13244, 17989, 22170, 24026, 26477, 27471, 28221, 29785, 29855, 30668, 32402, 33758, 35439, 35551, 36101, 36400, 36661, 36668, 39367, 40240, 40946, 41803, 42597, 42617, 46631, 46706, 47302, 51484, 52227, 52947, 57725, 58648, 63567, 66685, 70802, 73606, 73608, 78997, 80378, 80466, 81507, 85993, 92511, 98172, 99156, 102014, 107778, 108782, 111953, 113380, 114241, 114694, 115518, 119703, 119705, 119718, 119722, 121189, 122203, 124597, 124599, 125671, 126228, 126453, 130628, 130650, 131543, 131545, 132479, 132587, 134232, 134860, 137418, 138442, 138463, 142704, 145719, 145877, 147365, 149522, 149524, 150258, 150260, 151030, 153686, 154571, 154616, 154826, 158109, 158254, 158273, 162329, 164530, 165506, 165519, 167993, 168117, 169094, 170253, 174209, 174225, 177235, 178106, 181463, 181465, 181510, 182687, 182718, 184286, 186843, 191874, 192934, 198946]
26,3,[24114, 24599, 54827]
27,44,[5610, 11321, 14835, 19038, 21962, 21969, 23402, 23428, 24938, 39082, 39103, 42919, 47545, 48969, 50254, 56711, 57506, 61692, 61962, 62735, 63322, 65616, 67408, 68572, 69790, 71460, 71533, 71561, 71568, 71580, 71584, 71588, 71591, 76491, 76661, 78941, 83617, 87787, 98442, 98465, 101785, 101881, 102085, 103426]
28,1,[473]
30,345,[2642, 2709, 2755, 2786, 2834, 2865, 2963, 2967, 2991, 5685, 5696, 5994, 6085, 7016, 9170, 9182, 9189, 27324, 28134, 28249, 28473, 29313, 45056, 47533, 47542, 47671, 48011, 48021, 48032, 48255, 48273, 48285, 48289, 48651, 51368, 51392, 55238, 55246, 55357, 55595, 55605, 55616, 55722, 55738, 56327, 56334, 56685, 56890, 56926, 76348, 77275, 77303, 77312, 78206, 78304, 78494, 78583, 78678, 78793, 79190, 79256, 79359, 79422, 79526, 79616, 80075, 80643, 80710, 81882, 83607, 83609, 83611, 83705, 83707, 83709, 83804, 83806, 83808, 83901, 83903, 83905, 84000, 84002, 84004, 84095, 84097, 84099, 84193, 84195, 84197, 84289, 84291, 84293, 84387, 84389, 84391, 84485, 84487, 84489, 84583, 84585, 84587, 84681, 84683, 84685, 85407, 87190, 92188, 97366, 97435, 97517, 97679, 97756, 97908, 100719, 101153, 101251, 101305, 101344, 101420, 101434, 132875, 134328, 134641, 134655, 134773, 134786, 134897, 136434, 137318, 137342, 145479, 156145, 156271, 156447, 156523, 158692, 158942, 158968, 164765, 164769, 165124, 165181, 172136, 172963, 175812, 176657, 178426, 178431, 179115, 184639, 196669, 198739, 202970, 203594, 203715, 203989, 203998, 204366, 204660, 204669, 204843, 205245, 205253, 205467, 205472, 207921, 219098, 219108, 223695, 224349, 228933, 229123, 230549, 232290, 234119, 234743, 237090, 238082, 239105, 239125, 240033, 240632, 240810, 242616, 242690, 245374, 255009, 256794, 256807, 256822, 256834, 256887, 256900, 256988, 257099, 257104, 257141, 257146, 257158, 257163, 258127, 258131, 262554, 263473, 266168, 266178, 268621, 269693, 270020, 270181, 270968, 274241, 276130, 276135, 276724, 277515, 277621, 277652, 277743, 277849, 277857, 278280, 278287, 278337, 286777, 286834, 286869, 286962, 287362, 287381, 287388, 287416, 296015, 296089, 296229, 296811, 296816, 365819, 370218, 371028, 375676, 379294, 426853, 427062, 427090, 433815, 434815, 455094, 455315, 455458, 455651, 455759, 455857, 455868, 455874, 455949, 456016, 456322, 456327, 456419, 456425, 456625, 456689, 456717, 457505, 457518, 457531, 457545, 457560, 457565, 459159, 459185, 459189, 459212, 459265, 459298, 459302, 459487, 461303, 461338, 461361, 461384, 461454, 461467, 461496, 461506, 461540, 461549, 461558, 461567, 461664, 461668, 461707, 461722, 461919, 461953, 461975, 461996, 471536, 504640, 504660, 504708, 505772, 505775, 511756, 511761, 511938, 511961, 511973, 512016, 512022, 512029, 512036, 519620, 519649, 519707, 520919, 520922, 528319, 534318, 535932, 535950, 535975, 538820, 539658, 540875, 542294, 544021, 544030, 551104, 551748, 552633, 552667, 552726, 552831, 566217, 578165, 581051, 597297, 597740, 602566, 634726, 634839, 638242]
