10,105,[7996, 9927, 16041, 18663, 37063, 40794, 44715, 76641, 77041, 86836, 96484, 104021, 104130, 104219, 108549, 117667, 117677, 117730, 122782, 123235, 132832, 132853, 132859, 133232, 140681, 140696, 140886, 158722, 184796, 191782, 193039, 193847, 194760, 198973, 210374, 225576, 261445, 286472, 300009, 303485, 305509, 306294, 310690, 312927, 324489, 325123, 325291, 342891, 343721, 355124, 355373, 361603, 361941, 367344, 367943, 368829, 369821, 370554, 371515, 375811, 375816, 375833, 375841, 376538, 378050, 384990, 386301, 395227, 396055, 407866, 421095, 421930, 421999, 422979, 423390, 423504, 424157, 424419, 425053, 478277, 479335, 480034, 480533, 481515, 485551, 485841, 486090, 490198, 494280, 494296, 496873, 497216, 501606, 511317, 525221, 530389, 545858, 556457, 583493, 593930, 595682, 615354, 616203, 624665, 635031]
15,5,[15223, 15346, 15652, 55572, 109623]
16,1,[11814]
17,63,[2639, 2651, 2844, 3756, 3774, 3810, 4215, 18699, 20864, 25170, 27325, 34388, 34989, 35876, 53761, 70636, 70648, 70695, 82535, 83084, 96722, 96926, 99602, 99807, 99820, 106011, 107620, 110022, 126565, 126640, 126912, 126994, 132127, 134581, 134668, 137376, 141554, 141743, 141771, 144559, 144573, 145129, 145196, 148246, 148830, 150585, 154922, 159187, 163487, 165282, 165303, 166236, 167841, 193070, 193328, 193368, 194360, 194939, 206945, 211943, 212406, 212412, 212990]
22,2,[90148, 90151]
27,2,[81449, 106783]
28,1,[5061]
30,105,[7902, 9833, 15947, 18569, 36965, 40696, 44617, 76538, 76938, 86729, 96377, 103914, 104023, 104112, 108438, 117556, 117566, 117619, 122671, 123124, 132720, 132741, 132747, 133120, 140569, 140584, 140774, 158609, 184664, 191650, 192907, 193715, 194628, 198841, 210232, 225426, 261289, 286316, 299851, 303327, 305351, 306136, 310532, 312768, 324330, 324964, 325132, 342732, 343562, 354965, 355214, 361443, 361781, 367181, 367780, 368666, 369658, 370391, 371352, 375648, 375653, 375670, 375678, 376375, 377887, 384827, 386138, 395061, 395889, 407700, 420929, 421764, 421833, 422813, 423224, 423338, 423991, 424253, 424887, 478109, 479167, 479866, 480365, 481349, 485387, 485677, 485926, 490038, 494120, 494136, 496704, 497047, 501437, 511148, 525049, 530214, 545683, 556279, 583313, 593739, 595491, 615120, 615964, 624411, 634756]
10,105,[7996, 9927, 16041, 18663, 37063, 40794, 44715, 76641, 77041, 86836, 96484, 104021, 104130, 104219, 108549, 117667, 117677, 117730, 122782, 123235, 132832, 132853, 132859, 133232, 140681, 140696, 140886, 158722, 184796, 191782, 193039, 193847, 194760, 198973, 210374, 225576, 261445, 286472, 300009, 303485, 305509, 306294, 310690, 312927, 324489, 325123, 325291, 342891, 343721, 355124, 355373, 361603, 361941, 367344, 367943, 368829, 369821, 370554, 371515, 375811, 375816, 375833, 375841, 376538, 378050, 384990, 386301, 395227, 396055, 407866, 421095, 421930, 421999, 422979, 423390, 423504, 424157, 424419, 425053, 478277, 479335, 480034, 480533, 481515, 485551, 485841, 486090, 490198, 494280, 494296, 496873, 497216, 501606, 511317, 525221, 530389, 545858, 556457, 583493, 593930, 595682, 615354, 616203, 624665, 635031]
15,5,[15223, 15346, 15652, 55572, 109623]
16,1,[11814]
17,63,[2639, 2651, 2844, 3756, 3774, 3810, 4215, 18699, 20864, 25170, 27325, 34388, 34989, 35876, 53761, 70636, 70648, 70695, 82535, 83084, 96722, 96926, 99602, 99807, 99820, 106011, 107620, 110022, 126565, 126640, 126912, 126994, 132127, 134581, 134668, 137376, 141554, 141743, 141771, 144559, 144573, 145129, 145196, 148246, 148830, 150585, 154922, 159187, 163487, 165282, 165303, 166236, 167841, 193070, 193328, 193368, 194360, 194939, 206945, 211943, 212406, 212412, 212990]
22,2,[90148, 90151]
27,2,[81449, 106783]
28,1,[5061]
30,105,[7902, 9833, 15947, 18569, 36965, 40696, 44617, 76538, 76938, 86729, 96377, 103914, 104023, 104112, 108438, 117556, 117566, 117619, 122671, 123124, 132720, 132741, 132747, 133120, 140569, 140584, 140774, 158609, 184664, 191650, 192907, 193715, 194628, 198841, 210232, 225426, 261289, 286316, 299851, 303327, 305351, 306136, 310532, 312768, 324330, 324964, 325132, 342732, 343562, 354965, 355214, 361443, 361781, 367181, 367780, 368666, 369658, 370391, 371352, 375648, 375653, 375670, 375678, 376375, 377887, 384827, 386138, 395061, 395889, 407700, 420929, 421764, 421833, 422813, 423224, 423338, 423991, 424253, 424887, 478109, 479167, 479866, 480365, 481349, 485387, 485677, 485926, 490038, 494120, 494136, 496704, 497047, 501437, 511148, 525049, 530214, 545683, 556279, 583313, 593739, 595491, 615120, 615964, 624411, 634756]
