10,9,[117195, 148448, 148456, 148488, 148496, 148526, 148533, 148552, 306794]
15,12,[58224, 90998, 91085, 91263, 91408, 91587, 91663, 91669, 91727, 92063, 92107, 92329]
21,4,[13859, 13875, 13910, 28776]
22,5,[30474, 122652, 122929, 125046, 126392]
27,4,[24852, 27362, 39644, 39743]
30,9,[117084, 148335, 148343, 148375, 148383, 148413, 148420, 148439, 306636]
10,9,[117195, 148448, 148456, 148488, 148496, 148526, 148533, 148552, 306794]
15,12,[58224, 90998, 91085, 91263, 91408, 91587, 91663, 91669, 91727, 92063, 92107, 92329]
21,4,[13859, 13875, 13910, 28776]
22,5,[30474, 122652, 122929, 125046, 126392]
27,4,[24852, 27362, 39644, 39743]
30,9,[117084, 148335, 148343, 148375, 148383, 148413, 148420, 148439, 306636]
