12,1,[108]
14,4,[2503, 90147, 161211, 188713]
15,11,[23155, 45422, 53886, 54672, 61129, 75664, 89343, 96445, 117441, 125915, 136716]
18,5,[5486, 5493, 5500, 5507, 38739]
20,2,[8835, 14410]
22,5,[15017, 36820, 37400, 111719, 118022]
25,11,[2857, 54598, 63094, 81965, 81974, 84355, 84363, 84368, 86431, 88391, 180958]
26,2,[9378, 15009]
12,1,[108]
14,4,[2503, 90147, 161211, 188713]
15,11,[23155, 45422, 53886, 54672, 61129, 75664, 89343, 96445, 117441, 125915, 136716]
18,5,[5486, 5493, 5500, 5507, 38739]
20,2,[8835, 14410]
22,5,[15017, 36820, 37400, 111719, 118022]
25,11,[2857, 54598, 63094, 81965, 81974, 84355, 84363, 84368, 86431, 88391, 180958]
26,2,[9378, 15009]
