10,420,[1462, 1492, 1493, 1523, 3148, 3325, 3341, 3447, 3494, 3892, 3906, 3994, 4444, 4674, 4803, 4886, 4896, 4920, 4941, 8346, 8401, 8411, 8634, 8657, 8672, 16899, 22904, 24684, 33586, 38607, 39533, 41635, 41775, 41877, 44965, 45706, 50141, 50625, 50637, 50680, 51620, 60093, 61513, 61902, 62257, 62308, 62321, 62355, 62371, 62384, 62430, 63157, 63542, 63572, 63907, 64850, 64927, 65681, 65864, 65873, 65901, 65919, 65939, 66112, 66120, 66177, 66193, 66205, 66213, 66218, 66256, 66376, 66386, 66745, 66765, 66850, 67420, 68601, 68615, 68621, 68690, 68848, 68928, 68984, 69419, 69441, 69983, 70042, 70090, 70105, 70549, 70632, 70650, 70655, 70709, 71804, 72727, 73222, 76880, 76885, 85104, 86939, 87122, 87134, 87259, 87271, 87284, 87357, 87685, 87970, 90923, 92250, 92347, 92822, 92862, 92891, 98648, 109252, 113663, 113832, 113838, 113842, 113936, 114003, 114034, 114876, 116024, 123920, 123984, 127328, 147953, 147980, 148016, 148031, 149533, 150245, 162760, 162814, 162824, 173180, 178372, 185080, 186043, 195043, 195061, 214171, 214177, 216298, 218227, 222206, 222758, 222879, 222885, 223969, 226425, 245033, 247890, 273670, 285761, 285763, 297608, 298354, 298955, 299212, 300171, 300256, 301152, 301635, 303044, 303072, 303120, 303631, 306922, 307561, 307619, 307900, 310630, 313546, 316170, 319189, 319241, 321936, 323069, 324242, 324547, 327219, 328481, 328565, 328748, 329241, 330277, 337276, 340078, 342549, 344268, 346433, 346622, 348788, 350029, 353381, 358116, 358421, 360806, 361074, 367257, 370336, 372081, 376383, 380272, 380293, 382982, 383072, 385702, 385716, 388939, 391557, 392483, 392507, 392691, 392730, 397148, 399600, 400124, 402680, 403963, 403968, 403978, 407764, 412759, 420973, 425769, 428708, 431987, 435035, 435106, 435180, 435405, 435411, 438117, 441958, 442061, 442069, 443825, 443827, 444768, 449478, 452896, 452902, 453278, 453325, 454976, 454983, 456366, 458666, 458715, 462552, 462966, 465032, 467552, 469708, 474095, 476961, 483243, 483252, 483274, 487801, 489294, 490342, 493332, 493486, 494477, 506076, 507638, 507646, 511399, 513391, 522525, 522533, 525310, 526279, 530368, 548915, 549281, 549293, 550485, 550486, 553614, 553636, 553651, 553664, 553679, 553688, 553788, 554976, 561096, 565242, 565419, 565496, 565519, 584521, 585518, 585808, 585986, 587073, 587264, 587477, 587584, 587602, 587635, 587644, 587651, 587664, 587675, 587680, 587723, 587731, 587800, 587804, 587809, 588314, 588348, 588401, 589481, 590449, 590818, 592264, 592325, 593469, 593921, 594467, 594966, 595732, 598421, 598425, 598430, 598433, 598597, 599392, 600284, 600668, 600676, 601048, 601107, 602115, 602120, 602125, 602684, 603032, 603815, 604254, 604312, 604390, 604991, 605003, 605132, 605227, 605440, 605487, 605490, 605500, 605528, 605602, 605721, 605724, 605785, 605820, 606334, 606339, 606451, 606462, 606525, 607808, 607824, 607849, 607937, 608038, 608580, 608607, 609215, 609222, 609233, 610257, 610314, 610427, 610480, 610582, 610619, 610790, 611100, 614503, 617834, 618495, 619280, 620799, 621404, 622608, 624873, 625668, 626469, 626526, 626564, 626577, 626591, 626673, 627733, 627916, 628913, 629632, 629645, 630482, 631002, 631020, 631320, 638667, 639728, 639732, 639736, 639741, 639750, 639859]
15,23,[12637, 25550, 36084, 90636, 95738, 109366, 110413, 110435, 110486, 111659, 119921, 127986, 134392, 138723, 143640, 143896, 148261, 148743, 154225, 158443, 170453, 170714, 171127]
17,86,[7837, 15349, 15881, 17475, 17841, 19485, 19498, 19565, 19602, 20289, 20440, 20465, 20484, 20651, 22118, 22159, 22254, 22279, 22807, 23015, 23103, 24597, 24656, 24765, 24780, 24979, 24990, 24999, 26324, 26398, 26690, 26704, 27806, 27853, 27948, 27971, 28237, 29569, 29636, 29649, 29819, 30010, 30082, 30339, 34301, 37336, 41557, 43047, 43785, 43794, 45700, 45712, 47133, 52037, 61727, 65267, 67396, 67406, 67430, 67453, 67521, 73860, 87915, 87921, 87942, 114834, 167273, 182025, 182037, 182055, 182099, 188846, 189039, 189721, 196401, 201750, 201812, 201831, 202041, 202214, 211809, 213183, 213507, 216533, 216541, 216624]
19,2,[4463, 10094]
20,20,[2641, 13310, 14271, 18996, 18998, 19267, 41126, 41299, 41300, 41324, 42130, 42133, 47915, 47916, 48180, 56480, 62058, 63237, 63996, 64634]
21,7,[6621, 13218, 13822, 13879, 13899, 28249, 28951]
22,35,[1075, 2077, 2231, 11636, 21677, 25348, 26611, 27090, 27092, 27224, 33468, 43002, 46797, 47071, 47973, 47974, 48754, 50174, 56232, 56234, 56338, 89207, 95794, 110753, 127307, 128560, 129737, 130356, 130627, 130769, 137588, 145299, 147711, 154432, 156490]
23,6,[1770, 4222, 6541, 16072, 22174, 22242]
24,1,[40060]
26,20,[3069, 13894, 14863, 19704, 19706, 19972, 42062, 42236, 42237, 42261, 43063, 43066, 48926, 48927, 49191, 57630, 63361, 64598, 65382, 66034]
27,10,[948, 1053, 9395, 14638, 28015, 31481, 38461, 39480, 80425, 96511]
30,420,[1369, 1399, 1400, 1430, 3054, 3231, 3247, 3353, 3400, 3798, 3812, 3900, 4350, 4580, 4709, 4792, 4802, 4826, 4847, 8252, 8307, 8317, 8540, 8563, 8578, 16805, 22810, 24590, 33488, 38509, 39435, 41537, 41677, 41779, 44867, 45608, 50043, 50527, 50539, 50582, 51522, 59990, 61410, 61799, 62154, 62205, 62218, 62252, 62268, 62281, 62327, 63054, 63439, 63469, 63804, 64747, 64824, 65578, 65761, 65770, 65798, 65816, 65836, 66009, 66017, 66074, 66090, 66102, 66110, 66115, 66153, 66273, 66283, 66642, 66662, 66747, 67317, 68498, 68512, 68518, 68587, 68745, 68825, 68881, 69316, 69338, 69880, 69939, 69987, 70002, 70446, 70529, 70547, 70552, 70606, 71701, 72624, 73119, 76777, 76782, 84997, 86832, 87015, 87027, 87152, 87164, 87177, 87250, 87578, 87863, 90816, 92143, 92240, 92715, 92755, 92784, 98541, 109141, 113552, 113721, 113727, 113731, 113825, 113892, 113923, 114765, 115913, 123809, 123873, 127217, 147840, 147867, 147903, 147918, 149420, 150132, 162637, 162691, 162701, 173057, 178249, 184948, 185911, 194911, 194929, 214029, 214035, 216156, 218087, 222056, 222608, 222729, 222735, 223819, 226275, 244880, 247737, 273514, 285605, 285607, 297450, 298196, 298797, 299054, 300013, 300098, 300994, 301477, 302886, 302914, 302962, 303473, 306764, 307403, 307461, 307742, 310472, 313387, 316011, 319030, 319082, 321777, 322910, 324083, 324388, 327060, 328322, 328406, 328589, 329082, 330118, 337117, 339919, 342390, 344109, 346274, 346463, 348629, 349870, 353222, 357956, 358261, 360646, 360914, 367094, 370173, 371918, 376220, 380109, 380130, 382819, 382909, 385539, 385553, 388776, 391394, 392320, 392344, 392528, 392567, 396982, 399434, 399958, 402514, 403797, 403802, 403812, 407598, 412593, 420807, 425603, 428541, 431817, 434865, 434936, 435010, 435235, 435241, 437947, 441788, 441891, 441899, 443655, 443657, 444598, 449308, 452726, 452732, 453108, 453155, 454806, 454813, 456196, 458496, 458545, 462381, 462795, 464861, 467381, 469537, 473925, 476792, 483078, 483087, 483109, 487639, 489133, 490182, 493172, 493326, 494317, 505907, 507469, 507477, 511230, 513222, 522353, 522361, 525138, 526107, 530193, 548740, 549103, 549115, 550307, 550308, 553436, 553458, 553473, 553486, 553501, 553510, 553610, 554798, 560918, 565062, 565239, 565316, 565339, 584336, 585333, 585623, 585801, 586888, 587079, 587292, 587399, 587417, 587450, 587459, 587466, 587479, 587490, 587495, 587538, 587546, 587615, 587619, 587624, 588129, 588163, 588216, 589296, 590264, 590633, 592073, 592134, 593278, 593730, 594276, 594775, 595541, 598230, 598234, 598239, 598242, 598406, 599195, 600087, 600471, 600479, 600851, 600910, 601918, 601923, 601928, 602487, 602835, 603613, 604052, 604110, 604188, 604789, 604801, 604930, 605025, 605238, 605285, 605288, 605298, 605326, 605400, 605519, 605522, 605583, 605618, 606127, 606132, 606244, 606255, 606318, 607601, 607617, 607642, 607730, 607831, 608368, 608395, 609003, 609010, 609021, 610040, 610097, 610210, 610263, 610365, 610402, 610573, 610883, 614269, 617587, 618243, 619028, 620547, 621152, 622356, 624619, 625411, 626212, 626269, 626307, 626320, 626334, 626416, 627473, 627656, 628650, 629369, 629382, 630216, 630731, 630749, 631049, 638392, 639453, 639457, 639461, 639466, 639475, 639584]
10,420,[1462, 1492, 1493, 1523, 3148, 3325, 3341, 3447, 3494, 3892, 3906, 3994, 4444, 4674, 4803, 4886, 4896, 4920, 4941, 8346, 8401, 8411, 8634, 8657, 8672, 16899, 22904, 24684, 33586, 38607, 39533, 41635, 41775, 41877, 44965, 45706, 50141, 50625, 50637, 50680, 51620, 60093, 61513, 61902, 62257, 62308, 62321, 62355, 62371, 62384, 62430, 63157, 63542, 63572, 63907, 64850, 64927, 65681, 65864, 65873, 65901, 65919, 65939, 66112, 66120, 66177, 66193, 66205, 66213, 66218, 66256, 66376, 66386, 66745, 66765, 66850, 67420, 68601, 68615, 68621, 68690, 68848, 68928, 68984, 69419, 69441, 69983, 70042, 70090, 70105, 70549, 70632, 70650, 70655, 70709, 71804, 72727, 73222, 76880, 76885, 85104, 86939, 87122, 87134, 87259, 87271, 87284, 87357, 87685, 87970, 90923, 92250, 92347, 92822, 92862, 92891, 98648, 109252, 113663, 113832, 113838, 113842, 113936, 114003, 114034, 114876, 116024, 123920, 123984, 127328, 147953, 147980, 148016, 148031, 149533, 150245, 162760, 162814, 162824, 173180, 178372, 185080, 186043, 195043, 195061, 214171, 214177, 216298, 218227, 222206, 222758, 222879, 222885, 223969, 226425, 245033, 247890, 273670, 285761, 285763, 297608, 298354, 298955, 299212, 300171, 300256, 301152, 301635, 303044, 303072, 303120, 303631, 306922, 307561, 307619, 307900, 310630, 313546, 316170, 319189, 319241, 321936, 323069, 324242, 324547, 327219, 328481, 328565, 328748, 329241, 330277, 337276, 340078, 342549, 344268, 346433, 346622, 348788, 350029, 353381, 358116, 358421, 360806, 361074, 367257, 370336, 372081, 376383, 380272, 380293, 382982, 383072, 385702, 385716, 388939, 391557, 392483, 392507, 392691, 392730, 397148, 399600, 400124, 402680, 403963, 403968, 403978, 407764, 412759, 420973, 425769, 428708, 431987, 435035, 435106, 435180, 435405, 435411, 438117, 441958, 442061, 442069, 443825, 443827, 444768, 449478, 452896, 452902, 453278, 453325, 454976, 454983, 456366, 458666, 458715, 462552, 462966, 465032, 467552, 469708, 474095, 476961, 483243, 483252, 483274, 487801, 489294, 490342, 493332, 493486, 494477, 506076, 507638, 507646, 511399, 513391, 522525, 522533, 525310, 526279, 530368, 548915, 549281, 549293, 550485, 550486, 553614, 553636, 553651, 553664, 553679, 553688, 553788, 554976, 561096, 565242, 565419, 565496, 565519, 584521, 585518, 585808, 585986, 587073, 587264, 587477, 587584, 587602, 587635, 587644, 587651, 587664, 587675, 587680, 587723, 587731, 587800, 587804, 587809, 588314, 588348, 588401, 589481, 590449, 590818, 592264, 592325, 593469, 593921, 594467, 594966, 595732, 598421, 598425, 598430, 598433, 598597, 599392, 600284, 600668, 600676, 601048, 601107, 602115, 602120, 602125, 602684, 603032, 603815, 604254, 604312, 604390, 604991, 605003, 605132, 605227, 605440, 605487, 605490, 605500, 605528, 605602, 605721, 605724, 605785, 605820, 606334, 606339, 606451, 606462, 606525, 607808, 607824, 607849, 607937, 608038, 608580, 608607, 609215, 609222, 609233, 610257, 610314, 610427, 610480, 610582, 610619, 610790, 611100, 614503, 617834, 618495, 619280, 620799, 621404, 622608, 624873, 625668, 626469, 626526, 626564, 626577, 626591, 626673, 627733, 627916, 628913, 629632, 629645, 630482, 631002, 631020, 631320, 638667, 639728, 639732, 639736, 639741, 639750, 639859]
15,23,[12637, 25550, 36084, 90636, 95738, 109366, 110413, 110435, 110486, 111659, 119921, 127986, 134392, 138723, 143640, 143896, 148261, 148743, 154225, 158443, 170453, 170714, 171127]
17,86,[7837, 15349, 15881, 17475, 17841, 19485, 19498, 19565, 19602, 20289, 20440, 20465, 20484, 20651, 22118, 22159, 22254, 22279, 22807, 23015, 23103, 24597, 24656, 24765, 24780, 24979, 24990, 24999, 26324, 26398, 26690, 26704, 27806, 27853, 27948, 27971, 28237, 29569, 29636, 29649, 29819, 30010, 30082, 30339, 34301, 37336, 41557, 43047, 43785, 43794, 45700, 45712, 47133, 52037, 61727, 65267, 67396, 67406, 67430, 67453, 67521, 73860, 87915, 87921, 87942, 114834, 167273, 182025, 182037, 182055, 182099, 188846, 189039, 189721, 196401, 201750, 201812, 201831, 202041, 202214, 211809, 213183, 213507, 216533, 216541, 216624]
19,2,[4463, 10094]
20,20,[2641, 13310, 14271, 18996, 18998, 19267, 41126, 41299, 41300, 41324, 42130, 42133, 47915, 47916, 48180, 56480, 62058, 63237, 63996, 64634]
21,7,[6621, 13218, 13822, 13879, 13899, 28249, 28951]
22,35,[1075, 2077, 2231, 11636, 21677, 25348, 26611, 27090, 27092, 27224, 33468, 43002, 46797, 47071, 47973, 47974, 48754, 50174, 56232, 56234, 56338, 89207, 95794, 110753, 127307, 128560, 129737, 130356, 130627, 130769, 137588, 145299, 147711, 154432, 156490]
23,6,[1770, 4222, 6541, 16072, 22174, 22242]
24,1,[40060]
26,20,[3069, 13894, 14863, 19704, 19706, 19972, 42062, 42236, 42237, 42261, 43063, 43066, 48926, 48927, 49191, 57630, 63361, 64598, 65382, 66034]
27,10,[948, 1053, 9395, 14638, 28015, 31481, 38461, 39480, 80425, 96511]
30,420,[1369, 1399, 1400, 1430, 3054, 3231, 3247, 3353, 3400, 3798, 3812, 3900, 4350, 4580, 4709, 4792, 4802, 4826, 4847, 8252, 8307, 8317, 8540, 8563, 8578, 16805, 22810, 24590, 33488, 38509, 39435, 41537, 41677, 41779, 44867, 45608, 50043, 50527, 50539, 50582, 51522, 59990, 61410, 61799, 62154, 62205, 62218, 62252, 62268, 62281, 62327, 63054, 63439, 63469, 63804, 64747, 64824, 65578, 65761, 65770, 65798, 65816, 65836, 66009, 66017, 66074, 66090, 66102, 66110, 66115, 66153, 66273, 66283, 66642, 66662, 66747, 67317, 68498, 68512, 68518, 68587, 68745, 68825, 68881, 69316, 69338, 69880, 69939, 69987, 70002, 70446, 70529, 70547, 70552, 70606, 71701, 72624, 73119, 76777, 76782, 84997, 86832, 87015, 87027, 87152, 87164, 87177, 87250, 87578, 87863, 90816, 92143, 92240, 92715, 92755, 92784, 98541, 109141, 113552, 113721, 113727, 113731, 113825, 113892, 113923, 114765, 115913, 123809, 123873, 127217, 147840, 147867, 147903, 147918, 149420, 150132, 162637, 162691, 162701, 173057, 178249, 184948, 185911, 194911, 194929, 214029, 214035, 216156, 218087, 222056, 222608, 222729, 222735, 223819, 226275, 244880, 247737, 273514, 285605, 285607, 297450, 298196, 298797, 299054, 300013, 300098, 300994, 301477, 302886, 302914, 302962, 303473, 306764, 307403, 307461, 307742, 310472, 313387, 316011, 319030, 319082, 321777, 322910, 324083, 324388, 327060, 328322, 328406, 328589, 329082, 330118, 337117, 339919, 342390, 344109, 346274, 346463, 348629, 349870, 353222, 357956, 358261, 360646, 360914, 367094, 370173, 371918, 376220, 380109, 380130, 382819, 382909, 385539, 385553, 388776, 391394, 392320, 392344, 392528, 392567, 396982, 399434, 399958, 402514, 403797, 403802, 403812, 407598, 412593, 420807, 425603, 428541, 431817, 434865, 434936, 435010, 435235, 435241, 437947, 441788, 441891, 441899, 443655, 443657, 444598, 449308, 452726, 452732, 453108, 453155, 454806, 454813, 456196, 458496, 458545, 462381, 462795, 464861, 467381, 469537, 473925, 476792, 483078, 483087, 483109, 487639, 489133, 490182, 493172, 493326, 494317, 505907, 507469, 507477, 511230, 513222, 522353, 522361, 525138, 526107, 530193, 548740, 549103, 549115, 550307, 550308, 553436, 553458, 553473, 553486, 553501, 553510, 553610, 554798, 560918, 565062, 565239, 565316, 565339, 584336, 585333, 585623, 585801, 586888, 587079, 587292, 587399, 587417, 587450, 587459, 587466, 587479, 587490, 587495, 587538, 587546, 587615, 587619, 587624, 588129, 588163, 588216, 589296, 590264, 590633, 592073, 592134, 593278, 593730, 594276, 594775, 595541, 598230, 598234, 598239, 598242, 598406, 599195, 600087, 600471, 600479, 600851, 600910, 601918, 601923, 601928, 602487, 602835, 603613, 604052, 604110, 604188, 604789, 604801, 604930, 605025, 605238, 605285, 605288, 605298, 605326, 605400, 605519, 605522, 605583, 605618, 606127, 606132, 606244, 606255, 606318, 607601, 607617, 607642, 607730, 607831, 608368, 608395, 609003, 609010, 609021, 610040, 610097, 610210, 610263, 610365, 610402, 610573, 610883, 614269, 617587, 618243, 619028, 620547, 621152, 622356, 624619, 625411, 626212, 626269, 626307, 626320, 626334, 626416, 627473, 627656, 628650, 629369, 629382, 630216, 630731, 630749, 631049, 638392, 639453, 639457, 639461, 639466, 639475, 639584]
