10,2,[170234, 365621]
11,1,[9277]
12,2,[7614, 10442]
15,23,[7901, 13987, 14940, 20883, 21229, 28204, 34164, 58703, 67546, 68881, 72388, 72424, 88530, 109240, 118369, 147511, 148022, 162335, 162374, 166236, 173264, 173319, 173607]
16,24,[6438, 7696, 10125, 10149, 10456, 13716, 14043, 20917, 21055, 23105, 23113, 23391, 23574, 27590, 33542, 34289, 34631, 35472, 35928, 36115, 36809, 36817, 36918, 36990]
17,1,[32659]
19,3,[11192, 11233, 11274]
20,15,[4056, 14338, 14787, 16015, 17424, 22588, 23240, 24305, 29710, 31531, 32198, 32385, 39868, 51379, 56542]
21,8,[8062, 16896, 19390, 20536, 22243, 22731, 25380, 28751]
23,1,[1677]
24,3,[6257, 14987, 19359]
26,14,[14935, 15401, 16661, 18091, 23353, 24008, 25073, 30555, 32401, 33070, 33259, 40806, 52436, 57696]
27,5,[5325, 12479, 23452, 49890, 56270]
28,3,[3205, 8848, 8880]
30,2,[170111, 365458]
10,2,[170234, 365621]
11,1,[9277]
12,2,[7614, 10442]
15,23,[7901, 13987, 14940, 20883, 21229, 28204, 34164, 58703, 67546, 68881, 72388, 72424, 88530, 109240, 118369, 147511, 148022, 162335, 162374, 166236, 173264, 173319, 173607]
16,24,[6438, 7696, 10125, 10149, 10456, 13716, 14043, 20917, 21055, 23105, 23113, 23391, 23574, 27590, 33542, 34289, 34631, 35472, 35928, 36115, 36809, 36817, 36918, 36990]
17,1,[32659]
19,3,[11192, 11233, 11274]
20,15,[4056, 14338, 14787, 16015, 17424, 22588, 23240, 24305, 29710, 31531, 32198, 32385, 39868, 51379, 56542]
21,8,[8062, 16896, 19390, 20536, 22243, 22731, 25380, 28751]
23,1,[1677]
24,3,[6257, 14987, 19359]
26,14,[14935, 15401, 16661, 18091, 23353, 24008, 25073, 30555, 32401, 33070, 33259, 40806, 52436, 57696]
27,5,[5325, 12479, 23452, 49890, 56270]
28,3,[3205, 8848, 8880]
30,2,[170111, 365458]
