15,4,[68477, 70404, 88790, 107395]
16,3,[16194, 21037, 31645]
20,1,[53542]
21,1,[16650]
22,33,[22719, 39024, 39083, 42067, 87740, 87743, 87746, 87748, 92042, 101584, 108962, 108966, 108970, 109198, 110729, 115499, 117200, 120426, 121713, 121736, 121738, 121740, 132474, 133075, 133744, 141094, 146707, 151099, 151151, 151229, 151403, 152306, 152719]
27,2,[24965, 39551]
15,4,[68477, 70404, 88790, 107395]
16,3,[16194, 21037, 31645]
20,1,[53542]
21,1,[16650]
22,33,[22719, 39024, 39083, 42067, 87740, 87743, 87746, 87748, 92042, 101584, 108962, 108966, 108970, 109198, 110729, 115499, 117200, 120426, 121713, 121736, 121738, 121740, 132474, 133075, 133744, 141094, 146707, 151099, 151151, 151229, 151403, 152306, 152719]
27,2,[24965, 39551]
