12,2,[2890, 2903]
14,1,[138746]
15,18,[4995, 7542, 14575, 55815, 56727, 58661, 82456, 85200, 118100, 119199, 123475, 134404, 145607, 165178, 165704, 169686, 173799, 173811]
16,3,[20272, 21095, 28427]
19,4,[8755, 20620, 22721, 22730]
21,2,[13330, 17222]
26,1,[46323]
27,3,[22851, 85403, 104346]
28,1,[8056]
12,2,[2890, 2903]
14,1,[138746]
15,18,[4995, 7542, 14575, 55815, 56727, 58661, 82456, 85200, 118100, 119199, 123475, 134404, 145607, 165178, 165704, 169686, 173799, 173811]
16,3,[20272, 21095, 28427]
19,4,[8755, 20620, 22721, 22730]
21,2,[13330, 17222]
26,1,[46323]
27,3,[22851, 85403, 104346]
28,1,[8056]
