14,1,[161149]
15,9,[49507, 75736, 90393, 90412, 101150, 137528, 146973, 150714, 169026]
16,1,[10296]
19,1,[8268]
21,1,[7701]
22,15,[19973, 35869, 37007, 41742, 41779, 43485, 43510, 43549, 49508, 52563, 57898, 58924, 59240, 63696, 72424]
25,1,[154396]
14,1,[161149]
15,9,[49507, 75736, 90393, 90412, 101150, 137528, 146973, 150714, 169026]
16,1,[10296]
19,1,[8268]
21,1,[7701]
22,15,[19973, 35869, 37007, 41742, 41779, 43485, 43510, 43549, 49508, 52563, 57898, 58924, 59240, 63696, 72424]
25,1,[154396]
