10,58,[49883, 50816, 59073, 59097, 59159, 59177, 59203, 61055, 61628, 61770, 62211, 67449, 67773, 73952, 74068, 74750, 83117, 83673, 83771, 83870, 83967, 84066, 84161, 84259, 84355, 84453, 84551, 84649, 84747, 85127, 89662, 89701, 89754, 98907, 99010, 99066, 99080, 99094, 99242, 99389, 99497, 99625, 99730, 147951, 162415, 180951, 189817, 193730, 202896, 224095, 224600, 224672, 244455, 251960, 437809, 437952, 460419, 639038]
12,1,[20403]
14,9,[31116, 76359, 76398, 95078, 106500, 115181, 141582, 150776, 190706]
15,1,[92858]
20,8,[13762, 20281, 20633, 31325, 36065, 43518, 44866, 44897]
21,1,[24018]
22,1,[44238]
24,1,[34919]
25,8,[30082, 72809, 72846, 91093, 110300, 135666, 144525, 183349]
27,2,[20543, 78085]
30,58,[49785, 50718, 58970, 58994, 59056, 59074, 59100, 60952, 61525, 61667, 62108, 67346, 67670, 73849, 73965, 74647, 83010, 83566, 83664, 83763, 83860, 83959, 84054, 84152, 84248, 84346, 84444, 84542, 84640, 85020, 89555, 89594, 89647, 98800, 98903, 98959, 98973, 98987, 99135, 99282, 99390, 99518, 99623, 147838, 162292, 180828, 189685, 193598, 202754, 223945, 224450, 224522, 244302, 251807, 437639, 437782, 460249, 638763]
10,58,[49883, 50816, 59073, 59097, 59159, 59177, 59203, 61055, 61628, 61770, 62211, 67449, 67773, 73952, 74068, 74750, 83117, 83673, 83771, 83870, 83967, 84066, 84161, 84259, 84355, 84453, 84551, 84649, 84747, 85127, 89662, 89701, 89754, 98907, 99010, 99066, 99080, 99094, 99242, 99389, 99497, 99625, 99730, 147951, 162415, 180951, 189817, 193730, 202896, 224095, 224600, 224672, 244455, 251960, 437809, 437952, 460419, 639038]
12,1,[20403]
14,9,[31116, 76359, 76398, 95078, 106500, 115181, 141582, 150776, 190706]
15,1,[92858]
20,8,[13762, 20281, 20633, 31325, 36065, 43518, 44866, 44897]
21,1,[24018]
22,1,[44238]
24,1,[34919]
25,8,[30082, 72809, 72846, 91093, 110300, 135666, 144525, 183349]
27,2,[20543, 78085]
30,58,[49785, 50718, 58970, 58994, 59056, 59074, 59100, 60952, 61525, 61667, 62108, 67346, 67670, 73849, 73965, 74647, 83010, 83566, 83664, 83763, 83860, 83959, 84054, 84152, 84248, 84346, 84444, 84542, 84640, 85020, 89555, 89594, 89647, 98800, 98903, 98959, 98973, 98987, 99135, 99282, 99390, 99518, 99623, 147838, 162292, 180828, 189685, 193598, 202754, 223945, 224450, 224522, 244302, 251807, 437639, 437782, 460249, 638763]
