10,17,[47397, 47474, 56173, 56248, 69085, 69303, 85049, 204018, 204261, 204314, 204378, 205079, 205622, 257240, 257563, 361501, 362348]
11,2,[1083, 6690]
12,9,[285, 2950, 3259, 3519, 3565, 3918, 5305, 5343, 21718]
14,10,[21234, 40280, 70717, 72941, 72967, 73008, 92884, 105471, 110912, 112992]
15,4,[13135, 13601, 137449, 149210]
16,1,[27110]
19,7,[2224, 3523, 3962, 3969, 13707, 25085, 25429]
20,4,[4726, 6422, 19373, 20701]
22,8,[16632, 82111, 82113, 84495, 134642, 134837, 135257, 144149]
24,7,[5469, 20762, 22606, 27960, 28152, 29154, 36546]
25,10,[20825, 38755, 67453, 69467, 69488, 69523, 88960, 101191, 106432, 108305]
26,29,[5244, 6942, 14372, 14388, 18397, 18499, 18594, 19008, 19683, 19766, 21432, 24256, 24822, 26572, 27496, 39413, 40955, 42445, 44376, 44923, 45729, 45914, 48452, 49676, 54470, 54971, 59355, 59693, 61433]
27,18,[8455, 59613, 74549, 74900, 75567, 75714, 75721, 78322, 80567, 80592, 84565, 85356, 85658, 85823, 86157, 87028, 87046, 105946]
30,17,[47299, 47376, 56074, 56149, 68982, 69200, 84942, 203876, 204119, 204172, 204236, 204937, 205480, 257084, 257407, 361341, 362188]
10,17,[47397, 47474, 56173, 56248, 69085, 69303, 85049, 204018, 204261, 204314, 204378, 205079, 205622, 257240, 257563, 361501, 362348]
11,2,[1083, 6690]
12,9,[285, 2950, 3259, 3519, 3565, 3918, 5305, 5343, 21718]
14,10,[21234, 40280, 70717, 72941, 72967, 73008, 92884, 105471, 110912, 112992]
15,4,[13135, 13601, 137449, 149210]
16,1,[27110]
19,7,[2224, 3523, 3962, 3969, 13707, 25085, 25429]
20,4,[4726, 6422, 19373, 20701]
22,8,[16632, 82111, 82113, 84495, 134642, 134837, 135257, 144149]
24,7,[5469, 20762, 22606, 27960, 28152, 29154, 36546]
25,10,[20825, 38755, 67453, 69467, 69488, 69523, 88960, 101191, 106432, 108305]
26,29,[5244, 6942, 14372, 14388, 18397, 18499, 18594, 19008, 19683, 19766, 21432, 24256, 24822, 26572, 27496, 39413, 40955, 42445, 44376, 44923, 45729, 45914, 48452, 49676, 54470, 54971, 59355, 59693, 61433]
27,18,[8455, 59613, 74549, 74900, 75567, 75714, 75721, 78322, 80567, 80592, 84565, 85356, 85658, 85823, 86157, 87028, 87046, 105946]
30,17,[47299, 47376, 56074, 56149, 68982, 69200, 84942, 203876, 204119, 204172, 204236, 204937, 205480, 257084, 257407, 361341, 362188]
