10,13,[303560, 344636, 362111, 363727, 385027, 389737, 391246, 411323, 425943, 477455, 477464, 483532, 554510]
12,1,[11070]
14,2,[44512, 125032]
15,6,[52849, 98894, 109933, 125233, 146872, 171199]
16,1,[28512]
17,2,[18734, 30697]
18,12,[7095, 18018, 32348, 35910, 42875, 56395, 77698, 98152, 122946, 124081, 138428, 141854]
19,1,[7583]
20,10,[90, 11701, 14773, 18795, 23959, 30472, 34136, 35805, 41958, 43720]
21,2,[15306, 15336]
22,40,[9956, 11280, 14328, 14352, 20782, 29415, 35056, 35112, 40011, 40013, 40142, 40168, 42624, 42699, 44505, 45401, 45472, 45597, 45620, 45635, 45655, 45667, 45680, 52551, 58736, 58746, 66647, 81796, 82627, 83010, 83443, 90757, 92221, 92626, 106645, 106660, 127310, 131673, 134637, 144585]
23,1,[10823]
24,1,[29731]
26,5,[12275, 19506, 24722, 42892, 44679]
27,4,[11425, 33305, 106121, 106126]
30,13,[303402, 344477, 361951, 363564, 384864, 389574, 391083, 411157, 425777, 477286, 477295, 483367, 554332]
10,13,[303560, 344636, 362111, 363727, 385027, 389737, 391246, 411323, 425943, 477455, 477464, 483532, 554510]
12,1,[11070]
14,2,[44512, 125032]
15,6,[52849, 98894, 109933, 125233, 146872, 171199]
16,1,[28512]
17,2,[18734, 30697]
18,12,[7095, 18018, 32348, 35910, 42875, 56395, 77698, 98152, 122946, 124081, 138428, 141854]
19,1,[7583]
20,10,[90, 11701, 14773, 18795, 23959, 30472, 34136, 35805, 41958, 43720]
21,2,[15306, 15336]
22,40,[9956, 11280, 14328, 14352, 20782, 29415, 35056, 35112, 40011, 40013, 40142, 40168, 42624, 42699, 44505, 45401, 45472, 45597, 45620, 45635, 45655, 45667, 45680, 52551, 58736, 58746, 66647, 81796, 82627, 83010, 83443, 90757, 92221, 92626, 106645, 106660, 127310, 131673, 134637, 144585]
23,1,[10823]
24,1,[29731]
26,5,[12275, 19506, 24722, 42892, 44679]
27,4,[11425, 33305, 106121, 106126]
30,13,[303402, 344477, 361951, 363564, 384864, 389574, 391083, 411157, 425777, 477286, 477295, 483367, 554332]
