10,5,[20289, 356290, 426297, 519129, 551933]
12,1,[13847]
14,1,[97163]
22,2,[48795, 133088]
24,3,[11526, 13679, 13745]
25,1,[93053]
27,13,[11357, 14958, 15850, 17829, 60453, 65124, 65858, 69837, 77102, 90966, 91779, 91792, 98737]
28,3,[806, 860, 1944]
30,5,[20195, 356131, 426131, 518957, 551755]
10,5,[20289, 356290, 426297, 519129, 551933]
12,1,[13847]
14,1,[97163]
22,2,[48795, 133088]
24,3,[11526, 13679, 13745]
25,1,[93053]
27,13,[11357, 14958, 15850, 17829, 60453, 65124, 65858, 69837, 77102, 90966, 91779, 91792, 98737]
28,3,[806, 860, 1944]
30,5,[20195, 356131, 426131, 518957, 551755]
