9,1,[2495]
10,37,[20513, 119747, 132375, 157742, 158113, 158193, 178737, 189930, 298401, 304783, 310908, 321648, 330542, 346781, 349547, 349761, 349882, 349965, 350023, 350353, 350797, 351083, 351430, 354465, 354476, 354545, 357067, 357125, 357310, 357333, 359357, 360292, 360359, 367169, 406051, 602408, 616400]
15,2,[118203, 121057]
17,1,[34213]
18,6,[14118, 18450, 52030, 61216, 103086, 132532]
20,8,[9149, 12469, 29228, 34875, 41654, 53453, 53461, 65628]
21,5,[12175, 19069, 26616, 27930, 31452]
22,7,[25814, 67748, 69020, 69074, 69092, 104953, 104988]
24,1,[3542]
26,10,[9703, 13056, 22726, 23379, 30071, 35765, 42590, 54579, 54587, 67042]
27,9,[25751, 25754, 37557, 50469, 52030, 55385, 55502, 73993, 95540]
30,37,[20419, 119636, 132263, 157629, 158000, 158080, 178614, 189798, 298243, 304625, 310750, 321489, 330383, 346622, 349388, 349602, 349723, 349806, 349864, 350194, 350638, 350924, 351271, 354306, 354317, 354386, 356907, 356965, 357150, 357173, 359197, 360132, 360199, 367006, 405885, 602211, 616161]
9,1,[2495]
10,37,[20513, 119747, 132375, 157742, 158113, 158193, 178737, 189930, 298401, 304783, 310908, 321648, 330542, 346781, 349547, 349761, 349882, 349965, 350023, 350353, 350797, 351083, 351430, 354465, 354476, 354545, 357067, 357125, 357310, 357333, 359357, 360292, 360359, 367169, 406051, 602408, 616400]
15,2,[118203, 121057]
17,1,[34213]
18,6,[14118, 18450, 52030, 61216, 103086, 132532]
20,8,[9149, 12469, 29228, 34875, 41654, 53453, 53461, 65628]
21,5,[12175, 19069, 26616, 27930, 31452]
22,7,[25814, 67748, 69020, 69074, 69092, 104953, 104988]
24,1,[3542]
26,10,[9703, 13056, 22726, 23379, 30071, 35765, 42590, 54579, 54587, 67042]
27,9,[25751, 25754, 37557, 50469, 52030, 55385, 55502, 73993, 95540]
30,37,[20419, 119636, 132263, 157629, 158000, 158080, 178614, 189798, 298243, 304625, 310750, 321489, 330383, 346622, 349388, 349602, 349723, 349806, 349864, 350194, 350638, 350924, 351271, 354306, 354317, 354386, 356907, 356965, 357150, 357173, 359197, 360132, 360199, 367006, 405885, 602211, 616161]
