9,1,[912]
11,3,[17359, 17537, 18330]
14,4,[417, 1253, 37652, 196435]
15,4,[42160, 46362, 94176, 113649]
16,2,[10627, 20424]
18,4,[15397, 48206, 68368, 111501]
19,3,[11620, 12643, 22898]
20,1,[5058]
22,1,[20835]
23,3,[2168, 16081, 28747]
25,5,[13, 631, 1470, 36258, 188251]
26,1,[5573]
27,2,[20104, 37790]
28,1,[1115]
9,1,[912]
11,3,[17359, 17537, 18330]
14,4,[417, 1253, 37652, 196435]
15,4,[42160, 46362, 94176, 113649]
16,2,[10627, 20424]
18,4,[15397, 48206, 68368, 111501]
19,3,[11620, 12643, 22898]
20,1,[5058]
22,1,[20835]
23,3,[2168, 16081, 28747]
25,5,[13, 631, 1470, 36258, 188251]
26,1,[5573]
27,2,[20104, 37790]
28,1,[1115]
