15,22,[16420, 29548, 30224, 40175, 53043, 66785, 72978, 73349, 78507, 80047, 89446, 97805, 136162, 144856, 152676, 154817, 155603, 157999, 165105, 167029, 168245, 169905]
21,1,[18681]
22,8,[7958, 15912, 28055, 31819, 31835, 31878, 31880, 99090]
24,1,[15312]
28,1,[9574]
15,22,[16420, 29548, 30224, 40175, 53043, 66785, 72978, 73349, 78507, 80047, 89446, 97805, 136162, 144856, 152676, 154817, 155603, 157999, 165105, 167029, 168245, 169905]
21,1,[18681]
22,8,[7958, 15912, 28055, 31819, 31835, 31878, 31880, 99090]
24,1,[15312]
28,1,[9574]
