10,3,[270249, 316646, 454751]
14,14,[30451, 102332, 111166, 116560, 123066, 133347, 135825, 142959, 149101, 156579, 165979, 183081, 185304, 188910]
15,5,[12705, 37889, 59554, 75694, 77414]
17,5,[17137, 34245, 35041, 51912, 71481]
19,8,[409, 2236, 7795, 11865, 11920, 12660, 17440, 27175]
25,14,[29469, 98222, 106660, 111610, 117960, 127653, 130057, 137032, 142986, 149917, 159084, 175618, 177732, 181130]
30,3,[270093, 316487, 454581]
10,3,[270249, 316646, 454751]
14,14,[30451, 102332, 111166, 116560, 123066, 133347, 135825, 142959, 149101, 156579, 165979, 183081, 185304, 188910]
15,5,[12705, 37889, 59554, 75694, 77414]
17,5,[17137, 34245, 35041, 51912, 71481]
19,8,[409, 2236, 7795, 11865, 11920, 12660, 17440, 27175]
25,14,[29469, 98222, 106660, 111610, 117960, 127653, 130057, 137032, 142986, 149917, 159084, 175618, 177732, 181130]
30,3,[270093, 316487, 454581]
