10,3,[19655, 20008, 194508]
15,11,[14694, 52939, 70536, 70560, 78954, 83964, 89172, 105208, 105843, 112881, 169063]
17,2,[91843, 115393]
19,1,[24166]
22,12,[5430, 9613, 9632, 23590, 23860, 31894, 37357, 38554, 93120, 102938, 102943, 140745]
26,1,[5591]
27,2,[68862, 91740]
30,3,[19561, 19914, 194376]
10,3,[19655, 20008, 194508]
15,11,[14694, 52939, 70536, 70560, 78954, 83964, 89172, 105208, 105843, 112881, 169063]
17,2,[91843, 115393]
19,1,[24166]
22,12,[5430, 9613, 9632, 23590, 23860, 31894, 37357, 38554, 93120, 102938, 102943, 140745]
26,1,[5591]
27,2,[68862, 91740]
30,3,[19561, 19914, 194376]
