10,16,[49661, 49686, 66802, 66812, 66823, 66843, 173345, 173352, 270035, 270065, 394069, 431137, 431149, 437775, 637256, 638375]
11,2,[3996, 19334]
15,38,[6925, 9682, 15953, 17922, 18511, 20112, 28706, 55985, 60950, 63664, 80061, 103504, 103824, 103928, 104348, 104354, 104472, 106578, 106663, 106705, 107015, 138110, 138327, 143444, 144818, 147116, 162994, 164816, 165842, 168356, 168807, 168921, 170533, 170534, 171591, 172527, 172573, 173023]
16,1,[8845]
19,10,[1925, 2065, 2730, 6258, 8505, 9106, 12175, 13397, 22669, 24934]
21,1,[16165]
22,5,[16640, 31848, 31893, 33551, 61039]
24,6,[2305, 10339, 15645, 17260, 25392, 26776]
27,13,[4234, 7511, 15467, 22450, 28017, 32253, 36681, 39623, 43348, 64143, 79919, 82283, 107297]
30,16,[49563, 49588, 66699, 66709, 66720, 66740, 173222, 173229, 269879, 269909, 393903, 430967, 430979, 437605, 636981, 638100]
10,16,[49661, 49686, 66802, 66812, 66823, 66843, 173345, 173352, 270035, 270065, 394069, 431137, 431149, 437775, 637256, 638375]
11,2,[3996, 19334]
15,38,[6925, 9682, 15953, 17922, 18511, 20112, 28706, 55985, 60950, 63664, 80061, 103504, 103824, 103928, 104348, 104354, 104472, 106578, 106663, 106705, 107015, 138110, 138327, 143444, 144818, 147116, 162994, 164816, 165842, 168356, 168807, 168921, 170533, 170534, 171591, 172527, 172573, 173023]
16,1,[8845]
19,10,[1925, 2065, 2730, 6258, 8505, 9106, 12175, 13397, 22669, 24934]
21,1,[16165]
22,5,[16640, 31848, 31893, 33551, 61039]
24,6,[2305, 10339, 15645, 17260, 25392, 26776]
27,13,[4234, 7511, 15467, 22450, 28017, 32253, 36681, 39623, 43348, 64143, 79919, 82283, 107297]
30,16,[49563, 49588, 66699, 66709, 66720, 66740, 173222, 173229, 269879, 269909, 393903, 430967, 430979, 437605, 636981, 638100]
