10,1,[121006]
11,2,[1784, 3017]
12,3,[7503, 7628, 11558]
13,2,[737, 2156]
15,3,[40007, 127671, 144170]
16,10,[990, 2189, 3587, 5238, 18993, 19882, 20778, 21783, 35214, 37065]
17,1,[121471]
20,2,[9565, 61518]
21,4,[18888, 21355, 23231, 27333]
22,2,[145006, 149325]
23,1,[25291]
24,6,[7058, 27512, 28024, 28893, 31335, 44210]
26,2,[10119, 62823]
27,6,[24002, 54459, 69103, 78143, 80603, 82389]
30,1,[120895]
10,1,[121006]
11,2,[1784, 3017]
12,3,[7503, 7628, 11558]
13,2,[737, 2156]
15,3,[40007, 127671, 144170]
16,10,[990, 2189, 3587, 5238, 18993, 19882, 20778, 21783, 35214, 37065]
17,1,[121471]
20,2,[9565, 61518]
21,4,[18888, 21355, 23231, 27333]
22,2,[145006, 149325]
23,1,[25291]
24,6,[7058, 27512, 28024, 28893, 31335, 44210]
26,2,[10119, 62823]
27,6,[24002, 54459, 69103, 78143, 80603, 82389]
30,1,[120895]
