10,46,[25314, 121949, 126285, 126870, 302985, 305575, 312599, 312799, 317011, 320255, 320649, 320685, 328026, 339428, 340290, 357401, 359626, 359987, 370458, 372629, 372656, 383127, 385390, 391859, 393867, 394544, 400815, 403476, 404509, 406392, 406703, 410756, 420119, 423878, 423905, 428148, 442968, 444218, 472828, 474125, 475462, 505889, 521016, 539005, 622538, 627312]
11,6,[1294, 1477, 6658, 10231, 14495, 16491]
13,1,[807]
15,9,[23218, 63371, 72122, 74534, 105886, 125560, 133458, 146236, 158699]
16,14,[2876, 5696, 6780, 8726, 8896, 14281, 16760, 18391, 23584, 31328, 34667, 36665, 37376, 37401]
17,14,[5053, 5065, 5091, 19160, 38790, 41851, 46315, 89704, 89713, 89743, 146124, 146133, 146139, 157566]
18,11,[1568, 1597, 2946, 48829, 65485, 66940, 98864, 109071, 127104, 143949, 144505]
19,9,[3317, 7179, 7185, 11841, 16000, 16547, 17195, 17788, 24359]
21,1,[2669]
22,5,[16047, 70744, 70756, 93090, 149349]
23,3,[1204, 2252, 20651]
24,4,[7084, 11674, 20333, 39123]
27,8,[13489, 25960, 33347, 54790, 60779, 73205, 73215, 81049]
28,1,[2991]
30,46,[25220, 121838, 126174, 126759, 302827, 305417, 312440, 312640, 316852, 320096, 320490, 320526, 327867, 339269, 340131, 357241, 359466, 359827, 370295, 372466, 372493, 382964, 385227, 391696, 393701, 394378, 400649, 403310, 404343, 406226, 406537, 410590, 419953, 423712, 423739, 427981, 442798, 444048, 472658, 473955, 475292, 505720, 520844, 538830, 622286, 627052]
10,46,[25314, 121949, 126285, 126870, 302985, 305575, 312599, 312799, 317011, 320255, 320649, 320685, 328026, 339428, 340290, 357401, 359626, 359987, 370458, 372629, 372656, 383127, 385390, 391859, 393867, 394544, 400815, 403476, 404509, 406392, 406703, 410756, 420119, 423878, 423905, 428148, 442968, 444218, 472828, 474125, 475462, 505889, 521016, 539005, 622538, 627312]
11,6,[1294, 1477, 6658, 10231, 14495, 16491]
13,1,[807]
15,9,[23218, 63371, 72122, 74534, 105886, 125560, 133458, 146236, 158699]
16,14,[2876, 5696, 6780, 8726, 8896, 14281, 16760, 18391, 23584, 31328, 34667, 36665, 37376, 37401]
17,14,[5053, 5065, 5091, 19160, 38790, 41851, 46315, 89704, 89713, 89743, 146124, 146133, 146139, 157566]
18,11,[1568, 1597, 2946, 48829, 65485, 66940, 98864, 109071, 127104, 143949, 144505]
19,9,[3317, 7179, 7185, 11841, 16000, 16547, 17195, 17788, 24359]
21,1,[2669]
22,5,[16047, 70744, 70756, 93090, 149349]
23,3,[1204, 2252, 20651]
24,4,[7084, 11674, 20333, 39123]
27,8,[13489, 25960, 33347, 54790, 60779, 73205, 73215, 81049]
28,1,[2991]
30,46,[25220, 121838, 126174, 126759, 302827, 305417, 312440, 312640, 316852, 320096, 320490, 320526, 327867, 339269, 340131, 357241, 359466, 359827, 370295, 372466, 372493, 382964, 385227, 391696, 393701, 394378, 400649, 403310, 404343, 406226, 406537, 410590, 419953, 423712, 423739, 427981, 442798, 444048, 472658, 473955, 475292, 505720, 520844, 538830, 622286, 627052]
