9,2,[883, 1710]
10,24,[327, 180633, 191122, 257291, 298363, 383435, 386917, 386980, 395123, 433639, 433815, 434625, 458006, 458052, 463448, 464418, 464592, 527889, 585383, 587048, 608791, 608808, 615788, 616332]
11,1,[16289]
13,1,[857]
14,269,[1204, 1213, 1224, 1232, 1238, 3075, 4099, 4971, 5973, 6569, 7306, 8017, 8528, 8591, 8599, 8743, 9383, 10612, 11552, 12052, 12814, 13810, 14738, 15515, 16220, 16503, 17377, 18047, 18257, 19311, 20100, 20865, 21555, 22272, 23282, 23945, 24242, 25324, 25331, 25624, 26169, 26944, 28116, 28850, 29814, 30539, 31509, 32336, 33329, 34137, 34797, 34803, 35679, 36515, 37669, 38767, 39031, 39240, 39730, 40740, 41582, 42400, 42991, 43217, 44127, 45119, 46307, 47341, 48304, 48984, 49663, 49668, 49932, 50687, 51817, 53004, 54126, 54981, 55800, 56049, 56684, 57337, 58204, 59290, 60540, 61202, 61762, 62042, 62833, 63713, 64201, 65308, 66357, 67192, 67749, 67989, 68988, 69623, 70403, 71181, 71805, 72785, 73270, 74056, 74897, 75821, 76599, 76815, 77858, 78779, 79103, 80050, 81006, 82529, 82565, 83719, 84881, 85739, 86007, 87143, 88370, 89495, 90385, 91138, 91452, 92493, 92737, 93225, 93629, 94398, 94652, 95408, 95638, 96326, 96659, 97213, 98178, 98917, 100187, 101191, 102018, 102970, 103787, 104434, 105235, 105939, 106888, 107766, 108997, 109779, 110511, 111265, 111870, 112527, 113283, 114131, 114928, 115519, 116744, 116750, 117286, 117520, 118193, 118896, 119462, 120372, 121172, 121884, 122440, 122684, 123555, 124603, 125468, 126070, 127036, 128233, 129099, 129978, 130576, 131140, 131780, 132793, 133488, 133496, 133508, 134192, 134766, 135721, 135991, 137098, 137766, 137990, 139061, 140178, 141339, 141867, 143126, 143552, 144168, 144875, 145522, 146288, 147246, 148023, 148555, 149214, 149867, 150462, 151092, 151824, 152682, 153590, 154421, 155174, 155884, 156733, 157463, 157523, 158390, 159500, 159510, 160067, 161535, 162630, 162916, 163921, 164820, 165736, 166108, 166856, 167833, 168911, 169989, 170070, 170932, 172083, 172854, 173348, 173954, 174694, 174925, 175847, 176838, 177355, 177877, 178803, 178809, 179663, 179684, 181167, 182340, 183214, 183870, 184407, 185435, 186407, 186995, 187261, 188042, 188525, 189042, 190268, 191152, 191909, 191922, 193207, 194063, 194799, 195586]
15,46,[2221, 2352, 3081, 11078, 18758, 21441, 37611, 38829, 43495, 43900, 49928, 53510, 56817, 57652, 59737, 63244, 68589, 70080, 81378, 81597, 82577, 86099, 86533, 88693, 89622, 91006, 97760, 102998, 107227, 110035, 111578, 115367, 115420, 116472, 122568, 138642, 145640, 146278, 149233, 151320, 153406, 154604, 156776, 156985, 171491, 173573]
16,17,[28772, 28774, 28816, 28831, 28867, 28871, 29104, 29109, 29115, 29157, 29162, 32205, 32266, 32334, 32361, 32382, 32574]
17,11,[7687, 8085, 43079, 67026, 67092, 73117, 92809, 113371, 113680, 184556, 214842]
18,131,[414, 444, 2957, 6354, 6872, 7627, 8879, 13046, 13061, 13103, 14820, 14862, 14882, 15037, 18510, 19987, 20903, 21660, 22679, 24842, 25855, 26391, 27136, 29408, 29457, 29896, 31865, 37191, 37466, 38475, 42041, 42059, 44028, 45315, 45502, 51849, 52152, 53548, 53940, 54254, 56971, 57608, 60747, 61427, 61698, 61708, 61768, 62424, 62444, 62454, 63006, 63255, 63604, 64007, 64661, 66250, 66410, 67092, 67270, 67280, 68009, 68063, 68316, 69858, 71689, 71852, 71963, 71971, 72711, 73091, 74492, 74502, 76023, 76049, 76293, 78636, 79188, 79374, 79538, 79625, 79745, 79882, 79984, 82660, 85376, 86568, 88518, 88940, 88971, 92292, 92885, 94344, 94695, 95685, 99120, 99251, 102035, 102460, 105087, 105837, 106197, 106455, 107300, 107451, 111179, 112465, 116881, 117915, 119273, 120307, 122029, 124176, 126238, 129233, 132075, 135252, 139630, 142026, 142499, 142697, 143306, 143866, 144748, 145256, 145977, 146293, 146796, 147147, 147410, 147749, 148329]
19,4,[6280, 21279, 21302, 21749]
20,11,[3590, 4320, 8197, 9525, 21779, 32683, 35787, 36340, 43150, 52963, 55018]
21,3,[3579, 32643, 33048]
22,57,[698, 1504, 3162, 3220, 3255, 7495, 8125, 8245, 8257, 8362, 8833, 9995, 11134, 11420, 12913, 18159, 19324, 19353, 22266, 29635, 32244, 32246, 32247, 32248, 32282, 32285, 32293, 32333, 32339, 32342, 32351, 32371, 32377, 32400, 32454, 32568, 33329, 33392, 41487, 44130, 58154, 62232, 64834, 76811, 77374, 86219, 90952, 99757, 104515, 108378, 119786, 134578, 135996, 142865, 156786, 160391, 161463]
23,9,[1721, 2301, 3208, 4784, 6875, 17809, 19503, 22872, 24504]
24,1,[2863]
25,270,[1421, 1430, 1441, 1449, 1455, 3484, 4468, 5350, 6294, 6815, 7520, 7654, 8260, 8739, 8804, 8812, 8987, 9640, 10792, 11678, 12164, 12880, 13804, 14708, 15433, 16066, 16313, 17133, 17726, 17908, 18895, 19620, 20488, 21111, 21793, 22730, 23316, 23585, 24605, 24612, 24889, 25379, 26091, 27235, 27925, 28822, 29547, 30441, 31215, 32162, 32918, 33511, 33517, 34321, 35148, 36273, 37340, 37568, 37750, 38179, 39171, 39977, 40736, 41263, 41461, 42318, 43294, 44424, 45499, 46421, 47075, 47716, 47721, 47949, 48680, 49708, 50840, 51964, 52796, 53495, 53706, 54290, 54978, 55826, 56942, 58129, 58736, 59290, 59608, 60387, 61202, 61772, 63373, 64101, 64593, 64803, 65755, 66432, 67162, 67884, 68458, 69324, 69756, 70490, 71301, 72214, 73018, 73224, 74223, 75215, 75503, 76426, 77315, 78807, 78848, 79992, 81214, 82129, 82371, 83446, 84693, 85786, 86647, 87345, 87627, 88623, 88826, 89274, 89655, 90462, 90691, 91390, 91587, 92257, 92567, 93106, 93339, 94075, 94832, 96169, 97068, 97852, 98818, 99670, 100249, 100971, 101614, 102498, 103332, 104472, 105190, 106053, 106740, 107280, 107868, 108570, 109381, 110064, 110606, 111777, 111783, 112283, 112478, 113090, 113854, 114406, 115278, 116071, 116803, 117300, 117518, 118403, 119382, 120167, 120782, 121710, 122792, 123613, 124451, 124983, 125493, 126095, 127047, 127777, 127785, 127797, 128444, 128991, 129972, 130212, 131272, 131923, 132131, 133118, 134336, 135442, 135912, 137189, 137616, 138196, 138866, 139454, 140206, 141200, 141989, 142470, 143090, 143680, 144237, 144819, 145476, 146308, 147105, 147875, 148584, 149273, 150056, 150736, 150792, 151648, 152641, 152651, 153220, 154786, 155856, 156109, 157086, 157964, 158860, 159202, 159893, 160905, 161966, 163043, 163120, 163944, 165231, 165974, 166407, 166963, 167672, 167871, 168738, 169688, 170139, 170593, 171455, 171461, 172255, 172281, 173752, 174898, 175749, 176363, 176870, 177859, 178769, 179297, 179539, 180282, 180771, 181251, 182598, 182760, 183857, 183867, 185068, 185899, 186616, 187356]
26,11,[2613, 4091, 8720, 12858, 15939, 22529, 31950, 46045, 52015, 54070, 56178]
27,70,[1973, 2606, 2775, 3922, 4309, 5225, 7413, 8129, 8173, 9688, 11087, 12676, 12683, 12806, 13167, 13363, 17880, 20187, 20465, 21308, 23340, 25133, 26933, 27084, 27542, 27843, 29098, 32588, 33067, 34060, 38599, 41274, 42158, 44913, 44921, 50380, 50642, 52313, 55884, 57207, 58594, 59313, 60391, 60815, 61135, 62698, 63210, 63288, 65663, 66045, 66636, 67071, 67082, 69684, 71969, 74598, 75587, 76409, 80154, 82221, 84216, 87750, 87955, 91022, 91922, 92164, 93611, 97591, 100703, 106235]
28,4,[764, 993, 1260, 1479]
30,24,[234, 180510, 190990, 257135, 298205, 383272, 386754, 386817, 394957, 433469, 433645, 434455, 457836, 457882, 463277, 464247, 464421, 527717, 585198, 586863, 608579, 608596, 615549, 616093]
9,2,[883, 1710]
10,24,[327, 180633, 191122, 257291, 298363, 383435, 386917, 386980, 395123, 433639, 433815, 434625, 458006, 458052, 463448, 464418, 464592, 527889, 585383, 587048, 608791, 608808, 615788, 616332]
11,1,[16289]
13,1,[857]
14,269,[1204, 1213, 1224, 1232, 1238, 3075, 4099, 4971, 5973, 6569, 7306, 8017, 8528, 8591, 8599, 8743, 9383, 10612, 11552, 12052, 12814, 13810, 14738, 15515, 16220, 16503, 17377, 18047, 18257, 19311, 20100, 20865, 21555, 22272, 23282, 23945, 24242, 25324, 25331, 25624, 26169, 26944, 28116, 28850, 29814, 30539, 31509, 32336, 33329, 34137, 34797, 34803, 35679, 36515, 37669, 38767, 39031, 39240, 39730, 40740, 41582, 42400, 42991, 43217, 44127, 45119, 46307, 47341, 48304, 48984, 49663, 49668, 49932, 50687, 51817, 53004, 54126, 54981, 55800, 56049, 56684, 57337, 58204, 59290, 60540, 61202, 61762, 62042, 62833, 63713, 64201, 65308, 66357, 67192, 67749, 67989, 68988, 69623, 70403, 71181, 71805, 72785, 73270, 74056, 74897, 75821, 76599, 76815, 77858, 78779, 79103, 80050, 81006, 82529, 82565, 83719, 84881, 85739, 86007, 87143, 88370, 89495, 90385, 91138, 91452, 92493, 92737, 93225, 93629, 94398, 94652, 95408, 95638, 96326, 96659, 97213, 98178, 98917, 100187, 101191, 102018, 102970, 103787, 104434, 105235, 105939, 106888, 107766, 108997, 109779, 110511, 111265, 111870, 112527, 113283, 114131, 114928, 115519, 116744, 116750, 117286, 117520, 118193, 118896, 119462, 120372, 121172, 121884, 122440, 122684, 123555, 124603, 125468, 126070, 127036, 128233, 129099, 129978, 130576, 131140, 131780, 132793, 133488, 133496, 133508, 134192, 134766, 135721, 135991, 137098, 137766, 137990, 139061, 140178, 141339, 141867, 143126, 143552, 144168, 144875, 145522, 146288, 147246, 148023, 148555, 149214, 149867, 150462, 151092, 151824, 152682, 153590, 154421, 155174, 155884, 156733, 157463, 157523, 158390, 159500, 159510, 160067, 161535, 162630, 162916, 163921, 164820, 165736, 166108, 166856, 167833, 168911, 169989, 170070, 170932, 172083, 172854, 173348, 173954, 174694, 174925, 175847, 176838, 177355, 177877, 178803, 178809, 179663, 179684, 181167, 182340, 183214, 183870, 184407, 185435, 186407, 186995, 187261, 188042, 188525, 189042, 190268, 191152, 191909, 191922, 193207, 194063, 194799, 195586]
15,46,[2221, 2352, 3081, 11078, 18758, 21441, 37611, 38829, 43495, 43900, 49928, 53510, 56817, 57652, 59737, 63244, 68589, 70080, 81378, 81597, 82577, 86099, 86533, 88693, 89622, 91006, 97760, 102998, 107227, 110035, 111578, 115367, 115420, 116472, 122568, 138642, 145640, 146278, 149233, 151320, 153406, 154604, 156776, 156985, 171491, 173573]
16,17,[28772, 28774, 28816, 28831, 28867, 28871, 29104, 29109, 29115, 29157, 29162, 32205, 32266, 32334, 32361, 32382, 32574]
17,11,[7687, 8085, 43079, 67026, 67092, 73117, 92809, 113371, 113680, 184556, 214842]
18,131,[414, 444, 2957, 6354, 6872, 7627, 8879, 13046, 13061, 13103, 14820, 14862, 14882, 15037, 18510, 19987, 20903, 21660, 22679, 24842, 25855, 26391, 27136, 29408, 29457, 29896, 31865, 37191, 37466, 38475, 42041, 42059, 44028, 45315, 45502, 51849, 52152, 53548, 53940, 54254, 56971, 57608, 60747, 61427, 61698, 61708, 61768, 62424, 62444, 62454, 63006, 63255, 63604, 64007, 64661, 66250, 66410, 67092, 67270, 67280, 68009, 68063, 68316, 69858, 71689, 71852, 71963, 71971, 72711, 73091, 74492, 74502, 76023, 76049, 76293, 78636, 79188, 79374, 79538, 79625, 79745, 79882, 79984, 82660, 85376, 86568, 88518, 88940, 88971, 92292, 92885, 94344, 94695, 95685, 99120, 99251, 102035, 102460, 105087, 105837, 106197, 106455, 107300, 107451, 111179, 112465, 116881, 117915, 119273, 120307, 122029, 124176, 126238, 129233, 132075, 135252, 139630, 142026, 142499, 142697, 143306, 143866, 144748, 145256, 145977, 146293, 146796, 147147, 147410, 147749, 148329]
19,4,[6280, 21279, 21302, 21749]
20,11,[3590, 4320, 8197, 9525, 21779, 32683, 35787, 36340, 43150, 52963, 55018]
21,3,[3579, 32643, 33048]
22,57,[698, 1504, 3162, 3220, 3255, 7495, 8125, 8245, 8257, 8362, 8833, 9995, 11134, 11420, 12913, 18159, 19324, 19353, 22266, 29635, 32244, 32246, 32247, 32248, 32282, 32285, 32293, 32333, 32339, 32342, 32351, 32371, 32377, 32400, 32454, 32568, 33329, 33392, 41487, 44130, 58154, 62232, 64834, 76811, 77374, 86219, 90952, 99757, 104515, 108378, 119786, 134578, 135996, 142865, 156786, 160391, 161463]
23,9,[1721, 2301, 3208, 4784, 6875, 17809, 19503, 22872, 24504]
24,1,[2863]
25,270,[1421, 1430, 1441, 1449, 1455, 3484, 4468, 5350, 6294, 6815, 7520, 7654, 8260, 8739, 8804, 8812, 8987, 9640, 10792, 11678, 12164, 12880, 13804, 14708, 15433, 16066, 16313, 17133, 17726, 17908, 18895, 19620, 20488, 21111, 21793, 22730, 23316, 23585, 24605, 24612, 24889, 25379, 26091, 27235, 27925, 28822, 29547, 30441, 31215, 32162, 32918, 33511, 33517, 34321, 35148, 36273, 37340, 37568, 37750, 38179, 39171, 39977, 40736, 41263, 41461, 42318, 43294, 44424, 45499, 46421, 47075, 47716, 47721, 47949, 48680, 49708, 50840, 51964, 52796, 53495, 53706, 54290, 54978, 55826, 56942, 58129, 58736, 59290, 59608, 60387, 61202, 61772, 63373, 64101, 64593, 64803, 65755, 66432, 67162, 67884, 68458, 69324, 69756, 70490, 71301, 72214, 73018, 73224, 74223, 75215, 75503, 76426, 77315, 78807, 78848, 79992, 81214, 82129, 82371, 83446, 84693, 85786, 86647, 87345, 87627, 88623, 88826, 89274, 89655, 90462, 90691, 91390, 91587, 92257, 92567, 93106, 93339, 94075, 94832, 96169, 97068, 97852, 98818, 99670, 100249, 100971, 101614, 102498, 103332, 104472, 105190, 106053, 106740, 107280, 107868, 108570, 109381, 110064, 110606, 111777, 111783, 112283, 112478, 113090, 113854, 114406, 115278, 116071, 116803, 117300, 117518, 118403, 119382, 120167, 120782, 121710, 122792, 123613, 124451, 124983, 125493, 126095, 127047, 127777, 127785, 127797, 128444, 128991, 129972, 130212, 131272, 131923, 132131, 133118, 134336, 135442, 135912, 137189, 137616, 138196, 138866, 139454, 140206, 141200, 141989, 142470, 143090, 143680, 144237, 144819, 145476, 146308, 147105, 147875, 148584, 149273, 150056, 150736, 150792, 151648, 152641, 152651, 153220, 154786, 155856, 156109, 157086, 157964, 158860, 159202, 159893, 160905, 161966, 163043, 163120, 163944, 165231, 165974, 166407, 166963, 167672, 167871, 168738, 169688, 170139, 170593, 171455, 171461, 172255, 172281, 173752, 174898, 175749, 176363, 176870, 177859, 178769, 179297, 179539, 180282, 180771, 181251, 182598, 182760, 183857, 183867, 185068, 185899, 186616, 187356]
26,11,[2613, 4091, 8720, 12858, 15939, 22529, 31950, 46045, 52015, 54070, 56178]
27,70,[1973, 2606, 2775, 3922, 4309, 5225, 7413, 8129, 8173, 9688, 11087, 12676, 12683, 12806, 13167, 13363, 17880, 20187, 20465, 21308, 23340, 25133, 26933, 27084, 27542, 27843, 29098, 32588, 33067, 34060, 38599, 41274, 42158, 44913, 44921, 50380, 50642, 52313, 55884, 57207, 58594, 59313, 60391, 60815, 61135, 62698, 63210, 63288, 65663, 66045, 66636, 67071, 67082, 69684, 71969, 74598, 75587, 76409, 80154, 82221, 84216, 87750, 87955, 91022, 91922, 92164, 93611, 97591, 100703, 106235]
28,4,[764, 993, 1260, 1479]
30,24,[234, 180510, 190990, 257135, 298205, 383272, 386754, 386817, 394957, 433469, 433645, 434455, 457836, 457882, 463277, 464247, 464421, 527717, 585198, 586863, 608579, 608596, 615549, 616093]
