14,18,[6577, 6795, 8444, 21736, 23257, 34244, 54121, 74207, 83487, 84625, 87190, 111966, 116870, 122319, 126214, 130006, 133679, 167043]
15,2,[121508, 159486]
18,8,[38813, 39763, 41488, 49843, 133417, 135182, 147081, 147212]
22,9,[1257, 1531, 11367, 76335, 82315, 82607, 104420, 136454, 143009]
25,20,[1360, 6822, 7031, 8652, 21266, 22708, 33004, 42539, 51961, 61501, 70666, 83488, 107363, 111890, 117197, 120920, 127963, 153599, 160081, 197406]
27,1,[107074]
14,18,[6577, 6795, 8444, 21736, 23257, 34244, 54121, 74207, 83487, 84625, 87190, 111966, 116870, 122319, 126214, 130006, 133679, 167043]
15,2,[121508, 159486]
18,8,[38813, 39763, 41488, 49843, 133417, 135182, 147081, 147212]
22,9,[1257, 1531, 11367, 76335, 82315, 82607, 104420, 136454, 143009]
25,20,[1360, 6822, 7031, 8652, 21266, 22708, 33004, 42539, 51961, 61501, 70666, 83488, 107363, 111890, 117197, 120920, 127963, 153599, 160081, 197406]
27,1,[107074]
