10,58,[108256, 113804, 115239, 125820, 125879, 126112, 126131, 128614, 143736, 143832, 150446, 168753, 203918, 207222, 235205, 254575, 254887, 259698, 263242, 263245, 281835, 289194, 289957, 303326, 316312, 316319, 318695, 319409, 326383, 326509, 331593, 332815, 338876, 339352, 342818, 345124, 345742, 346169, 346209, 347008, 348021, 354869, 355167, 363632, 381218, 381850, 387803, 391705, 402843, 406533, 406674, 425130, 430033, 440934, 471003, 482039, 579370, 623076]
15,1,[121788]
17,7,[58967, 105065, 122269, 122442, 129538, 171077, 208315]
20,3,[2302, 55270, 62848]
22,1,[90328]
26,3,[2695, 56431, 64191]
27,2,[40156, 106780]
30,58,[108145, 113693, 115128, 125709, 125768, 126001, 126020, 128502, 143624, 143720, 150333, 168630, 203776, 207080, 235055, 254422, 254734, 259542, 263086, 263089, 281680, 289038, 289801, 303168, 316153, 316160, 318536, 319250, 326224, 326350, 331434, 332656, 338717, 339193, 342659, 344965, 345583, 346010, 346050, 346849, 347862, 354710, 355008, 363469, 381055, 381687, 387640, 391542, 402677, 406367, 406508, 424964, 429866, 440764, 470832, 481873, 579190, 622824]
10,58,[108256, 113804, 115239, 125820, 125879, 126112, 126131, 128614, 143736, 143832, 150446, 168753, 203918, 207222, 235205, 254575, 254887, 259698, 263242, 263245, 281835, 289194, 289957, 303326, 316312, 316319, 318695, 319409, 326383, 326509, 331593, 332815, 338876, 339352, 342818, 345124, 345742, 346169, 346209, 347008, 348021, 354869, 355167, 363632, 381218, 381850, 387803, 391705, 402843, 406533, 406674, 425130, 430033, 440934, 471003, 482039, 579370, 623076]
15,1,[121788]
17,7,[58967, 105065, 122269, 122442, 129538, 171077, 208315]
20,3,[2302, 55270, 62848]
22,1,[90328]
26,3,[2695, 56431, 64191]
27,2,[40156, 106780]
30,58,[108145, 113693, 115128, 125709, 125768, 126001, 126020, 128502, 143624, 143720, 150333, 168630, 203776, 207080, 235055, 254422, 254734, 259542, 263086, 263089, 281680, 289038, 289801, 303168, 316153, 316160, 318536, 319250, 326224, 326350, 331434, 332656, 338717, 339193, 342659, 344965, 345583, 346010, 346050, 346849, 347862, 354710, 355008, 363469, 381055, 381687, 387640, 391542, 402677, 406367, 406508, 424964, 429866, 440764, 470832, 481873, 579190, 622824]
