10,64,[42605, 42642, 93948, 94416, 94481, 134736, 135119, 135179, 135252, 135297, 135354, 135472, 142877, 143499, 143569, 144241, 144311, 147245, 147247, 147260, 147267, 150565, 151130, 151260, 151458, 152448, 153071, 164097, 168424, 170641, 174471, 176982, 182104, 183672, 187051, 188013, 188501, 189467, 189486, 189529, 197025, 225472, 225864, 228477, 228895, 229634, 244704, 249329, 249960, 249978, 266298, 267117, 270254, 336989, 371400, 391033, 413937, 414097, 494222, 494473, 598320, 616639, 636308, 636315]
15,4,[13279, 23562, 85995, 150241]
16,2,[31792, 32270]
17,33,[53392, 62752, 70512, 71518, 71547, 82903, 83858, 132571, 133062, 137721, 139071, 141028, 141912, 142195, 142221, 142232, 142926, 145638, 148767, 170336, 194852, 208223, 210842, 211087, 211498, 212370, 212616, 212798, 212816, 212849, 212892, 212958, 213026]
18,1,[82528]
19,1,[5618]
20,8,[3532, 5182, 9699, 28567, 29753, 30623, 32542, 63738]
21,6,[16423, 18908, 19152, 19227, 27568, 29970]
22,1,[106520]
26,8,[4018, 5698, 10250, 29397, 30598, 31477, 33416, 65117]
30,64,[42507, 42544, 93841, 94309, 94374, 134624, 135007, 135067, 135140, 135185, 135242, 135360, 142765, 143387, 143457, 144128, 144198, 147132, 147134, 147147, 147154, 150452, 151017, 151147, 151345, 152335, 152958, 163974, 168301, 170518, 174348, 176859, 181981, 183540, 186919, 187881, 188369, 189335, 189354, 189397, 196893, 225322, 225714, 228327, 228745, 229484, 244551, 249176, 249807, 249825, 266142, 266961, 270098, 336830, 371237, 390870, 413771, 413931, 494062, 494313, 598129, 616400, 636033, 636040]
10,64,[42605, 42642, 93948, 94416, 94481, 134736, 135119, 135179, 135252, 135297, 135354, 135472, 142877, 143499, 143569, 144241, 144311, 147245, 147247, 147260, 147267, 150565, 151130, 151260, 151458, 152448, 153071, 164097, 168424, 170641, 174471, 176982, 182104, 183672, 187051, 188013, 188501, 189467, 189486, 189529, 197025, 225472, 225864, 228477, 228895, 229634, 244704, 249329, 249960, 249978, 266298, 267117, 270254, 336989, 371400, 391033, 413937, 414097, 494222, 494473, 598320, 616639, 636308, 636315]
15,4,[13279, 23562, 85995, 150241]
16,2,[31792, 32270]
17,33,[53392, 62752, 70512, 71518, 71547, 82903, 83858, 132571, 133062, 137721, 139071, 141028, 141912, 142195, 142221, 142232, 142926, 145638, 148767, 170336, 194852, 208223, 210842, 211087, 211498, 212370, 212616, 212798, 212816, 212849, 212892, 212958, 213026]
18,1,[82528]
19,1,[5618]
20,8,[3532, 5182, 9699, 28567, 29753, 30623, 32542, 63738]
21,6,[16423, 18908, 19152, 19227, 27568, 29970]
22,1,[106520]
26,8,[4018, 5698, 10250, 29397, 30598, 31477, 33416, 65117]
30,64,[42507, 42544, 93841, 94309, 94374, 134624, 135007, 135067, 135140, 135185, 135242, 135360, 142765, 143387, 143457, 144128, 144198, 147132, 147134, 147147, 147154, 150452, 151017, 151147, 151345, 152335, 152958, 163974, 168301, 170518, 174348, 176859, 181981, 183540, 186919, 187881, 188369, 189335, 189354, 189397, 196893, 225322, 225714, 228327, 228745, 229484, 244551, 249176, 249807, 249825, 266142, 266961, 270098, 336830, 371237, 390870, 413771, 413931, 494062, 494313, 598129, 616400, 636033, 636040]
