10,33,[7972, 7977, 65386, 72380, 72386, 128175, 137822, 180994, 284136, 284678, 291068, 318535, 325524, 327488, 337970, 346697, 349520, 349992, 354392, 360970, 362056, 362087, 393427, 396170, 398070, 402863, 475624, 477468, 493897, 518720, 624434, 624456, 640409]
15,10,[330, 4062, 20865, 55826, 72565, 110288, 113371, 113422, 114601, 168081]
17,11,[1766, 1785, 5986, 6302, 7993, 8887, 69418, 205949, 209769, 214224, 214233]
18,5,[35916, 75888, 83295, 85465, 114881]
20,17,[4796, 11548, 13898, 17640, 18250, 19568, 21024, 24006, 34135, 36138, 36391, 42692, 44817, 45911, 46090, 56944, 58474]
22,4,[20510, 29023, 45486, 91752]
26,17,[5315, 12116, 14486, 18317, 18954, 20277, 21762, 24767, 35011, 37040, 37296, 43633, 45800, 46914, 47092, 58094, 59664]
27,1,[33906]
30,33,[7878, 7883, 65283, 72277, 72283, 128064, 137710, 180871, 283980, 284522, 290912, 318376, 325365, 327329, 337811, 346538, 349361, 349833, 354233, 360810, 361896, 361927, 393261, 396004, 397904, 402697, 475454, 477299, 493737, 518548, 624180, 624202, 640134]
10,33,[7972, 7977, 65386, 72380, 72386, 128175, 137822, 180994, 284136, 284678, 291068, 318535, 325524, 327488, 337970, 346697, 349520, 349992, 354392, 360970, 362056, 362087, 393427, 396170, 398070, 402863, 475624, 477468, 493897, 518720, 624434, 624456, 640409]
15,10,[330, 4062, 20865, 55826, 72565, 110288, 113371, 113422, 114601, 168081]
17,11,[1766, 1785, 5986, 6302, 7993, 8887, 69418, 205949, 209769, 214224, 214233]
18,5,[35916, 75888, 83295, 85465, 114881]
20,17,[4796, 11548, 13898, 17640, 18250, 19568, 21024, 24006, 34135, 36138, 36391, 42692, 44817, 45911, 46090, 56944, 58474]
22,4,[20510, 29023, 45486, 91752]
26,17,[5315, 12116, 14486, 18317, 18954, 20277, 21762, 24767, 35011, 37040, 37296, 43633, 45800, 46914, 47092, 58094, 59664]
27,1,[33906]
30,33,[7878, 7883, 65283, 72277, 72283, 128064, 137710, 180871, 283980, 284522, 290912, 318376, 325365, 327329, 337811, 346538, 349361, 349833, 354233, 360810, 361896, 361927, 393261, 396004, 397904, 402697, 475454, 477299, 493737, 518548, 624180, 624202, 640134]
