10,32,[126970, 197331, 197435, 279306, 280160, 309172, 309196, 312954, 313918, 314045, 329992, 334612, 347867, 370064, 373096, 380609, 386341, 386423, 387528, 389072, 411992, 424105, 425551, 429575, 448257, 456773, 482698, 484274, 575873, 621907, 640588, 640684]
15,4,[42018, 96119, 125850, 142625]
17,4,[27368, 27445, 162414, 185852]
18,6,[35881, 37455, 50772, 92725, 132337, 147437]
20,2,[32388, 33816]
22,12,[9469, 22732, 29766, 29768, 29770, 29772, 29774, 42889, 96893, 99731, 99734, 99737]
24,1,[41015]
26,2,[33262, 34691]
30,32,[126859, 197199, 197303, 279151, 280005, 309014, 309038, 312795, 313759, 313886, 329833, 334453, 347708, 369901, 372933, 380446, 386178, 386260, 387365, 388909, 411826, 423939, 425385, 429408, 448087, 456603, 482533, 484109, 575693, 621655, 640313, 640409]
10,32,[126970, 197331, 197435, 279306, 280160, 309172, 309196, 312954, 313918, 314045, 329992, 334612, 347867, 370064, 373096, 380609, 386341, 386423, 387528, 389072, 411992, 424105, 425551, 429575, 448257, 456773, 482698, 484274, 575873, 621907, 640588, 640684]
15,4,[42018, 96119, 125850, 142625]
17,4,[27368, 27445, 162414, 185852]
18,6,[35881, 37455, 50772, 92725, 132337, 147437]
20,2,[32388, 33816]
22,12,[9469, 22732, 29766, 29768, 29770, 29772, 29774, 42889, 96893, 99731, 99734, 99737]
24,1,[41015]
26,2,[33262, 34691]
30,32,[126859, 197199, 197303, 279151, 280005, 309014, 309038, 312795, 313759, 313886, 329833, 334453, 347708, 369901, 372933, 380446, 386178, 386260, 387365, 388909, 411826, 423939, 425385, 429408, 448087, 456603, 482533, 484109, 575693, 621655, 640313, 640409]
