10,25,[6995, 38563, 38883, 73799, 85608, 85649, 85782, 99173, 130963, 232702, 252277, 252840, 272496, 276054, 280615, 296337, 296404, 296430, 296458, 296508, 378056, 455280, 459894, 583428, 583562]
11,1,[18459]
17,4,[98038, 98383, 168473, 168523]
21,3,[2674, 5315, 34247]
27,1,[84768]
30,25,[6901, 38465, 38785, 73696, 85501, 85542, 85675, 99066, 130851, 232552, 252124, 252687, 272340, 275898, 280460, 296180, 296247, 296273, 296301, 296351, 377893, 455110, 459724, 583248, 583382]
10,25,[6995, 38563, 38883, 73799, 85608, 85649, 85782, 99173, 130963, 232702, 252277, 252840, 272496, 276054, 280615, 296337, 296404, 296430, 296458, 296508, 378056, 455280, 459894, 583428, 583562]
11,1,[18459]
17,4,[98038, 98383, 168473, 168523]
21,3,[2674, 5315, 34247]
27,1,[84768]
30,25,[6901, 38465, 38785, 73696, 85501, 85542, 85675, 99066, 130851, 232552, 252124, 252687, 272340, 275898, 280460, 296180, 296247, 296273, 296301, 296351, 377893, 455110, 459724, 583248, 583382]
