10,26,[19005, 29104, 78458, 79158, 91521, 99716, 99758, 99791, 99853, 99913, 99973, 100033, 100092, 138207, 139833, 207458, 252631, 262787, 311037, 458198, 458202, 496390, 496402, 496414, 602925, 603913]
12,1,[11180]
14,2,[108292, 108315]
15,1,[119305]
17,1,[98535]
18,1,[52521]
23,1,[11049]
24,1,[10397]
25,2,[103817, 103840]
27,2,[18000, 97881]
30,26,[18911, 29010, 78351, 79051, 91414, 99609, 99651, 99684, 99746, 99806, 99866, 99926, 99985, 138095, 139721, 207316, 252478, 262631, 310879, 458028, 458032, 496221, 496233, 496245, 602728, 603711]
10,26,[19005, 29104, 78458, 79158, 91521, 99716, 99758, 99791, 99853, 99913, 99973, 100033, 100092, 138207, 139833, 207458, 252631, 262787, 311037, 458198, 458202, 496390, 496402, 496414, 602925, 603913]
12,1,[11180]
14,2,[108292, 108315]
15,1,[119305]
17,1,[98535]
18,1,[52521]
23,1,[11049]
24,1,[10397]
25,2,[103817, 103840]
27,2,[18000, 97881]
30,26,[18911, 29010, 78351, 79051, 91414, 99609, 99651, 99684, 99746, 99806, 99866, 99926, 99985, 138095, 139721, 207316, 252478, 262631, 310879, 458028, 458032, 496221, 496233, 496245, 602728, 603711]
