7,1,[104]
9,2,[451, 2446]
10,5,[153142, 334433, 403380, 455317, 473148]
11,1,[5629]
15,4,[11054, 54251, 137053, 145308]
17,10,[15823, 56964, 57088, 92818, 92882, 101465, 123615, 123853, 133721, 176043]
18,5,[35357, 42956, 46308, 63633, 63990]
19,2,[8450, 8540]
20,6,[10705, 14029, 23673, 35771, 38289, 38697]
22,15,[1494, 12264, 22269, 25837, 29551, 31680, 32255, 43023, 44133, 83850, 85311, 85767, 90861, 127234, 127236]
23,1,[13891]
24,3,[10974, 33874, 36856]
26,6,[11267, 14616, 24442, 36671, 39232, 39641]
27,15,[5105, 5442, 6870, 8479, 17569, 27071, 30123, 39041, 40549, 42258, 55126, 61343, 80874, 81186, 102094]
30,5,[153029, 334274, 403214, 455147, 472978]
7,1,[104]
9,2,[451, 2446]
10,5,[153142, 334433, 403380, 455317, 473148]
11,1,[5629]
15,4,[11054, 54251, 137053, 145308]
17,10,[15823, 56964, 57088, 92818, 92882, 101465, 123615, 123853, 133721, 176043]
18,5,[35357, 42956, 46308, 63633, 63990]
19,2,[8450, 8540]
20,6,[10705, 14029, 23673, 35771, 38289, 38697]
22,15,[1494, 12264, 22269, 25837, 29551, 31680, 32255, 43023, 44133, 83850, 85311, 85767, 90861, 127234, 127236]
23,1,[13891]
24,3,[10974, 33874, 36856]
26,6,[11267, 14616, 24442, 36671, 39232, 39641]
27,15,[5105, 5442, 6870, 8479, 17569, 27071, 30123, 39041, 40549, 42258, 55126, 61343, 80874, 81186, 102094]
30,5,[153029, 334274, 403214, 455147, 472978]
