10,3,[123268, 397456, 490087]
15,1,[38991]
16,1,[31948]
20,3,[10597, 22541, 60512]
22,3,[44414, 110190, 110897]
26,3,[11158, 23304, 61809]
27,23,[15411, 17587, 18204, 18498, 18887, 18919, 21606, 21682, 21755, 21859, 22091, 22258, 27845, 36557, 36628, 36651, 36680, 37206, 38513, 40426, 40482, 40935, 100606]
30,3,[123157, 397290, 489927]
10,3,[123268, 397456, 490087]
15,1,[38991]
16,1,[31948]
20,3,[10597, 22541, 60512]
22,3,[44414, 110190, 110897]
26,3,[11158, 23304, 61809]
27,23,[15411, 17587, 18204, 18498, 18887, 18919, 21606, 21682, 21755, 21859, 22091, 22258, 27845, 36557, 36628, 36651, 36680, 37206, 38513, 40426, 40482, 40935, 100606]
30,3,[123157, 397290, 489927]
