10,4,[87015, 306100, 332498, 624462]
12,2,[3897, 12766]
14,16,[16136, 18912, 25870, 39345, 40278, 42739, 42963, 71020, 78704, 92415, 105500, 110413, 122110, 125137, 154317, 177080]
15,32,[2543, 9665, 12957, 20813, 21502, 25052, 31801, 37731, 60036, 60541, 66884, 75577, 75851, 92689, 96655, 100067, 116776, 117144, 117665, 124388, 125781, 131021, 134720, 136119, 145991, 163373, 163382, 166754, 167026, 169836, 169896, 171565]
17,3,[137554, 137623, 194322]
18,9,[2975, 27766, 28637, 44379, 47328, 58375, 58621, 64937, 123177]
19,3,[790, 21563, 27584]
20,16,[4723, 11235, 17639, 18249, 20142, 22803, 23476, 24007, 33273, 39933, 41118, 41424, 57292, 61761, 62220, 64748]
21,1,[15546]
22,28,[9348, 9576, 9842, 16238, 16289, 16291, 16293, 45527, 45776, 50184, 55768, 56237, 59011, 70526, 73394, 75794, 77331, 94445, 95693, 95710, 95740, 95742, 95744, 105556, 135341, 135488, 143555, 156286]
23,3,[16619, 24244, 24879]
24,6,[68, 6751, 19066, 21550, 30310, 35867]
25,16,[15988, 18538, 25120, 37839, 38753, 41053, 41240, 67735, 75146, 88551, 101220, 105965, 117011, 119864, 147780, 169907]
26,17,[5241, 11806, 18316, 18953, 20867, 23570, 24246, 24768, 27500, 34152, 40871, 42054, 42360, 58454, 63064, 63557, 66148]
27,4,[1547, 50734, 57037, 90761]
28,1,[9698]
30,4,[86908, 305942, 332339, 624208]
10,4,[87015, 306100, 332498, 624462]
12,2,[3897, 12766]
14,16,[16136, 18912, 25870, 39345, 40278, 42739, 42963, 71020, 78704, 92415, 105500, 110413, 122110, 125137, 154317, 177080]
15,32,[2543, 9665, 12957, 20813, 21502, 25052, 31801, 37731, 60036, 60541, 66884, 75577, 75851, 92689, 96655, 100067, 116776, 117144, 117665, 124388, 125781, 131021, 134720, 136119, 145991, 163373, 163382, 166754, 167026, 169836, 169896, 171565]
17,3,[137554, 137623, 194322]
18,9,[2975, 27766, 28637, 44379, 47328, 58375, 58621, 64937, 123177]
19,3,[790, 21563, 27584]
20,16,[4723, 11235, 17639, 18249, 20142, 22803, 23476, 24007, 33273, 39933, 41118, 41424, 57292, 61761, 62220, 64748]
21,1,[15546]
22,28,[9348, 9576, 9842, 16238, 16289, 16291, 16293, 45527, 45776, 50184, 55768, 56237, 59011, 70526, 73394, 75794, 77331, 94445, 95693, 95710, 95740, 95742, 95744, 105556, 135341, 135488, 143555, 156286]
23,3,[16619, 24244, 24879]
24,6,[68, 6751, 19066, 21550, 30310, 35867]
25,16,[15988, 18538, 25120, 37839, 38753, 41053, 41240, 67735, 75146, 88551, 101220, 105965, 117011, 119864, 147780, 169907]
26,17,[5241, 11806, 18316, 18953, 20867, 23570, 24246, 24768, 27500, 34152, 40871, 42054, 42360, 58454, 63064, 63557, 66148]
27,4,[1547, 50734, 57037, 90761]
28,1,[9698]
30,4,[86908, 305942, 332339, 624208]
