10,3,[157126, 160618, 351573]
12,1,[17141]
13,1,[40]
14,3,[114379, 173370, 199395]
15,4,[4956, 18363, 73764, 127756]
16,2,[4866, 17418]
17,4,[44888, 74821, 78585, 106651]
18,8,[2461, 56715, 103089, 106646, 107860, 117666, 120058, 140771]
20,6,[16434, 28514, 38254, 42262, 45705, 47017]
22,11,[98330, 107567, 108858, 143954, 144014, 144058, 144084, 144194, 146160, 147978, 148058]
23,3,[1536, 24738, 27135]
24,5,[19561, 29511, 32004, 34603, 42637]
25,3,[109584, 166425, 201726]
26,6,[17084, 29344, 39198, 43197, 46707, 48020]
27,7,[15369, 29213, 59683, 63935, 65210, 76333, 90288]
28,2,[5227, 9797]
30,3,[157013, 160504, 351414]
10,3,[157126, 160618, 351573]
12,1,[17141]
13,1,[40]
14,3,[114379, 173370, 199395]
15,4,[4956, 18363, 73764, 127756]
16,2,[4866, 17418]
17,4,[44888, 74821, 78585, 106651]
18,8,[2461, 56715, 103089, 106646, 107860, 117666, 120058, 140771]
20,6,[16434, 28514, 38254, 42262, 45705, 47017]
22,11,[98330, 107567, 108858, 143954, 144014, 144058, 144084, 144194, 146160, 147978, 148058]
23,3,[1536, 24738, 27135]
24,5,[19561, 29511, 32004, 34603, 42637]
25,3,[109584, 166425, 201726]
26,6,[17084, 29344, 39198, 43197, 46707, 48020]
27,7,[15369, 29213, 59683, 63935, 65210, 76333, 90288]
28,2,[5227, 9797]
30,3,[157013, 160504, 351414]
