11,7,[2599, 4882, 6423, 7708, 13270, 15081, 20818]
12,15,[1213, 2349, 3338, 5551, 7101, 7622, 9076, 9780, 11920, 16673, 17822, 20848, 21848, 22062, 22389]
13,1,[982]
15,6,[16359, 30074, 40979, 60181, 108196, 155897]
16,7,[1863, 4135, 4137, 9970, 9982, 13777, 22720]
17,11,[3712, 16679, 74315, 74336, 126554, 131262, 133015, 148476, 150828, 169083, 211940]
21,8,[9617, 20971, 21698, 22509, 23956, 26043, 28134, 31271]
22,4,[137639, 137665, 137682, 138317]
24,3,[589, 6829, 7734]
27,7,[3994, 31188, 34802, 39371, 53084, 53226, 67776]
28,4,[3986, 4315, 4760, 6307]
11,7,[2599, 4882, 6423, 7708, 13270, 15081, 20818]
12,15,[1213, 2349, 3338, 5551, 7101, 7622, 9076, 9780, 11920, 16673, 17822, 20848, 21848, 22062, 22389]
13,1,[982]
15,6,[16359, 30074, 40979, 60181, 108196, 155897]
16,7,[1863, 4135, 4137, 9970, 9982, 13777, 22720]
17,11,[3712, 16679, 74315, 74336, 126554, 131262, 133015, 148476, 150828, 169083, 211940]
21,8,[9617, 20971, 21698, 22509, 23956, 26043, 28134, 31271]
22,4,[137639, 137665, 137682, 138317]
24,3,[589, 6829, 7734]
27,7,[3994, 31188, 34802, 39371, 53084, 53226, 67776]
28,4,[3986, 4315, 4760, 6307]
