10,2,[187801, 256788]
11,2,[10490, 15013]
12,5,[3974, 8595, 10984, 15867, 17617]
14,88,[4968, 5147, 18459, 19488, 21044, 23409, 24409, 27220, 28197, 28223, 28257, 30747, 30755, 31247, 35823, 49936, 50829, 50890, 53244, 53285, 53292, 53301, 53317, 53323, 55267, 55273, 55287, 57498, 58330, 58463, 59531, 60659, 61315, 61362, 72003, 75055, 75980, 77043, 85018, 99053, 106056, 108018, 108080, 108155, 108164, 108174, 108182, 114311, 114375, 115693, 115756, 118993, 120461, 121278, 121290, 121302, 124742, 125579, 125588, 125593, 127253, 132889, 139264, 143339, 143351, 154544, 156012, 156852, 158711, 163085, 163124, 163191, 164983, 165007, 165012, 169075, 178059, 182469, 182536, 182548, 182556, 182571, 188541, 188543, 190452, 191276, 192230, 194892]
15,25,[2267, 14661, 22372, 49196, 56768, 74732, 85949, 88139, 92227, 101676, 102622, 103596, 103668, 103685, 103767, 103776, 103806, 104467, 106469, 106619, 129066, 129427, 129598, 153154, 169549]
16,9,[8819, 9555, 11897, 13646, 25071, 27439, 29251, 29551, 35180]
17,3,[141256, 170725, 196271]
20,16,[3439, 6772, 9131, 9351, 9352, 18089, 21706, 29024, 29025, 31848, 31922, 32184, 37384, 44272, 65825, 66077]
21,1,[29017]
22,46,[335, 9045, 9379, 30956, 31817, 31818, 31837, 31864, 31866, 31868, 31875, 31882, 31886, 31909, 31910, 38502, 38537, 38556, 38560, 38563, 39007, 41535, 41538, 73621, 84983, 92904, 92968, 93125, 107800, 107801, 108939, 109926, 110010, 110013, 115326, 130375, 137883, 137915, 137965, 137968, 140650, 140744, 140747, 143392, 143399, 153109]
23,3,[9109, 24601, 24617]
24,13,[412, 2645, 4748, 6683, 11574, 13595, 15823, 17124, 23604, 27455, 29172, 30797, 37023]
25,90,[5349, 5503, 5510, 18098, 19057, 19140, 22846, 23738, 27313, 27336, 27373, 29734, 29742, 34493, 47953, 48814, 48877, 51057, 51116, 51128, 51132, 51141, 51221, 51238, 51248, 51325, 52808, 52823, 53031, 55134, 57179, 58235, 58891, 68635, 68641, 71448, 72321, 73438, 81364, 85948, 94956, 101721, 103565, 103628, 103702, 103707, 103716, 109520, 109580, 110768, 110829, 113940, 115354, 116201, 116213, 116225, 117697, 119504, 120294, 120307, 120323, 121923, 127227, 133405, 133437, 136921, 140355, 145587, 147985, 149389, 149396, 150162, 156261, 156270, 156278, 156400, 158057, 162130, 170755, 175023, 175093, 175106, 175114, 175129, 180786, 180788, 182865, 182944, 186702, 188987]
26,16,[3924, 7293, 9685, 9905, 9906, 18791, 22454, 29862, 29863, 32721, 32794, 33056, 38300, 45237, 67240, 67494]
27,52,[405, 1360, 3838, 4818, 7880, 11885, 12263, 14404, 14427, 14514, 19858, 19916, 20324, 25654, 25671, 44246, 49541, 49768, 50067, 57539, 58995, 60852, 61323, 63965, 66774, 67250, 67726, 68941, 72344, 72558, 75431, 78617, 80398, 80628, 83253, 84807, 86336, 87349, 87866, 88367, 91761, 91838, 92532, 95026, 97560, 99667, 100238, 100692, 108269, 109264, 109307, 109387]
28,3,[650, 2650, 7943]
30,2,[187669, 256632]
10,2,[187801, 256788]
11,2,[10490, 15013]
12,5,[3974, 8595, 10984, 15867, 17617]
14,88,[4968, 5147, 18459, 19488, 21044, 23409, 24409, 27220, 28197, 28223, 28257, 30747, 30755, 31247, 35823, 49936, 50829, 50890, 53244, 53285, 53292, 53301, 53317, 53323, 55267, 55273, 55287, 57498, 58330, 58463, 59531, 60659, 61315, 61362, 72003, 75055, 75980, 77043, 85018, 99053, 106056, 108018, 108080, 108155, 108164, 108174, 108182, 114311, 114375, 115693, 115756, 118993, 120461, 121278, 121290, 121302, 124742, 125579, 125588, 125593, 127253, 132889, 139264, 143339, 143351, 154544, 156012, 156852, 158711, 163085, 163124, 163191, 164983, 165007, 165012, 169075, 178059, 182469, 182536, 182548, 182556, 182571, 188541, 188543, 190452, 191276, 192230, 194892]
15,25,[2267, 14661, 22372, 49196, 56768, 74732, 85949, 88139, 92227, 101676, 102622, 103596, 103668, 103685, 103767, 103776, 103806, 104467, 106469, 106619, 129066, 129427, 129598, 153154, 169549]
16,9,[8819, 9555, 11897, 13646, 25071, 27439, 29251, 29551, 35180]
17,3,[141256, 170725, 196271]
20,16,[3439, 6772, 9131, 9351, 9352, 18089, 21706, 29024, 29025, 31848, 31922, 32184, 37384, 44272, 65825, 66077]
21,1,[29017]
22,46,[335, 9045, 9379, 30956, 31817, 31818, 31837, 31864, 31866, 31868, 31875, 31882, 31886, 31909, 31910, 38502, 38537, 38556, 38560, 38563, 39007, 41535, 41538, 73621, 84983, 92904, 92968, 93125, 107800, 107801, 108939, 109926, 110010, 110013, 115326, 130375, 137883, 137915, 137965, 137968, 140650, 140744, 140747, 143392, 143399, 153109]
23,3,[9109, 24601, 24617]
24,13,[412, 2645, 4748, 6683, 11574, 13595, 15823, 17124, 23604, 27455, 29172, 30797, 37023]
25,90,[5349, 5503, 5510, 18098, 19057, 19140, 22846, 23738, 27313, 27336, 27373, 29734, 29742, 34493, 47953, 48814, 48877, 51057, 51116, 51128, 51132, 51141, 51221, 51238, 51248, 51325, 52808, 52823, 53031, 55134, 57179, 58235, 58891, 68635, 68641, 71448, 72321, 73438, 81364, 85948, 94956, 101721, 103565, 103628, 103702, 103707, 103716, 109520, 109580, 110768, 110829, 113940, 115354, 116201, 116213, 116225, 117697, 119504, 120294, 120307, 120323, 121923, 127227, 133405, 133437, 136921, 140355, 145587, 147985, 149389, 149396, 150162, 156261, 156270, 156278, 156400, 158057, 162130, 170755, 175023, 175093, 175106, 175114, 175129, 180786, 180788, 182865, 182944, 186702, 188987]
26,16,[3924, 7293, 9685, 9905, 9906, 18791, 22454, 29862, 29863, 32721, 32794, 33056, 38300, 45237, 67240, 67494]
27,52,[405, 1360, 3838, 4818, 7880, 11885, 12263, 14404, 14427, 14514, 19858, 19916, 20324, 25654, 25671, 44246, 49541, 49768, 50067, 57539, 58995, 60852, 61323, 63965, 66774, 67250, 67726, 68941, 72344, 72558, 75431, 78617, 80398, 80628, 83253, 84807, 86336, 87349, 87866, 88367, 91761, 91838, 92532, 95026, 97560, 99667, 100238, 100692, 108269, 109264, 109307, 109387]
28,3,[650, 2650, 7943]
30,2,[187669, 256632]
