10,35,[745, 900, 4466, 4608, 4731, 8240, 8558, 14870, 16168, 21269, 25771, 30239, 31041, 31044, 31933, 76482, 336665, 341390, 344763, 364816, 367681, 370384, 375326, 375330, 376784, 376839, 376843, 376858, 395161, 405812, 439148, 440631, 475599, 574363, 610069]
17,4,[31863, 34728, 40461, 40465]
18,3,[9593, 13786, 109994]
19,2,[16091, 16231]
20,6,[13660, 24750, 25194, 36607, 37523, 38791]
22,1,[23098]
26,6,[14245, 25529, 25986, 37516, 38438, 39735]
30,35,[652, 807, 4372, 4514, 4637, 8146, 8464, 14776, 16074, 21175, 25677, 30145, 30947, 30950, 31835, 76379, 336506, 341231, 344604, 364653, 367518, 370221, 375163, 375167, 376621, 376676, 376680, 376695, 394995, 405646, 438978, 440461, 475429, 574183, 609852]
10,35,[745, 900, 4466, 4608, 4731, 8240, 8558, 14870, 16168, 21269, 25771, 30239, 31041, 31044, 31933, 76482, 336665, 341390, 344763, 364816, 367681, 370384, 375326, 375330, 376784, 376839, 376843, 376858, 395161, 405812, 439148, 440631, 475599, 574363, 610069]
17,4,[31863, 34728, 40461, 40465]
18,3,[9593, 13786, 109994]
19,2,[16091, 16231]
20,6,[13660, 24750, 25194, 36607, 37523, 38791]
22,1,[23098]
26,6,[14245, 25529, 25986, 37516, 38438, 39735]
30,35,[652, 807, 4372, 4514, 4637, 8146, 8464, 14776, 16074, 21175, 25677, 30145, 30947, 30950, 31835, 76379, 336506, 341231, 344604, 364653, 367518, 370221, 375163, 375167, 376621, 376676, 376680, 376695, 394995, 405646, 438978, 440461, 475429, 574183, 609852]
