10,42,[26885, 45663, 45869, 75443, 75475, 75578, 76704, 127863, 187470, 192427, 224926, 234147, 307012, 336710, 357165, 362065, 362123, 362574, 362829, 370138, 377093, 418173, 418255, 422440, 429532, 484613, 495837, 497224, 499650, 499704, 509470, 509585, 509635, 530397, 539190, 539207, 601990, 608415, 615960, 624538, 639056, 640901]
14,52,[3598, 3674, 4504, 5538, 9820, 18914, 19755, 21233, 25874, 27659, 37020, 42779, 44680, 45867, 63909, 70120, 70836, 71542, 84229, 84306, 86553, 87705, 87834, 87938, 89043, 94059, 100724, 103439, 104916, 110932, 112221, 117081, 120780, 124145, 126677, 131453, 135395, 138681, 141523, 141571, 141614, 145905, 149505, 159089, 168443, 169476, 170531, 173616, 183608, 188246, 190765, 196171]
15,1,[47132]
17,12,[12898, 16358, 22304, 47117, 50255, 62978, 109563, 123676, 179060, 179113, 186656, 216108]
18,2,[8468, 93797]
20,20,[11919, 14380, 17124, 18281, 18285, 24645, 25209, 25663, 38469, 39118, 39526, 41506, 46845, 53344, 56589, 56614, 58243, 58500, 59123, 65571]
21,2,[13739, 14274]
22,4,[112846, 112849, 120658, 158404]
23,1,[6703]
25,51,[3996, 4071, 4927, 5896, 10047, 18540, 19296, 20824, 21474, 25124, 26777, 35663, 41087, 42887, 44014, 61420, 66911, 67563, 68225, 80523, 80595, 82893, 84006, 84163, 84269, 85371, 90161, 96662, 99359, 100709, 106452, 107599, 112101, 115719, 118957, 121386, 125797, 129691, 132778, 135608, 135656, 135693, 139855, 143369, 152281, 161532, 163576, 166664, 176123, 180516, 183426]
26,20,[12505, 14978, 17777, 18986, 18990, 25425, 26001, 26462, 39411, 40060, 40467, 42443, 47849, 54468, 57742, 57767, 59431, 59691, 60378, 66984]
30,42,[26791, 45565, 45771, 75340, 75372, 75475, 76601, 127752, 187338, 192295, 224776, 233997, 306854, 336551, 357005, 361905, 361963, 362414, 362669, 369975, 376930, 418007, 418089, 422274, 429365, 484448, 495678, 497055, 499481, 499535, 509301, 509416, 509466, 530222, 539015, 539032, 601793, 608203, 615721, 624284, 638781, 640626]
10,42,[26885, 45663, 45869, 75443, 75475, 75578, 76704, 127863, 187470, 192427, 224926, 234147, 307012, 336710, 357165, 362065, 362123, 362574, 362829, 370138, 377093, 418173, 418255, 422440, 429532, 484613, 495837, 497224, 499650, 499704, 509470, 509585, 509635, 530397, 539190, 539207, 601990, 608415, 615960, 624538, 639056, 640901]
14,52,[3598, 3674, 4504, 5538, 9820, 18914, 19755, 21233, 25874, 27659, 37020, 42779, 44680, 45867, 63909, 70120, 70836, 71542, 84229, 84306, 86553, 87705, 87834, 87938, 89043, 94059, 100724, 103439, 104916, 110932, 112221, 117081, 120780, 124145, 126677, 131453, 135395, 138681, 141523, 141571, 141614, 145905, 149505, 159089, 168443, 169476, 170531, 173616, 183608, 188246, 190765, 196171]
15,1,[47132]
17,12,[12898, 16358, 22304, 47117, 50255, 62978, 109563, 123676, 179060, 179113, 186656, 216108]
18,2,[8468, 93797]
20,20,[11919, 14380, 17124, 18281, 18285, 24645, 25209, 25663, 38469, 39118, 39526, 41506, 46845, 53344, 56589, 56614, 58243, 58500, 59123, 65571]
21,2,[13739, 14274]
22,4,[112846, 112849, 120658, 158404]
23,1,[6703]
25,51,[3996, 4071, 4927, 5896, 10047, 18540, 19296, 20824, 21474, 25124, 26777, 35663, 41087, 42887, 44014, 61420, 66911, 67563, 68225, 80523, 80595, 82893, 84006, 84163, 84269, 85371, 90161, 96662, 99359, 100709, 106452, 107599, 112101, 115719, 118957, 121386, 125797, 129691, 132778, 135608, 135656, 135693, 139855, 143369, 152281, 161532, 163576, 166664, 176123, 180516, 183426]
26,20,[12505, 14978, 17777, 18986, 18990, 25425, 26001, 26462, 39411, 40060, 40467, 42443, 47849, 54468, 57742, 57767, 59431, 59691, 60378, 66984]
30,42,[26791, 45565, 45771, 75340, 75372, 75475, 76601, 127752, 187338, 192295, 224776, 233997, 306854, 336551, 357005, 361905, 361963, 362414, 362669, 369975, 376930, 418007, 418089, 422274, 429365, 484448, 495678, 497055, 499481, 499535, 509301, 509416, 509466, 530222, 539015, 539032, 601793, 608203, 615721, 624284, 638781, 640626]
