9,1,[157]
10,260,[7116, 7734, 13916, 21575, 24761, 24874, 25172, 27124, 36335, 41643, 41782, 42352, 45189, 59386, 69609, 69623, 71832, 75721, 75731, 76400, 83671, 83685, 83769, 83783, 83868, 83882, 83965, 83979, 84064, 84078, 84159, 84173, 84257, 84271, 84353, 84367, 84451, 84465, 84549, 84563, 84647, 84661, 84745, 84759, 84860, 95085, 96523, 109692, 109721, 110957, 111005, 112877, 118964, 128079, 128407, 148498, 155755, 160222, 160583, 162570, 174192, 180147, 186895, 190177, 191320, 198211, 221072, 221507, 221538, 222335, 222429, 223614, 224567, 226107, 227033, 230233, 245293, 250802, 250864, 251484, 255699, 268402, 288953, 293599, 294625, 298785, 299203, 300311, 300439, 301330, 303300, 303845, 303855, 307283, 308623, 311122, 312727, 313807, 316121, 316586, 317459, 321438, 324674, 325952, 327049, 327573, 327719, 328550, 328719, 330806, 330965, 334777, 334891, 337542, 337684, 339457, 341345, 343951, 344093, 350937, 354825, 355008, 356011, 356872, 356888, 358125, 359931, 360465, 360619, 363323, 363415, 363505, 363850, 363863, 363874, 365573, 368214, 368967, 369907, 371853, 371959, 373343, 374428, 376136, 386529, 394915, 395196, 395534, 395584, 395764, 395959, 395964, 396256, 396292, 405978, 409265, 409494, 410700, 410712, 414707, 421638, 421651, 427356, 428966, 430468, 433460, 433466, 434353, 434358, 434526, 434719, 435246, 439109, 440633, 447193, 449507, 449722, 453196, 455008, 456778, 464414, 468758, 469701, 476867, 477342, 478223, 483394, 484482, 485708, 487028, 491911, 499133, 499143, 504341, 504869, 505765, 510789, 510833, 510850, 517959, 518122, 519864, 520281, 521099, 521117, 527442, 528989, 531083, 532141, 533166, 538494, 538504, 538520, 538528, 538588, 542312, 549308, 554039, 560174, 560897, 562929, 564078, 565175, 565449, 567977, 568012, 568072, 568643, 569257, 570818, 572316, 573185, 577968, 584996, 585741, 591081, 593150, 609090, 609753, 609825, 610442, 616625, 619402, 619603, 621419, 624400, 624534, 625386, 627824, 628524, 630500, 630582, 633179, 633226, 633505, 637736, 638001, 638334, 638366, 640475]
11,6,[5295, 8962, 8992, 15510, 17303, 20547]
12,13,[3172, 3398, 4029, 5769, 7257, 9260, 11029, 11065, 11376, 15727, 15997, 16441, 19274]
13,1,[3866]
14,13,[8837, 11560, 42366, 42452, 44336, 51205, 108201, 117846, 117857, 117879, 124611, 140570, 167231]
15,123,[826, 6642, 6870, 6916, 7051, 7268, 7504, 10685, 12010, 13095, 14686, 15766, 16629, 19304, 19548, 19656, 20922, 24261, 27326, 28195, 30446, 33654, 34041, 37262, 38245, 38971, 40299, 41038, 44815, 45291, 50184, 51987, 52087, 55426, 56819, 57223, 59486, 60333, 63269, 64325, 64504, 65600, 68362, 69300, 75076, 75739, 75782, 75845, 76034, 82075, 82381, 82447, 82465, 82523, 83106, 83286, 83619, 84208, 84291, 85189, 85502, 87259, 87991, 91620, 91629, 94944, 95817, 97640, 102075, 103513, 103828, 105051, 106468, 106618, 106919, 107382, 108018, 109422, 110767, 113185, 113694, 113893, 115091, 116353, 120466, 120527, 120597, 121267, 123009, 123691, 125939, 126706, 128687, 129326, 130935, 132541, 135663, 137005, 137156, 137982, 144484, 147608, 148288, 150050, 150182, 150197, 150589, 151839, 153142, 153426, 155750, 157582, 159011, 159194, 160818, 165090, 165482, 167017, 167922, 170316, 170914, 171713, 173711]
16,10,[1877, 10431, 22022, 23759, 30689, 34184, 34189, 34432, 34436, 35883]
17,60,[1272, 1307, 4197, 4667, 6522, 6533, 9125, 15817, 22199, 25763, 27551, 28475, 30836, 30849, 30860, 32611, 35261, 36014, 42765, 43181, 50656, 52451, 54470, 58283, 61863, 86464, 88359, 90486, 90491, 93449, 94854, 95121, 95530, 108862, 109023, 109548, 110361, 111780, 111790, 114118, 117963, 121340, 125154, 137625, 155262, 175437, 177682, 178483, 178493, 181149, 182154, 188899, 193143, 193157, 195340, 199679, 199686, 202049, 206401, 212763]
18,47,[7123, 8828, 8923, 11509, 19307, 19532, 20767, 21550, 22881, 23611, 24910, 28152, 29138, 31382, 36595, 43862, 44522, 47527, 48215, 48310, 49121, 50073, 58534, 60753, 68414, 82288, 85358, 88514, 90074, 90695, 94861, 98145, 105070, 105576, 109888, 111038, 127791, 128072, 129863, 129963, 134511, 137047, 138120, 140046, 141804, 143419, 144086]
19,30,[900, 906, 1440, 1446, 3196, 3199, 3323, 3351, 3381, 5440, 6218, 7604, 7621, 7635, 9283, 9964, 11202, 16844, 19583, 20271, 20380, 20830, 20832, 21876, 24263, 24388, 25581, 25944, 26053, 26345]
20,43,[2322, 3270, 3916, 4032, 4887, 5051, 5805, 7297, 8948, 9163, 9670, 9937, 11489, 13625, 13917, 16388, 20565, 21179, 22948, 25969, 26209, 27223, 28086, 32250, 32877, 32881, 33527, 33582, 34507, 36474, 37030, 39656, 42624, 47211, 47319, 49199, 50001, 52713, 55498, 60661, 61561, 63985, 65076]
21,22,[3596, 5346, 6920, 6975, 9232, 13512, 17657, 17810, 21236, 21783, 23298, 24584, 24594, 25802, 26487, 26662, 27170, 29018, 29883, 30056, 30984, 33580]
22,121,[306, 3821, 4541, 7783, 7816, 7818, 7819, 7822, 7830, 7832, 7834, 7898, 13441, 13794, 17183, 17227, 17236, 18956, 19015, 20284, 21856, 21858, 24214, 24217, 24220, 25314, 26664, 26697, 26705, 27159, 27161, 27163, 30710, 35239, 37437, 37441, 37443, 37446, 38266, 40933, 41988, 45520, 46820, 51353, 52465, 52511, 53413, 53418, 53605, 53708, 55753, 57065, 57922, 58075, 67147, 72651, 72690, 80615, 81958, 82834, 87380, 89942, 89945, 89991, 90654, 92157, 92251, 92268, 92270, 92302, 94606, 94972, 94976, 94980, 95137, 95754, 100038, 101556, 101747, 101766, 101787, 102525, 102527, 106396, 106617, 106633, 106757, 106760, 109236, 110965, 113124, 114073, 117126, 117130, 117137, 117298, 124701, 124849, 125409, 125411, 125551, 125556, 126221, 126673, 127010, 127700, 129809, 129855, 133550, 134338, 134778, 135348, 136166, 136429, 137004, 137901, 140767, 142847, 143600, 155806, 155812]
23,17,[4944, 6316, 7940, 11224, 13163, 14547, 16179, 19442, 20323, 22526, 23297, 23972, 26845, 30056, 30081, 30098, 30600]
24,22,[74, 1610, 5945, 6111, 6975, 7161, 9604, 20317, 25062, 27443, 27884, 29053, 34605, 35501, 36294, 36974, 37580, 41154, 44005, 44260, 44293, 44578]
25,14,[9081, 11685, 26639, 38262, 40707, 40784, 42512, 103734, 112788, 112797, 112818, 119389, 134720, 160309]
26,44,[2715, 3753, 4415, 4531, 5406, 5566, 6323, 7820, 9497, 9717, 10223, 10491, 12064, 14210, 14504, 17038, 21291, 21921, 23718, 26766, 27005, 27517, 28048, 28920, 33123, 33754, 33758, 34401, 34455, 35395, 37381, 37945, 40596, 43564, 48213, 48322, 50240, 51047, 53812, 56656, 61959, 62865, 65372, 66488]
27,41,[3219, 6880, 19655, 24546, 24881, 26175, 27118, 33038, 33563, 37682, 37987, 39544, 45193, 49822, 50089, 51323, 56923, 57062, 58127, 58354, 59722, 68188, 69289, 69959, 73389, 76462, 76542, 78792, 79189, 81916, 85479, 86378, 89043, 89231, 90888, 91469, 92437, 93937, 95261, 98266, 108224]
28,6,[8279, 8315, 8336, 8399, 10111, 11656]
30,260,[7022, 7640, 13822, 21481, 24667, 24780, 25078, 27030, 36237, 41545, 41684, 42254, 45091, 59283, 69506, 69520, 71729, 75618, 75628, 76297, 83564, 83578, 83662, 83676, 83761, 83775, 83858, 83872, 83957, 83971, 84052, 84066, 84150, 84164, 84246, 84260, 84344, 84358, 84442, 84456, 84540, 84554, 84638, 84652, 84753, 94978, 96416, 109581, 109610, 110846, 110894, 112766, 118853, 127968, 128296, 148385, 155642, 160108, 160469, 162447, 174069, 180024, 186763, 190045, 191188, 198079, 220922, 221357, 221388, 222185, 222279, 223464, 224417, 225957, 226883, 230083, 245140, 250649, 250711, 251331, 255546, 268246, 288797, 293442, 294468, 298627, 299045, 300153, 300281, 301172, 303142, 303687, 303697, 307125, 308465, 310964, 312568, 313648, 315962, 316427, 317300, 321279, 324515, 325793, 326890, 327414, 327560, 328391, 328560, 330647, 330806, 334618, 334732, 337383, 337525, 339298, 341186, 343792, 343934, 350778, 354666, 354849, 355852, 356712, 356728, 357965, 359771, 360305, 360459, 363160, 363252, 363342, 363687, 363700, 363711, 365410, 368051, 368804, 369744, 371690, 371796, 373180, 374265, 375973, 386366, 394749, 395030, 395368, 395418, 395598, 395793, 395798, 396090, 396126, 405812, 409099, 409328, 410534, 410546, 414541, 421472, 421485, 427189, 428799, 430298, 433290, 433296, 434183, 434188, 434356, 434549, 435076, 438939, 440463, 447023, 449337, 449552, 453026, 454838, 456608, 464243, 468587, 469530, 476698, 477173, 478055, 483229, 484317, 485544, 486865, 491751, 498964, 498974, 504172, 504700, 505596, 510620, 510664, 510681, 517787, 517950, 519692, 520109, 520927, 520945, 527270, 528814, 530908, 531966, 532991, 538319, 538329, 538345, 538353, 538413, 542137, 549130, 553861, 559996, 560719, 562751, 563900, 564995, 565269, 567797, 567832, 567892, 568463, 569077, 570638, 572136, 573005, 577788, 584811, 585556, 590896, 592959, 608878, 609541, 609613, 610225, 616386, 619150, 619351, 621167, 624146, 624280, 625129, 627564, 628261, 630234, 630316, 632904, 632951, 633230, 637461, 637726, 638059, 638091, 640200]
9,1,[157]
10,260,[7116, 7734, 13916, 21575, 24761, 24874, 25172, 27124, 36335, 41643, 41782, 42352, 45189, 59386, 69609, 69623, 71832, 75721, 75731, 76400, 83671, 83685, 83769, 83783, 83868, 83882, 83965, 83979, 84064, 84078, 84159, 84173, 84257, 84271, 84353, 84367, 84451, 84465, 84549, 84563, 84647, 84661, 84745, 84759, 84860, 95085, 96523, 109692, 109721, 110957, 111005, 112877, 118964, 128079, 128407, 148498, 155755, 160222, 160583, 162570, 174192, 180147, 186895, 190177, 191320, 198211, 221072, 221507, 221538, 222335, 222429, 223614, 224567, 226107, 227033, 230233, 245293, 250802, 250864, 251484, 255699, 268402, 288953, 293599, 294625, 298785, 299203, 300311, 300439, 301330, 303300, 303845, 303855, 307283, 308623, 311122, 312727, 313807, 316121, 316586, 317459, 321438, 324674, 325952, 327049, 327573, 327719, 328550, 328719, 330806, 330965, 334777, 334891, 337542, 337684, 339457, 341345, 343951, 344093, 350937, 354825, 355008, 356011, 356872, 356888, 358125, 359931, 360465, 360619, 363323, 363415, 363505, 363850, 363863, 363874, 365573, 368214, 368967, 369907, 371853, 371959, 373343, 374428, 376136, 386529, 394915, 395196, 395534, 395584, 395764, 395959, 395964, 396256, 396292, 405978, 409265, 409494, 410700, 410712, 414707, 421638, 421651, 427356, 428966, 430468, 433460, 433466, 434353, 434358, 434526, 434719, 435246, 439109, 440633, 447193, 449507, 449722, 453196, 455008, 456778, 464414, 468758, 469701, 476867, 477342, 478223, 483394, 484482, 485708, 487028, 491911, 499133, 499143, 504341, 504869, 505765, 510789, 510833, 510850, 517959, 518122, 519864, 520281, 521099, 521117, 527442, 528989, 531083, 532141, 533166, 538494, 538504, 538520, 538528, 538588, 542312, 549308, 554039, 560174, 560897, 562929, 564078, 565175, 565449, 567977, 568012, 568072, 568643, 569257, 570818, 572316, 573185, 577968, 584996, 585741, 591081, 593150, 609090, 609753, 609825, 610442, 616625, 619402, 619603, 621419, 624400, 624534, 625386, 627824, 628524, 630500, 630582, 633179, 633226, 633505, 637736, 638001, 638334, 638366, 640475]
11,6,[5295, 8962, 8992, 15510, 17303, 20547]
12,13,[3172, 3398, 4029, 5769, 7257, 9260, 11029, 11065, 11376, 15727, 15997, 16441, 19274]
13,1,[3866]
14,13,[8837, 11560, 42366, 42452, 44336, 51205, 108201, 117846, 117857, 117879, 124611, 140570, 167231]
15,123,[826, 6642, 6870, 6916, 7051, 7268, 7504, 10685, 12010, 13095, 14686, 15766, 16629, 19304, 19548, 19656, 20922, 24261, 27326, 28195, 30446, 33654, 34041, 37262, 38245, 38971, 40299, 41038, 44815, 45291, 50184, 51987, 52087, 55426, 56819, 57223, 59486, 60333, 63269, 64325, 64504, 65600, 68362, 69300, 75076, 75739, 75782, 75845, 76034, 82075, 82381, 82447, 82465, 82523, 83106, 83286, 83619, 84208, 84291, 85189, 85502, 87259, 87991, 91620, 91629, 94944, 95817, 97640, 102075, 103513, 103828, 105051, 106468, 106618, 106919, 107382, 108018, 109422, 110767, 113185, 113694, 113893, 115091, 116353, 120466, 120527, 120597, 121267, 123009, 123691, 125939, 126706, 128687, 129326, 130935, 132541, 135663, 137005, 137156, 137982, 144484, 147608, 148288, 150050, 150182, 150197, 150589, 151839, 153142, 153426, 155750, 157582, 159011, 159194, 160818, 165090, 165482, 167017, 167922, 170316, 170914, 171713, 173711]
16,10,[1877, 10431, 22022, 23759, 30689, 34184, 34189, 34432, 34436, 35883]
17,60,[1272, 1307, 4197, 4667, 6522, 6533, 9125, 15817, 22199, 25763, 27551, 28475, 30836, 30849, 30860, 32611, 35261, 36014, 42765, 43181, 50656, 52451, 54470, 58283, 61863, 86464, 88359, 90486, 90491, 93449, 94854, 95121, 95530, 108862, 109023, 109548, 110361, 111780, 111790, 114118, 117963, 121340, 125154, 137625, 155262, 175437, 177682, 178483, 178493, 181149, 182154, 188899, 193143, 193157, 195340, 199679, 199686, 202049, 206401, 212763]
18,47,[7123, 8828, 8923, 11509, 19307, 19532, 20767, 21550, 22881, 23611, 24910, 28152, 29138, 31382, 36595, 43862, 44522, 47527, 48215, 48310, 49121, 50073, 58534, 60753, 68414, 82288, 85358, 88514, 90074, 90695, 94861, 98145, 105070, 105576, 109888, 111038, 127791, 128072, 129863, 129963, 134511, 137047, 138120, 140046, 141804, 143419, 144086]
19,30,[900, 906, 1440, 1446, 3196, 3199, 3323, 3351, 3381, 5440, 6218, 7604, 7621, 7635, 9283, 9964, 11202, 16844, 19583, 20271, 20380, 20830, 20832, 21876, 24263, 24388, 25581, 25944, 26053, 26345]
20,43,[2322, 3270, 3916, 4032, 4887, 5051, 5805, 7297, 8948, 9163, 9670, 9937, 11489, 13625, 13917, 16388, 20565, 21179, 22948, 25969, 26209, 27223, 28086, 32250, 32877, 32881, 33527, 33582, 34507, 36474, 37030, 39656, 42624, 47211, 47319, 49199, 50001, 52713, 55498, 60661, 61561, 63985, 65076]
21,22,[3596, 5346, 6920, 6975, 9232, 13512, 17657, 17810, 21236, 21783, 23298, 24584, 24594, 25802, 26487, 26662, 27170, 29018, 29883, 30056, 30984, 33580]
22,121,[306, 3821, 4541, 7783, 7816, 7818, 7819, 7822, 7830, 7832, 7834, 7898, 13441, 13794, 17183, 17227, 17236, 18956, 19015, 20284, 21856, 21858, 24214, 24217, 24220, 25314, 26664, 26697, 26705, 27159, 27161, 27163, 30710, 35239, 37437, 37441, 37443, 37446, 38266, 40933, 41988, 45520, 46820, 51353, 52465, 52511, 53413, 53418, 53605, 53708, 55753, 57065, 57922, 58075, 67147, 72651, 72690, 80615, 81958, 82834, 87380, 89942, 89945, 89991, 90654, 92157, 92251, 92268, 92270, 92302, 94606, 94972, 94976, 94980, 95137, 95754, 100038, 101556, 101747, 101766, 101787, 102525, 102527, 106396, 106617, 106633, 106757, 106760, 109236, 110965, 113124, 114073, 117126, 117130, 117137, 117298, 124701, 124849, 125409, 125411, 125551, 125556, 126221, 126673, 127010, 127700, 129809, 129855, 133550, 134338, 134778, 135348, 136166, 136429, 137004, 137901, 140767, 142847, 143600, 155806, 155812]
23,17,[4944, 6316, 7940, 11224, 13163, 14547, 16179, 19442, 20323, 22526, 23297, 23972, 26845, 30056, 30081, 30098, 30600]
24,22,[74, 1610, 5945, 6111, 6975, 7161, 9604, 20317, 25062, 27443, 27884, 29053, 34605, 35501, 36294, 36974, 37580, 41154, 44005, 44260, 44293, 44578]
25,14,[9081, 11685, 26639, 38262, 40707, 40784, 42512, 103734, 112788, 112797, 112818, 119389, 134720, 160309]
26,44,[2715, 3753, 4415, 4531, 5406, 5566, 6323, 7820, 9497, 9717, 10223, 10491, 12064, 14210, 14504, 17038, 21291, 21921, 23718, 26766, 27005, 27517, 28048, 28920, 33123, 33754, 33758, 34401, 34455, 35395, 37381, 37945, 40596, 43564, 48213, 48322, 50240, 51047, 53812, 56656, 61959, 62865, 65372, 66488]
27,41,[3219, 6880, 19655, 24546, 24881, 26175, 27118, 33038, 33563, 37682, 37987, 39544, 45193, 49822, 50089, 51323, 56923, 57062, 58127, 58354, 59722, 68188, 69289, 69959, 73389, 76462, 76542, 78792, 79189, 81916, 85479, 86378, 89043, 89231, 90888, 91469, 92437, 93937, 95261, 98266, 108224]
28,6,[8279, 8315, 8336, 8399, 10111, 11656]
30,260,[7022, 7640, 13822, 21481, 24667, 24780, 25078, 27030, 36237, 41545, 41684, 42254, 45091, 59283, 69506, 69520, 71729, 75618, 75628, 76297, 83564, 83578, 83662, 83676, 83761, 83775, 83858, 83872, 83957, 83971, 84052, 84066, 84150, 84164, 84246, 84260, 84344, 84358, 84442, 84456, 84540, 84554, 84638, 84652, 84753, 94978, 96416, 109581, 109610, 110846, 110894, 112766, 118853, 127968, 128296, 148385, 155642, 160108, 160469, 162447, 174069, 180024, 186763, 190045, 191188, 198079, 220922, 221357, 221388, 222185, 222279, 223464, 224417, 225957, 226883, 230083, 245140, 250649, 250711, 251331, 255546, 268246, 288797, 293442, 294468, 298627, 299045, 300153, 300281, 301172, 303142, 303687, 303697, 307125, 308465, 310964, 312568, 313648, 315962, 316427, 317300, 321279, 324515, 325793, 326890, 327414, 327560, 328391, 328560, 330647, 330806, 334618, 334732, 337383, 337525, 339298, 341186, 343792, 343934, 350778, 354666, 354849, 355852, 356712, 356728, 357965, 359771, 360305, 360459, 363160, 363252, 363342, 363687, 363700, 363711, 365410, 368051, 368804, 369744, 371690, 371796, 373180, 374265, 375973, 386366, 394749, 395030, 395368, 395418, 395598, 395793, 395798, 396090, 396126, 405812, 409099, 409328, 410534, 410546, 414541, 421472, 421485, 427189, 428799, 430298, 433290, 433296, 434183, 434188, 434356, 434549, 435076, 438939, 440463, 447023, 449337, 449552, 453026, 454838, 456608, 464243, 468587, 469530, 476698, 477173, 478055, 483229, 484317, 485544, 486865, 491751, 498964, 498974, 504172, 504700, 505596, 510620, 510664, 510681, 517787, 517950, 519692, 520109, 520927, 520945, 527270, 528814, 530908, 531966, 532991, 538319, 538329, 538345, 538353, 538413, 542137, 549130, 553861, 559996, 560719, 562751, 563900, 564995, 565269, 567797, 567832, 567892, 568463, 569077, 570638, 572136, 573005, 577788, 584811, 585556, 590896, 592959, 608878, 609541, 609613, 610225, 616386, 619150, 619351, 621167, 624146, 624280, 625129, 627564, 628261, 630234, 630316, 632904, 632951, 633230, 637461, 637726, 638059, 638091, 640200]
