10,25,[92601, 127901, 248290, 303450, 313575, 315618, 321931, 331338, 333238, 333550, 438724, 440566, 549333, 589460, 589704, 591358, 595857, 595908, 604862, 606039, 606282, 606916, 607126, 610213, 610550]
17,33,[4692, 7108, 9756, 12042, 12078, 15371, 20189, 20222, 21441, 22092, 22956, 30612, 162650, 180007, 180107, 180250, 180304, 180313, 180367, 184156, 184237, 188435, 188486, 188886, 188905, 200607, 200641, 200650, 200690, 200724, 200732, 206585, 211887]
20,1,[12923]
23,1,[22828]
26,1,[13510]
27,2,[13563, 69895]
30,25,[92494, 127790, 248137, 303292, 313416, 315459, 321772, 331179, 333079, 333391, 438554, 440396, 549155, 589275, 589519, 591173, 595666, 595717, 604660, 605832, 606075, 606709, 606919, 609996, 610333]
10,25,[92601, 127901, 248290, 303450, 313575, 315618, 321931, 331338, 333238, 333550, 438724, 440566, 549333, 589460, 589704, 591358, 595857, 595908, 604862, 606039, 606282, 606916, 607126, 610213, 610550]
17,33,[4692, 7108, 9756, 12042, 12078, 15371, 20189, 20222, 21441, 22092, 22956, 30612, 162650, 180007, 180107, 180250, 180304, 180313, 180367, 184156, 184237, 188435, 188486, 188886, 188905, 200607, 200641, 200650, 200690, 200724, 200732, 206585, 211887]
20,1,[12923]
23,1,[22828]
26,1,[13510]
27,2,[13563, 69895]
30,25,[92494, 127790, 248137, 303292, 313416, 315459, 321772, 331179, 333079, 333391, 438554, 440396, 549155, 589275, 589519, 591173, 595666, 595717, 604660, 605832, 606075, 606709, 606919, 609996, 610333]
