11,3,[10704, 15390, 15400]
12,6,[1669, 4400, 5088, 5408, 6929, 8124]
14,2,[72004, 72056]
15,6,[37558, 53705, 67572, 67583, 121269, 152201]
16,6,[4279, 4884, 6136, 6666, 24465, 35745]
21,1,[1953]
22,11,[57707, 132934, 132936, 132951, 133834, 134134, 134273, 136204, 136518, 136562, 136575]
24,1,[33492]
25,1,[68636]
27,6,[26135, 30430, 30434, 55161, 72968, 101450]
11,3,[10704, 15390, 15400]
12,6,[1669, 4400, 5088, 5408, 6929, 8124]
14,2,[72004, 72056]
15,6,[37558, 53705, 67572, 67583, 121269, 152201]
16,6,[4279, 4884, 6136, 6666, 24465, 35745]
21,1,[1953]
22,11,[57707, 132934, 132936, 132951, 133834, 134134, 134273, 136204, 136518, 136562, 136575]
24,1,[33492]
25,1,[68636]
27,6,[26135, 30430, 30434, 55161, 72968, 101450]
