10,30,[7749, 10084, 36761, 36803, 43850, 107974, 207072, 313122, 350967, 355022, 376572, 384787, 399293, 443081, 443123, 443166, 464107, 464219, 464344, 464382, 464437, 464468, 464494, 464504, 464537, 464608, 504237, 504383, 631718, 634918]
15,3,[69912, 129195, 129594]
17,5,[18467, 65282, 65508, 189214, 197710]
20,2,[405, 10476]
22,13,[49995, 50315, 50673, 50674, 50689, 50715, 50717, 50721, 50727, 50730, 103639, 132696, 147487]
26,2,[769, 11033]
27,1,[19315]
30,30,[7655, 9990, 36663, 36705, 43752, 107863, 206930, 312963, 350808, 354863, 376409, 384624, 399127, 442911, 442953, 442996, 463936, 464048, 464173, 464211, 464266, 464297, 464323, 464333, 464366, 464437, 504068, 504214, 631443, 634643]
10,30,[7749, 10084, 36761, 36803, 43850, 107974, 207072, 313122, 350967, 355022, 376572, 384787, 399293, 443081, 443123, 443166, 464107, 464219, 464344, 464382, 464437, 464468, 464494, 464504, 464537, 464608, 504237, 504383, 631718, 634918]
15,3,[69912, 129195, 129594]
17,5,[18467, 65282, 65508, 189214, 197710]
20,2,[405, 10476]
22,13,[49995, 50315, 50673, 50674, 50689, 50715, 50717, 50721, 50727, 50730, 103639, 132696, 147487]
26,2,[769, 11033]
27,1,[19315]
30,30,[7655, 9990, 36663, 36705, 43752, 107863, 206930, 312963, 350808, 354863, 376409, 384624, 399127, 442911, 442953, 442996, 463936, 464048, 464173, 464211, 464266, 464297, 464323, 464333, 464366, 464437, 504068, 504214, 631443, 634643]
