10,4,[115659, 328458, 391720, 421398]
15,9,[20350, 32583, 75629, 85037, 86103, 103213, 103689, 115169, 150561]
18,22,[570, 1332, 17322, 19222, 26942, 31139, 32643, 33803, 33931, 36442, 54085, 55839, 57527, 61006, 61348, 85268, 101153, 112185, 130324, 134963, 139009, 145016]
21,2,[4632, 17922]
22,9,[29757, 29767, 89068, 91960, 99782, 107337, 122024, 122034, 152948]
30,4,[115548, 328299, 391557, 421232]
10,4,[115659, 328458, 391720, 421398]
15,9,[20350, 32583, 75629, 85037, 86103, 103213, 103689, 115169, 150561]
18,22,[570, 1332, 17322, 19222, 26942, 31139, 32643, 33803, 33931, 36442, 54085, 55839, 57527, 61006, 61348, 85268, 101153, 112185, 130324, 134963, 139009, 145016]
21,2,[4632, 17922]
22,9,[29757, 29767, 89068, 91960, 99782, 107337, 122024, 122034, 152948]
30,4,[115548, 328299, 391557, 421232]
