10,70,[16055, 76865, 303472, 373998, 377426, 382009, 386352, 386361, 386447, 386531, 386579, 389542, 390868, 390914, 390928, 392465, 394728, 396258, 397100, 399197, 404764, 404976, 406229, 407396, 411007, 412871, 413047, 413343, 415316, 419390, 419400, 420020, 428095, 429559, 432426, 432446, 432490, 432870, 433089, 434058, 434335, 436447, 436458, 437207, 438428, 438530, 440673, 440943, 441064, 441230, 441555, 441590, 442341, 443135, 443181, 444727, 444847, 445523, 448511, 452413, 452669, 454353, 464264, 464415, 468360, 469283, 471371, 484239, 485185, 491848]
11,3,[4321, 4365, 12913]
12,2,[9137, 16836]
15,9,[38988, 56206, 63861, 67574, 67577, 109093, 110197, 120692, 152045]
16,2,[6444, 27251]
17,9,[27379, 27388, 27470, 27553, 27599, 137676, 137726, 137751, 185311]
18,2,[52239, 147301]
19,2,[2626, 19816]
20,6,[1131, 1476, 5290, 9437, 27738, 51121]
21,3,[22491, 32176, 33079]
22,17,[23497, 23553, 23709, 72693, 82750, 128423, 128709, 128904, 143603, 143863, 146511, 146516, 146824, 146905, 146973, 147058, 159232]
23,3,[1985, 11560, 14929]
26,9,[1495, 1851, 5806, 9990, 11356, 28567, 30517, 32932, 52178]
27,4,[252, 6883, 53733, 55654]
30,70,[15961, 76762, 303314, 373835, 377263, 381846, 386189, 386198, 386284, 386368, 386416, 389379, 390705, 390751, 390765, 392302, 394562, 396092, 396934, 399031, 404598, 404810, 406063, 407230, 410841, 412705, 412881, 413177, 415150, 419224, 419234, 419854, 427928, 429392, 432256, 432276, 432320, 432700, 432919, 433888, 434165, 436277, 436288, 437037, 438258, 438360, 440503, 440773, 440894, 441060, 441385, 441420, 442171, 442965, 443011, 444557, 444677, 445353, 448341, 452243, 452499, 454183, 464093, 464244, 468189, 469112, 471200, 484074, 485021, 491688]
10,70,[16055, 76865, 303472, 373998, 377426, 382009, 386352, 386361, 386447, 386531, 386579, 389542, 390868, 390914, 390928, 392465, 394728, 396258, 397100, 399197, 404764, 404976, 406229, 407396, 411007, 412871, 413047, 413343, 415316, 419390, 419400, 420020, 428095, 429559, 432426, 432446, 432490, 432870, 433089, 434058, 434335, 436447, 436458, 437207, 438428, 438530, 440673, 440943, 441064, 441230, 441555, 441590, 442341, 443135, 443181, 444727, 444847, 445523, 448511, 452413, 452669, 454353, 464264, 464415, 468360, 469283, 471371, 484239, 485185, 491848]
11,3,[4321, 4365, 12913]
12,2,[9137, 16836]
15,9,[38988, 56206, 63861, 67574, 67577, 109093, 110197, 120692, 152045]
16,2,[6444, 27251]
17,9,[27379, 27388, 27470, 27553, 27599, 137676, 137726, 137751, 185311]
18,2,[52239, 147301]
19,2,[2626, 19816]
20,6,[1131, 1476, 5290, 9437, 27738, 51121]
21,3,[22491, 32176, 33079]
22,17,[23497, 23553, 23709, 72693, 82750, 128423, 128709, 128904, 143603, 143863, 146511, 146516, 146824, 146905, 146973, 147058, 159232]
23,3,[1985, 11560, 14929]
26,9,[1495, 1851, 5806, 9990, 11356, 28567, 30517, 32932, 52178]
27,4,[252, 6883, 53733, 55654]
30,70,[15961, 76762, 303314, 373835, 377263, 381846, 386189, 386198, 386284, 386368, 386416, 389379, 390705, 390751, 390765, 392302, 394562, 396092, 396934, 399031, 404598, 404810, 406063, 407230, 410841, 412705, 412881, 413177, 415150, 419224, 419234, 419854, 427928, 429392, 432256, 432276, 432320, 432700, 432919, 433888, 434165, 436277, 436288, 437037, 438258, 438360, 440503, 440773, 440894, 441060, 441385, 441420, 442171, 442965, 443011, 444557, 444677, 445353, 448341, 452243, 452499, 454183, 464093, 464244, 468189, 469112, 471200, 484074, 485021, 491688]
