12,2,[1340, 2808]
15,6,[9593, 29124, 63323, 85811, 86093, 122877]
18,17,[6603, 12799, 19701, 58381, 58389, 58422, 58510, 60434, 68066, 73331, 79747, 82434, 91966, 113203, 137901, 140267, 141396]
22,26,[13, 714, 737, 739, 58378, 58410, 58743, 58745, 58747, 58749, 58751, 65205, 65207, 65209, 65211, 65213, 72031, 72156, 72532, 72535, 72861, 73222, 76772, 79188, 108814, 134390]
24,4,[13502, 22209, 34054, 41617]
27,5,[27411, 55731, 63866, 69650, 105209]
12,2,[1340, 2808]
15,6,[9593, 29124, 63323, 85811, 86093, 122877]
18,17,[6603, 12799, 19701, 58381, 58389, 58422, 58510, 60434, 68066, 73331, 79747, 82434, 91966, 113203, 137901, 140267, 141396]
22,26,[13, 714, 737, 739, 58378, 58410, 58743, 58745, 58747, 58749, 58751, 65205, 65207, 65209, 65211, 65213, 72031, 72156, 72532, 72535, 72861, 73222, 76772, 79188, 108814, 134390]
24,4,[13502, 22209, 34054, 41617]
27,5,[27411, 55731, 63866, 69650, 105209]
