10,5,[585169, 598654, 598668, 615444, 615741]
15,2,[55894, 159256]
17,9,[52729, 68593, 85408, 93506, 122827, 123856, 188828, 189623, 196523]
18,1,[60828]
22,2,[14787, 140534]
26,3,[18140, 27511, 57972]
27,1,[93733]
30,5,[584984, 598463, 598477, 615210, 615502]
10,5,[585169, 598654, 598668, 615444, 615741]
15,2,[55894, 159256]
17,9,[52729, 68593, 85408, 93506, 122827, 123856, 188828, 189623, 196523]
18,1,[60828]
22,2,[14787, 140534]
26,3,[18140, 27511, 57972]
27,1,[93733]
30,5,[584984, 598463, 598477, 615210, 615502]
