10,1,[281252]
18,13,[31492, 45927, 46418, 49769, 49778, 49973, 56531, 56669, 66125, 67296, 112195, 147346, 148569]
20,3,[3460, 38379, 57874]
22,7,[66373, 78418, 115957, 115973, 149981, 150540, 150961]
23,1,[9158]
26,3,[3945, 39322, 59054]
30,1,[281097]
10,1,[281252]
18,13,[31492, 45927, 46418, 49769, 49778, 49973, 56531, 56669, 66125, 67296, 112195, 147346, 148569]
20,3,[3460, 38379, 57874]
22,7,[66373, 78418, 115957, 115973, 149981, 150540, 150961]
23,1,[9158]
26,3,[3945, 39322, 59054]
30,1,[281097]
