10,1,[620732]
14,2,[141945, 163934]
15,1,[19218]
18,19,[2886, 27789, 36189, 37980, 38178, 38180, 48574, 50999, 61604, 65984, 69559, 70018, 72013, 75536, 89163, 90434, 140888, 140967, 145001]
25,3,[135983, 157098, 157155]
26,7,[6915, 27787, 31795, 38538, 44656, 58691, 65987]
27,1,[43092]
30,1,[620480]
10,1,[620732]
14,2,[141945, 163934]
15,1,[19218]
18,19,[2886, 27789, 36189, 37980, 38178, 38180, 48574, 50999, 61604, 65984, 69559, 70018, 72013, 75536, 89163, 90434, 140888, 140967, 145001]
25,3,[135983, 157098, 157155]
26,7,[6915, 27787, 31795, 38538, 44656, 58691, 65987]
27,1,[43092]
30,1,[620480]
