14,5,[6350, 8217, 29194, 77319, 169688]
15,1,[98806]
18,10,[12485, 33241, 59594, 59937, 69140, 70755, 73677, 77129, 103475, 108702]
21,2,[1748, 4319]
22,5,[38673, 89110, 96360, 96361, 123686]
25,6,[6638, 8450, 28252, 45888, 141568, 162750]
27,2,[63867, 109556]
14,5,[6350, 8217, 29194, 77319, 169688]
15,1,[98806]
18,10,[12485, 33241, 59594, 59937, 69140, 70755, 73677, 77129, 103475, 108702]
21,2,[1748, 4319]
22,5,[38673, 89110, 96360, 96361, 123686]
25,6,[6638, 8450, 28252, 45888, 141568, 162750]
27,2,[63867, 109556]
