12,1,[5581]
14,3,[97247, 197900, 197960]
15,19,[11116, 28508, 34276, 39192, 50007, 51250, 56282, 67708, 77174, 77187, 81710, 86467, 86679, 87167, 108491, 115051, 121649, 128214, 140619]
16,4,[5854, 7804, 11191, 30613]
22,25,[3886, 3887, 4958, 5187, 7574, 7692, 7693, 7964, 27917, 37741, 37742, 68067, 69122, 86994, 105014, 114704, 119299, 120032, 122702, 141493, 143436, 149990, 149995, 150318, 154136]
23,1,[10592]
24,1,[1245]
25,3,[93137, 200237, 200297]
27,11,[15220, 37060, 44417, 44418, 44464, 50146, 50233, 50246, 57794, 68682, 68683]
12,1,[5581]
14,3,[97247, 197900, 197960]
15,19,[11116, 28508, 34276, 39192, 50007, 51250, 56282, 67708, 77174, 77187, 81710, 86467, 86679, 87167, 108491, 115051, 121649, 128214, 140619]
16,4,[5854, 7804, 11191, 30613]
22,25,[3886, 3887, 4958, 5187, 7574, 7692, 7693, 7964, 27917, 37741, 37742, 68067, 69122, 86994, 105014, 114704, 119299, 120032, 122702, 141493, 143436, 149990, 149995, 150318, 154136]
23,1,[10592]
24,1,[1245]
25,3,[93137, 200237, 200297]
27,11,[15220, 37060, 44417, 44418, 44464, 50146, 50233, 50246, 57794, 68682, 68683]
