10,13,[150264, 319618, 338216, 339987, 346646, 397205, 397260, 399391, 403049, 407105, 414322, 414981, 420007]
11,1,[3856]
12,1,[10419]
15,9,[24542, 55593, 57204, 65064, 76130, 104312, 106944, 106956, 109213]
16,1,[5090]
18,17,[10029, 11464, 16599, 24856, 43559, 51847, 52877, 54059, 79138, 100015, 100769, 101548, 108024, 115605, 120655, 120918, 138622]
22,5,[85864, 85869, 91617, 127335, 139191]
23,1,[18983]
26,3,[14685, 59193, 61442]
27,7,[4010, 17466, 35631, 36377, 74351, 87259, 100573]
30,13,[150151, 319459, 338057, 339828, 346487, 397039, 397094, 399225, 402883, 406939, 414156, 414815, 419841]
10,13,[150264, 319618, 338216, 339987, 346646, 397205, 397260, 399391, 403049, 407105, 414322, 414981, 420007]
11,1,[3856]
12,1,[10419]
15,9,[24542, 55593, 57204, 65064, 76130, 104312, 106944, 106956, 109213]
16,1,[5090]
18,17,[10029, 11464, 16599, 24856, 43559, 51847, 52877, 54059, 79138, 100015, 100769, 101548, 108024, 115605, 120655, 120918, 138622]
22,5,[85864, 85869, 91617, 127335, 139191]
23,1,[18983]
26,3,[14685, 59193, 61442]
27,7,[4010, 17466, 35631, 36377, 74351, 87259, 100573]
30,13,[150151, 319459, 338057, 339828, 346487, 397039, 397094, 399225, 402883, 406939, 414156, 414815, 419841]
