14,42,[1566, 1570, 15013, 17689, 19634, 25807, 26450, 31798, 35083, 54459, 56240, 62335, 63116, 69228, 70676, 80408, 84185, 110815, 111463, 112892, 117780, 121565, 122121, 122135, 123010, 124962, 128514, 131367, 144463, 144505, 144515, 148189, 151444, 159586, 159596, 167421, 177553, 178205, 179066, 188648, 192423, 192883]
15,2,[25406, 122306]
18,2,[30984, 52510]
22,6,[90698, 120572, 121422, 122118, 124684, 125826]
24,1,[22067]
25,47,[1782, 1786, 14960, 17405, 25062, 25650, 30710, 33775, 52285, 53941, 54556, 59921, 60653, 66017, 76753, 80481, 106339, 106922, 112718, 116539, 117022, 117036, 117882, 119750, 120536, 123064, 125715, 138493, 138535, 138545, 142140, 145138, 152713, 152723, 157455, 160532, 170314, 170892, 180899, 184404, 191622, 193460, 194348, 196553, 196556, 196820, 196841]
14,42,[1566, 1570, 15013, 17689, 19634, 25807, 26450, 31798, 35083, 54459, 56240, 62335, 63116, 69228, 70676, 80408, 84185, 110815, 111463, 112892, 117780, 121565, 122121, 122135, 123010, 124962, 128514, 131367, 144463, 144505, 144515, 148189, 151444, 159586, 159596, 167421, 177553, 178205, 179066, 188648, 192423, 192883]
15,2,[25406, 122306]
18,2,[30984, 52510]
22,6,[90698, 120572, 121422, 122118, 124684, 125826]
24,1,[22067]
25,47,[1782, 1786, 14960, 17405, 25062, 25650, 30710, 33775, 52285, 53941, 54556, 59921, 60653, 66017, 76753, 80481, 106339, 106922, 112718, 116539, 117022, 117036, 117882, 119750, 120536, 123064, 125715, 138493, 138535, 138545, 142140, 145138, 152713, 152723, 157455, 160532, 170314, 170892, 180899, 184404, 191622, 193460, 194348, 196553, 196556, 196820, 196841]
