14,18,[10401, 23111, 36324, 37370, 41387, 62694, 96152, 120979, 153386, 169792, 169797, 190103, 190981, 192946, 192951, 192968, 193914, 193919]
15,4,[6330, 34446, 63515, 126828]
18,17,[22983, 48506, 49024, 52074, 53136, 53199, 59321, 60980, 61031, 61487, 61495, 63192, 66433, 67421, 68410, 77075, 77319]
22,10,[13867, 14309, 14347, 15561, 15566, 24595, 58056, 63766, 68366, 73072]
25,16,[10594, 22578, 34970, 36001, 39794, 60261, 92105, 115891, 146914, 162860, 162865, 184810, 184815, 184832, 185763, 185768]
14,18,[10401, 23111, 36324, 37370, 41387, 62694, 96152, 120979, 153386, 169792, 169797, 190103, 190981, 192946, 192951, 192968, 193914, 193919]
15,4,[6330, 34446, 63515, 126828]
18,17,[22983, 48506, 49024, 52074, 53136, 53199, 59321, 60980, 61031, 61487, 61495, 63192, 66433, 67421, 68410, 77075, 77319]
22,10,[13867, 14309, 14347, 15561, 15566, 24595, 58056, 63766, 68366, 73072]
25,16,[10594, 22578, 34970, 36001, 39794, 60261, 92105, 115891, 146914, 162860, 162865, 184810, 184815, 184832, 185763, 185768]
