15,7,[18057, 18301, 18480, 57419, 59923, 103519, 161048]
16,1,[24382]
17,1,[145339]
18,3,[5105, 10017, 101036]
22,9,[59377, 60088, 85983, 87663, 93174, 127896, 139373, 139374, 144199]
27,10,[2102, 10860, 25850, 37210, 69346, 78271, 83744, 83888, 84606, 87999]
15,7,[18057, 18301, 18480, 57419, 59923, 103519, 161048]
16,1,[24382]
17,1,[145339]
18,3,[5105, 10017, 101036]
22,9,[59377, 60088, 85983, 87663, 93174, 127896, 139373, 139374, 144199]
27,10,[2102, 10860, 25850, 37210, 69346, 78271, 83744, 83888, 84606, 87999]
