10,278,[7729, 9807, 27737, 44087, 49667, 49828, 53711, 53725, 53776, 60789, 61244, 62352, 64650, 70714, 71131, 71358, 72362, 72422, 73406, 77097, 77117, 77120, 77167, 77215, 82343, 82765, 82772, 89025, 89035, 89051, 90227, 91850, 91863, 92491, 96078, 100659, 108874, 117970, 126583, 142247, 142365, 163654, 163677, 171332, 174862, 175051, 178703, 186475, 190788, 191438, 195212, 197543, 198906, 250430, 265390, 285206, 298262, 298643, 299140, 299146, 299419, 300192, 300300, 300503, 300588, 301563, 301694, 301840, 303542, 303792, 304285, 306589, 306677, 306881, 306942, 307433, 307807, 307843, 308013, 308150, 308539, 308682, 308712, 311695, 311911, 311974, 312136, 313296, 314150, 315882, 316427, 316985, 317234, 317274, 317289, 318435, 318443, 318575, 318597, 319372, 319567, 319996, 321539, 322110, 322149, 322491, 322537, 322719, 323102, 323553, 324398, 324983, 326058, 326061, 328723, 330449, 331616, 332455, 332483, 332688, 332845, 332876, 332915, 335662, 336158, 336772, 337119, 338829, 340227, 341157, 341188, 343381, 343473, 348534, 350595, 351972, 352556, 352846, 357869, 363171, 363371, 365182, 365654, 368754, 369455, 372103, 373930, 374090, 375393, 375735, 376371, 376665, 377392, 380206, 387079, 388660, 389214, 389246, 389287, 389309, 391429, 393234, 393628, 394298, 398189, 400760, 401071, 401370, 402249, 402467, 402477, 403699, 407321, 410779, 410798, 411776, 411918, 412519, 413399, 415207, 415969, 424244, 425068, 428404, 429448, 429801, 429815, 431369, 431396, 431414, 431717, 431736, 431745, 431760, 431780, 432055, 433237, 433311, 433388, 434342, 436793, 436830, 436921, 437003, 438719, 439841, 440049, 440078, 440088, 440125, 440134, 440233, 440300, 440306, 440400, 442480, 442495, 442530, 442639, 447290, 447371, 448028, 450388, 450446, 450471, 450606, 450616, 450659, 450714, 451978, 455093, 458753, 458805, 458822, 468978, 469516, 472862, 473184, 473512, 473566, 474113, 474313, 474350, 474714, 474796, 475227, 475269, 475544, 475674, 475689, 482909, 483441, 484999, 486183, 486424, 486782, 488291, 488499, 490437, 490576, 495240, 495257, 499769, 504231, 510853, 511251, 540502, 564814, 569780, 587082, 587084, 597079, 613234, 616157, 617352, 618111, 624353, 627871]
17,135,[689, 15368, 15534, 15698, 16545, 16867, 17555, 20493, 21004, 21006, 21964, 25659, 32226, 32692, 35801, 37204, 39499, 39609, 39668, 40539, 41169, 45562, 45779, 46413, 52115, 61590, 64307, 66449, 66872, 67590, 68809, 73901, 73983, 73991, 74018, 76425, 77002, 77036, 78133, 78556, 79615, 79620, 79664, 79808, 79989, 84531, 85936, 86034, 91459, 94379, 94411, 95110, 97046, 109299, 109333, 113905, 114048, 114059, 115016, 119033, 121189, 122533, 123256, 124062, 128399, 128484, 129087, 132187, 132603, 138316, 146459, 146603, 146872, 147336, 147460, 148887, 153322, 153597, 153841, 157167, 157237, 157622, 161939, 161985, 162226, 162269, 162525, 162605, 163678, 163790, 163935, 164204, 165169, 165390, 165665, 166351, 166673, 167453, 168260, 168592, 172205, 172221, 172255, 172293, 172884, 172988, 173786, 174542, 179178, 179710, 179714, 179739, 184847, 191181, 191379, 192305, 192391, 192828, 197949, 200660, 200691, 201567, 202642, 206266, 206574, 208528, 208583, 208743, 211200, 212277, 213884, 213892, 215316, 215824, 217586]
22,7,[149931, 154383, 154453, 154619, 154621, 154623, 155037]
23,1,[30101]
27,1,[18413]
30,278,[7635, 9713, 27643, 43989, 49569, 49730, 53612, 53626, 53677, 60686, 61141, 62249, 64547, 70611, 71028, 71255, 72259, 72319, 73303, 76994, 77014, 77017, 77064, 77112, 82236, 82658, 82665, 88918, 88928, 88944, 90120, 91743, 91756, 92384, 95971, 100552, 108763, 117859, 126472, 142135, 142253, 163531, 163554, 171209, 174739, 174928, 178580, 186343, 190656, 191306, 195080, 197411, 198774, 250277, 265234, 285050, 298104, 298485, 298982, 298988, 299261, 300034, 300142, 300345, 300430, 301405, 301536, 301682, 303384, 303634, 304127, 306431, 306519, 306723, 306784, 307275, 307649, 307685, 307855, 307992, 308381, 308524, 308554, 311536, 311752, 311815, 311977, 313137, 313991, 315723, 316268, 316826, 317075, 317115, 317130, 318276, 318284, 318416, 318438, 319213, 319408, 319837, 321380, 321951, 321990, 322332, 322378, 322560, 322943, 323394, 324239, 324824, 325899, 325902, 328564, 330290, 331457, 332296, 332324, 332529, 332686, 332717, 332756, 335503, 335999, 336613, 336960, 338670, 340068, 340998, 341029, 343222, 343314, 348375, 350436, 351813, 352397, 352687, 357709, 363008, 363208, 365019, 365491, 368591, 369292, 371940, 373767, 373927, 375230, 375572, 376208, 376502, 377229, 380043, 386916, 388497, 389051, 389083, 389124, 389146, 391266, 393068, 393462, 394132, 398023, 400594, 400905, 401204, 402083, 402301, 402311, 403533, 407155, 410613, 410632, 411610, 411752, 412353, 413233, 415041, 415803, 424078, 424902, 428237, 429281, 429634, 429648, 431199, 431226, 431244, 431547, 431566, 431575, 431590, 431610, 431885, 433067, 433141, 433218, 434172, 436623, 436660, 436751, 436833, 438549, 439671, 439879, 439908, 439918, 439955, 439964, 440063, 440130, 440136, 440230, 442310, 442325, 442360, 442469, 447120, 447201, 447858, 450218, 450276, 450301, 450436, 450446, 450489, 450544, 451808, 454923, 458583, 458635, 458652, 468807, 469345, 472692, 473014, 473342, 473396, 473943, 474143, 474180, 474544, 474626, 475057, 475099, 475374, 475504, 475519, 482744, 483276, 484834, 486020, 486261, 486619, 488129, 488337, 490277, 490416, 495081, 495098, 499600, 504062, 510684, 511082, 540327, 564634, 569600, 586897, 586899, 596888, 613005, 615918, 617109, 617859, 624099, 627611]
10,278,[7729, 9807, 27737, 44087, 49667, 49828, 53711, 53725, 53776, 60789, 61244, 62352, 64650, 70714, 71131, 71358, 72362, 72422, 73406, 77097, 77117, 77120, 77167, 77215, 82343, 82765, 82772, 89025, 89035, 89051, 90227, 91850, 91863, 92491, 96078, 100659, 108874, 117970, 126583, 142247, 142365, 163654, 163677, 171332, 174862, 175051, 178703, 186475, 190788, 191438, 195212, 197543, 198906, 250430, 265390, 285206, 298262, 298643, 299140, 299146, 299419, 300192, 300300, 300503, 300588, 301563, 301694, 301840, 303542, 303792, 304285, 306589, 306677, 306881, 306942, 307433, 307807, 307843, 308013, 308150, 308539, 308682, 308712, 311695, 311911, 311974, 312136, 313296, 314150, 315882, 316427, 316985, 317234, 317274, 317289, 318435, 318443, 318575, 318597, 319372, 319567, 319996, 321539, 322110, 322149, 322491, 322537, 322719, 323102, 323553, 324398, 324983, 326058, 326061, 328723, 330449, 331616, 332455, 332483, 332688, 332845, 332876, 332915, 335662, 336158, 336772, 337119, 338829, 340227, 341157, 341188, 343381, 343473, 348534, 350595, 351972, 352556, 352846, 357869, 363171, 363371, 365182, 365654, 368754, 369455, 372103, 373930, 374090, 375393, 375735, 376371, 376665, 377392, 380206, 387079, 388660, 389214, 389246, 389287, 389309, 391429, 393234, 393628, 394298, 398189, 400760, 401071, 401370, 402249, 402467, 402477, 403699, 407321, 410779, 410798, 411776, 411918, 412519, 413399, 415207, 415969, 424244, 425068, 428404, 429448, 429801, 429815, 431369, 431396, 431414, 431717, 431736, 431745, 431760, 431780, 432055, 433237, 433311, 433388, 434342, 436793, 436830, 436921, 437003, 438719, 439841, 440049, 440078, 440088, 440125, 440134, 440233, 440300, 440306, 440400, 442480, 442495, 442530, 442639, 447290, 447371, 448028, 450388, 450446, 450471, 450606, 450616, 450659, 450714, 451978, 455093, 458753, 458805, 458822, 468978, 469516, 472862, 473184, 473512, 473566, 474113, 474313, 474350, 474714, 474796, 475227, 475269, 475544, 475674, 475689, 482909, 483441, 484999, 486183, 486424, 486782, 488291, 488499, 490437, 490576, 495240, 495257, 499769, 504231, 510853, 511251, 540502, 564814, 569780, 587082, 587084, 597079, 613234, 616157, 617352, 618111, 624353, 627871]
17,135,[689, 15368, 15534, 15698, 16545, 16867, 17555, 20493, 21004, 21006, 21964, 25659, 32226, 32692, 35801, 37204, 39499, 39609, 39668, 40539, 41169, 45562, 45779, 46413, 52115, 61590, 64307, 66449, 66872, 67590, 68809, 73901, 73983, 73991, 74018, 76425, 77002, 77036, 78133, 78556, 79615, 79620, 79664, 79808, 79989, 84531, 85936, 86034, 91459, 94379, 94411, 95110, 97046, 109299, 109333, 113905, 114048, 114059, 115016, 119033, 121189, 122533, 123256, 124062, 128399, 128484, 129087, 132187, 132603, 138316, 146459, 146603, 146872, 147336, 147460, 148887, 153322, 153597, 153841, 157167, 157237, 157622, 161939, 161985, 162226, 162269, 162525, 162605, 163678, 163790, 163935, 164204, 165169, 165390, 165665, 166351, 166673, 167453, 168260, 168592, 172205, 172221, 172255, 172293, 172884, 172988, 173786, 174542, 179178, 179710, 179714, 179739, 184847, 191181, 191379, 192305, 192391, 192828, 197949, 200660, 200691, 201567, 202642, 206266, 206574, 208528, 208583, 208743, 211200, 212277, 213884, 213892, 215316, 215824, 217586]
22,7,[149931, 154383, 154453, 154619, 154621, 154623, 155037]
23,1,[30101]
27,1,[18413]
30,278,[7635, 9713, 27643, 43989, 49569, 49730, 53612, 53626, 53677, 60686, 61141, 62249, 64547, 70611, 71028, 71255, 72259, 72319, 73303, 76994, 77014, 77017, 77064, 77112, 82236, 82658, 82665, 88918, 88928, 88944, 90120, 91743, 91756, 92384, 95971, 100552, 108763, 117859, 126472, 142135, 142253, 163531, 163554, 171209, 174739, 174928, 178580, 186343, 190656, 191306, 195080, 197411, 198774, 250277, 265234, 285050, 298104, 298485, 298982, 298988, 299261, 300034, 300142, 300345, 300430, 301405, 301536, 301682, 303384, 303634, 304127, 306431, 306519, 306723, 306784, 307275, 307649, 307685, 307855, 307992, 308381, 308524, 308554, 311536, 311752, 311815, 311977, 313137, 313991, 315723, 316268, 316826, 317075, 317115, 317130, 318276, 318284, 318416, 318438, 319213, 319408, 319837, 321380, 321951, 321990, 322332, 322378, 322560, 322943, 323394, 324239, 324824, 325899, 325902, 328564, 330290, 331457, 332296, 332324, 332529, 332686, 332717, 332756, 335503, 335999, 336613, 336960, 338670, 340068, 340998, 341029, 343222, 343314, 348375, 350436, 351813, 352397, 352687, 357709, 363008, 363208, 365019, 365491, 368591, 369292, 371940, 373767, 373927, 375230, 375572, 376208, 376502, 377229, 380043, 386916, 388497, 389051, 389083, 389124, 389146, 391266, 393068, 393462, 394132, 398023, 400594, 400905, 401204, 402083, 402301, 402311, 403533, 407155, 410613, 410632, 411610, 411752, 412353, 413233, 415041, 415803, 424078, 424902, 428237, 429281, 429634, 429648, 431199, 431226, 431244, 431547, 431566, 431575, 431590, 431610, 431885, 433067, 433141, 433218, 434172, 436623, 436660, 436751, 436833, 438549, 439671, 439879, 439908, 439918, 439955, 439964, 440063, 440130, 440136, 440230, 442310, 442325, 442360, 442469, 447120, 447201, 447858, 450218, 450276, 450301, 450436, 450446, 450489, 450544, 451808, 454923, 458583, 458635, 458652, 468807, 469345, 472692, 473014, 473342, 473396, 473943, 474143, 474180, 474544, 474626, 475057, 475099, 475374, 475504, 475519, 482744, 483276, 484834, 486020, 486261, 486619, 488129, 488337, 490277, 490416, 495081, 495098, 499600, 504062, 510684, 511082, 540327, 564634, 569600, 586897, 586899, 596888, 613005, 615918, 617109, 617859, 624099, 627611]
