10,4,[415629, 599829, 630568, 630802]
11,1,[20442]
12,4,[2331, 2542, 13970, 21643]
13,2,[2815, 2828]
15,1,[25767]
16,1,[36577]
22,19,[17399, 55985, 56019, 56021, 56023, 56025, 56027, 56265, 80574, 83568, 83664, 83666, 83668, 83670, 83672, 83751, 83753, 83757, 84108]
23,1,[12926]
24,2,[42800, 43279]
27,1,[66826]
30,4,[415463, 599632, 630302, 630533]
10,4,[415629, 599829, 630568, 630802]
11,1,[20442]
12,4,[2331, 2542, 13970, 21643]
13,2,[2815, 2828]
15,1,[25767]
16,1,[36577]
22,19,[17399, 55985, 56019, 56021, 56023, 56025, 56027, 56265, 80574, 83568, 83664, 83666, 83668, 83670, 83672, 83751, 83753, 83757, 84108]
23,1,[12926]
24,2,[42800, 43279]
27,1,[66826]
30,4,[415463, 599632, 630302, 630533]
