12,4,[6068, 6071, 6214, 6530]
15,3,[2236, 82660, 104168]
16,1,[25765]
19,4,[333, 3870, 16153, 16251]
20,3,[20672, 37166, 61038]
21,3,[31380, 32941, 32973]
22,4,[26845, 48037, 53000, 53272]
23,1,[13995]
24,1,[8656]
26,3,[21400, 38082, 62335]
27,1,[97322]
12,4,[6068, 6071, 6214, 6530]
15,3,[2236, 82660, 104168]
16,1,[25765]
19,4,[333, 3870, 16153, 16251]
20,3,[20672, 37166, 61038]
21,3,[31380, 32941, 32973]
22,4,[26845, 48037, 53000, 53272]
23,1,[13995]
24,1,[8656]
26,3,[21400, 38082, 62335]
27,1,[97322]
