15,17,[14604, 23748, 37632, 72646, 83410, 89629, 93679, 93887, 98305, 98331, 101799, 120299, 129118, 138511, 142372, 155048, 156164]
18,8,[37749, 49646, 68434, 72688, 90404, 97758, 143244, 145182]
21,3,[2854, 3306, 4463]
22,2,[41343, 159078]
27,1,[26116]
15,17,[14604, 23748, 37632, 72646, 83410, 89629, 93679, 93887, 98305, 98331, 101799, 120299, 129118, 138511, 142372, 155048, 156164]
18,8,[37749, 49646, 68434, 72688, 90404, 97758, 143244, 145182]
21,3,[2854, 3306, 4463]
22,2,[41343, 159078]
27,1,[26116]
