14,2,[1230, 169372]
15,31,[24946, 45761, 46054, 54744, 55747, 56176, 58945, 59066, 59255, 61509, 62585, 62744, 62824, 62836, 62867, 63265, 65128, 74839, 86793, 89829, 90899, 93360, 94760, 97735, 110972, 116195, 119538, 120803, 127201, 127204, 156082]
17,4,[41067, 114350, 117438, 120213]
18,66,[4318, 5644, 7113, 7317, 7612, 7943, 8177, 10377, 12401, 20947, 25208, 26815, 26833, 27344, 30452, 31265, 33622, 35104, 35822, 41084, 41120, 49378, 55083, 58972, 59010, 62093, 64511, 64528, 64638, 65305, 67760, 69026, 69996, 76412, 76966, 80444, 81577, 82675, 82817, 82981, 82999, 85004, 87925, 88314, 88566, 94643, 102363, 104905, 105175, 111063, 111066, 113303, 116196, 118589, 120877, 122337, 129304, 129373, 130454, 132921, 134387, 135335, 139078, 142456, 147654, 148758]
21,1,[4359]
23,4,[2009, 2103, 2146, 29286]
25,2,[1447, 162432]
14,2,[1230, 169372]
15,31,[24946, 45761, 46054, 54744, 55747, 56176, 58945, 59066, 59255, 61509, 62585, 62744, 62824, 62836, 62867, 63265, 65128, 74839, 86793, 89829, 90899, 93360, 94760, 97735, 110972, 116195, 119538, 120803, 127201, 127204, 156082]
17,4,[41067, 114350, 117438, 120213]
18,66,[4318, 5644, 7113, 7317, 7612, 7943, 8177, 10377, 12401, 20947, 25208, 26815, 26833, 27344, 30452, 31265, 33622, 35104, 35822, 41084, 41120, 49378, 55083, 58972, 59010, 62093, 64511, 64528, 64638, 65305, 67760, 69026, 69996, 76412, 76966, 80444, 81577, 82675, 82817, 82981, 82999, 85004, 87925, 88314, 88566, 94643, 102363, 104905, 105175, 111063, 111066, 113303, 116196, 118589, 120877, 122337, 129304, 129373, 130454, 132921, 134387, 135335, 139078, 142456, 147654, 148758]
21,1,[4359]
23,4,[2009, 2103, 2146, 29286]
25,2,[1447, 162432]
