10,19,[126697, 228080, 247632, 252677, 256760, 298191, 311361, 346651, 352501, 366559, 380472, 396191, 411522, 504414, 504648, 528119, 577326, 585356, 609751]
17,4,[14771, 22142, 33610, 131571]
18,1,[58148]
20,2,[63604, 65609]
21,1,[4932]
22,1,[67230]
23,1,[11308]
26,2,[64982, 67023]
30,19,[126586, 227930, 247479, 252524, 256604, 298033, 311202, 346492, 352342, 366396, 380309, 396025, 411356, 504245, 504479, 527944, 577146, 585171, 609539]
10,19,[126697, 228080, 247632, 252677, 256760, 298191, 311361, 346651, 352501, 366559, 380472, 396191, 411522, 504414, 504648, 528119, 577326, 585356, 609751]
17,4,[14771, 22142, 33610, 131571]
18,1,[58148]
20,2,[63604, 65609]
21,1,[4932]
22,1,[67230]
23,1,[11308]
26,2,[64982, 67023]
30,19,[126586, 227930, 247479, 252524, 256604, 298033, 311202, 346492, 352342, 366396, 380309, 396025, 411356, 504245, 504479, 527944, 577146, 585171, 609539]
