10,51,[30773, 46922, 79911, 81091, 81460, 81618, 81629, 83410, 100780, 166116, 166119, 173722, 185700, 199247, 199250, 216301, 244449, 246444, 246512, 247504, 248505, 250840, 251564, 254702, 254710, 254715, 257472, 257648, 257986, 259341, 267737, 271812, 271848, 272679, 275397, 291055, 312125, 325504, 330936, 345010, 357226, 376689, 379921, 456341, 467160, 477616, 479574, 487378, 493448, 586958, 586977]
14,5,[104170, 117917, 159023, 168374, 168421]
17,4,[78429, 108630, 109000, 118983]
18,10,[17867, 28721, 46028, 67074, 93967, 110625, 117867, 120259, 128704, 144451]
20,1,[59884]
21,1,[11063]
22,21,[12114, 15123, 26904, 35524, 44295, 52847, 53991, 54042, 54044, 54054, 54118, 55706, 55715, 57512, 57514, 61481, 62086, 120878, 123756, 123975, 158524]
24,1,[19051]
25,7,[100016, 112851, 138599, 138627, 152217, 161467, 161511]
26,1,[61174]
27,1,[109360]
28,1,[11687]
30,51,[30679, 46824, 79804, 80984, 81353, 81511, 81522, 83303, 100673, 165993, 165996, 173599, 185568, 199115, 199118, 216159, 244296, 246291, 246359, 247351, 248352, 250687, 251411, 254549, 254557, 254562, 257316, 257492, 257830, 259185, 267581, 271656, 271692, 272523, 275241, 290899, 311966, 325345, 330777, 344851, 357066, 376526, 379758, 456171, 466989, 477448, 479406, 487215, 493288, 586773, 586792]
10,51,[30773, 46922, 79911, 81091, 81460, 81618, 81629, 83410, 100780, 166116, 166119, 173722, 185700, 199247, 199250, 216301, 244449, 246444, 246512, 247504, 248505, 250840, 251564, 254702, 254710, 254715, 257472, 257648, 257986, 259341, 267737, 271812, 271848, 272679, 275397, 291055, 312125, 325504, 330936, 345010, 357226, 376689, 379921, 456341, 467160, 477616, 479574, 487378, 493448, 586958, 586977]
14,5,[104170, 117917, 159023, 168374, 168421]
17,4,[78429, 108630, 109000, 118983]
18,10,[17867, 28721, 46028, 67074, 93967, 110625, 117867, 120259, 128704, 144451]
20,1,[59884]
21,1,[11063]
22,21,[12114, 15123, 26904, 35524, 44295, 52847, 53991, 54042, 54044, 54054, 54118, 55706, 55715, 57512, 57514, 61481, 62086, 120878, 123756, 123975, 158524]
24,1,[19051]
25,7,[100016, 112851, 138599, 138627, 152217, 161467, 161511]
26,1,[61174]
27,1,[109360]
28,1,[11687]
30,51,[30679, 46824, 79804, 80984, 81353, 81511, 81522, 83303, 100673, 165993, 165996, 173599, 185568, 199115, 199118, 216159, 244296, 246291, 246359, 247351, 248352, 250687, 251411, 254549, 254557, 254562, 257316, 257492, 257830, 259185, 267581, 271656, 271692, 272523, 275241, 290899, 311966, 325345, 330777, 344851, 357066, 376526, 379758, 456171, 466989, 477448, 479406, 487215, 493288, 586773, 586792]
