14,12,[20458, 22898, 41990, 66750, 106423, 108497, 109349, 148883, 162349, 162360, 172489, 189409]
15,3,[122561, 147862, 166551]
18,7,[25290, 46636, 64606, 68772, 75173, 112466, 131393]
22,6,[4239, 9906, 9919, 13923, 31532, 91427]
25,13,[20126, 22402, 40365, 63706, 102070, 104007, 104790, 142779, 155603, 155614, 165653, 167410, 181570]
14,12,[20458, 22898, 41990, 66750, 106423, 108497, 109349, 148883, 162349, 162360, 172489, 189409]
15,3,[122561, 147862, 166551]
18,7,[25290, 46636, 64606, 68772, 75173, 112466, 131393]
22,6,[4239, 9906, 9919, 13923, 31532, 91427]
25,13,[20126, 22402, 40365, 63706, 102070, 104007, 104790, 142779, 155603, 155614, 165653, 167410, 181570]
