11,5,[5117, 10292, 15618, 16727, 16891]
12,1,[3920]
15,8,[2592, 48099, 62488, 64205, 113479, 120671, 136469, 138340]
16,4,[1287, 1398, 16390, 16900]
18,16,[955, 1866, 12047, 13246, 14319, 16495, 20909, 27897, 38090, 81649, 82453, 83713, 86060, 91391, 116650, 119042]
21,2,[2896, 3614]
22,2,[60000, 146178]
23,6,[9857, 10078, 11913, 12034, 12397, 28522]
24,4,[16359, 18713, 21483, 29120]
27,6,[15766, 25286, 44709, 49311, 49475, 81631]
11,5,[5117, 10292, 15618, 16727, 16891]
12,1,[3920]
15,8,[2592, 48099, 62488, 64205, 113479, 120671, 136469, 138340]
16,4,[1287, 1398, 16390, 16900]
18,16,[955, 1866, 12047, 13246, 14319, 16495, 20909, 27897, 38090, 81649, 82453, 83713, 86060, 91391, 116650, 119042]
21,2,[2896, 3614]
22,2,[60000, 146178]
23,6,[9857, 10078, 11913, 12034, 12397, 28522]
24,4,[16359, 18713, 21483, 29120]
27,6,[15766, 25286, 44709, 49311, 49475, 81631]
