9,3,[2065, 2077, 2132]
15,1,[35237]
17,1,[155739]
18,24,[5051, 9641, 16053, 16475, 17415, 17632, 17642, 18720, 21316, 29290, 33510, 33658, 36110, 66292, 66300, 68726, 69547, 70839, 73907, 89306, 99294, 107550, 126465, 133695]
20,4,[11351, 37786, 43712, 51233]
21,1,[3522]
22,10,[6527, 49119, 49167, 49226, 82588, 83367, 83489, 143950, 144458, 144460]
26,4,[11924, 38703, 44671, 52290]
27,2,[33406, 106752]
9,3,[2065, 2077, 2132]
15,1,[35237]
17,1,[155739]
18,24,[5051, 9641, 16053, 16475, 17415, 17632, 17642, 18720, 21316, 29290, 33510, 33658, 36110, 66292, 66300, 68726, 69547, 70839, 73907, 89306, 99294, 107550, 126465, 133695]
20,4,[11351, 37786, 43712, 51233]
21,1,[3522]
22,10,[6527, 49119, 49167, 49226, 82588, 83367, 83489, 143950, 144458, 144460]
26,4,[11924, 38703, 44671, 52290]
27,2,[33406, 106752]
