9,2,[238, 1088]
10,1,[181637]
14,3,[45147, 99894, 134640]
15,1,[140964]
18,14,[5395, 10113, 10736, 11751, 31655, 42007, 44558, 46097, 51010, 71695, 72033, 75144, 81835, 144195]
22,2,[39976, 109037]
25,9,[43321, 81953, 84066, 94324, 94584, 95750, 128871, 174324, 180395]
30,1,[181514]
9,2,[238, 1088]
10,1,[181637]
14,3,[45147, 99894, 134640]
15,1,[140964]
18,14,[5395, 10113, 10736, 11751, 31655, 42007, 44558, 46097, 51010, 71695, 72033, 75144, 81835, 144195]
22,2,[39976, 109037]
25,9,[43321, 81953, 84066, 94324, 94584, 95750, 128871, 174324, 180395]
30,1,[181514]
