14,1,[144474]
15,21,[33762, 39035, 41737, 55126, 56083, 58222, 58794, 65597, 66972, 72215, 76491, 82655, 123092, 128685, 138408, 138641, 138666, 138799, 139585, 141921, 164929]
18,14,[23791, 35380, 36593, 48344, 48772, 80016, 98598, 103773, 106998, 114760, 127125, 134287, 137094, 138770]
20,1,[36438]
21,1,[15144]
22,1,[31206]
25,1,[138504]
26,1,[37344]
27,4,[1555, 1659, 26815, 38859]
14,1,[144474]
15,21,[33762, 39035, 41737, 55126, 56083, 58222, 58794, 65597, 66972, 72215, 76491, 82655, 123092, 128685, 138408, 138641, 138666, 138799, 139585, 141921, 164929]
18,14,[23791, 35380, 36593, 48344, 48772, 80016, 98598, 103773, 106998, 114760, 127125, 134287, 137094, 138770]
20,1,[36438]
21,1,[15144]
22,1,[31206]
25,1,[138504]
26,1,[37344]
27,4,[1555, 1659, 26815, 38859]
