10,3,[166965, 190189, 294707]
11,2,[10186, 10628]
15,5,[18665, 20517, 37120, 46588, 137186]
16,4,[24163, 32187, 32552, 33837]
18,2,[27828, 42534]
19,2,[14484, 24139]
20,1,[63107]
21,4,[18583, 18617, 25875, 27379]
23,2,[18770, 28720]
26,1,[64465]
28,1,[4605]
30,3,[166842, 190057, 294550]
10,3,[166965, 190189, 294707]
11,2,[10186, 10628]
15,5,[18665, 20517, 37120, 46588, 137186]
16,4,[24163, 32187, 32552, 33837]
18,2,[27828, 42534]
19,2,[14484, 24139]
20,1,[63107]
21,4,[18583, 18617, 25875, 27379]
23,2,[18770, 28720]
26,1,[64465]
28,1,[4605]
30,3,[166842, 190057, 294550]
