10,101,[2550, 76677, 101133, 104226, 107025, 107973, 110942, 122265, 123196, 123784, 128115, 131640, 131826, 133520, 139131, 139201, 140408, 141981, 144584, 146313, 146550, 172293, 189582, 189586, 198071, 203799, 207073, 218505, 223365, 250119, 251041, 251330, 251377, 255016, 255019, 255184, 256376, 256565, 264646, 268317, 303088, 303488, 305539, 310283, 310679, 311348, 335253, 336358, 336442, 344944, 354970, 354972, 360409, 367997, 383346, 384635, 390072, 390083, 393104, 396686, 399292, 401749, 401753, 402575, 409551, 409564, 431675, 431681, 443075, 443114, 446433, 446577, 463472, 463476, 463499, 463509, 463648, 463650, 463658, 463681, 463692, 463697, 463709, 463725, 463746, 463806, 465097, 465379, 465911, 466528, 467597, 467935, 477617, 483862, 572641, 614550, 632474, 635081, 636263, 639021, 639668]
14,120,[2914, 4523, 4840, 6475, 7193, 8539, 10456, 12660, 13309, 13661, 14302, 14357, 18834, 22131, 23145, 24096, 24907, 24963, 29349, 30426, 31371, 36381, 37015, 37061, 37450, 38319, 39588, 40334, 43993, 45834, 46153, 46885, 51624, 54488, 58069, 58739, 59147, 60009, 60038, 61915, 65182, 65797, 65864, 68870, 73139, 76699, 80806, 81611, 83599, 87864, 89014, 89343, 96187, 96670, 99620, 101867, 102405, 102459, 103316, 104305, 104620, 104890, 107592, 109639, 111147, 113153, 113576, 113654, 113710, 116219, 119331, 121031, 122538, 125346, 125962, 128110, 128942, 131622, 134586, 137864, 138927, 139622, 139644, 142633, 142962, 143614, 146121, 152525, 153446, 155032, 157311, 158172, 159061, 161417, 162192, 163766, 164674, 165600, 166371, 166709, 167250, 167339, 167365, 167389, 168762, 169829, 171517, 174794, 175353, 175711, 179536, 181005, 184283, 184872, 184915, 188408, 191759, 193044, 194667, 196822]
15,87,[6628, 7909, 12995, 19973, 23075, 29689, 31580, 35601, 36336, 39853, 40687, 48327, 49337, 50843, 52178, 52431, 52456, 52717, 52741, 57255, 68825, 69742, 69810, 73083, 79516, 79992, 83906, 84385, 89188, 89757, 89771, 89777, 89854, 91107, 97553, 99080, 103979, 104012, 104961, 105479, 108381, 109616, 110484, 110757, 112889, 112911, 118354, 126611, 128224, 128913, 129010, 129079, 129094, 131585, 134274, 134352, 140595, 142108, 142344, 144804, 145034, 145965, 147033, 147582, 147955, 148001, 148423, 148457, 148584, 148684, 148765, 148794, 148891, 154524, 156529, 156552, 158110, 158353, 158742, 161172, 161703, 162570, 163487, 167390, 167809, 169372, 172320]
16,14,[8652, 9810, 11328, 11540, 12241, 12506, 19631, 19910, 25757, 28885, 29138, 30043, 32132, 36527]
17,18,[5948, 5974, 6086, 6099, 6251, 6264, 7981, 9225, 12453, 18301, 25449, 35043, 53087, 64208, 64363, 183836, 207945, 207972]
18,1,[17380]
20,10,[6924, 8893, 10414, 15238, 21664, 21924, 28234, 31959, 32050, 59931]
21,1,[28676]
22,44,[7101, 7131, 17785, 21720, 21724, 21867, 34191, 34193, 34226, 43784, 43787, 43789, 43791, 46081, 46644, 50220, 56110, 56248, 71740, 85507, 86137, 86397, 98770, 109719, 110974, 112082, 113834, 114221, 114500, 114643, 115562, 115564, 115566, 115568, 115654, 115681, 115735, 121516, 129726, 129944, 130892, 138046, 158529, 158535]
23,5,[1310, 4582, 17536, 18401, 30700]
24,4,[27187, 27599, 41779, 41844]
25,118,[3312, 4945, 5230, 6739, 7415, 8761, 10646, 12736, 13661, 14316, 14363, 18460, 21662, 22609, 23449, 24222, 24277, 28399, 29446, 30313, 35024, 35658, 35702, 36063, 36908, 38050, 38806, 42194, 44288, 45076, 49525, 52314, 55702, 56422, 56809, 57644, 57671, 59490, 61643, 62654, 62773, 65655, 69636, 73115, 77125, 77962, 79882, 84192, 85340, 85644, 91051, 92137, 92578, 95486, 97710, 98283, 98336, 99241, 100130, 100418, 100684, 103175, 105060, 106642, 108449, 108837, 108951, 109005, 111294, 114285, 115946, 117380, 120056, 120681, 122679, 123464, 125943, 128820, 132016, 132994, 133815, 133837, 136710, 137035, 137669, 140039, 146161, 146971, 148447, 150596, 151446, 152253, 154679, 155452, 156941, 157827, 158740, 159444, 159750, 160326, 160459, 160483, 160501, 161825, 162894, 164719, 167751, 168279, 168612, 172134, 173595, 176756, 177323, 177367, 180676, 183707, 184905, 186493]
26,10,[7444, 9441, 10967, 15871, 22410, 22679, 29071, 32831, 32922, 61221]
27,8,[25776, 28773, 30195, 66856, 69045, 76440, 82984, 103325]
28,2,[5530, 6188]
30,101,[2457, 76574, 101026, 104119, 106914, 107862, 110831, 122154, 123085, 123673, 128004, 131528, 131714, 133408, 139019, 139089, 140296, 141869, 144471, 146200, 146437, 172170, 189450, 189454, 197939, 203657, 206931, 218365, 223215, 249966, 250888, 251177, 251224, 254863, 254866, 255031, 256220, 256409, 264490, 268161, 302930, 303330, 305381, 310125, 310521, 311189, 335094, 336199, 336283, 344785, 354811, 354813, 360249, 367834, 383183, 384472, 389909, 389920, 392938, 396520, 399126, 401583, 401587, 402409, 409385, 409398, 431505, 431511, 442905, 442944, 446263, 446407, 463301, 463305, 463328, 463338, 463477, 463479, 463487, 463510, 463521, 463526, 463538, 463554, 463575, 463635, 464926, 465208, 465740, 466357, 467426, 467764, 477449, 483697, 572461, 614316, 632199, 634806, 635988, 638746, 639393]
10,101,[2550, 76677, 101133, 104226, 107025, 107973, 110942, 122265, 123196, 123784, 128115, 131640, 131826, 133520, 139131, 139201, 140408, 141981, 144584, 146313, 146550, 172293, 189582, 189586, 198071, 203799, 207073, 218505, 223365, 250119, 251041, 251330, 251377, 255016, 255019, 255184, 256376, 256565, 264646, 268317, 303088, 303488, 305539, 310283, 310679, 311348, 335253, 336358, 336442, 344944, 354970, 354972, 360409, 367997, 383346, 384635, 390072, 390083, 393104, 396686, 399292, 401749, 401753, 402575, 409551, 409564, 431675, 431681, 443075, 443114, 446433, 446577, 463472, 463476, 463499, 463509, 463648, 463650, 463658, 463681, 463692, 463697, 463709, 463725, 463746, 463806, 465097, 465379, 465911, 466528, 467597, 467935, 477617, 483862, 572641, 614550, 632474, 635081, 636263, 639021, 639668]
14,120,[2914, 4523, 4840, 6475, 7193, 8539, 10456, 12660, 13309, 13661, 14302, 14357, 18834, 22131, 23145, 24096, 24907, 24963, 29349, 30426, 31371, 36381, 37015, 37061, 37450, 38319, 39588, 40334, 43993, 45834, 46153, 46885, 51624, 54488, 58069, 58739, 59147, 60009, 60038, 61915, 65182, 65797, 65864, 68870, 73139, 76699, 80806, 81611, 83599, 87864, 89014, 89343, 96187, 96670, 99620, 101867, 102405, 102459, 103316, 104305, 104620, 104890, 107592, 109639, 111147, 113153, 113576, 113654, 113710, 116219, 119331, 121031, 122538, 125346, 125962, 128110, 128942, 131622, 134586, 137864, 138927, 139622, 139644, 142633, 142962, 143614, 146121, 152525, 153446, 155032, 157311, 158172, 159061, 161417, 162192, 163766, 164674, 165600, 166371, 166709, 167250, 167339, 167365, 167389, 168762, 169829, 171517, 174794, 175353, 175711, 179536, 181005, 184283, 184872, 184915, 188408, 191759, 193044, 194667, 196822]
15,87,[6628, 7909, 12995, 19973, 23075, 29689, 31580, 35601, 36336, 39853, 40687, 48327, 49337, 50843, 52178, 52431, 52456, 52717, 52741, 57255, 68825, 69742, 69810, 73083, 79516, 79992, 83906, 84385, 89188, 89757, 89771, 89777, 89854, 91107, 97553, 99080, 103979, 104012, 104961, 105479, 108381, 109616, 110484, 110757, 112889, 112911, 118354, 126611, 128224, 128913, 129010, 129079, 129094, 131585, 134274, 134352, 140595, 142108, 142344, 144804, 145034, 145965, 147033, 147582, 147955, 148001, 148423, 148457, 148584, 148684, 148765, 148794, 148891, 154524, 156529, 156552, 158110, 158353, 158742, 161172, 161703, 162570, 163487, 167390, 167809, 169372, 172320]
16,14,[8652, 9810, 11328, 11540, 12241, 12506, 19631, 19910, 25757, 28885, 29138, 30043, 32132, 36527]
17,18,[5948, 5974, 6086, 6099, 6251, 6264, 7981, 9225, 12453, 18301, 25449, 35043, 53087, 64208, 64363, 183836, 207945, 207972]
18,1,[17380]
20,10,[6924, 8893, 10414, 15238, 21664, 21924, 28234, 31959, 32050, 59931]
21,1,[28676]
22,44,[7101, 7131, 17785, 21720, 21724, 21867, 34191, 34193, 34226, 43784, 43787, 43789, 43791, 46081, 46644, 50220, 56110, 56248, 71740, 85507, 86137, 86397, 98770, 109719, 110974, 112082, 113834, 114221, 114500, 114643, 115562, 115564, 115566, 115568, 115654, 115681, 115735, 121516, 129726, 129944, 130892, 138046, 158529, 158535]
23,5,[1310, 4582, 17536, 18401, 30700]
24,4,[27187, 27599, 41779, 41844]
25,118,[3312, 4945, 5230, 6739, 7415, 8761, 10646, 12736, 13661, 14316, 14363, 18460, 21662, 22609, 23449, 24222, 24277, 28399, 29446, 30313, 35024, 35658, 35702, 36063, 36908, 38050, 38806, 42194, 44288, 45076, 49525, 52314, 55702, 56422, 56809, 57644, 57671, 59490, 61643, 62654, 62773, 65655, 69636, 73115, 77125, 77962, 79882, 84192, 85340, 85644, 91051, 92137, 92578, 95486, 97710, 98283, 98336, 99241, 100130, 100418, 100684, 103175, 105060, 106642, 108449, 108837, 108951, 109005, 111294, 114285, 115946, 117380, 120056, 120681, 122679, 123464, 125943, 128820, 132016, 132994, 133815, 133837, 136710, 137035, 137669, 140039, 146161, 146971, 148447, 150596, 151446, 152253, 154679, 155452, 156941, 157827, 158740, 159444, 159750, 160326, 160459, 160483, 160501, 161825, 162894, 164719, 167751, 168279, 168612, 172134, 173595, 176756, 177323, 177367, 180676, 183707, 184905, 186493]
26,10,[7444, 9441, 10967, 15871, 22410, 22679, 29071, 32831, 32922, 61221]
27,8,[25776, 28773, 30195, 66856, 69045, 76440, 82984, 103325]
28,2,[5530, 6188]
30,101,[2457, 76574, 101026, 104119, 106914, 107862, 110831, 122154, 123085, 123673, 128004, 131528, 131714, 133408, 139019, 139089, 140296, 141869, 144471, 146200, 146437, 172170, 189450, 189454, 197939, 203657, 206931, 218365, 223215, 249966, 250888, 251177, 251224, 254863, 254866, 255031, 256220, 256409, 264490, 268161, 302930, 303330, 305381, 310125, 310521, 311189, 335094, 336199, 336283, 344785, 354811, 354813, 360249, 367834, 383183, 384472, 389909, 389920, 392938, 396520, 399126, 401583, 401587, 402409, 409385, 409398, 431505, 431511, 442905, 442944, 446263, 446407, 463301, 463305, 463328, 463338, 463477, 463479, 463487, 463510, 463521, 463526, 463538, 463554, 463575, 463635, 464926, 465208, 465740, 466357, 467426, 467764, 477449, 483697, 572461, 614316, 632199, 634806, 635988, 638746, 639393]
