11,7,[6907, 10605, 14754, 18511, 19895, 19905, 19923]
12,15,[1472, 3271, 7639, 7650, 8709, 9132, 9828, 10086, 13093, 14851, 16381, 17307, 20372, 20417, 21876]
15,1,[26953]
16,15,[1896, 3113, 3916, 4103, 4112, 5441, 6273, 9253, 22382, 22457, 22570, 22955, 23513, 24474, 34199]
22,1,[124554]
24,8,[7851, 13432, 17809, 18402, 20029, 22370, 24129, 28607]
27,21,[6472, 7663, 19184, 20964, 37191, 46363, 47154, 55215, 58005, 66422, 69728, 76888, 78729, 78971, 96742, 96837, 98979, 100464, 101107, 105485, 108867]
28,1,[4936]
11,7,[6907, 10605, 14754, 18511, 19895, 19905, 19923]
12,15,[1472, 3271, 7639, 7650, 8709, 9132, 9828, 10086, 13093, 14851, 16381, 17307, 20372, 20417, 21876]
15,1,[26953]
16,15,[1896, 3113, 3916, 4103, 4112, 5441, 6273, 9253, 22382, 22457, 22570, 22955, 23513, 24474, 34199]
22,1,[124554]
24,8,[7851, 13432, 17809, 18402, 20029, 22370, 24129, 28607]
27,21,[6472, 7663, 19184, 20964, 37191, 46363, 47154, 55215, 58005, 66422, 69728, 76888, 78729, 78971, 96742, 96837, 98979, 100464, 101107, 105485, 108867]
28,1,[4936]
