10,5,[331297, 351988, 481868, 535146, 631134]
15,5,[16298, 16309, 76667, 83373, 137292]
16,1,[21057]
17,1,[201609]
20,4,[6218, 8609, 28260, 51396]
22,4,[23756, 128495, 128723, 146863]
26,4,[6736, 9147, 29097, 52454]
30,5,[331138, 351829, 481702, 534971, 630863]
10,5,[331297, 351988, 481868, 535146, 631134]
15,5,[16298, 16309, 76667, 83373, 137292]
16,1,[21057]
17,1,[201609]
20,4,[6218, 8609, 28260, 51396]
22,4,[23756, 128495, 128723, 146863]
26,4,[6736, 9147, 29097, 52454]
30,5,[331138, 351829, 481702, 534971, 630863]
