10,1,[354948]
14,71,[5777, 7176, 16355, 17253, 18124, 19145, 26014, 28673, 28747, 30399, 33989, 40619, 40658, 41398, 43088, 43129, 43973, 52831, 62698, 70998, 71063, 73113, 73900, 74759, 74808, 77732, 93483, 98782, 99453, 106731, 108873, 109606, 110372, 112378, 114806, 114847, 121741, 130974, 131028, 131587, 134017, 135661, 135795, 141205, 142942, 145388, 147104, 148454, 149085, 150334, 151674, 153417, 155005, 155743, 155745, 163747, 167674, 168735, 170775, 173821, 174768, 177742, 183760, 185265, 186236, 187134, 188889, 191733, 193932, 194642, 195446]
15,1,[9127]
22,8,[45699, 92000, 99929, 114234, 126760, 126764, 126768, 126772]
25,71,[6114, 7400, 16181, 17019, 17787, 18739, 25238, 27758, 27828, 29421, 32783, 39063, 39098, 39804, 41343, 41380, 42176, 50670, 60264, 67714, 67775, 69612, 70345, 71174, 71219, 74108, 89522, 94711, 95343, 102356, 104361, 105029, 105928, 107733, 109964, 110001, 116676, 125340, 125390, 125910, 128272, 129921, 130029, 135331, 137017, 139338, 141070, 142381, 142972, 144119, 145340, 146944, 148422, 149136, 149138, 156924, 160758, 161800, 163796, 166840, 167727, 170470, 176266, 177695, 178617, 179426, 181111, 183683, 185780, 186470, 187228]
30,1,[354789]
10,1,[354948]
14,71,[5777, 7176, 16355, 17253, 18124, 19145, 26014, 28673, 28747, 30399, 33989, 40619, 40658, 41398, 43088, 43129, 43973, 52831, 62698, 70998, 71063, 73113, 73900, 74759, 74808, 77732, 93483, 98782, 99453, 106731, 108873, 109606, 110372, 112378, 114806, 114847, 121741, 130974, 131028, 131587, 134017, 135661, 135795, 141205, 142942, 145388, 147104, 148454, 149085, 150334, 151674, 153417, 155005, 155743, 155745, 163747, 167674, 168735, 170775, 173821, 174768, 177742, 183760, 185265, 186236, 187134, 188889, 191733, 193932, 194642, 195446]
15,1,[9127]
22,8,[45699, 92000, 99929, 114234, 126760, 126764, 126768, 126772]
25,71,[6114, 7400, 16181, 17019, 17787, 18739, 25238, 27758, 27828, 29421, 32783, 39063, 39098, 39804, 41343, 41380, 42176, 50670, 60264, 67714, 67775, 69612, 70345, 71174, 71219, 74108, 89522, 94711, 95343, 102356, 104361, 105029, 105928, 107733, 109964, 110001, 116676, 125340, 125390, 125910, 128272, 129921, 130029, 135331, 137017, 139338, 141070, 142381, 142972, 144119, 145340, 146944, 148422, 149136, 149138, 156924, 160758, 161800, 163796, 166840, 167727, 170470, 176266, 177695, 178617, 179426, 181111, 183683, 185780, 186470, 187228]
30,1,[354789]
