10,2,[473636, 581452]
11,1,[8067]
14,26,[3458, 6974, 7053, 23265, 23558, 23737, 25826, 27650, 56176, 56945, 63126, 69346, 80455, 89467, 104920, 106492, 115120, 118620, 119938, 121561, 147704, 157921, 164398, 178252, 182728, 187466]
15,5,[1080, 88260, 97768, 132266, 144841]
16,5,[14079, 18829, 21767, 31178, 31322]
17,5,[57775, 123331, 148375, 159113, 207586]
18,15,[33753, 33883, 33906, 37618, 39468, 39729, 40921, 41192, 46230, 66413, 66435, 112592, 114091, 115261, 143207]
22,3,[41912, 144527, 144529]
23,3,[16070, 16944, 19579]
24,3,[10671, 13675, 42490]
25,24,[3868, 7180, 7254, 22716, 22979, 23141, 25081, 26768, 53818, 60663, 66192, 85761, 100713, 102139, 110240, 113600, 114880, 116535, 129584, 141692, 151223, 157585, 170941, 175290]
30,2,[473466, 581272]
10,2,[473636, 581452]
11,1,[8067]
14,26,[3458, 6974, 7053, 23265, 23558, 23737, 25826, 27650, 56176, 56945, 63126, 69346, 80455, 89467, 104920, 106492, 115120, 118620, 119938, 121561, 147704, 157921, 164398, 178252, 182728, 187466]
15,5,[1080, 88260, 97768, 132266, 144841]
16,5,[14079, 18829, 21767, 31178, 31322]
17,5,[57775, 123331, 148375, 159113, 207586]
18,15,[33753, 33883, 33906, 37618, 39468, 39729, 40921, 41192, 46230, 66413, 66435, 112592, 114091, 115261, 143207]
22,3,[41912, 144527, 144529]
23,3,[16070, 16944, 19579]
24,3,[10671, 13675, 42490]
25,24,[3868, 7180, 7254, 22716, 22979, 23141, 25081, 26768, 53818, 60663, 66192, 85761, 100713, 102139, 110240, 113600, 114880, 116535, 129584, 141692, 151223, 157585, 170941, 175290]
30,2,[473466, 581272]
