10,5,[41679, 208774, 238559, 260080, 260847]
11,9,[993, 1169, 2299, 2872, 5718, 8799, 12188, 18872, 19799]
12,6,[2101, 2821, 6992, 8957, 10052, 10263]
14,2293,[818, 833, 932, 947, 1709, 1733, 2102, 2719, 2787, 2811, 2957, 2959, 2963, 2968, 2988, 3001, 3574, 3577, 3583, 3635, 3735, 3999, 4001, 4005, 4010, 4015, 4028, 4473, 4476, 4480, 4545, 4608, 4612, 4749, 4881, 4883, 4887, 4892, 4897, 4910, 5443, 5445, 5449, 5493, 5876, 5878, 5882, 5887, 5892, 5905, 6273, 6275, 6279, 6312, 6500, 6502, 6506, 6511, 6516, 6529, 7002, 7004, 7008, 7033, 7235, 7237, 7241, 7246, 7251, 7264, 7565, 7568, 7572, 7633, 7717, 7957, 7959, 7963, 7968, 7973, 7986, 8232, 8234, 8239, 8264, 8317, 9283, 9285, 9289, 9294, 9299, 9312, 9670, 9730, 9733, 9738, 9795, 9860, 10535, 10537, 10541, 10546, 10552, 10565, 11047, 11086, 11089, 11093, 11146, 11466, 11468, 11472, 11477, 11482, 11495, 11817, 11820, 11825, 11859, 11901, 12735, 12737, 12741, 12746, 12751, 12764, 13280, 13283, 13287, 13337, 13726, 13728, 13732, 13737, 13742, 13755, 14281, 14284, 14345, 14660, 14662, 14666, 14671, 14676, 14689, 15068, 15071, 15112, 15185, 15429, 15431, 15435, 15440, 15445, 15458, 15768, 15809, 15811, 15856, 15936, 16411, 16413, 16417, 16422, 16427, 16440, 16940, 16943, 16948, 17006, 17299, 17301, 17305, 17310, 17315, 17328, 17742, 17761, 17764, 17818, 17883, 18184, 18186, 18190, 18195, 18200, 18213, 18808, 18811, 18816, 18871, 19218, 19220, 19224, 19229, 19234, 19247, 19657, 19660, 19664, 19717, 19817, 20004, 20006, 20010, 20015, 20021, 20034, 20421, 20423, 20478, 20780, 20782, 20786, 20791, 20796, 20809, 21154, 21157, 21199, 21264, 21466, 21468, 21472, 21477, 21482, 21495, 21856, 21859, 21907, 22183, 22185, 22189, 22194, 22199, 22212, 22778, 22780, 22784, 22827, 23195, 23197, 23201, 23206, 23211, 23224, 23627, 23645, 23647, 23651, 23706, 24167, 24169, 24173, 24178, 24183, 24196, 24773, 24863, 24879, 24882, 24886, 24943, 25067, 25548, 25550, 25554, 25559, 25564, 25577, 25849, 25851, 25856, 25900, 26082, 26084, 26088, 26093, 26098, 26111, 26475, 26478, 26531, 26844, 26846, 26850, 26855, 26860, 26873, 27535, 27538, 27542, 27622, 27848, 27998, 28000, 28004, 28009, 28014, 28027, 28424, 28426, 28430, 28473, 28765, 28767, 28771, 28776, 28781, 28794, 29263, 29266, 29271, 29324, 29692, 29694, 29698, 29703, 29708, 29721, 30113, 30115, 30120, 30162, 30468, 30470, 30474, 30479, 30484, 30497, 31023, 31026, 31034, 31074, 31413, 31415, 31419, 31424, 31429, 31442, 31874, 31876, 31880, 31928, 32256, 32258, 32262, 32267, 32272, 32285, 32760, 32763, 32767, 32833, 33237, 33239, 33243, 33248, 33253, 33266, 33630, 33711, 33713, 33717, 33763, 34048, 34050, 34054, 34059, 34064, 34077, 34390, 34393, 34397, 34438, 34492, 34682, 34684, 34688, 34693, 34698, 34711, 35162, 35165, 35170, 35557, 35559, 35563, 35568, 35574, 35587, 36054, 36056, 36060, 36102, 36438, 36440, 36444, 36449, 36454, 36467, 36937, 36992, 36994, 36998, 37045, 37524, 37526, 37530, 37535, 37540, 37553, 38245, 38248, 38252, 38309, 38698, 38700, 38704, 38709, 38714, 38727, 38881, 38883, 38887, 38907, 39178, 39180, 39184, 39189, 39194, 39207, 39377, 39379, 39404, 39641, 39643, 39647, 39652, 39658, 39671, 40251, 40253, 40258, 40307, 40671, 40673, 40677, 40682, 40687, 40700, 41088, 41117, 41120, 41124, 41175, 41470, 41472, 41476, 41481, 41486, 41499, 41953, 41956, 41960, 42009, 42323, 42325, 42329, 42334, 42339, 42352, 42718, 42721, 42725, 42761, 43140, 43142, 43146, 43151, 43156, 43169, 43595, 43656, 43658, 43662, 43705, 44032, 44034, 44038, 44043, 44048, 44061, 44578, 44581, 45047, 45049, 45053, 45058, 45063, 45076, 45745, 45761, 45764, 45769, 45823, 46213, 46215, 46219, 46224, 46230, 46243, 46789, 46792, 46796, 46875, 47109, 47260, 47263, 47267, 47272, 47278, 47291, 47769, 47772, 47777, 47835, 48222, 48224, 48228, 48233, 48238, 48251, 48593, 48604, 48606, 48610, 48657, 48740, 48912, 48914, 48918, 48923, 48928, 48941, 49308, 49311, 49315, 49368, 49440, 49602, 49604, 49608, 49613, 49618, 49631, 50266, 50268, 50272, 50316, 50611, 50613, 50617, 50622, 50627, 50640, 51257, 51259, 51263, 51310, 51712, 51714, 51718, 51723, 51729, 51742, 52432, 52435, 52440, 52494, 52904, 52906, 52910, 52915, 52920, 52933, 53709, 53712, 53717, 53765, 53840, 54025, 54027, 54031, 54036, 54041, 54054, 54512, 54514, 54519, 54562, 54883, 54885, 54889, 54894, 54899, 54912, 55450, 55453, 55457, 55501, 55609, 55963, 55965, 55969, 55974, 55979, 55992, 56328, 56330, 56334, 56378, 56616, 56618, 56622, 56627, 56632, 56645, 56978, 56981, 56985, 57035, 57245, 57247, 57251, 57256, 57261, 57274, 57729, 57732, 57736, 57776, 58117, 58119, 58123, 58128, 58134, 58147, 58694, 58697, 58701, 58759, 59198, 59200, 59204, 59209, 59214, 59227, 59942, 59952, 59978, 59981, 59986, 60059, 60468, 60470, 60474, 60479, 60484, 60497, 60854, 60861, 60863, 60867, 60911, 61136, 61138, 61142, 61147, 61152, 61165, 61469, 61471, 61475, 61510, 61570, 61757, 61936, 61938, 61942, 61947, 61952, 61965, 62398, 62400, 62404, 62450, 62750, 62752, 62756, 62761, 62766, 62779, 63174, 63177, 63182, 63233, 63627, 63637, 63641, 63646, 63651, 63664, 63831, 63833, 63837, 63871, 64119, 64121, 64125, 64130, 64135, 64148, 64728, 64731, 64735, 64803, 65087, 65220, 65222, 65226, 65231, 65236, 65249, 65768, 65771, 65775, 65847, 66264, 66266, 66270, 66275, 66280, 66293, 66713, 66715, 66719, 66769, 67093, 67095, 67099, 67104, 67109, 67122, 67434, 67436, 67440, 67485, 67905, 67907, 67911, 67916, 67921, 67934, 68457, 68460, 68465, 68527, 68921, 68923, 68927, 68932, 68937, 68950, 69268, 69270, 69274, 69323, 69551, 69553, 69557, 69562, 69567, 69580, 69991, 70008, 70010, 70015, 70064, 70159, 70327, 70329, 70333, 70338, 70343, 70356, 70766, 70768, 70772, 70811, 71107, 71109, 71113, 71118, 71123, 71136, 71451, 71462, 71465, 71469, 71512, 71714, 71716, 71720, 71725, 71730, 71743, 72330, 72340, 72343, 72347, 72398, 72503, 72712, 72714, 72718, 72723, 72728, 72741, 72949, 72951, 72955, 72994, 73180, 73182, 73186, 73191, 73196, 73209, 73582, 73584, 73588, 73642, 73961, 73963, 73967, 73972, 73977, 73990, 74468, 74470, 74474, 74524, 74816, 74818, 74822, 74827, 74832, 74845, 75393, 75396, 75401, 75447, 75742, 75744, 75748, 75753, 75758, 75771, 76280, 76283, 76287, 76346, 76423, 76738, 76740, 76744, 76749, 76754, 76767, 77361, 77364, 77393, 77395, 77399, 77452, 77541, 77547, 77780, 77782, 77786, 77791, 77796, 77809, 78257, 78259, 78263, 78309, 78379, 79007, 79009, 79013, 79018, 79023, 79036, 79551, 79554, 79559, 79617, 79852, 79974, 79976, 79980, 79985, 79990, 80003, 80475, 80478, 80483, 80528, 80866, 80868, 80872, 80877, 80882, 80895, 81573, 81587, 81590, 81595, 81646, 82468, 82470, 82474, 82479, 82484, 82497, 83013, 83115, 83118, 83122, 83172, 83629, 83631, 83635, 83640, 83645, 83658, 84149, 84208, 84210, 84214, 84266, 84798, 84800, 84804, 84809, 84814, 84827, 85335, 85338, 85343, 85477, 85918, 85920, 85924, 85929, 85934, 85947, 86398, 86423, 86444, 86447, 86451, 86500, 87014, 87034, 87038, 87043, 87048, 87063, 87793, 87807, 87809, 87813, 87885, 88266, 88268, 88272, 88277, 88282, 88295, 88915, 88953, 88956, 88961, 89000, 89378, 89380, 89384, 89389, 89394, 89407, 89910, 89912, 89916, 89972, 90294, 90296, 90300, 90305, 90310, 90323, 90739, 90742, 90746, 90795, 91356, 91358, 91362, 91367, 91372, 91385, 91970, 91973, 91977, 92029, 92657, 92659, 92663, 92668, 92673, 92686, 92966, 92969, 92974, 93011, 93542, 93544, 93548, 93553, 93558, 93571, 94035, 94037, 94042, 94101, 94575, 94577, 94581, 94586, 94591, 94604, 94942, 94986, 94989, 94993, 95057, 95567, 95569, 95573, 95578, 95583, 95596, 95945, 95947, 95951, 95991, 96240, 96242, 96246, 96251, 96256, 96269, 96732, 96734, 96738, 96792, 97106, 97108, 97112, 97117, 97122, 97135, 97625, 97631, 97678, 97680, 97684, 97735, 98079, 98081, 98085, 98090, 98095, 98108, 98522, 98524, 98528, 98567, 98834, 98836, 98840, 98845, 98850, 98863, 99276, 99279, 99284, 99333, 99684, 99686, 99690, 99695, 99700, 99713, 100634, 100637, 100642, 100692, 101093, 101095, 101099, 101104, 101109, 101122, 101566, 101585, 101588, 101593, 101647, 101901, 101903, 101907, 101912, 101917, 101930, 102385, 102387, 102391, 102437, 102527, 102532, 102871, 102873, 102877, 102882, 102887, 102900, 103353, 103356, 103361, 103414, 103709, 103711, 103715, 103720, 103725, 103738, 104052, 104105, 104107, 104112, 104151, 104330, 104332, 104336, 104341, 104346, 104359, 104824, 104827, 104832, 104878, 105157, 105159, 105163, 105168, 105173, 105186, 105524, 105527, 105531, 105621, 105811, 105813, 105817, 105822, 105827, 105840, 106298, 106390, 106392, 106396, 106441, 106784, 106786, 106790, 106795, 106800, 106813, 107227, 107229, 107233, 107280, 107635, 107637, 107641, 107646, 107651, 107664, 108449, 108452, 108457, 108516, 108923, 108925, 108929, 108934, 108939, 108952, 109315, 109317, 109322, 109369, 109685, 109687, 109691, 109696, 109701, 109714, 110083, 110086, 110090, 110140, 110433, 110435, 110439, 110444, 110449, 110462, 110826, 110828, 110832, 110875, 111186, 111188, 111192, 111197, 111202, 111215, 111497, 111499, 111503, 111533, 111797, 111799, 111803, 111808, 111813, 111826, 112154, 112157, 112161, 112193, 112441, 112443, 112447, 112452, 112457, 112470, 112899, 112916, 112918, 112922, 112965, 113199, 113201, 113205, 113210, 113215, 113228, 113632, 113634, 113639, 113695, 114042, 114044, 114048, 114053, 114058, 114071, 114515, 114525, 114527, 114531, 114576, 114867, 114869, 114873, 114878, 114883, 114896, 115150, 115154, 115193, 115439, 115441, 115445, 115450, 115455, 115468, 116156, 116158, 116162, 116204, 116317, 116613, 116615, 116619, 116624, 116629, 116642, 117025, 117028, 117032, 117055, 117456, 117458, 117462, 117467, 117472, 117485, 117841, 117845, 117905, 118085, 118087, 118091, 118096, 118101, 118114, 118515, 118518, 118522, 118587, 118805, 118807, 118811, 118816, 118821, 118834, 119122, 119125, 119129, 119175, 119227, 119372, 119374, 119378, 119383, 119388, 119401, 119842, 119845, 119849, 119902, 120285, 120287, 120291, 120296, 120301, 120314, 120679, 120681, 120685, 120729, 121071, 121073, 121077, 121082, 121087, 121100, 121460, 121462, 121466, 121530, 121802, 121804, 121808, 121813, 121819, 121832, 122148, 122150, 122154, 122188, 122579, 122581, 122585, 122590, 122595, 122608, 123116, 123118, 123123, 123178, 123484, 123486, 123490, 123495, 123500, 123513, 124023, 124042, 124045, 124050, 124108, 124516, 124518, 124522, 124527, 124532, 124545, 125057, 125060, 125064, 125098, 125182, 125387, 125389, 125393, 125398, 125403, 125416, 125737, 125740, 125744, 125780, 125838, 125997, 125999, 126003, 126008, 126013, 126026, 126572, 126575, 126579, 126629, 126966, 126968, 126972, 126977, 126982, 126995, 127695, 127712, 127715, 127719, 127766, 127859, 127861, 128149, 128151, 128155, 128160, 128165, 128178, 128575, 128578, 128582, 128631, 128984, 128986, 128990, 128995, 129000, 129013, 129425, 129427, 129431, 129477, 129869, 129871, 129875, 129880, 129885, 129898, 130242, 130245, 130249, 130305, 130491, 130493, 130497, 130502, 130507, 130520, 130781, 130785, 130830, 131054, 131056, 131060, 131065, 131070, 131083, 131407, 131409, 131413, 131435, 131687, 131689, 131693, 131698, 131703, 131716, 132198, 132201, 132205, 132271, 132709, 132711, 132715, 132720, 132725, 132738, 133032, 133051, 133054, 133059, 133110, 133196, 133405, 133407, 133411, 133416, 133421, 133434, 133806, 133808, 133812, 133834, 134653, 134655, 134659, 134664, 134669, 134682, 135201, 135294, 135306, 135308, 135312, 135355, 135883, 135885, 135889, 135894, 135900, 135913, 136540, 136543, 136548, 136603, 136678, 136994, 136996, 137000, 137005, 137010, 137023, 137422, 137425, 137430, 137482, 137913, 137915, 137919, 137924, 137930, 137943, 138473, 138486, 138573, 138576, 138581, 138640, 138749, 138979, 138981, 138985, 138990, 138995, 139008, 139595, 139598, 139602, 139662, 140088, 140090, 140094, 140099, 140104, 140117, 140795, 140797, 140801, 140853, 141261, 141263, 141267, 141272, 141277, 141290, 141557, 141561, 141592, 141787, 141790, 141794, 141799, 141804, 141817, 142425, 142434, 142547, 142550, 142555, 142621, 142884, 143005, 143007, 143011, 143016, 143021, 143034, 143563, 143566, 143571, 143631, 144084, 144086, 144090, 144095, 144100, 144113, 144525, 144527, 144532, 144572, 144805, 144807, 144811, 144816, 144821, 144834, 145112, 145114, 145118, 145172, 145230, 145436, 145438, 145442, 145447, 145452, 145465, 145782, 145804, 145807, 145811, 145870, 146173, 146175, 146179, 146184, 146189, 146202, 146771, 146774, 146778, 146842, 147069, 147168, 147170, 147174, 147179, 147184, 147197, 147590, 147593, 147597, 147653, 147938, 147940, 147944, 147949, 147955, 147968, 148218, 148220, 148224, 148274, 148493, 148495, 148499, 148504, 148509, 148522, 148851, 148854, 148858, 148899, 148966, 149143, 149145, 149149, 149154, 149159, 149172, 149421, 149482, 149485, 149489, 149545, 149617, 149795, 149797, 149801, 149806, 149811, 149824, 150141, 150143, 150147, 150191, 150384, 150386, 150390, 150395, 150400, 150413, 150684, 150712, 150714, 150718, 150763, 150843, 151019, 151021, 151025, 151030, 151035, 151048, 151475, 151477, 151481, 151529, 151719, 151721, 151725, 151730, 151735, 151748, 152231, 152233, 152237, 152283, 152584, 152613, 152617, 152622, 152627, 152640, 153014, 153016, 153021, 153067, 153141, 153481, 153483, 153487, 153492, 153497, 153510, 153957, 153960, 153965, 154016, 154339, 154341, 154345, 154350, 154355, 154368, 154742, 154745, 154749, 154803, 155066, 155068, 155072, 155077, 155082, 155095, 155476, 155478, 155483, 155530, 155802, 155804, 155808, 155813, 155818, 155831, 156193, 156220, 156243, 156246, 156251, 156309, 156625, 156627, 156631, 156636, 156641, 156654, 157040, 157042, 157046, 157091, 157371, 157373, 157377, 157382, 157387, 157400, 157845, 157847, 157852, 157897, 158233, 158248, 158251, 158254, 158257, 158263, 158266, 158269, 158272, 158275, 158278, 158280, 158284, 158289, 158295, 158308, 158977, 158979, 158983, 159039, 159928, 159930, 159934, 159939, 159944, 159957, 160797, 160818, 160823, 160894, 161021, 161038, 161057, 161461, 161463, 161467, 161472, 161477, 161490, 162138, 162148, 162151, 162156, 162211, 162806, 162808, 162812, 162817, 162823, 162836, 163369, 163371, 163375, 163442, 163811, 163813, 163817, 163822, 163827, 163840, 164291, 164294, 164298, 164356, 164449, 164455, 164460, 164711, 164713, 164717, 164722, 164727, 164740, 165198, 165201, 165206, 165262, 165355, 165657, 165689, 165693, 165698, 165703, 165716, 166019, 166021, 166025, 166030, 166035, 166048, 166428, 166431, 166436, 166485, 166754, 166756, 166760, 166765, 166770, 166783, 167310, 167313, 167318, 167379, 167736, 167738, 167742, 167747, 167752, 167765, 168349, 168352, 168357, 168406, 168803, 168817, 168821, 168826, 168831, 168844, 169453, 169456, 169461, 169513, 169602, 169605, 169875, 169877, 169881, 169886, 169892, 169905, 170400, 170403, 170407, 170466, 170856, 170858, 170862, 170867, 170872, 170885, 171470, 171473, 171477, 171535, 171968, 171970, 171974, 171979, 171984, 171997, 172448, 172451, 172456, 172504, 172766, 172768, 172772, 172777, 172782, 172795, 173036, 173039, 173043, 173070, 173278, 173280, 173284, 173289, 173294, 173307, 173585, 173588, 173592, 173648, 173873, 173875, 173879, 173884, 173889, 173902, 174317, 174357, 174360, 174365, 174420, 174839, 174841, 174845, 174850, 174855, 174868, 175280, 175283, 175287, 175338, 175774, 175776, 175780, 175785, 175790, 175803, 176345, 176348, 176352, 176406, 176761, 176763, 176767, 176772, 176777, 176790, 177058, 177060, 177064, 177098, 177297, 177299, 177303, 177308, 177313, 177326, 177579, 177582, 177586, 177623, 177794, 177796, 177800, 177805, 177810, 177823, 178289, 178292, 178296, 178339, 178703, 178705, 178709, 178714, 178719, 178732, 179126, 179128, 179133, 179177, 179242, 179593, 179595, 179599, 179604, 179609, 179622, 180432, 180477, 180480, 180484, 180535, 181085, 181087, 181091, 181096, 181101, 181114, 181737, 181743, 181776, 181778, 181782, 181838, 182251, 182253, 182257, 182262, 182267, 182280, 182783, 182786, 182791, 182841, 183128, 183130, 183134, 183139, 183144, 183157, 183512, 183515, 183520, 183576, 183820, 184335, 184337, 184341, 184346, 184351, 184364, 184826, 184848, 184851, 184855, 184902, 184997, 185332, 185334, 185338, 185343, 185348, 185361, 185885, 185888, 185893, 185947, 186317, 186319, 186323, 186328, 186333, 186346, 186701, 186703, 186707, 186743, 187192, 187194, 187198, 187203, 187208, 187220, 187514, 187517, 187521, 187554, 187611, 187951, 187965, 187969, 187974, 187979, 187992, 188170, 188173, 188177, 188205, 188456, 188458, 188462, 188467, 188472, 188485, 188674, 188676, 188680, 188734, 188951, 188953, 188957, 188962, 188967, 188980, 189371, 189374, 189378, 189428, 189746, 189748, 189752, 189757, 189770, 189938, 189941, 189953, 189985, 190205, 190207, 190211, 190216, 190221, 190234, 190663, 190666, 190670, 190724, 191070, 191072, 191076, 191081, 191086, 191099, 191403, 191444, 191447, 191451, 191499, 191574, 191815, 191817, 191821, 191826, 191831, 191844, 192536, 192539, 192544, 192601, 192703, 192898, 193095, 193097, 193101, 193106, 193112, 193125, 193614, 193616, 193620, 193672, 193986, 193988, 193992, 193997, 194002, 194015, 194348, 194363, 194365, 194369, 194412, 194712, 194714, 194718, 194723, 194728, 194741, 195093, 195110, 195113, 195117, 195172, 195505, 195507, 195511, 195516, 195522, 195535, 196063, 196065, 196069, 196129]
15,18,[7202, 27732, 43673, 55239, 73818, 84004, 90071, 94540, 102779, 103088, 111829, 119029, 121279, 135942, 139344, 156797, 167266, 167408]
16,4,[9261, 10681, 23781, 35457]
18,14,[10026, 18671, 18684, 19261, 25246, 45919, 92059, 92105, 95500, 99894, 124804, 133000, 138093, 148556]
22,29,[3853, 4381, 5433, 5616, 19250, 35065, 37160, 37162, 37164, 37167, 37169, 37171, 37436, 46707, 62229, 63551, 64841, 68087, 86459, 93128, 94388, 95024, 111771, 124323, 124324, 124416, 124418, 126168, 152146]
23,5,[7880, 9019, 15157, 19326, 19610]
25,2271,[999, 1014, 1057, 1072, 1891, 1913, 1993, 2015, 2039, 2406, 3071, 3137, 3161, 3353, 3373, 3376, 3380, 3399, 3410, 3975, 3977, 3982, 4031, 4364, 4365, 4368, 4372, 4376, 4387, 4900, 4902, 4905, 4965, 5027, 5031, 5151, 5266, 5267, 5270, 5274, 5278, 5289, 5803, 5805, 5808, 5848, 6206, 6207, 6210, 6214, 6218, 6229, 6571, 6572, 6575, 6603, 6759, 6760, 6763, 6767, 6771, 6782, 7208, 7210, 7213, 7237, 7452, 7453, 7456, 7460, 7465, 7476, 7845, 7847, 7850, 7912, 8002, 8202, 8203, 8206, 8210, 8214, 8225, 8463, 8465, 8469, 8490, 8538, 9546, 9547, 9550, 9554, 9558, 9569, 9914, 9961, 9963, 9967, 10021, 10088, 10720, 10721, 10724, 10728, 10733, 10744, 11215, 11257, 11259, 11262, 11310, 11605, 11606, 11609, 11613, 11617, 11628, 11952, 11954, 11958, 11987, 12038, 12806, 12807, 12810, 12814, 12818, 12829, 13321, 13322, 13326, 13369, 13721, 13722, 13725, 13729, 13733, 13744, 14300, 14301, 14351, 14634, 14635, 14638, 14642, 14646, 14657, 15014, 15016, 15055, 15131, 15352, 15353, 15356, 15360, 15364, 15375, 15700, 15702, 15737, 15815, 16230, 16231, 16234, 16238, 16242, 16253, 16723, 16738, 16740, 16744, 16797, 17058, 17059, 17062, 17066, 17070, 17081, 17458, 17474, 17476, 17529, 17591, 17840, 17841, 17844, 17848, 17852, 17863, 18438, 18439, 18443, 18495, 18805, 18806, 18809, 18813, 18817, 18828, 19207, 19209, 19213, 19262, 19355, 19530, 19531, 19534, 19538, 19542, 19553, 20091, 20092, 20144, 20409, 20410, 20413, 20417, 20421, 20432, 20754, 20756, 20793, 20853, 21034, 21035, 21038, 21042, 21046, 21057, 21414, 21416, 21458, 21709, 21710, 21713, 21717, 21721, 21732, 22292, 22293, 22296, 22334, 22648, 22649, 22652, 22656, 22660, 22671, 23045, 23053, 23054, 23057, 23108, 23515, 23516, 23519, 23523, 23527, 23538, 24206, 24207, 24211, 24257, 24815, 24816, 24819, 24823, 24827, 24838, 25103, 25104, 25107, 25147, 25299, 25300, 25303, 25307, 25311, 25322, 25674, 25676, 25724, 25995, 25996, 25999, 26003, 26007, 26018, 26652, 26653, 26657, 26733, 26820, 26989, 27122, 27123, 27126, 27130, 27134, 27145, 27533, 27534, 27537, 27575, 27843, 27844, 27847, 27851, 27855, 27866, 28319, 28322, 28326, 28372, 28707, 28708, 28711, 28715, 28719, 28730, 29165, 29166, 29169, 29206, 29483, 29484, 29487, 29491, 29495, 29506, 29996, 29998, 30004, 30043, 30350, 30351, 30354, 30358, 30362, 30373, 30794, 30796, 30799, 30845, 31140, 31141, 31144, 31148, 31152, 31163, 31630, 31631, 31634, 31699, 32080, 32081, 32084, 32088, 32092, 32103, 32521, 32523, 32527, 32569, 32835, 32836, 32839, 32843, 32847, 32858, 33141, 33142, 33145, 33180, 33230, 33401, 33402, 33405, 33409, 33413, 33424, 33845, 33847, 33851, 34201, 34202, 34205, 34209, 34214, 34225, 34701, 34703, 34706, 34760, 35076, 35077, 35080, 35084, 35088, 35099, 35638, 35639, 35642, 35685, 36134, 36135, 36138, 36142, 36146, 36157, 36845, 36846, 36849, 36897, 37267, 37268, 37271, 37275, 37279, 37290, 37451, 37452, 37455, 37470, 37696, 37698, 37701, 37705, 37709, 37720, 37870, 37871, 37890, 38098, 38099, 38102, 38106, 38111, 38122, 38730, 38732, 38735, 38778, 38811, 39108, 39109, 39112, 39116, 39120, 39131, 39501, 39525, 39543, 39545, 39548, 39596, 39870, 39871, 39874, 39878, 39882, 39893, 40332, 40334, 40338, 40382, 40672, 40673, 40676, 40680, 40684, 40695, 41036, 41038, 41041, 41072, 41389, 41390, 41393, 41397, 41401, 41412, 41831, 41890, 41891, 41895, 41932, 42228, 42229, 42232, 42236, 42240, 42251, 42792, 42794, 43229, 43230, 43233, 43237, 43241, 43252, 43928, 43929, 43932, 43978, 44343, 44344, 44347, 44351, 44356, 44367, 44991, 44993, 44997, 45063, 45281, 45415, 45417, 45420, 45424, 45429, 45440, 45904, 45942, 45943, 45946, 45994, 46342, 46343, 46346, 46350, 46354, 46365, 46693, 46711, 46723, 46725, 46728, 46771, 46854, 47001, 47002, 47005, 47009, 47013, 47024, 47401, 47403, 47406, 47454, 47523, 47660, 47661, 47664, 47668, 47672, 47683, 48294, 48295, 48299, 48337, 48609, 48610, 48613, 48617, 48621, 48632, 49185, 49186, 49189, 49230, 49608, 49609, 49612, 49616, 49621, 49632, 50291, 50293, 50296, 50349, 50735, 50736, 50739, 50743, 50747, 50758, 51575, 51577, 51580, 51626, 51703, 51707, 51868, 51869, 51872, 51876, 51880, 51891, 52351, 52353, 52357, 52393, 52700, 52701, 52704, 52708, 52713, 52724, 53191, 53193, 53196, 53234, 53341, 53632, 53634, 53637, 53641, 53645, 53656, 53969, 53970, 53974, 54014, 54235, 54236, 54239, 54243, 54247, 54258, 54635, 54637, 54640, 54688, 54880, 54881, 54884, 54888, 54892, 54903, 55382, 55384, 55388, 55433, 55745, 55746, 55749, 55753, 55758, 55769, 56382, 56383, 56387, 56440, 56855, 56856, 56859, 56863, 56867, 56878, 57587, 57619, 57620, 57624, 57690, 58063, 58064, 58067, 58071, 58075, 58086, 58424, 58425, 58428, 58468, 58674, 58675, 58678, 58682, 58686, 58697, 59025, 59027, 59031, 59063, 59118, 59286, 59507, 59508, 59511, 59515, 59519, 59530, 59993, 59995, 59999, 60041, 60309, 60310, 60313, 60317, 60321, 60332, 60710, 60712, 60715, 60762, 61128, 61138, 61141, 61145, 61149, 61160, 61351, 61353, 61356, 61385, 61709, 61710, 61713, 61717, 61721, 61732, 62614, 62615, 62620, 63285, 63286, 63289, 63293, 63297, 63308, 63671, 63673, 63677, 63722, 64011, 64012, 64015, 64019, 64023, 64034, 64323, 64324, 64327, 64364, 64724, 64725, 64728, 64732, 64736, 64747, 65297, 65298, 65301, 65348, 65701, 65702, 65705, 65709, 65713, 65724, 66112, 66113, 66116, 66167, 66366, 66367, 66370, 66374, 66378, 66389, 66789, 66805, 66806, 66809, 66855, 66948, 67093, 67094, 67097, 67101, 67105, 67116, 67501, 67502, 67505, 67541, 67816, 67817, 67820, 67824, 67828, 67839, 68143, 68153, 68155, 68158, 68199, 68372, 68373, 68376, 68380, 68384, 68395, 68936, 68938, 68942, 68989, 69090, 69263, 69264, 69267, 69271, 69275, 69286, 69474, 69475, 69478, 69512, 69673, 69674, 69677, 69681, 69685, 69696, 70055, 70057, 70061, 70110, 70400, 70401, 70404, 70408, 70412, 70423, 70905, 70906, 70910, 70959, 71225, 71226, 71229, 71233, 71237, 71248, 71807, 71808, 71811, 71854, 72129, 72130, 72133, 72137, 72141, 72152, 72734, 72736, 72740, 72795, 72874, 73152, 73153, 73156, 73160, 73164, 73175, 73801, 73802, 73806, 73854, 73940, 73944, 74150, 74151, 74154, 74158, 74162, 74173, 74722, 74723, 74726, 74768, 74848, 75413, 75414, 75417, 75421, 75425, 75436, 75966, 75968, 75972, 76024, 76250, 76355, 76356, 76359, 76363, 76367, 76378, 76815, 76816, 76819, 76858, 77180, 77181, 77184, 77188, 77192, 77203, 77885, 77917, 77919, 77922, 77980, 78755, 78756, 78759, 78763, 78767, 78778, 79273, 79394, 79396, 79399, 79440, 79908, 79909, 79912, 79916, 79920, 79931, 80445, 80503, 80505, 80509, 80557, 80669, 80672, 81136, 81137, 81140, 81144, 81148, 81159, 81738, 81740, 81744, 81867, 82282, 82283, 82286, 82290, 82294, 82305, 82749, 82773, 82793, 82794, 82797, 82841, 83325, 83344, 83347, 83351, 83355, 83366, 84089, 84142, 84144, 84147, 84215, 84591, 84592, 84595, 84599, 84603, 84614, 85253, 85288, 85289, 85292, 85327, 85675, 85676, 85679, 85683, 85687, 85698, 86210, 86211, 86215, 86266, 86559, 86560, 86563, 86567, 86571, 86582, 86986, 86987, 86990, 87033, 87533, 87534, 87537, 87541, 87545, 87556, 88120, 88121, 88124, 88175, 88758, 88759, 88762, 88766, 88770, 88781, 89041, 89043, 89047, 89079, 89575, 89576, 89579, 89583, 89587, 89598, 90141, 90143, 90147, 90201, 90609, 90610, 90613, 90617, 90621, 90632, 90963, 91006, 91008, 91012, 91071, 91527, 91528, 91531, 91535, 91539, 91550, 91885, 91887, 91891, 91929, 92185, 92186, 92189, 92193, 92197, 92208, 92654, 92656, 92659, 92706, 93005, 93006, 93009, 93013, 93017, 93028, 93570, 93588, 93590, 93593, 93638, 93982, 93983, 93986, 93990, 93994, 94005, 94439, 94440, 94443, 94477, 94756, 94757, 94760, 94764, 94768, 94779, 95178, 95180, 95184, 95228, 95545, 95546, 95549, 95553, 95557, 95568, 96580, 96582, 96586, 96633, 96976, 96977, 96980, 96984, 96988, 96999, 97438, 97440, 97444, 97495, 97740, 97741, 97744, 97748, 97752, 97763, 98266, 98267, 98270, 98313, 98401, 98406, 98724, 98725, 98728, 98732, 98736, 98747, 99277, 99279, 99283, 99332, 99597, 99598, 99601, 99605, 99609, 99620, 99907, 99959, 99961, 99965, 99999, 100150, 100151, 100154, 100158, 100162, 100173, 100625, 100626, 100630, 100671, 100910, 100911, 100914, 100918, 100922, 100933, 101243, 101245, 101248, 101328, 101491, 101492, 101495, 101499, 101503, 101514, 101966, 102038, 102040, 102043, 102086, 102402, 102408, 102411, 102415, 102419, 102430, 102838, 102840, 102843, 102887, 103213, 103214, 103217, 103221, 103225, 103236, 103968, 103969, 103973, 104020, 104404, 104405, 104408, 104412, 104416, 104427, 104762, 104763, 104767, 104808, 105101, 105102, 105105, 105109, 105113, 105124, 105663, 105665, 105668, 105715, 105982, 105983, 105986, 105990, 105994, 106005, 106349, 106350, 106353, 106392, 106676, 106677, 106680, 106684, 106688, 106699, 106955, 106956, 106959, 106984, 107213, 107214, 107217, 107221, 107225, 107236, 107542, 107544, 107547, 107574, 107789, 107790, 107793, 107797, 107801, 107812, 108217, 108231, 108232, 108235, 108277, 108491, 108492, 108495, 108499, 108503, 108514, 108932, 108934, 108938, 108989, 109301, 109302, 109305, 109309, 109313, 109324, 109717, 109718, 109721, 109761, 110018, 110019, 110022, 110026, 110030, 110041, 110272, 110273, 110276, 110310, 110531, 110532, 110535, 110539, 110543, 110554, 111237, 111238, 111241, 111278, 111388, 111658, 111659, 111662, 111666, 111670, 111681, 112050, 112057, 112060, 112078, 112427, 112428, 112431, 112435, 112439, 112450, 112782, 112784, 112787, 112842, 112995, 112996, 112999, 113003, 113007, 113018, 113505, 113506, 113509, 113568, 113769, 113770, 113773, 113777, 113781, 113792, 114069, 114071, 114074, 114117, 114176, 114321, 114322, 114325, 114329, 114333, 114344, 114785, 114787, 114791, 114843, 115198, 115204, 115207, 115211, 115215, 115226, 115622, 115624, 115628, 115671, 115981, 115982, 115985, 115989, 115993, 116004, 116442, 116444, 116447, 116512, 116734, 116735, 116738, 116742, 116747, 116758, 117048, 117049, 117052, 117081, 117416, 117417, 117420, 117424, 117428, 117439, 118012, 118013, 118017, 118064, 118337, 118338, 118341, 118345, 118349, 118360, 118845, 118862, 118863, 118867, 118920, 119301, 119302, 119305, 119309, 119313, 119324, 119793, 119795, 119798, 119828, 119907, 119910, 120092, 120093, 120096, 120100, 120104, 120115, 120471, 120473, 120476, 120507, 120571, 120712, 120713, 120716, 120720, 120724, 120735, 121287, 121288, 121291, 121337, 121646, 121647, 121650, 121654, 121658, 121669, 122333, 122342, 122344, 122347, 122393, 122713, 122714, 122717, 122721, 122725, 122736, 123124, 123126, 123129, 123184, 123502, 123503, 123506, 123510, 123515, 123526, 123961, 123963, 123966, 123999, 124358, 124359, 124362, 124366, 124370, 124381, 124703, 124705, 124708, 124759, 124911, 124913, 124916, 124920, 124924, 124935, 125174, 125175, 125178, 125217, 125413, 125414, 125417, 125421, 125425, 125436, 125754, 125755, 125758, 125782, 126003, 126004, 126007, 126011, 126015, 126026, 126510, 126511, 126514, 126570, 126973, 126974, 126977, 126981, 126985, 126996, 127363, 127381, 127383, 127386, 127429, 127513, 127706, 127707, 127710, 127714, 127718, 127729, 128088, 128089, 128092, 128109, 128882, 128883, 128886, 128890, 128894, 128905, 129501, 129594, 129605, 129607, 129610, 129649, 130110, 130111, 130114, 130118, 130123, 130134, 130726, 130728, 130732, 130780, 130850, 131168, 131169, 131172, 131176, 131180, 131191, 131614, 131616, 131619, 131668, 132060, 132061, 132064, 132068, 132072, 132083, 132580, 132592, 132676, 132678, 132682, 132736, 132837, 133041, 133042, 133045, 133049, 133053, 133064, 133791, 133793, 133796, 133853, 134252, 134253, 134256, 134260, 134264, 134275, 134950, 134952, 134956, 135006, 135380, 135381, 135384, 135388, 135392, 135403, 135644, 135645, 135648, 135674, 135839, 135840, 135843, 135847, 135851, 135862, 136466, 136475, 136576, 136634, 136636, 136640, 136697, 136971, 137073, 137074, 137077, 137081, 137085, 137096, 137626, 137627, 137630, 137684, 138120, 138121, 138124, 138128, 138132, 138143, 138572, 138573, 138577, 138613, 138802, 138803, 138806, 138810, 138814, 138825, 139095, 139096, 139100, 139147, 139205, 139379, 139380, 139383, 139387, 139391, 139402, 139762, 139764, 139767, 139821, 140086, 140087, 140090, 140094, 140098, 140109, 140768, 140770, 140774, 140835, 141044, 141127, 141128, 141131, 141135, 141139, 141150, 141574, 141576, 141579, 141632, 141911, 141912, 141915, 141919, 141924, 141935, 142168, 142169, 142172, 142217, 142414, 142415, 142418, 142422, 142426, 142437, 142751, 142752, 142755, 142794, 142861, 143023, 143024, 143027, 143031, 143035, 143046, 143287, 143349, 143350, 143353, 143398, 143466, 143621, 143622, 143625, 143629, 143633, 143644, 143952, 143954, 143957, 143997, 144163, 144164, 144167, 144171, 144175, 144186, 144436, 144463, 144465, 144468, 144511, 144585, 144752, 144753, 144756, 144760, 144764, 144775, 145169, 145171, 145174, 145216, 145378, 145379, 145382, 145386, 145390, 145401, 145904, 145905, 145909, 145951, 146215, 146243, 146246, 146250, 146254, 146265, 146591, 146593, 146597, 146639, 146714, 147001, 147002, 147005, 147009, 147013, 147024, 147452, 147453, 147457, 147505, 147799, 147800, 147803, 147807, 147811, 147822, 148185, 148186, 148189, 148237, 148477, 148478, 148481, 148485, 148489, 148500, 148896, 148897, 148901, 148944, 149188, 149189, 149192, 149196, 149200, 149211, 149562, 149620, 149621, 149624, 149668, 149958, 149959, 149962, 149966, 149970, 149981, 150345, 150347, 150350, 150391, 150651, 150652, 150655, 150659, 150663, 150674, 151154, 151155, 151159, 151199, 151505, 151520, 151523, 151526, 151529, 151535, 151538, 151541, 151544, 151547, 151550, 151551, 151554, 151558, 151563, 151574, 152170, 152176, 152177, 152180, 152229, 153035, 153036, 153039, 153043, 153047, 153058, 153953, 154026, 154030, 154036, 154112, 154238, 154256, 154287, 154298, 154718, 154719, 154722, 154726, 154730, 154741, 155408, 155417, 155418, 155421, 155470, 156006, 156007, 156010, 156014, 156018, 156029, 156583, 156585, 156588, 156648, 156981, 156982, 156985, 156989, 156993, 157004, 157489, 157491, 157495, 157548, 157633, 157638, 157643, 157860, 157861, 157864, 157868, 157872, 157883, 158382, 158384, 158388, 158444, 158536, 158792, 158823, 158826, 158830, 158834, 158845, 159119, 159120, 159123, 159127, 159131, 159142, 159498, 159500, 159503, 159549, 159790, 159791, 159794, 159798, 159802, 159813, 160437, 160438, 160441, 160493, 160813, 160814, 160817, 160821, 160825, 160836, 161449, 161450, 161453, 161498, 161861, 161876, 161879, 161883, 161887, 161898, 162522, 162524, 162528, 162584, 162673, 162676, 162936, 162937, 162940, 162944, 162948, 162959, 163450, 163452, 163455, 163512, 163870, 163871, 163874, 163878, 163882, 163893, 164672, 164674, 164678, 164739, 165121, 165122, 165125, 165129, 165133, 165144, 165617, 165619, 165622, 165666, 165901, 165902, 165905, 165909, 165913, 165924, 166138, 166140, 166143, 166165, 166344, 166345, 166348, 166352, 166356, 166367, 166637, 166639, 166642, 166693, 166885, 166886, 166889, 166893, 166897, 166908, 167321, 167371, 167372, 167375, 167425, 167791, 167792, 167795, 167799, 167803, 167814, 168207, 168209, 168212, 168261, 168670, 168671, 168674, 168678, 168682, 168693, 169244, 169245, 169248, 169297, 169620, 169621, 169624, 169628, 169632, 169643, 169889, 169890, 169893, 169922, 170091, 170092, 170095, 170099, 170103, 170114, 170339, 170341, 170344, 170375, 170515, 170516, 170519, 170523, 170527, 170538, 170977, 170979, 170982, 171020, 171360, 171361, 171364, 171368, 171372, 171383, 171772, 171774, 171778, 171817, 171877, 172195, 172196, 172199, 172203, 172207, 172218, 173043, 173105, 173106, 173109, 173152, 173670, 173671, 173674, 173678, 173682, 173693, 174366, 174367, 174370, 174425, 174814, 174815, 174818, 174822, 174826, 174837, 175347, 175349, 175352, 175396, 175660, 175661, 175664, 175668, 175672, 175683, 176036, 176038, 176042, 176094, 176319, 176803, 176804, 176807, 176811, 176815, 176826, 177275, 177302, 177304, 177307, 177350, 177444, 177756, 177757, 177760, 177764, 177768, 177779, 178284, 178286, 178290, 178346, 178692, 178693, 178696, 178700, 178704, 178715, 179049, 179050, 179053, 179084, 179477, 179478, 179481, 179485, 179489, 179499, 179804, 179806, 179809, 179838, 179895, 180204, 180217, 180220, 180224, 180228, 180239, 180449, 180451, 180454, 180478, 180720, 180721, 180724, 180728, 180732, 180743, 180924, 180925, 180928, 180977, 181166, 181167, 181170, 181174, 181178, 181189, 181535, 181537, 181541, 181587, 181963, 181964, 181967, 181971, 181982, 182192, 182194, 182205, 182252, 182493, 182494, 182497, 182501, 182505, 182516, 183234, 183276, 183278, 183283, 183380, 183384, 183516, 183758, 183759, 183762, 183766, 183770, 183781, 184430, 184432, 184435, 184496, 184592, 184771, 184951, 184952, 184955, 184959, 184963, 184974, 185486, 185488, 185491, 185548, 185827, 185828, 185831, 185835, 185839, 185850, 186208, 186222, 186223, 186226, 186264, 186535, 186536, 186539, 186543, 186547, 186558, 186906, 186920, 186922, 186925, 186975, 187281, 187282, 187285, 187289, 187294, 187305, 187903, 187904, 187907, 187960]
27,15,[9521, 11761, 22684, 36429, 51822, 52231, 58276, 61939, 62891, 66579, 67824, 69088, 78006, 78572, 96016]
28,1,[456]
29,100,[157, 161, 405, 409, 653, 657, 901, 905, 1149, 1153, 1397, 1401, 1645, 1649, 1893, 1897, 2143, 2147, 2391, 2395, 2639, 2643, 2887, 2891, 3135, 3139, 3383, 3387, 3631, 3635, 3879, 3883, 4127, 4131, 4375, 4379, 4623, 4627, 4871, 4875, 5119, 5123, 5367, 5371, 5615, 5619, 5863, 5867, 6111, 6115, 6359, 6363, 6607, 6611, 6855, 6859, 7105, 7109, 7355, 7359, 7605, 7609, 7855, 7859, 8105, 8109, 8355, 8359, 8603, 8607, 8851, 8855, 9099, 9103, 9347, 9351, 9597, 9601, 9847, 9851, 10097, 10101, 10345, 10349, 10593, 10597, 10841, 10845, 11089, 11093, 11340, 11344, 11588, 11592, 11838, 11842, 12086, 12090, 12334, 12338]
30,5,[41581, 208632, 238409, 259924, 260691]
10,5,[41679, 208774, 238559, 260080, 260847]
11,9,[993, 1169, 2299, 2872, 5718, 8799, 12188, 18872, 19799]
12,6,[2101, 2821, 6992, 8957, 10052, 10263]
14,2293,[818, 833, 932, 947, 1709, 1733, 2102, 2719, 2787, 2811, 2957, 2959, 2963, 2968, 2988, 3001, 3574, 3577, 3583, 3635, 3735, 3999, 4001, 4005, 4010, 4015, 4028, 4473, 4476, 4480, 4545, 4608, 4612, 4749, 4881, 4883, 4887, 4892, 4897, 4910, 5443, 5445, 5449, 5493, 5876, 5878, 5882, 5887, 5892, 5905, 6273, 6275, 6279, 6312, 6500, 6502, 6506, 6511, 6516, 6529, 7002, 7004, 7008, 7033, 7235, 7237, 7241, 7246, 7251, 7264, 7565, 7568, 7572, 7633, 7717, 7957, 7959, 7963, 7968, 7973, 7986, 8232, 8234, 8239, 8264, 8317, 9283, 9285, 9289, 9294, 9299, 9312, 9670, 9730, 9733, 9738, 9795, 9860, 10535, 10537, 10541, 10546, 10552, 10565, 11047, 11086, 11089, 11093, 11146, 11466, 11468, 11472, 11477, 11482, 11495, 11817, 11820, 11825, 11859, 11901, 12735, 12737, 12741, 12746, 12751, 12764, 13280, 13283, 13287, 13337, 13726, 13728, 13732, 13737, 13742, 13755, 14281, 14284, 14345, 14660, 14662, 14666, 14671, 14676, 14689, 15068, 15071, 15112, 15185, 15429, 15431, 15435, 15440, 15445, 15458, 15768, 15809, 15811, 15856, 15936, 16411, 16413, 16417, 16422, 16427, 16440, 16940, 16943, 16948, 17006, 17299, 17301, 17305, 17310, 17315, 17328, 17742, 17761, 17764, 17818, 17883, 18184, 18186, 18190, 18195, 18200, 18213, 18808, 18811, 18816, 18871, 19218, 19220, 19224, 19229, 19234, 19247, 19657, 19660, 19664, 19717, 19817, 20004, 20006, 20010, 20015, 20021, 20034, 20421, 20423, 20478, 20780, 20782, 20786, 20791, 20796, 20809, 21154, 21157, 21199, 21264, 21466, 21468, 21472, 21477, 21482, 21495, 21856, 21859, 21907, 22183, 22185, 22189, 22194, 22199, 22212, 22778, 22780, 22784, 22827, 23195, 23197, 23201, 23206, 23211, 23224, 23627, 23645, 23647, 23651, 23706, 24167, 24169, 24173, 24178, 24183, 24196, 24773, 24863, 24879, 24882, 24886, 24943, 25067, 25548, 25550, 25554, 25559, 25564, 25577, 25849, 25851, 25856, 25900, 26082, 26084, 26088, 26093, 26098, 26111, 26475, 26478, 26531, 26844, 26846, 26850, 26855, 26860, 26873, 27535, 27538, 27542, 27622, 27848, 27998, 28000, 28004, 28009, 28014, 28027, 28424, 28426, 28430, 28473, 28765, 28767, 28771, 28776, 28781, 28794, 29263, 29266, 29271, 29324, 29692, 29694, 29698, 29703, 29708, 29721, 30113, 30115, 30120, 30162, 30468, 30470, 30474, 30479, 30484, 30497, 31023, 31026, 31034, 31074, 31413, 31415, 31419, 31424, 31429, 31442, 31874, 31876, 31880, 31928, 32256, 32258, 32262, 32267, 32272, 32285, 32760, 32763, 32767, 32833, 33237, 33239, 33243, 33248, 33253, 33266, 33630, 33711, 33713, 33717, 33763, 34048, 34050, 34054, 34059, 34064, 34077, 34390, 34393, 34397, 34438, 34492, 34682, 34684, 34688, 34693, 34698, 34711, 35162, 35165, 35170, 35557, 35559, 35563, 35568, 35574, 35587, 36054, 36056, 36060, 36102, 36438, 36440, 36444, 36449, 36454, 36467, 36937, 36992, 36994, 36998, 37045, 37524, 37526, 37530, 37535, 37540, 37553, 38245, 38248, 38252, 38309, 38698, 38700, 38704, 38709, 38714, 38727, 38881, 38883, 38887, 38907, 39178, 39180, 39184, 39189, 39194, 39207, 39377, 39379, 39404, 39641, 39643, 39647, 39652, 39658, 39671, 40251, 40253, 40258, 40307, 40671, 40673, 40677, 40682, 40687, 40700, 41088, 41117, 41120, 41124, 41175, 41470, 41472, 41476, 41481, 41486, 41499, 41953, 41956, 41960, 42009, 42323, 42325, 42329, 42334, 42339, 42352, 42718, 42721, 42725, 42761, 43140, 43142, 43146, 43151, 43156, 43169, 43595, 43656, 43658, 43662, 43705, 44032, 44034, 44038, 44043, 44048, 44061, 44578, 44581, 45047, 45049, 45053, 45058, 45063, 45076, 45745, 45761, 45764, 45769, 45823, 46213, 46215, 46219, 46224, 46230, 46243, 46789, 46792, 46796, 46875, 47109, 47260, 47263, 47267, 47272, 47278, 47291, 47769, 47772, 47777, 47835, 48222, 48224, 48228, 48233, 48238, 48251, 48593, 48604, 48606, 48610, 48657, 48740, 48912, 48914, 48918, 48923, 48928, 48941, 49308, 49311, 49315, 49368, 49440, 49602, 49604, 49608, 49613, 49618, 49631, 50266, 50268, 50272, 50316, 50611, 50613, 50617, 50622, 50627, 50640, 51257, 51259, 51263, 51310, 51712, 51714, 51718, 51723, 51729, 51742, 52432, 52435, 52440, 52494, 52904, 52906, 52910, 52915, 52920, 52933, 53709, 53712, 53717, 53765, 53840, 54025, 54027, 54031, 54036, 54041, 54054, 54512, 54514, 54519, 54562, 54883, 54885, 54889, 54894, 54899, 54912, 55450, 55453, 55457, 55501, 55609, 55963, 55965, 55969, 55974, 55979, 55992, 56328, 56330, 56334, 56378, 56616, 56618, 56622, 56627, 56632, 56645, 56978, 56981, 56985, 57035, 57245, 57247, 57251, 57256, 57261, 57274, 57729, 57732, 57736, 57776, 58117, 58119, 58123, 58128, 58134, 58147, 58694, 58697, 58701, 58759, 59198, 59200, 59204, 59209, 59214, 59227, 59942, 59952, 59978, 59981, 59986, 60059, 60468, 60470, 60474, 60479, 60484, 60497, 60854, 60861, 60863, 60867, 60911, 61136, 61138, 61142, 61147, 61152, 61165, 61469, 61471, 61475, 61510, 61570, 61757, 61936, 61938, 61942, 61947, 61952, 61965, 62398, 62400, 62404, 62450, 62750, 62752, 62756, 62761, 62766, 62779, 63174, 63177, 63182, 63233, 63627, 63637, 63641, 63646, 63651, 63664, 63831, 63833, 63837, 63871, 64119, 64121, 64125, 64130, 64135, 64148, 64728, 64731, 64735, 64803, 65087, 65220, 65222, 65226, 65231, 65236, 65249, 65768, 65771, 65775, 65847, 66264, 66266, 66270, 66275, 66280, 66293, 66713, 66715, 66719, 66769, 67093, 67095, 67099, 67104, 67109, 67122, 67434, 67436, 67440, 67485, 67905, 67907, 67911, 67916, 67921, 67934, 68457, 68460, 68465, 68527, 68921, 68923, 68927, 68932, 68937, 68950, 69268, 69270, 69274, 69323, 69551, 69553, 69557, 69562, 69567, 69580, 69991, 70008, 70010, 70015, 70064, 70159, 70327, 70329, 70333, 70338, 70343, 70356, 70766, 70768, 70772, 70811, 71107, 71109, 71113, 71118, 71123, 71136, 71451, 71462, 71465, 71469, 71512, 71714, 71716, 71720, 71725, 71730, 71743, 72330, 72340, 72343, 72347, 72398, 72503, 72712, 72714, 72718, 72723, 72728, 72741, 72949, 72951, 72955, 72994, 73180, 73182, 73186, 73191, 73196, 73209, 73582, 73584, 73588, 73642, 73961, 73963, 73967, 73972, 73977, 73990, 74468, 74470, 74474, 74524, 74816, 74818, 74822, 74827, 74832, 74845, 75393, 75396, 75401, 75447, 75742, 75744, 75748, 75753, 75758, 75771, 76280, 76283, 76287, 76346, 76423, 76738, 76740, 76744, 76749, 76754, 76767, 77361, 77364, 77393, 77395, 77399, 77452, 77541, 77547, 77780, 77782, 77786, 77791, 77796, 77809, 78257, 78259, 78263, 78309, 78379, 79007, 79009, 79013, 79018, 79023, 79036, 79551, 79554, 79559, 79617, 79852, 79974, 79976, 79980, 79985, 79990, 80003, 80475, 80478, 80483, 80528, 80866, 80868, 80872, 80877, 80882, 80895, 81573, 81587, 81590, 81595, 81646, 82468, 82470, 82474, 82479, 82484, 82497, 83013, 83115, 83118, 83122, 83172, 83629, 83631, 83635, 83640, 83645, 83658, 84149, 84208, 84210, 84214, 84266, 84798, 84800, 84804, 84809, 84814, 84827, 85335, 85338, 85343, 85477, 85918, 85920, 85924, 85929, 85934, 85947, 86398, 86423, 86444, 86447, 86451, 86500, 87014, 87034, 87038, 87043, 87048, 87063, 87793, 87807, 87809, 87813, 87885, 88266, 88268, 88272, 88277, 88282, 88295, 88915, 88953, 88956, 88961, 89000, 89378, 89380, 89384, 89389, 89394, 89407, 89910, 89912, 89916, 89972, 90294, 90296, 90300, 90305, 90310, 90323, 90739, 90742, 90746, 90795, 91356, 91358, 91362, 91367, 91372, 91385, 91970, 91973, 91977, 92029, 92657, 92659, 92663, 92668, 92673, 92686, 92966, 92969, 92974, 93011, 93542, 93544, 93548, 93553, 93558, 93571, 94035, 94037, 94042, 94101, 94575, 94577, 94581, 94586, 94591, 94604, 94942, 94986, 94989, 94993, 95057, 95567, 95569, 95573, 95578, 95583, 95596, 95945, 95947, 95951, 95991, 96240, 96242, 96246, 96251, 96256, 96269, 96732, 96734, 96738, 96792, 97106, 97108, 97112, 97117, 97122, 97135, 97625, 97631, 97678, 97680, 97684, 97735, 98079, 98081, 98085, 98090, 98095, 98108, 98522, 98524, 98528, 98567, 98834, 98836, 98840, 98845, 98850, 98863, 99276, 99279, 99284, 99333, 99684, 99686, 99690, 99695, 99700, 99713, 100634, 100637, 100642, 100692, 101093, 101095, 101099, 101104, 101109, 101122, 101566, 101585, 101588, 101593, 101647, 101901, 101903, 101907, 101912, 101917, 101930, 102385, 102387, 102391, 102437, 102527, 102532, 102871, 102873, 102877, 102882, 102887, 102900, 103353, 103356, 103361, 103414, 103709, 103711, 103715, 103720, 103725, 103738, 104052, 104105, 104107, 104112, 104151, 104330, 104332, 104336, 104341, 104346, 104359, 104824, 104827, 104832, 104878, 105157, 105159, 105163, 105168, 105173, 105186, 105524, 105527, 105531, 105621, 105811, 105813, 105817, 105822, 105827, 105840, 106298, 106390, 106392, 106396, 106441, 106784, 106786, 106790, 106795, 106800, 106813, 107227, 107229, 107233, 107280, 107635, 107637, 107641, 107646, 107651, 107664, 108449, 108452, 108457, 108516, 108923, 108925, 108929, 108934, 108939, 108952, 109315, 109317, 109322, 109369, 109685, 109687, 109691, 109696, 109701, 109714, 110083, 110086, 110090, 110140, 110433, 110435, 110439, 110444, 110449, 110462, 110826, 110828, 110832, 110875, 111186, 111188, 111192, 111197, 111202, 111215, 111497, 111499, 111503, 111533, 111797, 111799, 111803, 111808, 111813, 111826, 112154, 112157, 112161, 112193, 112441, 112443, 112447, 112452, 112457, 112470, 112899, 112916, 112918, 112922, 112965, 113199, 113201, 113205, 113210, 113215, 113228, 113632, 113634, 113639, 113695, 114042, 114044, 114048, 114053, 114058, 114071, 114515, 114525, 114527, 114531, 114576, 114867, 114869, 114873, 114878, 114883, 114896, 115150, 115154, 115193, 115439, 115441, 115445, 115450, 115455, 115468, 116156, 116158, 116162, 116204, 116317, 116613, 116615, 116619, 116624, 116629, 116642, 117025, 117028, 117032, 117055, 117456, 117458, 117462, 117467, 117472, 117485, 117841, 117845, 117905, 118085, 118087, 118091, 118096, 118101, 118114, 118515, 118518, 118522, 118587, 118805, 118807, 118811, 118816, 118821, 118834, 119122, 119125, 119129, 119175, 119227, 119372, 119374, 119378, 119383, 119388, 119401, 119842, 119845, 119849, 119902, 120285, 120287, 120291, 120296, 120301, 120314, 120679, 120681, 120685, 120729, 121071, 121073, 121077, 121082, 121087, 121100, 121460, 121462, 121466, 121530, 121802, 121804, 121808, 121813, 121819, 121832, 122148, 122150, 122154, 122188, 122579, 122581, 122585, 122590, 122595, 122608, 123116, 123118, 123123, 123178, 123484, 123486, 123490, 123495, 123500, 123513, 124023, 124042, 124045, 124050, 124108, 124516, 124518, 124522, 124527, 124532, 124545, 125057, 125060, 125064, 125098, 125182, 125387, 125389, 125393, 125398, 125403, 125416, 125737, 125740, 125744, 125780, 125838, 125997, 125999, 126003, 126008, 126013, 126026, 126572, 126575, 126579, 126629, 126966, 126968, 126972, 126977, 126982, 126995, 127695, 127712, 127715, 127719, 127766, 127859, 127861, 128149, 128151, 128155, 128160, 128165, 128178, 128575, 128578, 128582, 128631, 128984, 128986, 128990, 128995, 129000, 129013, 129425, 129427, 129431, 129477, 129869, 129871, 129875, 129880, 129885, 129898, 130242, 130245, 130249, 130305, 130491, 130493, 130497, 130502, 130507, 130520, 130781, 130785, 130830, 131054, 131056, 131060, 131065, 131070, 131083, 131407, 131409, 131413, 131435, 131687, 131689, 131693, 131698, 131703, 131716, 132198, 132201, 132205, 132271, 132709, 132711, 132715, 132720, 132725, 132738, 133032, 133051, 133054, 133059, 133110, 133196, 133405, 133407, 133411, 133416, 133421, 133434, 133806, 133808, 133812, 133834, 134653, 134655, 134659, 134664, 134669, 134682, 135201, 135294, 135306, 135308, 135312, 135355, 135883, 135885, 135889, 135894, 135900, 135913, 136540, 136543, 136548, 136603, 136678, 136994, 136996, 137000, 137005, 137010, 137023, 137422, 137425, 137430, 137482, 137913, 137915, 137919, 137924, 137930, 137943, 138473, 138486, 138573, 138576, 138581, 138640, 138749, 138979, 138981, 138985, 138990, 138995, 139008, 139595, 139598, 139602, 139662, 140088, 140090, 140094, 140099, 140104, 140117, 140795, 140797, 140801, 140853, 141261, 141263, 141267, 141272, 141277, 141290, 141557, 141561, 141592, 141787, 141790, 141794, 141799, 141804, 141817, 142425, 142434, 142547, 142550, 142555, 142621, 142884, 143005, 143007, 143011, 143016, 143021, 143034, 143563, 143566, 143571, 143631, 144084, 144086, 144090, 144095, 144100, 144113, 144525, 144527, 144532, 144572, 144805, 144807, 144811, 144816, 144821, 144834, 145112, 145114, 145118, 145172, 145230, 145436, 145438, 145442, 145447, 145452, 145465, 145782, 145804, 145807, 145811, 145870, 146173, 146175, 146179, 146184, 146189, 146202, 146771, 146774, 146778, 146842, 147069, 147168, 147170, 147174, 147179, 147184, 147197, 147590, 147593, 147597, 147653, 147938, 147940, 147944, 147949, 147955, 147968, 148218, 148220, 148224, 148274, 148493, 148495, 148499, 148504, 148509, 148522, 148851, 148854, 148858, 148899, 148966, 149143, 149145, 149149, 149154, 149159, 149172, 149421, 149482, 149485, 149489, 149545, 149617, 149795, 149797, 149801, 149806, 149811, 149824, 150141, 150143, 150147, 150191, 150384, 150386, 150390, 150395, 150400, 150413, 150684, 150712, 150714, 150718, 150763, 150843, 151019, 151021, 151025, 151030, 151035, 151048, 151475, 151477, 151481, 151529, 151719, 151721, 151725, 151730, 151735, 151748, 152231, 152233, 152237, 152283, 152584, 152613, 152617, 152622, 152627, 152640, 153014, 153016, 153021, 153067, 153141, 153481, 153483, 153487, 153492, 153497, 153510, 153957, 153960, 153965, 154016, 154339, 154341, 154345, 154350, 154355, 154368, 154742, 154745, 154749, 154803, 155066, 155068, 155072, 155077, 155082, 155095, 155476, 155478, 155483, 155530, 155802, 155804, 155808, 155813, 155818, 155831, 156193, 156220, 156243, 156246, 156251, 156309, 156625, 156627, 156631, 156636, 156641, 156654, 157040, 157042, 157046, 157091, 157371, 157373, 157377, 157382, 157387, 157400, 157845, 157847, 157852, 157897, 158233, 158248, 158251, 158254, 158257, 158263, 158266, 158269, 158272, 158275, 158278, 158280, 158284, 158289, 158295, 158308, 158977, 158979, 158983, 159039, 159928, 159930, 159934, 159939, 159944, 159957, 160797, 160818, 160823, 160894, 161021, 161038, 161057, 161461, 161463, 161467, 161472, 161477, 161490, 162138, 162148, 162151, 162156, 162211, 162806, 162808, 162812, 162817, 162823, 162836, 163369, 163371, 163375, 163442, 163811, 163813, 163817, 163822, 163827, 163840, 164291, 164294, 164298, 164356, 164449, 164455, 164460, 164711, 164713, 164717, 164722, 164727, 164740, 165198, 165201, 165206, 165262, 165355, 165657, 165689, 165693, 165698, 165703, 165716, 166019, 166021, 166025, 166030, 166035, 166048, 166428, 166431, 166436, 166485, 166754, 166756, 166760, 166765, 166770, 166783, 167310, 167313, 167318, 167379, 167736, 167738, 167742, 167747, 167752, 167765, 168349, 168352, 168357, 168406, 168803, 168817, 168821, 168826, 168831, 168844, 169453, 169456, 169461, 169513, 169602, 169605, 169875, 169877, 169881, 169886, 169892, 169905, 170400, 170403, 170407, 170466, 170856, 170858, 170862, 170867, 170872, 170885, 171470, 171473, 171477, 171535, 171968, 171970, 171974, 171979, 171984, 171997, 172448, 172451, 172456, 172504, 172766, 172768, 172772, 172777, 172782, 172795, 173036, 173039, 173043, 173070, 173278, 173280, 173284, 173289, 173294, 173307, 173585, 173588, 173592, 173648, 173873, 173875, 173879, 173884, 173889, 173902, 174317, 174357, 174360, 174365, 174420, 174839, 174841, 174845, 174850, 174855, 174868, 175280, 175283, 175287, 175338, 175774, 175776, 175780, 175785, 175790, 175803, 176345, 176348, 176352, 176406, 176761, 176763, 176767, 176772, 176777, 176790, 177058, 177060, 177064, 177098, 177297, 177299, 177303, 177308, 177313, 177326, 177579, 177582, 177586, 177623, 177794, 177796, 177800, 177805, 177810, 177823, 178289, 178292, 178296, 178339, 178703, 178705, 178709, 178714, 178719, 178732, 179126, 179128, 179133, 179177, 179242, 179593, 179595, 179599, 179604, 179609, 179622, 180432, 180477, 180480, 180484, 180535, 181085, 181087, 181091, 181096, 181101, 181114, 181737, 181743, 181776, 181778, 181782, 181838, 182251, 182253, 182257, 182262, 182267, 182280, 182783, 182786, 182791, 182841, 183128, 183130, 183134, 183139, 183144, 183157, 183512, 183515, 183520, 183576, 183820, 184335, 184337, 184341, 184346, 184351, 184364, 184826, 184848, 184851, 184855, 184902, 184997, 185332, 185334, 185338, 185343, 185348, 185361, 185885, 185888, 185893, 185947, 186317, 186319, 186323, 186328, 186333, 186346, 186701, 186703, 186707, 186743, 187192, 187194, 187198, 187203, 187208, 187220, 187514, 187517, 187521, 187554, 187611, 187951, 187965, 187969, 187974, 187979, 187992, 188170, 188173, 188177, 188205, 188456, 188458, 188462, 188467, 188472, 188485, 188674, 188676, 188680, 188734, 188951, 188953, 188957, 188962, 188967, 188980, 189371, 189374, 189378, 189428, 189746, 189748, 189752, 189757, 189770, 189938, 189941, 189953, 189985, 190205, 190207, 190211, 190216, 190221, 190234, 190663, 190666, 190670, 190724, 191070, 191072, 191076, 191081, 191086, 191099, 191403, 191444, 191447, 191451, 191499, 191574, 191815, 191817, 191821, 191826, 191831, 191844, 192536, 192539, 192544, 192601, 192703, 192898, 193095, 193097, 193101, 193106, 193112, 193125, 193614, 193616, 193620, 193672, 193986, 193988, 193992, 193997, 194002, 194015, 194348, 194363, 194365, 194369, 194412, 194712, 194714, 194718, 194723, 194728, 194741, 195093, 195110, 195113, 195117, 195172, 195505, 195507, 195511, 195516, 195522, 195535, 196063, 196065, 196069, 196129]
15,18,[7202, 27732, 43673, 55239, 73818, 84004, 90071, 94540, 102779, 103088, 111829, 119029, 121279, 135942, 139344, 156797, 167266, 167408]
16,4,[9261, 10681, 23781, 35457]
18,14,[10026, 18671, 18684, 19261, 25246, 45919, 92059, 92105, 95500, 99894, 124804, 133000, 138093, 148556]
22,29,[3853, 4381, 5433, 5616, 19250, 35065, 37160, 37162, 37164, 37167, 37169, 37171, 37436, 46707, 62229, 63551, 64841, 68087, 86459, 93128, 94388, 95024, 111771, 124323, 124324, 124416, 124418, 126168, 152146]
23,5,[7880, 9019, 15157, 19326, 19610]
25,2271,[999, 1014, 1057, 1072, 1891, 1913, 1993, 2015, 2039, 2406, 3071, 3137, 3161, 3353, 3373, 3376, 3380, 3399, 3410, 3975, 3977, 3982, 4031, 4364, 4365, 4368, 4372, 4376, 4387, 4900, 4902, 4905, 4965, 5027, 5031, 5151, 5266, 5267, 5270, 5274, 5278, 5289, 5803, 5805, 5808, 5848, 6206, 6207, 6210, 6214, 6218, 6229, 6571, 6572, 6575, 6603, 6759, 6760, 6763, 6767, 6771, 6782, 7208, 7210, 7213, 7237, 7452, 7453, 7456, 7460, 7465, 7476, 7845, 7847, 7850, 7912, 8002, 8202, 8203, 8206, 8210, 8214, 8225, 8463, 8465, 8469, 8490, 8538, 9546, 9547, 9550, 9554, 9558, 9569, 9914, 9961, 9963, 9967, 10021, 10088, 10720, 10721, 10724, 10728, 10733, 10744, 11215, 11257, 11259, 11262, 11310, 11605, 11606, 11609, 11613, 11617, 11628, 11952, 11954, 11958, 11987, 12038, 12806, 12807, 12810, 12814, 12818, 12829, 13321, 13322, 13326, 13369, 13721, 13722, 13725, 13729, 13733, 13744, 14300, 14301, 14351, 14634, 14635, 14638, 14642, 14646, 14657, 15014, 15016, 15055, 15131, 15352, 15353, 15356, 15360, 15364, 15375, 15700, 15702, 15737, 15815, 16230, 16231, 16234, 16238, 16242, 16253, 16723, 16738, 16740, 16744, 16797, 17058, 17059, 17062, 17066, 17070, 17081, 17458, 17474, 17476, 17529, 17591, 17840, 17841, 17844, 17848, 17852, 17863, 18438, 18439, 18443, 18495, 18805, 18806, 18809, 18813, 18817, 18828, 19207, 19209, 19213, 19262, 19355, 19530, 19531, 19534, 19538, 19542, 19553, 20091, 20092, 20144, 20409, 20410, 20413, 20417, 20421, 20432, 20754, 20756, 20793, 20853, 21034, 21035, 21038, 21042, 21046, 21057, 21414, 21416, 21458, 21709, 21710, 21713, 21717, 21721, 21732, 22292, 22293, 22296, 22334, 22648, 22649, 22652, 22656, 22660, 22671, 23045, 23053, 23054, 23057, 23108, 23515, 23516, 23519, 23523, 23527, 23538, 24206, 24207, 24211, 24257, 24815, 24816, 24819, 24823, 24827, 24838, 25103, 25104, 25107, 25147, 25299, 25300, 25303, 25307, 25311, 25322, 25674, 25676, 25724, 25995, 25996, 25999, 26003, 26007, 26018, 26652, 26653, 26657, 26733, 26820, 26989, 27122, 27123, 27126, 27130, 27134, 27145, 27533, 27534, 27537, 27575, 27843, 27844, 27847, 27851, 27855, 27866, 28319, 28322, 28326, 28372, 28707, 28708, 28711, 28715, 28719, 28730, 29165, 29166, 29169, 29206, 29483, 29484, 29487, 29491, 29495, 29506, 29996, 29998, 30004, 30043, 30350, 30351, 30354, 30358, 30362, 30373, 30794, 30796, 30799, 30845, 31140, 31141, 31144, 31148, 31152, 31163, 31630, 31631, 31634, 31699, 32080, 32081, 32084, 32088, 32092, 32103, 32521, 32523, 32527, 32569, 32835, 32836, 32839, 32843, 32847, 32858, 33141, 33142, 33145, 33180, 33230, 33401, 33402, 33405, 33409, 33413, 33424, 33845, 33847, 33851, 34201, 34202, 34205, 34209, 34214, 34225, 34701, 34703, 34706, 34760, 35076, 35077, 35080, 35084, 35088, 35099, 35638, 35639, 35642, 35685, 36134, 36135, 36138, 36142, 36146, 36157, 36845, 36846, 36849, 36897, 37267, 37268, 37271, 37275, 37279, 37290, 37451, 37452, 37455, 37470, 37696, 37698, 37701, 37705, 37709, 37720, 37870, 37871, 37890, 38098, 38099, 38102, 38106, 38111, 38122, 38730, 38732, 38735, 38778, 38811, 39108, 39109, 39112, 39116, 39120, 39131, 39501, 39525, 39543, 39545, 39548, 39596, 39870, 39871, 39874, 39878, 39882, 39893, 40332, 40334, 40338, 40382, 40672, 40673, 40676, 40680, 40684, 40695, 41036, 41038, 41041, 41072, 41389, 41390, 41393, 41397, 41401, 41412, 41831, 41890, 41891, 41895, 41932, 42228, 42229, 42232, 42236, 42240, 42251, 42792, 42794, 43229, 43230, 43233, 43237, 43241, 43252, 43928, 43929, 43932, 43978, 44343, 44344, 44347, 44351, 44356, 44367, 44991, 44993, 44997, 45063, 45281, 45415, 45417, 45420, 45424, 45429, 45440, 45904, 45942, 45943, 45946, 45994, 46342, 46343, 46346, 46350, 46354, 46365, 46693, 46711, 46723, 46725, 46728, 46771, 46854, 47001, 47002, 47005, 47009, 47013, 47024, 47401, 47403, 47406, 47454, 47523, 47660, 47661, 47664, 47668, 47672, 47683, 48294, 48295, 48299, 48337, 48609, 48610, 48613, 48617, 48621, 48632, 49185, 49186, 49189, 49230, 49608, 49609, 49612, 49616, 49621, 49632, 50291, 50293, 50296, 50349, 50735, 50736, 50739, 50743, 50747, 50758, 51575, 51577, 51580, 51626, 51703, 51707, 51868, 51869, 51872, 51876, 51880, 51891, 52351, 52353, 52357, 52393, 52700, 52701, 52704, 52708, 52713, 52724, 53191, 53193, 53196, 53234, 53341, 53632, 53634, 53637, 53641, 53645, 53656, 53969, 53970, 53974, 54014, 54235, 54236, 54239, 54243, 54247, 54258, 54635, 54637, 54640, 54688, 54880, 54881, 54884, 54888, 54892, 54903, 55382, 55384, 55388, 55433, 55745, 55746, 55749, 55753, 55758, 55769, 56382, 56383, 56387, 56440, 56855, 56856, 56859, 56863, 56867, 56878, 57587, 57619, 57620, 57624, 57690, 58063, 58064, 58067, 58071, 58075, 58086, 58424, 58425, 58428, 58468, 58674, 58675, 58678, 58682, 58686, 58697, 59025, 59027, 59031, 59063, 59118, 59286, 59507, 59508, 59511, 59515, 59519, 59530, 59993, 59995, 59999, 60041, 60309, 60310, 60313, 60317, 60321, 60332, 60710, 60712, 60715, 60762, 61128, 61138, 61141, 61145, 61149, 61160, 61351, 61353, 61356, 61385, 61709, 61710, 61713, 61717, 61721, 61732, 62614, 62615, 62620, 63285, 63286, 63289, 63293, 63297, 63308, 63671, 63673, 63677, 63722, 64011, 64012, 64015, 64019, 64023, 64034, 64323, 64324, 64327, 64364, 64724, 64725, 64728, 64732, 64736, 64747, 65297, 65298, 65301, 65348, 65701, 65702, 65705, 65709, 65713, 65724, 66112, 66113, 66116, 66167, 66366, 66367, 66370, 66374, 66378, 66389, 66789, 66805, 66806, 66809, 66855, 66948, 67093, 67094, 67097, 67101, 67105, 67116, 67501, 67502, 67505, 67541, 67816, 67817, 67820, 67824, 67828, 67839, 68143, 68153, 68155, 68158, 68199, 68372, 68373, 68376, 68380, 68384, 68395, 68936, 68938, 68942, 68989, 69090, 69263, 69264, 69267, 69271, 69275, 69286, 69474, 69475, 69478, 69512, 69673, 69674, 69677, 69681, 69685, 69696, 70055, 70057, 70061, 70110, 70400, 70401, 70404, 70408, 70412, 70423, 70905, 70906, 70910, 70959, 71225, 71226, 71229, 71233, 71237, 71248, 71807, 71808, 71811, 71854, 72129, 72130, 72133, 72137, 72141, 72152, 72734, 72736, 72740, 72795, 72874, 73152, 73153, 73156, 73160, 73164, 73175, 73801, 73802, 73806, 73854, 73940, 73944, 74150, 74151, 74154, 74158, 74162, 74173, 74722, 74723, 74726, 74768, 74848, 75413, 75414, 75417, 75421, 75425, 75436, 75966, 75968, 75972, 76024, 76250, 76355, 76356, 76359, 76363, 76367, 76378, 76815, 76816, 76819, 76858, 77180, 77181, 77184, 77188, 77192, 77203, 77885, 77917, 77919, 77922, 77980, 78755, 78756, 78759, 78763, 78767, 78778, 79273, 79394, 79396, 79399, 79440, 79908, 79909, 79912, 79916, 79920, 79931, 80445, 80503, 80505, 80509, 80557, 80669, 80672, 81136, 81137, 81140, 81144, 81148, 81159, 81738, 81740, 81744, 81867, 82282, 82283, 82286, 82290, 82294, 82305, 82749, 82773, 82793, 82794, 82797, 82841, 83325, 83344, 83347, 83351, 83355, 83366, 84089, 84142, 84144, 84147, 84215, 84591, 84592, 84595, 84599, 84603, 84614, 85253, 85288, 85289, 85292, 85327, 85675, 85676, 85679, 85683, 85687, 85698, 86210, 86211, 86215, 86266, 86559, 86560, 86563, 86567, 86571, 86582, 86986, 86987, 86990, 87033, 87533, 87534, 87537, 87541, 87545, 87556, 88120, 88121, 88124, 88175, 88758, 88759, 88762, 88766, 88770, 88781, 89041, 89043, 89047, 89079, 89575, 89576, 89579, 89583, 89587, 89598, 90141, 90143, 90147, 90201, 90609, 90610, 90613, 90617, 90621, 90632, 90963, 91006, 91008, 91012, 91071, 91527, 91528, 91531, 91535, 91539, 91550, 91885, 91887, 91891, 91929, 92185, 92186, 92189, 92193, 92197, 92208, 92654, 92656, 92659, 92706, 93005, 93006, 93009, 93013, 93017, 93028, 93570, 93588, 93590, 93593, 93638, 93982, 93983, 93986, 93990, 93994, 94005, 94439, 94440, 94443, 94477, 94756, 94757, 94760, 94764, 94768, 94779, 95178, 95180, 95184, 95228, 95545, 95546, 95549, 95553, 95557, 95568, 96580, 96582, 96586, 96633, 96976, 96977, 96980, 96984, 96988, 96999, 97438, 97440, 97444, 97495, 97740, 97741, 97744, 97748, 97752, 97763, 98266, 98267, 98270, 98313, 98401, 98406, 98724, 98725, 98728, 98732, 98736, 98747, 99277, 99279, 99283, 99332, 99597, 99598, 99601, 99605, 99609, 99620, 99907, 99959, 99961, 99965, 99999, 100150, 100151, 100154, 100158, 100162, 100173, 100625, 100626, 100630, 100671, 100910, 100911, 100914, 100918, 100922, 100933, 101243, 101245, 101248, 101328, 101491, 101492, 101495, 101499, 101503, 101514, 101966, 102038, 102040, 102043, 102086, 102402, 102408, 102411, 102415, 102419, 102430, 102838, 102840, 102843, 102887, 103213, 103214, 103217, 103221, 103225, 103236, 103968, 103969, 103973, 104020, 104404, 104405, 104408, 104412, 104416, 104427, 104762, 104763, 104767, 104808, 105101, 105102, 105105, 105109, 105113, 105124, 105663, 105665, 105668, 105715, 105982, 105983, 105986, 105990, 105994, 106005, 106349, 106350, 106353, 106392, 106676, 106677, 106680, 106684, 106688, 106699, 106955, 106956, 106959, 106984, 107213, 107214, 107217, 107221, 107225, 107236, 107542, 107544, 107547, 107574, 107789, 107790, 107793, 107797, 107801, 107812, 108217, 108231, 108232, 108235, 108277, 108491, 108492, 108495, 108499, 108503, 108514, 108932, 108934, 108938, 108989, 109301, 109302, 109305, 109309, 109313, 109324, 109717, 109718, 109721, 109761, 110018, 110019, 110022, 110026, 110030, 110041, 110272, 110273, 110276, 110310, 110531, 110532, 110535, 110539, 110543, 110554, 111237, 111238, 111241, 111278, 111388, 111658, 111659, 111662, 111666, 111670, 111681, 112050, 112057, 112060, 112078, 112427, 112428, 112431, 112435, 112439, 112450, 112782, 112784, 112787, 112842, 112995, 112996, 112999, 113003, 113007, 113018, 113505, 113506, 113509, 113568, 113769, 113770, 113773, 113777, 113781, 113792, 114069, 114071, 114074, 114117, 114176, 114321, 114322, 114325, 114329, 114333, 114344, 114785, 114787, 114791, 114843, 115198, 115204, 115207, 115211, 115215, 115226, 115622, 115624, 115628, 115671, 115981, 115982, 115985, 115989, 115993, 116004, 116442, 116444, 116447, 116512, 116734, 116735, 116738, 116742, 116747, 116758, 117048, 117049, 117052, 117081, 117416, 117417, 117420, 117424, 117428, 117439, 118012, 118013, 118017, 118064, 118337, 118338, 118341, 118345, 118349, 118360, 118845, 118862, 118863, 118867, 118920, 119301, 119302, 119305, 119309, 119313, 119324, 119793, 119795, 119798, 119828, 119907, 119910, 120092, 120093, 120096, 120100, 120104, 120115, 120471, 120473, 120476, 120507, 120571, 120712, 120713, 120716, 120720, 120724, 120735, 121287, 121288, 121291, 121337, 121646, 121647, 121650, 121654, 121658, 121669, 122333, 122342, 122344, 122347, 122393, 122713, 122714, 122717, 122721, 122725, 122736, 123124, 123126, 123129, 123184, 123502, 123503, 123506, 123510, 123515, 123526, 123961, 123963, 123966, 123999, 124358, 124359, 124362, 124366, 124370, 124381, 124703, 124705, 124708, 124759, 124911, 124913, 124916, 124920, 124924, 124935, 125174, 125175, 125178, 125217, 125413, 125414, 125417, 125421, 125425, 125436, 125754, 125755, 125758, 125782, 126003, 126004, 126007, 126011, 126015, 126026, 126510, 126511, 126514, 126570, 126973, 126974, 126977, 126981, 126985, 126996, 127363, 127381, 127383, 127386, 127429, 127513, 127706, 127707, 127710, 127714, 127718, 127729, 128088, 128089, 128092, 128109, 128882, 128883, 128886, 128890, 128894, 128905, 129501, 129594, 129605, 129607, 129610, 129649, 130110, 130111, 130114, 130118, 130123, 130134, 130726, 130728, 130732, 130780, 130850, 131168, 131169, 131172, 131176, 131180, 131191, 131614, 131616, 131619, 131668, 132060, 132061, 132064, 132068, 132072, 132083, 132580, 132592, 132676, 132678, 132682, 132736, 132837, 133041, 133042, 133045, 133049, 133053, 133064, 133791, 133793, 133796, 133853, 134252, 134253, 134256, 134260, 134264, 134275, 134950, 134952, 134956, 135006, 135380, 135381, 135384, 135388, 135392, 135403, 135644, 135645, 135648, 135674, 135839, 135840, 135843, 135847, 135851, 135862, 136466, 136475, 136576, 136634, 136636, 136640, 136697, 136971, 137073, 137074, 137077, 137081, 137085, 137096, 137626, 137627, 137630, 137684, 138120, 138121, 138124, 138128, 138132, 138143, 138572, 138573, 138577, 138613, 138802, 138803, 138806, 138810, 138814, 138825, 139095, 139096, 139100, 139147, 139205, 139379, 139380, 139383, 139387, 139391, 139402, 139762, 139764, 139767, 139821, 140086, 140087, 140090, 140094, 140098, 140109, 140768, 140770, 140774, 140835, 141044, 141127, 141128, 141131, 141135, 141139, 141150, 141574, 141576, 141579, 141632, 141911, 141912, 141915, 141919, 141924, 141935, 142168, 142169, 142172, 142217, 142414, 142415, 142418, 142422, 142426, 142437, 142751, 142752, 142755, 142794, 142861, 143023, 143024, 143027, 143031, 143035, 143046, 143287, 143349, 143350, 143353, 143398, 143466, 143621, 143622, 143625, 143629, 143633, 143644, 143952, 143954, 143957, 143997, 144163, 144164, 144167, 144171, 144175, 144186, 144436, 144463, 144465, 144468, 144511, 144585, 144752, 144753, 144756, 144760, 144764, 144775, 145169, 145171, 145174, 145216, 145378, 145379, 145382, 145386, 145390, 145401, 145904, 145905, 145909, 145951, 146215, 146243, 146246, 146250, 146254, 146265, 146591, 146593, 146597, 146639, 146714, 147001, 147002, 147005, 147009, 147013, 147024, 147452, 147453, 147457, 147505, 147799, 147800, 147803, 147807, 147811, 147822, 148185, 148186, 148189, 148237, 148477, 148478, 148481, 148485, 148489, 148500, 148896, 148897, 148901, 148944, 149188, 149189, 149192, 149196, 149200, 149211, 149562, 149620, 149621, 149624, 149668, 149958, 149959, 149962, 149966, 149970, 149981, 150345, 150347, 150350, 150391, 150651, 150652, 150655, 150659, 150663, 150674, 151154, 151155, 151159, 151199, 151505, 151520, 151523, 151526, 151529, 151535, 151538, 151541, 151544, 151547, 151550, 151551, 151554, 151558, 151563, 151574, 152170, 152176, 152177, 152180, 152229, 153035, 153036, 153039, 153043, 153047, 153058, 153953, 154026, 154030, 154036, 154112, 154238, 154256, 154287, 154298, 154718, 154719, 154722, 154726, 154730, 154741, 155408, 155417, 155418, 155421, 155470, 156006, 156007, 156010, 156014, 156018, 156029, 156583, 156585, 156588, 156648, 156981, 156982, 156985, 156989, 156993, 157004, 157489, 157491, 157495, 157548, 157633, 157638, 157643, 157860, 157861, 157864, 157868, 157872, 157883, 158382, 158384, 158388, 158444, 158536, 158792, 158823, 158826, 158830, 158834, 158845, 159119, 159120, 159123, 159127, 159131, 159142, 159498, 159500, 159503, 159549, 159790, 159791, 159794, 159798, 159802, 159813, 160437, 160438, 160441, 160493, 160813, 160814, 160817, 160821, 160825, 160836, 161449, 161450, 161453, 161498, 161861, 161876, 161879, 161883, 161887, 161898, 162522, 162524, 162528, 162584, 162673, 162676, 162936, 162937, 162940, 162944, 162948, 162959, 163450, 163452, 163455, 163512, 163870, 163871, 163874, 163878, 163882, 163893, 164672, 164674, 164678, 164739, 165121, 165122, 165125, 165129, 165133, 165144, 165617, 165619, 165622, 165666, 165901, 165902, 165905, 165909, 165913, 165924, 166138, 166140, 166143, 166165, 166344, 166345, 166348, 166352, 166356, 166367, 166637, 166639, 166642, 166693, 166885, 166886, 166889, 166893, 166897, 166908, 167321, 167371, 167372, 167375, 167425, 167791, 167792, 167795, 167799, 167803, 167814, 168207, 168209, 168212, 168261, 168670, 168671, 168674, 168678, 168682, 168693, 169244, 169245, 169248, 169297, 169620, 169621, 169624, 169628, 169632, 169643, 169889, 169890, 169893, 169922, 170091, 170092, 170095, 170099, 170103, 170114, 170339, 170341, 170344, 170375, 170515, 170516, 170519, 170523, 170527, 170538, 170977, 170979, 170982, 171020, 171360, 171361, 171364, 171368, 171372, 171383, 171772, 171774, 171778, 171817, 171877, 172195, 172196, 172199, 172203, 172207, 172218, 173043, 173105, 173106, 173109, 173152, 173670, 173671, 173674, 173678, 173682, 173693, 174366, 174367, 174370, 174425, 174814, 174815, 174818, 174822, 174826, 174837, 175347, 175349, 175352, 175396, 175660, 175661, 175664, 175668, 175672, 175683, 176036, 176038, 176042, 176094, 176319, 176803, 176804, 176807, 176811, 176815, 176826, 177275, 177302, 177304, 177307, 177350, 177444, 177756, 177757, 177760, 177764, 177768, 177779, 178284, 178286, 178290, 178346, 178692, 178693, 178696, 178700, 178704, 178715, 179049, 179050, 179053, 179084, 179477, 179478, 179481, 179485, 179489, 179499, 179804, 179806, 179809, 179838, 179895, 180204, 180217, 180220, 180224, 180228, 180239, 180449, 180451, 180454, 180478, 180720, 180721, 180724, 180728, 180732, 180743, 180924, 180925, 180928, 180977, 181166, 181167, 181170, 181174, 181178, 181189, 181535, 181537, 181541, 181587, 181963, 181964, 181967, 181971, 181982, 182192, 182194, 182205, 182252, 182493, 182494, 182497, 182501, 182505, 182516, 183234, 183276, 183278, 183283, 183380, 183384, 183516, 183758, 183759, 183762, 183766, 183770, 183781, 184430, 184432, 184435, 184496, 184592, 184771, 184951, 184952, 184955, 184959, 184963, 184974, 185486, 185488, 185491, 185548, 185827, 185828, 185831, 185835, 185839, 185850, 186208, 186222, 186223, 186226, 186264, 186535, 186536, 186539, 186543, 186547, 186558, 186906, 186920, 186922, 186925, 186975, 187281, 187282, 187285, 187289, 187294, 187305, 187903, 187904, 187907, 187960]
27,15,[9521, 11761, 22684, 36429, 51822, 52231, 58276, 61939, 62891, 66579, 67824, 69088, 78006, 78572, 96016]
28,1,[456]
29,100,[157, 161, 405, 409, 653, 657, 901, 905, 1149, 1153, 1397, 1401, 1645, 1649, 1893, 1897, 2143, 2147, 2391, 2395, 2639, 2643, 2887, 2891, 3135, 3139, 3383, 3387, 3631, 3635, 3879, 3883, 4127, 4131, 4375, 4379, 4623, 4627, 4871, 4875, 5119, 5123, 5367, 5371, 5615, 5619, 5863, 5867, 6111, 6115, 6359, 6363, 6607, 6611, 6855, 6859, 7105, 7109, 7355, 7359, 7605, 7609, 7855, 7859, 8105, 8109, 8355, 8359, 8603, 8607, 8851, 8855, 9099, 9103, 9347, 9351, 9597, 9601, 9847, 9851, 10097, 10101, 10345, 10349, 10593, 10597, 10841, 10845, 11089, 11093, 11340, 11344, 11588, 11592, 11838, 11842, 12086, 12090, 12334, 12338]
30,5,[41581, 208632, 238409, 259924, 260691]
