10,100,[8819, 27007, 27204, 29217, 40296, 42510, 43663, 43766, 53591, 102085, 105866, 121698, 132805, 147945, 153679, 178551, 191821, 194398, 203784, 226028, 226034, 246262, 246294, 254369, 264395, 276397, 280789, 288729, 293907, 295886, 297924, 300753, 301928, 301944, 301996, 302375, 302711, 306018, 307295, 312118, 312939, 315059, 319362, 320786, 330656, 331130, 353705, 356455, 358327, 374233, 375739, 376638, 379913, 380966, 386356, 433248, 464302, 473667, 509751, 509810, 511789, 512036, 513011, 525889, 525910, 526276, 528355, 533704, 536851, 539607, 541017, 542680, 546367, 546380, 546676, 554011, 571163, 578369, 579226, 580816, 580978, 581014, 584706, 601708, 601824, 601850, 601895, 602380, 603152, 615499, 616631, 617385, 620529, 625321, 626396, 626646, 626959, 632548, 636241, 639496]
11,8,[2098, 3573, 4413, 4565, 5009, 9508, 14779, 15714]
12,9,[2544, 7264, 8427, 9343, 10512, 12270, 19768, 21047, 21351]
14,1,[76246]
15,42,[7008, 8151, 8408, 25957, 26876, 29809, 30901, 31717, 32932, 35449, 37327, 38534, 48595, 54294, 55540, 64242, 65291, 67077, 67080, 78259, 78321, 78637, 78847, 79676, 80034, 80736, 84181, 90789, 94222, 100539, 104205, 112233, 119339, 127879, 129168, 142383, 143112, 145872, 162662, 163891, 164627, 167925]
16,15,[1370, 4161, 7976, 18135, 19499, 24274, 24637, 28365, 29582, 30261, 31204, 31597, 33027, 33463, 33467]
17,6,[27383, 100360, 102854, 136044, 136490, 181676]
18,35,[7689, 9672, 11566, 12745, 23902, 24323, 24873, 25746, 28467, 29766, 41648, 43442, 43765, 44164, 45473, 45531, 54624, 66601, 66856, 71891, 75152, 78904, 89279, 90008, 90790, 96155, 101051, 103922, 104226, 110892, 125324, 133520, 143480, 145837, 148811]
19,4,[16879, 19290, 23342, 23507]
20,6,[10260, 11950, 15586, 23530, 28716, 31538]
21,6,[6196, 6210, 6997, 15456, 24546, 29054]
22,31,[66827, 66830, 70160, 70928, 81625, 81628, 85882, 92760, 93699, 99675, 99677, 99941, 100001, 100002, 100005, 100007, 101671, 103332, 104779, 112480, 124010, 124012, 125427, 125450, 128509, 128518, 128889, 133864, 133866, 133868, 134152]
23,19,[2632, 5742, 5759, 7384, 12371, 12748, 16622, 16842, 21473, 21942, 21945, 22637, 23540, 23868, 25815, 26383, 28875, 28978, 30181]
24,6,[2007, 3728, 25264, 27546, 31254, 34956]
25,1,[72693]
26,8,[10812, 12537, 16228, 24300, 29549, 32408, 32739, 47083]
27,22,[4297, 6863, 11007, 24961, 28116, 30392, 39198, 46951, 46973, 59799, 61909, 73604, 84096, 88766, 91955, 92385, 94016, 95419, 99533, 102367, 102580, 107878]
28,2,[3018, 11022]
30,100,[8725, 26913, 27110, 29123, 40198, 42412, 43565, 43668, 53492, 101978, 105755, 121587, 132693, 147832, 153566, 178428, 191689, 194266, 203642, 225878, 225884, 246109, 246141, 254216, 264239, 276241, 280634, 288573, 293750, 295729, 297766, 300595, 301770, 301786, 301838, 302217, 302553, 305860, 307137, 311959, 312780, 314900, 319203, 320627, 330497, 330971, 353546, 356296, 358167, 374070, 375576, 376475, 379750, 380803, 386193, 433078, 464131, 473497, 509582, 509641, 511620, 511867, 512842, 525717, 525738, 526104, 528180, 533529, 536676, 539432, 540842, 542505, 546192, 546205, 546501, 553833, 570983, 578189, 579046, 580636, 580798, 580834, 584521, 601511, 601627, 601653, 601698, 602183, 602955, 615265, 616392, 617142, 620277, 625064, 626139, 626389, 626702, 632273, 635966, 639221]
10,100,[8819, 27007, 27204, 29217, 40296, 42510, 43663, 43766, 53591, 102085, 105866, 121698, 132805, 147945, 153679, 178551, 191821, 194398, 203784, 226028, 226034, 246262, 246294, 254369, 264395, 276397, 280789, 288729, 293907, 295886, 297924, 300753, 301928, 301944, 301996, 302375, 302711, 306018, 307295, 312118, 312939, 315059, 319362, 320786, 330656, 331130, 353705, 356455, 358327, 374233, 375739, 376638, 379913, 380966, 386356, 433248, 464302, 473667, 509751, 509810, 511789, 512036, 513011, 525889, 525910, 526276, 528355, 533704, 536851, 539607, 541017, 542680, 546367, 546380, 546676, 554011, 571163, 578369, 579226, 580816, 580978, 581014, 584706, 601708, 601824, 601850, 601895, 602380, 603152, 615499, 616631, 617385, 620529, 625321, 626396, 626646, 626959, 632548, 636241, 639496]
11,8,[2098, 3573, 4413, 4565, 5009, 9508, 14779, 15714]
12,9,[2544, 7264, 8427, 9343, 10512, 12270, 19768, 21047, 21351]
14,1,[76246]
15,42,[7008, 8151, 8408, 25957, 26876, 29809, 30901, 31717, 32932, 35449, 37327, 38534, 48595, 54294, 55540, 64242, 65291, 67077, 67080, 78259, 78321, 78637, 78847, 79676, 80034, 80736, 84181, 90789, 94222, 100539, 104205, 112233, 119339, 127879, 129168, 142383, 143112, 145872, 162662, 163891, 164627, 167925]
16,15,[1370, 4161, 7976, 18135, 19499, 24274, 24637, 28365, 29582, 30261, 31204, 31597, 33027, 33463, 33467]
17,6,[27383, 100360, 102854, 136044, 136490, 181676]
18,35,[7689, 9672, 11566, 12745, 23902, 24323, 24873, 25746, 28467, 29766, 41648, 43442, 43765, 44164, 45473, 45531, 54624, 66601, 66856, 71891, 75152, 78904, 89279, 90008, 90790, 96155, 101051, 103922, 104226, 110892, 125324, 133520, 143480, 145837, 148811]
19,4,[16879, 19290, 23342, 23507]
20,6,[10260, 11950, 15586, 23530, 28716, 31538]
21,6,[6196, 6210, 6997, 15456, 24546, 29054]
22,31,[66827, 66830, 70160, 70928, 81625, 81628, 85882, 92760, 93699, 99675, 99677, 99941, 100001, 100002, 100005, 100007, 101671, 103332, 104779, 112480, 124010, 124012, 125427, 125450, 128509, 128518, 128889, 133864, 133866, 133868, 134152]
23,19,[2632, 5742, 5759, 7384, 12371, 12748, 16622, 16842, 21473, 21942, 21945, 22637, 23540, 23868, 25815, 26383, 28875, 28978, 30181]
24,6,[2007, 3728, 25264, 27546, 31254, 34956]
25,1,[72693]
26,8,[10812, 12537, 16228, 24300, 29549, 32408, 32739, 47083]
27,22,[4297, 6863, 11007, 24961, 28116, 30392, 39198, 46951, 46973, 59799, 61909, 73604, 84096, 88766, 91955, 92385, 94016, 95419, 99533, 102367, 102580, 107878]
28,2,[3018, 11022]
30,100,[8725, 26913, 27110, 29123, 40198, 42412, 43565, 43668, 53492, 101978, 105755, 121587, 132693, 147832, 153566, 178428, 191689, 194266, 203642, 225878, 225884, 246109, 246141, 254216, 264239, 276241, 280634, 288573, 293750, 295729, 297766, 300595, 301770, 301786, 301838, 302217, 302553, 305860, 307137, 311959, 312780, 314900, 319203, 320627, 330497, 330971, 353546, 356296, 358167, 374070, 375576, 376475, 379750, 380803, 386193, 433078, 464131, 473497, 509582, 509641, 511620, 511867, 512842, 525717, 525738, 526104, 528180, 533529, 536676, 539432, 540842, 542505, 546192, 546205, 546501, 553833, 570983, 578189, 579046, 580636, 580798, 580834, 584521, 601511, 601627, 601653, 601698, 602183, 602955, 615265, 616392, 617142, 620277, 625064, 626139, 626389, 626702, 632273, 635966, 639221]
