11,1,[20928]
15,7,[10800, 11202, 38773, 54956, 55320, 61456, 139896]
17,1,[29365]
18,18,[7632, 9679, 12670, 22329, 29020, 29472, 34401, 35767, 38930, 51615, 59966, 60096, 78886, 99856, 113724, 136462, 141426, 145540]
22,6,[799, 807, 828, 920, 67797, 68029]
23,3,[1416, 17388, 22153]
24,1,[37734]
27,6,[3735, 7548, 81548, 88050, 93204, 108123]
11,1,[20928]
15,7,[10800, 11202, 38773, 54956, 55320, 61456, 139896]
17,1,[29365]
18,18,[7632, 9679, 12670, 22329, 29020, 29472, 34401, 35767, 38930, 51615, 59966, 60096, 78886, 99856, 113724, 136462, 141426, 145540]
22,6,[799, 807, 828, 920, 67797, 68029]
23,3,[1416, 17388, 22153]
24,1,[37734]
27,6,[3735, 7548, 81548, 88050, 93204, 108123]
