10,4,[48186, 76319, 199144, 550298]
15,22,[3384, 14701, 15843, 32446, 33418, 46440, 47016, 48137, 68159, 72423, 74710, 107142, 107145, 108026, 117427, 117576, 117951, 120481, 129120, 129138, 132511, 142362]
16,1,[11687]
17,10,[126418, 126434, 137566, 137748, 137760, 141242, 141248, 142091, 142136, 170728]
18,2,[32201, 38215]
20,4,[2846, 5399, 20639, 40192]
21,1,[29073]
22,26,[9192, 9280, 9710, 9721, 9817, 22280, 29215, 31940, 31941, 31944, 31946, 31996, 31999, 32015, 38610, 38616, 38625, 38648, 41577, 41945, 57693, 73729, 76824, 99014, 116790, 141996]
24,2,[6677, 37387]
26,5,[5916, 27216, 46290, 59383, 59670]
27,6,[7635, 21248, 49939, 82917, 92038, 95608]
30,4,[48088, 76216, 199012, 550120]
10,4,[48186, 76319, 199144, 550298]
15,22,[3384, 14701, 15843, 32446, 33418, 46440, 47016, 48137, 68159, 72423, 74710, 107142, 107145, 108026, 117427, 117576, 117951, 120481, 129120, 129138, 132511, 142362]
16,1,[11687]
17,10,[126418, 126434, 137566, 137748, 137760, 141242, 141248, 142091, 142136, 170728]
18,2,[32201, 38215]
20,4,[2846, 5399, 20639, 40192]
21,1,[29073]
22,26,[9192, 9280, 9710, 9721, 9817, 22280, 29215, 31940, 31941, 31944, 31946, 31996, 31999, 32015, 38610, 38616, 38625, 38648, 41577, 41945, 57693, 73729, 76824, 99014, 116790, 141996]
24,2,[6677, 37387]
26,5,[5916, 27216, 46290, 59383, 59670]
27,6,[7635, 21248, 49939, 82917, 92038, 95608]
30,4,[48088, 76216, 199012, 550120]
