10,5,[301071, 516426, 524570, 536737, 584439]
15,4,[51325, 65244, 114381, 155358]
18,30,[4134, 22222, 25382, 26618, 36246, 37082, 44519, 46781, 48619, 48677, 49126, 49719, 55090, 55493, 68670, 72192, 83417, 84750, 90081, 91221, 91822, 92826, 93551, 104575, 105647, 123827, 128708, 128738, 135174, 135782]
20,4,[38349, 38720, 44578, 47654]
22,34,[725, 726, 729, 58397, 60925, 61561, 62281, 63866, 63868, 63870, 63892, 63895, 63897, 63899, 63927, 63962, 63964, 63966, 63968, 63970, 63972, 63974, 63976, 63978, 63981, 64060, 64141, 64145, 64185, 64187, 64189, 64727, 74535, 84386]
23,2,[889, 1200]
26,4,[39292, 39664, 45549, 48660]
27,3,[10585, 30397, 31829]
30,5,[300913, 516254, 524398, 536562, 584259]
10,5,[301071, 516426, 524570, 536737, 584439]
15,4,[51325, 65244, 114381, 155358]
18,30,[4134, 22222, 25382, 26618, 36246, 37082, 44519, 46781, 48619, 48677, 49126, 49719, 55090, 55493, 68670, 72192, 83417, 84750, 90081, 91221, 91822, 92826, 93551, 104575, 105647, 123827, 128708, 128738, 135174, 135782]
20,4,[38349, 38720, 44578, 47654]
22,34,[725, 726, 729, 58397, 60925, 61561, 62281, 63866, 63868, 63870, 63892, 63895, 63897, 63899, 63927, 63962, 63964, 63966, 63968, 63970, 63972, 63974, 63976, 63978, 63981, 64060, 64141, 64145, 64185, 64187, 64189, 64727, 74535, 84386]
23,2,[889, 1200]
26,4,[39292, 39664, 45549, 48660]
27,3,[10585, 30397, 31829]
30,5,[300913, 516254, 524398, 536562, 584259]
