10,12,[505910, 509267, 516452, 521047, 523980, 544813, 544975, 548491, 576185, 576926, 577231, 581685]
18,2,[3053, 12788]
23,1,[1592]
24,2,[28854, 37270]
26,1,[8888]
30,12,[505741, 509098, 516280, 520875, 523808, 544638, 544800, 548316, 576005, 576746, 577051, 581505]
10,12,[505910, 509267, 516452, 521047, 523980, 544813, 544975, 548491, 576185, 576926, 577231, 581685]
18,2,[3053, 12788]
23,1,[1592]
24,2,[28854, 37270]
26,1,[8888]
30,12,[505741, 509098, 516280, 520875, 523808, 544638, 544800, 548316, 576005, 576746, 577051, 581505]
