14,7,[44515, 52118, 59948, 99196, 104761, 130538, 181296]
15,5,[22566, 49079, 65119, 110797, 140936]
18,2,[31310, 89999]
21,1,[19815]
23,2,[108, 15684]
25,11,[4889, 7584, 38524, 42691, 77899, 95088, 100564, 117948, 124951, 139715, 173878]
27,1,[99624]
14,7,[44515, 52118, 59948, 99196, 104761, 130538, 181296]
15,5,[22566, 49079, 65119, 110797, 140936]
18,2,[31310, 89999]
21,1,[19815]
23,2,[108, 15684]
25,11,[4889, 7584, 38524, 42691, 77899, 95088, 100564, 117948, 124951, 139715, 173878]
27,1,[99624]
