6,1,[336]
10,7,[498280, 586529, 586538, 594169, 600707, 600755, 610253]
15,2,[11394, 25309]
17,5,[30344, 37914, 44193, 47091, 177674]
18,3,[76099, 126933, 131607]
22,1,[130988]
24,1,[18727]
26,1,[57853]
27,1,[100156]
30,7,[498111, 586344, 586353, 593978, 600510, 600558, 610036]
6,1,[336]
10,7,[498280, 586529, 586538, 594169, 600707, 600755, 610253]
15,2,[11394, 25309]
17,5,[30344, 37914, 44193, 47091, 177674]
18,3,[76099, 126933, 131607]
22,1,[130988]
24,1,[18727]
26,1,[57853]
27,1,[100156]
30,7,[498111, 586344, 586353, 593978, 600510, 600558, 610036]
