10,62,[30526, 41206, 44629, 71630, 75727, 75774, 76134, 76275, 77726, 77865, 77896, 77912, 77997, 80727, 80779, 80800, 80832, 92282, 110237, 111920, 114307, 115703, 118841, 120988, 184958, 200033, 249003, 283720, 285848, 316911, 326605, 327301, 328102, 335730, 336243, 336249, 342535, 363611, 375426, 378017, 382052, 383143, 383171, 385010, 386272, 386679, 386824, 390794, 390890, 391007, 411299, 429258, 473814, 484311, 493011, 529177, 548609, 604534, 625558, 633535, 637095, 637123]
15,2,[18296, 58026]
17,34,[18718, 21375, 22080, 22972, 27294, 40574, 44143, 65861, 67595, 67879, 68018, 68081, 68169, 68259, 68442, 69580, 69970, 76806, 78014, 78057, 78126, 80935, 93749, 123946, 130234, 144902, 158719, 180537, 183708, 184319, 184420, 198694, 198742, 201919]
18,1,[69465]
26,2,[13745, 57878]
27,2,[36832, 37937]
30,62,[30432, 41108, 44531, 71527, 75624, 75671, 76031, 76172, 77623, 77762, 77793, 77809, 77894, 80620, 80672, 80693, 80725, 92175, 110126, 111809, 114196, 115592, 118730, 120877, 184826, 199891, 248850, 283564, 285692, 316752, 326446, 327142, 327943, 335571, 336084, 336090, 342376, 363448, 375263, 377854, 381889, 382980, 383008, 384847, 386109, 386516, 386661, 390631, 390727, 390844, 411133, 429091, 473644, 484146, 492851, 529002, 548434, 604332, 625301, 633260, 636820, 636848]
10,62,[30526, 41206, 44629, 71630, 75727, 75774, 76134, 76275, 77726, 77865, 77896, 77912, 77997, 80727, 80779, 80800, 80832, 92282, 110237, 111920, 114307, 115703, 118841, 120988, 184958, 200033, 249003, 283720, 285848, 316911, 326605, 327301, 328102, 335730, 336243, 336249, 342535, 363611, 375426, 378017, 382052, 383143, 383171, 385010, 386272, 386679, 386824, 390794, 390890, 391007, 411299, 429258, 473814, 484311, 493011, 529177, 548609, 604534, 625558, 633535, 637095, 637123]
15,2,[18296, 58026]
17,34,[18718, 21375, 22080, 22972, 27294, 40574, 44143, 65861, 67595, 67879, 68018, 68081, 68169, 68259, 68442, 69580, 69970, 76806, 78014, 78057, 78126, 80935, 93749, 123946, 130234, 144902, 158719, 180537, 183708, 184319, 184420, 198694, 198742, 201919]
18,1,[69465]
26,2,[13745, 57878]
27,2,[36832, 37937]
30,62,[30432, 41108, 44531, 71527, 75624, 75671, 76031, 76172, 77623, 77762, 77793, 77809, 77894, 80620, 80672, 80693, 80725, 92175, 110126, 111809, 114196, 115592, 118730, 120877, 184826, 199891, 248850, 283564, 285692, 316752, 326446, 327142, 327943, 335571, 336084, 336090, 342376, 363448, 375263, 377854, 381889, 382980, 383008, 384847, 386109, 386516, 386661, 390631, 390727, 390844, 411133, 429091, 473644, 484146, 492851, 529002, 548434, 604332, 625301, 633260, 636820, 636848]
