10,56,[34748, 39911, 39918, 39935, 40008, 54016, 54021, 54037, 75630, 75633, 75644, 75648, 75714, 75724, 75796, 76140, 76149, 76160, 76164, 77559, 77598, 77696, 77715, 77854, 77943, 92269, 92277, 92288, 92318, 161426, 161427, 161432, 161441, 161450, 161487, 161495, 161501, 186665, 248983, 285792, 298687, 299075, 316002, 316129, 320765, 321561, 321690, 325928, 326814, 341627, 385783, 401972, 475580, 483803, 604878, 617349]
17,25,[22960, 24858, 26797, 66981, 67390, 67682, 67724, 68177, 85619, 85816, 87393, 90510, 92707, 101655, 103943, 117194, 154078, 154104, 154112, 154117, 154131, 163444, 164283, 201943, 205194]
20,3,[12853, 13413, 58064]
22,14,[4349, 19603, 70482, 97265, 99535, 120314, 120705, 122758, 125460, 150595, 153407, 154255, 155484, 158849]
26,5,[13440, 13880, 13996, 13998, 59250]
30,56,[34650, 39813, 39820, 39837, 39910, 53917, 53922, 53938, 75527, 75530, 75541, 75545, 75611, 75621, 75693, 76037, 76046, 76057, 76061, 77456, 77495, 77593, 77612, 77751, 77840, 92162, 92170, 92181, 92211, 161312, 161313, 161318, 161327, 161336, 161373, 161381, 161387, 186533, 248830, 285636, 298529, 298917, 315843, 315970, 320606, 321402, 321531, 325769, 326655, 341468, 385620, 401806, 475410, 483638, 604676, 617106]
10,56,[34748, 39911, 39918, 39935, 40008, 54016, 54021, 54037, 75630, 75633, 75644, 75648, 75714, 75724, 75796, 76140, 76149, 76160, 76164, 77559, 77598, 77696, 77715, 77854, 77943, 92269, 92277, 92288, 92318, 161426, 161427, 161432, 161441, 161450, 161487, 161495, 161501, 186665, 248983, 285792, 298687, 299075, 316002, 316129, 320765, 321561, 321690, 325928, 326814, 341627, 385783, 401972, 475580, 483803, 604878, 617349]
17,25,[22960, 24858, 26797, 66981, 67390, 67682, 67724, 68177, 85619, 85816, 87393, 90510, 92707, 101655, 103943, 117194, 154078, 154104, 154112, 154117, 154131, 163444, 164283, 201943, 205194]
20,3,[12853, 13413, 58064]
22,14,[4349, 19603, 70482, 97265, 99535, 120314, 120705, 122758, 125460, 150595, 153407, 154255, 155484, 158849]
26,5,[13440, 13880, 13996, 13998, 59250]
30,56,[34650, 39813, 39820, 39837, 39910, 53917, 53922, 53938, 75527, 75530, 75541, 75545, 75611, 75621, 75693, 76037, 76046, 76057, 76061, 77456, 77495, 77593, 77612, 77751, 77840, 92162, 92170, 92181, 92211, 161312, 161313, 161318, 161327, 161336, 161373, 161381, 161387, 186533, 248830, 285636, 298529, 298917, 315843, 315970, 320606, 321402, 321531, 325769, 326655, 341468, 385620, 401806, 475410, 483638, 604676, 617106]
