11,1,[18496]
12,1,[1196]
14,9,[8221, 86396, 103058, 106381, 139544, 153932, 165183, 171637, 181932]
15,2,[80684, 133564]
16,1,[752]
17,2,[70448, 140879]
18,16,[22628, 26988, 28556, 31996, 44400, 66276, 68488, 73215, 75050, 75340, 86891, 87424, 121567, 124339, 142512, 143849]
21,1,[25558]
22,9,[5645, 13591, 44318, 97009, 97010, 98668, 106444, 124940, 125110]
23,3,[12148, 14735, 20555]
25,9,[8454, 82747, 98903, 102030, 147429, 157451, 158368, 164842, 174515]
26,5,[5361, 28792, 32441, 34110, 53421]
27,4,[505, 5290, 24573, 68717]
11,1,[18496]
12,1,[1196]
14,9,[8221, 86396, 103058, 106381, 139544, 153932, 165183, 171637, 181932]
15,2,[80684, 133564]
16,1,[752]
17,2,[70448, 140879]
18,16,[22628, 26988, 28556, 31996, 44400, 66276, 68488, 73215, 75050, 75340, 86891, 87424, 121567, 124339, 142512, 143849]
21,1,[25558]
22,9,[5645, 13591, 44318, 97009, 97010, 98668, 106444, 124940, 125110]
23,3,[12148, 14735, 20555]
25,9,[8454, 82747, 98903, 102030, 147429, 157451, 158368, 164842, 174515]
26,5,[5361, 28792, 32441, 34110, 53421]
27,4,[505, 5290, 24573, 68717]
