10,11,[370944, 370951, 377968, 425701, 457677, 457690, 457703, 457717, 457732, 459333, 461477]
11,1,[20943]
19,8,[446, 1577, 1719, 2525, 7531, 11258, 12630, 21544]
20,1,[32002]
21,5,[652, 16809, 16824, 30612, 35506]
26,1,[32874]
27,1,[33658]
30,11,[370781, 370788, 377805, 425535, 457507, 457520, 457533, 457547, 457562, 459163, 461307]
10,11,[370944, 370951, 377968, 425701, 457677, 457690, 457703, 457717, 457732, 459333, 461477]
11,1,[20943]
19,8,[446, 1577, 1719, 2525, 7531, 11258, 12630, 21544]
20,1,[32002]
21,5,[652, 16809, 16824, 30612, 35506]
26,1,[32874]
27,1,[33658]
30,11,[370781, 370788, 377805, 425535, 457507, 457520, 457533, 457547, 457562, 459163, 461307]
