10,47,[104012, 104123, 104144, 104170, 104189, 104194, 104400, 104433, 104449, 104468, 104556, 128147, 140662, 140687, 141213, 141336, 141436, 141505, 141605, 197264, 242262, 242471, 312456, 312460, 313331, 321050, 321147, 321204, 321358, 323210, 323785, 324149, 324163, 326362, 332151, 332258, 332907, 334804, 343540, 343553, 349987, 364794, 373279, 374588, 374637, 402505, 619702]
14,5,[16241, 78800, 92516, 93258, 117324]
15,5,[16071, 34385, 112339, 141832, 147372]
17,3,[31837, 165288, 165761]
18,4,[12811, 78842, 115758, 118151]
20,4,[5932, 42975, 54795, 60649]
21,2,[17559, 31603]
22,12,[35252, 39621, 75407, 98146, 98710, 98711, 98724, 98744, 98823, 98825, 98827, 109527]
23,2,[3264, 28538]
24,1,[5972]
25,5,[16086, 75235, 88645, 89306, 112320]
26,4,[6450, 43924, 55955, 61946]
27,1,[80479]
28,1,[5908]
30,47,[103905, 104016, 104037, 104063, 104082, 104087, 104293, 104326, 104342, 104361, 104449, 128036, 140550, 140575, 141101, 141224, 141324, 141393, 141493, 197132, 242109, 242318, 312297, 312301, 313172, 320891, 320988, 321045, 321199, 323051, 323626, 323990, 324004, 326203, 331992, 332099, 332748, 334645, 343381, 343394, 349828, 364631, 373116, 374425, 374474, 402339, 619450]
10,47,[104012, 104123, 104144, 104170, 104189, 104194, 104400, 104433, 104449, 104468, 104556, 128147, 140662, 140687, 141213, 141336, 141436, 141505, 141605, 197264, 242262, 242471, 312456, 312460, 313331, 321050, 321147, 321204, 321358, 323210, 323785, 324149, 324163, 326362, 332151, 332258, 332907, 334804, 343540, 343553, 349987, 364794, 373279, 374588, 374637, 402505, 619702]
14,5,[16241, 78800, 92516, 93258, 117324]
15,5,[16071, 34385, 112339, 141832, 147372]
17,3,[31837, 165288, 165761]
18,4,[12811, 78842, 115758, 118151]
20,4,[5932, 42975, 54795, 60649]
21,2,[17559, 31603]
22,12,[35252, 39621, 75407, 98146, 98710, 98711, 98724, 98744, 98823, 98825, 98827, 109527]
23,2,[3264, 28538]
24,1,[5972]
25,5,[16086, 75235, 88645, 89306, 112320]
26,4,[6450, 43924, 55955, 61946]
27,1,[80479]
28,1,[5908]
30,47,[103905, 104016, 104037, 104063, 104082, 104087, 104293, 104326, 104342, 104361, 104449, 128036, 140550, 140575, 141101, 141224, 141324, 141393, 141493, 197132, 242109, 242318, 312297, 312301, 313172, 320891, 320988, 321045, 321199, 323051, 323626, 323990, 324004, 326203, 331992, 332099, 332748, 334645, 343381, 343394, 349828, 364631, 373116, 374425, 374474, 402339, 619450]
