9,1,[2653]
14,20,[2476, 2516, 2696, 16498, 26940, 31777, 32698, 54975, 58430, 78444, 78457, 91693, 124294, 132479, 138594, 138613, 140163, 156203, 165181, 183198]
22,1,[97775]
25,22,[2830, 2870, 3050, 16310, 26089, 30689, 31568, 44762, 52792, 56058, 74907, 74920, 87851, 119096, 126767, 132693, 132711, 134323, 149572, 158366, 165398, 175735]
26,1,[65581]
9,1,[2653]
14,20,[2476, 2516, 2696, 16498, 26940, 31777, 32698, 54975, 58430, 78444, 78457, 91693, 124294, 132479, 138594, 138613, 140163, 156203, 165181, 183198]
22,1,[97775]
25,22,[2830, 2870, 3050, 16310, 26089, 30689, 31568, 44762, 52792, 56058, 74907, 74920, 87851, 119096, 126767, 132693, 132711, 134323, 149572, 158366, 165398, 175735]
26,1,[65581]
