11,2,[15865, 19805]
12,5,[2073, 3833, 5313, 5322, 14534]
14,8,[12709, 18986, 44511, 114751, 122304, 128549, 155128, 178174]
15,24,[3059, 14200, 28323, 29415, 37301, 43396, 48635, 61068, 61465, 63441, 68029, 68672, 71086, 82706, 92149, 94874, 102963, 113532, 113876, 131374, 133959, 144241, 148460, 170378]
17,1,[113370]
18,39,[10668, 11100, 12504, 14792, 26800, 28187, 30330, 31535, 34530, 39931, 40891, 43160, 43592, 43979, 44029, 44294, 46345, 58818, 59311, 59359, 59365, 59603, 60068, 60435, 61327, 61628, 62552, 64993, 72461, 74188, 78985, 79118, 82073, 97476, 101591, 108920, 122406, 143850, 145714]
20,1,[26619]
22,17,[2595, 7802, 8389, 8423, 8917, 11218, 11324, 18189, 18470, 18473, 18526, 18529, 18534, 32432, 88174, 134743, 161326]
23,3,[11280, 20280, 26276]
24,2,[34270, 41820]
25,6,[12783, 18605, 117182, 123099, 148529, 170863]
26,1,[27420]
27,14,[2422, 4862, 5066, 6840, 9249, 9303, 9914, 12540, 16890, 31309, 35883, 57380, 64495, 74659]
11,2,[15865, 19805]
12,5,[2073, 3833, 5313, 5322, 14534]
14,8,[12709, 18986, 44511, 114751, 122304, 128549, 155128, 178174]
15,24,[3059, 14200, 28323, 29415, 37301, 43396, 48635, 61068, 61465, 63441, 68029, 68672, 71086, 82706, 92149, 94874, 102963, 113532, 113876, 131374, 133959, 144241, 148460, 170378]
17,1,[113370]
18,39,[10668, 11100, 12504, 14792, 26800, 28187, 30330, 31535, 34530, 39931, 40891, 43160, 43592, 43979, 44029, 44294, 46345, 58818, 59311, 59359, 59365, 59603, 60068, 60435, 61327, 61628, 62552, 64993, 72461, 74188, 78985, 79118, 82073, 97476, 101591, 108920, 122406, 143850, 145714]
20,1,[26619]
22,17,[2595, 7802, 8389, 8423, 8917, 11218, 11324, 18189, 18470, 18473, 18526, 18529, 18534, 32432, 88174, 134743, 161326]
23,3,[11280, 20280, 26276]
24,2,[34270, 41820]
25,6,[12783, 18605, 117182, 123099, 148529, 170863]
26,1,[27420]
27,14,[2422, 4862, 5066, 6840, 9249, 9303, 9914, 12540, 16890, 31309, 35883, 57380, 64495, 74659]
