10,176,[22120, 22126, 22138, 22156, 22167, 22184, 22200, 22211, 22222, 22233, 136220, 136716, 136747, 136901, 146287, 150693, 168826, 168832, 183229, 185148, 185152, 185162, 187160, 187580, 192616, 200929, 200937, 200944, 202858, 209435, 209455, 209873, 209899, 210343, 212176, 212193, 212208, 212216, 212229, 212479, 212491, 212497, 212649, 212659, 212668, 213043, 213062, 213127, 213134, 213384, 213496, 213790, 213808, 213919, 213944, 219216, 219245, 219414, 219433, 219991, 220717, 221365, 225173, 225209, 225363, 225395, 227398, 227406, 228053, 228609, 228633, 228830, 228851, 229215, 229263, 229280, 229668, 229793, 229958, 229984, 230105, 230172, 230232, 230258, 230332, 230452, 230471, 230531, 230573, 230651, 230709, 230825, 230852, 231368, 232448, 234327, 234878, 234890, 235332, 235346, 235479, 235491, 237114, 237247, 237408, 237452, 237702, 239020, 239027, 239053, 239066, 239084, 239101, 239113, 239125, 239134, 240000, 240008, 249421, 249503, 255669, 255677, 255685, 255692, 255708, 256099, 260875, 260962, 260987, 261413, 262171, 262184, 262269, 262283, 262833, 264032, 266318, 266331, 266498, 266588, 266961, 267017, 267029, 267336, 268007, 268770, 268784, 269616, 270169, 270183, 270346, 270367, 270379, 271116, 271130, 274382, 274394, 274920, 274934, 275035, 276826, 276887, 276964, 276976, 277035, 292191, 379515, 405301, 416046, 426464, 586600, 586683, 586762, 593155, 636078, 639985]
15,6,[13298, 45509, 72257, 95951, 147154, 155776]
17,14,[79822, 204248, 204972, 206167, 206734, 206738, 207268, 207414, 207800, 207813, 208113, 208122, 208204, 208368]
18,1,[28322]
26,5,[3608, 25662, 26366, 27143, 62458]
30,176,[22026, 22032, 22044, 22062, 22073, 22090, 22106, 22117, 22128, 22139, 136108, 136604, 136635, 136789, 146174, 150580, 168703, 168709, 183097, 185016, 185020, 185030, 187028, 187448, 192484, 200787, 200795, 200802, 202716, 209293, 209313, 209731, 209757, 210201, 212034, 212051, 212066, 212074, 212087, 212337, 212349, 212355, 212507, 212517, 212526, 212901, 212920, 212985, 212992, 213242, 213354, 213648, 213666, 213777, 213802, 219076, 219105, 219274, 219293, 219841, 220567, 221215, 225023, 225059, 225213, 225245, 227248, 227256, 227903, 228459, 228483, 228680, 228701, 229065, 229113, 229130, 229518, 229643, 229808, 229834, 229955, 230022, 230082, 230108, 230182, 230302, 230321, 230381, 230423, 230501, 230559, 230675, 230702, 231218, 232298, 234177, 234728, 234740, 235182, 235196, 235329, 235341, 236964, 237097, 237258, 237302, 237552, 238867, 238874, 238900, 238913, 238931, 238948, 238960, 238972, 238981, 239847, 239855, 249268, 249350, 255516, 255524, 255532, 255539, 255555, 255943, 260719, 260806, 260831, 261257, 262015, 262028, 262113, 262127, 262677, 263876, 266162, 266175, 266342, 266432, 266805, 266861, 266873, 267180, 267851, 268614, 268628, 269460, 270013, 270027, 270190, 270211, 270223, 270960, 270974, 274226, 274238, 274764, 274778, 274879, 276670, 276731, 276808, 276820, 276879, 292034, 379352, 405135, 415880, 426298, 586415, 586498, 586577, 592964, 635803, 639710]
10,176,[22120, 22126, 22138, 22156, 22167, 22184, 22200, 22211, 22222, 22233, 136220, 136716, 136747, 136901, 146287, 150693, 168826, 168832, 183229, 185148, 185152, 185162, 187160, 187580, 192616, 200929, 200937, 200944, 202858, 209435, 209455, 209873, 209899, 210343, 212176, 212193, 212208, 212216, 212229, 212479, 212491, 212497, 212649, 212659, 212668, 213043, 213062, 213127, 213134, 213384, 213496, 213790, 213808, 213919, 213944, 219216, 219245, 219414, 219433, 219991, 220717, 221365, 225173, 225209, 225363, 225395, 227398, 227406, 228053, 228609, 228633, 228830, 228851, 229215, 229263, 229280, 229668, 229793, 229958, 229984, 230105, 230172, 230232, 230258, 230332, 230452, 230471, 230531, 230573, 230651, 230709, 230825, 230852, 231368, 232448, 234327, 234878, 234890, 235332, 235346, 235479, 235491, 237114, 237247, 237408, 237452, 237702, 239020, 239027, 239053, 239066, 239084, 239101, 239113, 239125, 239134, 240000, 240008, 249421, 249503, 255669, 255677, 255685, 255692, 255708, 256099, 260875, 260962, 260987, 261413, 262171, 262184, 262269, 262283, 262833, 264032, 266318, 266331, 266498, 266588, 266961, 267017, 267029, 267336, 268007, 268770, 268784, 269616, 270169, 270183, 270346, 270367, 270379, 271116, 271130, 274382, 274394, 274920, 274934, 275035, 276826, 276887, 276964, 276976, 277035, 292191, 379515, 405301, 416046, 426464, 586600, 586683, 586762, 593155, 636078, 639985]
15,6,[13298, 45509, 72257, 95951, 147154, 155776]
17,14,[79822, 204248, 204972, 206167, 206734, 206738, 207268, 207414, 207800, 207813, 208113, 208122, 208204, 208368]
18,1,[28322]
26,5,[3608, 25662, 26366, 27143, 62458]
30,176,[22026, 22032, 22044, 22062, 22073, 22090, 22106, 22117, 22128, 22139, 136108, 136604, 136635, 136789, 146174, 150580, 168703, 168709, 183097, 185016, 185020, 185030, 187028, 187448, 192484, 200787, 200795, 200802, 202716, 209293, 209313, 209731, 209757, 210201, 212034, 212051, 212066, 212074, 212087, 212337, 212349, 212355, 212507, 212517, 212526, 212901, 212920, 212985, 212992, 213242, 213354, 213648, 213666, 213777, 213802, 219076, 219105, 219274, 219293, 219841, 220567, 221215, 225023, 225059, 225213, 225245, 227248, 227256, 227903, 228459, 228483, 228680, 228701, 229065, 229113, 229130, 229518, 229643, 229808, 229834, 229955, 230022, 230082, 230108, 230182, 230302, 230321, 230381, 230423, 230501, 230559, 230675, 230702, 231218, 232298, 234177, 234728, 234740, 235182, 235196, 235329, 235341, 236964, 237097, 237258, 237302, 237552, 238867, 238874, 238900, 238913, 238931, 238948, 238960, 238972, 238981, 239847, 239855, 249268, 249350, 255516, 255524, 255532, 255539, 255555, 255943, 260719, 260806, 260831, 261257, 262015, 262028, 262113, 262127, 262677, 263876, 266162, 266175, 266342, 266432, 266805, 266861, 266873, 267180, 267851, 268614, 268628, 269460, 270013, 270027, 270190, 270211, 270223, 270960, 270974, 274226, 274238, 274764, 274778, 274879, 276670, 276731, 276808, 276820, 276879, 292034, 379352, 405135, 415880, 426298, 586415, 586498, 586577, 592964, 635803, 639710]
