10,15,[302264, 303138, 312086, 313522, 316030, 327177, 342970, 353328, 368122, 399735, 399874, 402787, 404520, 428800, 632399]
12,3,[18747, 18843, 19297]
17,2,[35170, 42672]
18,1,[58193]
21,1,[25746]
22,15,[72400, 103841, 103842, 103925, 103928, 103931, 103934, 106755, 115071, 115074, 115082, 115480, 117110, 118060, 118798]
24,5,[2620, 11901, 17128, 35374, 40329]
26,3,[31417, 33599, 54924]
27,7,[4834, 11977, 33797, 69604, 70324, 70537, 88855]
28,1,[6198]
30,15,[302106, 302980, 311927, 313363, 315871, 327018, 342811, 353169, 367959, 399569, 399708, 402621, 404354, 428633, 632124]
10,15,[302264, 303138, 312086, 313522, 316030, 327177, 342970, 353328, 368122, 399735, 399874, 402787, 404520, 428800, 632399]
12,3,[18747, 18843, 19297]
17,2,[35170, 42672]
18,1,[58193]
21,1,[25746]
22,15,[72400, 103841, 103842, 103925, 103928, 103931, 103934, 106755, 115071, 115074, 115082, 115480, 117110, 118060, 118798]
24,5,[2620, 11901, 17128, 35374, 40329]
26,3,[31417, 33599, 54924]
27,7,[4834, 11977, 33797, 69604, 70324, 70537, 88855]
28,1,[6198]
30,15,[302106, 302980, 311927, 313363, 315871, 327018, 342811, 353169, 367959, 399569, 399708, 402621, 404354, 428633, 632124]
