10,45,[42976, 124215, 125392, 157157, 165167, 168180, 200303, 203338, 227815, 228018, 255209, 255229, 263517, 267728, 267983, 268218, 272093, 272800, 291230, 291246, 291297, 295949, 318189, 333378, 338933, 357263, 401857, 424011, 445311, 474628, 481220, 496785, 528875, 529019, 537398, 540319, 555623, 569021, 575202, 576023, 594503, 601158, 609706, 630410, 630622]
17,9,[14416, 52702, 62559, 77885, 80403, 128108, 137999, 144975, 158699]
21,1,[25859]
26,5,[10780, 28846, 34744, 51401, 63229]
30,45,[42878, 124104, 125281, 157044, 165044, 168057, 200161, 203196, 227665, 227868, 255056, 255076, 263361, 267572, 267827, 268062, 271937, 272644, 291074, 291090, 291141, 295792, 318030, 333219, 338774, 357103, 401691, 423845, 445141, 474458, 481053, 496616, 528700, 528844, 537223, 540144, 555445, 568841, 575022, 575843, 594312, 600961, 609494, 630144, 630353]
10,45,[42976, 124215, 125392, 157157, 165167, 168180, 200303, 203338, 227815, 228018, 255209, 255229, 263517, 267728, 267983, 268218, 272093, 272800, 291230, 291246, 291297, 295949, 318189, 333378, 338933, 357263, 401857, 424011, 445311, 474628, 481220, 496785, 528875, 529019, 537398, 540319, 555623, 569021, 575202, 576023, 594503, 601158, 609706, 630410, 630622]
17,9,[14416, 52702, 62559, 77885, 80403, 128108, 137999, 144975, 158699]
21,1,[25859]
26,5,[10780, 28846, 34744, 51401, 63229]
30,45,[42878, 124104, 125281, 157044, 165044, 168057, 200161, 203196, 227665, 227868, 255056, 255076, 263361, 267572, 267827, 268062, 271937, 272644, 291074, 291090, 291141, 295792, 318030, 333219, 338774, 357103, 401691, 423845, 445141, 474458, 481053, 496616, 528700, 528844, 537223, 540144, 555445, 568841, 575022, 575843, 594312, 600961, 609494, 630144, 630353]
