12,1,[18920]
15,1,[2794]
16,1,[13896]
17,3,[62778, 101057, 131579]
18,20,[33179, 52488, 66281, 73621, 84278, 93069, 93592, 103917, 104136, 107831, 111778, 116802, 119194, 127542, 127769, 133693, 138915, 142011, 144125, 145549]
20,11,[4563, 26266, 30254, 30725, 34594, 37997, 38256, 39480, 39506, 58455, 62197]
21,1,[2003]
22,2,[1729, 84295]
26,11,[5081, 27064, 31102, 31588, 35482, 38915, 39200, 40421, 40447, 59645, 63534]
12,1,[18920]
15,1,[2794]
16,1,[13896]
17,3,[62778, 101057, 131579]
18,20,[33179, 52488, 66281, 73621, 84278, 93069, 93592, 103917, 104136, 107831, 111778, 116802, 119194, 127542, 127769, 133693, 138915, 142011, 144125, 145549]
20,11,[4563, 26266, 30254, 30725, 34594, 37997, 38256, 39480, 39506, 58455, 62197]
21,1,[2003]
22,2,[1729, 84295]
26,11,[5081, 27064, 31102, 31588, 35482, 38915, 39200, 40421, 40447, 59645, 63534]
