14,13,[954, 975, 1016, 1054, 4332, 21738, 45233, 69101, 71319, 139528, 168282, 195892, 195930]
15,1,[162039]
18,11,[118, 16001, 57160, 73393, 85346, 106391, 130602, 135521, 136657, 140414, 140434]
20,1,[20998]
21,2,[30413, 31692]
22,8,[768, 788, 2018, 49126, 75915, 75918, 120520, 123937]
24,1,[18691]
25,19,[1078, 1099, 1132, 1169, 4753, 4839, 21268, 24150, 43403, 62556, 65886, 68011, 75923, 79747, 80913, 161383, 187720, 187758, 194542]
26,1,[21736]
27,2,[19581, 92744]
14,13,[954, 975, 1016, 1054, 4332, 21738, 45233, 69101, 71319, 139528, 168282, 195892, 195930]
15,1,[162039]
18,11,[118, 16001, 57160, 73393, 85346, 106391, 130602, 135521, 136657, 140414, 140434]
20,1,[20998]
21,2,[30413, 31692]
22,8,[768, 788, 2018, 49126, 75915, 75918, 120520, 123937]
24,1,[18691]
25,19,[1078, 1099, 1132, 1169, 4753, 4839, 21268, 24150, 43403, 62556, 65886, 68011, 75923, 79747, 80913, 161383, 187720, 187758, 194542]
26,1,[21736]
27,2,[19581, 92744]
