10,1,[614906]
11,1,[9844]
12,2,[11840, 18340]
15,10,[31231, 38407, 46380, 66775, 75417, 105520, 109747, 152907, 168181, 169909]
16,1,[14267]
17,2,[148390, 148399]
18,1,[106631]
21,2,[9989, 31925]
22,1,[131557]
23,7,[6590, 6595, 8688, 12097, 12111, 26316, 27493]
24,2,[9461, 31539]
27,4,[35737, 86721, 91541, 93798]
30,1,[614672]
10,1,[614906]
11,1,[9844]
12,2,[11840, 18340]
15,10,[31231, 38407, 46380, 66775, 75417, 105520, 109747, 152907, 168181, 169909]
16,1,[14267]
17,2,[148390, 148399]
18,1,[106631]
21,2,[9989, 31925]
22,1,[131557]
23,7,[6590, 6595, 8688, 12097, 12111, 26316, 27493]
24,2,[9461, 31539]
27,4,[35737, 86721, 91541, 93798]
30,1,[614672]
