10,57,[4092, 10097, 17668, 26050, 32773, 34718, 86308, 150143, 162281, 268569, 292798, 296717, 304914, 321035, 327957, 328675, 328743, 328784, 333479, 335134, 335530, 335674, 336168, 337122, 337153, 337537, 339334, 339364, 342523, 342577, 360229, 372666, 388519, 391037, 391881, 399725, 427518, 427991, 431442, 438029, 438551, 442496, 442704, 445427, 450612, 472414, 477771, 482022, 493936, 514005, 547169, 548372, 550240, 550316, 558257, 572131, 638831]
11,5,[1580, 2829, 2910, 8115, 8300]
12,2,[7812, 18793]
15,6,[9487, 11136, 31507, 101821, 136791, 156865]
16,7,[1833, 16334, 19042, 24443, 29117, 30274, 31633]
17,20,[3414, 12222, 15497, 23321, 41813, 55312, 81569, 111725, 119581, 143566, 153872, 164028, 176297, 186279, 192082, 200888, 202987, 204932, 207171, 213809]
18,3,[2889, 21135, 145800]
19,2,[5211, 14284]
21,2,[2482, 16137]
22,2,[70117, 70517]
23,2,[12671, 13198]
24,7,[6152, 19018, 29778, 29997, 42112, 43073, 43422]
26,1,[50717]
27,14,[9757, 10458, 13478, 31532, 33472, 34341, 42286, 61351, 68758, 73988, 85434, 96313, 101671, 105115]
30,57,[3998, 10003, 17574, 25956, 32675, 34620, 86201, 150030, 162158, 268413, 292641, 296560, 304756, 320876, 327798, 328516, 328584, 328625, 333320, 334975, 335371, 335515, 336009, 336963, 336994, 337378, 339175, 339205, 342364, 342418, 360069, 372503, 388356, 390874, 391718, 399559, 427351, 427824, 431272, 437859, 438381, 442326, 442534, 445257, 450442, 472244, 477603, 481856, 493776, 513836, 546994, 548197, 550062, 550138, 558079, 571951, 638556]
10,57,[4092, 10097, 17668, 26050, 32773, 34718, 86308, 150143, 162281, 268569, 292798, 296717, 304914, 321035, 327957, 328675, 328743, 328784, 333479, 335134, 335530, 335674, 336168, 337122, 337153, 337537, 339334, 339364, 342523, 342577, 360229, 372666, 388519, 391037, 391881, 399725, 427518, 427991, 431442, 438029, 438551, 442496, 442704, 445427, 450612, 472414, 477771, 482022, 493936, 514005, 547169, 548372, 550240, 550316, 558257, 572131, 638831]
11,5,[1580, 2829, 2910, 8115, 8300]
12,2,[7812, 18793]
15,6,[9487, 11136, 31507, 101821, 136791, 156865]
16,7,[1833, 16334, 19042, 24443, 29117, 30274, 31633]
17,20,[3414, 12222, 15497, 23321, 41813, 55312, 81569, 111725, 119581, 143566, 153872, 164028, 176297, 186279, 192082, 200888, 202987, 204932, 207171, 213809]
18,3,[2889, 21135, 145800]
19,2,[5211, 14284]
21,2,[2482, 16137]
22,2,[70117, 70517]
23,2,[12671, 13198]
24,7,[6152, 19018, 29778, 29997, 42112, 43073, 43422]
26,1,[50717]
27,14,[9757, 10458, 13478, 31532, 33472, 34341, 42286, 61351, 68758, 73988, 85434, 96313, 101671, 105115]
30,57,[3998, 10003, 17574, 25956, 32675, 34620, 86201, 150030, 162158, 268413, 292641, 296560, 304756, 320876, 327798, 328516, 328584, 328625, 333320, 334975, 335371, 335515, 336009, 336963, 336994, 337378, 339175, 339205, 342364, 342418, 360069, 372503, 388356, 390874, 391718, 399559, 427351, 427824, 431272, 437859, 438381, 442326, 442534, 445257, 450442, 472244, 477603, 481856, 493776, 513836, 546994, 548197, 550062, 550138, 558079, 571951, 638556]
