10,14,[228161, 228207, 228237, 228373, 228390, 235617, 235634, 268056, 268082, 268308, 275250, 275330, 282478, 390314]
14,4,[33781, 110887, 152370, 156336]
15,3,[2059, 64165, 171769]
17,4,[62932, 78390, 110089, 154389]
18,2,[101020, 136072]
20,4,[1194, 15775, 21107, 41060]
22,15,[35707, 96401, 96518, 96977, 97167, 97327, 97329, 97333, 97336, 103204, 103367, 103396, 122751, 123691, 155485]
25,4,[32588, 106406, 146030, 149696]
26,5,[1558, 16420, 35910, 41994, 44073]
27,4,[69167, 95970, 96006, 98338]
30,14,[228011, 228057, 228087, 228223, 228240, 235467, 235484, 267900, 267926, 268152, 275094, 275174, 282323, 390151]
10,14,[228161, 228207, 228237, 228373, 228390, 235617, 235634, 268056, 268082, 268308, 275250, 275330, 282478, 390314]
14,4,[33781, 110887, 152370, 156336]
15,3,[2059, 64165, 171769]
17,4,[62932, 78390, 110089, 154389]
18,2,[101020, 136072]
20,4,[1194, 15775, 21107, 41060]
22,15,[35707, 96401, 96518, 96977, 97167, 97327, 97329, 97333, 97336, 103204, 103367, 103396, 122751, 123691, 155485]
25,4,[32588, 106406, 146030, 149696]
26,5,[1558, 16420, 35910, 41994, 44073]
27,4,[69167, 95970, 96006, 98338]
30,14,[228011, 228057, 228087, 228223, 228240, 235467, 235484, 267900, 267926, 268152, 275094, 275174, 282323, 390151]
