11,10,[7944, 8590, 8806, 11760, 14186, 16939, 17243, 17494, 18766, 19513]
12,15,[4628, 10116, 12362, 12844, 13544, 13822, 14121, 14390, 14874, 15771, 18351, 18478, 21671, 22057, 22787]
13,1,[1416]
14,2,[84050, 95907]
15,21,[6260, 22586, 24769, 30401, 50315, 54867, 55864, 69218, 77074, 78609, 87217, 89237, 109273, 113332, 116194, 116735, 127833, 138367, 138629, 139569, 153451]
16,2,[20832, 26019]
18,8,[24032, 32014, 50403, 58901, 87573, 96031, 123713, 137341]
19,1,[23617]
20,3,[32120, 38385, 44699]
21,1,[18860]
22,4,[13712, 18186, 52709, 52786]
23,1,[16442]
24,1,[5914]
25,2,[80343, 91849]
26,4,[32992, 38196, 39328, 45681]
27,11,[13417, 14052, 25806, 37520, 49387, 52853, 62538, 66113, 69139, 76578, 102685]
11,10,[7944, 8590, 8806, 11760, 14186, 16939, 17243, 17494, 18766, 19513]
12,15,[4628, 10116, 12362, 12844, 13544, 13822, 14121, 14390, 14874, 15771, 18351, 18478, 21671, 22057, 22787]
13,1,[1416]
14,2,[84050, 95907]
15,21,[6260, 22586, 24769, 30401, 50315, 54867, 55864, 69218, 77074, 78609, 87217, 89237, 109273, 113332, 116194, 116735, 127833, 138367, 138629, 139569, 153451]
16,2,[20832, 26019]
18,8,[24032, 32014, 50403, 58901, 87573, 96031, 123713, 137341]
19,1,[23617]
20,3,[32120, 38385, 44699]
21,1,[18860]
22,4,[13712, 18186, 52709, 52786]
23,1,[16442]
24,1,[5914]
25,2,[80343, 91849]
26,4,[32992, 38196, 39328, 45681]
27,11,[13417, 14052, 25806, 37520, 49387, 52853, 62538, 66113, 69139, 76578, 102685]
