10,22,[26304, 39335, 176095, 189335, 248395, 260144, 268117, 278640, 286172, 293248, 319734, 342595, 342601, 355987, 363347, 538797, 538821, 539242, 539783, 544287, 547697, 593018]
14,1,[33815]
15,2,[11568, 45851]
17,4,[2311, 2317, 52366, 70178]
18,34,[19855, 21108, 23977, 27558, 30323, 32895, 33806, 34731, 36445, 36609, 47111, 56313, 59438, 60773, 62393, 65874, 68871, 70522, 71651, 72185, 73039, 74951, 88298, 90667, 93097, 97338, 97468, 98088, 101866, 104684, 105716, 126957, 130250, 146212]
21,1,[14363]
22,2,[91314, 100718]
23,6,[4517, 17697, 19669, 21042, 25055, 27021]
24,2,[11601, 35283]
25,2,[32627, 160142]
26,1,[18840]
27,18,[952, 4292, 10752, 11181, 13180, 18569, 22267, 24351, 28093, 35558, 37347, 41041, 41569, 59928, 74315, 77560, 104395, 104697]
30,22,[26210, 39237, 175972, 189203, 248242, 259988, 267961, 278485, 286016, 293091, 319575, 342436, 342442, 355828, 363184, 538622, 538646, 539067, 539608, 544112, 547522, 592827]
10,22,[26304, 39335, 176095, 189335, 248395, 260144, 268117, 278640, 286172, 293248, 319734, 342595, 342601, 355987, 363347, 538797, 538821, 539242, 539783, 544287, 547697, 593018]
14,1,[33815]
15,2,[11568, 45851]
17,4,[2311, 2317, 52366, 70178]
18,34,[19855, 21108, 23977, 27558, 30323, 32895, 33806, 34731, 36445, 36609, 47111, 56313, 59438, 60773, 62393, 65874, 68871, 70522, 71651, 72185, 73039, 74951, 88298, 90667, 93097, 97338, 97468, 98088, 101866, 104684, 105716, 126957, 130250, 146212]
21,1,[14363]
22,2,[91314, 100718]
23,6,[4517, 17697, 19669, 21042, 25055, 27021]
24,2,[11601, 35283]
25,2,[32627, 160142]
26,1,[18840]
27,18,[952, 4292, 10752, 11181, 13180, 18569, 22267, 24351, 28093, 35558, 37347, 41041, 41569, 59928, 74315, 77560, 104395, 104697]
30,22,[26210, 39237, 175972, 189203, 248242, 259988, 267961, 278485, 286016, 293091, 319575, 342436, 342442, 355828, 363184, 538622, 538646, 539067, 539608, 544112, 547522, 592827]
