10,16,[15854, 92096, 159646, 160758, 186947, 249214, 303930, 309422, 582152, 589295, 625307, 627628, 627899, 628159, 630972, 631146]
14,6,[3298, 8819, 16751, 159752, 178826, 180942]
15,9,[46228, 74015, 82242, 122605, 126167, 149859, 159563, 164345, 164555]
17,2,[169883, 195719]
18,8,[966, 29924, 60198, 69574, 75658, 77103, 79461, 97872]
21,1,[23598]
22,4,[74876, 83276, 91766, 142746]
24,3,[9406, 31004, 37025]
25,5,[9060, 16554, 152858, 171477, 173530]
26,7,[717, 6406, 7413, 24264, 39453, 47996, 60820]
27,10,[25358, 25415, 27062, 30460, 32801, 53984, 92904, 92939, 94190, 99725]
30,16,[15760, 91989, 159533, 160644, 186815, 249061, 303772, 309264, 581972, 589110, 625050, 627368, 627639, 627899, 630701, 630875]
10,16,[15854, 92096, 159646, 160758, 186947, 249214, 303930, 309422, 582152, 589295, 625307, 627628, 627899, 628159, 630972, 631146]
14,6,[3298, 8819, 16751, 159752, 178826, 180942]
15,9,[46228, 74015, 82242, 122605, 126167, 149859, 159563, 164345, 164555]
17,2,[169883, 195719]
18,8,[966, 29924, 60198, 69574, 75658, 77103, 79461, 97872]
21,1,[23598]
22,4,[74876, 83276, 91766, 142746]
24,3,[9406, 31004, 37025]
25,5,[9060, 16554, 152858, 171477, 173530]
26,7,[717, 6406, 7413, 24264, 39453, 47996, 60820]
27,10,[25358, 25415, 27062, 30460, 32801, 53984, 92904, 92939, 94190, 99725]
30,16,[15760, 91989, 159533, 160644, 186815, 249061, 303772, 309264, 581972, 589110, 625050, 627368, 627639, 627899, 630701, 630875]
