10,4,[375793, 533860, 569877, 619757]
11,1,[2059]
13,1,[886]
15,8,[13247, 17670, 28024, 66285, 81298, 113335, 135657, 144821]
16,1,[9199]
17,2,[88387, 144621]
18,1,[123666]
19,4,[6581, 13573, 14008, 23071]
20,4,[33875, 47516, 61863, 66075]
21,6,[8411, 8762, 8862, 12541, 13649, 22872]
22,1,[160548]
23,3,[2234, 22998, 25383]
26,4,[34751, 48521, 63166, 67492]
27,8,[1784, 25664, 43561, 50980, 53749, 59905, 69546, 102578]
28,1,[6923]
30,4,[375630, 533685, 569697, 619505]
10,4,[375793, 533860, 569877, 619757]
11,1,[2059]
13,1,[886]
15,8,[13247, 17670, 28024, 66285, 81298, 113335, 135657, 144821]
16,1,[9199]
17,2,[88387, 144621]
18,1,[123666]
19,4,[6581, 13573, 14008, 23071]
20,4,[33875, 47516, 61863, 66075]
21,6,[8411, 8762, 8862, 12541, 13649, 22872]
22,1,[160548]
23,3,[2234, 22998, 25383]
26,4,[34751, 48521, 63166, 67492]
27,8,[1784, 25664, 43561, 50980, 53749, 59905, 69546, 102578]
28,1,[6923]
30,4,[375630, 533685, 569697, 619505]
