10,8,[285148, 330502, 342787, 388624, 388630, 473399, 475781, 486991]
15,2,[51945, 156404]
17,1,[207094]
18,3,[9112, 29984, 44412]
20,4,[1763, 7949, 31445, 61944]
22,6,[22821, 46756, 97191, 97286, 103452, 128293]
26,4,[2138, 8470, 32315, 63245]
27,1,[106194]
30,8,[284992, 330343, 342628, 388461, 388467, 473229, 475611, 486828]
10,8,[285148, 330502, 342787, 388624, 388630, 473399, 475781, 486991]
15,2,[51945, 156404]
17,1,[207094]
18,3,[9112, 29984, 44412]
20,4,[1763, 7949, 31445, 61944]
22,6,[22821, 46756, 97191, 97286, 103452, 128293]
26,4,[2138, 8470, 32315, 63245]
27,1,[106194]
30,8,[284992, 330343, 342628, 388461, 388467, 473229, 475611, 486828]
