9,1,[954]
14,66,[20176, 20221, 20251, 20254, 22385, 22399, 22442, 30771, 33931, 36693, 39932, 40035, 41765, 44839, 44844, 45556, 46287, 49811, 49839, 50844, 50918, 53181, 53238, 53260, 53275, 53280, 53287, 53295, 53315, 53336, 71949, 72082, 74675, 76000, 77050, 77058, 77069, 84552, 84967, 84973, 85030, 99043, 100117, 103119, 103143, 103182, 106062, 112750, 115666, 115687, 115827, 115835, 118342, 127279, 127290, 136155, 136218, 138131, 139253, 147372, 157591, 164025, 164052, 164060, 164941, 170182]
22,2,[19501, 116124]
23,2,[548, 600]
25,67,[19703, 21896, 21910, 21959, 29758, 32734, 35332, 38393, 38503, 40153, 43034, 43040, 43063, 43746, 47857, 47872, 48829, 48906, 50982, 51051, 51075, 51090, 51095, 51107, 51219, 51259, 52806, 53034, 68608, 68702, 71097, 72365, 73445, 73453, 73464, 77513, 80834, 81292, 81298, 81376, 94946, 96097, 98959, 98980, 99017, 108075, 110740, 110761, 110898, 110906, 113221, 121949, 121960, 130360, 130414, 132267, 133430, 133528, 141337, 150871, 156283, 157152, 157214, 157239, 157246, 158144, 163233]
9,1,[954]
14,66,[20176, 20221, 20251, 20254, 22385, 22399, 22442, 30771, 33931, 36693, 39932, 40035, 41765, 44839, 44844, 45556, 46287, 49811, 49839, 50844, 50918, 53181, 53238, 53260, 53275, 53280, 53287, 53295, 53315, 53336, 71949, 72082, 74675, 76000, 77050, 77058, 77069, 84552, 84967, 84973, 85030, 99043, 100117, 103119, 103143, 103182, 106062, 112750, 115666, 115687, 115827, 115835, 118342, 127279, 127290, 136155, 136218, 138131, 139253, 147372, 157591, 164025, 164052, 164060, 164941, 170182]
22,2,[19501, 116124]
23,2,[548, 600]
25,67,[19703, 21896, 21910, 21959, 29758, 32734, 35332, 38393, 38503, 40153, 43034, 43040, 43063, 43746, 47857, 47872, 48829, 48906, 50982, 51051, 51075, 51090, 51095, 51107, 51219, 51259, 52806, 53034, 68608, 68702, 71097, 72365, 73445, 73453, 73464, 77513, 80834, 81292, 81298, 81376, 94946, 96097, 98959, 98980, 99017, 108075, 110740, 110761, 110898, 110906, 113221, 121949, 121960, 130360, 130414, 132267, 133430, 133528, 141337, 150871, 156283, 157152, 157214, 157239, 157246, 158144, 163233]
