10,81,[6573, 7410, 51281, 76107, 161137, 162615, 188791, 188797, 188855, 302001, 305458, 307958, 320966, 321505, 321707, 348232, 348357, 348444, 349430, 349912, 351403, 351563, 352584, 352765, 352833, 352958, 353170, 355208, 355277, 355421, 355440, 358555, 360365, 360568, 387143, 395973, 398616, 446664, 475216, 484478, 493210, 507988, 508011, 515007, 522847, 524859, 528952, 533155, 539173, 539260, 540922, 541932, 542286, 542324, 542351, 543571, 543602, 543907, 545541, 589045, 593153, 600897, 601520, 601532, 606354, 615305, 615470, 615496, 623539, 623577, 623928, 623947, 624834, 632038, 632904, 632938, 634070, 636960, 638793, 639092, 639192]
11,1,[17683]
12,1,[20711]
14,10,[10430, 11003, 13228, 19521, 56255, 82276, 119325, 157011, 158946, 180380]
15,8,[19098, 92771, 119594, 125276, 128011, 131713, 143872, 145552]
16,2,[12839, 12916]
17,21,[28835, 28838, 28847, 29141, 41084, 45602, 53071, 59535, 67255, 81769, 90325, 128851, 134189, 149156, 155759, 155861, 190321, 191030, 204144, 206459, 207575]
18,8,[32965, 56559, 61391, 94428, 95342, 97017, 100272, 114781]
20,10,[3284, 14697, 17391, 17773, 20655, 24980, 37329, 51432, 58945, 61425]
21,12,[1476, 17470, 17678, 18577, 18846, 19596, 20411, 31759, 31764, 31805, 33085, 35634]
22,17,[14170, 51601, 55770, 82159, 92285, 114070, 124723, 124744, 124771, 124774, 124812, 124830, 124833, 124834, 134791, 135317, 148412]
23,5,[4444, 5233, 9955, 15344, 20383]
24,19,[60, 9001, 9005, 9146, 10009, 10127, 10246, 10504, 11281, 11820, 16356, 16953, 17412, 17417, 22173, 30484, 30834, 35129, 39017]
25,12,[7805, 10621, 11172, 13270, 49135, 53892, 78582, 114280, 150317, 152144, 172999, 197144]
26,10,[3767, 15306, 18058, 18450, 21383, 25765, 38245, 52493, 60186, 62729]
27,16,[4036, 4090, 12257, 13250, 20736, 21023, 25927, 33610, 38977, 42359, 64449, 77864, 85313, 85512, 91470, 105341]
28,3,[7698, 8735, 8740]
30,81,[6479, 7316, 51183, 76004, 161023, 162492, 188659, 188665, 188723, 301843, 305300, 307800, 320807, 321346, 321548, 348073, 348198, 348285, 349271, 349753, 351244, 351404, 352425, 352606, 352674, 352799, 353011, 355049, 355118, 355262, 355281, 358395, 360205, 360408, 386980, 395807, 398450, 446494, 475046, 484313, 493050, 507819, 507842, 514838, 522675, 524687, 528777, 532980, 538998, 539085, 540747, 541757, 542111, 542149, 542176, 543396, 543427, 543732, 545366, 588860, 592962, 600700, 601323, 601335, 606147, 615071, 615236, 615262, 623285, 623323, 623674, 623693, 624580, 631763, 632629, 632663, 633795, 636685, 638518, 638817, 638917]
10,81,[6573, 7410, 51281, 76107, 161137, 162615, 188791, 188797, 188855, 302001, 305458, 307958, 320966, 321505, 321707, 348232, 348357, 348444, 349430, 349912, 351403, 351563, 352584, 352765, 352833, 352958, 353170, 355208, 355277, 355421, 355440, 358555, 360365, 360568, 387143, 395973, 398616, 446664, 475216, 484478, 493210, 507988, 508011, 515007, 522847, 524859, 528952, 533155, 539173, 539260, 540922, 541932, 542286, 542324, 542351, 543571, 543602, 543907, 545541, 589045, 593153, 600897, 601520, 601532, 606354, 615305, 615470, 615496, 623539, 623577, 623928, 623947, 624834, 632038, 632904, 632938, 634070, 636960, 638793, 639092, 639192]
11,1,[17683]
12,1,[20711]
14,10,[10430, 11003, 13228, 19521, 56255, 82276, 119325, 157011, 158946, 180380]
15,8,[19098, 92771, 119594, 125276, 128011, 131713, 143872, 145552]
16,2,[12839, 12916]
17,21,[28835, 28838, 28847, 29141, 41084, 45602, 53071, 59535, 67255, 81769, 90325, 128851, 134189, 149156, 155759, 155861, 190321, 191030, 204144, 206459, 207575]
18,8,[32965, 56559, 61391, 94428, 95342, 97017, 100272, 114781]
20,10,[3284, 14697, 17391, 17773, 20655, 24980, 37329, 51432, 58945, 61425]
21,12,[1476, 17470, 17678, 18577, 18846, 19596, 20411, 31759, 31764, 31805, 33085, 35634]
22,17,[14170, 51601, 55770, 82159, 92285, 114070, 124723, 124744, 124771, 124774, 124812, 124830, 124833, 124834, 134791, 135317, 148412]
23,5,[4444, 5233, 9955, 15344, 20383]
24,19,[60, 9001, 9005, 9146, 10009, 10127, 10246, 10504, 11281, 11820, 16356, 16953, 17412, 17417, 22173, 30484, 30834, 35129, 39017]
25,12,[7805, 10621, 11172, 13270, 49135, 53892, 78582, 114280, 150317, 152144, 172999, 197144]
26,10,[3767, 15306, 18058, 18450, 21383, 25765, 38245, 52493, 60186, 62729]
27,16,[4036, 4090, 12257, 13250, 20736, 21023, 25927, 33610, 38977, 42359, 64449, 77864, 85313, 85512, 91470, 105341]
28,3,[7698, 8735, 8740]
30,81,[6479, 7316, 51183, 76004, 161023, 162492, 188659, 188665, 188723, 301843, 305300, 307800, 320807, 321346, 321548, 348073, 348198, 348285, 349271, 349753, 351244, 351404, 352425, 352606, 352674, 352799, 353011, 355049, 355118, 355262, 355281, 358395, 360205, 360408, 386980, 395807, 398450, 446494, 475046, 484313, 493050, 507819, 507842, 514838, 522675, 524687, 528777, 532980, 538998, 539085, 540747, 541757, 542111, 542149, 542176, 543396, 543427, 543732, 545366, 588860, 592962, 600700, 601323, 601335, 606147, 615071, 615236, 615262, 623285, 623323, 623674, 623693, 624580, 631763, 632629, 632663, 633795, 636685, 638518, 638817, 638917]
