8,3,[272, 544, 549]
9,10,[146, 206, 1133, 1362, 1412, 1422, 2159, 2162, 2411, 2588]
10,359,[6722, 6726, 9220, 13403, 13429, 30446, 30459, 30472, 30564, 30598, 40724, 40920, 41067, 41074, 41189, 41509, 50284, 50292, 50301, 50309, 50405, 62631, 62663, 63289, 63296, 63304, 63319, 63326, 63334, 63377, 63409, 64106, 67563, 67573, 67581, 67607, 67644, 67654, 67662, 67877, 67887, 67895, 67918, 67946, 67956, 67964, 92356, 93676, 95295, 98466, 106561, 109423, 109832, 113484, 113968, 114064, 114694, 116835, 117086, 118874, 119095, 122990, 126586, 127601, 128661, 130045, 134276, 138882, 142960, 145905, 146010, 147367, 149198, 153144, 155836, 156076, 159735, 161497, 165131, 167814, 168792, 183425, 183453, 191093, 191546, 192578, 195461, 195859, 196141, 198770, 201109, 203814, 204931, 205390, 205406, 205611, 209664, 209784, 211889, 212563, 212685, 218722, 219276, 226865, 227265, 227718, 228068, 228259, 229298, 230002, 230727, 230862, 231568, 232468, 235512, 235530, 236544, 242005, 245833, 246706, 257088, 257101, 257257, 257299, 257316, 257354, 262852, 264849, 266361, 267626, 268024, 268802, 269634, 270201, 270389, 271150, 273455, 275046, 275062, 281777, 284323, 287798, 288619, 289271, 290981, 295582, 299095, 304492, 306317, 307666, 307787, 307925, 308025, 308231, 308481, 310234, 310868, 310916, 312381, 312389, 313535, 313578, 313587, 313688, 314298, 314639, 314831, 314983, 316119, 317445, 320461, 320834, 320867, 320917, 321124, 321436, 322214, 323868, 324328, 327193, 327438, 328045, 328708, 328961, 329645, 329676, 331370, 331537, 331734, 332230, 333451, 336311, 336862, 337025, 337364, 337383, 337449, 338624, 338631, 338637, 339582, 340170, 340798, 342621, 342801, 342928, 342992, 343312, 343529, 343872, 343874, 343923, 343925, 345910, 346289, 346463, 346486, 347591, 347621, 348135, 349034, 349177, 349805, 350627, 350686, 350825, 352122, 352385, 352465, 353335, 353936, 354965, 358091, 360304, 361424, 362889, 367236, 367311, 375688, 375958, 376709, 381047, 381106, 383106, 383299, 383755, 384832, 387320, 390680, 391070, 393600, 396001, 402814, 402914, 405598, 406001, 412261, 412294, 414332, 422939, 428050, 428076, 429013, 430280, 431773, 434483, 438659, 439764, 440100, 440173, 440331, 442324, 442432, 442571, 450642, 450682, 450731, 454580, 460727, 460766, 471578, 475836, 478461, 479208, 482541, 486865, 490368, 490661, 490837, 493511, 493520, 493685, 495705, 498374, 498406, 498586, 498804, 508200, 508261, 508515, 508573, 510351, 512489, 512504, 513836, 514525, 514688, 518479, 523096, 523158, 524768, 526679, 527294, 527753, 528026, 528235, 532816, 535418, 537576, 539940, 545469, 546973, 547288, 547864, 561738, 563961, 565403, 565535, 565575, 565915, 566673, 567682, 569274, 569290, 569749, 573205, 588189, 600859, 604084, 606231, 607888, 610805, 618011, 618189, 620248, 621301, 622506, 623162, 626544, 627848, 631729, 631761, 631817, 631860, 633327, 633470, 635409, 636969, 641148]
11,32,[543, 575, 608, 1375, 1908, 2405, 2897, 6323, 6654, 6705, 7201, 7392, 7397, 7684, 8349, 8390, 8956, 9615, 9892, 10041, 10346, 10414, 12221, 12396, 13130, 14585, 14758, 14955, 14970, 18675, 19561, 20336]
12,19,[1941, 2624, 3301, 3325, 3472, 4173, 6393, 9854, 9953, 13192, 13219, 15090, 17793, 17881, 19206, 19422, 19830, 20470, 21736]
13,5,[469, 1666, 1874, 2364, 3389]
14,18,[8443, 8821, 42448, 45506, 50794, 56200, 121365, 122976, 125590, 138391, 142041, 142077, 145655, 145666, 149989, 159754, 161682, 180944]
15,151,[279, 288, 2031, 2385, 2654, 3310, 3485, 4276, 4459, 6761, 7000, 7902, 16292, 21231, 22004, 22516, 23904, 24784, 26911, 28230, 29397, 29603, 29690, 30597, 30602, 30619, 30627, 32030, 32928, 33842, 38853, 40352, 40442, 40765, 41126, 41151, 41673, 42701, 42858, 42950, 42966, 43009, 43076, 43297, 43544, 45005, 46347, 46406, 53560, 53764, 54081, 54307, 55222, 55476, 57413, 61255, 65189, 66422, 67270, 67844, 69516, 70094, 70948, 72961, 74194, 75894, 77201, 81102, 81432, 82215, 83004, 83097, 83263, 83326, 83614, 83802, 84076, 84707, 84731, 84856, 85732, 91400, 91527, 91536, 92450, 94260, 98907, 99561, 99642, 99711, 99790, 100188, 101063, 101153, 101157, 101246, 101338, 101439, 102136, 102388, 102591, 102606, 102629, 102755, 103020, 103096, 103167, 103300, 103398, 103408, 103445, 103555, 106796, 107743, 109137, 110935, 110950, 111025, 112204, 112264, 112291, 112465, 117330, 118554, 119136, 122110, 123072, 123095, 123190, 126620, 128149, 128170, 132823, 135050, 136759, 138123, 140343, 142403, 143206, 143312, 143604, 150327, 151915, 153280, 153326, 153471, 159126, 159138, 164652, 167596, 170012]
16,33,[296, 3046, 4398, 5417, 7323, 7677, 8128, 8210, 9299, 9793, 9799, 9813, 11324, 11700, 15465, 19064, 19844, 21572, 21769, 24283, 24306, 31625, 32452, 32457, 32462, 32467, 33222, 33600, 34337, 34607, 34812, 35822, 36245]
17,52,[9866, 18516, 20119, 34280, 34355, 38098, 38102, 38128, 41108, 51124, 51135, 59444, 60141, 76744, 76764, 79386, 79393, 79420, 79950, 79963, 86928, 88256, 88262, 100136, 100562, 107630, 111280, 139380, 141591, 141706, 141718, 144123, 150270, 152203, 152529, 166464, 168667, 168797, 177944, 178166, 181803, 185639, 189913, 190062, 198965, 207281, 207727, 209019, 211264, 213819, 214741, 217099]
18,104,[1320, 1344, 1404, 3360, 3667, 5847, 9134, 9172, 9209, 19575, 23959, 24011, 27285, 28004, 29364, 31935, 31973, 31988, 32370, 34052, 35117, 35382, 35828, 35860, 37429, 37814, 38107, 38871, 43925, 44987, 45019, 46417, 46574, 46604, 47813, 48034, 50039, 56210, 65362, 70078, 70900, 70922, 70926, 71488, 71754, 71771, 72001, 72168, 72321, 72333, 72577, 73639, 73655, 73664, 73689, 73892, 83371, 86811, 86829, 87609, 90585, 90606, 90632, 94473, 95123, 95182, 95186, 95361, 95483, 96458, 97876, 98998, 99010, 99163, 100154, 102073, 104878, 104981, 109431, 109436, 109949, 112330, 114965, 114976, 115242, 115255, 115531, 115567, 116110, 118503, 120778, 123175, 125244, 129349, 129458, 129653, 129722, 131990, 137406, 137450, 138852, 139898, 144722, 144734]
19,15,[835, 1350, 1364, 1926, 3929, 7403, 8012, 8791, 16669, 17475, 18192, 21797, 21848, 25902, 26420]
20,57,[955, 1559, 2509, 3257, 5012, 5974, 6333, 8810, 10349, 11891, 12118, 12207, 12488, 13279, 15027, 17479, 19012, 19634, 21813, 26505, 27270, 27623, 27657, 27663, 27782, 28103, 28645, 28655, 29327, 30435, 31187, 31844, 31918, 32266, 32809, 33041, 33134, 33562, 33588, 33955, 38638, 41773, 44404, 45743, 45992, 46399, 49991, 50063, 52095, 52473, 54232, 60603, 62232, 62552, 62650, 64343, 64974]
21,11,[2395, 5518, 13836, 14417, 16091, 16094, 16383, 23774, 29104, 29936, 30034]
22,132,[3422, 3425, 14982, 15047, 17452, 17960, 19202, 19204, 20920, 21200, 21202, 24720, 29182, 29238, 29245, 29814, 29817, 29931, 29936, 29944, 31400, 31891, 32130, 32200, 32201, 32208, 32601, 32950, 32999, 38432, 38436, 38476, 38993, 40465, 42306, 42311, 61432, 62198, 65050, 65054, 66761, 67921, 68875, 69608, 69659, 69860, 69958, 69963, 69966, 69991, 74423, 74504, 74720, 75303, 76763, 77945, 79363, 79372, 79377, 82229, 82232, 85938, 87782, 93592, 94126, 94822, 96450, 97240, 97307, 97311, 102941, 104740, 104748, 105393, 108192, 108194, 109869, 113089, 114472, 114477, 114517, 115184, 119322, 120874, 120883, 121186, 121220, 121386, 121388, 123393, 131084, 133533, 143999, 144004, 144010, 147944, 149730, 149731, 149784, 149809, 149814, 149833, 149876, 150045, 150061, 150081, 150131, 150140, 150142, 150165, 150175, 150218, 150234, 150250, 150252, 150271, 150288, 150458, 150643, 151790, 151792, 152956, 153440, 153454, 153512, 154281, 154306, 154308, 157631, 158053, 158892, 161422]
23,17,[4371, 11847, 18827, 18904, 19158, 21399, 21489, 22036, 25351, 25416, 25426, 25983, 28325, 29144, 29547, 29788, 30515]
24,42,[2433, 4850, 4949, 10678, 10942, 11212, 11979, 12369, 12711, 13469, 13874, 15273, 16816, 17395, 19342, 19377, 23043, 23067, 23167, 23774, 24142, 24719, 25001, 25143, 26098, 26334, 28666, 28668, 28689, 30869, 33762, 35432, 35525, 39265, 39391, 39468, 40122, 40391, 41019, 42035, 42047, 42261]
25,23,[8651, 9062, 35397, 40780, 43698, 48775, 53842, 62535, 81527, 116343, 117850, 120309, 120314, 130538, 132500, 136061, 136080, 139591, 139602, 143799, 152860, 154946, 173532]
26,57,[1320, 1933, 2911, 3740, 5527, 6492, 6852, 9354, 10902, 12477, 12703, 12793, 13075, 13864, 15659, 18148, 19720, 20343, 22565, 27306, 28095, 28451, 28484, 28490, 28610, 28937, 29475, 29486, 30170, 31286, 32056, 32717, 32790, 33139, 33685, 33919, 34012, 34435, 34461, 34833, 39582, 42707, 45373, 46745, 46993, 47406, 51037, 51107, 53177, 53573, 55394, 61900, 63569, 63891, 63990, 65741, 66380]
27,64,[2411, 2494, 8432, 9046, 10418, 11837, 13938, 15264, 16211, 16212, 16268, 16372, 17357, 22189, 22965, 24779, 25677, 25680, 25995, 27598, 29463, 31471, 35587, 37057, 40716, 40724, 42252, 43115, 49294, 49300, 49381, 49623, 50001, 52914, 52924, 55669, 57074, 60224, 60257, 61473, 63496, 63498, 64334, 64675, 65523, 72945, 77835, 78374, 81244, 83350, 85975, 87725, 92789, 92862, 94848, 96221, 96784, 100402, 101863, 103951, 107121, 107263, 108026, 108482]
28,6,[2943, 2953, 3776, 3931, 6422, 7406]
30,359,[6628, 6632, 9126, 13309, 13335, 30352, 30365, 30378, 30470, 30504, 40626, 40822, 40969, 40976, 41091, 41411, 50186, 50194, 50203, 50211, 50307, 62528, 62560, 63186, 63193, 63201, 63216, 63223, 63231, 63274, 63306, 64003, 67460, 67470, 67478, 67504, 67541, 67551, 67559, 67774, 67784, 67792, 67815, 67843, 67853, 67861, 92249, 93569, 95188, 98359, 106450, 109312, 109721, 113373, 113857, 113953, 114583, 116724, 116975, 118763, 118984, 122879, 126475, 127490, 128549, 129933, 134164, 138770, 142848, 145792, 145897, 147254, 149085, 153031, 155723, 155963, 159622, 161383, 165008, 167691, 168669, 183293, 183321, 190961, 191414, 192446, 195329, 195727, 196009, 198638, 200967, 203672, 204789, 205248, 205264, 205469, 209522, 209642, 211747, 212421, 212543, 218582, 219136, 226715, 227115, 227568, 227918, 228109, 229148, 229852, 230577, 230712, 231418, 232318, 235362, 235380, 236394, 241852, 245680, 246553, 256932, 256945, 257101, 257143, 257160, 257198, 262696, 264693, 266205, 267470, 267868, 268646, 269478, 270045, 270233, 270994, 273299, 274890, 274906, 281622, 284167, 287642, 288463, 289115, 290825, 295425, 298937, 304334, 306159, 307508, 307629, 307767, 307867, 308073, 308323, 310076, 310710, 310758, 312222, 312230, 313376, 313419, 313428, 313529, 314139, 314480, 314672, 314824, 315960, 317286, 320302, 320675, 320708, 320758, 320965, 321277, 322055, 323709, 324169, 327034, 327279, 327886, 328549, 328802, 329486, 329517, 331211, 331378, 331575, 332071, 333292, 336152, 336703, 336866, 337205, 337224, 337290, 338465, 338472, 338478, 339423, 340011, 340639, 342462, 342642, 342769, 342833, 343153, 343370, 343713, 343715, 343764, 343766, 345751, 346130, 346304, 346327, 347432, 347462, 347976, 348875, 349018, 349646, 350468, 350527, 350666, 351963, 352226, 352306, 353176, 353777, 354806, 357931, 360144, 361264, 362729, 367073, 367148, 375525, 375795, 376546, 380884, 380943, 382943, 383136, 383592, 384669, 387157, 390517, 390907, 393434, 395835, 402648, 402748, 405432, 405835, 412095, 412128, 414166, 422773, 427883, 427909, 428846, 430110, 431603, 434313, 438489, 439594, 439930, 440003, 440161, 442154, 442262, 442401, 450472, 450512, 450561, 454410, 460557, 460596, 471407, 475666, 478293, 479040, 482375, 486702, 490208, 490501, 490677, 493351, 493360, 493525, 495546, 498205, 498237, 498417, 498635, 508031, 508092, 508346, 508404, 510182, 512320, 512335, 513667, 514356, 514519, 518307, 522924, 522986, 524596, 526507, 527122, 527581, 527854, 528060, 532641, 535243, 537401, 539765, 545294, 546798, 547113, 547689, 561560, 563783, 565223, 565355, 565395, 565735, 566493, 567502, 569094, 569110, 569569, 573025, 588004, 600662, 603882, 606024, 607681, 610588, 617759, 617937, 619996, 621049, 622254, 622910, 626287, 627588, 631454, 631486, 631542, 631585, 633052, 633195, 635134, 636694, 640873]
8,3,[272, 544, 549]
9,10,[146, 206, 1133, 1362, 1412, 1422, 2159, 2162, 2411, 2588]
10,359,[6722, 6726, 9220, 13403, 13429, 30446, 30459, 30472, 30564, 30598, 40724, 40920, 41067, 41074, 41189, 41509, 50284, 50292, 50301, 50309, 50405, 62631, 62663, 63289, 63296, 63304, 63319, 63326, 63334, 63377, 63409, 64106, 67563, 67573, 67581, 67607, 67644, 67654, 67662, 67877, 67887, 67895, 67918, 67946, 67956, 67964, 92356, 93676, 95295, 98466, 106561, 109423, 109832, 113484, 113968, 114064, 114694, 116835, 117086, 118874, 119095, 122990, 126586, 127601, 128661, 130045, 134276, 138882, 142960, 145905, 146010, 147367, 149198, 153144, 155836, 156076, 159735, 161497, 165131, 167814, 168792, 183425, 183453, 191093, 191546, 192578, 195461, 195859, 196141, 198770, 201109, 203814, 204931, 205390, 205406, 205611, 209664, 209784, 211889, 212563, 212685, 218722, 219276, 226865, 227265, 227718, 228068, 228259, 229298, 230002, 230727, 230862, 231568, 232468, 235512, 235530, 236544, 242005, 245833, 246706, 257088, 257101, 257257, 257299, 257316, 257354, 262852, 264849, 266361, 267626, 268024, 268802, 269634, 270201, 270389, 271150, 273455, 275046, 275062, 281777, 284323, 287798, 288619, 289271, 290981, 295582, 299095, 304492, 306317, 307666, 307787, 307925, 308025, 308231, 308481, 310234, 310868, 310916, 312381, 312389, 313535, 313578, 313587, 313688, 314298, 314639, 314831, 314983, 316119, 317445, 320461, 320834, 320867, 320917, 321124, 321436, 322214, 323868, 324328, 327193, 327438, 328045, 328708, 328961, 329645, 329676, 331370, 331537, 331734, 332230, 333451, 336311, 336862, 337025, 337364, 337383, 337449, 338624, 338631, 338637, 339582, 340170, 340798, 342621, 342801, 342928, 342992, 343312, 343529, 343872, 343874, 343923, 343925, 345910, 346289, 346463, 346486, 347591, 347621, 348135, 349034, 349177, 349805, 350627, 350686, 350825, 352122, 352385, 352465, 353335, 353936, 354965, 358091, 360304, 361424, 362889, 367236, 367311, 375688, 375958, 376709, 381047, 381106, 383106, 383299, 383755, 384832, 387320, 390680, 391070, 393600, 396001, 402814, 402914, 405598, 406001, 412261, 412294, 414332, 422939, 428050, 428076, 429013, 430280, 431773, 434483, 438659, 439764, 440100, 440173, 440331, 442324, 442432, 442571, 450642, 450682, 450731, 454580, 460727, 460766, 471578, 475836, 478461, 479208, 482541, 486865, 490368, 490661, 490837, 493511, 493520, 493685, 495705, 498374, 498406, 498586, 498804, 508200, 508261, 508515, 508573, 510351, 512489, 512504, 513836, 514525, 514688, 518479, 523096, 523158, 524768, 526679, 527294, 527753, 528026, 528235, 532816, 535418, 537576, 539940, 545469, 546973, 547288, 547864, 561738, 563961, 565403, 565535, 565575, 565915, 566673, 567682, 569274, 569290, 569749, 573205, 588189, 600859, 604084, 606231, 607888, 610805, 618011, 618189, 620248, 621301, 622506, 623162, 626544, 627848, 631729, 631761, 631817, 631860, 633327, 633470, 635409, 636969, 641148]
11,32,[543, 575, 608, 1375, 1908, 2405, 2897, 6323, 6654, 6705, 7201, 7392, 7397, 7684, 8349, 8390, 8956, 9615, 9892, 10041, 10346, 10414, 12221, 12396, 13130, 14585, 14758, 14955, 14970, 18675, 19561, 20336]
12,19,[1941, 2624, 3301, 3325, 3472, 4173, 6393, 9854, 9953, 13192, 13219, 15090, 17793, 17881, 19206, 19422, 19830, 20470, 21736]
13,5,[469, 1666, 1874, 2364, 3389]
14,18,[8443, 8821, 42448, 45506, 50794, 56200, 121365, 122976, 125590, 138391, 142041, 142077, 145655, 145666, 149989, 159754, 161682, 180944]
15,151,[279, 288, 2031, 2385, 2654, 3310, 3485, 4276, 4459, 6761, 7000, 7902, 16292, 21231, 22004, 22516, 23904, 24784, 26911, 28230, 29397, 29603, 29690, 30597, 30602, 30619, 30627, 32030, 32928, 33842, 38853, 40352, 40442, 40765, 41126, 41151, 41673, 42701, 42858, 42950, 42966, 43009, 43076, 43297, 43544, 45005, 46347, 46406, 53560, 53764, 54081, 54307, 55222, 55476, 57413, 61255, 65189, 66422, 67270, 67844, 69516, 70094, 70948, 72961, 74194, 75894, 77201, 81102, 81432, 82215, 83004, 83097, 83263, 83326, 83614, 83802, 84076, 84707, 84731, 84856, 85732, 91400, 91527, 91536, 92450, 94260, 98907, 99561, 99642, 99711, 99790, 100188, 101063, 101153, 101157, 101246, 101338, 101439, 102136, 102388, 102591, 102606, 102629, 102755, 103020, 103096, 103167, 103300, 103398, 103408, 103445, 103555, 106796, 107743, 109137, 110935, 110950, 111025, 112204, 112264, 112291, 112465, 117330, 118554, 119136, 122110, 123072, 123095, 123190, 126620, 128149, 128170, 132823, 135050, 136759, 138123, 140343, 142403, 143206, 143312, 143604, 150327, 151915, 153280, 153326, 153471, 159126, 159138, 164652, 167596, 170012]
16,33,[296, 3046, 4398, 5417, 7323, 7677, 8128, 8210, 9299, 9793, 9799, 9813, 11324, 11700, 15465, 19064, 19844, 21572, 21769, 24283, 24306, 31625, 32452, 32457, 32462, 32467, 33222, 33600, 34337, 34607, 34812, 35822, 36245]
17,52,[9866, 18516, 20119, 34280, 34355, 38098, 38102, 38128, 41108, 51124, 51135, 59444, 60141, 76744, 76764, 79386, 79393, 79420, 79950, 79963, 86928, 88256, 88262, 100136, 100562, 107630, 111280, 139380, 141591, 141706, 141718, 144123, 150270, 152203, 152529, 166464, 168667, 168797, 177944, 178166, 181803, 185639, 189913, 190062, 198965, 207281, 207727, 209019, 211264, 213819, 214741, 217099]
18,104,[1320, 1344, 1404, 3360, 3667, 5847, 9134, 9172, 9209, 19575, 23959, 24011, 27285, 28004, 29364, 31935, 31973, 31988, 32370, 34052, 35117, 35382, 35828, 35860, 37429, 37814, 38107, 38871, 43925, 44987, 45019, 46417, 46574, 46604, 47813, 48034, 50039, 56210, 65362, 70078, 70900, 70922, 70926, 71488, 71754, 71771, 72001, 72168, 72321, 72333, 72577, 73639, 73655, 73664, 73689, 73892, 83371, 86811, 86829, 87609, 90585, 90606, 90632, 94473, 95123, 95182, 95186, 95361, 95483, 96458, 97876, 98998, 99010, 99163, 100154, 102073, 104878, 104981, 109431, 109436, 109949, 112330, 114965, 114976, 115242, 115255, 115531, 115567, 116110, 118503, 120778, 123175, 125244, 129349, 129458, 129653, 129722, 131990, 137406, 137450, 138852, 139898, 144722, 144734]
19,15,[835, 1350, 1364, 1926, 3929, 7403, 8012, 8791, 16669, 17475, 18192, 21797, 21848, 25902, 26420]
20,57,[955, 1559, 2509, 3257, 5012, 5974, 6333, 8810, 10349, 11891, 12118, 12207, 12488, 13279, 15027, 17479, 19012, 19634, 21813, 26505, 27270, 27623, 27657, 27663, 27782, 28103, 28645, 28655, 29327, 30435, 31187, 31844, 31918, 32266, 32809, 33041, 33134, 33562, 33588, 33955, 38638, 41773, 44404, 45743, 45992, 46399, 49991, 50063, 52095, 52473, 54232, 60603, 62232, 62552, 62650, 64343, 64974]
21,11,[2395, 5518, 13836, 14417, 16091, 16094, 16383, 23774, 29104, 29936, 30034]
22,132,[3422, 3425, 14982, 15047, 17452, 17960, 19202, 19204, 20920, 21200, 21202, 24720, 29182, 29238, 29245, 29814, 29817, 29931, 29936, 29944, 31400, 31891, 32130, 32200, 32201, 32208, 32601, 32950, 32999, 38432, 38436, 38476, 38993, 40465, 42306, 42311, 61432, 62198, 65050, 65054, 66761, 67921, 68875, 69608, 69659, 69860, 69958, 69963, 69966, 69991, 74423, 74504, 74720, 75303, 76763, 77945, 79363, 79372, 79377, 82229, 82232, 85938, 87782, 93592, 94126, 94822, 96450, 97240, 97307, 97311, 102941, 104740, 104748, 105393, 108192, 108194, 109869, 113089, 114472, 114477, 114517, 115184, 119322, 120874, 120883, 121186, 121220, 121386, 121388, 123393, 131084, 133533, 143999, 144004, 144010, 147944, 149730, 149731, 149784, 149809, 149814, 149833, 149876, 150045, 150061, 150081, 150131, 150140, 150142, 150165, 150175, 150218, 150234, 150250, 150252, 150271, 150288, 150458, 150643, 151790, 151792, 152956, 153440, 153454, 153512, 154281, 154306, 154308, 157631, 158053, 158892, 161422]
23,17,[4371, 11847, 18827, 18904, 19158, 21399, 21489, 22036, 25351, 25416, 25426, 25983, 28325, 29144, 29547, 29788, 30515]
24,42,[2433, 4850, 4949, 10678, 10942, 11212, 11979, 12369, 12711, 13469, 13874, 15273, 16816, 17395, 19342, 19377, 23043, 23067, 23167, 23774, 24142, 24719, 25001, 25143, 26098, 26334, 28666, 28668, 28689, 30869, 33762, 35432, 35525, 39265, 39391, 39468, 40122, 40391, 41019, 42035, 42047, 42261]
25,23,[8651, 9062, 35397, 40780, 43698, 48775, 53842, 62535, 81527, 116343, 117850, 120309, 120314, 130538, 132500, 136061, 136080, 139591, 139602, 143799, 152860, 154946, 173532]
26,57,[1320, 1933, 2911, 3740, 5527, 6492, 6852, 9354, 10902, 12477, 12703, 12793, 13075, 13864, 15659, 18148, 19720, 20343, 22565, 27306, 28095, 28451, 28484, 28490, 28610, 28937, 29475, 29486, 30170, 31286, 32056, 32717, 32790, 33139, 33685, 33919, 34012, 34435, 34461, 34833, 39582, 42707, 45373, 46745, 46993, 47406, 51037, 51107, 53177, 53573, 55394, 61900, 63569, 63891, 63990, 65741, 66380]
27,64,[2411, 2494, 8432, 9046, 10418, 11837, 13938, 15264, 16211, 16212, 16268, 16372, 17357, 22189, 22965, 24779, 25677, 25680, 25995, 27598, 29463, 31471, 35587, 37057, 40716, 40724, 42252, 43115, 49294, 49300, 49381, 49623, 50001, 52914, 52924, 55669, 57074, 60224, 60257, 61473, 63496, 63498, 64334, 64675, 65523, 72945, 77835, 78374, 81244, 83350, 85975, 87725, 92789, 92862, 94848, 96221, 96784, 100402, 101863, 103951, 107121, 107263, 108026, 108482]
28,6,[2943, 2953, 3776, 3931, 6422, 7406]
30,359,[6628, 6632, 9126, 13309, 13335, 30352, 30365, 30378, 30470, 30504, 40626, 40822, 40969, 40976, 41091, 41411, 50186, 50194, 50203, 50211, 50307, 62528, 62560, 63186, 63193, 63201, 63216, 63223, 63231, 63274, 63306, 64003, 67460, 67470, 67478, 67504, 67541, 67551, 67559, 67774, 67784, 67792, 67815, 67843, 67853, 67861, 92249, 93569, 95188, 98359, 106450, 109312, 109721, 113373, 113857, 113953, 114583, 116724, 116975, 118763, 118984, 122879, 126475, 127490, 128549, 129933, 134164, 138770, 142848, 145792, 145897, 147254, 149085, 153031, 155723, 155963, 159622, 161383, 165008, 167691, 168669, 183293, 183321, 190961, 191414, 192446, 195329, 195727, 196009, 198638, 200967, 203672, 204789, 205248, 205264, 205469, 209522, 209642, 211747, 212421, 212543, 218582, 219136, 226715, 227115, 227568, 227918, 228109, 229148, 229852, 230577, 230712, 231418, 232318, 235362, 235380, 236394, 241852, 245680, 246553, 256932, 256945, 257101, 257143, 257160, 257198, 262696, 264693, 266205, 267470, 267868, 268646, 269478, 270045, 270233, 270994, 273299, 274890, 274906, 281622, 284167, 287642, 288463, 289115, 290825, 295425, 298937, 304334, 306159, 307508, 307629, 307767, 307867, 308073, 308323, 310076, 310710, 310758, 312222, 312230, 313376, 313419, 313428, 313529, 314139, 314480, 314672, 314824, 315960, 317286, 320302, 320675, 320708, 320758, 320965, 321277, 322055, 323709, 324169, 327034, 327279, 327886, 328549, 328802, 329486, 329517, 331211, 331378, 331575, 332071, 333292, 336152, 336703, 336866, 337205, 337224, 337290, 338465, 338472, 338478, 339423, 340011, 340639, 342462, 342642, 342769, 342833, 343153, 343370, 343713, 343715, 343764, 343766, 345751, 346130, 346304, 346327, 347432, 347462, 347976, 348875, 349018, 349646, 350468, 350527, 350666, 351963, 352226, 352306, 353176, 353777, 354806, 357931, 360144, 361264, 362729, 367073, 367148, 375525, 375795, 376546, 380884, 380943, 382943, 383136, 383592, 384669, 387157, 390517, 390907, 393434, 395835, 402648, 402748, 405432, 405835, 412095, 412128, 414166, 422773, 427883, 427909, 428846, 430110, 431603, 434313, 438489, 439594, 439930, 440003, 440161, 442154, 442262, 442401, 450472, 450512, 450561, 454410, 460557, 460596, 471407, 475666, 478293, 479040, 482375, 486702, 490208, 490501, 490677, 493351, 493360, 493525, 495546, 498205, 498237, 498417, 498635, 508031, 508092, 508346, 508404, 510182, 512320, 512335, 513667, 514356, 514519, 518307, 522924, 522986, 524596, 526507, 527122, 527581, 527854, 528060, 532641, 535243, 537401, 539765, 545294, 546798, 547113, 547689, 561560, 563783, 565223, 565355, 565395, 565735, 566493, 567502, 569094, 569110, 569569, 573025, 588004, 600662, 603882, 606024, 607681, 610588, 617759, 617937, 619996, 621049, 622254, 622910, 626287, 627588, 631454, 631486, 631542, 631585, 633052, 633195, 635134, 636694, 640873]
