8,1,[531]
10,238,[3593, 9162, 9169, 9185, 9198, 9205, 9228, 9267, 10404, 23647, 37236, 45813, 45839, 95864, 107657, 116467, 121122, 147068, 147074, 168348, 177982, 185001, 201476, 206515, 226701, 258607, 262002, 282645, 288501, 298253, 299887, 300305, 301817, 302465, 304021, 304223, 304457, 307046, 307777, 308294, 308490, 310157, 311216, 311224, 311822, 312080, 312097, 312959, 312982, 313014, 313320, 314666, 317109, 317395, 317408, 317856, 317882, 317914, 317941, 318382, 318815, 318836, 318896, 318955, 319003, 319016, 319039, 319137, 322411, 322998, 323507, 323531, 324510, 325147, 326083, 326714, 327766, 332520, 332893, 333421, 333431, 336765, 337687, 337707, 338258, 338622, 338685, 338870, 339440, 339930, 340263, 340279, 340509, 340548, 341148, 341151, 341482, 343317, 343390, 343585, 344202, 344390, 345531, 345687, 346119, 348210, 348309, 348372, 348430, 348469, 348480, 348512, 348536, 348565, 348667, 348696, 348843, 348858, 348935, 348959, 348969, 349012, 349032, 349070, 349098, 349139, 349306, 349403, 349459, 349600, 349648, 349771, 349902, 350059, 350162, 350339, 350449, 350472, 350674, 351341, 351397, 352505, 352591, 352688, 353428, 353780, 353904, 354384, 355130, 355257, 355293, 355537, 355555, 355614, 355620, 355735, 357879, 359209, 359727, 359848, 359877, 364343, 365288, 373024, 373529, 380855, 381424, 387204, 388280, 388296, 390177, 399818, 404516, 405851, 427840, 431405, 431454, 431458, 436715, 438811, 440140, 440225, 440291, 442035, 442048, 444457, 450553, 450581, 450595, 450707, 469230, 478071, 486218, 486445, 495998, 500760, 501904, 501908, 501912, 503709, 504248, 510844, 510872, 510958, 510967, 512550, 512710, 516658, 528151, 532541, 543314, 548098, 554275, 561531, 585146, 585690, 586481, 586740, 612975, 612990, 613848, 616659, 621770, 625148, 626345, 626885, 627689, 627699, 628638, 629176, 629296, 629298, 629405, 637888, 637934, 639368, 641099, 641102]
15,3,[57346, 96245, 108770]
17,111,[3390, 8760, 12652, 12881, 12964, 12993, 14936, 14960, 15319, 15339, 15352, 15432, 15444, 20211, 20216, 20229, 20240, 20304, 20408, 20543, 21019, 23305, 28201, 28209, 28260, 28351, 28353, 28428, 29054, 29082, 29305, 29581, 29619, 31396, 32324, 38459, 38771, 42293, 45844, 46282, 46308, 53587, 57940, 60029, 67316, 80046, 80202, 80574, 81193, 85480, 86892, 86916, 87206, 90548, 91398, 91538, 91574, 91584, 92370, 92864, 102612, 103911, 106380, 107765, 108362, 118322, 118332, 123160, 123295, 123445, 123497, 123634, 124134, 124138, 124192, 128515, 128631, 129165, 145799, 145817, 146562, 148895, 148902, 155496, 156893, 157110, 157736, 163178, 163229, 163251, 163269, 163391, 163428, 165137, 172931, 172945, 173075, 174896, 174964, 175602, 186817, 191779, 192932, 195787, 196553, 198777, 198779, 200569, 207168, 209784, 215625]
20,6,[2674, 13360, 33397, 49784, 53607, 60829]
21,1,[27975]
22,3,[154307, 160143, 160369]
23,4,[1360, 14202, 21476, 30092]
26,6,[3103, 13946, 34277, 50830, 54734, 62126]
30,238,[3499, 9068, 9075, 9091, 9104, 9111, 9134, 9173, 10310, 23553, 37138, 45715, 45741, 95757, 107546, 116356, 121011, 146955, 146961, 168225, 177859, 184869, 201334, 206373, 226551, 258451, 261846, 282490, 288345, 298095, 299729, 300147, 301659, 302307, 303863, 304065, 304299, 306888, 307619, 308136, 308332, 309999, 311057, 311065, 311663, 311921, 311938, 312800, 312823, 312855, 313161, 314507, 316950, 317236, 317249, 317697, 317723, 317755, 317782, 318223, 318656, 318677, 318737, 318796, 318844, 318857, 318880, 318978, 322252, 322839, 323348, 323372, 324351, 324988, 325924, 326555, 327607, 332361, 332734, 333262, 333272, 336606, 337528, 337548, 338099, 338463, 338526, 338711, 339281, 339771, 340104, 340120, 340350, 340389, 340989, 340992, 341323, 343158, 343231, 343426, 344043, 344231, 345372, 345528, 345960, 348051, 348150, 348213, 348271, 348310, 348321, 348353, 348377, 348406, 348508, 348537, 348684, 348699, 348776, 348800, 348810, 348853, 348873, 348911, 348939, 348980, 349147, 349244, 349300, 349441, 349489, 349612, 349743, 349900, 350003, 350180, 350290, 350313, 350515, 351182, 351238, 352346, 352432, 352529, 353269, 353621, 353745, 354225, 354971, 355098, 355134, 355378, 355396, 355455, 355461, 355576, 357719, 359049, 359567, 359688, 359717, 364180, 365125, 372861, 373366, 380692, 381261, 387041, 388117, 388133, 390014, 399652, 404350, 405685, 427673, 431235, 431284, 431288, 436545, 438641, 439970, 440055, 440121, 441865, 441878, 444287, 450383, 450411, 450425, 450537, 469059, 477903, 486055, 486282, 495839, 500591, 501735, 501739, 501743, 503540, 504079, 510675, 510703, 510789, 510798, 512381, 512541, 516486, 527976, 532366, 543139, 547923, 554097, 561353, 584961, 585505, 586296, 586555, 612746, 612761, 613614, 616420, 621518, 624894, 626088, 626628, 627429, 627439, 628375, 628913, 629033, 629035, 629142, 637613, 637659, 639093, 640824, 640827]
8,1,[531]
10,238,[3593, 9162, 9169, 9185, 9198, 9205, 9228, 9267, 10404, 23647, 37236, 45813, 45839, 95864, 107657, 116467, 121122, 147068, 147074, 168348, 177982, 185001, 201476, 206515, 226701, 258607, 262002, 282645, 288501, 298253, 299887, 300305, 301817, 302465, 304021, 304223, 304457, 307046, 307777, 308294, 308490, 310157, 311216, 311224, 311822, 312080, 312097, 312959, 312982, 313014, 313320, 314666, 317109, 317395, 317408, 317856, 317882, 317914, 317941, 318382, 318815, 318836, 318896, 318955, 319003, 319016, 319039, 319137, 322411, 322998, 323507, 323531, 324510, 325147, 326083, 326714, 327766, 332520, 332893, 333421, 333431, 336765, 337687, 337707, 338258, 338622, 338685, 338870, 339440, 339930, 340263, 340279, 340509, 340548, 341148, 341151, 341482, 343317, 343390, 343585, 344202, 344390, 345531, 345687, 346119, 348210, 348309, 348372, 348430, 348469, 348480, 348512, 348536, 348565, 348667, 348696, 348843, 348858, 348935, 348959, 348969, 349012, 349032, 349070, 349098, 349139, 349306, 349403, 349459, 349600, 349648, 349771, 349902, 350059, 350162, 350339, 350449, 350472, 350674, 351341, 351397, 352505, 352591, 352688, 353428, 353780, 353904, 354384, 355130, 355257, 355293, 355537, 355555, 355614, 355620, 355735, 357879, 359209, 359727, 359848, 359877, 364343, 365288, 373024, 373529, 380855, 381424, 387204, 388280, 388296, 390177, 399818, 404516, 405851, 427840, 431405, 431454, 431458, 436715, 438811, 440140, 440225, 440291, 442035, 442048, 444457, 450553, 450581, 450595, 450707, 469230, 478071, 486218, 486445, 495998, 500760, 501904, 501908, 501912, 503709, 504248, 510844, 510872, 510958, 510967, 512550, 512710, 516658, 528151, 532541, 543314, 548098, 554275, 561531, 585146, 585690, 586481, 586740, 612975, 612990, 613848, 616659, 621770, 625148, 626345, 626885, 627689, 627699, 628638, 629176, 629296, 629298, 629405, 637888, 637934, 639368, 641099, 641102]
15,3,[57346, 96245, 108770]
17,111,[3390, 8760, 12652, 12881, 12964, 12993, 14936, 14960, 15319, 15339, 15352, 15432, 15444, 20211, 20216, 20229, 20240, 20304, 20408, 20543, 21019, 23305, 28201, 28209, 28260, 28351, 28353, 28428, 29054, 29082, 29305, 29581, 29619, 31396, 32324, 38459, 38771, 42293, 45844, 46282, 46308, 53587, 57940, 60029, 67316, 80046, 80202, 80574, 81193, 85480, 86892, 86916, 87206, 90548, 91398, 91538, 91574, 91584, 92370, 92864, 102612, 103911, 106380, 107765, 108362, 118322, 118332, 123160, 123295, 123445, 123497, 123634, 124134, 124138, 124192, 128515, 128631, 129165, 145799, 145817, 146562, 148895, 148902, 155496, 156893, 157110, 157736, 163178, 163229, 163251, 163269, 163391, 163428, 165137, 172931, 172945, 173075, 174896, 174964, 175602, 186817, 191779, 192932, 195787, 196553, 198777, 198779, 200569, 207168, 209784, 215625]
20,6,[2674, 13360, 33397, 49784, 53607, 60829]
21,1,[27975]
22,3,[154307, 160143, 160369]
23,4,[1360, 14202, 21476, 30092]
26,6,[3103, 13946, 34277, 50830, 54734, 62126]
30,238,[3499, 9068, 9075, 9091, 9104, 9111, 9134, 9173, 10310, 23553, 37138, 45715, 45741, 95757, 107546, 116356, 121011, 146955, 146961, 168225, 177859, 184869, 201334, 206373, 226551, 258451, 261846, 282490, 288345, 298095, 299729, 300147, 301659, 302307, 303863, 304065, 304299, 306888, 307619, 308136, 308332, 309999, 311057, 311065, 311663, 311921, 311938, 312800, 312823, 312855, 313161, 314507, 316950, 317236, 317249, 317697, 317723, 317755, 317782, 318223, 318656, 318677, 318737, 318796, 318844, 318857, 318880, 318978, 322252, 322839, 323348, 323372, 324351, 324988, 325924, 326555, 327607, 332361, 332734, 333262, 333272, 336606, 337528, 337548, 338099, 338463, 338526, 338711, 339281, 339771, 340104, 340120, 340350, 340389, 340989, 340992, 341323, 343158, 343231, 343426, 344043, 344231, 345372, 345528, 345960, 348051, 348150, 348213, 348271, 348310, 348321, 348353, 348377, 348406, 348508, 348537, 348684, 348699, 348776, 348800, 348810, 348853, 348873, 348911, 348939, 348980, 349147, 349244, 349300, 349441, 349489, 349612, 349743, 349900, 350003, 350180, 350290, 350313, 350515, 351182, 351238, 352346, 352432, 352529, 353269, 353621, 353745, 354225, 354971, 355098, 355134, 355378, 355396, 355455, 355461, 355576, 357719, 359049, 359567, 359688, 359717, 364180, 365125, 372861, 373366, 380692, 381261, 387041, 388117, 388133, 390014, 399652, 404350, 405685, 427673, 431235, 431284, 431288, 436545, 438641, 439970, 440055, 440121, 441865, 441878, 444287, 450383, 450411, 450425, 450537, 469059, 477903, 486055, 486282, 495839, 500591, 501735, 501739, 501743, 503540, 504079, 510675, 510703, 510789, 510798, 512381, 512541, 516486, 527976, 532366, 543139, 547923, 554097, 561353, 584961, 585505, 586296, 586555, 612746, 612761, 613614, 616420, 621518, 624894, 626088, 626628, 627429, 627439, 628375, 628913, 629033, 629035, 629142, 637613, 637659, 639093, 640824, 640827]
