14,37,[8785, 10658, 11280, 12552, 22100, 24042, 24057, 24065, 24141, 24291, 24293, 24296, 24671, 25110, 25112, 36345, 44164, 53862, 54076, 54142, 54581, 54639, 115950, 127073, 137822, 137840, 137846, 144277, 144332, 182187, 182195, 182367, 185028, 188551, 200956, 200961, 200965]
15,2,[71706, 87581]
16,2,[32111, 32889]
24,1,[32876]
25,37,[10835, 11433, 12641, 21634, 23396, 23411, 23419, 23492, 23627, 23629, 23632, 24002, 24403, 24405, 34991, 42352, 51724, 51911, 51977, 52414, 52467, 111020, 121738, 131974, 131993, 131999, 138345, 174757, 174765, 174922, 177470, 180796, 189306, 191249, 203304, 203309, 203313]
14,37,[8785, 10658, 11280, 12552, 22100, 24042, 24057, 24065, 24141, 24291, 24293, 24296, 24671, 25110, 25112, 36345, 44164, 53862, 54076, 54142, 54581, 54639, 115950, 127073, 137822, 137840, 137846, 144277, 144332, 182187, 182195, 182367, 185028, 188551, 200956, 200961, 200965]
15,2,[71706, 87581]
16,2,[32111, 32889]
24,1,[32876]
25,37,[10835, 11433, 12641, 21634, 23396, 23411, 23419, 23492, 23627, 23629, 23632, 24002, 24403, 24405, 34991, 42352, 51724, 51911, 51977, 52414, 52467, 111020, 121738, 131974, 131993, 131999, 138345, 174757, 174765, 174922, 177470, 180796, 189306, 191249, 203304, 203309, 203313]
