14,71,[2189, 4644, 14452, 14464, 18983, 21272, 21277, 21829, 25942, 27724, 31160, 34500, 38426, 38428, 38432, 38436, 42129, 58889, 60198, 60200, 64922, 64925, 64929, 64931, 65974, 65978, 71565, 73753, 79729, 79734, 83297, 85779, 92152, 92154, 96057, 97847, 102579, 104227, 111595, 112255, 112265, 113806, 116342, 116345, 116350, 117123, 117131, 121630, 130371, 130375, 130876, 130879, 133894, 133900, 141650, 142744, 146942, 148342, 148344, 152363, 157187, 162357, 168536, 171427, 172593, 173709, 178441, 182012, 183645, 185022, 188809]
16,1,[1431]
17,4,[6312, 8934, 171990, 174031]
18,3,[21324, 69681, 70818]
22,2,[25910, 45221]
24,7,[93, 2865, 6613, 11208, 27147, 27182, 30479]
25,72,[2492, 5059, 14451, 14463, 18603, 20858, 20863, 21357, 25181, 26844, 30120, 33235, 37020, 37022, 37026, 37030, 40498, 54619, 56566, 57822, 57824, 62954, 62958, 62972, 62975, 62979, 62981, 68243, 70214, 76128, 76133, 79568, 82165, 88301, 88303, 91994, 93749, 98449, 100066, 107037, 107628, 107638, 109094, 111409, 111412, 111417, 112138, 112146, 116598, 124817, 124821, 125255, 125258, 128161, 128167, 135723, 136814, 140927, 142281, 142283, 146023, 150482, 155611, 161619, 164637, 165754, 166749, 171117, 174589, 176154, 177465, 181046]
27,3,[56962, 91331, 92094]
14,71,[2189, 4644, 14452, 14464, 18983, 21272, 21277, 21829, 25942, 27724, 31160, 34500, 38426, 38428, 38432, 38436, 42129, 58889, 60198, 60200, 64922, 64925, 64929, 64931, 65974, 65978, 71565, 73753, 79729, 79734, 83297, 85779, 92152, 92154, 96057, 97847, 102579, 104227, 111595, 112255, 112265, 113806, 116342, 116345, 116350, 117123, 117131, 121630, 130371, 130375, 130876, 130879, 133894, 133900, 141650, 142744, 146942, 148342, 148344, 152363, 157187, 162357, 168536, 171427, 172593, 173709, 178441, 182012, 183645, 185022, 188809]
16,1,[1431]
17,4,[6312, 8934, 171990, 174031]
18,3,[21324, 69681, 70818]
22,2,[25910, 45221]
24,7,[93, 2865, 6613, 11208, 27147, 27182, 30479]
25,72,[2492, 5059, 14451, 14463, 18603, 20858, 20863, 21357, 25181, 26844, 30120, 33235, 37020, 37022, 37026, 37030, 40498, 54619, 56566, 57822, 57824, 62954, 62958, 62972, 62975, 62979, 62981, 68243, 70214, 76128, 76133, 79568, 82165, 88301, 88303, 91994, 93749, 98449, 100066, 107037, 107628, 107638, 109094, 111409, 111412, 111417, 112138, 112146, 116598, 124817, 124821, 125255, 125258, 128161, 128167, 135723, 136814, 140927, 142281, 142283, 146023, 150482, 155611, 161619, 164637, 165754, 166749, 171117, 174589, 176154, 177465, 181046]
27,3,[56962, 91331, 92094]
