10,16,[298283, 315097, 315247, 317247, 351739, 351999, 355337, 365452, 365490, 376426, 440571, 443218, 488249, 493173, 545974, 627045]
15,9,[2151, 16419, 31824, 31830, 31839, 53967, 118828, 132454, 132840]
17,2,[32489, 32526]
19,1,[24438]
21,1,[27048]
22,4,[4595, 112839, 113858, 113930]
23,1,[30612]
28,1,[5206]
30,16,[298125, 314938, 315088, 317088, 351580, 351840, 355178, 365289, 365327, 376263, 440401, 443048, 488087, 493013, 545799, 626788]
10,16,[298283, 315097, 315247, 317247, 351739, 351999, 355337, 365452, 365490, 376426, 440571, 443218, 488249, 493173, 545974, 627045]
15,9,[2151, 16419, 31824, 31830, 31839, 53967, 118828, 132454, 132840]
17,2,[32489, 32526]
19,1,[24438]
21,1,[27048]
22,4,[4595, 112839, 113858, 113930]
23,1,[30612]
28,1,[5206]
30,16,[298125, 314938, 315088, 317088, 351580, 351840, 355178, 365289, 365327, 376263, 440401, 443048, 488087, 493013, 545799, 626788]
