10,119,[42548, 42555, 53519, 53533, 93436, 93455, 93486, 93500, 93512, 96725, 111086, 126569, 126758, 126764, 126823, 126861, 127120, 127132, 127135, 127238, 144961, 147990, 148027, 148153, 149342, 153765, 154680, 154721, 154821, 159047, 159104, 159109, 159445, 162527, 169521, 169527, 177458, 196867, 197245, 197252, 197657, 197859, 197865, 197980, 245332, 269092, 269101, 288665, 301573, 302604, 303093, 304722, 305638, 305930, 309675, 310034, 310039, 313837, 314256, 314463, 316239, 316388, 316871, 316879, 319636, 320251, 323983, 324076, 324134, 324146, 326308, 328417, 328465, 328680, 329931, 331550, 332563, 332906, 332944, 335516, 337963, 356194, 361550, 363909, 366611, 367853, 370469, 372165, 376604, 381726, 385030, 385035, 386012, 395411, 400324, 403459, 404998, 406435, 422343, 423167, 444714, 444738, 445702, 445944, 479734, 480992, 499790, 499815, 506100, 515053, 527644, 533623, 533644, 534765, 534885, 588838, 595515, 595521, 625815]
11,1,[15454]
12,1,[8338]
14,22,[7646, 7929, 8576, 17997, 18015, 33175, 61120, 67043, 67071, 67666, 67669, 95551, 119914, 121784, 122396, 133399, 149760, 168764, 169529, 190145, 198632, 198653]
15,16,[1880, 43518, 64385, 64616, 83276, 83357, 84429, 84899, 96387, 100090, 105514, 106203, 111303, 114566, 122141, 150705]
16,27,[17461, 17518, 17743, 17794, 17796, 17935, 17982, 18155, 18204, 18309, 18325, 18349, 18360, 18478, 19038, 19594, 19673, 19685, 19791, 20056, 20073, 20139, 20346, 20362, 20443, 20914, 21013]
17,34,[955, 2882, 10354, 12186, 14708, 15165, 18737, 18742, 24853, 25032, 25041, 27036, 29289, 30899, 33661, 34899, 37778, 41449, 51718, 154169, 154225, 162415, 176992, 177022, 179199, 179224, 181630, 181644, 201461, 201621, 210655, 210674, 210813, 210963]
19,9,[317, 1831, 5082, 5276, 8044, 8074, 20566, 21991, 26464]
20,11,[2764, 6014, 8896, 10416, 17983, 19646, 30678, 35943, 51550, 58556, 59497]
21,4,[6537, 6590, 14549, 28721]
22,19,[19917, 19990, 20029, 20030, 20033, 24001, 42655, 43768, 43841, 45151, 46369, 98408, 98475, 98608, 98884, 109326, 113471, 124079, 135430]
24,1,[23975]
25,21,[8178, 8790, 17684, 17700, 32023, 58658, 63967, 63992, 64530, 64533, 91512, 114857, 116716, 117261, 127702, 143592, 161827, 162602, 182428, 200968, 200989]
26,11,[3202, 6533, 9444, 10969, 18686, 20355, 31535, 36843, 52623, 59750, 60775]
27,2,[75926, 87450]
28,1,[7759]
30,119,[42450, 42457, 53420, 53434, 93329, 93348, 93379, 93393, 93405, 96618, 110975, 126458, 126647, 126653, 126712, 126750, 127009, 127021, 127024, 127127, 144848, 147877, 147914, 148040, 149229, 153652, 154567, 154608, 154708, 158934, 158991, 158996, 159332, 162404, 169398, 169404, 177335, 196735, 197113, 197120, 197525, 197727, 197733, 197848, 245179, 268936, 268945, 288509, 301415, 302446, 302935, 304564, 305480, 305772, 309517, 309876, 309881, 313678, 314097, 314304, 316080, 316229, 316712, 316720, 319477, 320092, 323824, 323917, 323975, 323987, 326149, 328258, 328306, 328521, 329772, 331391, 332404, 332747, 332785, 335357, 337804, 356035, 361390, 363746, 366448, 367690, 370306, 372002, 376441, 381563, 384867, 384872, 385849, 395245, 400158, 403293, 404832, 406269, 422177, 423001, 444544, 444568, 445532, 445774, 479566, 480825, 499621, 499646, 505931, 514884, 527472, 533448, 533469, 534590, 534710, 588653, 595324, 595330, 625558]
10,119,[42548, 42555, 53519, 53533, 93436, 93455, 93486, 93500, 93512, 96725, 111086, 126569, 126758, 126764, 126823, 126861, 127120, 127132, 127135, 127238, 144961, 147990, 148027, 148153, 149342, 153765, 154680, 154721, 154821, 159047, 159104, 159109, 159445, 162527, 169521, 169527, 177458, 196867, 197245, 197252, 197657, 197859, 197865, 197980, 245332, 269092, 269101, 288665, 301573, 302604, 303093, 304722, 305638, 305930, 309675, 310034, 310039, 313837, 314256, 314463, 316239, 316388, 316871, 316879, 319636, 320251, 323983, 324076, 324134, 324146, 326308, 328417, 328465, 328680, 329931, 331550, 332563, 332906, 332944, 335516, 337963, 356194, 361550, 363909, 366611, 367853, 370469, 372165, 376604, 381726, 385030, 385035, 386012, 395411, 400324, 403459, 404998, 406435, 422343, 423167, 444714, 444738, 445702, 445944, 479734, 480992, 499790, 499815, 506100, 515053, 527644, 533623, 533644, 534765, 534885, 588838, 595515, 595521, 625815]
11,1,[15454]
12,1,[8338]
14,22,[7646, 7929, 8576, 17997, 18015, 33175, 61120, 67043, 67071, 67666, 67669, 95551, 119914, 121784, 122396, 133399, 149760, 168764, 169529, 190145, 198632, 198653]
15,16,[1880, 43518, 64385, 64616, 83276, 83357, 84429, 84899, 96387, 100090, 105514, 106203, 111303, 114566, 122141, 150705]
16,27,[17461, 17518, 17743, 17794, 17796, 17935, 17982, 18155, 18204, 18309, 18325, 18349, 18360, 18478, 19038, 19594, 19673, 19685, 19791, 20056, 20073, 20139, 20346, 20362, 20443, 20914, 21013]
17,34,[955, 2882, 10354, 12186, 14708, 15165, 18737, 18742, 24853, 25032, 25041, 27036, 29289, 30899, 33661, 34899, 37778, 41449, 51718, 154169, 154225, 162415, 176992, 177022, 179199, 179224, 181630, 181644, 201461, 201621, 210655, 210674, 210813, 210963]
19,9,[317, 1831, 5082, 5276, 8044, 8074, 20566, 21991, 26464]
20,11,[2764, 6014, 8896, 10416, 17983, 19646, 30678, 35943, 51550, 58556, 59497]
21,4,[6537, 6590, 14549, 28721]
22,19,[19917, 19990, 20029, 20030, 20033, 24001, 42655, 43768, 43841, 45151, 46369, 98408, 98475, 98608, 98884, 109326, 113471, 124079, 135430]
24,1,[23975]
25,21,[8178, 8790, 17684, 17700, 32023, 58658, 63967, 63992, 64530, 64533, 91512, 114857, 116716, 117261, 127702, 143592, 161827, 162602, 182428, 200968, 200989]
26,11,[3202, 6533, 9444, 10969, 18686, 20355, 31535, 36843, 52623, 59750, 60775]
27,2,[75926, 87450]
28,1,[7759]
30,119,[42450, 42457, 53420, 53434, 93329, 93348, 93379, 93393, 93405, 96618, 110975, 126458, 126647, 126653, 126712, 126750, 127009, 127021, 127024, 127127, 144848, 147877, 147914, 148040, 149229, 153652, 154567, 154608, 154708, 158934, 158991, 158996, 159332, 162404, 169398, 169404, 177335, 196735, 197113, 197120, 197525, 197727, 197733, 197848, 245179, 268936, 268945, 288509, 301415, 302446, 302935, 304564, 305480, 305772, 309517, 309876, 309881, 313678, 314097, 314304, 316080, 316229, 316712, 316720, 319477, 320092, 323824, 323917, 323975, 323987, 326149, 328258, 328306, 328521, 329772, 331391, 332404, 332747, 332785, 335357, 337804, 356035, 361390, 363746, 366448, 367690, 370306, 372002, 376441, 381563, 384867, 384872, 385849, 395245, 400158, 403293, 404832, 406269, 422177, 423001, 444544, 444568, 445532, 445774, 479566, 480825, 499621, 499646, 505931, 514884, 527472, 533448, 533469, 534590, 534710, 588653, 595324, 595330, 625558]
