10,1,[280103]
12,1,[19128]
14,1,[189182]
15,14,[2549, 12475, 41387, 48724, 51093, 53997, 80138, 80141, 83266, 85217, 93968, 108200, 139677, 146924]
22,6,[14193, 80236, 92127, 102315, 157286, 157390]
24,3,[11342, 28221, 28321]
26,3,[9037, 14386, 64623]
27,1,[39744]
30,1,[279948]
10,1,[280103]
12,1,[19128]
14,1,[189182]
15,14,[2549, 12475, 41387, 48724, 51093, 53997, 80138, 80141, 83266, 85217, 93968, 108200, 139677, 146924]
22,6,[14193, 80236, 92127, 102315, 157286, 157390]
24,3,[11342, 28221, 28321]
26,3,[9037, 14386, 64623]
27,1,[39744]
30,1,[279948]
