10,20,[259721, 299644, 302756, 305643, 306230, 368020, 402740, 439172, 439206, 439256, 439281, 465091, 465372, 465490, 467646, 470338, 475754, 478160, 523789, 631133]
11,2,[7976, 12446]
14,1,[163488]
15,3,[81000, 143430, 161506]
17,20,[35068, 47743, 48683, 48719, 48733, 48771, 48782, 49238, 49249, 49259, 49415, 49424, 49473, 49614, 49645, 49663, 49697, 49894, 50610, 130277]
19,11,[287, 5351, 8376, 8466, 8470, 8528, 8690, 11176, 11209, 18506, 18568]
20,2,[8275, 51470]
21,5,[19999, 20202, 25898, 26081, 29834]
22,9,[12105, 12181, 19978, 19981, 41403, 41406, 47991, 47994, 51526]
23,2,[21121, 21146]
24,2,[16854, 29615]
25,1,[156695]
26,2,[8801, 52535]
27,6,[33779, 75820, 84483, 85567, 85668, 87037]
28,2,[6641, 6659]
30,20,[259565, 299486, 302598, 305485, 306072, 367857, 402574, 439002, 439036, 439086, 439111, 464920, 465201, 465319, 467475, 470167, 475584, 477992, 523617, 630862]
10,20,[259721, 299644, 302756, 305643, 306230, 368020, 402740, 439172, 439206, 439256, 439281, 465091, 465372, 465490, 467646, 470338, 475754, 478160, 523789, 631133]
11,2,[7976, 12446]
14,1,[163488]
15,3,[81000, 143430, 161506]
17,20,[35068, 47743, 48683, 48719, 48733, 48771, 48782, 49238, 49249, 49259, 49415, 49424, 49473, 49614, 49645, 49663, 49697, 49894, 50610, 130277]
19,11,[287, 5351, 8376, 8466, 8470, 8528, 8690, 11176, 11209, 18506, 18568]
20,2,[8275, 51470]
21,5,[19999, 20202, 25898, 26081, 29834]
22,9,[12105, 12181, 19978, 19981, 41403, 41406, 47991, 47994, 51526]
23,2,[21121, 21146]
24,2,[16854, 29615]
25,1,[156695]
26,2,[8801, 52535]
27,6,[33779, 75820, 84483, 85567, 85668, 87037]
28,2,[6641, 6659]
30,20,[259565, 299486, 302598, 305485, 306072, 367857, 402574, 439002, 439036, 439086, 439111, 464920, 465201, 465319, 467475, 470167, 475584, 477992, 523617, 630862]
