11,3,[12336, 12500, 13053]
15,5,[13157, 13159, 60454, 114111, 124042]
16,5,[14794, 14817, 14818, 14829, 14844]
20,6,[13836, 20636, 21103, 43590, 44856, 47791]
22,5,[49470, 49544, 113898, 130176, 144747]
24,6,[110, 20193, 22405, 22465, 35872, 39573]
26,6,[14424, 21364, 21842, 44546, 45841, 48802]
11,3,[12336, 12500, 13053]
15,5,[13157, 13159, 60454, 114111, 124042]
16,5,[14794, 14817, 14818, 14829, 14844]
20,6,[13836, 20636, 21103, 43590, 44856, 47791]
22,5,[49470, 49544, 113898, 130176, 144747]
24,6,[110, 20193, 22405, 22465, 35872, 39573]
26,6,[14424, 21364, 21842, 44546, 45841, 48802]
