10,71,[31049, 68616, 69113, 156882, 166087, 172510, 174999, 175696, 191488, 194302, 194382, 194391, 194403, 194408, 197625, 199470, 221892, 221965, 223056, 263865, 314224, 314593, 323454, 323578, 328421, 334686, 339119, 340253, 345218, 356864, 361150, 377008, 380817, 387771, 389296, 395333, 398481, 399940, 400645, 401269, 422879, 423250, 424851, 425675, 428532, 444916, 449700, 471508, 476364, 476404, 476456, 476463, 479423, 479731, 480444, 485483, 486558, 488874, 490158, 490816, 515317, 595400, 595402, 595409, 595432, 603950, 603952, 605356, 608956, 622470, 626629]
11,4,[4866, 6491, 8629, 20672]
12,12,[4472, 4789, 5188, 5382, 8547, 14464, 15250, 15321, 15711, 15733, 15816, 19493]
14,5,[24866, 49831, 55435, 91953, 139261]
15,54,[1592, 4746, 6615, 12946, 16469, 21331, 21555, 27874, 27931, 33911, 35932, 36785, 41581, 43815, 51971, 52679, 52722, 52885, 62064, 74215, 76652, 78798, 79572, 79747, 80857, 82831, 86843, 87318, 89437, 99457, 106077, 109225, 109652, 110728, 112730, 113275, 119884, 124382, 126670, 126977, 133850, 151197, 152391, 153973, 157259, 158565, 159627, 160277, 160278, 167001, 169300, 170171, 170176, 170367]
16,7,[6162, 8648, 12642, 24410, 27902, 30292, 35067]
17,7,[41974, 41982, 59687, 65523, 113959, 133857, 143405]
18,8,[10996, 22956, 32636, 35695, 40315, 40628, 98421, 106742]
19,7,[997, 4534, 6416, 11746, 11775, 13956, 24645]
20,8,[15316, 15593, 23864, 30493, 34682, 36443, 38746, 65289]
21,11,[7879, 10427, 14807, 15270, 19551, 20087, 21576, 22022, 22468, 27623, 30031]
22,202,[1322, 2571, 3987, 4252, 4506, 5085, 5708, 5819, 7563, 9781, 9784, 10786, 10802, 10881, 11753, 12157, 13605, 14353, 14365, 14368, 15987, 16028, 16477, 16901, 19096, 19106, 19292, 20158, 20204, 20466, 21055, 22285, 23569, 23576, 23578, 23580, 24179, 24389, 24462, 24528, 24539, 25292, 27632, 31483, 35058, 35114, 35569, 35802, 37267, 37273, 37895, 37905, 37974, 38925, 39313, 40150, 41293, 44611, 45598, 47284, 47541, 47611, 49777, 57015, 57019, 58828, 58905, 59670, 61732, 63186, 65294, 66342, 66346, 69777, 70315, 71489, 72106, 75685, 77107, 77111, 79144, 81824, 82136, 84299, 84523, 84626, 86033, 86315, 87281, 87944, 87962, 88071, 89681, 89684, 89887, 89919, 89944, 89951, 90137, 90143, 90153, 91261, 92094, 92096, 92101, 92391, 92624, 92632, 94566, 96737, 96740, 98430, 98437, 98457, 98522, 98531, 100919, 101585, 101592, 103772, 106141, 106450, 106630, 106637, 107153, 107651, 107669, 107767, 108781, 109049, 109050, 109249, 109253, 109273, 109281, 110337, 110394, 110787, 112441, 112444, 112491, 112630, 113026, 113467, 113478, 113869, 113945, 113947, 113949, 114033, 115405, 116161, 116179, 117189, 122382, 122522, 122878, 122881, 122912, 125034, 125227, 125300, 125302, 125304, 125308, 125317, 125319, 125613, 125680, 125733, 125760, 125795, 125797, 126096, 126098, 126514, 126931, 126933, 126978, 128445, 128801, 128803, 128807, 128809, 130641, 133736, 136066, 137598, 137995, 138257, 138420, 139101, 139687, 140642, 140643, 143621, 143784, 151224, 152202, 152671, 155761, 157027]
23,22,[1296, 5370, 5783, 9113, 11927, 12609, 12679, 14401, 14460, 15765, 16068, 16136, 17601, 19135, 22327, 23332, 23427, 23518, 23893, 24278, 25623, 26814]
24,21,[4937, 4940, 5923, 9289, 11211, 14791, 15949, 16699, 20473, 21174, 23163, 24138, 24869, 26475, 27107, 27416, 28420, 31848, 35019, 39857, 43102]
25,8,[7800, 24195, 35622, 53177, 88104, 133446, 161197, 181382]
26,8,[15953, 16235, 24628, 31346, 35570, 37349, 39690, 66702]
27,30,[1319, 1476, 5184, 7446, 7964, 8214, 8275, 8858, 9909, 16003, 16131, 22498, 22692, 28575, 30083, 30113, 30160, 30607, 49678, 62281, 65433, 65678, 67561, 69788, 72197, 77578, 81452, 82769, 99226, 99976]
28,4,[3219, 4274, 6052, 10202]
30,71,[30955, 68513, 69010, 156769, 165964, 172387, 174876, 175573, 191356, 194170, 194250, 194259, 194271, 194276, 197493, 199328, 221742, 221815, 222906, 263709, 314065, 314434, 323295, 323419, 328262, 334527, 338960, 340094, 345059, 356704, 360990, 376845, 380654, 387608, 389133, 395167, 398315, 399774, 400479, 401103, 422713, 423084, 424685, 425509, 428365, 444746, 449530, 471337, 476195, 476235, 476287, 476294, 479255, 479563, 480276, 485319, 486395, 488713, 489998, 490656, 515148, 595209, 595211, 595218, 595241, 603748, 603750, 605154, 608744, 622218, 626372]
10,71,[31049, 68616, 69113, 156882, 166087, 172510, 174999, 175696, 191488, 194302, 194382, 194391, 194403, 194408, 197625, 199470, 221892, 221965, 223056, 263865, 314224, 314593, 323454, 323578, 328421, 334686, 339119, 340253, 345218, 356864, 361150, 377008, 380817, 387771, 389296, 395333, 398481, 399940, 400645, 401269, 422879, 423250, 424851, 425675, 428532, 444916, 449700, 471508, 476364, 476404, 476456, 476463, 479423, 479731, 480444, 485483, 486558, 488874, 490158, 490816, 515317, 595400, 595402, 595409, 595432, 603950, 603952, 605356, 608956, 622470, 626629]
11,4,[4866, 6491, 8629, 20672]
12,12,[4472, 4789, 5188, 5382, 8547, 14464, 15250, 15321, 15711, 15733, 15816, 19493]
14,5,[24866, 49831, 55435, 91953, 139261]
15,54,[1592, 4746, 6615, 12946, 16469, 21331, 21555, 27874, 27931, 33911, 35932, 36785, 41581, 43815, 51971, 52679, 52722, 52885, 62064, 74215, 76652, 78798, 79572, 79747, 80857, 82831, 86843, 87318, 89437, 99457, 106077, 109225, 109652, 110728, 112730, 113275, 119884, 124382, 126670, 126977, 133850, 151197, 152391, 153973, 157259, 158565, 159627, 160277, 160278, 167001, 169300, 170171, 170176, 170367]
16,7,[6162, 8648, 12642, 24410, 27902, 30292, 35067]
17,7,[41974, 41982, 59687, 65523, 113959, 133857, 143405]
18,8,[10996, 22956, 32636, 35695, 40315, 40628, 98421, 106742]
19,7,[997, 4534, 6416, 11746, 11775, 13956, 24645]
20,8,[15316, 15593, 23864, 30493, 34682, 36443, 38746, 65289]
21,11,[7879, 10427, 14807, 15270, 19551, 20087, 21576, 22022, 22468, 27623, 30031]
22,202,[1322, 2571, 3987, 4252, 4506, 5085, 5708, 5819, 7563, 9781, 9784, 10786, 10802, 10881, 11753, 12157, 13605, 14353, 14365, 14368, 15987, 16028, 16477, 16901, 19096, 19106, 19292, 20158, 20204, 20466, 21055, 22285, 23569, 23576, 23578, 23580, 24179, 24389, 24462, 24528, 24539, 25292, 27632, 31483, 35058, 35114, 35569, 35802, 37267, 37273, 37895, 37905, 37974, 38925, 39313, 40150, 41293, 44611, 45598, 47284, 47541, 47611, 49777, 57015, 57019, 58828, 58905, 59670, 61732, 63186, 65294, 66342, 66346, 69777, 70315, 71489, 72106, 75685, 77107, 77111, 79144, 81824, 82136, 84299, 84523, 84626, 86033, 86315, 87281, 87944, 87962, 88071, 89681, 89684, 89887, 89919, 89944, 89951, 90137, 90143, 90153, 91261, 92094, 92096, 92101, 92391, 92624, 92632, 94566, 96737, 96740, 98430, 98437, 98457, 98522, 98531, 100919, 101585, 101592, 103772, 106141, 106450, 106630, 106637, 107153, 107651, 107669, 107767, 108781, 109049, 109050, 109249, 109253, 109273, 109281, 110337, 110394, 110787, 112441, 112444, 112491, 112630, 113026, 113467, 113478, 113869, 113945, 113947, 113949, 114033, 115405, 116161, 116179, 117189, 122382, 122522, 122878, 122881, 122912, 125034, 125227, 125300, 125302, 125304, 125308, 125317, 125319, 125613, 125680, 125733, 125760, 125795, 125797, 126096, 126098, 126514, 126931, 126933, 126978, 128445, 128801, 128803, 128807, 128809, 130641, 133736, 136066, 137598, 137995, 138257, 138420, 139101, 139687, 140642, 140643, 143621, 143784, 151224, 152202, 152671, 155761, 157027]
23,22,[1296, 5370, 5783, 9113, 11927, 12609, 12679, 14401, 14460, 15765, 16068, 16136, 17601, 19135, 22327, 23332, 23427, 23518, 23893, 24278, 25623, 26814]
24,21,[4937, 4940, 5923, 9289, 11211, 14791, 15949, 16699, 20473, 21174, 23163, 24138, 24869, 26475, 27107, 27416, 28420, 31848, 35019, 39857, 43102]
25,8,[7800, 24195, 35622, 53177, 88104, 133446, 161197, 181382]
26,8,[15953, 16235, 24628, 31346, 35570, 37349, 39690, 66702]
27,30,[1319, 1476, 5184, 7446, 7964, 8214, 8275, 8858, 9909, 16003, 16131, 22498, 22692, 28575, 30083, 30113, 30160, 30607, 49678, 62281, 65433, 65678, 67561, 69788, 72197, 77578, 81452, 82769, 99226, 99976]
28,4,[3219, 4274, 6052, 10202]
30,71,[30955, 68513, 69010, 156769, 165964, 172387, 174876, 175573, 191356, 194170, 194250, 194259, 194271, 194276, 197493, 199328, 221742, 221815, 222906, 263709, 314065, 314434, 323295, 323419, 328262, 334527, 338960, 340094, 345059, 356704, 360990, 376845, 380654, 387608, 389133, 395167, 398315, 399774, 400479, 401103, 422713, 423084, 424685, 425509, 428365, 444746, 449530, 471337, 476195, 476235, 476287, 476294, 479255, 479563, 480276, 485319, 486395, 488713, 489998, 490656, 515148, 595209, 595211, 595218, 595241, 603748, 603750, 605154, 608744, 622218, 626372]
