10,15,[47, 159741, 159839, 160081, 160108, 160249, 160289, 160442, 160843, 160866, 161095, 161467, 161579, 161687, 496233]
14,1,[6858]
22,1,[148962]
25,1,[7090]
27,1,[25728]
30,15,[100, 159627, 159725, 159967, 159994, 160135, 160175, 160328, 160729, 160752, 160981, 161353, 161465, 161573, 496064]
10,15,[47, 159741, 159839, 160081, 160108, 160249, 160289, 160442, 160843, 160866, 161095, 161467, 161579, 161687, 496233]
14,1,[6858]
22,1,[148962]
25,1,[7090]
27,1,[25728]
30,15,[100, 159627, 159725, 159967, 159994, 160135, 160175, 160328, 160729, 160752, 160981, 161353, 161465, 161573, 496064]
