6,1,[141]
10,5,[550575, 550905, 600415, 609499, 624506]
15,16,[4571, 7712, 20802, 37028, 37396, 55948, 60357, 82800, 111957, 114952, 132042, 141686, 141990, 151396, 151664, 153386]
20,8,[25662, 34579, 35172, 38947, 41030, 41476, 48928, 64064]
22,6,[43252, 46989, 94012, 154168, 154169, 160496]
26,11,[20610, 26461, 35044, 35467, 36065, 39891, 41965, 42412, 44148, 49959, 65455]
27,4,[2562, 33428, 36438, 67547]
30,5,[550397, 550727, 600218, 609287, 624252]
6,1,[141]
10,5,[550575, 550905, 600415, 609499, 624506]
15,16,[4571, 7712, 20802, 37028, 37396, 55948, 60357, 82800, 111957, 114952, 132042, 141686, 141990, 151396, 151664, 153386]
20,8,[25662, 34579, 35172, 38947, 41030, 41476, 48928, 64064]
22,6,[43252, 46989, 94012, 154168, 154169, 160496]
26,11,[20610, 26461, 35044, 35467, 36065, 39891, 41965, 42412, 44148, 49959, 65455]
27,4,[2562, 33428, 36438, 67547]
30,5,[550397, 550727, 600218, 609287, 624252]
