10,157,[1294, 2101, 2444, 5524, 5581, 6282, 6295, 6780, 13885, 16417, 16620, 24859, 25185, 25268, 37797, 37814, 40686, 48646, 56664, 59016, 79118, 80522, 86225, 95794, 103547, 103561, 103958, 130559, 131968, 135538, 136133, 136181, 136193, 137680, 138476, 138549, 138580, 138960, 139382, 139747, 140046, 147568, 148374, 148936, 149605, 149627, 152378, 159569, 203067, 205047, 240884, 241180, 242645, 244356, 246048, 257209, 257357, 257942, 271194, 273273, 284966, 285029, 296992, 301667, 305484, 309441, 321394, 327689, 328552, 334408, 336263, 363833, 368364, 374084, 380859, 382153, 384117, 403521, 403754, 412082, 423472, 434002, 434010, 434883, 434971, 435498, 439295, 440682, 445247, 445413, 446704, 454798, 455439, 455845, 455876, 456078, 456400, 456931, 457443, 457464, 457536, 457662, 457669, 457758, 457771, 457840, 458229, 458498, 459533, 459551, 460024, 460348, 460717, 460888, 461174, 461197, 461202, 461357, 461369, 461384, 461400, 461415, 461430, 461446, 461461, 461487, 461546, 461723, 461763, 461885, 461959, 461975, 461991, 462005, 462019, 462118, 468462, 471358, 475105, 475603, 476762, 480441, 482375, 482454, 486330, 491953, 494241, 494253, 496613, 496628, 496765, 500073, 511476, 540535, 634171, 638051, 640565]
13,1,[1367]
14,167,[190, 654, 7950, 8303, 8312, 8468, 9275, 9846, 9855, 9996, 11916, 11958, 12644, 16590, 16972, 16998, 19262, 20768, 23302, 23304, 24930, 26021, 26837, 34153, 34988, 35842, 36376, 37446, 39575, 40912, 41782, 45793, 45813, 48632, 49426, 49435, 54308, 55046, 55048, 55855, 59143, 60514, 61904, 62223, 63984, 64212, 64482, 64534, 64647, 64807, 64949, 65748, 66377, 66541, 66542, 70145, 70154, 70372, 73922, 74327, 74857, 74915, 75684, 78545, 79500, 81634, 82110, 82203, 82386, 82651, 87008, 87030, 88048, 90337, 90341, 92004, 92019, 93197, 93492, 93500, 93619, 94681, 95023, 95025, 95046, 95048, 96178, 98436, 99675, 107512, 112492, 114033, 119213, 119222, 121012, 125377, 129863, 130481, 133950, 134103, 134178, 134360, 134565, 135847, 137118, 137121, 137744, 137829, 137839, 138898, 140846, 142932, 145427, 146095, 148952, 148961, 149186, 149603, 149612, 150435, 150829, 150838, 155025, 156613, 161186, 162204, 163757, 164752, 168338, 173916, 174675, 174834, 175309, 177285, 178642, 178754, 179524, 179726, 180983, 186289, 187839, 187904, 187945, 187961, 188299, 190123, 193023, 194657, 194815, 196246, 196351, 196386, 196534, 196996, 197009, 198594, 198738, 199209, 199215, 199227, 199234, 199239, 199248, 199251, 199256, 200444, 200833]
15,22,[3684, 16742, 56437, 71588, 75639, 87697, 106481, 116040, 116682, 131565, 133873, 135377, 141153, 147908, 154885, 154887, 155891, 155893, 155908, 155980, 156676, 171091]
16,1,[268]
17,48,[19120, 30818, 35411, 42067, 61838, 65361, 77350, 82432, 82492, 87302, 93836, 97793, 97844, 105583, 105603, 105639, 105714, 105754, 105882, 105926, 108032, 108173, 110516, 114091, 124310, 126311, 126416, 127054, 127067, 133069, 133825, 133840, 133862, 133879, 133907, 133957, 134081, 134786, 136111, 136945, 148109, 148594, 150986, 151825, 153040, 161412, 167406, 183683]
18,1,[20926]
19,4,[2151, 5186, 27763, 27770]
20,19,[4920, 17211, 17324, 17523, 19959, 20146, 23603, 24870, 34261, 35592, 36426, 36498, 37861, 39059, 39212, 53861, 57188, 57731, 62996]
21,2,[2940, 3485]
22,2,[32074, 38096]
23,1,[17666]
24,4,[3004, 18861, 36760, 36851]
25,184,[821, 1809, 8197, 8525, 8533, 8675, 9540, 10075, 10083, 10211, 12049, 12084, 12722, 16396, 16766, 16791, 18841, 20399, 22747, 22749, 24246, 25244, 25990, 35020, 35970, 36060, 38038, 39329, 46749, 47510, 47518, 53537, 56806, 58101, 59480, 61860, 61874, 62007, 62045, 62090, 62111, 62121, 62137, 62455, 62548, 62619, 62622, 62634, 62675, 62728, 62753, 62759, 62786, 62836, 62879, 62925, 62960, 63011, 63087, 63155, 63390, 63544, 63545, 66935, 66943, 67128, 70366, 70764, 71258, 71316, 72076, 75005, 77969, 78421, 78509, 78679, 78930, 83321, 83341, 84398, 86594, 86598, 88153, 88169, 89242, 89530, 89538, 89647, 90135, 90716, 91039, 91064, 92129, 95538, 95926, 95940, 96030, 96078, 96702, 103100, 107830, 109294, 114163, 114171, 115925, 120084, 124354, 124903, 128208, 128357, 128430, 128609, 128800, 130077, 131289, 131292, 131905, 131983, 131992, 132967, 135001, 137007, 139372, 140014, 142408, 142848, 142856, 143060, 143453, 143461, 144208, 144572, 144580, 148441, 149948, 154433, 155464, 156933, 157893, 161439, 166920, 167657, 167788, 168233, 170081, 171305, 171403, 172123, 172320, 173574, 178665, 180105, 180163, 180200, 180214, 180579, 182400, 184885, 186484, 186629, 188070, 188170, 188203, 188318, 188852, 188878, 189486, 191743, 192029, 196935, 198912, 200936, 201072, 201541, 201547, 201559, 201566, 201572, 201581, 201584, 201589, 201801, 202787, 203181]
26,19,[5434, 17867, 17988, 18192, 20680, 20871, 24371, 25652, 35141, 36491, 37331, 37405, 38778, 40001, 40154, 55004, 58341, 58905, 64345]
27,15,[2490, 17944, 27147, 27179, 30821, 30909, 32668, 63388, 63739, 66330, 67280, 67477, 81868, 83246, 87763]
30,157,[1201, 2008, 2351, 5430, 5487, 6188, 6201, 6686, 13791, 16323, 16526, 24765, 25091, 25174, 37699, 37716, 40588, 48548, 56565, 58913, 79011, 80415, 86118, 95687, 103440, 103454, 103851, 130447, 131856, 135426, 136021, 136069, 136081, 137568, 138364, 138437, 138468, 138848, 139270, 139635, 139934, 147455, 148261, 148823, 149492, 149514, 152265, 159456, 202925, 204905, 240731, 241027, 242492, 244203, 245895, 257053, 257201, 257786, 271038, 273117, 284810, 284873, 296834, 301509, 305326, 309283, 321235, 327530, 328393, 334249, 336104, 363670, 368201, 373921, 380696, 381990, 383954, 403355, 403588, 411916, 423306, 433832, 433840, 434713, 434801, 435328, 439125, 440512, 445077, 445243, 446534, 454628, 455269, 455675, 455706, 455908, 456230, 456761, 457273, 457294, 457366, 457492, 457499, 457588, 457601, 457670, 458059, 458328, 459363, 459381, 459854, 460178, 460547, 460718, 461004, 461027, 461032, 461187, 461199, 461214, 461230, 461245, 461260, 461276, 461291, 461317, 461376, 461553, 461593, 461715, 461789, 461805, 461821, 461835, 461849, 461948, 468291, 471187, 474935, 475433, 476593, 480273, 482209, 482288, 486167, 491793, 494081, 494093, 496444, 496459, 496596, 499904, 511307, 540360, 633896, 637776, 640290]
10,157,[1294, 2101, 2444, 5524, 5581, 6282, 6295, 6780, 13885, 16417, 16620, 24859, 25185, 25268, 37797, 37814, 40686, 48646, 56664, 59016, 79118, 80522, 86225, 95794, 103547, 103561, 103958, 130559, 131968, 135538, 136133, 136181, 136193, 137680, 138476, 138549, 138580, 138960, 139382, 139747, 140046, 147568, 148374, 148936, 149605, 149627, 152378, 159569, 203067, 205047, 240884, 241180, 242645, 244356, 246048, 257209, 257357, 257942, 271194, 273273, 284966, 285029, 296992, 301667, 305484, 309441, 321394, 327689, 328552, 334408, 336263, 363833, 368364, 374084, 380859, 382153, 384117, 403521, 403754, 412082, 423472, 434002, 434010, 434883, 434971, 435498, 439295, 440682, 445247, 445413, 446704, 454798, 455439, 455845, 455876, 456078, 456400, 456931, 457443, 457464, 457536, 457662, 457669, 457758, 457771, 457840, 458229, 458498, 459533, 459551, 460024, 460348, 460717, 460888, 461174, 461197, 461202, 461357, 461369, 461384, 461400, 461415, 461430, 461446, 461461, 461487, 461546, 461723, 461763, 461885, 461959, 461975, 461991, 462005, 462019, 462118, 468462, 471358, 475105, 475603, 476762, 480441, 482375, 482454, 486330, 491953, 494241, 494253, 496613, 496628, 496765, 500073, 511476, 540535, 634171, 638051, 640565]
13,1,[1367]
14,167,[190, 654, 7950, 8303, 8312, 8468, 9275, 9846, 9855, 9996, 11916, 11958, 12644, 16590, 16972, 16998, 19262, 20768, 23302, 23304, 24930, 26021, 26837, 34153, 34988, 35842, 36376, 37446, 39575, 40912, 41782, 45793, 45813, 48632, 49426, 49435, 54308, 55046, 55048, 55855, 59143, 60514, 61904, 62223, 63984, 64212, 64482, 64534, 64647, 64807, 64949, 65748, 66377, 66541, 66542, 70145, 70154, 70372, 73922, 74327, 74857, 74915, 75684, 78545, 79500, 81634, 82110, 82203, 82386, 82651, 87008, 87030, 88048, 90337, 90341, 92004, 92019, 93197, 93492, 93500, 93619, 94681, 95023, 95025, 95046, 95048, 96178, 98436, 99675, 107512, 112492, 114033, 119213, 119222, 121012, 125377, 129863, 130481, 133950, 134103, 134178, 134360, 134565, 135847, 137118, 137121, 137744, 137829, 137839, 138898, 140846, 142932, 145427, 146095, 148952, 148961, 149186, 149603, 149612, 150435, 150829, 150838, 155025, 156613, 161186, 162204, 163757, 164752, 168338, 173916, 174675, 174834, 175309, 177285, 178642, 178754, 179524, 179726, 180983, 186289, 187839, 187904, 187945, 187961, 188299, 190123, 193023, 194657, 194815, 196246, 196351, 196386, 196534, 196996, 197009, 198594, 198738, 199209, 199215, 199227, 199234, 199239, 199248, 199251, 199256, 200444, 200833]
15,22,[3684, 16742, 56437, 71588, 75639, 87697, 106481, 116040, 116682, 131565, 133873, 135377, 141153, 147908, 154885, 154887, 155891, 155893, 155908, 155980, 156676, 171091]
16,1,[268]
17,48,[19120, 30818, 35411, 42067, 61838, 65361, 77350, 82432, 82492, 87302, 93836, 97793, 97844, 105583, 105603, 105639, 105714, 105754, 105882, 105926, 108032, 108173, 110516, 114091, 124310, 126311, 126416, 127054, 127067, 133069, 133825, 133840, 133862, 133879, 133907, 133957, 134081, 134786, 136111, 136945, 148109, 148594, 150986, 151825, 153040, 161412, 167406, 183683]
18,1,[20926]
19,4,[2151, 5186, 27763, 27770]
20,19,[4920, 17211, 17324, 17523, 19959, 20146, 23603, 24870, 34261, 35592, 36426, 36498, 37861, 39059, 39212, 53861, 57188, 57731, 62996]
21,2,[2940, 3485]
22,2,[32074, 38096]
23,1,[17666]
24,4,[3004, 18861, 36760, 36851]
25,184,[821, 1809, 8197, 8525, 8533, 8675, 9540, 10075, 10083, 10211, 12049, 12084, 12722, 16396, 16766, 16791, 18841, 20399, 22747, 22749, 24246, 25244, 25990, 35020, 35970, 36060, 38038, 39329, 46749, 47510, 47518, 53537, 56806, 58101, 59480, 61860, 61874, 62007, 62045, 62090, 62111, 62121, 62137, 62455, 62548, 62619, 62622, 62634, 62675, 62728, 62753, 62759, 62786, 62836, 62879, 62925, 62960, 63011, 63087, 63155, 63390, 63544, 63545, 66935, 66943, 67128, 70366, 70764, 71258, 71316, 72076, 75005, 77969, 78421, 78509, 78679, 78930, 83321, 83341, 84398, 86594, 86598, 88153, 88169, 89242, 89530, 89538, 89647, 90135, 90716, 91039, 91064, 92129, 95538, 95926, 95940, 96030, 96078, 96702, 103100, 107830, 109294, 114163, 114171, 115925, 120084, 124354, 124903, 128208, 128357, 128430, 128609, 128800, 130077, 131289, 131292, 131905, 131983, 131992, 132967, 135001, 137007, 139372, 140014, 142408, 142848, 142856, 143060, 143453, 143461, 144208, 144572, 144580, 148441, 149948, 154433, 155464, 156933, 157893, 161439, 166920, 167657, 167788, 168233, 170081, 171305, 171403, 172123, 172320, 173574, 178665, 180105, 180163, 180200, 180214, 180579, 182400, 184885, 186484, 186629, 188070, 188170, 188203, 188318, 188852, 188878, 189486, 191743, 192029, 196935, 198912, 200936, 201072, 201541, 201547, 201559, 201566, 201572, 201581, 201584, 201589, 201801, 202787, 203181]
26,19,[5434, 17867, 17988, 18192, 20680, 20871, 24371, 25652, 35141, 36491, 37331, 37405, 38778, 40001, 40154, 55004, 58341, 58905, 64345]
27,15,[2490, 17944, 27147, 27179, 30821, 30909, 32668, 63388, 63739, 66330, 67280, 67477, 81868, 83246, 87763]
30,157,[1201, 2008, 2351, 5430, 5487, 6188, 6201, 6686, 13791, 16323, 16526, 24765, 25091, 25174, 37699, 37716, 40588, 48548, 56565, 58913, 79011, 80415, 86118, 95687, 103440, 103454, 103851, 130447, 131856, 135426, 136021, 136069, 136081, 137568, 138364, 138437, 138468, 138848, 139270, 139635, 139934, 147455, 148261, 148823, 149492, 149514, 152265, 159456, 202925, 204905, 240731, 241027, 242492, 244203, 245895, 257053, 257201, 257786, 271038, 273117, 284810, 284873, 296834, 301509, 305326, 309283, 321235, 327530, 328393, 334249, 336104, 363670, 368201, 373921, 380696, 381990, 383954, 403355, 403588, 411916, 423306, 433832, 433840, 434713, 434801, 435328, 439125, 440512, 445077, 445243, 446534, 454628, 455269, 455675, 455706, 455908, 456230, 456761, 457273, 457294, 457366, 457492, 457499, 457588, 457601, 457670, 458059, 458328, 459363, 459381, 459854, 460178, 460547, 460718, 461004, 461027, 461032, 461187, 461199, 461214, 461230, 461245, 461260, 461276, 461291, 461317, 461376, 461553, 461593, 461715, 461789, 461805, 461821, 461835, 461849, 461948, 468291, 471187, 474935, 475433, 476593, 480273, 482209, 482288, 486167, 491793, 494081, 494093, 496444, 496459, 496596, 499904, 511307, 540360, 633896, 637776, 640290]
