10,56,[20907, 40136, 42728, 47654, 47670, 47692, 47793, 47805, 55356, 55385, 55470, 55481, 94425, 102699, 103025, 114577, 114592, 118430, 131728, 133347, 133364, 135076, 135139, 135199, 135263, 135306, 135373, 135756, 135792, 135849, 137051, 140522, 144321, 144698, 146619, 146658, 156951, 158867, 159128, 159374, 170960, 176796, 176814, 191806, 227164, 297285, 297360, 331750, 360415, 404843, 411767, 411788, 439719, 458116, 545925, 622328]
11,3,[6756, 7669, 19418]
12,4,[1821, 19514, 22491, 22639]
14,24,[9625, 28661, 42267, 49530, 69525, 74722, 79878, 80744, 84055, 84064, 113119, 113947, 116533, 121378, 125930, 134520, 153370, 154239, 162728, 167301, 183055, 185194, 190968, 194284]
15,8,[1534, 52468, 57220, 67914, 69342, 86752, 126725, 166130]
16,3,[523, 17450, 27055]
17,2,[99797, 182678]
18,1,[9659]
20,5,[1747, 2824, 29038, 29951, 30410]
21,1,[14847]
22,29,[9403, 9712, 22029, 23298, 23958, 28599, 31346, 31479, 31653, 31654, 33908, 33910, 33912, 34131, 34356, 38761, 41194, 44432, 47552, 51819, 53098, 91650, 98624, 98633, 128470, 130603, 138428, 138921, 138923]
23,1,[16157]
24,5,[6691, 7206, 11503, 18875, 19597]
25,24,[9871, 27747, 40623, 47596, 66342, 71134, 76268, 77067, 80348, 80357, 108423, 109215, 111585, 116356, 120653, 128758, 146899, 147708, 155936, 166831, 175595, 177616, 182364, 186149]
26,5,[2122, 3266, 29876, 30799, 31260]
27,10,[10542, 11116, 23269, 35342, 35625, 48576, 49881, 50162, 50163, 93835]
28,1,[11774]
30,56,[20813, 40038, 42630, 47556, 47572, 47594, 47695, 47707, 55257, 55286, 55371, 55382, 94318, 102592, 102918, 114466, 114481, 118319, 131616, 133235, 133252, 134964, 135027, 135087, 135151, 135194, 135261, 135644, 135680, 135737, 136939, 140410, 144208, 144585, 146506, 146545, 156838, 158754, 159015, 159261, 170837, 176673, 176691, 191674, 227014, 297127, 297202, 331591, 360255, 404677, 411601, 411622, 439549, 457946, 545750, 622076]
10,56,[20907, 40136, 42728, 47654, 47670, 47692, 47793, 47805, 55356, 55385, 55470, 55481, 94425, 102699, 103025, 114577, 114592, 118430, 131728, 133347, 133364, 135076, 135139, 135199, 135263, 135306, 135373, 135756, 135792, 135849, 137051, 140522, 144321, 144698, 146619, 146658, 156951, 158867, 159128, 159374, 170960, 176796, 176814, 191806, 227164, 297285, 297360, 331750, 360415, 404843, 411767, 411788, 439719, 458116, 545925, 622328]
11,3,[6756, 7669, 19418]
12,4,[1821, 19514, 22491, 22639]
14,24,[9625, 28661, 42267, 49530, 69525, 74722, 79878, 80744, 84055, 84064, 113119, 113947, 116533, 121378, 125930, 134520, 153370, 154239, 162728, 167301, 183055, 185194, 190968, 194284]
15,8,[1534, 52468, 57220, 67914, 69342, 86752, 126725, 166130]
16,3,[523, 17450, 27055]
17,2,[99797, 182678]
18,1,[9659]
20,5,[1747, 2824, 29038, 29951, 30410]
21,1,[14847]
22,29,[9403, 9712, 22029, 23298, 23958, 28599, 31346, 31479, 31653, 31654, 33908, 33910, 33912, 34131, 34356, 38761, 41194, 44432, 47552, 51819, 53098, 91650, 98624, 98633, 128470, 130603, 138428, 138921, 138923]
23,1,[16157]
24,5,[6691, 7206, 11503, 18875, 19597]
25,24,[9871, 27747, 40623, 47596, 66342, 71134, 76268, 77067, 80348, 80357, 108423, 109215, 111585, 116356, 120653, 128758, 146899, 147708, 155936, 166831, 175595, 177616, 182364, 186149]
26,5,[2122, 3266, 29876, 30799, 31260]
27,10,[10542, 11116, 23269, 35342, 35625, 48576, 49881, 50162, 50163, 93835]
28,1,[11774]
30,56,[20813, 40038, 42630, 47556, 47572, 47594, 47695, 47707, 55257, 55286, 55371, 55382, 94318, 102592, 102918, 114466, 114481, 118319, 131616, 133235, 133252, 134964, 135027, 135087, 135151, 135194, 135261, 135644, 135680, 135737, 136939, 140410, 144208, 144585, 146506, 146545, 156838, 158754, 159015, 159261, 170837, 176673, 176691, 191674, 227014, 297127, 297202, 331591, 360255, 404677, 411601, 411622, 439549, 457946, 545750, 622076]
