14,8,[14520, 22160, 50466, 105030, 180352, 180579, 180772, 185811]
15,1,[142246]
18,8,[3674, 3868, 5356, 5794, 16633, 37248, 67608, 98871]
22,4,[21342, 23240, 93692, 104806]
23,1,[944]
25,8,[14514, 21689, 48476, 100806, 172971, 173193, 173374, 178206]
14,8,[14520, 22160, 50466, 105030, 180352, 180579, 180772, 185811]
15,1,[142246]
18,8,[3674, 3868, 5356, 5794, 16633, 37248, 67608, 98871]
22,4,[21342, 23240, 93692, 104806]
23,1,[944]
25,8,[14514, 21689, 48476, 100806, 172971, 173193, 173374, 178206]
