9,1,[441]
12,2,[15559, 21995]
13,1,[2455]
14,1,[107208]
15,3,[20803, 34415, 165764]
16,3,[20068, 20907, 23299]
18,6,[10834, 10961, 23842, 48405, 60775, 111217]
21,3,[3356, 24297, 30567]
22,3,[644, 23321, 102691]
23,6,[752, 13040, 16260, 18153, 21968, 29021]
24,2,[26884, 32101]
25,2,[4831, 102803]
27,14,[11867, 22038, 38863, 42003, 45244, 49960, 51801, 65735, 71616, 72073, 81263, 86060, 88848, 97668]
9,1,[441]
12,2,[15559, 21995]
13,1,[2455]
14,1,[107208]
15,3,[20803, 34415, 165764]
16,3,[20068, 20907, 23299]
18,6,[10834, 10961, 23842, 48405, 60775, 111217]
21,3,[3356, 24297, 30567]
22,3,[644, 23321, 102691]
23,6,[752, 13040, 16260, 18153, 21968, 29021]
24,2,[26884, 32101]
25,2,[4831, 102803]
27,14,[11867, 22038, 38863, 42003, 45244, 49960, 51801, 65735, 71616, 72073, 81263, 86060, 88848, 97668]
