10,35,[161918, 162042, 162127, 162148, 162155, 162212, 162441, 162725, 162731, 162919, 162972, 163086, 163389, 163409, 163458, 163489, 163536, 163545, 163555, 163626, 163674, 163678, 163707, 163711, 163950, 164133, 164166, 164198, 164218, 164220, 164241, 169490, 201328, 514813, 514814]
14,1,[127220]
23,2,[17842, 17859]
25,1,[121890]
26,1,[3485]
30,35,[161795, 161919, 162004, 162025, 162032, 162089, 162318, 162602, 162608, 162796, 162849, 162963, 163266, 163286, 163335, 163366, 163413, 163422, 163432, 163503, 163551, 163555, 163584, 163588, 163827, 164010, 164043, 164075, 164095, 164097, 164118, 169367, 201186, 514644, 514645]
10,35,[161918, 162042, 162127, 162148, 162155, 162212, 162441, 162725, 162731, 162919, 162972, 163086, 163389, 163409, 163458, 163489, 163536, 163545, 163555, 163626, 163674, 163678, 163707, 163711, 163950, 164133, 164166, 164198, 164218, 164220, 164241, 169490, 201328, 514813, 514814]
14,1,[127220]
23,2,[17842, 17859]
25,1,[121890]
26,1,[3485]
30,35,[161795, 161919, 162004, 162025, 162032, 162089, 162318, 162602, 162608, 162796, 162849, 162963, 163266, 163286, 163335, 163366, 163413, 163422, 163432, 163503, 163551, 163555, 163584, 163588, 163827, 164010, 164043, 164075, 164095, 164097, 164118, 169367, 201186, 514644, 514645]
