14,294,[3387, 3398, 5275, 9599, 9605, 10965, 14146, 14165, 14978, 15702, 16819, 17631, 18670, 19522, 20327, 22608, 23528, 24654, 26340, 27305, 28339, 29127, 30004, 31729, 32607, 33546, 35031, 35897, 36882, 38010, 40134, 40924, 41830, 43555, 45609, 46633, 47661, 48498, 50119, 51113, 52218, 53520, 54350, 55337, 57583, 58567, 59768, 62276, 63068, 64530, 65609, 66538, 68284, 69845, 72196, 73479, 74335, 75249, 76171, 77190, 79385, 80351, 81418, 82929, 85133, 86310, 87164, 87598, 88771, 89764, 90609, 91796, 93864, 94887, 97553, 98389, 99142, 100481, 101438, 102260, 103970, 104695, 106251, 107099, 108279, 109174, 110002, 110710, 113510, 114440, 115995, 119733, 120533, 122960, 123907, 126441, 127476, 128452, 129338, 132081, 132946, 135109, 136410, 137311, 138323, 139448, 140656, 142311, 143450, 145034, 146592, 147467, 152878, 153839, 154644, 155378, 156113, 156917, 156924, 157700, 158788, 160500, 162011, 163253, 164160, 165065, 166286, 167169, 168213, 168221, 169240, 170273, 171296, 171315, 172319, 174234, 175167, 176160, 178121, 179020, 180214, 182644, 184032, 184741, 190509, 192317, 193450, 194251, 194992, 198149, 198154, 198163, 198170, 198193, 198251, 198270, 198311, 198317, 198355, 198365, 198414, 198456, 198465, 198472, 198475, 198480, 198537, 198540, 198561, 198565, 198595, 198606, 198645, 198667, 198684, 198726, 198729, 198732, 198756, 198769, 198772, 198776, 198779, 198794, 198819, 198838, 198992, 199011, 199031, 199053, 199086, 199092, 199114, 199141, 199165, 199170, 199191, 199368, 199417, 199443, 199463, 199572, 199596, 199624, 199639, 199651, 199732, 199755, 199798, 199815, 199832, 199861, 199884, 199887, 199890, 199952, 199965, 199987, 199996, 200036, 200043, 200046, 200058, 200069, 200072, 200095, 200098, 200127, 200155, 200196, 200199, 200210, 200225, 200275, 200284, 200314, 200338, 200348, 200360, 200377, 200385, 200409, 200423, 200433, 200441, 200456, 200490, 200500, 200570, 200645, 200652, 200655, 200690, 200700, 200706, 200800, 200804, 200808, 200818, 200840, 200843, 200847, 200909, 200912, 200919, 200944, 200970, 200990, 201062, 201069, 201150, 201173, 201190, 201203, 201207, 201260, 201325, 201360, 201468, 201515, 201566, 201575, 201578, 201629, 201665, 201700, 201760, 201776, 201796, 201799, 201807, 201835, 201855, 201905]
17,3,[130677, 131341, 143647]
21,1,[5300]
22,3,[75763, 118214, 118564]
25,298,[3800, 3811, 5647, 9846, 9852, 11137, 14110, 14130, 14928, 15611, 16630, 17350, 18310, 19097, 19997, 22127, 22952, 23985, 25537, 26434, 27450, 28196, 29056, 30644, 31479, 32371, 33731, 34551, 35513, 36633, 38618, 39338, 40213, 41793, 43803, 44813, 45804, 46599, 48135, 49079, 50081, 51410, 52179, 53084, 55226, 56172, 57420, 59865, 60608, 62239, 63541, 65121, 66645, 68812, 69959, 70772, 71662, 72619, 73587, 75807, 76698, 77733, 79190, 81480, 82664, 83465, 83902, 85109, 86069, 86853, 87949, 89922, 90911, 93466, 94289, 95037, 96428, 97305, 98146, 99833, 100501, 101922, 102697, 103805, 104627, 105586, 106236, 107417, 108772, 109647, 111065, 111930, 111937, 113356, 113359, 114673, 115482, 116313, 117835, 118735, 121159, 122130, 123006, 123847, 126389, 127279, 129409, 130602, 131510, 132433, 133610, 134808, 136362, 136369, 137518, 139012, 140523, 141436, 146495, 147339, 148084, 148777, 149485, 150229, 150236, 151009, 151019, 151989, 153657, 155285, 156464, 157347, 158245, 159362, 160250, 161317, 161325, 162305, 163328, 164491, 164510, 165492, 167247, 168099, 169060, 170817, 171666, 172836, 175206, 176514, 177193, 183001, 185333, 186117, 186806, 200492, 200497, 200506, 200513, 200585, 200604, 200645, 200651, 200690, 200700, 200749, 200789, 200798, 200805, 200808, 200813, 200868, 200871, 200899, 200903, 200942, 200981, 201003, 201020, 201060, 201063, 201066, 201090, 201103, 201106, 201110, 201113, 201128, 201153, 201172, 201326, 201345, 201365, 201387, 201420, 201426, 201448, 201475, 201499, 201504, 201525, 201699, 201748, 201775, 201795, 201918, 201942, 201968, 201983, 201995, 202077, 202100, 202143, 202160, 202177, 202206, 202229, 202232, 202235, 202297, 202310, 202332, 202341, 202381, 202388, 202391, 202403, 202414, 202417, 202440, 202443, 202472, 202500, 202541, 202544, 202555, 202570, 202620, 202629, 202659, 202683, 202693, 202705, 202722, 202730, 202752, 202766, 202776, 202784, 202800, 202834, 202844, 202917, 202992, 202999, 203002, 203037, 203047, 203053, 203148, 203152, 203156, 203166, 203188, 203191, 203195, 203257, 203260, 203267, 203292, 203318, 203338, 203414, 203423, 203515, 203536, 203553, 203566, 203570, 203623, 203688, 203721, 203830, 203875, 203926, 203935, 203938, 203989, 204025, 204061, 204121, 204137, 204157, 204160, 204168, 204196, 204216, 204267]
26,1,[16290]
28,1,[1302]
14,294,[3387, 3398, 5275, 9599, 9605, 10965, 14146, 14165, 14978, 15702, 16819, 17631, 18670, 19522, 20327, 22608, 23528, 24654, 26340, 27305, 28339, 29127, 30004, 31729, 32607, 33546, 35031, 35897, 36882, 38010, 40134, 40924, 41830, 43555, 45609, 46633, 47661, 48498, 50119, 51113, 52218, 53520, 54350, 55337, 57583, 58567, 59768, 62276, 63068, 64530, 65609, 66538, 68284, 69845, 72196, 73479, 74335, 75249, 76171, 77190, 79385, 80351, 81418, 82929, 85133, 86310, 87164, 87598, 88771, 89764, 90609, 91796, 93864, 94887, 97553, 98389, 99142, 100481, 101438, 102260, 103970, 104695, 106251, 107099, 108279, 109174, 110002, 110710, 113510, 114440, 115995, 119733, 120533, 122960, 123907, 126441, 127476, 128452, 129338, 132081, 132946, 135109, 136410, 137311, 138323, 139448, 140656, 142311, 143450, 145034, 146592, 147467, 152878, 153839, 154644, 155378, 156113, 156917, 156924, 157700, 158788, 160500, 162011, 163253, 164160, 165065, 166286, 167169, 168213, 168221, 169240, 170273, 171296, 171315, 172319, 174234, 175167, 176160, 178121, 179020, 180214, 182644, 184032, 184741, 190509, 192317, 193450, 194251, 194992, 198149, 198154, 198163, 198170, 198193, 198251, 198270, 198311, 198317, 198355, 198365, 198414, 198456, 198465, 198472, 198475, 198480, 198537, 198540, 198561, 198565, 198595, 198606, 198645, 198667, 198684, 198726, 198729, 198732, 198756, 198769, 198772, 198776, 198779, 198794, 198819, 198838, 198992, 199011, 199031, 199053, 199086, 199092, 199114, 199141, 199165, 199170, 199191, 199368, 199417, 199443, 199463, 199572, 199596, 199624, 199639, 199651, 199732, 199755, 199798, 199815, 199832, 199861, 199884, 199887, 199890, 199952, 199965, 199987, 199996, 200036, 200043, 200046, 200058, 200069, 200072, 200095, 200098, 200127, 200155, 200196, 200199, 200210, 200225, 200275, 200284, 200314, 200338, 200348, 200360, 200377, 200385, 200409, 200423, 200433, 200441, 200456, 200490, 200500, 200570, 200645, 200652, 200655, 200690, 200700, 200706, 200800, 200804, 200808, 200818, 200840, 200843, 200847, 200909, 200912, 200919, 200944, 200970, 200990, 201062, 201069, 201150, 201173, 201190, 201203, 201207, 201260, 201325, 201360, 201468, 201515, 201566, 201575, 201578, 201629, 201665, 201700, 201760, 201776, 201796, 201799, 201807, 201835, 201855, 201905]
17,3,[130677, 131341, 143647]
21,1,[5300]
22,3,[75763, 118214, 118564]
25,298,[3800, 3811, 5647, 9846, 9852, 11137, 14110, 14130, 14928, 15611, 16630, 17350, 18310, 19097, 19997, 22127, 22952, 23985, 25537, 26434, 27450, 28196, 29056, 30644, 31479, 32371, 33731, 34551, 35513, 36633, 38618, 39338, 40213, 41793, 43803, 44813, 45804, 46599, 48135, 49079, 50081, 51410, 52179, 53084, 55226, 56172, 57420, 59865, 60608, 62239, 63541, 65121, 66645, 68812, 69959, 70772, 71662, 72619, 73587, 75807, 76698, 77733, 79190, 81480, 82664, 83465, 83902, 85109, 86069, 86853, 87949, 89922, 90911, 93466, 94289, 95037, 96428, 97305, 98146, 99833, 100501, 101922, 102697, 103805, 104627, 105586, 106236, 107417, 108772, 109647, 111065, 111930, 111937, 113356, 113359, 114673, 115482, 116313, 117835, 118735, 121159, 122130, 123006, 123847, 126389, 127279, 129409, 130602, 131510, 132433, 133610, 134808, 136362, 136369, 137518, 139012, 140523, 141436, 146495, 147339, 148084, 148777, 149485, 150229, 150236, 151009, 151019, 151989, 153657, 155285, 156464, 157347, 158245, 159362, 160250, 161317, 161325, 162305, 163328, 164491, 164510, 165492, 167247, 168099, 169060, 170817, 171666, 172836, 175206, 176514, 177193, 183001, 185333, 186117, 186806, 200492, 200497, 200506, 200513, 200585, 200604, 200645, 200651, 200690, 200700, 200749, 200789, 200798, 200805, 200808, 200813, 200868, 200871, 200899, 200903, 200942, 200981, 201003, 201020, 201060, 201063, 201066, 201090, 201103, 201106, 201110, 201113, 201128, 201153, 201172, 201326, 201345, 201365, 201387, 201420, 201426, 201448, 201475, 201499, 201504, 201525, 201699, 201748, 201775, 201795, 201918, 201942, 201968, 201983, 201995, 202077, 202100, 202143, 202160, 202177, 202206, 202229, 202232, 202235, 202297, 202310, 202332, 202341, 202381, 202388, 202391, 202403, 202414, 202417, 202440, 202443, 202472, 202500, 202541, 202544, 202555, 202570, 202620, 202629, 202659, 202683, 202693, 202705, 202722, 202730, 202752, 202766, 202776, 202784, 202800, 202834, 202844, 202917, 202992, 202999, 203002, 203037, 203047, 203053, 203148, 203152, 203156, 203166, 203188, 203191, 203195, 203257, 203260, 203267, 203292, 203318, 203338, 203414, 203423, 203515, 203536, 203553, 203566, 203570, 203623, 203688, 203721, 203830, 203875, 203926, 203935, 203938, 203989, 204025, 204061, 204121, 204137, 204157, 204160, 204168, 204196, 204216, 204267]
26,1,[16290]
28,1,[1302]
