14,18,[7500, 26378, 26384, 27330, 27338, 41848, 41855, 52248, 53554, 77246, 84032, 111401, 111428, 118437, 127544, 132977, 138345, 138354]
15,2,[57833, 163362]
20,1,[20666]
22,2,[79243, 117077]
25,17,[7738, 25580, 25586, 26457, 40230, 40237, 50109, 51443, 73642, 80325, 106862, 106889, 113386, 122184, 127311, 132454, 132463]
26,1,[21394]
14,18,[7500, 26378, 26384, 27330, 27338, 41848, 41855, 52248, 53554, 77246, 84032, 111401, 111428, 118437, 127544, 132977, 138345, 138354]
15,2,[57833, 163362]
20,1,[20666]
22,2,[79243, 117077]
25,17,[7738, 25580, 25586, 26457, 40230, 40237, 50109, 51443, 73642, 80325, 106862, 106889, 113386, 122184, 127311, 132454, 132463]
26,1,[21394]
