9,1,[1863]
10,4,[438067, 438226, 438445, 439612]
15,1,[55299]
18,6,[108251, 112295, 112991, 113067, 116035, 118428]
20,5,[3585, 17575, 26440, 60598, 61397]
21,1,[2221]
22,2,[28692, 140770]
23,1,[7870]
26,7,[4086, 18251, 19740, 27240, 40906, 61895, 62701]
30,4,[437897, 438056, 438275, 439442]
9,1,[1863]
10,4,[438067, 438226, 438445, 439612]
15,1,[55299]
18,6,[108251, 112295, 112991, 113067, 116035, 118428]
20,5,[3585, 17575, 26440, 60598, 61397]
21,1,[2221]
22,2,[28692, 140770]
23,1,[7870]
26,7,[4086, 18251, 19740, 27240, 40906, 61895, 62701]
30,4,[437897, 438056, 438275, 439442]
