10,1,[454869]
14,28,[11540, 11775, 17033, 28099, 29250, 31958, 53678, 55409, 67417, 74548, 74885, 76264, 79449, 79645, 99244, 104023, 111460, 117847, 119926, 137078, 148211, 150658, 153891, 163901, 167232, 172392, 186657, 195067]
15,1,[44119]
18,6,[19393, 43512, 44834, 78552, 120443, 126149]
22,2,[90428, 100472]
23,17,[5193, 6668, 6924, 16038, 21018, 21074, 24470, 25159, 25230, 25274, 26234, 26698, 26752, 26772, 28816, 28936, 29014]
25,28,[11669, 11936, 16824, 27221, 28309, 30873, 51531, 53153, 64307, 70984, 71292, 72711, 75844, 76050, 95136, 99882, 106919, 112789, 114868, 131255, 142162, 147388, 157069, 160310, 165549, 173749, 179005, 186881]
27,1,[13235]
30,1,[454699]
10,1,[454869]
14,28,[11540, 11775, 17033, 28099, 29250, 31958, 53678, 55409, 67417, 74548, 74885, 76264, 79449, 79645, 99244, 104023, 111460, 117847, 119926, 137078, 148211, 150658, 153891, 163901, 167232, 172392, 186657, 195067]
15,1,[44119]
18,6,[19393, 43512, 44834, 78552, 120443, 126149]
22,2,[90428, 100472]
23,17,[5193, 6668, 6924, 16038, 21018, 21074, 24470, 25159, 25230, 25274, 26234, 26698, 26752, 26772, 28816, 28936, 29014]
25,28,[11669, 11936, 16824, 27221, 28309, 30873, 51531, 53153, 64307, 70984, 71292, 72711, 75844, 76050, 95136, 99882, 106919, 112789, 114868, 131255, 142162, 147388, 157069, 160310, 165549, 173749, 179005, 186881]
27,1,[13235]
30,1,[454699]
