10,4,[105779, 107447, 188716, 324430]
11,1,[18572]
12,1,[19359]
13,1,[634]
14,3,[24853, 56301, 93979]
16,1,[3906]
18,1,[125395]
22,6,[88586, 107476, 131498, 136810, 136937, 138005]
23,2,[12645, 25975]
24,1,[28850]
25,2,[53945, 189919]
27,1,[46113]
28,1,[11494]
30,4,[105668, 107336, 188584, 324271]
10,4,[105779, 107447, 188716, 324430]
11,1,[18572]
12,1,[19359]
13,1,[634]
14,3,[24853, 56301, 93979]
16,1,[3906]
18,1,[125395]
22,6,[88586, 107476, 131498, 136810, 136937, 138005]
23,2,[12645, 25975]
24,1,[28850]
25,2,[53945, 189919]
27,1,[46113]
28,1,[11494]
30,4,[105668, 107336, 188584, 324271]
