7,1,[96]
10,51,[47100, 47128, 49140, 49293, 49316, 49334, 49341, 49375, 55965, 55992, 56514, 57381, 57403, 57418, 57424, 57453, 127957, 162694, 205905, 257835, 305814, 308858, 309290, 314608, 315442, 321432, 323733, 324602, 325104, 326736, 333491, 342071, 351232, 355945, 373793, 380762, 380926, 380997, 382179, 383831, 386842, 398982, 402517, 407749, 425307, 437405, 483996, 492621, 573947, 589164, 595629]
12,3,[2371, 11576, 12704]
13,1,[850]
14,1,[39881]
15,19,[23910, 31600, 38314, 43840, 44677, 45925, 71397, 73730, 74382, 86727, 92318, 98535, 108223, 110678, 156953, 161848, 162054, 165708, 172645]
17,29,[18942, 22211, 22230, 22351, 22379, 36120, 39115, 41714, 44229, 44357, 65879, 68277, 86560, 111555, 175238, 177060, 180555, 184337, 188218, 194097, 194260, 199005, 199116, 201093, 202339, 203055, 214760, 214956, 217609]
18,7,[10723, 17640, 31780, 47163, 95086, 121033, 138083]
19,1,[8478]
20,3,[26396, 58615, 60193]
21,3,[23275, 23697, 26768]
22,28,[6149, 6152, 6288, 7630, 21624, 27486, 29375, 32135, 67163, 67732, 70396, 70422, 91369, 92050, 93778, 102669, 102873, 112708, 113743, 124763, 125135, 125702, 126710, 126736, 126951, 139998, 154190, 156916]
23,2,[4951, 19141]
24,2,[13189, 28528]
26,3,[27196, 59811, 61487]
27,3,[10106, 12813, 39160]
28,1,[1462]
30,51,[47002, 47030, 49042, 49195, 49218, 49236, 49243, 49277, 55866, 55893, 56415, 57282, 57304, 57319, 57325, 57354, 127846, 162571, 205763, 257679, 305656, 308700, 309132, 314449, 315283, 321273, 323574, 324443, 324945, 326577, 333332, 341912, 351073, 355786, 373630, 380599, 380763, 380834, 382016, 383668, 386679, 398816, 402351, 407583, 425141, 437235, 483831, 492461, 573767, 588979, 595438]
7,1,[96]
10,51,[47100, 47128, 49140, 49293, 49316, 49334, 49341, 49375, 55965, 55992, 56514, 57381, 57403, 57418, 57424, 57453, 127957, 162694, 205905, 257835, 305814, 308858, 309290, 314608, 315442, 321432, 323733, 324602, 325104, 326736, 333491, 342071, 351232, 355945, 373793, 380762, 380926, 380997, 382179, 383831, 386842, 398982, 402517, 407749, 425307, 437405, 483996, 492621, 573947, 589164, 595629]
12,3,[2371, 11576, 12704]
13,1,[850]
14,1,[39881]
15,19,[23910, 31600, 38314, 43840, 44677, 45925, 71397, 73730, 74382, 86727, 92318, 98535, 108223, 110678, 156953, 161848, 162054, 165708, 172645]
17,29,[18942, 22211, 22230, 22351, 22379, 36120, 39115, 41714, 44229, 44357, 65879, 68277, 86560, 111555, 175238, 177060, 180555, 184337, 188218, 194097, 194260, 199005, 199116, 201093, 202339, 203055, 214760, 214956, 217609]
18,7,[10723, 17640, 31780, 47163, 95086, 121033, 138083]
19,1,[8478]
20,3,[26396, 58615, 60193]
21,3,[23275, 23697, 26768]
22,28,[6149, 6152, 6288, 7630, 21624, 27486, 29375, 32135, 67163, 67732, 70396, 70422, 91369, 92050, 93778, 102669, 102873, 112708, 113743, 124763, 125135, 125702, 126710, 126736, 126951, 139998, 154190, 156916]
23,2,[4951, 19141]
24,2,[13189, 28528]
26,3,[27196, 59811, 61487]
27,3,[10106, 12813, 39160]
28,1,[1462]
30,51,[47002, 47030, 49042, 49195, 49218, 49236, 49243, 49277, 55866, 55893, 56415, 57282, 57304, 57319, 57325, 57354, 127846, 162571, 205763, 257679, 305656, 308700, 309132, 314449, 315283, 321273, 323574, 324443, 324945, 326577, 333332, 341912, 351073, 355786, 373630, 380599, 380763, 380834, 382016, 383668, 386679, 398816, 402351, 407583, 425141, 437235, 483831, 492461, 573767, 588979, 595438]
