6,2,[388, 738]
10,110,[41081, 41130, 45758, 46143, 76814, 86295, 104358, 124085, 127057, 127345, 128159, 155653, 155678, 163239, 174240, 174663, 177649, 178023, 179475, 180720, 184917, 197461, 206529, 206659, 206843, 206904, 206915, 218050, 258622, 268980, 269862, 281803, 282037, 293761, 295276, 295308, 295474, 296203, 296585, 299073, 301269, 302202, 305310, 307441, 311993, 311996, 312228, 312411, 313182, 313200, 314070, 316950, 320061, 320262, 320335, 320559, 320639, 322710, 322824, 323998, 324385, 327320, 327425, 327529, 328796, 329064, 331488, 335736, 336254, 343624, 353806, 354324, 354821, 389573, 391031, 396626, 401737, 403525, 410769, 411466, 420863, 427489, 427544, 427607, 427808, 428055, 428072, 428101, 428179, 428510, 428676, 429596, 452244, 473928, 483068, 484767, 484812, 485954, 488548, 498651, 503887, 503940, 504177, 537367, 573196, 590144, 598215, 605042, 613671, 624626]
12,2,[15714, 16715]
15,5,[28975, 66853, 88473, 88482, 90560]
16,4,[26039, 27095, 27284, 36183]
17,20,[24803, 24817, 24963, 57423, 57446, 58240, 59190, 68488, 68494, 70492, 77458, 105991, 108740, 109606, 117908, 132090, 143791, 178007, 214272, 216466]
18,13,[5412, 6776, 10748, 21496, 23870, 27535, 28534, 29756, 39773, 46113, 59808, 65802, 67859]
20,2,[525, 1189]
21,14,[5901, 14032, 14774, 15719, 16149, 20256, 20275, 21096, 21427, 24271, 26791, 27719, 31196, 32222]
22,15,[78786, 108114, 112237, 113052, 133962, 144407, 144408, 144413, 144415, 144420, 144421, 146268, 153768, 156398, 159019]
23,2,[27287, 29375]
26,14,[891, 1553, 6267, 10365, 10603, 22189, 25006, 40608, 44897, 45078, 46268, 48868, 50532, 65939]
27,2,[61970, 93873]
28,9,[4372, 4551, 5612, 6216, 7772, 9958, 10001, 10880, 11442]
30,110,[40983, 41032, 45660, 46045, 76711, 86188, 104251, 123974, 126946, 127234, 128048, 155540, 155565, 163116, 174117, 174540, 177526, 177900, 179352, 180597, 184785, 197329, 206387, 206517, 206701, 206762, 206773, 217910, 258466, 268824, 269706, 281648, 281882, 293604, 295119, 295151, 295317, 296046, 296428, 298915, 301111, 302044, 305152, 307283, 311834, 311837, 312069, 312252, 313023, 313041, 313911, 316791, 319902, 320103, 320176, 320400, 320480, 322551, 322665, 323839, 324226, 327161, 327266, 327370, 328637, 328905, 331329, 335577, 336095, 343465, 353647, 354165, 354662, 389410, 390868, 396460, 401571, 403359, 410603, 411300, 420697, 427322, 427377, 427440, 427641, 427888, 427905, 427934, 428012, 428343, 428509, 429429, 452074, 473758, 482903, 484602, 484647, 485790, 488386, 498482, 503718, 503771, 504008, 537192, 573016, 589959, 598024, 604840, 613442, 624372]
6,2,[388, 738]
10,110,[41081, 41130, 45758, 46143, 76814, 86295, 104358, 124085, 127057, 127345, 128159, 155653, 155678, 163239, 174240, 174663, 177649, 178023, 179475, 180720, 184917, 197461, 206529, 206659, 206843, 206904, 206915, 218050, 258622, 268980, 269862, 281803, 282037, 293761, 295276, 295308, 295474, 296203, 296585, 299073, 301269, 302202, 305310, 307441, 311993, 311996, 312228, 312411, 313182, 313200, 314070, 316950, 320061, 320262, 320335, 320559, 320639, 322710, 322824, 323998, 324385, 327320, 327425, 327529, 328796, 329064, 331488, 335736, 336254, 343624, 353806, 354324, 354821, 389573, 391031, 396626, 401737, 403525, 410769, 411466, 420863, 427489, 427544, 427607, 427808, 428055, 428072, 428101, 428179, 428510, 428676, 429596, 452244, 473928, 483068, 484767, 484812, 485954, 488548, 498651, 503887, 503940, 504177, 537367, 573196, 590144, 598215, 605042, 613671, 624626]
12,2,[15714, 16715]
15,5,[28975, 66853, 88473, 88482, 90560]
16,4,[26039, 27095, 27284, 36183]
17,20,[24803, 24817, 24963, 57423, 57446, 58240, 59190, 68488, 68494, 70492, 77458, 105991, 108740, 109606, 117908, 132090, 143791, 178007, 214272, 216466]
18,13,[5412, 6776, 10748, 21496, 23870, 27535, 28534, 29756, 39773, 46113, 59808, 65802, 67859]
20,2,[525, 1189]
21,14,[5901, 14032, 14774, 15719, 16149, 20256, 20275, 21096, 21427, 24271, 26791, 27719, 31196, 32222]
22,15,[78786, 108114, 112237, 113052, 133962, 144407, 144408, 144413, 144415, 144420, 144421, 146268, 153768, 156398, 159019]
23,2,[27287, 29375]
26,14,[891, 1553, 6267, 10365, 10603, 22189, 25006, 40608, 44897, 45078, 46268, 48868, 50532, 65939]
27,2,[61970, 93873]
28,9,[4372, 4551, 5612, 6216, 7772, 9958, 10001, 10880, 11442]
30,110,[40983, 41032, 45660, 46045, 76711, 86188, 104251, 123974, 126946, 127234, 128048, 155540, 155565, 163116, 174117, 174540, 177526, 177900, 179352, 180597, 184785, 197329, 206387, 206517, 206701, 206762, 206773, 217910, 258466, 268824, 269706, 281648, 281882, 293604, 295119, 295151, 295317, 296046, 296428, 298915, 301111, 302044, 305152, 307283, 311834, 311837, 312069, 312252, 313023, 313041, 313911, 316791, 319902, 320103, 320176, 320400, 320480, 322551, 322665, 323839, 324226, 327161, 327266, 327370, 328637, 328905, 331329, 335577, 336095, 343465, 353647, 354165, 354662, 389410, 390868, 396460, 401571, 403359, 410603, 411300, 420697, 427322, 427377, 427440, 427641, 427888, 427905, 427934, 428012, 428343, 428509, 429429, 452074, 473758, 482903, 484602, 484647, 485790, 488386, 498482, 503718, 503771, 504008, 537192, 573016, 589959, 598024, 604840, 613442, 624372]
