7,1,[157]
11,1,[16682]
12,2,[12645, 21143]
13,1,[2265]
14,8,[67145, 72913, 111178, 176876, 179709, 180241, 181252, 199291]
15,20,[6245, 12204, 12929, 21756, 37881, 41180, 42698, 60096, 73672, 83541, 94890, 108589, 111707, 121755, 122427, 122518, 122572, 137916, 137962, 139431]
16,3,[2236, 6055, 19396]
18,20,[5378, 5481, 5963, 7483, 8115, 26980, 35146, 40809, 56959, 61854, 69225, 79867, 93873, 115541, 117376, 119768, 137622, 137657, 141501, 142859]
22,4,[75876, 114740, 123833, 151831]
23,3,[3252, 9697, 9905]
25,9,[37313, 64055, 69441, 106670, 169720, 172303, 172862, 173833, 201624]
27,9,[2507, 46116, 76962, 77744, 92205, 92219, 104006, 106534, 106542]
28,5,[710, 1542, 1602, 1701, 1877]
7,1,[157]
11,1,[16682]
12,2,[12645, 21143]
13,1,[2265]
14,8,[67145, 72913, 111178, 176876, 179709, 180241, 181252, 199291]
15,20,[6245, 12204, 12929, 21756, 37881, 41180, 42698, 60096, 73672, 83541, 94890, 108589, 111707, 121755, 122427, 122518, 122572, 137916, 137962, 139431]
16,3,[2236, 6055, 19396]
18,20,[5378, 5481, 5963, 7483, 8115, 26980, 35146, 40809, 56959, 61854, 69225, 79867, 93873, 115541, 117376, 119768, 137622, 137657, 141501, 142859]
22,4,[75876, 114740, 123833, 151831]
23,3,[3252, 9697, 9905]
25,9,[37313, 64055, 69441, 106670, 169720, 172303, 172862, 173833, 201624]
27,9,[2507, 46116, 76962, 77744, 92205, 92219, 104006, 106534, 106542]
28,5,[710, 1542, 1602, 1701, 1877]
