10,10,[5088, 54105, 113820, 117786, 240407, 339127, 387291, 477877, 482892, 510462]
15,3,[18109, 102215, 138958]
17,4,[45287, 116114, 185610, 217839]
18,7,[15217, 75039, 77289, 77624, 78191, 83330, 102585]
22,6,[4521, 5698, 27056, 76767, 81828, 117601]
30,10,[4994, 54006, 113709, 117675, 240254, 338968, 387128, 477709, 482727, 510293]
10,10,[5088, 54105, 113820, 117786, 240407, 339127, 387291, 477877, 482892, 510462]
15,3,[18109, 102215, 138958]
17,4,[45287, 116114, 185610, 217839]
18,7,[15217, 75039, 77289, 77624, 78191, 83330, 102585]
22,6,[4521, 5698, 27056, 76767, 81828, 117601]
30,10,[4994, 54006, 113709, 117675, 240254, 338968, 387128, 477709, 482727, 510293]
