10,8,[79102, 365382, 368235, 368301, 370653, 375850, 376563, 492767]
14,1,[180276]
17,3,[32418, 35282, 35348]
20,2,[3268, 33219]
22,5,[79520, 111604, 116729, 116800, 117075]
25,1,[172899]
26,2,[3751, 34096]
30,8,[78995, 365219, 368072, 368138, 370490, 375687, 376400, 492607]
10,8,[79102, 365382, 368235, 368301, 370653, 375850, 376563, 492767]
14,1,[180276]
17,3,[32418, 35282, 35348]
20,2,[3268, 33219]
22,5,[79520, 111604, 116729, 116800, 117075]
25,1,[172899]
26,2,[3751, 34096]
30,8,[78995, 365219, 368072, 368138, 370490, 375687, 376400, 492607]
