10,1,[623016]
18,10,[16029, 39351, 47976, 110319, 120675, 122185, 123101, 123118, 143064, 148943]
20,5,[8160, 18607, 24804, 25164, 32179]
22,13,[58871, 59648, 65838, 65860, 66148, 107464, 127479, 133658, 136796, 139588, 144701, 145961, 150893]
23,1,[26812]
26,5,[8682, 19316, 25586, 25952, 33051]
27,2,[74119, 97110]
30,1,[622764]
10,1,[623016]
18,10,[16029, 39351, 47976, 110319, 120675, 122185, 123101, 123118, 143064, 148943]
20,5,[8160, 18607, 24804, 25164, 32179]
22,13,[58871, 59648, 65838, 65860, 66148, 107464, 127479, 133658, 136796, 139588, 144701, 145961, 150893]
23,1,[26812]
26,5,[8682, 19316, 25586, 25952, 33051]
27,2,[74119, 97110]
30,1,[622764]
