9,1,[678]
10,149,[6346, 58562, 80888, 81376, 82589, 82676, 93807, 120000, 120009, 120021, 120031, 120044, 120152, 124651, 134807, 156475, 197320, 212005, 218947, 224167, 227553, 233975, 259231, 267927, 272317, 283998, 293983, 304037, 308028, 318803, 321012, 333080, 333762, 338687, 343608, 346320, 351345, 353260, 363906, 364410, 373536, 373894, 379171, 388304, 389466, 396753, 397884, 401306, 402084, 403002, 403095, 405013, 405081, 405124, 418898, 419302, 419407, 427642, 428798, 433451, 436360, 441673, 445845, 445850, 453263, 457601, 458517, 458542, 458717, 458922, 458945, 459072, 460048, 460211, 470351, 470623, 470797, 471273, 471284, 475030, 476475, 479027, 482125, 490978, 498190, 498863, 499595, 499717, 501336, 501404, 502960, 503312, 506902, 506998, 507028, 507877, 507992, 508013, 512234, 512289, 513381, 516298, 517328, 518392, 519201, 521953, 522275, 522312, 522350, 522645, 522805, 522833, 522849, 525236, 526270, 533783, 534979, 535338, 535899, 537115, 537162, 537196, 538299, 540419, 540430, 543469, 543588, 543604, 545878, 546816, 546900, 548704, 550451, 550476, 556520, 574475, 578795, 618746, 618849, 618863, 618912, 618921, 618960, 618969, 619042, 621383, 637765, 640846, 641154]
15,11,[123, 1167, 4579, 6679, 39543, 41471, 47878, 71027, 82875, 138180, 141542]
16,2,[19659, 33340]
17,59,[6320, 6329, 12822, 30896, 31461, 43100, 43403, 43409, 43750, 44197, 44669, 44683, 50856, 59955, 86968, 86977, 87030, 88067, 93845, 94368, 94386, 94403, 94490, 94754, 94994, 95089, 95561, 98228, 114130, 114336, 115312, 123227, 129487, 130105, 133167, 142614, 145827, 147525, 147940, 149458, 149510, 152632, 155277, 156233, 157814, 162853, 171142, 171160, 172654, 172692, 177582, 177784, 178224, 179005, 179126, 181774, 188179, 188562, 214073]
18,13,[10635, 30677, 33437, 51117, 51134, 56955, 57665, 66396, 73499, 74280, 94593, 101779, 112716]
19,7,[8485, 8561, 12208, 12282, 18846, 20956, 26413]
20,11,[4468, 7351, 13163, 19761, 20675, 25659, 30818, 42789, 52710, 53476, 64966]
21,3,[8388, 16255, 28040]
22,32,[8130, 8237, 8239, 9430, 9432, 10935, 37966, 39521, 40003, 58908, 66589, 72858, 80090, 84322, 84325, 90535, 108016, 108811, 108815, 109125, 110366, 119649, 119788, 119791, 120740, 125974, 127492, 129455, 147979, 149001, 150556, 150574]
23,1,[18185]
24,2,[12515, 33995]
25,1,[49172]
26,9,[7874, 13747, 20476, 21403, 26458, 43737, 53809, 54601, 66372]
27,11,[33143, 33424, 50083, 54175, 58378, 61469, 86815, 90350, 91721, 92237, 98310]
30,149,[6252, 58463, 80781, 81269, 82482, 82569, 93700, 119889, 119898, 119910, 119920, 119933, 120041, 124540, 134695, 156362, 197188, 211863, 218807, 224017, 227403, 233825, 259075, 267771, 272161, 283842, 293826, 303879, 307870, 318644, 320853, 332921, 333603, 338528, 343449, 346161, 351186, 353101, 363743, 364247, 373373, 373731, 379008, 388141, 389303, 396587, 397718, 401140, 401918, 402836, 402929, 404847, 404915, 404958, 418732, 419136, 419241, 427475, 428631, 433281, 436190, 441503, 445675, 445680, 453093, 457431, 458347, 458372, 458547, 458752, 458775, 458902, 459878, 460041, 470180, 470452, 470626, 471102, 471113, 474860, 476306, 478859, 481959, 490818, 498021, 498694, 499426, 499548, 501167, 501235, 502791, 503143, 506733, 506829, 506859, 507708, 507823, 507844, 512065, 512120, 513212, 516126, 517156, 518220, 519029, 521781, 522103, 522140, 522178, 522473, 522633, 522661, 522677, 525064, 526098, 533608, 534804, 535163, 535724, 536940, 536987, 537021, 538124, 540244, 540255, 543294, 543413, 543429, 545703, 546641, 546725, 548529, 550273, 550298, 556342, 574295, 578615, 618494, 618597, 618611, 618660, 618669, 618708, 618717, 618790, 621131, 637490, 640571, 640879]
9,1,[678]
10,149,[6346, 58562, 80888, 81376, 82589, 82676, 93807, 120000, 120009, 120021, 120031, 120044, 120152, 124651, 134807, 156475, 197320, 212005, 218947, 224167, 227553, 233975, 259231, 267927, 272317, 283998, 293983, 304037, 308028, 318803, 321012, 333080, 333762, 338687, 343608, 346320, 351345, 353260, 363906, 364410, 373536, 373894, 379171, 388304, 389466, 396753, 397884, 401306, 402084, 403002, 403095, 405013, 405081, 405124, 418898, 419302, 419407, 427642, 428798, 433451, 436360, 441673, 445845, 445850, 453263, 457601, 458517, 458542, 458717, 458922, 458945, 459072, 460048, 460211, 470351, 470623, 470797, 471273, 471284, 475030, 476475, 479027, 482125, 490978, 498190, 498863, 499595, 499717, 501336, 501404, 502960, 503312, 506902, 506998, 507028, 507877, 507992, 508013, 512234, 512289, 513381, 516298, 517328, 518392, 519201, 521953, 522275, 522312, 522350, 522645, 522805, 522833, 522849, 525236, 526270, 533783, 534979, 535338, 535899, 537115, 537162, 537196, 538299, 540419, 540430, 543469, 543588, 543604, 545878, 546816, 546900, 548704, 550451, 550476, 556520, 574475, 578795, 618746, 618849, 618863, 618912, 618921, 618960, 618969, 619042, 621383, 637765, 640846, 641154]
15,11,[123, 1167, 4579, 6679, 39543, 41471, 47878, 71027, 82875, 138180, 141542]
16,2,[19659, 33340]
17,59,[6320, 6329, 12822, 30896, 31461, 43100, 43403, 43409, 43750, 44197, 44669, 44683, 50856, 59955, 86968, 86977, 87030, 88067, 93845, 94368, 94386, 94403, 94490, 94754, 94994, 95089, 95561, 98228, 114130, 114336, 115312, 123227, 129487, 130105, 133167, 142614, 145827, 147525, 147940, 149458, 149510, 152632, 155277, 156233, 157814, 162853, 171142, 171160, 172654, 172692, 177582, 177784, 178224, 179005, 179126, 181774, 188179, 188562, 214073]
18,13,[10635, 30677, 33437, 51117, 51134, 56955, 57665, 66396, 73499, 74280, 94593, 101779, 112716]
19,7,[8485, 8561, 12208, 12282, 18846, 20956, 26413]
20,11,[4468, 7351, 13163, 19761, 20675, 25659, 30818, 42789, 52710, 53476, 64966]
21,3,[8388, 16255, 28040]
22,32,[8130, 8237, 8239, 9430, 9432, 10935, 37966, 39521, 40003, 58908, 66589, 72858, 80090, 84322, 84325, 90535, 108016, 108811, 108815, 109125, 110366, 119649, 119788, 119791, 120740, 125974, 127492, 129455, 147979, 149001, 150556, 150574]
23,1,[18185]
24,2,[12515, 33995]
25,1,[49172]
26,9,[7874, 13747, 20476, 21403, 26458, 43737, 53809, 54601, 66372]
27,11,[33143, 33424, 50083, 54175, 58378, 61469, 86815, 90350, 91721, 92237, 98310]
30,149,[6252, 58463, 80781, 81269, 82482, 82569, 93700, 119889, 119898, 119910, 119920, 119933, 120041, 124540, 134695, 156362, 197188, 211863, 218807, 224017, 227403, 233825, 259075, 267771, 272161, 283842, 293826, 303879, 307870, 318644, 320853, 332921, 333603, 338528, 343449, 346161, 351186, 353101, 363743, 364247, 373373, 373731, 379008, 388141, 389303, 396587, 397718, 401140, 401918, 402836, 402929, 404847, 404915, 404958, 418732, 419136, 419241, 427475, 428631, 433281, 436190, 441503, 445675, 445680, 453093, 457431, 458347, 458372, 458547, 458752, 458775, 458902, 459878, 460041, 470180, 470452, 470626, 471102, 471113, 474860, 476306, 478859, 481959, 490818, 498021, 498694, 499426, 499548, 501167, 501235, 502791, 503143, 506733, 506829, 506859, 507708, 507823, 507844, 512065, 512120, 513212, 516126, 517156, 518220, 519029, 521781, 522103, 522140, 522178, 522473, 522633, 522661, 522677, 525064, 526098, 533608, 534804, 535163, 535724, 536940, 536987, 537021, 538124, 540244, 540255, 543294, 543413, 543429, 545703, 546641, 546725, 548529, 550273, 550298, 556342, 574295, 578615, 618494, 618597, 618611, 618660, 618669, 618708, 618717, 618790, 621131, 637490, 640571, 640879]
