11,2,[14336, 20333]
12,3,[344, 6409, 13872]
13,1,[2992]
14,10,[9324, 28406, 36022, 100813, 111838, 117441, 132750, 144127, 157420, 187242]
15,29,[2605, 10804, 18163, 18899, 20408, 22532, 48341, 59338, 63573, 64424, 65921, 83584, 86414, 92945, 96549, 98375, 102148, 103402, 103708, 103722, 105023, 120441, 123587, 127311, 141444, 141535, 141926, 143672, 165095]
16,2,[23442, 27236]
17,1,[131614]
18,31,[7288, 9346, 9967, 26819, 30028, 38366, 42344, 44144, 45063, 46524, 47920, 48530, 50399, 51036, 52251, 54969, 55272, 58591, 78996, 87565, 97913, 106510, 107942, 109327, 120955, 125527, 129569, 139194, 139754, 145434, 145929]
20,1,[37650]
21,11,[3681, 4624, 16838, 18807, 20706, 23113, 24327, 25272, 26106, 29505, 34123]
22,4,[4682, 7540, 56208, 76502]
23,11,[772, 1282, 4884, 10379, 10669, 16234, 17882, 19114, 19349, 19595, 28868]
25,10,[9579, 27515, 34657, 96749, 107246, 112415, 138155, 140762, 150691, 179519]
26,1,[38566]
27,27,[11681, 17340, 22859, 32387, 32583, 42347, 42985, 44940, 47023, 49980, 50510, 51781, 54396, 55741, 55868, 63626, 66188, 66841, 74175, 80015, 87589, 90304, 92676, 93523, 94501, 96494, 96717]
28,1,[7548]
11,2,[14336, 20333]
12,3,[344, 6409, 13872]
13,1,[2992]
14,10,[9324, 28406, 36022, 100813, 111838, 117441, 132750, 144127, 157420, 187242]
15,29,[2605, 10804, 18163, 18899, 20408, 22532, 48341, 59338, 63573, 64424, 65921, 83584, 86414, 92945, 96549, 98375, 102148, 103402, 103708, 103722, 105023, 120441, 123587, 127311, 141444, 141535, 141926, 143672, 165095]
16,2,[23442, 27236]
17,1,[131614]
18,31,[7288, 9346, 9967, 26819, 30028, 38366, 42344, 44144, 45063, 46524, 47920, 48530, 50399, 51036, 52251, 54969, 55272, 58591, 78996, 87565, 97913, 106510, 107942, 109327, 120955, 125527, 129569, 139194, 139754, 145434, 145929]
20,1,[37650]
21,11,[3681, 4624, 16838, 18807, 20706, 23113, 24327, 25272, 26106, 29505, 34123]
22,4,[4682, 7540, 56208, 76502]
23,11,[772, 1282, 4884, 10379, 10669, 16234, 17882, 19114, 19349, 19595, 28868]
25,10,[9579, 27515, 34657, 96749, 107246, 112415, 138155, 140762, 150691, 179519]
26,1,[38566]
27,27,[11681, 17340, 22859, 32387, 32583, 42347, 42985, 44940, 47023, 49980, 50510, 51781, 54396, 55741, 55868, 63626, 66188, 66841, 74175, 80015, 87589, 90304, 92676, 93523, 94501, 96494, 96717]
28,1,[7548]
