10,9,[6451, 34594, 121724, 509777, 543715, 544926, 568577, 582997, 611666]
15,1,[146017]
16,2,[4417, 7024]
17,2,[88358, 157228]
19,1,[7771]
21,13,[5408, 5934, 6429, 9729, 17074, 17641, 22087, 22477, 25314, 27980, 29839, 30479, 32637]
30,9,[6357, 34496, 121613, 509608, 543540, 544751, 568397, 582817, 611443]
10,9,[6451, 34594, 121724, 509777, 543715, 544926, 568577, 582997, 611666]
15,1,[146017]
16,2,[4417, 7024]
17,2,[88358, 157228]
19,1,[7771]
21,13,[5408, 5934, 6429, 9729, 17074, 17641, 22087, 22477, 25314, 27980, 29839, 30479, 32637]
30,9,[6357, 34496, 121613, 509608, 543540, 544751, 568397, 582817, 611443]
