10,56,[160, 168, 176, 183, 190, 197, 204, 212, 220, 228, 235, 241, 247, 253, 261, 265, 271, 275, 280, 285, 290, 575195, 581186, 584480, 591752, 591847, 593539, 599069, 599809, 599823, 601178, 603558, 605896, 608252, 609902, 611389, 611406, 611438, 612870, 612888, 613396, 613655, 613703, 613717, 615551, 616878, 617608, 617942, 623419, 625229, 627158, 628035, 628429, 630348, 630593, 630831]
17,41,[138925, 138936, 139171, 139301, 139317, 139323, 139564, 139577, 139626, 139664, 140594, 142323, 142347, 142387, 144943, 144972, 145022, 145060, 145371, 146327, 146756, 146770, 146776, 147059, 147343, 147409, 147425, 168613, 168643, 168781, 168970, 169028, 169095, 193656, 195895, 212213, 212244, 212246, 212727, 215439, 215579]
21,1,[3757]
22,1,[83953]
27,1,[26998]
30,14,[575015, 581006, 591567, 593348, 599612, 599626, 600981, 611172, 611189, 612647, 613167, 613426, 613474, 627775]
10,56,[160, 168, 176, 183, 190, 197, 204, 212, 220, 228, 235, 241, 247, 253, 261, 265, 271, 275, 280, 285, 290, 575195, 581186, 584480, 591752, 591847, 593539, 599069, 599809, 599823, 601178, 603558, 605896, 608252, 609902, 611389, 611406, 611438, 612870, 612888, 613396, 613655, 613703, 613717, 615551, 616878, 617608, 617942, 623419, 625229, 627158, 628035, 628429, 630348, 630593, 630831]
17,41,[138925, 138936, 139171, 139301, 139317, 139323, 139564, 139577, 139626, 139664, 140594, 142323, 142347, 142387, 144943, 144972, 145022, 145060, 145371, 146327, 146756, 146770, 146776, 147059, 147343, 147409, 147425, 168613, 168643, 168781, 168970, 169028, 169095, 193656, 195895, 212213, 212244, 212246, 212727, 215439, 215579]
21,1,[3757]
22,1,[83953]
27,1,[26998]
30,14,[575015, 581006, 591567, 593348, 599612, 599626, 600981, 611172, 611189, 612647, 613167, 613426, 613474, 627775]
