10,2,[601597, 601621]
14,1,[80277]
15,3,[36889, 36954, 116142]
17,1,[77257]
18,20,[6370, 6412, 7246, 10214, 11084, 13351, 15102, 27992, 32510, 34225, 58580, 60240, 62927, 72954, 72986, 91188, 101807, 102044, 102289, 134480]
20,1,[27476]
22,6,[2195, 3913, 3914, 4029, 4031, 87654]
26,3,[28303, 38153, 63635]
30,2,[601400, 601424]
10,2,[601597, 601621]
14,1,[80277]
15,3,[36889, 36954, 116142]
17,1,[77257]
18,20,[6370, 6412, 7246, 10214, 11084, 13351, 15102, 27992, 32510, 34225, 58580, 60240, 62927, 72954, 72986, 91188, 101807, 102044, 102289, 134480]
20,1,[27476]
22,6,[2195, 3913, 3914, 4029, 4031, 87654]
26,3,[28303, 38153, 63635]
30,2,[601400, 601424]
