10,1,[55544]
15,8,[73668, 73891, 112127, 140883, 141582, 141596, 147880, 151496]
16,1,[32678]
18,73,[1433, 1596, 1887, 2184, 4257, 6533, 7257, 10515, 11334, 12422, 13846, 19272, 21276, 24385, 25732, 26857, 27974, 30202, 32683, 36010, 36580, 38849, 39440, 43792, 46962, 47913, 51005, 51389, 55057, 58221, 59942, 60247, 60355, 60527, 62229, 65732, 71100, 72548, 72905, 72928, 75615, 81770, 82375, 83202, 84909, 85566, 90077, 92333, 98283, 100354, 101969, 107405, 107513, 108336, 111409, 111631, 112350, 113949, 125613, 130954, 131836, 131908, 132833, 135873, 138833, 140489, 142352, 142557, 143620, 144102, 145650, 147316, 148819]
19,1,[11593]
20,5,[13451, 16642, 23300, 27640, 58727]
21,3,[4166, 10750, 30011]
22,1,[4103]
23,3,[13115, 14539, 14568]
24,1,[17621]
26,5,[14036, 17293, 24070, 28467, 59925]
27,1,[7158]
28,2,[2038, 4874]
30,1,[55445]
10,1,[55544]
15,8,[73668, 73891, 112127, 140883, 141582, 141596, 147880, 151496]
16,1,[32678]
18,73,[1433, 1596, 1887, 2184, 4257, 6533, 7257, 10515, 11334, 12422, 13846, 19272, 21276, 24385, 25732, 26857, 27974, 30202, 32683, 36010, 36580, 38849, 39440, 43792, 46962, 47913, 51005, 51389, 55057, 58221, 59942, 60247, 60355, 60527, 62229, 65732, 71100, 72548, 72905, 72928, 75615, 81770, 82375, 83202, 84909, 85566, 90077, 92333, 98283, 100354, 101969, 107405, 107513, 108336, 111409, 111631, 112350, 113949, 125613, 130954, 131836, 131908, 132833, 135873, 138833, 140489, 142352, 142557, 143620, 144102, 145650, 147316, 148819]
19,1,[11593]
20,5,[13451, 16642, 23300, 27640, 58727]
21,3,[4166, 10750, 30011]
22,1,[4103]
23,3,[13115, 14539, 14568]
24,1,[17621]
26,5,[14036, 17293, 24070, 28467, 59925]
27,1,[7158]
28,2,[2038, 4874]
30,1,[55445]
