14,15,[8623, 12454, 16162, 41416, 78732, 82451, 92441, 121778, 122059, 134284, 151710, 177783, 192996, 193006, 193081]
15,11,[6063, 95212, 120632, 131776, 132222, 136801, 151223, 157669, 159125, 159132, 162937]
22,2,[9903, 43219]
25,15,[8840, 12544, 16013, 39822, 75173, 78740, 88576, 116709, 116962, 128535, 145371, 170507, 184859, 184869, 184939]
26,1,[16016]
14,15,[8623, 12454, 16162, 41416, 78732, 82451, 92441, 121778, 122059, 134284, 151710, 177783, 192996, 193006, 193081]
15,11,[6063, 95212, 120632, 131776, 132222, 136801, 151223, 157669, 159125, 159132, 162937]
22,2,[9903, 43219]
25,15,[8840, 12544, 16013, 39822, 75173, 78740, 88576, 116709, 116962, 128535, 145371, 170507, 184859, 184869, 184939]
26,1,[16016]
