11,1,[2975]
14,793,[628, 3065, 3575, 3581, 3592, 3631, 4047, 4474, 4491, 4518, 5221, 5461, 5475, 5734, 5956, 7286, 7300, 7566, 7580, 7583, 7602, 8229, 8237, 8240, 8249, 9350, 9380, 9731, 9736, 9739, 9749, 9752, 9772, 10605, 11087, 11094, 11818, 11823, 11826, 11838, 11846, 13031, 13281, 13297, 14045, 14282, 14346, 14566, 15069, 15084, 15826, 15839, 15852, 16049, 16500, 16761, 16941, 16946, 16949, 16961, 16978, 17007, 17223, 17370, 17758, 17762, 17814, 17819, 18543, 18809, 18814, 18817, 18818, 19106, 19286, 19658, 19665, 19675, 19909, 20474, 20686, 21155, 21170, 21857, 21862, 21873, 21887, 21903, 21908, 22026, 23269, 23660, 23702, 24230, 24239, 24880, 24899, 24918, 24944, 25219, 25865, 26476, 26481, 26486, 26495, 26915, 27536, 28837, 29058, 29264, 29269, 29283, 29286, 29302, 29320, 29781, 30118, 30130, 30157, 30526, 31024, 31527, 31924, 32130, 32761, 32777, 33126, 33304, 33727, 33764, 34387, 34391, 34409, 34420, 34778, 35163, 35168, 35172, 35183, 35186, 35200, 35229, 35400, 36069, 36781, 37643, 38246, 38305, 39696, 40008, 40256, 40259, 40269, 40272, 40287, 40308, 40583, 41118, 41126, 41136, 41176, 41579, 41954, 42715, 42719, 42734, 43210, 44579, 44596, 44893, 45104, 45116, 45762, 45767, 45779, 46091, 46790, 47770, 47775, 47789, 47811, 47831, 48131, 48621, 48970, 49309, 49316, 49660, 50312, 50317, 50507, 51032, 51039, 51273, 51550, 51783, 51811, 51814, 52433, 52438, 52441, 52451, 52495, 52738, 52791, 52967, 52989, 53001, 53710, 53937, 54109, 54517, 54530, 54543, 54721, 55451, 55502, 56034, 56357, 56372, 56979, 57730, 57772, 57777, 58197, 58695, 58711, 59014, 59287, 59644, 59652, 59979, 59984, 59987, 59996, 59999, 60025, 60028, 60051, 60060, 60371, 61476, 62416, 62652, 62816, 63175, 63180, 63229, 63853, 63865, 64729, 64804, 64902, 65769, 66148, 66730, 66765, 67169, 68458, 68528, 68792, 70013, 70025, 70028, 70044, 70060, 70065, 70603, 71463, 71470, 71480, 71802, 72341, 72350, 72394, 72399, 72619, 73598, 73601, 73619, 74031, 74520, 74525, 75128, 75394, 75399, 75411, 75414, 75429, 75448, 75640, 75842, 75848, 76281, 76288, 77678, 77999, 78588, 79552, 79557, 79732, 80282, 80476, 80481, 80484, 80529, 81588, 81593, 81596, 81943, 82555, 83116, 83123, 83135, 83151, 83168, 83173, 83705, 83713, 83913, 83915, 84223, 84411, 84581, 84859, 85051, 85336, 85341, 85346, 85390, 86445, 86501, 86704, 87032, 87107, 87824, 87827, 87855, 88133, 88367, 88954, 88959, 89268, 89926, 89968, 90740, 90755, 90758, 90772, 90791, 90796, 91971, 92333, 92967, 92972, 93601, 93608, 93818, 94040, 94044, 94054, 94057, 94076, 94102, 94309, 94646, 94649, 94987, 95053, 95058, 95296, 95628, 95987, 96294, 96305, 97965, 98143, 98563, 98904, 99277, 99282, 99285, 99295, 99298, 99312, 99329, 99334, 99787, 100635, 100640, 100643, 100652, 101586, 101591, 101603, 101606, 101623, 101648, 101800, 102433, 103354, 103359, 103362, 103372, 103375, 103391, 104110, 104426, 104825, 104830, 104833, 104859, 104874, 104879, 105065, 105525, 105532, 105543, 105555, 105660, 106567, 106691, 106885, 107243, 107276, 107487, 107758, 108450, 108455, 108458, 108468, 108471, 108490, 108512, 108821, 108988, 109320, 109332, 109335, 109347, 109370, 109520, 109755, 110084, 110136, 110663, 110842, 111087, 111513, 112155, 112169, 112729, 112931, 113260, 113637, 113640, 113650, 113696, 114541, 116163, 117026, 117040, 117152, 117855, 118156, 118389, 118511, 118516, 118532, 118883, 118893, 119123, 119843, 119903, 120369, 120695, 120730, 121156, 122163, 123121, 123135, 123138, 123160, 123174, 123179, 123382, 124043, 124048, 124051, 124109, 124385, 125058, 125073, 125463, 125738, 126573, 126588, 126849, 127713, 127731, 127746, 127767, 128576, 128592, 128595, 128606, 128627, 128632, 129432, 129442, 129445, 129455, 129473, 129478, 129787, 129956, 130243, 130258, 130398, 131135, 131986, 132199, 132206, 132563, 132781, 133052, 133057, 133069, 133072, 133088, 133106, 133281, 134757, 135313, 135323, 135621, 136541, 136546, 136549, 136558, 136561, 136574, 136577, 136594, 136599, 136604, 136634, 137423, 137428, 137693, 138227, 138574, 138579, 138582, 138595, 138614, 138636, 139043, 139052, 139058, 139596, 139663, 140151, 140810, 141167, 141568, 142548, 142553, 142571, 142587, 142594, 142617, 143564, 143569, 143572, 143582, 143940, 145127, 145130, 145144, 145168, 145242, 145805, 146772, 147591, 147607, 147649, 148852, 149207, 149483, 150455, 150719, 151801, 152249, 152263, 153019, 153022, 153033, 153045, 153063, 153338, 153958, 153963, 153975, 154214, 154743, 154761, 154776, 154974, 155157, 155492, 155526, 155531, 156244, 156249, 156252, 156264, 156285, 156310, 156456, 156528, 157087, 157431, 157850, 157893, 158986, 158998, 159014, 159035, 159297, 159608, 160000, 160798, 160821, 160835, 160895, 162149, 162154, 162157, 162519, 162899, 163376, 163684, 163902, 164292, 164308, 164311, 164328, 164352, 164357, 164593, 165199, 165204, 165216, 165219, 165240, 165258, 165488, 166429, 166434, 166446, 166853, 167311, 167329, 167354, 167633, 168139, 168350, 168355, 168358, 168640, 169454, 169459, 169472, 169488, 169509, 169982, 170401, 170462, 170467, 171246, 171253, 171471, 171478, 171531, 171874, 172449, 172454, 172466, 172505, 173037, 173586, 173602, 173605, 173624, 173697, 173947, 174358, 174363, 174375, 174604, 174898, 175281, 175297, 175587, 176346, 176362, 176669, 176818, 177580, 177595, 177598, 177606, 177862, 177867, 178290, 178306, 178335, 178785, 179131, 179143, 179146, 179160, 179173, 180478, 180827, 181791, 181996, 182325, 182784, 182789, 182792, 182804, 182820, 182842, 183193, 183513, 183518, 183530, 183533, 183550, 184641, 184849, 185164, 185416, 185886, 185891, 185894, 185904, 186003, 186189, 187515, 187963, 188171, 188188, 188195, 188513, 188689, 188708, 189033, 189372, 189424, 189939, 189951, 189981, 189986, 190059, 190257, 190265, 190664, 190680, 190720, 190832, 191445, 191461, 191464, 191479, 191495, 191584, 191642, 192537, 192542, 192602, 192884, 193668, 194379, 195111, 195119, 195168, 195173, 195375, 196125, 196418]
21,3,[1900, 34045, 34456]
22,102,[8454, 11022, 11031, 13822, 16325, 16331, 20701, 22785, 24109, 25351, 25354, 25464, 31915, 31919, 31931, 46838, 46842, 47319, 47342, 48934, 52309, 52318, 58564, 59068, 60048, 61952, 61955, 64570, 64577, 64936, 64939, 66295, 67298, 67348, 68124, 68432, 70028, 70594, 73445, 76909, 77727, 77747, 78723, 80212, 80682, 81641, 83782, 84770, 85460, 85683, 85710, 86515, 88275, 88297, 89806, 94133, 95777, 97910, 98349, 99123, 100987, 101018, 103576, 104899, 112493, 112500, 112502, 113177, 113185, 113805, 114127, 114154, 120985, 122085, 123481, 126810, 132541, 132555, 133903, 134356, 135640, 137085, 137106, 138584, 138590, 140879, 146194, 146985, 148567, 148749, 149502, 149629, 149711, 150681, 151817, 154665, 155364, 155637, 156379, 157760, 158292, 158899]
24,1,[31904]
25,998,[789, 3465, 3477, 3976, 3981, 3991, 4013, 4028, 4404, 4901, 4914, 4940, 5589, 5804, 5809, 5818, 5820, 5833, 5849, 6281, 7209, 7496, 7511, 7517, 7846, 7859, 7861, 7883, 8464, 8468, 8470, 8479, 9639, 9962, 9966, 9968, 9976, 9978, 9999, 10018, 10022, 10783, 10788, 11258, 11311, 11953, 11957, 11959, 11969, 11976, 12860, 13083, 13771, 14007, 14347, 14696, 15015, 15019, 15029, 15039, 15410, 15701, 15713, 15734, 16291, 16312, 16574, 16739, 16743, 16745, 16755, 16771, 16794, 16798, 17129, 17475, 17488, 17505, 17526, 17900, 18179, 18442, 18444, 18445, 18454, 18492, 18496, 19208, 19212, 19222, 19224, 19241, 19451, 19602, 20103, 20105, 20119, 20141, 20755, 20768, 21415, 21419, 21428, 21440, 21455, 21459, 21569, 21768, 22297, 22306, 22552, 22706, 22720, 23065, 23067, 23085, 23105, 23574, 23576, 23584, 25675, 25679, 25683, 25692, 26063, 26656, 26658, 27200, 27572, 27909, 27916, 28117, 28321, 28325, 28329, 28338, 28369, 28373, 28792, 28794, 29178, 29202, 29533, 29537, 29997, 30424, 30458, 30795, 30800, 30810, 30824, 30842, 31030, 31202, 31642, 32143, 32145, 32522, 32526, 32535, 32537, 32566, 32570, 33154, 33164, 33493, 33495, 33846, 33850, 33853, 33863, 33865, 33878, 34069, 34306, 34702, 34722, 34724, 34735, 34757, 34761, 35131, 35651, 35933, 36199, 36236, 36250, 36549, 36837, 36842, 36894, 38151, 38487, 38731, 38746, 38779, 39544, 39550, 39559, 39561, 39573, 39597, 39958, 39976, 40333, 40337, 40600, 41033, 41037, 41049, 41447, 41457, 41894, 41903, 41933, 42281, 42793, 42807, 42955, 43091, 43293, 43942, 44239, 44403, 44992, 44996, 45064, 45479, 46403, 46724, 46738, 46740, 46754, 47402, 47407, 47451, 47456, 47707, 47715, 48298, 48300, 48310, 48321, 48334, 48338, 48666, 49002, 49009, 49460, 49675, 49677, 49705, 49707, 50292, 50297, 50306, 50346, 50350, 50580, 50803, 50805, 50828, 50839, 51576, 51588, 51590, 51603, 51623, 51948, 51950, 52352, 52356, 52366, 52394, 52542, 52770, 53192, 53235, 53694, 53996, 54010, 54636, 54651, 54667, 54954, 55383, 55387, 55389, 55398, 55400, 55413, 55430, 55434, 55808, 56386, 56388, 56441, 56683, 56933, 56941, 57288, 57296, 57623, 57633, 57660, 57684, 57912, 59026, 59030, 59032, 59582, 59994, 59998, 60008, 60038, 60042, 60228, 60371, 60373, 60711, 60759, 61137, 61352, 61370, 61381, 61763, 61771, 62760, 62934, 63352, 63672, 63676, 63686, 63688, 63700, 63719, 64788, 65349, 66117, 66127, 66142, 66164, 66810, 66819, 66821, 66836, 66852, 66856, 67347, 68154, 68159, 68168, 68444, 68457, 68937, 68941, 68945, 68954, 68986, 69732, 70056, 70060, 70070, 70072, 70089, 70107, 70466, 70468, 70909, 70919, 70921, 70937, 70956, 70960, 70964, 71283, 71515, 71812, 71821, 71823, 71837, 71851, 71855, 72042, 72202, 72232, 72238, 72735, 72739, 72741, 72750, 72752, 72769, 72954, 73210, 73805, 73817, 74074, 74465, 74765, 75044, 75967, 75971, 76025, 76131, 76411, 76636, 76859, 77306, 77918, 77923, 77977, 78833, 78841, 79395, 79401, 79437, 79441, 79982, 79989, 80182, 80184, 80504, 80508, 80518, 80700, 80875, 81195, 81395, 81739, 81743, 81747, 81783, 82355, 83033, 83343, 83413, 84143, 84183, 84684, 84692, 85293, 85753, 86214, 86218, 86224, 86263, 86638, 86999, 87030, 87034, 87597, 88176, 88481, 89042, 89046, 89632, 89638, 89869, 90142, 90146, 90149, 90157, 90159, 90177, 90198, 90202, 90674, 90690, 91007, 91011, 91029, 91041, 91060, 91068, 91072, 91295, 91580, 91886, 91890, 91902, 91904, 91914, 91926, 91930, 92239, 92655, 92849, 92898, 92908, 93087, 93589, 93639, 94474, 94818, 94822, 95179, 95183, 95185, 95194, 95196, 95209, 95225, 95229, 95635, 95645, 96581, 96585, 96587, 96595, 96597, 96620, 96630, 97439, 97443, 97452, 97492, 97496, 97654, 97822, 98281, 98291, 98310, 98788, 99278, 99282, 99284, 99293, 99295, 99310, 99329, 99960, 99964, 100221, 100243, 100629, 100631, 100654, 100668, 100672, 101244, 101249, 101258, 101269, 101363, 101589, 102039, 102052, 102054, 102068, 102087, 102204, 102326, 102407, 102839, 102852, 102854, 102867, 102884, 102888, 103082, 103313, 103327, 103972, 103982, 103984, 104000, 104021, 104466, 104766, 104777, 104861, 104953, 105167, 105169, 105664, 105676, 105678, 105694, 105712, 105716, 106190, 106362, 106598, 106968, 107543, 107554, 108055, 108243, 108548, 108550, 108933, 108937, 108939, 108948, 108990, 109722, 110587, 111242, 112051, 112067, 112168, 112783, 112796, 113057, 113317, 113502, 113513, 113844, 113853, 114070, 114084, 114098, 114383, 114786, 114790, 114792, 114801, 114803, 114818, 114844, 115203, 115263, 115623, 115627, 115629, 115638, 115640, 115653, 115668, 115672, 116064, 116443, 116456, 117060, 117500, 118016, 118027, 118048, 118061, 118065, 118392, 118866, 118868, 118921, 119794, 119807, 120165, 120472, 121300, 122343, 122387, 122778, 123125, 123138, 123140, 123154, 123181, 123185, 123583, 123962, 123974, 123976, 123983, 123996, 124000, 124292, 124432, 124704, 124716, 124841, 125491, 126072, 126292, 127038, 127382, 127395, 127426, 128975, 128985, 129606, 129611, 129620, 129646, 129650, 130174, 130727, 130731, 130741, 130743, 130755, 130773, 130777, 130781, 130808, 131252, 131615, 131628, 131869, 132119, 132345, 132677, 132681, 132683, 132694, 132712, 132733, 132737, 132937, 133104, 133112, 133117, 133792, 133806, 133808, 133831, 134313, 134951, 134955, 134957, 134965, 134968, 134988, 135007, 135654, 135876, 136635, 136639, 136700, 137141, 137631, 139092, 139099, 139109, 139111, 139123, 139144, 139214, 139759, 139763, 140149, 140769, 140773, 140784, 140808, 140836, 141187, 141575, 141588, 141590, 141605, 141629, 141809, 142795, 143086, 143362, 143399, 143953, 144233, 144464, 144469, 144478, 145170, 145908, 145919, 145932, 145948, 146290, 146592, 146596, 146598, 146608, 146619, 146636, 146640, 146875, 147067, 147456, 147466, 147468, 147484, 147691, 148198, 148212, 148234, 148400, 148568, 148570, 148910, 148941, 148945, 149111, 149259, 149633, 149669, 149808, 149877, 150346, 150359, 150388, 150708, 151158, 151168, 152183, 152192, 152734, 153099, 153954, 154029, 154057, 154113, 154776, 155467, 155471, 156095, 156584, 156589, 156649, 156780, 157055, 157070, 157490, 157494, 157504, 157506, 157522, 157545, 157758, 157958, 158383, 158387, 158397, 158399, 158421, 158441, 158445, 158647, 159499, 159511, 159526, 159542, 159866, 159892, 160887, 161239, 161875, 161948, 162523, 162527, 162537, 162539, 162555, 162581, 162585, 162812, 163039, 163451, 163509, 163932, 163940, 164450, 164673, 164677, 164679, 164689, 164711, 164736, 164740, 165042, 165205, 165618, 165631, 165633, 165663, 165667, 166139, 166638, 166651, 166653, 166671, 166959, 167383, 167385, 167405, 167601, 167848, 168208, 168221, 168223, 168237, 168258, 168497, 168705, 168726, 169249, 169298, 170340, 170353, 170360, 170579, 170581, 170586, 170978, 170991, 171017, 171021, 171440, 171773, 171777, 171787, 171789, 171802, 171814, 172268, 173118, 174378, 174575, 174873, 174886, 175348, 175353, 175393, 175397, 176037, 176041, 176051, 176053, 176069, 176091, 176862, 177100, 177303, 177317, 177351, 177836, 177843, 178285, 178289, 178291, 178300, 178302, 178321, 178343, 178402, 178578, 179805, 180216, 180450, 180455, 180464, 180470, 180935, 180953, 181245, 181536, 181540, 181554, 181568, 181584, 181588, 181995, 182193, 182204, 182207, 182225, 182249, 182253, 182315, 182561, 182573, 183277, 183295, 183307, 183322, 183361, 183376, 183523, 183600, 184431, 184444, 184466, 184758, 185035, 185487, 185505, 185522, 185545, 185883, 186235, 186599, 186921, 186927, 186972, 186976, 187165, 187915, 187957, 187961]
11,1,[2975]
14,793,[628, 3065, 3575, 3581, 3592, 3631, 4047, 4474, 4491, 4518, 5221, 5461, 5475, 5734, 5956, 7286, 7300, 7566, 7580, 7583, 7602, 8229, 8237, 8240, 8249, 9350, 9380, 9731, 9736, 9739, 9749, 9752, 9772, 10605, 11087, 11094, 11818, 11823, 11826, 11838, 11846, 13031, 13281, 13297, 14045, 14282, 14346, 14566, 15069, 15084, 15826, 15839, 15852, 16049, 16500, 16761, 16941, 16946, 16949, 16961, 16978, 17007, 17223, 17370, 17758, 17762, 17814, 17819, 18543, 18809, 18814, 18817, 18818, 19106, 19286, 19658, 19665, 19675, 19909, 20474, 20686, 21155, 21170, 21857, 21862, 21873, 21887, 21903, 21908, 22026, 23269, 23660, 23702, 24230, 24239, 24880, 24899, 24918, 24944, 25219, 25865, 26476, 26481, 26486, 26495, 26915, 27536, 28837, 29058, 29264, 29269, 29283, 29286, 29302, 29320, 29781, 30118, 30130, 30157, 30526, 31024, 31527, 31924, 32130, 32761, 32777, 33126, 33304, 33727, 33764, 34387, 34391, 34409, 34420, 34778, 35163, 35168, 35172, 35183, 35186, 35200, 35229, 35400, 36069, 36781, 37643, 38246, 38305, 39696, 40008, 40256, 40259, 40269, 40272, 40287, 40308, 40583, 41118, 41126, 41136, 41176, 41579, 41954, 42715, 42719, 42734, 43210, 44579, 44596, 44893, 45104, 45116, 45762, 45767, 45779, 46091, 46790, 47770, 47775, 47789, 47811, 47831, 48131, 48621, 48970, 49309, 49316, 49660, 50312, 50317, 50507, 51032, 51039, 51273, 51550, 51783, 51811, 51814, 52433, 52438, 52441, 52451, 52495, 52738, 52791, 52967, 52989, 53001, 53710, 53937, 54109, 54517, 54530, 54543, 54721, 55451, 55502, 56034, 56357, 56372, 56979, 57730, 57772, 57777, 58197, 58695, 58711, 59014, 59287, 59644, 59652, 59979, 59984, 59987, 59996, 59999, 60025, 60028, 60051, 60060, 60371, 61476, 62416, 62652, 62816, 63175, 63180, 63229, 63853, 63865, 64729, 64804, 64902, 65769, 66148, 66730, 66765, 67169, 68458, 68528, 68792, 70013, 70025, 70028, 70044, 70060, 70065, 70603, 71463, 71470, 71480, 71802, 72341, 72350, 72394, 72399, 72619, 73598, 73601, 73619, 74031, 74520, 74525, 75128, 75394, 75399, 75411, 75414, 75429, 75448, 75640, 75842, 75848, 76281, 76288, 77678, 77999, 78588, 79552, 79557, 79732, 80282, 80476, 80481, 80484, 80529, 81588, 81593, 81596, 81943, 82555, 83116, 83123, 83135, 83151, 83168, 83173, 83705, 83713, 83913, 83915, 84223, 84411, 84581, 84859, 85051, 85336, 85341, 85346, 85390, 86445, 86501, 86704, 87032, 87107, 87824, 87827, 87855, 88133, 88367, 88954, 88959, 89268, 89926, 89968, 90740, 90755, 90758, 90772, 90791, 90796, 91971, 92333, 92967, 92972, 93601, 93608, 93818, 94040, 94044, 94054, 94057, 94076, 94102, 94309, 94646, 94649, 94987, 95053, 95058, 95296, 95628, 95987, 96294, 96305, 97965, 98143, 98563, 98904, 99277, 99282, 99285, 99295, 99298, 99312, 99329, 99334, 99787, 100635, 100640, 100643, 100652, 101586, 101591, 101603, 101606, 101623, 101648, 101800, 102433, 103354, 103359, 103362, 103372, 103375, 103391, 104110, 104426, 104825, 104830, 104833, 104859, 104874, 104879, 105065, 105525, 105532, 105543, 105555, 105660, 106567, 106691, 106885, 107243, 107276, 107487, 107758, 108450, 108455, 108458, 108468, 108471, 108490, 108512, 108821, 108988, 109320, 109332, 109335, 109347, 109370, 109520, 109755, 110084, 110136, 110663, 110842, 111087, 111513, 112155, 112169, 112729, 112931, 113260, 113637, 113640, 113650, 113696, 114541, 116163, 117026, 117040, 117152, 117855, 118156, 118389, 118511, 118516, 118532, 118883, 118893, 119123, 119843, 119903, 120369, 120695, 120730, 121156, 122163, 123121, 123135, 123138, 123160, 123174, 123179, 123382, 124043, 124048, 124051, 124109, 124385, 125058, 125073, 125463, 125738, 126573, 126588, 126849, 127713, 127731, 127746, 127767, 128576, 128592, 128595, 128606, 128627, 128632, 129432, 129442, 129445, 129455, 129473, 129478, 129787, 129956, 130243, 130258, 130398, 131135, 131986, 132199, 132206, 132563, 132781, 133052, 133057, 133069, 133072, 133088, 133106, 133281, 134757, 135313, 135323, 135621, 136541, 136546, 136549, 136558, 136561, 136574, 136577, 136594, 136599, 136604, 136634, 137423, 137428, 137693, 138227, 138574, 138579, 138582, 138595, 138614, 138636, 139043, 139052, 139058, 139596, 139663, 140151, 140810, 141167, 141568, 142548, 142553, 142571, 142587, 142594, 142617, 143564, 143569, 143572, 143582, 143940, 145127, 145130, 145144, 145168, 145242, 145805, 146772, 147591, 147607, 147649, 148852, 149207, 149483, 150455, 150719, 151801, 152249, 152263, 153019, 153022, 153033, 153045, 153063, 153338, 153958, 153963, 153975, 154214, 154743, 154761, 154776, 154974, 155157, 155492, 155526, 155531, 156244, 156249, 156252, 156264, 156285, 156310, 156456, 156528, 157087, 157431, 157850, 157893, 158986, 158998, 159014, 159035, 159297, 159608, 160000, 160798, 160821, 160835, 160895, 162149, 162154, 162157, 162519, 162899, 163376, 163684, 163902, 164292, 164308, 164311, 164328, 164352, 164357, 164593, 165199, 165204, 165216, 165219, 165240, 165258, 165488, 166429, 166434, 166446, 166853, 167311, 167329, 167354, 167633, 168139, 168350, 168355, 168358, 168640, 169454, 169459, 169472, 169488, 169509, 169982, 170401, 170462, 170467, 171246, 171253, 171471, 171478, 171531, 171874, 172449, 172454, 172466, 172505, 173037, 173586, 173602, 173605, 173624, 173697, 173947, 174358, 174363, 174375, 174604, 174898, 175281, 175297, 175587, 176346, 176362, 176669, 176818, 177580, 177595, 177598, 177606, 177862, 177867, 178290, 178306, 178335, 178785, 179131, 179143, 179146, 179160, 179173, 180478, 180827, 181791, 181996, 182325, 182784, 182789, 182792, 182804, 182820, 182842, 183193, 183513, 183518, 183530, 183533, 183550, 184641, 184849, 185164, 185416, 185886, 185891, 185894, 185904, 186003, 186189, 187515, 187963, 188171, 188188, 188195, 188513, 188689, 188708, 189033, 189372, 189424, 189939, 189951, 189981, 189986, 190059, 190257, 190265, 190664, 190680, 190720, 190832, 191445, 191461, 191464, 191479, 191495, 191584, 191642, 192537, 192542, 192602, 192884, 193668, 194379, 195111, 195119, 195168, 195173, 195375, 196125, 196418]
21,3,[1900, 34045, 34456]
22,102,[8454, 11022, 11031, 13822, 16325, 16331, 20701, 22785, 24109, 25351, 25354, 25464, 31915, 31919, 31931, 46838, 46842, 47319, 47342, 48934, 52309, 52318, 58564, 59068, 60048, 61952, 61955, 64570, 64577, 64936, 64939, 66295, 67298, 67348, 68124, 68432, 70028, 70594, 73445, 76909, 77727, 77747, 78723, 80212, 80682, 81641, 83782, 84770, 85460, 85683, 85710, 86515, 88275, 88297, 89806, 94133, 95777, 97910, 98349, 99123, 100987, 101018, 103576, 104899, 112493, 112500, 112502, 113177, 113185, 113805, 114127, 114154, 120985, 122085, 123481, 126810, 132541, 132555, 133903, 134356, 135640, 137085, 137106, 138584, 138590, 140879, 146194, 146985, 148567, 148749, 149502, 149629, 149711, 150681, 151817, 154665, 155364, 155637, 156379, 157760, 158292, 158899]
24,1,[31904]
25,998,[789, 3465, 3477, 3976, 3981, 3991, 4013, 4028, 4404, 4901, 4914, 4940, 5589, 5804, 5809, 5818, 5820, 5833, 5849, 6281, 7209, 7496, 7511, 7517, 7846, 7859, 7861, 7883, 8464, 8468, 8470, 8479, 9639, 9962, 9966, 9968, 9976, 9978, 9999, 10018, 10022, 10783, 10788, 11258, 11311, 11953, 11957, 11959, 11969, 11976, 12860, 13083, 13771, 14007, 14347, 14696, 15015, 15019, 15029, 15039, 15410, 15701, 15713, 15734, 16291, 16312, 16574, 16739, 16743, 16745, 16755, 16771, 16794, 16798, 17129, 17475, 17488, 17505, 17526, 17900, 18179, 18442, 18444, 18445, 18454, 18492, 18496, 19208, 19212, 19222, 19224, 19241, 19451, 19602, 20103, 20105, 20119, 20141, 20755, 20768, 21415, 21419, 21428, 21440, 21455, 21459, 21569, 21768, 22297, 22306, 22552, 22706, 22720, 23065, 23067, 23085, 23105, 23574, 23576, 23584, 25675, 25679, 25683, 25692, 26063, 26656, 26658, 27200, 27572, 27909, 27916, 28117, 28321, 28325, 28329, 28338, 28369, 28373, 28792, 28794, 29178, 29202, 29533, 29537, 29997, 30424, 30458, 30795, 30800, 30810, 30824, 30842, 31030, 31202, 31642, 32143, 32145, 32522, 32526, 32535, 32537, 32566, 32570, 33154, 33164, 33493, 33495, 33846, 33850, 33853, 33863, 33865, 33878, 34069, 34306, 34702, 34722, 34724, 34735, 34757, 34761, 35131, 35651, 35933, 36199, 36236, 36250, 36549, 36837, 36842, 36894, 38151, 38487, 38731, 38746, 38779, 39544, 39550, 39559, 39561, 39573, 39597, 39958, 39976, 40333, 40337, 40600, 41033, 41037, 41049, 41447, 41457, 41894, 41903, 41933, 42281, 42793, 42807, 42955, 43091, 43293, 43942, 44239, 44403, 44992, 44996, 45064, 45479, 46403, 46724, 46738, 46740, 46754, 47402, 47407, 47451, 47456, 47707, 47715, 48298, 48300, 48310, 48321, 48334, 48338, 48666, 49002, 49009, 49460, 49675, 49677, 49705, 49707, 50292, 50297, 50306, 50346, 50350, 50580, 50803, 50805, 50828, 50839, 51576, 51588, 51590, 51603, 51623, 51948, 51950, 52352, 52356, 52366, 52394, 52542, 52770, 53192, 53235, 53694, 53996, 54010, 54636, 54651, 54667, 54954, 55383, 55387, 55389, 55398, 55400, 55413, 55430, 55434, 55808, 56386, 56388, 56441, 56683, 56933, 56941, 57288, 57296, 57623, 57633, 57660, 57684, 57912, 59026, 59030, 59032, 59582, 59994, 59998, 60008, 60038, 60042, 60228, 60371, 60373, 60711, 60759, 61137, 61352, 61370, 61381, 61763, 61771, 62760, 62934, 63352, 63672, 63676, 63686, 63688, 63700, 63719, 64788, 65349, 66117, 66127, 66142, 66164, 66810, 66819, 66821, 66836, 66852, 66856, 67347, 68154, 68159, 68168, 68444, 68457, 68937, 68941, 68945, 68954, 68986, 69732, 70056, 70060, 70070, 70072, 70089, 70107, 70466, 70468, 70909, 70919, 70921, 70937, 70956, 70960, 70964, 71283, 71515, 71812, 71821, 71823, 71837, 71851, 71855, 72042, 72202, 72232, 72238, 72735, 72739, 72741, 72750, 72752, 72769, 72954, 73210, 73805, 73817, 74074, 74465, 74765, 75044, 75967, 75971, 76025, 76131, 76411, 76636, 76859, 77306, 77918, 77923, 77977, 78833, 78841, 79395, 79401, 79437, 79441, 79982, 79989, 80182, 80184, 80504, 80508, 80518, 80700, 80875, 81195, 81395, 81739, 81743, 81747, 81783, 82355, 83033, 83343, 83413, 84143, 84183, 84684, 84692, 85293, 85753, 86214, 86218, 86224, 86263, 86638, 86999, 87030, 87034, 87597, 88176, 88481, 89042, 89046, 89632, 89638, 89869, 90142, 90146, 90149, 90157, 90159, 90177, 90198, 90202, 90674, 90690, 91007, 91011, 91029, 91041, 91060, 91068, 91072, 91295, 91580, 91886, 91890, 91902, 91904, 91914, 91926, 91930, 92239, 92655, 92849, 92898, 92908, 93087, 93589, 93639, 94474, 94818, 94822, 95179, 95183, 95185, 95194, 95196, 95209, 95225, 95229, 95635, 95645, 96581, 96585, 96587, 96595, 96597, 96620, 96630, 97439, 97443, 97452, 97492, 97496, 97654, 97822, 98281, 98291, 98310, 98788, 99278, 99282, 99284, 99293, 99295, 99310, 99329, 99960, 99964, 100221, 100243, 100629, 100631, 100654, 100668, 100672, 101244, 101249, 101258, 101269, 101363, 101589, 102039, 102052, 102054, 102068, 102087, 102204, 102326, 102407, 102839, 102852, 102854, 102867, 102884, 102888, 103082, 103313, 103327, 103972, 103982, 103984, 104000, 104021, 104466, 104766, 104777, 104861, 104953, 105167, 105169, 105664, 105676, 105678, 105694, 105712, 105716, 106190, 106362, 106598, 106968, 107543, 107554, 108055, 108243, 108548, 108550, 108933, 108937, 108939, 108948, 108990, 109722, 110587, 111242, 112051, 112067, 112168, 112783, 112796, 113057, 113317, 113502, 113513, 113844, 113853, 114070, 114084, 114098, 114383, 114786, 114790, 114792, 114801, 114803, 114818, 114844, 115203, 115263, 115623, 115627, 115629, 115638, 115640, 115653, 115668, 115672, 116064, 116443, 116456, 117060, 117500, 118016, 118027, 118048, 118061, 118065, 118392, 118866, 118868, 118921, 119794, 119807, 120165, 120472, 121300, 122343, 122387, 122778, 123125, 123138, 123140, 123154, 123181, 123185, 123583, 123962, 123974, 123976, 123983, 123996, 124000, 124292, 124432, 124704, 124716, 124841, 125491, 126072, 126292, 127038, 127382, 127395, 127426, 128975, 128985, 129606, 129611, 129620, 129646, 129650, 130174, 130727, 130731, 130741, 130743, 130755, 130773, 130777, 130781, 130808, 131252, 131615, 131628, 131869, 132119, 132345, 132677, 132681, 132683, 132694, 132712, 132733, 132737, 132937, 133104, 133112, 133117, 133792, 133806, 133808, 133831, 134313, 134951, 134955, 134957, 134965, 134968, 134988, 135007, 135654, 135876, 136635, 136639, 136700, 137141, 137631, 139092, 139099, 139109, 139111, 139123, 139144, 139214, 139759, 139763, 140149, 140769, 140773, 140784, 140808, 140836, 141187, 141575, 141588, 141590, 141605, 141629, 141809, 142795, 143086, 143362, 143399, 143953, 144233, 144464, 144469, 144478, 145170, 145908, 145919, 145932, 145948, 146290, 146592, 146596, 146598, 146608, 146619, 146636, 146640, 146875, 147067, 147456, 147466, 147468, 147484, 147691, 148198, 148212, 148234, 148400, 148568, 148570, 148910, 148941, 148945, 149111, 149259, 149633, 149669, 149808, 149877, 150346, 150359, 150388, 150708, 151158, 151168, 152183, 152192, 152734, 153099, 153954, 154029, 154057, 154113, 154776, 155467, 155471, 156095, 156584, 156589, 156649, 156780, 157055, 157070, 157490, 157494, 157504, 157506, 157522, 157545, 157758, 157958, 158383, 158387, 158397, 158399, 158421, 158441, 158445, 158647, 159499, 159511, 159526, 159542, 159866, 159892, 160887, 161239, 161875, 161948, 162523, 162527, 162537, 162539, 162555, 162581, 162585, 162812, 163039, 163451, 163509, 163932, 163940, 164450, 164673, 164677, 164679, 164689, 164711, 164736, 164740, 165042, 165205, 165618, 165631, 165633, 165663, 165667, 166139, 166638, 166651, 166653, 166671, 166959, 167383, 167385, 167405, 167601, 167848, 168208, 168221, 168223, 168237, 168258, 168497, 168705, 168726, 169249, 169298, 170340, 170353, 170360, 170579, 170581, 170586, 170978, 170991, 171017, 171021, 171440, 171773, 171777, 171787, 171789, 171802, 171814, 172268, 173118, 174378, 174575, 174873, 174886, 175348, 175353, 175393, 175397, 176037, 176041, 176051, 176053, 176069, 176091, 176862, 177100, 177303, 177317, 177351, 177836, 177843, 178285, 178289, 178291, 178300, 178302, 178321, 178343, 178402, 178578, 179805, 180216, 180450, 180455, 180464, 180470, 180935, 180953, 181245, 181536, 181540, 181554, 181568, 181584, 181588, 181995, 182193, 182204, 182207, 182225, 182249, 182253, 182315, 182561, 182573, 183277, 183295, 183307, 183322, 183361, 183376, 183523, 183600, 184431, 184444, 184466, 184758, 185035, 185487, 185505, 185522, 185545, 185883, 186235, 186599, 186921, 186927, 186972, 186976, 187165, 187915, 187957, 187961]
