10,17,[248907, 292697, 342526, 357036, 357899, 438890, 438900, 438910, 470343, 470714, 470733, 471183, 528883, 579940, 590095, 611256, 630965]
14,4,[34454, 77851, 98153, 135975]
15,1,[76472]
16,1,[23360]
18,10,[19410, 95445, 95461, 95488, 108618, 108684, 130423, 140330, 140405, 144472]
20,1,[64286]
21,1,[6002]
22,26,[1478, 17203, 45155, 114307, 121184, 121219, 121239, 121241, 121249, 121255, 121257, 121259, 121261, 121264, 121267, 121277, 121278, 121281, 121284, 121305, 121322, 121329, 121393, 121849, 123746, 141044]
23,2,[2752, 13088]
24,1,[8979]
25,3,[74214, 94052, 130199]
26,1,[65682]
27,3,[12115, 19828, 88125]
30,17,[248754, 292540, 342367, 356876, 357739, 438720, 438730, 438740, 470172, 470543, 470562, 471012, 528708, 579760, 589910, 611039, 630694]
10,17,[248907, 292697, 342526, 357036, 357899, 438890, 438900, 438910, 470343, 470714, 470733, 471183, 528883, 579940, 590095, 611256, 630965]
14,4,[34454, 77851, 98153, 135975]
15,1,[76472]
16,1,[23360]
18,10,[19410, 95445, 95461, 95488, 108618, 108684, 130423, 140330, 140405, 144472]
20,1,[64286]
21,1,[6002]
22,26,[1478, 17203, 45155, 114307, 121184, 121219, 121239, 121241, 121249, 121255, 121257, 121259, 121261, 121264, 121267, 121277, 121278, 121281, 121284, 121305, 121322, 121329, 121393, 121849, 123746, 141044]
23,2,[2752, 13088]
24,1,[8979]
25,3,[74214, 94052, 130199]
26,1,[65682]
27,3,[12115, 19828, 88125]
30,17,[248754, 292540, 342367, 356876, 357739, 438720, 438730, 438740, 470172, 470543, 470562, 471012, 528708, 579760, 589910, 611039, 630694]
