10,8,[87748, 87756, 263025, 400772, 416746, 416825, 416882, 417729]
14,7,[48267, 48749, 54918, 54920, 54935, 54967, 55276]
15,2,[23705, 87753]
25,8,[46379, 46860, 52729, 52731, 52744, 52784, 52804, 53032]
26,1,[9407]
30,8,[87641, 87649, 262869, 400606, 416580, 416659, 416716, 417563]
10,8,[87748, 87756, 263025, 400772, 416746, 416825, 416882, 417729]
14,7,[48267, 48749, 54918, 54920, 54935, 54967, 55276]
15,2,[23705, 87753]
25,8,[46379, 46860, 52729, 52731, 52744, 52784, 52804, 53032]
26,1,[9407]
30,8,[87641, 87649, 262869, 400606, 416580, 416659, 416716, 417563]
