14,124,[1590, 3613, 3626, 4365, 4416, 4574, 12567, 13709, 14093, 14259, 14314, 14335, 16970, 16975, 16995, 18175, 18600, 26835, 31049, 31065, 33108, 41162, 45564, 46193, 46208, 46732, 46757, 47589, 47762, 48635, 52467, 52486, 59677, 59870, 63206, 63221, 65528, 65814, 65816, 65835, 65838, 68916, 73615, 74514, 78548, 78993, 79460, 79584, 79607, 79966, 80292, 81620, 81639, 81761, 82204, 86252, 86437, 88261, 88691, 92000, 92021, 95020, 95044, 95152, 100761, 103943, 104645, 109342, 109360, 110114, 110131, 110668, 119971, 119983, 120706, 120721, 123157, 123169, 123824, 129596, 129611, 130815, 130824, 132003, 132181, 138721, 142265, 143368, 143556, 146810, 155506, 158888, 160861, 160885, 161931, 162141, 164320, 164324, 164342, 164347, 167094, 167731, 168144, 168270, 168291, 168318, 168332, 168382, 168399, 176098, 180127, 180311, 180469, 180881, 185918, 185938, 189836, 191805, 191897, 195140, 196389, 196735, 196937, 197030]
15,5,[2008, 35243, 59546, 83452, 141181]
18,42,[6617, 6889, 6911, 7508, 7560, 8109, 8238, 10682, 10726, 11876, 11935, 11994, 16084, 16766, 17740, 18279, 19047, 20685, 20705, 21044, 23180, 29439, 30095, 30823, 35166, 38196, 38313, 41247, 66641, 66658, 66722, 66874, 67022, 67044, 67107, 67120, 69500, 76453, 79198, 79282, 98882, 142281]
21,1,[3482]
22,1,[102308]
25,134,[770, 3221, 4011, 4024, 4782, 4991, 12655, 13706, 14219, 14241, 16764, 16769, 16788, 17833, 25988, 29986, 30020, 30036, 31965, 39585, 42690, 44325, 44340, 44540, 44912, 44928, 44932, 45923, 46752, 50323, 50342, 57519, 60737, 60752, 62671, 62673, 62723, 62726, 62747, 65698, 70086, 75008, 75401, 75854, 75926, 75994, 76014, 76349, 77950, 77974, 78096, 78510, 79424, 82787, 84588, 88149, 88167, 91165, 95169, 96697, 104104, 104785, 104801, 105692, 105709, 114912, 114924, 115649, 115664, 118047, 118057, 122370, 122385, 124117, 124132, 125205, 125213, 132813, 137620, 140805, 148923, 152086, 154082, 154105, 154210, 155411, 157515, 157519, 157536, 157541, 160810, 161371, 161392, 161419, 161433, 161476, 161493, 162550, 162571, 162573, 172932, 173098, 173473, 174395, 174417, 177330, 178317, 178338, 182053, 182075, 182143, 183750, 183837, 184460, 184482, 186946, 188206, 188496, 188743, 188848, 188894, 189500, 191168, 191385, 191397, 191584, 191885, 192044, 192337, 192438, 195567, 196509, 199122, 199138]
26,2,[52600, 60173]
28,2,[1600, 1912]
14,124,[1590, 3613, 3626, 4365, 4416, 4574, 12567, 13709, 14093, 14259, 14314, 14335, 16970, 16975, 16995, 18175, 18600, 26835, 31049, 31065, 33108, 41162, 45564, 46193, 46208, 46732, 46757, 47589, 47762, 48635, 52467, 52486, 59677, 59870, 63206, 63221, 65528, 65814, 65816, 65835, 65838, 68916, 73615, 74514, 78548, 78993, 79460, 79584, 79607, 79966, 80292, 81620, 81639, 81761, 82204, 86252, 86437, 88261, 88691, 92000, 92021, 95020, 95044, 95152, 100761, 103943, 104645, 109342, 109360, 110114, 110131, 110668, 119971, 119983, 120706, 120721, 123157, 123169, 123824, 129596, 129611, 130815, 130824, 132003, 132181, 138721, 142265, 143368, 143556, 146810, 155506, 158888, 160861, 160885, 161931, 162141, 164320, 164324, 164342, 164347, 167094, 167731, 168144, 168270, 168291, 168318, 168332, 168382, 168399, 176098, 180127, 180311, 180469, 180881, 185918, 185938, 189836, 191805, 191897, 195140, 196389, 196735, 196937, 197030]
15,5,[2008, 35243, 59546, 83452, 141181]
18,42,[6617, 6889, 6911, 7508, 7560, 8109, 8238, 10682, 10726, 11876, 11935, 11994, 16084, 16766, 17740, 18279, 19047, 20685, 20705, 21044, 23180, 29439, 30095, 30823, 35166, 38196, 38313, 41247, 66641, 66658, 66722, 66874, 67022, 67044, 67107, 67120, 69500, 76453, 79198, 79282, 98882, 142281]
21,1,[3482]
22,1,[102308]
25,134,[770, 3221, 4011, 4024, 4782, 4991, 12655, 13706, 14219, 14241, 16764, 16769, 16788, 17833, 25988, 29986, 30020, 30036, 31965, 39585, 42690, 44325, 44340, 44540, 44912, 44928, 44932, 45923, 46752, 50323, 50342, 57519, 60737, 60752, 62671, 62673, 62723, 62726, 62747, 65698, 70086, 75008, 75401, 75854, 75926, 75994, 76014, 76349, 77950, 77974, 78096, 78510, 79424, 82787, 84588, 88149, 88167, 91165, 95169, 96697, 104104, 104785, 104801, 105692, 105709, 114912, 114924, 115649, 115664, 118047, 118057, 122370, 122385, 124117, 124132, 125205, 125213, 132813, 137620, 140805, 148923, 152086, 154082, 154105, 154210, 155411, 157515, 157519, 157536, 157541, 160810, 161371, 161392, 161419, 161433, 161476, 161493, 162550, 162571, 162573, 172932, 173098, 173473, 174395, 174417, 177330, 178317, 178338, 182053, 182075, 182143, 183750, 183837, 184460, 184482, 186946, 188206, 188496, 188743, 188848, 188894, 189500, 191168, 191385, 191397, 191584, 191885, 192044, 192337, 192438, 195567, 196509, 199122, 199138]
26,2,[52600, 60173]
28,2,[1600, 1912]
