9,4,[733, 1397, 1460, 1945]
10,476,[2075, 6866, 26860, 28065, 33201, 38778, 38878, 39058, 40498, 41317, 41319, 43630, 44602, 48829, 49834, 50548, 51440, 52066, 52477, 61596, 61723, 61822, 62702, 62754, 64427, 64597, 70119, 70182, 70455, 74001, 74194, 74381, 74622, 74730, 75591, 75743, 76087, 86285, 89865, 92088, 92177, 92388, 92392, 92495, 92965, 95384, 95392, 96706, 96773, 108318, 108533, 109364, 114056, 114631, 115749, 117225, 117825, 120051, 120125, 123738, 125114, 127296, 130265, 130664, 133435, 137409, 152559, 152564, 162362, 163190, 163258, 163341, 163651, 163688, 169175, 175211, 175396, 175852, 180294, 180354, 183610, 184432, 186467, 186515, 186523, 186710, 186737, 186748, 186829, 186849, 200086, 201525, 201545, 201854, 203185, 206026, 207566, 207611, 208397, 209822, 210060, 223248, 235055, 247277, 248329, 248361, 248363, 248485, 248804, 248835, 249017, 249043, 249057, 249130, 249139, 251235, 251693, 251707, 251884, 254409, 254484, 254533, 254582, 255253, 255255, 255448, 256321, 258000, 258060, 259292, 259359, 259637, 260469, 261134, 262372, 265698, 266074, 266646, 272325, 274472, 274565, 278891, 282561, 282578, 283840, 288379, 288381, 291420, 298246, 298429, 301604, 303095, 303237, 304465, 308503, 310414, 311799, 312407, 312409, 312433, 312608, 312877, 312879, 313140, 313159, 314658, 314924, 314926, 314948, 315439, 315611, 315816, 315929, 316532, 316668, 316852, 317538, 318849, 318962, 318993, 319012, 320078, 320536, 320734, 320806, 320860, 320862, 321045, 321047, 321413, 321482, 321484, 321579, 321585, 321618, 322120, 322389, 322454, 322456, 322461, 324004, 324044, 324060, 324841, 325358, 326882, 326919, 327231, 327275, 327430, 327560, 327746, 328007, 328017, 329164, 329285, 329434, 329915, 330232, 330490, 331180, 331197, 331221, 331584, 331658, 331668, 331796, 331898, 332462, 332641, 334050, 334378, 334620, 334990, 335138, 335592, 336240, 337441, 337531, 337553, 337590, 337592, 337609, 337634, 337673, 337705, 337745, 338442, 338458, 338468, 338480, 338494, 338799, 339255, 339257, 339744, 339846, 339979, 340425, 340513, 341118, 341135, 341674, 341833, 342147, 342266, 342278, 342289, 342301, 342313, 342328, 342339, 342349, 342361, 342373, 342386, 342400, 342414, 342427, 342442, 342456, 342467, 342477, 342487, 342497, 342509, 342521, 342532, 342544, 342555, 342567, 342817, 344010, 344012, 344024, 344026, 344274, 344276, 344354, 344414, 344728, 344730, 347778, 349225, 355063, 355711, 356822, 357391, 357816, 360006, 360957, 362587, 366975, 373554, 374870, 375658, 375660, 376823, 376874, 377302, 377625, 377637, 377639, 377814, 380335, 384294, 386168, 386213, 388641, 389649, 390184, 391431, 391891, 394092, 394294, 396852, 396854, 402667, 403130, 407141, 407143, 411981, 412097, 413087, 413534, 414740, 415117, 423598, 424719, 425557, 426401, 428977, 430020, 430031, 453808, 453816, 457894, 457973, 462766, 463133, 463135, 463787, 464170, 465711, 466086, 466800, 467230, 467336, 467383, 467909, 467912, 467914, 471488, 471490, 471592, 472469, 476314, 477511, 477832, 481166, 482008, 483103, 483665, 483667, 483719, 485013, 489703, 494844, 498979, 509125, 511389, 523668, 527005, 528649, 528973, 541894, 551465, 551621, 553607, 553733, 555285, 555290, 556502, 558551, 559733, 561940, 580812, 584906, 588357, 589870, 591843, 601969, 603632, 603634, 607803, 609864, 609866, 612540, 612771, 614015, 614017, 616365, 616827, 616829, 617816, 618096, 618098, 619271, 619739, 620035, 620107, 620138, 620155, 621297, 621319, 623126, 623361, 623363, 625665, 625694, 626765, 626767, 627102, 627104, 627901, 628425, 628946, 630386, 631151, 631357, 631513, 631515, 633266, 633268, 633288, 633290, 633660, 633662, 633683, 633685, 634421, 634423, 635491, 635493, 636032, 636034, 637302, 637304, 637743, 637745, 639405, 639407, 640135, 640137, 640975, 640977]
11,20,[794, 942, 1066, 1444, 1797, 1978, 2439, 2649, 3748, 4689, 5311, 5694, 7348, 10392, 11430, 12103, 12204, 12742, 17605, 20192]
12,20,[3620, 3787, 5282, 6279, 9139, 9557, 10268, 11428, 12112, 12551, 13528, 16514, 18421, 18500, 18507, 19792, 19892, 20494, 20827, 23403]
13,8,[175, 314, 507, 1132, 2033, 3153, 3192, 3485]
14,2,[8647, 134412]
15,206,[557, 792, 854, 3150, 3773, 3799, 4114, 4154, 4513, 5805, 6354, 6555, 6955, 9711, 11011, 11108, 11564, 14691, 14956, 16433, 17496, 19178, 20377, 20791, 21481, 23020, 23051, 24135, 24185, 24426, 25734, 26426, 26743, 27227, 27806, 28418, 28941, 29611, 29619, 29772, 30766, 32875, 33590, 34267, 35075, 35416, 35772, 37030, 37198, 37204, 38335, 39052, 39218, 39442, 40164, 40184, 41651, 45357, 45365, 45694, 45844, 45989, 46103, 47069, 47108, 47804, 48429, 50048, 50163, 51033, 51421, 52390, 52647, 53055, 55090, 55913, 56340, 56922, 57529, 58381, 58475, 59671, 60436, 60909, 61300, 62463, 63362, 63436, 63525, 65281, 65536, 66206, 66284, 67545, 70461, 72197, 72608, 73410, 73490, 75540, 77470, 77498, 77601, 79399, 81045, 81462, 81497, 84000, 84020, 85071, 85154, 85157, 85281, 85286, 86019, 86880, 87442, 87769, 91689, 92991, 95751, 97162, 97679, 98802, 100238, 100257, 100635, 100637, 100646, 100765, 101135, 101250, 103638, 106722, 108170, 108178, 109037, 111734, 111812, 111961, 114414, 119650, 120583, 121527, 123130, 123602, 126142, 126295, 126832, 127347, 127827, 129744, 129756, 130272, 131682, 131851, 133931, 134135, 134770, 134874, 134909, 135539, 135551, 135930, 137538, 137647, 139264, 140376, 140958, 141310, 141411, 141688, 141757, 141892, 142382, 142779, 143154, 143796, 146901, 146918, 148353, 149274, 149462, 150730, 151059, 156289, 157348, 158607, 158950, 159047, 159857, 160731, 160739, 161182, 161288, 162114, 162542, 166071, 169531, 169561, 170161, 170895, 172604, 172822, 172864, 173742]
16,50,[196, 1379, 1653, 3678, 3917, 4826, 5251, 5837, 6125, 6405, 6482, 6990, 7204, 8697, 10157, 10221, 11127, 11332, 12554, 12943, 14041, 14066, 14714, 16283, 16990, 17364, 19869, 23288, 24273, 24426, 25615, 28067, 28466, 28590, 29272, 30702, 31108, 32053, 33246, 34186, 34191, 35130, 36286, 36377, 36824, 37041, 37047, 37105, 37215, 37521]
17,36,[5743, 5761, 6846, 12670, 26048, 28396, 39870, 39879, 47369, 50843, 51229, 56902, 57491, 58253, 58534, 58868, 58877, 66993, 67761, 68125, 76280, 88439, 93710, 102304, 110735, 112841, 121143, 132201, 138118, 138378, 138464, 141860, 164936, 193175, 195610, 198407]
18,58,[1338, 2159, 2703, 5562, 7512, 10894, 14410, 15057, 15064, 18176, 25088, 25994, 27758, 34021, 34930, 35762, 38343, 38375, 42053, 43200, 43202, 47210, 51028, 55196, 56761, 60540, 61791, 66562, 66725, 67151, 75151, 76310, 78753, 79114, 79341, 86449, 86453, 91001, 92554, 92610, 94968, 99012, 99093, 99112, 99808, 100387, 100749, 105808, 106966, 107262, 107573, 107590, 115526, 122506, 123204, 123813, 134016, 140808]
19,16,[604, 606, 1114, 11038, 11044, 11548, 13934, 13942, 13946, 13950, 16513, 18115, 23596, 23598, 23987, 23997]
20,47,[449, 1008, 1325, 1439, 1581, 2062, 3698, 3848, 5843, 6023, 6987, 7631, 9545, 9754, 9963, 10638, 10899, 11774, 12444, 13052, 13084, 13529, 13629, 13847, 14219, 16952, 18224, 18958, 22794, 25306, 25553, 26538, 27749, 29522, 32953, 35337, 37878, 41199, 42254, 48617, 50032, 53561, 57054, 64115, 64791, 65645, 65702]
21,13,[1703, 1735, 2409, 3368, 3931, 4539, 5466, 12637, 15687, 16002, 18089, 26133, 30854]
22,27,[4723, 4724, 5146, 5153, 13443, 13717, 13850, 14556, 14815, 14817, 14850, 14854, 14867, 14869, 18255, 18350, 18352, 19839, 71185, 71189, 71193, 103200, 121484, 130914, 134362, 140836, 156383]
23,39,[219, 362, 608, 819, 1363, 3323, 3428, 3560, 3694, 3912, 3941, 4149, 4324, 4632, 7614, 9411, 9893, 10137, 10148, 10386, 11057, 11110, 12292, 13298, 14367, 14837, 16679, 16760, 17402, 20581, 20589, 20853, 20873, 21440, 21651, 23516, 25814, 26034, 27122]
24,60,[2498, 4868, 7093, 7309, 7854, 7937, 7997, 8010, 8104, 9029, 10056, 10159, 11964, 11990, 13028, 13093, 13252, 14193, 14905, 15533, 16384, 16519, 17755, 18108, 18328, 18473, 18692, 19715, 22536, 22856, 22922, 23780, 24393, 25510, 26222, 26282, 26474, 27991, 28566, 28747, 28855, 29475, 29966, 30874, 30892, 31468, 32593, 34247, 34432, 37269, 37276, 38123, 39015, 40523, 40666, 41101, 42119, 43800, 44712, 44717]
25,15,[8864, 17110, 18872, 32895, 47063, 66420, 71280, 74197, 86635, 113824, 128661, 142465, 143077, 144229, 169669]
26,45,[813, 1373, 1697, 1812, 1955, 2448, 4197, 4347, 6361, 6542, 7507, 10099, 10305, 11199, 12361, 13031, 13635, 13667, 14114, 14214, 14435, 14808, 17603, 18926, 19665, 23561, 26100, 26348, 27339, 28578, 30364, 33829, 36233, 38796, 42137, 43189, 49638, 51077, 54689, 58204, 58209, 65507, 66192, 67059, 67116]
27,80,[5171, 6487, 6962, 7715, 7747, 8732, 9130, 9196, 10299, 10346, 11686, 12623, 15258, 15807, 15824, 15912, 16433, 17296, 21037, 21766, 21867, 22338, 23484, 25346, 25585, 27778, 30025, 31851, 33051, 33204, 33794, 38613, 39629, 42821, 44734, 44746, 46210, 46291, 47331, 47585, 47692, 51656, 53868, 54652, 60139, 60932, 61579, 63884, 63942, 67536, 68155, 68232, 68524, 69367, 69485, 69493, 74728, 75709, 76716, 77821, 81315, 82841, 82848, 83668, 91875, 92189, 92703, 94414, 94469, 96971, 98715, 99269, 100382, 106394, 106667, 107215, 107896, 107903, 107912, 108880]
28,6,[912, 2278, 3100, 4238, 7026, 9304]
30,476,[1982, 6772, 26766, 27971, 33103, 38680, 38780, 38960, 40400, 41219, 41221, 43532, 44504, 48731, 49736, 50450, 51342, 51968, 52379, 61493, 61620, 61719, 62599, 62651, 64324, 64494, 70016, 70079, 70352, 73898, 74091, 74278, 74519, 74627, 75488, 75640, 75984, 86178, 89758, 91981, 92070, 92281, 92285, 92388, 92858, 95277, 95285, 96599, 96666, 108207, 108422, 109253, 113945, 114520, 115638, 117114, 117714, 119940, 120014, 123627, 125003, 127185, 130153, 130552, 133323, 137297, 152446, 152451, 162239, 163067, 163135, 163218, 163528, 163565, 169052, 175088, 175273, 175729, 180171, 180231, 183478, 184300, 186335, 186383, 186391, 186578, 186605, 186616, 186697, 186717, 199944, 201383, 201403, 201712, 203043, 205884, 207424, 207469, 208255, 209680, 209918, 223098, 234905, 247124, 248176, 248208, 248210, 248332, 248651, 248682, 248864, 248890, 248904, 248977, 248986, 251082, 251540, 251554, 251731, 254256, 254331, 254380, 254429, 255100, 255102, 255295, 256165, 257844, 257904, 259136, 259203, 259481, 260313, 260978, 262216, 265542, 265918, 266490, 272169, 274316, 274409, 278736, 282406, 282423, 283684, 288223, 288225, 291264, 298088, 298271, 301446, 302937, 303079, 304307, 308345, 310256, 311640, 312248, 312250, 312274, 312449, 312718, 312720, 312981, 313000, 314499, 314765, 314767, 314789, 315280, 315452, 315657, 315770, 316373, 316509, 316693, 317379, 318690, 318803, 318834, 318853, 319919, 320377, 320575, 320647, 320701, 320703, 320886, 320888, 321254, 321323, 321325, 321420, 321426, 321459, 321961, 322230, 322295, 322297, 322302, 323845, 323885, 323901, 324682, 325199, 326723, 326760, 327072, 327116, 327271, 327401, 327587, 327848, 327858, 329005, 329126, 329275, 329756, 330073, 330331, 331021, 331038, 331062, 331425, 331499, 331509, 331637, 331739, 332303, 332482, 333891, 334219, 334461, 334831, 334979, 335433, 336081, 337282, 337372, 337394, 337431, 337433, 337450, 337475, 337514, 337546, 337586, 338283, 338299, 338309, 338321, 338335, 338640, 339096, 339098, 339585, 339687, 339820, 340266, 340354, 340959, 340976, 341515, 341674, 341988, 342107, 342119, 342130, 342142, 342154, 342169, 342180, 342190, 342202, 342214, 342227, 342241, 342255, 342268, 342283, 342297, 342308, 342318, 342328, 342338, 342350, 342362, 342373, 342385, 342396, 342408, 342658, 343851, 343853, 343865, 343867, 344115, 344117, 344195, 344255, 344569, 344571, 347619, 349066, 354904, 355552, 356662, 357231, 357656, 359846, 360797, 362427, 366812, 373391, 374707, 375495, 375497, 376660, 376711, 377139, 377462, 377474, 377476, 377651, 380172, 384131, 386005, 386050, 388478, 389486, 390021, 391268, 391728, 393926, 394128, 396686, 396688, 402501, 402964, 406975, 406977, 411815, 411931, 412921, 413368, 414574, 414951, 423432, 424553, 425391, 426235, 428810, 429853, 429864, 453638, 453646, 457724, 457803, 462595, 462962, 462964, 463616, 463999, 465540, 465915, 466629, 467059, 467165, 467212, 467738, 467741, 467743, 471317, 471319, 471421, 472299, 476145, 477342, 477664, 480999, 481842, 482938, 483500, 483502, 483554, 484848, 489543, 494685, 498810, 508956, 511220, 523496, 526833, 528474, 528798, 541719, 551287, 551443, 553429, 553555, 555107, 555112, 556324, 558373, 559555, 561762, 580632, 584721, 588172, 589685, 591658, 601772, 603430, 603432, 607596, 609652, 609654, 612317, 612548, 613781, 613783, 616126, 616588, 616590, 617569, 617844, 617846, 619019, 619487, 619783, 619855, 619886, 619903, 621045, 621067, 622874, 623109, 623111, 625408, 625437, 626508, 626510, 626845, 626847, 627641, 628165, 628683, 630120, 630880, 631086, 631238, 631240, 632991, 632993, 633013, 633015, 633385, 633387, 633408, 633410, 634146, 634148, 635216, 635218, 635757, 635759, 637027, 637029, 637468, 637470, 639130, 639132, 639860, 639862, 640700, 640702]
9,4,[733, 1397, 1460, 1945]
10,476,[2075, 6866, 26860, 28065, 33201, 38778, 38878, 39058, 40498, 41317, 41319, 43630, 44602, 48829, 49834, 50548, 51440, 52066, 52477, 61596, 61723, 61822, 62702, 62754, 64427, 64597, 70119, 70182, 70455, 74001, 74194, 74381, 74622, 74730, 75591, 75743, 76087, 86285, 89865, 92088, 92177, 92388, 92392, 92495, 92965, 95384, 95392, 96706, 96773, 108318, 108533, 109364, 114056, 114631, 115749, 117225, 117825, 120051, 120125, 123738, 125114, 127296, 130265, 130664, 133435, 137409, 152559, 152564, 162362, 163190, 163258, 163341, 163651, 163688, 169175, 175211, 175396, 175852, 180294, 180354, 183610, 184432, 186467, 186515, 186523, 186710, 186737, 186748, 186829, 186849, 200086, 201525, 201545, 201854, 203185, 206026, 207566, 207611, 208397, 209822, 210060, 223248, 235055, 247277, 248329, 248361, 248363, 248485, 248804, 248835, 249017, 249043, 249057, 249130, 249139, 251235, 251693, 251707, 251884, 254409, 254484, 254533, 254582, 255253, 255255, 255448, 256321, 258000, 258060, 259292, 259359, 259637, 260469, 261134, 262372, 265698, 266074, 266646, 272325, 274472, 274565, 278891, 282561, 282578, 283840, 288379, 288381, 291420, 298246, 298429, 301604, 303095, 303237, 304465, 308503, 310414, 311799, 312407, 312409, 312433, 312608, 312877, 312879, 313140, 313159, 314658, 314924, 314926, 314948, 315439, 315611, 315816, 315929, 316532, 316668, 316852, 317538, 318849, 318962, 318993, 319012, 320078, 320536, 320734, 320806, 320860, 320862, 321045, 321047, 321413, 321482, 321484, 321579, 321585, 321618, 322120, 322389, 322454, 322456, 322461, 324004, 324044, 324060, 324841, 325358, 326882, 326919, 327231, 327275, 327430, 327560, 327746, 328007, 328017, 329164, 329285, 329434, 329915, 330232, 330490, 331180, 331197, 331221, 331584, 331658, 331668, 331796, 331898, 332462, 332641, 334050, 334378, 334620, 334990, 335138, 335592, 336240, 337441, 337531, 337553, 337590, 337592, 337609, 337634, 337673, 337705, 337745, 338442, 338458, 338468, 338480, 338494, 338799, 339255, 339257, 339744, 339846, 339979, 340425, 340513, 341118, 341135, 341674, 341833, 342147, 342266, 342278, 342289, 342301, 342313, 342328, 342339, 342349, 342361, 342373, 342386, 342400, 342414, 342427, 342442, 342456, 342467, 342477, 342487, 342497, 342509, 342521, 342532, 342544, 342555, 342567, 342817, 344010, 344012, 344024, 344026, 344274, 344276, 344354, 344414, 344728, 344730, 347778, 349225, 355063, 355711, 356822, 357391, 357816, 360006, 360957, 362587, 366975, 373554, 374870, 375658, 375660, 376823, 376874, 377302, 377625, 377637, 377639, 377814, 380335, 384294, 386168, 386213, 388641, 389649, 390184, 391431, 391891, 394092, 394294, 396852, 396854, 402667, 403130, 407141, 407143, 411981, 412097, 413087, 413534, 414740, 415117, 423598, 424719, 425557, 426401, 428977, 430020, 430031, 453808, 453816, 457894, 457973, 462766, 463133, 463135, 463787, 464170, 465711, 466086, 466800, 467230, 467336, 467383, 467909, 467912, 467914, 471488, 471490, 471592, 472469, 476314, 477511, 477832, 481166, 482008, 483103, 483665, 483667, 483719, 485013, 489703, 494844, 498979, 509125, 511389, 523668, 527005, 528649, 528973, 541894, 551465, 551621, 553607, 553733, 555285, 555290, 556502, 558551, 559733, 561940, 580812, 584906, 588357, 589870, 591843, 601969, 603632, 603634, 607803, 609864, 609866, 612540, 612771, 614015, 614017, 616365, 616827, 616829, 617816, 618096, 618098, 619271, 619739, 620035, 620107, 620138, 620155, 621297, 621319, 623126, 623361, 623363, 625665, 625694, 626765, 626767, 627102, 627104, 627901, 628425, 628946, 630386, 631151, 631357, 631513, 631515, 633266, 633268, 633288, 633290, 633660, 633662, 633683, 633685, 634421, 634423, 635491, 635493, 636032, 636034, 637302, 637304, 637743, 637745, 639405, 639407, 640135, 640137, 640975, 640977]
11,20,[794, 942, 1066, 1444, 1797, 1978, 2439, 2649, 3748, 4689, 5311, 5694, 7348, 10392, 11430, 12103, 12204, 12742, 17605, 20192]
12,20,[3620, 3787, 5282, 6279, 9139, 9557, 10268, 11428, 12112, 12551, 13528, 16514, 18421, 18500, 18507, 19792, 19892, 20494, 20827, 23403]
13,8,[175, 314, 507, 1132, 2033, 3153, 3192, 3485]
14,2,[8647, 134412]
15,206,[557, 792, 854, 3150, 3773, 3799, 4114, 4154, 4513, 5805, 6354, 6555, 6955, 9711, 11011, 11108, 11564, 14691, 14956, 16433, 17496, 19178, 20377, 20791, 21481, 23020, 23051, 24135, 24185, 24426, 25734, 26426, 26743, 27227, 27806, 28418, 28941, 29611, 29619, 29772, 30766, 32875, 33590, 34267, 35075, 35416, 35772, 37030, 37198, 37204, 38335, 39052, 39218, 39442, 40164, 40184, 41651, 45357, 45365, 45694, 45844, 45989, 46103, 47069, 47108, 47804, 48429, 50048, 50163, 51033, 51421, 52390, 52647, 53055, 55090, 55913, 56340, 56922, 57529, 58381, 58475, 59671, 60436, 60909, 61300, 62463, 63362, 63436, 63525, 65281, 65536, 66206, 66284, 67545, 70461, 72197, 72608, 73410, 73490, 75540, 77470, 77498, 77601, 79399, 81045, 81462, 81497, 84000, 84020, 85071, 85154, 85157, 85281, 85286, 86019, 86880, 87442, 87769, 91689, 92991, 95751, 97162, 97679, 98802, 100238, 100257, 100635, 100637, 100646, 100765, 101135, 101250, 103638, 106722, 108170, 108178, 109037, 111734, 111812, 111961, 114414, 119650, 120583, 121527, 123130, 123602, 126142, 126295, 126832, 127347, 127827, 129744, 129756, 130272, 131682, 131851, 133931, 134135, 134770, 134874, 134909, 135539, 135551, 135930, 137538, 137647, 139264, 140376, 140958, 141310, 141411, 141688, 141757, 141892, 142382, 142779, 143154, 143796, 146901, 146918, 148353, 149274, 149462, 150730, 151059, 156289, 157348, 158607, 158950, 159047, 159857, 160731, 160739, 161182, 161288, 162114, 162542, 166071, 169531, 169561, 170161, 170895, 172604, 172822, 172864, 173742]
16,50,[196, 1379, 1653, 3678, 3917, 4826, 5251, 5837, 6125, 6405, 6482, 6990, 7204, 8697, 10157, 10221, 11127, 11332, 12554, 12943, 14041, 14066, 14714, 16283, 16990, 17364, 19869, 23288, 24273, 24426, 25615, 28067, 28466, 28590, 29272, 30702, 31108, 32053, 33246, 34186, 34191, 35130, 36286, 36377, 36824, 37041, 37047, 37105, 37215, 37521]
17,36,[5743, 5761, 6846, 12670, 26048, 28396, 39870, 39879, 47369, 50843, 51229, 56902, 57491, 58253, 58534, 58868, 58877, 66993, 67761, 68125, 76280, 88439, 93710, 102304, 110735, 112841, 121143, 132201, 138118, 138378, 138464, 141860, 164936, 193175, 195610, 198407]
18,58,[1338, 2159, 2703, 5562, 7512, 10894, 14410, 15057, 15064, 18176, 25088, 25994, 27758, 34021, 34930, 35762, 38343, 38375, 42053, 43200, 43202, 47210, 51028, 55196, 56761, 60540, 61791, 66562, 66725, 67151, 75151, 76310, 78753, 79114, 79341, 86449, 86453, 91001, 92554, 92610, 94968, 99012, 99093, 99112, 99808, 100387, 100749, 105808, 106966, 107262, 107573, 107590, 115526, 122506, 123204, 123813, 134016, 140808]
19,16,[604, 606, 1114, 11038, 11044, 11548, 13934, 13942, 13946, 13950, 16513, 18115, 23596, 23598, 23987, 23997]
20,47,[449, 1008, 1325, 1439, 1581, 2062, 3698, 3848, 5843, 6023, 6987, 7631, 9545, 9754, 9963, 10638, 10899, 11774, 12444, 13052, 13084, 13529, 13629, 13847, 14219, 16952, 18224, 18958, 22794, 25306, 25553, 26538, 27749, 29522, 32953, 35337, 37878, 41199, 42254, 48617, 50032, 53561, 57054, 64115, 64791, 65645, 65702]
21,13,[1703, 1735, 2409, 3368, 3931, 4539, 5466, 12637, 15687, 16002, 18089, 26133, 30854]
22,27,[4723, 4724, 5146, 5153, 13443, 13717, 13850, 14556, 14815, 14817, 14850, 14854, 14867, 14869, 18255, 18350, 18352, 19839, 71185, 71189, 71193, 103200, 121484, 130914, 134362, 140836, 156383]
23,39,[219, 362, 608, 819, 1363, 3323, 3428, 3560, 3694, 3912, 3941, 4149, 4324, 4632, 7614, 9411, 9893, 10137, 10148, 10386, 11057, 11110, 12292, 13298, 14367, 14837, 16679, 16760, 17402, 20581, 20589, 20853, 20873, 21440, 21651, 23516, 25814, 26034, 27122]
24,60,[2498, 4868, 7093, 7309, 7854, 7937, 7997, 8010, 8104, 9029, 10056, 10159, 11964, 11990, 13028, 13093, 13252, 14193, 14905, 15533, 16384, 16519, 17755, 18108, 18328, 18473, 18692, 19715, 22536, 22856, 22922, 23780, 24393, 25510, 26222, 26282, 26474, 27991, 28566, 28747, 28855, 29475, 29966, 30874, 30892, 31468, 32593, 34247, 34432, 37269, 37276, 38123, 39015, 40523, 40666, 41101, 42119, 43800, 44712, 44717]
25,15,[8864, 17110, 18872, 32895, 47063, 66420, 71280, 74197, 86635, 113824, 128661, 142465, 143077, 144229, 169669]
26,45,[813, 1373, 1697, 1812, 1955, 2448, 4197, 4347, 6361, 6542, 7507, 10099, 10305, 11199, 12361, 13031, 13635, 13667, 14114, 14214, 14435, 14808, 17603, 18926, 19665, 23561, 26100, 26348, 27339, 28578, 30364, 33829, 36233, 38796, 42137, 43189, 49638, 51077, 54689, 58204, 58209, 65507, 66192, 67059, 67116]
27,80,[5171, 6487, 6962, 7715, 7747, 8732, 9130, 9196, 10299, 10346, 11686, 12623, 15258, 15807, 15824, 15912, 16433, 17296, 21037, 21766, 21867, 22338, 23484, 25346, 25585, 27778, 30025, 31851, 33051, 33204, 33794, 38613, 39629, 42821, 44734, 44746, 46210, 46291, 47331, 47585, 47692, 51656, 53868, 54652, 60139, 60932, 61579, 63884, 63942, 67536, 68155, 68232, 68524, 69367, 69485, 69493, 74728, 75709, 76716, 77821, 81315, 82841, 82848, 83668, 91875, 92189, 92703, 94414, 94469, 96971, 98715, 99269, 100382, 106394, 106667, 107215, 107896, 107903, 107912, 108880]
28,6,[912, 2278, 3100, 4238, 7026, 9304]
30,476,[1982, 6772, 26766, 27971, 33103, 38680, 38780, 38960, 40400, 41219, 41221, 43532, 44504, 48731, 49736, 50450, 51342, 51968, 52379, 61493, 61620, 61719, 62599, 62651, 64324, 64494, 70016, 70079, 70352, 73898, 74091, 74278, 74519, 74627, 75488, 75640, 75984, 86178, 89758, 91981, 92070, 92281, 92285, 92388, 92858, 95277, 95285, 96599, 96666, 108207, 108422, 109253, 113945, 114520, 115638, 117114, 117714, 119940, 120014, 123627, 125003, 127185, 130153, 130552, 133323, 137297, 152446, 152451, 162239, 163067, 163135, 163218, 163528, 163565, 169052, 175088, 175273, 175729, 180171, 180231, 183478, 184300, 186335, 186383, 186391, 186578, 186605, 186616, 186697, 186717, 199944, 201383, 201403, 201712, 203043, 205884, 207424, 207469, 208255, 209680, 209918, 223098, 234905, 247124, 248176, 248208, 248210, 248332, 248651, 248682, 248864, 248890, 248904, 248977, 248986, 251082, 251540, 251554, 251731, 254256, 254331, 254380, 254429, 255100, 255102, 255295, 256165, 257844, 257904, 259136, 259203, 259481, 260313, 260978, 262216, 265542, 265918, 266490, 272169, 274316, 274409, 278736, 282406, 282423, 283684, 288223, 288225, 291264, 298088, 298271, 301446, 302937, 303079, 304307, 308345, 310256, 311640, 312248, 312250, 312274, 312449, 312718, 312720, 312981, 313000, 314499, 314765, 314767, 314789, 315280, 315452, 315657, 315770, 316373, 316509, 316693, 317379, 318690, 318803, 318834, 318853, 319919, 320377, 320575, 320647, 320701, 320703, 320886, 320888, 321254, 321323, 321325, 321420, 321426, 321459, 321961, 322230, 322295, 322297, 322302, 323845, 323885, 323901, 324682, 325199, 326723, 326760, 327072, 327116, 327271, 327401, 327587, 327848, 327858, 329005, 329126, 329275, 329756, 330073, 330331, 331021, 331038, 331062, 331425, 331499, 331509, 331637, 331739, 332303, 332482, 333891, 334219, 334461, 334831, 334979, 335433, 336081, 337282, 337372, 337394, 337431, 337433, 337450, 337475, 337514, 337546, 337586, 338283, 338299, 338309, 338321, 338335, 338640, 339096, 339098, 339585, 339687, 339820, 340266, 340354, 340959, 340976, 341515, 341674, 341988, 342107, 342119, 342130, 342142, 342154, 342169, 342180, 342190, 342202, 342214, 342227, 342241, 342255, 342268, 342283, 342297, 342308, 342318, 342328, 342338, 342350, 342362, 342373, 342385, 342396, 342408, 342658, 343851, 343853, 343865, 343867, 344115, 344117, 344195, 344255, 344569, 344571, 347619, 349066, 354904, 355552, 356662, 357231, 357656, 359846, 360797, 362427, 366812, 373391, 374707, 375495, 375497, 376660, 376711, 377139, 377462, 377474, 377476, 377651, 380172, 384131, 386005, 386050, 388478, 389486, 390021, 391268, 391728, 393926, 394128, 396686, 396688, 402501, 402964, 406975, 406977, 411815, 411931, 412921, 413368, 414574, 414951, 423432, 424553, 425391, 426235, 428810, 429853, 429864, 453638, 453646, 457724, 457803, 462595, 462962, 462964, 463616, 463999, 465540, 465915, 466629, 467059, 467165, 467212, 467738, 467741, 467743, 471317, 471319, 471421, 472299, 476145, 477342, 477664, 480999, 481842, 482938, 483500, 483502, 483554, 484848, 489543, 494685, 498810, 508956, 511220, 523496, 526833, 528474, 528798, 541719, 551287, 551443, 553429, 553555, 555107, 555112, 556324, 558373, 559555, 561762, 580632, 584721, 588172, 589685, 591658, 601772, 603430, 603432, 607596, 609652, 609654, 612317, 612548, 613781, 613783, 616126, 616588, 616590, 617569, 617844, 617846, 619019, 619487, 619783, 619855, 619886, 619903, 621045, 621067, 622874, 623109, 623111, 625408, 625437, 626508, 626510, 626845, 626847, 627641, 628165, 628683, 630120, 630880, 631086, 631238, 631240, 632991, 632993, 633013, 633015, 633385, 633387, 633408, 633410, 634146, 634148, 635216, 635218, 635757, 635759, 637027, 637029, 637468, 637470, 639130, 639132, 639860, 639862, 640700, 640702]
