9,1,[1804]
10,9,[126145, 126160, 126178, 126268, 319809, 393422, 432781, 441842, 530633]
17,1,[204516]
18,13,[2076, 8533, 20608, 22893, 31565, 34933, 46368, 47692, 53236, 56317, 67099, 129473, 130005]
20,6,[6644, 31256, 48900, 55653, 56287, 65901]
21,1,[5771]
23,2,[26333, 26338]
26,6,[7162, 32125, 49932, 56813, 57444, 67316]
30,9,[126034, 126049, 126067, 126157, 319650, 393256, 432611, 441672, 530458]
9,1,[1804]
10,9,[126145, 126160, 126178, 126268, 319809, 393422, 432781, 441842, 530633]
17,1,[204516]
18,13,[2076, 8533, 20608, 22893, 31565, 34933, 46368, 47692, 53236, 56317, 67099, 129473, 130005]
20,6,[6644, 31256, 48900, 55653, 56287, 65901]
21,1,[5771]
23,2,[26333, 26338]
26,6,[7162, 32125, 49932, 56813, 57444, 67316]
30,9,[126034, 126049, 126067, 126157, 319650, 393256, 432611, 441672, 530458]
