9,1,[761]
10,74,[19024, 19850, 26158, 26714, 26749, 26862, 27888, 27941, 30045, 90722, 127118, 132255, 179001, 183958, 184045, 185192, 221932, 293213, 294219, 341278, 341289, 346345, 363276, 462959, 464722, 466773, 478329, 498177, 502969, 506894, 507705, 511392, 513410, 517337, 520155, 520175, 525302, 536112, 540039, 540071, 550416, 550431, 550468, 550847, 551781, 553500, 553648, 553840, 558388, 560063, 560069, 562543, 563704, 569401, 569921, 574596, 581589, 582891, 583525, 587327, 588765, 589097, 594064, 597262, 597282, 597301, 597326, 598384, 603138, 603428, 613173, 615949, 631962, 632377]
11,4,[961, 7839, 15186, 19614]
12,1,[17634]
14,27,[2425, 9115, 13430, 21939, 24159, 25004, 31099, 32393, 35257, 38409, 43747, 55908, 58645, 87929, 88594, 90085, 97789, 110496, 113729, 116992, 128687, 142357, 154118, 159832, 166398, 167904, 171604]
15,31,[19184, 23693, 33167, 43798, 47805, 49977, 50308, 51351, 59887, 64980, 73622, 77790, 89515, 90036, 92146, 95099, 97029, 99490, 100856, 112637, 123862, 125434, 126822, 129220, 131536, 133506, 142349, 149852, 161771, 166699, 167115]
16,19,[133, 331, 345, 10039, 10685, 13698, 15041, 15758, 16008, 16554, 17510, 18704, 19876, 21663, 29246, 31027, 35099, 36713, 37846]
17,125,[2191, 39274, 42300, 44190, 46228, 46265, 48815, 55321, 55710, 57262, 57828, 57993, 58113, 58211, 58339, 58912, 59302, 60205, 60434, 62383, 62454, 64836, 64845, 64903, 64924, 64957, 65395, 65567, 66958, 71867, 73262, 74048, 74099, 74117, 74908, 75364, 76124, 82787, 83700, 85588, 85717, 86636, 86840, 89069, 89411, 89820, 89982, 91619, 92649, 92746, 103302, 103885, 113404, 113522, 117564, 119168, 120876, 121154, 122424, 122459, 124652, 124662, 124715, 124754, 124785, 125255, 127266, 127599, 127749, 132087, 132091, 139000, 139048, 139092, 139125, 144048, 146258, 146324, 146473, 146511, 147360, 153697, 157545, 157631, 157728, 157774, 157839, 158148, 158340, 158634, 158741, 158842, 159670, 160088, 160446, 160557, 162180, 162191, 163030, 163114, 165252, 165263, 165323, 165807, 167107, 169013, 169215, 171936, 172546, 174518, 177570, 183889, 185166, 195806, 203154, 208305, 208463, 208650, 208850, 209946, 214143, 215878, 216202, 216944, 217554]
18,34,[2856, 3794, 22975, 37527, 38842, 43995, 49450, 51441, 51529, 59729, 65499, 65852, 66671, 67786, 71350, 74220, 76918, 81293, 87574, 96401, 97583, 113886, 114182, 114196, 115117, 117974, 120366, 125266, 130222, 133403, 140565, 141643, 144254, 144355]
19,1,[19458]
20,7,[6756, 9101, 11358, 15811, 45588, 53835, 61521]
21,2,[27000, 31297]
22,8,[6064, 6065, 6076, 8210, 11841, 11849, 87732, 151832]
24,8,[4758, 13515, 14653, 19738, 19868, 33755, 39152, 42809]
25,39,[2779, 9399, 13457, 21491, 23509, 24317, 30065, 31266, 33932, 37004, 41977, 53584, 56247, 59985, 84260, 84928, 86374, 93694, 109023, 112023, 123237, 136412, 147604, 152931, 159471, 160970, 164810, 190068, 192610, 193777, 193904, 194980, 195291, 195848, 198544, 198668, 199093, 199603, 199802]
26,7,[7277, 9655, 11931, 16456, 46589, 54976, 62826]
27,15,[7403, 9775, 29818, 47349, 50545, 56655, 59790, 65848, 75416, 75952, 78475, 80182, 86219, 87381, 92679]
30,74,[18930, 19756, 26064, 26620, 26655, 26768, 27794, 27847, 29951, 90615, 127007, 132143, 178878, 183826, 183913, 185060, 221782, 293056, 294062, 341119, 341130, 346186, 363113, 462788, 464551, 466602, 478161, 498008, 502800, 506725, 507536, 511223, 513241, 517165, 519983, 520003, 525130, 535937, 539864, 539896, 550238, 550253, 550290, 550669, 551603, 553322, 553470, 553662, 558210, 559885, 559891, 562365, 563526, 569221, 569741, 574416, 581409, 582711, 583345, 587142, 588580, 588912, 593873, 597071, 597091, 597110, 597135, 598193, 602941, 603231, 612944, 615710, 631687, 632102]
9,1,[761]
10,74,[19024, 19850, 26158, 26714, 26749, 26862, 27888, 27941, 30045, 90722, 127118, 132255, 179001, 183958, 184045, 185192, 221932, 293213, 294219, 341278, 341289, 346345, 363276, 462959, 464722, 466773, 478329, 498177, 502969, 506894, 507705, 511392, 513410, 517337, 520155, 520175, 525302, 536112, 540039, 540071, 550416, 550431, 550468, 550847, 551781, 553500, 553648, 553840, 558388, 560063, 560069, 562543, 563704, 569401, 569921, 574596, 581589, 582891, 583525, 587327, 588765, 589097, 594064, 597262, 597282, 597301, 597326, 598384, 603138, 603428, 613173, 615949, 631962, 632377]
11,4,[961, 7839, 15186, 19614]
12,1,[17634]
14,27,[2425, 9115, 13430, 21939, 24159, 25004, 31099, 32393, 35257, 38409, 43747, 55908, 58645, 87929, 88594, 90085, 97789, 110496, 113729, 116992, 128687, 142357, 154118, 159832, 166398, 167904, 171604]
15,31,[19184, 23693, 33167, 43798, 47805, 49977, 50308, 51351, 59887, 64980, 73622, 77790, 89515, 90036, 92146, 95099, 97029, 99490, 100856, 112637, 123862, 125434, 126822, 129220, 131536, 133506, 142349, 149852, 161771, 166699, 167115]
16,19,[133, 331, 345, 10039, 10685, 13698, 15041, 15758, 16008, 16554, 17510, 18704, 19876, 21663, 29246, 31027, 35099, 36713, 37846]
17,125,[2191, 39274, 42300, 44190, 46228, 46265, 48815, 55321, 55710, 57262, 57828, 57993, 58113, 58211, 58339, 58912, 59302, 60205, 60434, 62383, 62454, 64836, 64845, 64903, 64924, 64957, 65395, 65567, 66958, 71867, 73262, 74048, 74099, 74117, 74908, 75364, 76124, 82787, 83700, 85588, 85717, 86636, 86840, 89069, 89411, 89820, 89982, 91619, 92649, 92746, 103302, 103885, 113404, 113522, 117564, 119168, 120876, 121154, 122424, 122459, 124652, 124662, 124715, 124754, 124785, 125255, 127266, 127599, 127749, 132087, 132091, 139000, 139048, 139092, 139125, 144048, 146258, 146324, 146473, 146511, 147360, 153697, 157545, 157631, 157728, 157774, 157839, 158148, 158340, 158634, 158741, 158842, 159670, 160088, 160446, 160557, 162180, 162191, 163030, 163114, 165252, 165263, 165323, 165807, 167107, 169013, 169215, 171936, 172546, 174518, 177570, 183889, 185166, 195806, 203154, 208305, 208463, 208650, 208850, 209946, 214143, 215878, 216202, 216944, 217554]
18,34,[2856, 3794, 22975, 37527, 38842, 43995, 49450, 51441, 51529, 59729, 65499, 65852, 66671, 67786, 71350, 74220, 76918, 81293, 87574, 96401, 97583, 113886, 114182, 114196, 115117, 117974, 120366, 125266, 130222, 133403, 140565, 141643, 144254, 144355]
19,1,[19458]
20,7,[6756, 9101, 11358, 15811, 45588, 53835, 61521]
21,2,[27000, 31297]
22,8,[6064, 6065, 6076, 8210, 11841, 11849, 87732, 151832]
24,8,[4758, 13515, 14653, 19738, 19868, 33755, 39152, 42809]
25,39,[2779, 9399, 13457, 21491, 23509, 24317, 30065, 31266, 33932, 37004, 41977, 53584, 56247, 59985, 84260, 84928, 86374, 93694, 109023, 112023, 123237, 136412, 147604, 152931, 159471, 160970, 164810, 190068, 192610, 193777, 193904, 194980, 195291, 195848, 198544, 198668, 199093, 199603, 199802]
26,7,[7277, 9655, 11931, 16456, 46589, 54976, 62826]
27,15,[7403, 9775, 29818, 47349, 50545, 56655, 59790, 65848, 75416, 75952, 78475, 80182, 86219, 87381, 92679]
30,74,[18930, 19756, 26064, 26620, 26655, 26768, 27794, 27847, 29951, 90615, 127007, 132143, 178878, 183826, 183913, 185060, 221782, 293056, 294062, 341119, 341130, 346186, 363113, 462788, 464551, 466602, 478161, 498008, 502800, 506725, 507536, 511223, 513241, 517165, 519983, 520003, 525130, 535937, 539864, 539896, 550238, 550253, 550290, 550669, 551603, 553322, 553470, 553662, 558210, 559885, 559891, 562365, 563526, 569221, 569741, 574416, 581409, 582711, 583345, 587142, 588580, 588912, 593873, 597071, 597091, 597110, 597135, 598193, 602941, 603231, 612944, 615710, 631687, 632102]
