9,2,[656, 2364]
14,253,[544, 3148, 3201, 4182, 5102, 6004, 6647, 6684, 7377, 8051, 8058, 9427, 10706, 11604, 12893, 13876, 14803, 15572, 16613, 17435, 18341, 19346, 20166, 20908, 20918, 21644, 22329, 23354, 24339, 25656, 25663, 26221, 27017, 28192, 28940, 29876, 30652, 31572, 32414, 33386, 34194, 34199, 34234, 34885, 35746, 36599, 37798, 38802, 39278, 39736, 39838, 40794, 41639, 42460, 43273, 44205, 45289, 46414, 47425, 48360, 49032, 49746, 50752, 51910, 53072, 54186, 55120, 56084, 56089, 56731, 57393, 58267, 59429, 60576, 61239, 62114, 62909, 64293, 65371, 66412, 67224, 68080, 69034, 69669, 70440, 71216, 71873, 72833, 73358, 74103, 74966, 74968, 75082, 75883, 76882, 77929, 77937, 79202, 80150, 81115, 82689, 83794, 84960, 86077, 87263, 88446, 89618, 90442, 91553, 92780, 93694, 94725, 95716, 96408, 97296, 98236, 98993, 100252, 101256, 102081, 103117, 103840, 103884, 104476, 105303, 105991, 106965, 107936, 109061, 109858, 110556, 111302, 111310, 111939, 112564, 113370, 114220, 114964, 115615, 116834, 117564, 118276, 118938, 118942, 119564, 120420, 121232, 121943, 122754, 123633, 124657, 125525, 126271, 127099, 128294, 129165, 130024, 130610, 130626, 130634, 131186, 131865, 132834, 133624, 134775, 134857, 136063, 137166, 137178, 138062, 139156, 140412, 141384, 141987, 143218, 144213, 144919, 145558, 146423, 147322, 148063, 148068, 148631, 149255, 149905, 150499, 151155, 151164, 151874, 152752, 153682, 154505, 155220, 155926, 156775, 157538, 158461, 158466, 159547, 160211, 161603, 163017, 164017, 164019, 164863, 166181, 166950, 167927, 168986, 170120, 171089, 172187, 172908, 173386, 174019, 175000, 175973, 176893, 176898, 177378, 177941, 178881, 179926, 181396, 182409, 183269, 183926, 184504, 185603, 186459, 187300, 189111, 189114, 190333, 191201, 192009, 192028, 192035, 192038, 192157, 192167, 192177, 193301, 193306, 194121, 194849, 194869, 195682, 195689, 195694, 195696, 195728, 195738]
18,295,[729, 744, 748, 755, 765, 775, 785, 804, 812, 819, 830, 3903, 11117, 11135, 29189, 30786, 37579, 37626, 39645, 40967, 41500, 41704, 41918, 43098, 52459, 58170, 60423, 60497, 60500, 60547, 60575, 61120, 62099, 62943, 71701, 75080, 75494, 75651, 76719, 78613, 79585, 79668, 79923, 79937, 80004, 80065, 80083, 80161, 80185, 80200, 80228, 80236, 80289, 80298, 80314, 80332, 80390, 80503, 80567, 80587, 80628, 80654, 80661, 80680, 80731, 80752, 80765, 80793, 80797, 80867, 80888, 80906, 80912, 80956, 80987, 81026, 81038, 81056, 81073, 81085, 81098, 81115, 81118, 81176, 81182, 81216, 81234, 81246, 81262, 81325, 81350, 81359, 81378, 81404, 81424, 81453, 81471, 81491, 81499, 81521, 81703, 81819, 82022, 82037, 82082, 82100, 82238, 82463, 82585, 82618, 82639, 82689, 82746, 82782, 82875, 82957, 83013, 83033, 83068, 83907, 83934, 84175, 84202, 84698, 84806, 84839, 85013, 85455, 85588, 85907, 85929, 93969, 94081, 95728, 95774, 104795, 104813, 107039, 107086, 107735, 107752, 108174, 109370, 109418, 109625, 109768, 110219, 110296, 110416, 110444, 110586, 110803, 110933, 110952, 112030, 112796, 113089, 113272, 113360, 113383, 113416, 114726, 114732, 115623, 115650, 115691, 115815, 115853, 115902, 115960, 116119, 116131, 116138, 116178, 116416, 116497, 116705, 116776, 116816, 116840, 116907, 116938, 116953, 117015, 117304, 117431, 117556, 117614, 117634, 117662, 117681, 117802, 117957, 118016, 118043, 118084, 118208, 118246, 118295, 118353, 118512, 118524, 118531, 118571, 118808, 118889, 119097, 119168, 119208, 119232, 119299, 119330, 119345, 119407, 119696, 119823, 119948, 120006, 120026, 120054, 120073, 120194, 120349, 120403, 120429, 120440, 120661, 120925, 120963, 121005, 121013, 121135, 121198, 121526, 121722, 121753, 121766, 121775, 121878, 123267, 123294, 123311, 123429, 123758, 123801, 123823, 123864, 123939, 123973, 124033, 124258, 124433, 124508, 124625, 124645, 124802, 124829, 124999, 125020, 125048, 125075, 125212, 125226, 125833, 126057, 126093, 126113, 126167, 126249, 126262, 126302, 126607, 127299, 128866, 128920, 128963, 129033, 129297, 129508, 129584, 129590, 129971, 130030, 130136, 130168, 130293, 130336, 130459, 130825, 130902, 130993, 131008, 132401, 145689, 147206]
22,6,[103826, 115119, 116783, 157082, 157088, 157174]
25,40,[6922, 8293, 20533, 24920, 32963, 32995, 38184, 53738, 71364, 71386, 71471, 74304, 99754, 106777, 113893, 125011, 125033, 128999, 131344, 142026, 144883, 151715, 157208, 169740, 181315, 183992, 183999, 184002, 184116, 184126, 184136, 185150, 186658, 186674, 186722, 187524, 187529, 187531, 187557, 187567]
9,2,[656, 2364]
14,253,[544, 3148, 3201, 4182, 5102, 6004, 6647, 6684, 7377, 8051, 8058, 9427, 10706, 11604, 12893, 13876, 14803, 15572, 16613, 17435, 18341, 19346, 20166, 20908, 20918, 21644, 22329, 23354, 24339, 25656, 25663, 26221, 27017, 28192, 28940, 29876, 30652, 31572, 32414, 33386, 34194, 34199, 34234, 34885, 35746, 36599, 37798, 38802, 39278, 39736, 39838, 40794, 41639, 42460, 43273, 44205, 45289, 46414, 47425, 48360, 49032, 49746, 50752, 51910, 53072, 54186, 55120, 56084, 56089, 56731, 57393, 58267, 59429, 60576, 61239, 62114, 62909, 64293, 65371, 66412, 67224, 68080, 69034, 69669, 70440, 71216, 71873, 72833, 73358, 74103, 74966, 74968, 75082, 75883, 76882, 77929, 77937, 79202, 80150, 81115, 82689, 83794, 84960, 86077, 87263, 88446, 89618, 90442, 91553, 92780, 93694, 94725, 95716, 96408, 97296, 98236, 98993, 100252, 101256, 102081, 103117, 103840, 103884, 104476, 105303, 105991, 106965, 107936, 109061, 109858, 110556, 111302, 111310, 111939, 112564, 113370, 114220, 114964, 115615, 116834, 117564, 118276, 118938, 118942, 119564, 120420, 121232, 121943, 122754, 123633, 124657, 125525, 126271, 127099, 128294, 129165, 130024, 130610, 130626, 130634, 131186, 131865, 132834, 133624, 134775, 134857, 136063, 137166, 137178, 138062, 139156, 140412, 141384, 141987, 143218, 144213, 144919, 145558, 146423, 147322, 148063, 148068, 148631, 149255, 149905, 150499, 151155, 151164, 151874, 152752, 153682, 154505, 155220, 155926, 156775, 157538, 158461, 158466, 159547, 160211, 161603, 163017, 164017, 164019, 164863, 166181, 166950, 167927, 168986, 170120, 171089, 172187, 172908, 173386, 174019, 175000, 175973, 176893, 176898, 177378, 177941, 178881, 179926, 181396, 182409, 183269, 183926, 184504, 185603, 186459, 187300, 189111, 189114, 190333, 191201, 192009, 192028, 192035, 192038, 192157, 192167, 192177, 193301, 193306, 194121, 194849, 194869, 195682, 195689, 195694, 195696, 195728, 195738]
18,295,[729, 744, 748, 755, 765, 775, 785, 804, 812, 819, 830, 3903, 11117, 11135, 29189, 30786, 37579, 37626, 39645, 40967, 41500, 41704, 41918, 43098, 52459, 58170, 60423, 60497, 60500, 60547, 60575, 61120, 62099, 62943, 71701, 75080, 75494, 75651, 76719, 78613, 79585, 79668, 79923, 79937, 80004, 80065, 80083, 80161, 80185, 80200, 80228, 80236, 80289, 80298, 80314, 80332, 80390, 80503, 80567, 80587, 80628, 80654, 80661, 80680, 80731, 80752, 80765, 80793, 80797, 80867, 80888, 80906, 80912, 80956, 80987, 81026, 81038, 81056, 81073, 81085, 81098, 81115, 81118, 81176, 81182, 81216, 81234, 81246, 81262, 81325, 81350, 81359, 81378, 81404, 81424, 81453, 81471, 81491, 81499, 81521, 81703, 81819, 82022, 82037, 82082, 82100, 82238, 82463, 82585, 82618, 82639, 82689, 82746, 82782, 82875, 82957, 83013, 83033, 83068, 83907, 83934, 84175, 84202, 84698, 84806, 84839, 85013, 85455, 85588, 85907, 85929, 93969, 94081, 95728, 95774, 104795, 104813, 107039, 107086, 107735, 107752, 108174, 109370, 109418, 109625, 109768, 110219, 110296, 110416, 110444, 110586, 110803, 110933, 110952, 112030, 112796, 113089, 113272, 113360, 113383, 113416, 114726, 114732, 115623, 115650, 115691, 115815, 115853, 115902, 115960, 116119, 116131, 116138, 116178, 116416, 116497, 116705, 116776, 116816, 116840, 116907, 116938, 116953, 117015, 117304, 117431, 117556, 117614, 117634, 117662, 117681, 117802, 117957, 118016, 118043, 118084, 118208, 118246, 118295, 118353, 118512, 118524, 118531, 118571, 118808, 118889, 119097, 119168, 119208, 119232, 119299, 119330, 119345, 119407, 119696, 119823, 119948, 120006, 120026, 120054, 120073, 120194, 120349, 120403, 120429, 120440, 120661, 120925, 120963, 121005, 121013, 121135, 121198, 121526, 121722, 121753, 121766, 121775, 121878, 123267, 123294, 123311, 123429, 123758, 123801, 123823, 123864, 123939, 123973, 124033, 124258, 124433, 124508, 124625, 124645, 124802, 124829, 124999, 125020, 125048, 125075, 125212, 125226, 125833, 126057, 126093, 126113, 126167, 126249, 126262, 126302, 126607, 127299, 128866, 128920, 128963, 129033, 129297, 129508, 129584, 129590, 129971, 130030, 130136, 130168, 130293, 130336, 130459, 130825, 130902, 130993, 131008, 132401, 145689, 147206]
22,6,[103826, 115119, 116783, 157082, 157088, 157174]
25,40,[6922, 8293, 20533, 24920, 32963, 32995, 38184, 53738, 71364, 71386, 71471, 74304, 99754, 106777, 113893, 125011, 125033, 128999, 131344, 142026, 144883, 151715, 157208, 169740, 181315, 183992, 183999, 184002, 184116, 184126, 184136, 185150, 186658, 186674, 186722, 187524, 187529, 187531, 187557, 187567]
