10,16,[565686, 583359, 601873, 612245, 612742, 613626, 614070, 615218, 616568, 617038, 617233, 617265, 617366, 618765, 626922, 630880]
15,1,[126582]
17,20,[5451, 6417, 12509, 12520, 13030, 14689, 75905, 104468, 118431, 118473, 155621, 213968, 217171, 217223, 217303, 217329, 217478, 217492, 217696, 217794]
22,2,[88731, 104237]
30,16,[565506, 583179, 601676, 612022, 612519, 613397, 613836, 614984, 616329, 616795, 616990, 617022, 617123, 618513, 626665, 630609]
10,16,[565686, 583359, 601873, 612245, 612742, 613626, 614070, 615218, 616568, 617038, 617233, 617265, 617366, 618765, 626922, 630880]
15,1,[126582]
17,20,[5451, 6417, 12509, 12520, 13030, 14689, 75905, 104468, 118431, 118473, 155621, 213968, 217171, 217223, 217303, 217329, 217478, 217492, 217696, 217794]
22,2,[88731, 104237]
30,16,[565506, 583179, 601676, 612022, 612519, 613397, 613836, 614984, 616329, 616795, 616990, 617022, 617123, 618513, 626665, 630609]
