10,2,[280187, 280306]
14,1,[187497]
15,1,[90564]
16,2,[532, 6663]
18,11,[46239, 51587, 52442, 52516, 52554, 52958, 52975, 56117, 61332, 68567, 146425]
21,1,[6447]
22,4,[125727, 126725, 126727, 126743]
23,2,[26277, 26398]
27,1,[73058]
30,2,[280032, 280151]
10,2,[280187, 280306]
14,1,[187497]
15,1,[90564]
16,2,[532, 6663]
18,11,[46239, 51587, 52442, 52516, 52554, 52958, 52975, 56117, 61332, 68567, 146425]
21,1,[6447]
22,4,[125727, 126725, 126727, 126743]
23,2,[26277, 26398]
27,1,[73058]
30,2,[280032, 280151]
