6,1,[234]
9,1,[1201]
10,4,[17763, 357054, 586442, 586444]
14,1,[189865]
15,10,[24588, 55791, 59108, 60088, 83542, 89534, 101484, 101871, 132360, 167220]
16,2,[15180, 30237]
18,92,[905, 2935, 3264, 3935, 5239, 5908, 6150, 7205, 7677, 7958, 8877, 17160, 18064, 18368, 21302, 21829, 22378, 22894, 23050, 23650, 24902, 26626, 27670, 31736, 33473, 36949, 37311, 39328, 39913, 40449, 40617, 40721, 43322, 47035, 47312, 47657, 48354, 52725, 53828, 54213, 57134, 57561, 58146, 58205, 59648, 63775, 69704, 69810, 71819, 72354, 72878, 72945, 73069, 74043, 77382, 77764, 81885, 82321, 82333, 82438, 85747, 87201, 87683, 88887, 89777, 92593, 93833, 95535, 96127, 97232, 98561, 101059, 101423, 105113, 105345, 106480, 106769, 116159, 117952, 118552, 120344, 120786, 122609, 122619, 122834, 124931, 128763, 132755, 134358, 143572, 148857, 148934]
20,5,[763, 27854, 39396, 47246, 48348]
21,1,[4530]
22,15,[18323, 20101, 20242, 49491, 49659, 66986, 67145, 67356, 71614, 120779, 127397, 127505, 129404, 129762, 155334]
23,9,[1424, 2662, 6600, 11577, 13721, 21015, 25296, 25555, 27305]
25,1,[182083]
26,5,[1129, 28683, 40338, 48248, 49363]
27,15,[4165, 6050, 9502, 13917, 16353, 31216, 32837, 33271, 39769, 47324, 69815, 88686, 96100, 97989, 106192]
30,4,[17669, 356894, 586257, 586259]
6,1,[234]
9,1,[1201]
10,4,[17763, 357054, 586442, 586444]
14,1,[189865]
15,10,[24588, 55791, 59108, 60088, 83542, 89534, 101484, 101871, 132360, 167220]
16,2,[15180, 30237]
18,92,[905, 2935, 3264, 3935, 5239, 5908, 6150, 7205, 7677, 7958, 8877, 17160, 18064, 18368, 21302, 21829, 22378, 22894, 23050, 23650, 24902, 26626, 27670, 31736, 33473, 36949, 37311, 39328, 39913, 40449, 40617, 40721, 43322, 47035, 47312, 47657, 48354, 52725, 53828, 54213, 57134, 57561, 58146, 58205, 59648, 63775, 69704, 69810, 71819, 72354, 72878, 72945, 73069, 74043, 77382, 77764, 81885, 82321, 82333, 82438, 85747, 87201, 87683, 88887, 89777, 92593, 93833, 95535, 96127, 97232, 98561, 101059, 101423, 105113, 105345, 106480, 106769, 116159, 117952, 118552, 120344, 120786, 122609, 122619, 122834, 124931, 128763, 132755, 134358, 143572, 148857, 148934]
20,5,[763, 27854, 39396, 47246, 48348]
21,1,[4530]
22,15,[18323, 20101, 20242, 49491, 49659, 66986, 67145, 67356, 71614, 120779, 127397, 127505, 129404, 129762, 155334]
23,9,[1424, 2662, 6600, 11577, 13721, 21015, 25296, 25555, 27305]
25,1,[182083]
26,5,[1129, 28683, 40338, 48248, 49363]
27,15,[4165, 6050, 9502, 13917, 16353, 31216, 32837, 33271, 39769, 47324, 69815, 88686, 96100, 97989, 106192]
30,4,[17669, 356894, 586257, 586259]
