10,7,[557825, 560575, 561809, 593824, 595818, 601539, 602910]
17,62,[7163, 15210, 23024, 23850, 27835, 29359, 29407, 29683, 37559, 38171, 52836, 55576, 59694, 59920, 60401, 66780, 66800, 66852, 73846, 73876, 76347, 79059, 79567, 79651, 79896, 83813, 94143, 103183, 108391, 114188, 117527, 117569, 117573, 117665, 117677, 124506, 124552, 128736, 129913, 129972, 136631, 140226, 140515, 142653, 142771, 143603, 143622, 146302, 147728, 149055, 149625, 161721, 164648, 167639, 168307, 169938, 171030, 171405, 182215, 187247, 214950, 217601]
18,33,[12874, 12990, 14146, 24969, 28570, 28680, 37210, 38574, 46755, 47339, 56061, 56304, 63831, 68914, 85294, 88312, 88766, 90747, 96557, 100345, 100936, 102308, 113899, 116367, 118760, 130185, 130768, 133539, 134192, 136961, 137149, 138899, 142441]
21,1,[8957]
22,9,[3563, 17778, 19521, 68955, 90788, 91409, 93696, 94076, 94101]
23,1,[8440]
28,1,[1179]
30,7,[557647, 560397, 561631, 593633, 595627, 601342, 602713]
10,7,[557825, 560575, 561809, 593824, 595818, 601539, 602910]
17,62,[7163, 15210, 23024, 23850, 27835, 29359, 29407, 29683, 37559, 38171, 52836, 55576, 59694, 59920, 60401, 66780, 66800, 66852, 73846, 73876, 76347, 79059, 79567, 79651, 79896, 83813, 94143, 103183, 108391, 114188, 117527, 117569, 117573, 117665, 117677, 124506, 124552, 128736, 129913, 129972, 136631, 140226, 140515, 142653, 142771, 143603, 143622, 146302, 147728, 149055, 149625, 161721, 164648, 167639, 168307, 169938, 171030, 171405, 182215, 187247, 214950, 217601]
18,33,[12874, 12990, 14146, 24969, 28570, 28680, 37210, 38574, 46755, 47339, 56061, 56304, 63831, 68914, 85294, 88312, 88766, 90747, 96557, 100345, 100936, 102308, 113899, 116367, 118760, 130185, 130768, 133539, 134192, 136961, 137149, 138899, 142441]
21,1,[8957]
22,9,[3563, 17778, 19521, 68955, 90788, 91409, 93696, 94076, 94101]
23,1,[8440]
28,1,[1179]
30,7,[557647, 560397, 561631, 593633, 595627, 601342, 602713]
