11,1,[17437]
12,6,[4068, 6299, 11769, 12302, 12820, 20420]
13,3,[986, 2195, 2858]
15,4,[22689, 50958, 123973, 157858]
16,14,[2074, 6109, 6585, 7764, 9528, 10165, 14383, 14537, 23030, 29368, 35677, 36230, 37654, 37695]
17,2,[61987, 80222]
18,12,[22589, 27029, 58767, 67965, 80407, 80694, 94153, 101874, 103898, 134953, 135368, 138383]
19,1,[19568]
24,4,[1141, 5254, 6035, 16331]
26,1,[8625]
27,1,[97827]
11,1,[17437]
12,6,[4068, 6299, 11769, 12302, 12820, 20420]
13,3,[986, 2195, 2858]
15,4,[22689, 50958, 123973, 157858]
16,14,[2074, 6109, 6585, 7764, 9528, 10165, 14383, 14537, 23030, 29368, 35677, 36230, 37654, 37695]
17,2,[61987, 80222]
18,12,[22589, 27029, 58767, 67965, 80407, 80694, 94153, 101874, 103898, 134953, 135368, 138383]
19,1,[19568]
24,4,[1141, 5254, 6035, 16331]
26,1,[8625]
27,1,[97827]
