11,1,[13416]
15,9,[21128, 37862, 82552, 92942, 103195, 103489, 103526, 106246, 106323]
16,2,[11376, 34054]
18,13,[41282, 49592, 63979, 64029, 72044, 79873, 131587, 137674, 139119, 139812, 140236, 141933, 147634]
20,2,[15218, 45476]
21,1,[4985]
22,17,[12, 4637, 41357, 53959, 58167, 72546, 73586, 81141, 81143, 81332, 81469, 81479, 81495, 81618, 132418, 132566, 147300]
23,3,[6455, 24904, 26914]
24,3,[21464, 21499, 21649]
26,2,[15851, 46476]
27,16,[10815, 20383, 24535, 26872, 26889, 27081, 31130, 35449, 37323, 46945, 64265, 70286, 78757, 81202, 99728, 106185]
28,1,[2141]
11,1,[13416]
15,9,[21128, 37862, 82552, 92942, 103195, 103489, 103526, 106246, 106323]
16,2,[11376, 34054]
18,13,[41282, 49592, 63979, 64029, 72044, 79873, 131587, 137674, 139119, 139812, 140236, 141933, 147634]
20,2,[15218, 45476]
21,1,[4985]
22,17,[12, 4637, 41357, 53959, 58167, 72546, 73586, 81141, 81143, 81332, 81469, 81479, 81495, 81618, 132418, 132566, 147300]
23,3,[6455, 24904, 26914]
24,3,[21464, 21499, 21649]
26,2,[15851, 46476]
27,16,[10815, 20383, 24535, 26872, 26889, 27081, 31130, 35449, 37323, 46945, 64265, 70286, 78757, 81202, 99728, 106185]
28,1,[2141]
