9,1,[721]
10,6,[78211, 246399, 248474, 270772, 273422, 281759]
13,1,[3311]
14,2,[1674, 2711]
15,5,[24773, 58989, 94643, 124521, 146441]
16,2,[16151, 36208]
17,1,[80362]
18,14,[6557, 12728, 37492, 51300, 58397, 62748, 63808, 63936, 68343, 69388, 90451, 139725, 141335, 144100]
21,4,[8334, 8962, 25985, 29668]
22,5,[72793, 74067, 81519, 82275, 82277]
23,3,[783, 9691, 21421]
24,2,[5832, 40140]
25,3,[1967, 1988, 3064]
26,5,[33759, 46649, 50484, 51053, 61450]
27,12,[14635, 28072, 29078, 33183, 34066, 38155, 45396, 52669, 79187, 80296, 80404, 98029]
28,1,[7319]
30,6,[78104, 246246, 248321, 270616, 273266, 281604]
9,1,[721]
10,6,[78211, 246399, 248474, 270772, 273422, 281759]
13,1,[3311]
14,2,[1674, 2711]
15,5,[24773, 58989, 94643, 124521, 146441]
16,2,[16151, 36208]
17,1,[80362]
18,14,[6557, 12728, 37492, 51300, 58397, 62748, 63808, 63936, 68343, 69388, 90451, 139725, 141335, 144100]
21,4,[8334, 8962, 25985, 29668]
22,5,[72793, 74067, 81519, 82275, 82277]
23,3,[783, 9691, 21421]
24,2,[5832, 40140]
25,3,[1967, 1988, 3064]
26,5,[33759, 46649, 50484, 51053, 61450]
27,12,[14635, 28072, 29078, 33183, 34066, 38155, 45396, 52669, 79187, 80296, 80404, 98029]
28,1,[7319]
30,6,[78104, 246246, 248321, 270616, 273266, 281604]
