14,4,[67852, 72914, 92863, 139978]
15,8,[2202, 60537, 82020, 88598, 116440, 128608, 129109, 138484]
17,1,[79773]
18,14,[12992, 16227, 22998, 25043, 38227, 42977, 47991, 52271, 71428, 81919, 91333, 94084, 106472, 139686]
21,1,[27500]
25,4,[64677, 69442, 88941, 134150]
27,2,[514, 109100]
14,4,[67852, 72914, 92863, 139978]
15,8,[2202, 60537, 82020, 88598, 116440, 128608, 129109, 138484]
17,1,[79773]
18,14,[12992, 16227, 22998, 25043, 38227, 42977, 47991, 52271, 71428, 81919, 91333, 94084, 106472, 139686]
21,1,[27500]
25,4,[64677, 69442, 88941, 134150]
27,2,[514, 109100]
