11,2,[8709, 11669]
12,2,[9170, 14945]
15,7,[9584, 50310, 71009, 102028, 109889, 119803, 139606]
16,4,[2298, 16992, 17609, 25601]
18,19,[2319, 31537, 32057, 39741, 43613, 68518, 83439, 85952, 94268, 97879, 99089, 110235, 112478, 113166, 113901, 130191, 142388, 143756, 145878]
21,2,[11633, 26271]
22,2,[4597, 11770]
23,6,[310, 1239, 4518, 5941, 8439, 22970]
25,3,[28911, 70516, 186029]
27,7,[26380, 29157, 48587, 66207, 66734, 104907, 108910]
11,2,[8709, 11669]
12,2,[9170, 14945]
15,7,[9584, 50310, 71009, 102028, 109889, 119803, 139606]
16,4,[2298, 16992, 17609, 25601]
18,19,[2319, 31537, 32057, 39741, 43613, 68518, 83439, 85952, 94268, 97879, 99089, 110235, 112478, 113166, 113901, 130191, 142388, 143756, 145878]
21,2,[11633, 26271]
22,2,[4597, 11770]
23,6,[310, 1239, 4518, 5941, 8439, 22970]
25,3,[28911, 70516, 186029]
27,7,[26380, 29157, 48587, 66207, 66734, 104907, 108910]
