15,3,[57217, 106273, 113126]
18,21,[55435, 72198, 74341, 80496, 80734, 85222, 85965, 102954, 105054, 106014, 109367, 112968, 113764, 115225, 123649, 123756, 124647, 124879, 129807, 132653, 138157]
21,1,[4167]
22,4,[11821, 62739, 104807, 105343]
23,1,[1381]
15,3,[57217, 106273, 113126]
18,21,[55435, 72198, 74341, 80496, 80734, 85222, 85965, 102954, 105054, 106014, 109367, 112968, 113764, 115225, 123649, 123756, 124647, 124879, 129807, 132653, 138157]
21,1,[4167]
22,4,[11821, 62739, 104807, 105343]
23,1,[1381]
