10,14,[124804, 127156, 302272, 303341, 303511, 325973, 397904, 398416, 406122, 428723, 428860, 479746, 514618, 569775]
15,2,[106206, 106251]
16,2,[19093, 19215]
17,5,[78129, 119622, 124057, 197944, 215819]
21,1,[4044]
22,11,[49700, 51416, 51442, 51625, 51651, 130364, 130553, 139559, 146465, 148149, 152726]
30,14,[124693, 127045, 302114, 303183, 303353, 325814, 397738, 398250, 405956, 428556, 428693, 479578, 514449, 569595]
10,14,[124804, 127156, 302272, 303341, 303511, 325973, 397904, 398416, 406122, 428723, 428860, 479746, 514618, 569775]
15,2,[106206, 106251]
16,2,[19093, 19215]
17,5,[78129, 119622, 124057, 197944, 215819]
21,1,[4044]
22,11,[49700, 51416, 51442, 51625, 51651, 130364, 130553, 139559, 146465, 148149, 152726]
30,14,[124693, 127045, 302114, 303183, 303353, 325814, 397738, 398250, 405956, 428556, 428693, 479578, 514449, 569595]
