10,275,[9414, 11793, 12087, 12261, 13645, 16505, 20745, 20845, 20858, 48657, 48686, 52759, 52803, 52804, 56675, 56693, 56758, 57092, 57869, 58089, 58537, 81443, 119151, 119605, 119818, 121266, 129073, 129145, 132052, 133471, 140706, 151017, 151152, 151238, 155031, 155061, 156633, 156670, 161342, 161611, 161625, 164314, 166779, 176219, 184397, 187781, 188654, 191501, 193893, 194434, 194681, 194917, 194932, 198294, 198316, 214235, 218488, 224106, 224154, 224629, 224637, 224681, 224729, 226299, 226682, 227569, 227575, 228000, 229583, 229588, 230761, 236386, 236398, 237842, 244214, 245377, 245397, 249733, 253182, 253223, 260151, 264628, 267464, 267811, 267963, 268182, 269447, 269451, 269741, 269745, 270230, 273633, 274736, 276460, 284102, 284134, 284168, 284343, 284380, 284458, 284618, 284647, 284651, 284676, 284963, 284997, 285030, 285075, 285091, 287678, 287737, 288172, 288177, 290989, 291069, 291094, 291134, 291140, 291145, 291158, 291165, 293375, 293410, 293515, 293543, 293979, 293987, 294092, 294413, 294616, 294727, 295051, 295101, 298494, 305939, 306806, 325832, 338679, 341359, 351168, 353049, 353667, 362678, 369671, 371969, 372947, 374380, 375411, 396734, 402962, 403755, 404204, 408176, 412035, 412079, 415414, 416303, 416768, 417420, 417469, 426611, 429966, 433666, 433724, 433922, 434119, 434884, 434972, 434984, 455347, 455434, 455450, 455461, 455491, 455495, 455505, 455514, 455527, 455535, 455568, 455575, 455615, 455649, 455655, 455665, 455682, 455752, 455767, 455811, 455840, 455861, 455869, 455880, 455881, 455892, 455963, 455973, 455974, 455987, 455992, 456082, 456156, 456240, 456274, 456287, 456304, 456373, 456388, 456401, 456505, 457657, 457750, 457753, 457835, 458490, 458508, 458548, 458562, 459864, 460016, 460054, 460062, 460081, 460087, 460104, 460218, 460245, 460253, 460261, 460268, 460275, 460343, 460375, 460541, 460742, 460753, 462108, 462111, 462114, 462130, 462133, 462136, 462152, 462155, 462158, 462173, 462176, 462179, 463939, 479141, 479205, 479250, 481245, 482770, 482827, 483190, 487619, 494423, 494429, 494433, 499598, 499602, 499618, 533898, 540422, 542311, 565845, 565968, 571294, 572642, 572732, 572748, 572760, 623204, 640743]
12,4,[18019, 18059, 18926, 19286]
14,3,[46195, 67371, 200374]
15,6,[1706, 81733, 117748, 117761, 159059, 167638]
17,19,[29099, 29115, 36765, 40559, 43096, 43400, 43406, 43441, 44201, 50859, 60967, 152452, 157331, 179008, 179012, 179028, 188565, 188569, 188585]
20,28,[9412, 9561, 10378, 14703, 14753, 14902, 15829, 17317, 19639, 19791, 19865, 21740, 23975, 24325, 24329, 36716, 38088, 44639, 49736, 50138, 51467, 52199, 52219, 57641, 57895, 65692, 66114, 66146]
21,3,[8750, 16887, 16918]
22,9,[9394, 31744, 34690, 34705, 46020, 46022, 47834, 106922, 113916]
23,9,[4671, 16322, 16338, 16358, 18919, 22111, 22890, 22921, 22931]
24,30,[8418, 11217, 11466, 11767, 12100, 15825, 15881, 15946, 15995, 16977, 17015, 17073, 17158, 19854, 24376, 27664, 33007, 33058, 33120, 33879, 35201, 37667, 38134, 38597, 40458, 40483, 40556, 41913, 44927, 44987]
25,3,[44327, 64263, 202719]
26,23,[9965, 10115, 10931, 15312, 15367, 15529, 16474, 17981, 20348, 20583, 24738, 25095, 25099, 39006, 50781, 51182, 52532, 53283, 53303, 58812, 67106, 67533, 67566]
27,53,[443, 1819, 1844, 1907, 7363, 16289, 16319, 16383, 16423, 16429, 20369, 20943, 27144, 32919, 33032, 37253, 37363, 41411, 48381, 56851, 57463, 57482, 57488, 57554, 57596, 57968, 60664, 61037, 63492, 63502, 68494, 70679, 70695, 70836, 71009, 72414, 72417, 74088, 74320, 74608, 75518, 78073, 78289, 81515, 82111, 83599, 93606, 100759, 100829, 100977, 105883, 105912, 107048]
30,275,[9320, 11699, 11993, 12167, 13551, 16411, 20651, 20751, 20764, 48559, 48588, 52661, 52705, 52706, 56576, 56594, 56659, 56993, 57770, 57990, 58438, 81336, 119040, 119494, 119707, 121155, 128961, 129033, 131940, 133359, 140594, 150904, 151039, 151125, 154918, 154948, 156520, 156557, 161228, 161497, 161511, 164191, 166656, 176096, 184265, 187649, 188522, 191369, 193761, 194302, 194549, 194785, 194800, 198162, 198184, 214093, 218348, 223956, 224004, 224479, 224487, 224531, 224579, 226149, 226532, 227419, 227425, 227850, 229433, 229438, 230611, 236236, 236248, 237692, 244061, 245224, 245244, 249580, 253029, 253070, 259995, 264472, 267308, 267655, 267807, 268026, 269291, 269295, 269585, 269589, 270074, 273477, 274580, 276304, 283946, 283978, 284012, 284187, 284224, 284302, 284462, 284491, 284495, 284520, 284807, 284841, 284874, 284919, 284935, 287522, 287581, 288016, 288021, 290833, 290913, 290938, 290978, 290984, 290989, 291002, 291009, 293218, 293253, 293358, 293386, 293822, 293830, 293935, 294256, 294459, 294570, 294894, 294944, 298336, 305781, 306648, 325673, 338520, 341200, 351009, 352890, 353508, 362518, 369508, 371806, 372784, 374217, 375248, 396568, 402796, 403589, 404038, 408010, 411869, 411913, 415248, 416137, 416602, 417254, 417303, 426445, 429799, 433496, 433554, 433752, 433949, 434714, 434802, 434814, 455177, 455264, 455280, 455291, 455321, 455325, 455335, 455344, 455357, 455365, 455398, 455405, 455445, 455479, 455485, 455495, 455512, 455582, 455597, 455641, 455670, 455691, 455699, 455710, 455711, 455722, 455793, 455803, 455804, 455817, 455822, 455912, 455986, 456070, 456104, 456117, 456134, 456203, 456218, 456231, 456335, 457487, 457580, 457583, 457665, 458320, 458338, 458378, 458392, 459694, 459846, 459884, 459892, 459911, 459917, 459934, 460048, 460075, 460083, 460091, 460098, 460105, 460173, 460205, 460371, 460572, 460583, 461938, 461941, 461944, 461960, 461963, 461966, 461982, 461985, 461988, 462003, 462006, 462009, 463768, 478973, 479037, 479082, 481078, 482605, 482662, 483025, 487457, 494263, 494269, 494273, 499429, 499433, 499449, 533723, 540247, 542136, 565665, 565788, 571114, 572462, 572552, 572568, 572580, 622952, 640468]
10,275,[9414, 11793, 12087, 12261, 13645, 16505, 20745, 20845, 20858, 48657, 48686, 52759, 52803, 52804, 56675, 56693, 56758, 57092, 57869, 58089, 58537, 81443, 119151, 119605, 119818, 121266, 129073, 129145, 132052, 133471, 140706, 151017, 151152, 151238, 155031, 155061, 156633, 156670, 161342, 161611, 161625, 164314, 166779, 176219, 184397, 187781, 188654, 191501, 193893, 194434, 194681, 194917, 194932, 198294, 198316, 214235, 218488, 224106, 224154, 224629, 224637, 224681, 224729, 226299, 226682, 227569, 227575, 228000, 229583, 229588, 230761, 236386, 236398, 237842, 244214, 245377, 245397, 249733, 253182, 253223, 260151, 264628, 267464, 267811, 267963, 268182, 269447, 269451, 269741, 269745, 270230, 273633, 274736, 276460, 284102, 284134, 284168, 284343, 284380, 284458, 284618, 284647, 284651, 284676, 284963, 284997, 285030, 285075, 285091, 287678, 287737, 288172, 288177, 290989, 291069, 291094, 291134, 291140, 291145, 291158, 291165, 293375, 293410, 293515, 293543, 293979, 293987, 294092, 294413, 294616, 294727, 295051, 295101, 298494, 305939, 306806, 325832, 338679, 341359, 351168, 353049, 353667, 362678, 369671, 371969, 372947, 374380, 375411, 396734, 402962, 403755, 404204, 408176, 412035, 412079, 415414, 416303, 416768, 417420, 417469, 426611, 429966, 433666, 433724, 433922, 434119, 434884, 434972, 434984, 455347, 455434, 455450, 455461, 455491, 455495, 455505, 455514, 455527, 455535, 455568, 455575, 455615, 455649, 455655, 455665, 455682, 455752, 455767, 455811, 455840, 455861, 455869, 455880, 455881, 455892, 455963, 455973, 455974, 455987, 455992, 456082, 456156, 456240, 456274, 456287, 456304, 456373, 456388, 456401, 456505, 457657, 457750, 457753, 457835, 458490, 458508, 458548, 458562, 459864, 460016, 460054, 460062, 460081, 460087, 460104, 460218, 460245, 460253, 460261, 460268, 460275, 460343, 460375, 460541, 460742, 460753, 462108, 462111, 462114, 462130, 462133, 462136, 462152, 462155, 462158, 462173, 462176, 462179, 463939, 479141, 479205, 479250, 481245, 482770, 482827, 483190, 487619, 494423, 494429, 494433, 499598, 499602, 499618, 533898, 540422, 542311, 565845, 565968, 571294, 572642, 572732, 572748, 572760, 623204, 640743]
12,4,[18019, 18059, 18926, 19286]
14,3,[46195, 67371, 200374]
15,6,[1706, 81733, 117748, 117761, 159059, 167638]
17,19,[29099, 29115, 36765, 40559, 43096, 43400, 43406, 43441, 44201, 50859, 60967, 152452, 157331, 179008, 179012, 179028, 188565, 188569, 188585]
20,28,[9412, 9561, 10378, 14703, 14753, 14902, 15829, 17317, 19639, 19791, 19865, 21740, 23975, 24325, 24329, 36716, 38088, 44639, 49736, 50138, 51467, 52199, 52219, 57641, 57895, 65692, 66114, 66146]
21,3,[8750, 16887, 16918]
22,9,[9394, 31744, 34690, 34705, 46020, 46022, 47834, 106922, 113916]
23,9,[4671, 16322, 16338, 16358, 18919, 22111, 22890, 22921, 22931]
24,30,[8418, 11217, 11466, 11767, 12100, 15825, 15881, 15946, 15995, 16977, 17015, 17073, 17158, 19854, 24376, 27664, 33007, 33058, 33120, 33879, 35201, 37667, 38134, 38597, 40458, 40483, 40556, 41913, 44927, 44987]
25,3,[44327, 64263, 202719]
26,23,[9965, 10115, 10931, 15312, 15367, 15529, 16474, 17981, 20348, 20583, 24738, 25095, 25099, 39006, 50781, 51182, 52532, 53283, 53303, 58812, 67106, 67533, 67566]
27,53,[443, 1819, 1844, 1907, 7363, 16289, 16319, 16383, 16423, 16429, 20369, 20943, 27144, 32919, 33032, 37253, 37363, 41411, 48381, 56851, 57463, 57482, 57488, 57554, 57596, 57968, 60664, 61037, 63492, 63502, 68494, 70679, 70695, 70836, 71009, 72414, 72417, 74088, 74320, 74608, 75518, 78073, 78289, 81515, 82111, 83599, 93606, 100759, 100829, 100977, 105883, 105912, 107048]
30,275,[9320, 11699, 11993, 12167, 13551, 16411, 20651, 20751, 20764, 48559, 48588, 52661, 52705, 52706, 56576, 56594, 56659, 56993, 57770, 57990, 58438, 81336, 119040, 119494, 119707, 121155, 128961, 129033, 131940, 133359, 140594, 150904, 151039, 151125, 154918, 154948, 156520, 156557, 161228, 161497, 161511, 164191, 166656, 176096, 184265, 187649, 188522, 191369, 193761, 194302, 194549, 194785, 194800, 198162, 198184, 214093, 218348, 223956, 224004, 224479, 224487, 224531, 224579, 226149, 226532, 227419, 227425, 227850, 229433, 229438, 230611, 236236, 236248, 237692, 244061, 245224, 245244, 249580, 253029, 253070, 259995, 264472, 267308, 267655, 267807, 268026, 269291, 269295, 269585, 269589, 270074, 273477, 274580, 276304, 283946, 283978, 284012, 284187, 284224, 284302, 284462, 284491, 284495, 284520, 284807, 284841, 284874, 284919, 284935, 287522, 287581, 288016, 288021, 290833, 290913, 290938, 290978, 290984, 290989, 291002, 291009, 293218, 293253, 293358, 293386, 293822, 293830, 293935, 294256, 294459, 294570, 294894, 294944, 298336, 305781, 306648, 325673, 338520, 341200, 351009, 352890, 353508, 362518, 369508, 371806, 372784, 374217, 375248, 396568, 402796, 403589, 404038, 408010, 411869, 411913, 415248, 416137, 416602, 417254, 417303, 426445, 429799, 433496, 433554, 433752, 433949, 434714, 434802, 434814, 455177, 455264, 455280, 455291, 455321, 455325, 455335, 455344, 455357, 455365, 455398, 455405, 455445, 455479, 455485, 455495, 455512, 455582, 455597, 455641, 455670, 455691, 455699, 455710, 455711, 455722, 455793, 455803, 455804, 455817, 455822, 455912, 455986, 456070, 456104, 456117, 456134, 456203, 456218, 456231, 456335, 457487, 457580, 457583, 457665, 458320, 458338, 458378, 458392, 459694, 459846, 459884, 459892, 459911, 459917, 459934, 460048, 460075, 460083, 460091, 460098, 460105, 460173, 460205, 460371, 460572, 460583, 461938, 461941, 461944, 461960, 461963, 461966, 461982, 461985, 461988, 462003, 462006, 462009, 463768, 478973, 479037, 479082, 481078, 482605, 482662, 483025, 487457, 494263, 494269, 494273, 499429, 499433, 499449, 533723, 540247, 542136, 565665, 565788, 571114, 572462, 572552, 572568, 572580, 622952, 640468]
