6,1,[671]
10,165,[3553, 19130, 21008, 25405, 30707, 30722, 33209, 34286, 34388, 37010, 41677, 41711, 41980, 42200, 42225, 45867, 62842, 71396, 71411, 74224, 75163, 75204, 75375, 75541, 85155, 86212, 87175, 92904, 93422, 94279, 107724, 112854, 114598, 123366, 123566, 123588, 125214, 125244, 125955, 126437, 160414, 165537, 184215, 189497, 214985, 222322, 236034, 246677, 248337, 251019, 268078, 275828, 282867, 283692, 286787, 291278, 292843, 294321, 295811, 300547, 304693, 307891, 309833, 316104, 319521, 321830, 323085, 332886, 334856, 334940, 336195, 355232, 357618, 357686, 362435, 367941, 368312, 377753, 380401, 382155, 385454, 387428, 387589, 387595, 388184, 389713, 390748, 392531, 394757, 396053, 397043, 398591, 399053, 405791, 409971, 411206, 411286, 413035, 418169, 422944, 423129, 425173, 435340, 438364, 438390, 441572, 441776, 443102, 443109, 443130, 443146, 444633, 447954, 451419, 452839, 453663, 454957, 463971, 474055, 474269, 476125, 476400, 476619, 476628, 477083, 477296, 483151, 483680, 483845, 483894, 485609, 486335, 486475, 487841, 487845, 488375, 488607, 488640, 488671, 493007, 493053, 494172, 497317, 499231, 499652, 503954, 503961, 503985, 503997, 504220, 511579, 512363, 525423, 530592, 533544, 533549, 540656, 552883, 557871, 560100, 606042, 637496, 638099, 639715, 640066]
11,1,[21042]
15,4,[2241, 53791, 93309, 110059]
16,2,[10837, 25313]
17,60,[2745, 11218, 13212, 17902, 19234, 34987, 35359, 42543, 48279, 51431, 55945, 61244, 63649, 65681, 70079, 71283, 73232, 73426, 73518, 76677, 87254, 99520, 99574, 110005, 110249, 114391, 126151, 130380, 145421, 147280, 150426, 150529, 159124, 169135, 169419, 169520, 169577, 169589, 171631, 172635, 172993, 175422, 178620, 179062, 180036, 183811, 184193, 184285, 184662, 185755, 185913, 185920, 192689, 193250, 193680, 195910, 200164, 203888, 211996, 212462]
18,1,[6630]
19,1,[16881]
20,4,[35830, 36383, 51473, 56226]
22,16,[10433, 27062, 27091, 34504, 34512, 34564, 35819, 39523, 64826, 74438, 77061, 103422, 104467, 112847, 120606, 122471]
23,1,[2506]
27,4,[39477, 67608, 68316, 74555]
30,165,[3459, 19036, 20914, 25311, 30613, 30628, 33111, 34188, 34290, 36912, 41579, 41613, 41882, 42102, 42127, 45769, 62739, 71293, 71308, 74121, 75060, 75101, 75272, 75438, 85048, 86105, 87068, 92797, 93315, 94172, 107613, 112743, 114487, 123255, 123455, 123477, 125103, 125133, 125844, 126326, 160300, 165414, 184083, 189365, 214843, 222172, 235884, 246524, 248184, 250866, 267922, 275672, 282712, 283536, 286631, 291122, 292686, 294164, 295654, 300389, 304535, 307733, 309675, 315945, 319362, 321671, 322926, 332727, 334697, 334781, 336036, 355073, 357458, 357526, 362275, 367778, 368149, 377590, 380238, 381992, 385291, 387265, 387426, 387432, 388021, 389550, 390585, 392368, 394591, 395887, 396877, 398425, 398887, 405625, 409805, 411040, 411120, 412869, 418003, 422778, 422963, 425007, 435170, 438194, 438220, 441402, 441606, 442932, 442939, 442960, 442976, 444463, 447784, 451249, 452669, 453493, 454787, 463800, 473885, 474099, 475956, 476231, 476450, 476459, 476914, 477127, 482986, 483515, 483680, 483729, 485445, 486172, 486312, 487679, 487683, 488213, 488445, 488478, 488509, 492847, 492893, 494012, 497148, 499062, 499483, 503785, 503792, 503816, 503828, 504051, 511410, 512194, 525251, 530417, 533369, 533374, 540481, 552705, 557693, 559922, 605835, 637221, 637824, 639440, 639791]
6,1,[671]
10,165,[3553, 19130, 21008, 25405, 30707, 30722, 33209, 34286, 34388, 37010, 41677, 41711, 41980, 42200, 42225, 45867, 62842, 71396, 71411, 74224, 75163, 75204, 75375, 75541, 85155, 86212, 87175, 92904, 93422, 94279, 107724, 112854, 114598, 123366, 123566, 123588, 125214, 125244, 125955, 126437, 160414, 165537, 184215, 189497, 214985, 222322, 236034, 246677, 248337, 251019, 268078, 275828, 282867, 283692, 286787, 291278, 292843, 294321, 295811, 300547, 304693, 307891, 309833, 316104, 319521, 321830, 323085, 332886, 334856, 334940, 336195, 355232, 357618, 357686, 362435, 367941, 368312, 377753, 380401, 382155, 385454, 387428, 387589, 387595, 388184, 389713, 390748, 392531, 394757, 396053, 397043, 398591, 399053, 405791, 409971, 411206, 411286, 413035, 418169, 422944, 423129, 425173, 435340, 438364, 438390, 441572, 441776, 443102, 443109, 443130, 443146, 444633, 447954, 451419, 452839, 453663, 454957, 463971, 474055, 474269, 476125, 476400, 476619, 476628, 477083, 477296, 483151, 483680, 483845, 483894, 485609, 486335, 486475, 487841, 487845, 488375, 488607, 488640, 488671, 493007, 493053, 494172, 497317, 499231, 499652, 503954, 503961, 503985, 503997, 504220, 511579, 512363, 525423, 530592, 533544, 533549, 540656, 552883, 557871, 560100, 606042, 637496, 638099, 639715, 640066]
11,1,[21042]
15,4,[2241, 53791, 93309, 110059]
16,2,[10837, 25313]
17,60,[2745, 11218, 13212, 17902, 19234, 34987, 35359, 42543, 48279, 51431, 55945, 61244, 63649, 65681, 70079, 71283, 73232, 73426, 73518, 76677, 87254, 99520, 99574, 110005, 110249, 114391, 126151, 130380, 145421, 147280, 150426, 150529, 159124, 169135, 169419, 169520, 169577, 169589, 171631, 172635, 172993, 175422, 178620, 179062, 180036, 183811, 184193, 184285, 184662, 185755, 185913, 185920, 192689, 193250, 193680, 195910, 200164, 203888, 211996, 212462]
18,1,[6630]
19,1,[16881]
20,4,[35830, 36383, 51473, 56226]
22,16,[10433, 27062, 27091, 34504, 34512, 34564, 35819, 39523, 64826, 74438, 77061, 103422, 104467, 112847, 120606, 122471]
23,1,[2506]
27,4,[39477, 67608, 68316, 74555]
30,165,[3459, 19036, 20914, 25311, 30613, 30628, 33111, 34188, 34290, 36912, 41579, 41613, 41882, 42102, 42127, 45769, 62739, 71293, 71308, 74121, 75060, 75101, 75272, 75438, 85048, 86105, 87068, 92797, 93315, 94172, 107613, 112743, 114487, 123255, 123455, 123477, 125103, 125133, 125844, 126326, 160300, 165414, 184083, 189365, 214843, 222172, 235884, 246524, 248184, 250866, 267922, 275672, 282712, 283536, 286631, 291122, 292686, 294164, 295654, 300389, 304535, 307733, 309675, 315945, 319362, 321671, 322926, 332727, 334697, 334781, 336036, 355073, 357458, 357526, 362275, 367778, 368149, 377590, 380238, 381992, 385291, 387265, 387426, 387432, 388021, 389550, 390585, 392368, 394591, 395887, 396877, 398425, 398887, 405625, 409805, 411040, 411120, 412869, 418003, 422778, 422963, 425007, 435170, 438194, 438220, 441402, 441606, 442932, 442939, 442960, 442976, 444463, 447784, 451249, 452669, 453493, 454787, 463800, 473885, 474099, 475956, 476231, 476450, 476459, 476914, 477127, 482986, 483515, 483680, 483729, 485445, 486172, 486312, 487679, 487683, 488213, 488445, 488478, 488509, 492847, 492893, 494012, 497148, 499062, 499483, 503785, 503792, 503816, 503828, 504051, 511410, 512194, 525251, 530417, 533369, 533374, 540481, 552705, 557693, 559922, 605835, 637221, 637824, 639440, 639791]
