10,11,[484, 30891, 90254, 214244, 214297, 266204, 376748, 376999, 512321, 575543, 613139]
15,3,[7951, 18258, 55091]
16,1,[21636]
17,4,[75270, 135423, 157543, 212529]
18,2,[39815, 78941]
19,4,[2285, 22268, 22863, 22941]
22,14,[10198, 10216, 10613, 54920, 55476, 71884, 95853, 98420, 98976, 104421, 114239, 133108, 144515, 148581]
23,1,[24655]
24,4,[1335, 26685, 34094, 40327]
26,1,[18593]
27,5,[39222, 64540, 91002, 101503, 102395]
28,1,[10229]
30,11,[391, 30797, 90147, 214102, 214155, 266048, 376585, 376836, 512152, 575363, 612910]
10,11,[484, 30891, 90254, 214244, 214297, 266204, 376748, 376999, 512321, 575543, 613139]
15,3,[7951, 18258, 55091]
16,1,[21636]
17,4,[75270, 135423, 157543, 212529]
18,2,[39815, 78941]
19,4,[2285, 22268, 22863, 22941]
22,14,[10198, 10216, 10613, 54920, 55476, 71884, 95853, 98420, 98976, 104421, 114239, 133108, 144515, 148581]
23,1,[24655]
24,4,[1335, 26685, 34094, 40327]
26,1,[18593]
27,5,[39222, 64540, 91002, 101503, 102395]
28,1,[10229]
30,11,[391, 30797, 90147, 214102, 214155, 266048, 376585, 376836, 512152, 575363, 612910]
