9,1,[925]
10,118,[6101, 9760, 11406, 18403, 20446, 20574, 25913, 27771, 28460, 32006, 34237, 34365, 35496, 38153, 38384, 39223, 40570, 43972, 52274, 67753, 67791, 68010, 68014, 68055, 83310, 88241, 89179, 90948, 91415, 94987, 95507, 98574, 106241, 107414, 109367, 111142, 111563, 116734, 123656, 127463, 129367, 132183, 139085, 141831, 148867, 153955, 153993, 157342, 160957, 166665, 170898, 175531, 176386, 177495, 178223, 196050, 199411, 199641, 201264, 210370, 211700, 211996, 214113, 214210, 215586, 215671, 220981, 224483, 261441, 288545, 339905, 346197, 346199, 346229, 346236, 347178, 350713, 350718, 351133, 353083, 357697, 361944, 362794, 372122, 375696, 375992, 380341, 384244, 395439, 400271, 403727, 421044, 422001, 423505, 423532, 428739, 431050, 431182, 435285, 443302, 465076, 477336, 488648, 491288, 497578, 504890, 506212, 519887, 521344, 531206, 536087, 540581, 568252, 571326, 580203, 583785, 599681, 624778]
11,46,[78, 277, 726, 943, 1071, 1093, 1675, 1972, 2296, 3329, 3431, 3559, 3827, 4777, 5008, 5023, 5197, 5414, 5568, 5603, 6249, 6515, 7531, 7857, 8395, 8735, 8804, 8860, 8867, 9311, 9507, 9796, 9983, 10003, 10798, 10802, 11494, 12979, 13287, 13598, 16880, 17929, 18632, 19081, 19141, 20782]
12,51,[595, 1372, 1522, 1554, 1565, 1679, 2076, 2267, 2474, 2961, 3078, 3423, 3507, 4459, 4752, 4784, 5456, 5940, 7005, 7020, 7406, 8197, 8625, 9378, 9516, 9685, 9986, 11543, 12035, 12079, 13243, 13479, 14556, 15155, 15311, 15348, 16249, 16930, 17158, 17163, 17237, 17406, 17965, 18186, 18248, 18979, 19150, 19353, 19545, 21909, 22677]
15,95,[3392, 3418, 3583, 3655, 4134, 4392, 5448, 6940, 7215, 9090, 10352, 10425, 10629, 11744, 18148, 20031, 21663, 22504, 27925, 28411, 28540, 28544, 28604, 28785, 29749, 30256, 30976, 32494, 32505, 44655, 47044, 47171, 65433, 76633, 79936, 80199, 81168, 81675, 90373, 91282, 91579, 91628, 92131, 92144, 92224, 92307, 92893, 97608, 98326, 98595, 99463, 99513, 99594, 99881, 100258, 100405, 100547, 100661, 101006, 102332, 103818, 108452, 113100, 114464, 121455, 123705, 123769, 123789, 123801, 124261, 124305, 124386, 132252, 133225, 133282, 134154, 134556, 135048, 136866, 136872, 143086, 143095, 143176, 143902, 144454, 144458, 145047, 145133, 154038, 154248, 154265, 155995, 157326, 159098, 159854]
16,42,[289, 2120, 2196, 2732, 2781, 3624, 3851, 4893, 5465, 5532, 5882, 7275, 8760, 9058, 9166, 10707, 12646, 13980, 14325, 15108, 17365, 20783, 20958, 21289, 21669, 23666, 23945, 24026, 24088, 24189, 24293, 24373, 25651, 25787, 25792, 27928, 28080, 29579, 33365, 33826, 34342, 36700]
17,59,[125, 14455, 20453, 20461, 38980, 39237, 40076, 45389, 47391, 70547, 75407, 75424, 91867, 92214, 92246, 107070, 107231, 110167, 110197, 113097, 116381, 116399, 116420, 130762, 133120, 133239, 142750, 146933, 155747, 156077, 156099, 156509, 156620, 157139, 157578, 157586, 166730, 168010, 177705, 189576, 189986, 191101, 191189, 192697, 193488, 193717, 195123, 197350, 197985, 198237, 199677, 205666, 205738, 205744, 207896, 207928, 207966, 208732, 212536]
18,6,[4756, 7390, 48665, 107397, 122471, 129752]
19,1,[7975]
20,2,[37088, 62411]
21,23,[6653, 8615, 10101, 14870, 15093, 17504, 17815, 17863, 17941, 18156, 18428, 18640, 19051, 19221, 20385, 22259, 22793, 24697, 25321, 26153, 26710, 31859, 33527]
22,190,[5327, 5703, 6371, 6447, 6818, 9089, 9493, 9497, 9656, 9659, 9795, 10404, 10411, 10418, 10431, 11471, 11482, 16882, 17486, 19278, 22326, 24205, 24216, 25123, 27365, 31467, 35660, 35662, 35810, 37321, 38524, 38532, 38534, 38536, 38677, 38678, 38680, 38703, 38712, 38725, 38738, 38921, 39217, 39297, 39632, 39665, 39676, 39680, 39816, 39890, 40555, 40558, 40581, 40622, 40625, 40628, 40631, 40645, 41044, 41382, 41734, 41859, 41975, 42262, 49255, 49259, 56960, 56966, 58364, 58366, 58893, 61273, 61646, 65029, 65040, 65062, 65336, 65846, 65868, 65893, 67143, 67911, 70320, 70393, 71419, 74434, 74436, 75535, 75642, 75644, 75646, 75648, 77063, 77088, 77954, 88096, 88100, 88125, 90087, 95686, 96413, 97205, 97207, 97209, 97212, 97214, 99432, 99434, 99437, 99492, 99543, 99561, 99674, 99682, 99887, 99905, 101494, 102175, 102181, 103239, 103431, 103446, 103751, 105229, 105235, 105241, 106183, 106245, 108650, 112323, 112458, 112724, 112863, 112892, 112895, 112927, 113425, 113432, 113438, 113511, 113514, 113517, 113955, 114434, 114436, 114438, 114440, 114442, 114539, 114546, 115374, 117652, 117654, 118447, 118485, 118523, 120600, 120622, 120634, 120697, 120722, 120724, 120730, 120734, 120796, 120921, 121686, 121689, 122472, 122553, 122760, 125311, 125677, 125762, 126147, 128217, 128220, 128623, 130993, 131548, 142371, 144032, 146058, 146595, 147658, 152334, 156171, 156262, 157835, 158398]
23,51,[3896, 3929, 4921, 6476, 6820, 8302, 8962, 9458, 11703, 12218, 12244, 12650, 15794, 15901, 16097, 16328, 16841, 16846, 17606, 17608, 17676, 17693, 17756, 18075, 18097, 18151, 18482, 19253, 19386, 19814, 19834, 22402, 23264, 23766, 24243, 24259, 24273, 24288, 25030, 25130, 25255, 26093, 26473, 26668, 27004, 27625, 27641, 27805, 28935, 28952, 29013]
24,96,[810, 1282, 1318, 1321, 1468, 2039, 2043, 2047, 2571, 2576, 3911, 5090, 5365, 5706, 6917, 6970, 7361, 7774, 7792, 7886, 7920, 8118, 8341, 8760, 8997, 9164, 10262, 11860, 12159, 12294, 13422, 13853, 14021, 15364, 15367, 15429, 16128, 16355, 16759, 16882, 17950, 18035, 18586, 21294, 22378, 22458, 22807, 23233, 23259, 23336, 23709, 23772, 23785, 23803, 23840, 24133, 24665, 24669, 25146, 25446, 25893, 26045, 26256, 26301, 26370, 26388, 26440, 28072, 28264, 28401, 28426, 28644, 28739, 30867, 31166, 31329, 31556, 32244, 33155, 33188, 33309, 34186, 37971, 38072, 38742, 39163, 39952, 40524, 40635, 40651, 40684, 42129, 42209, 43206, 43217, 44031]
25,1,[148870]
26,7,[76, 94, 149, 189, 219, 38003, 63749]
27,103,[403, 4277, 5929, 6506, 8775, 9099, 11150, 12731, 12862, 13172, 13686, 13933, 14147, 16925, 17268, 17924, 20289, 20995, 23850, 23903, 24670, 25652, 25669, 27813, 28234, 36812, 37101, 37228, 37239, 37646, 39992, 40987, 41656, 41836, 44405, 46615, 46755, 47276, 47485, 48851, 50204, 51647, 52069, 52304, 53454, 54365, 54693, 54784, 55394, 57275, 57738, 57753, 59691, 59873, 60127, 62668, 66391, 69050, 69266, 70480, 70770, 71539, 72522, 73401, 74484, 74563, 77176, 79333, 81838, 82587, 82963, 84082, 84188, 87055, 87437, 87570, 88815, 90393, 91167, 91886, 91908, 92807, 94240, 94505, 95034, 96995, 97029, 98126, 99022, 99284, 99493, 99998, 100038, 101699, 102178, 102368, 102524, 106692, 107333, 107344, 108394, 108823, 109478]
28,13,[5658, 5672, 6102, 6247, 7166, 8429, 8745, 9204, 9409, 10877, 11233, 11262, 11706]
30,118,[6007, 9666, 11312, 18309, 20352, 20480, 25819, 27677, 28366, 31908, 34139, 34267, 35398, 38055, 38286, 39125, 40472, 43874, 52176, 67650, 67688, 67907, 67911, 67952, 83203, 88134, 89072, 90841, 91308, 94880, 95400, 98467, 106130, 107303, 109256, 111031, 111452, 116623, 123545, 127352, 129255, 132071, 138973, 141719, 148754, 153842, 153880, 157229, 160843, 166542, 170775, 175408, 176263, 177372, 178100, 195918, 199269, 199499, 201122, 210228, 211558, 211854, 213971, 214068, 215444, 215529, 220831, 224333, 261285, 288389, 339746, 346038, 346040, 346070, 346077, 347019, 350554, 350559, 350974, 352924, 357537, 361784, 362634, 371959, 375533, 375829, 380178, 384081, 395273, 400105, 403561, 420878, 421835, 423339, 423366, 428572, 430880, 431012, 435115, 443132, 464905, 477167, 488486, 491128, 497409, 504721, 506043, 519715, 521172, 531031, 535912, 540406, 568072, 571146, 580023, 583605, 599484, 624524]
9,1,[925]
10,118,[6101, 9760, 11406, 18403, 20446, 20574, 25913, 27771, 28460, 32006, 34237, 34365, 35496, 38153, 38384, 39223, 40570, 43972, 52274, 67753, 67791, 68010, 68014, 68055, 83310, 88241, 89179, 90948, 91415, 94987, 95507, 98574, 106241, 107414, 109367, 111142, 111563, 116734, 123656, 127463, 129367, 132183, 139085, 141831, 148867, 153955, 153993, 157342, 160957, 166665, 170898, 175531, 176386, 177495, 178223, 196050, 199411, 199641, 201264, 210370, 211700, 211996, 214113, 214210, 215586, 215671, 220981, 224483, 261441, 288545, 339905, 346197, 346199, 346229, 346236, 347178, 350713, 350718, 351133, 353083, 357697, 361944, 362794, 372122, 375696, 375992, 380341, 384244, 395439, 400271, 403727, 421044, 422001, 423505, 423532, 428739, 431050, 431182, 435285, 443302, 465076, 477336, 488648, 491288, 497578, 504890, 506212, 519887, 521344, 531206, 536087, 540581, 568252, 571326, 580203, 583785, 599681, 624778]
11,46,[78, 277, 726, 943, 1071, 1093, 1675, 1972, 2296, 3329, 3431, 3559, 3827, 4777, 5008, 5023, 5197, 5414, 5568, 5603, 6249, 6515, 7531, 7857, 8395, 8735, 8804, 8860, 8867, 9311, 9507, 9796, 9983, 10003, 10798, 10802, 11494, 12979, 13287, 13598, 16880, 17929, 18632, 19081, 19141, 20782]
12,51,[595, 1372, 1522, 1554, 1565, 1679, 2076, 2267, 2474, 2961, 3078, 3423, 3507, 4459, 4752, 4784, 5456, 5940, 7005, 7020, 7406, 8197, 8625, 9378, 9516, 9685, 9986, 11543, 12035, 12079, 13243, 13479, 14556, 15155, 15311, 15348, 16249, 16930, 17158, 17163, 17237, 17406, 17965, 18186, 18248, 18979, 19150, 19353, 19545, 21909, 22677]
15,95,[3392, 3418, 3583, 3655, 4134, 4392, 5448, 6940, 7215, 9090, 10352, 10425, 10629, 11744, 18148, 20031, 21663, 22504, 27925, 28411, 28540, 28544, 28604, 28785, 29749, 30256, 30976, 32494, 32505, 44655, 47044, 47171, 65433, 76633, 79936, 80199, 81168, 81675, 90373, 91282, 91579, 91628, 92131, 92144, 92224, 92307, 92893, 97608, 98326, 98595, 99463, 99513, 99594, 99881, 100258, 100405, 100547, 100661, 101006, 102332, 103818, 108452, 113100, 114464, 121455, 123705, 123769, 123789, 123801, 124261, 124305, 124386, 132252, 133225, 133282, 134154, 134556, 135048, 136866, 136872, 143086, 143095, 143176, 143902, 144454, 144458, 145047, 145133, 154038, 154248, 154265, 155995, 157326, 159098, 159854]
16,42,[289, 2120, 2196, 2732, 2781, 3624, 3851, 4893, 5465, 5532, 5882, 7275, 8760, 9058, 9166, 10707, 12646, 13980, 14325, 15108, 17365, 20783, 20958, 21289, 21669, 23666, 23945, 24026, 24088, 24189, 24293, 24373, 25651, 25787, 25792, 27928, 28080, 29579, 33365, 33826, 34342, 36700]
17,59,[125, 14455, 20453, 20461, 38980, 39237, 40076, 45389, 47391, 70547, 75407, 75424, 91867, 92214, 92246, 107070, 107231, 110167, 110197, 113097, 116381, 116399, 116420, 130762, 133120, 133239, 142750, 146933, 155747, 156077, 156099, 156509, 156620, 157139, 157578, 157586, 166730, 168010, 177705, 189576, 189986, 191101, 191189, 192697, 193488, 193717, 195123, 197350, 197985, 198237, 199677, 205666, 205738, 205744, 207896, 207928, 207966, 208732, 212536]
18,6,[4756, 7390, 48665, 107397, 122471, 129752]
19,1,[7975]
20,2,[37088, 62411]
21,23,[6653, 8615, 10101, 14870, 15093, 17504, 17815, 17863, 17941, 18156, 18428, 18640, 19051, 19221, 20385, 22259, 22793, 24697, 25321, 26153, 26710, 31859, 33527]
22,190,[5327, 5703, 6371, 6447, 6818, 9089, 9493, 9497, 9656, 9659, 9795, 10404, 10411, 10418, 10431, 11471, 11482, 16882, 17486, 19278, 22326, 24205, 24216, 25123, 27365, 31467, 35660, 35662, 35810, 37321, 38524, 38532, 38534, 38536, 38677, 38678, 38680, 38703, 38712, 38725, 38738, 38921, 39217, 39297, 39632, 39665, 39676, 39680, 39816, 39890, 40555, 40558, 40581, 40622, 40625, 40628, 40631, 40645, 41044, 41382, 41734, 41859, 41975, 42262, 49255, 49259, 56960, 56966, 58364, 58366, 58893, 61273, 61646, 65029, 65040, 65062, 65336, 65846, 65868, 65893, 67143, 67911, 70320, 70393, 71419, 74434, 74436, 75535, 75642, 75644, 75646, 75648, 77063, 77088, 77954, 88096, 88100, 88125, 90087, 95686, 96413, 97205, 97207, 97209, 97212, 97214, 99432, 99434, 99437, 99492, 99543, 99561, 99674, 99682, 99887, 99905, 101494, 102175, 102181, 103239, 103431, 103446, 103751, 105229, 105235, 105241, 106183, 106245, 108650, 112323, 112458, 112724, 112863, 112892, 112895, 112927, 113425, 113432, 113438, 113511, 113514, 113517, 113955, 114434, 114436, 114438, 114440, 114442, 114539, 114546, 115374, 117652, 117654, 118447, 118485, 118523, 120600, 120622, 120634, 120697, 120722, 120724, 120730, 120734, 120796, 120921, 121686, 121689, 122472, 122553, 122760, 125311, 125677, 125762, 126147, 128217, 128220, 128623, 130993, 131548, 142371, 144032, 146058, 146595, 147658, 152334, 156171, 156262, 157835, 158398]
23,51,[3896, 3929, 4921, 6476, 6820, 8302, 8962, 9458, 11703, 12218, 12244, 12650, 15794, 15901, 16097, 16328, 16841, 16846, 17606, 17608, 17676, 17693, 17756, 18075, 18097, 18151, 18482, 19253, 19386, 19814, 19834, 22402, 23264, 23766, 24243, 24259, 24273, 24288, 25030, 25130, 25255, 26093, 26473, 26668, 27004, 27625, 27641, 27805, 28935, 28952, 29013]
24,96,[810, 1282, 1318, 1321, 1468, 2039, 2043, 2047, 2571, 2576, 3911, 5090, 5365, 5706, 6917, 6970, 7361, 7774, 7792, 7886, 7920, 8118, 8341, 8760, 8997, 9164, 10262, 11860, 12159, 12294, 13422, 13853, 14021, 15364, 15367, 15429, 16128, 16355, 16759, 16882, 17950, 18035, 18586, 21294, 22378, 22458, 22807, 23233, 23259, 23336, 23709, 23772, 23785, 23803, 23840, 24133, 24665, 24669, 25146, 25446, 25893, 26045, 26256, 26301, 26370, 26388, 26440, 28072, 28264, 28401, 28426, 28644, 28739, 30867, 31166, 31329, 31556, 32244, 33155, 33188, 33309, 34186, 37971, 38072, 38742, 39163, 39952, 40524, 40635, 40651, 40684, 42129, 42209, 43206, 43217, 44031]
25,1,[148870]
26,7,[76, 94, 149, 189, 219, 38003, 63749]
27,103,[403, 4277, 5929, 6506, 8775, 9099, 11150, 12731, 12862, 13172, 13686, 13933, 14147, 16925, 17268, 17924, 20289, 20995, 23850, 23903, 24670, 25652, 25669, 27813, 28234, 36812, 37101, 37228, 37239, 37646, 39992, 40987, 41656, 41836, 44405, 46615, 46755, 47276, 47485, 48851, 50204, 51647, 52069, 52304, 53454, 54365, 54693, 54784, 55394, 57275, 57738, 57753, 59691, 59873, 60127, 62668, 66391, 69050, 69266, 70480, 70770, 71539, 72522, 73401, 74484, 74563, 77176, 79333, 81838, 82587, 82963, 84082, 84188, 87055, 87437, 87570, 88815, 90393, 91167, 91886, 91908, 92807, 94240, 94505, 95034, 96995, 97029, 98126, 99022, 99284, 99493, 99998, 100038, 101699, 102178, 102368, 102524, 106692, 107333, 107344, 108394, 108823, 109478]
28,13,[5658, 5672, 6102, 6247, 7166, 8429, 8745, 9204, 9409, 10877, 11233, 11262, 11706]
30,118,[6007, 9666, 11312, 18309, 20352, 20480, 25819, 27677, 28366, 31908, 34139, 34267, 35398, 38055, 38286, 39125, 40472, 43874, 52176, 67650, 67688, 67907, 67911, 67952, 83203, 88134, 89072, 90841, 91308, 94880, 95400, 98467, 106130, 107303, 109256, 111031, 111452, 116623, 123545, 127352, 129255, 132071, 138973, 141719, 148754, 153842, 153880, 157229, 160843, 166542, 170775, 175408, 176263, 177372, 178100, 195918, 199269, 199499, 201122, 210228, 211558, 211854, 213971, 214068, 215444, 215529, 220831, 224333, 261285, 288389, 339746, 346038, 346040, 346070, 346077, 347019, 350554, 350559, 350974, 352924, 357537, 361784, 362634, 371959, 375533, 375829, 380178, 384081, 395273, 400105, 403561, 420878, 421835, 423339, 423366, 428572, 430880, 431012, 435115, 443132, 464905, 477167, 488486, 491128, 497409, 504721, 506043, 519715, 521172, 531031, 535912, 540406, 568072, 571146, 580023, 583605, 599484, 624524]
