10,53,[13870, 49680, 74525, 92635, 186907, 186985, 249175, 249250, 265401, 266532, 269719, 274099, 293354, 296561, 325388, 326771, 347211, 350443, 351661, 355594, 363531, 438261, 438268, 441325, 441482, 441712, 442949, 462818, 463898, 466319, 496824, 499558, 538076, 545545, 545610, 589761, 589976, 596520, 596570, 596629, 596942, 596964, 596977, 597193, 597381, 607039, 618283, 619192, 620276, 620301, 620704, 621774, 635894]
13,1,[533]
15,1,[34086]
17,14,[12905, 90241, 178968, 189969, 192311, 198525, 213479, 217336, 217356, 217412, 217462, 217509, 217620, 217662]
20,9,[20743, 24732, 39579, 41292, 50555, 56817, 60253, 60408, 65254]
21,1,[24473]
22,3,[66276, 66281, 148413]
23,1,[3123]
26,9,[21475, 25512, 40520, 42229, 51605, 57965, 61548, 61705, 66667]
27,2,[59492, 64007]
28,1,[2973]
30,53,[13776, 49582, 74422, 92528, 186775, 186853, 249022, 249097, 265245, 266376, 269563, 273943, 293197, 296404, 325229, 326612, 347052, 350284, 351502, 355435, 363368, 438091, 438098, 441155, 441312, 441542, 442779, 462647, 463727, 466148, 496655, 499389, 537901, 545370, 545435, 589576, 589791, 596329, 596379, 596438, 596751, 596773, 596786, 597002, 597190, 606832, 618031, 618940, 620024, 620049, 620452, 621522, 635619]
10,53,[13870, 49680, 74525, 92635, 186907, 186985, 249175, 249250, 265401, 266532, 269719, 274099, 293354, 296561, 325388, 326771, 347211, 350443, 351661, 355594, 363531, 438261, 438268, 441325, 441482, 441712, 442949, 462818, 463898, 466319, 496824, 499558, 538076, 545545, 545610, 589761, 589976, 596520, 596570, 596629, 596942, 596964, 596977, 597193, 597381, 607039, 618283, 619192, 620276, 620301, 620704, 621774, 635894]
13,1,[533]
15,1,[34086]
17,14,[12905, 90241, 178968, 189969, 192311, 198525, 213479, 217336, 217356, 217412, 217462, 217509, 217620, 217662]
20,9,[20743, 24732, 39579, 41292, 50555, 56817, 60253, 60408, 65254]
21,1,[24473]
22,3,[66276, 66281, 148413]
23,1,[3123]
26,9,[21475, 25512, 40520, 42229, 51605, 57965, 61548, 61705, 66667]
27,2,[59492, 64007]
28,1,[2973]
30,53,[13776, 49582, 74422, 92528, 186775, 186853, 249022, 249097, 265245, 266376, 269563, 273943, 293197, 296404, 325229, 326612, 347052, 350284, 351502, 355435, 363368, 438091, 438098, 441155, 441312, 441542, 442779, 462647, 463727, 466148, 496655, 499389, 537901, 545370, 545435, 589576, 589791, 596329, 596379, 596438, 596751, 596773, 596786, 597002, 597190, 606832, 618031, 618940, 620024, 620049, 620452, 621522, 635619]
