15,20,[6419, 37969, 48677, 59470, 64347, 68448, 68562, 69324, 87737, 102636, 115977, 119761, 137155, 137643, 138049, 138996, 144972, 152755, 152913, 153945]
16,3,[11163, 11852, 30074]
20,1,[60562]
21,1,[31238]
22,4,[4718, 21842, 26756, 28696]
27,2,[43887, 91404]
15,20,[6419, 37969, 48677, 59470, 64347, 68448, 68562, 69324, 87737, 102636, 115977, 119761, 137155, 137643, 138049, 138996, 144972, 152755, 152913, 153945]
16,3,[11163, 11852, 30074]
20,1,[60562]
21,1,[31238]
22,4,[4718, 21842, 26756, 28696]
27,2,[43887, 91404]
