10,1,[491914]
11,3,[8139, 8174, 18080]
15,8,[13187, 33301, 39477, 53550, 53572, 53917, 60381, 149940]
16,8,[6685, 6686, 6711, 27966, 33824, 35726, 36471, 37128]
21,1,[26344]
23,1,[11160]
24,41,[6365, 12322, 12551, 12717, 12794, 13664, 15023, 15055, 15198, 15516, 15693, 15740, 15777, 15836, 15863, 16717, 16733, 21415, 21530, 23797, 23836, 23968, 26590, 26621, 28150, 30565, 31506, 31525, 31753, 31981, 32317, 32391, 32751, 33190, 33243, 33258, 36493, 36543, 37300, 38349, 41833]
27,6,[7636, 20798, 30513, 44658, 58138, 73861]
30,1,[491754]
10,1,[491914]
11,3,[8139, 8174, 18080]
15,8,[13187, 33301, 39477, 53550, 53572, 53917, 60381, 149940]
16,8,[6685, 6686, 6711, 27966, 33824, 35726, 36471, 37128]
21,1,[26344]
23,1,[11160]
24,41,[6365, 12322, 12551, 12717, 12794, 13664, 15023, 15055, 15198, 15516, 15693, 15740, 15777, 15836, 15863, 16717, 16733, 21415, 21530, 23797, 23836, 23968, 26590, 26621, 28150, 30565, 31506, 31525, 31753, 31981, 32317, 32391, 32751, 33190, 33243, 33258, 36493, 36543, 37300, 38349, 41833]
27,6,[7636, 20798, 30513, 44658, 58138, 73861]
30,1,[491754]
