10,1,[477132]
11,4,[648, 1993, 8109, 8233]
12,3,[3709, 8759, 10616]
15,7,[27296, 27301, 28061, 162993, 163393, 163424, 171259]
16,21,[316, 3292, 5066, 5844, 6271, 6546, 14381, 15177, 18347, 20058, 23951, 26203, 31617, 31647, 36375, 36789, 36814, 37346, 37347, 37470, 37543]
21,2,[26301, 32556]
22,9,[17097, 48986, 48995, 85141, 108198, 133061, 133646, 147795, 147796]
23,6,[8707, 8731, 8773, 8826, 8843, 15650]
24,37,[668, 987, 1324, 1502, 1704, 2114, 8099, 12825, 13159, 16670, 16696, 17879, 19022, 20562, 21491, 23789, 23807, 23864, 23922, 25358, 27509, 28000, 28012, 29447, 30080, 31947, 33684, 36208, 38627, 40323, 41261, 41445, 43099, 43157, 43282, 44315, 44559]
27,67,[81, 107, 1301, 1340, 1406, 1563, 4351, 4417, 4473, 4617, 4810, 5196, 5218, 5509, 6005, 6257, 6395, 6748, 6813, 6894, 7839, 13187, 13434, 13772, 13885, 13899, 13947, 14067, 14283, 19224, 19271, 20179, 22507, 22575, 23708, 23731, 26246, 30038, 30040, 31596, 35014, 44107, 44462, 46879, 48451, 48458, 53180, 54030, 55476, 56089, 71185, 73325, 76315, 78008, 78301, 80010, 80091, 80579, 82350, 94436, 100414, 100625, 102356, 102778, 104335, 105582, 109157]
28,1,[10629]
30,1,[476963]
10,1,[477132]
11,4,[648, 1993, 8109, 8233]
12,3,[3709, 8759, 10616]
15,7,[27296, 27301, 28061, 162993, 163393, 163424, 171259]
16,21,[316, 3292, 5066, 5844, 6271, 6546, 14381, 15177, 18347, 20058, 23951, 26203, 31617, 31647, 36375, 36789, 36814, 37346, 37347, 37470, 37543]
21,2,[26301, 32556]
22,9,[17097, 48986, 48995, 85141, 108198, 133061, 133646, 147795, 147796]
23,6,[8707, 8731, 8773, 8826, 8843, 15650]
24,37,[668, 987, 1324, 1502, 1704, 2114, 8099, 12825, 13159, 16670, 16696, 17879, 19022, 20562, 21491, 23789, 23807, 23864, 23922, 25358, 27509, 28000, 28012, 29447, 30080, 31947, 33684, 36208, 38627, 40323, 41261, 41445, 43099, 43157, 43282, 44315, 44559]
27,67,[81, 107, 1301, 1340, 1406, 1563, 4351, 4417, 4473, 4617, 4810, 5196, 5218, 5509, 6005, 6257, 6395, 6748, 6813, 6894, 7839, 13187, 13434, 13772, 13885, 13899, 13947, 14067, 14283, 19224, 19271, 20179, 22507, 22575, 23708, 23731, 26246, 30038, 30040, 31596, 35014, 44107, 44462, 46879, 48451, 48458, 53180, 54030, 55476, 56089, 71185, 73325, 76315, 78008, 78301, 80010, 80091, 80579, 82350, 94436, 100414, 100625, 102356, 102778, 104335, 105582, 109157]
28,1,[10629]
30,1,[476963]
