8,2,[433, 546]
14,1,[17690]
15,18,[17526, 18210, 30674, 54936, 60195, 82257, 82592, 111027, 111931, 111943, 113530, 115525, 123106, 128635, 132459, 140195, 150697, 163633]
17,2,[17366, 17369]
18,21,[6143, 15854, 34075, 34680, 54752, 61038, 64816, 66918, 80864, 80878, 81430, 82310, 94702, 103307, 105959, 116219, 118612, 134239, 135811, 139100, 139437]
19,1,[9675]
20,6,[23438, 25296, 25303, 39274, 42496, 46456]
21,5,[2138, 3701, 18601, 27922, 34371]
23,6,[1651, 3900, 3903, 7402, 20303, 29738]
24,2,[11405, 13371]
25,3,[1887, 17406, 117757]
26,6,[24208, 26090, 26097, 40216, 43432, 47463]
27,5,[9902, 19449, 26975, 41269, 70401]
28,2,[2222, 10733]
8,2,[433, 546]
14,1,[17690]
15,18,[17526, 18210, 30674, 54936, 60195, 82257, 82592, 111027, 111931, 111943, 113530, 115525, 123106, 128635, 132459, 140195, 150697, 163633]
17,2,[17366, 17369]
18,21,[6143, 15854, 34075, 34680, 54752, 61038, 64816, 66918, 80864, 80878, 81430, 82310, 94702, 103307, 105959, 116219, 118612, 134239, 135811, 139100, 139437]
19,1,[9675]
20,6,[23438, 25296, 25303, 39274, 42496, 46456]
21,5,[2138, 3701, 18601, 27922, 34371]
23,6,[1651, 3900, 3903, 7402, 20303, 29738]
24,2,[11405, 13371]
25,3,[1887, 17406, 117757]
26,6,[24208, 26090, 26097, 40216, 43432, 47463]
27,5,[9902, 19449, 26975, 41269, 70401]
28,2,[2222, 10733]
