7,1,[43]
10,402,[18185, 28379, 36011, 41745, 41850, 46743, 46772, 48884, 49740, 50904, 53460, 53525, 58551, 58575, 63787, 64163, 88833, 89090, 89100, 90880, 91394, 93405, 109199, 127935, 132447, 162643, 164414, 164436, 164928, 205993, 229496, 248009, 248167, 248203, 248226, 248234, 248352, 251096, 255265, 258026, 259220, 259239, 259261, 294652, 302919, 306098, 309936, 310181, 311429, 311526, 312206, 312279, 313544, 314533, 314928, 315708, 315714, 315736, 315742, 315748, 316542, 316550, 316570, 316655, 316836, 320817, 321710, 321722, 323286, 323325, 323369, 324144, 324257, 324366, 324525, 326928, 327204, 329061, 329348, 330412, 330552, 331421, 331765, 332104, 333112, 333169, 333177, 333353, 334102, 334112, 334984, 335078, 335651, 335837, 336802, 336849, 337819, 337982, 342761, 344130, 344811, 344903, 346148, 346263, 350895, 351011, 351731, 352344, 354060, 354406, 354408, 355298, 363922, 364071, 364124, 364312, 364776, 365112, 365575, 366468, 367352, 367519, 367639, 367676, 368917, 369388, 370242, 370311, 370327, 371500, 371809, 372202, 372316, 372515, 373022, 374353, 377852, 377866, 380265, 381187, 381651, 381739, 382193, 383897, 384164, 384808, 388962, 389565, 389658, 389686, 389823, 389947, 390146, 390364, 390553, 390571, 391135, 392370, 392385, 392542, 392582, 392587, 393399, 394691, 398602, 398610, 398618, 398626, 400474, 400595, 400677, 401389, 405480, 422184, 430759, 431225, 431509, 431515, 433685, 434157, 434500, 434531, 434839, 434890, 435472, 435482, 440884, 441115, 445115, 445402, 446165, 449306, 455043, 457762, 457786, 457825, 457853, 458571, 463586, 465766, 466354, 466412, 467816, 470718, 471224, 472848, 474392, 474631, 482880, 483101, 485578, 486814, 486852, 486876, 487020, 489114, 489217, 489234, 490191, 490237, 491423, 493169, 493711, 493717, 495142, 497555, 498781, 498977, 499287, 506300, 508092, 511566, 512446, 512461, 521457, 523105, 525414, 529482, 529558, 529877, 531182, 536347, 536424, 536453, 539371, 542850, 544549, 546012, 548707, 549300, 549302, 550137, 554167, 554172, 555516, 557070, 557639, 558700, 561150, 561463, 561518, 568236, 569268, 572960, 580070, 584850, 585165, 585207, 585641, 585861, 585996, 586337, 586426, 586432, 586832, 587901, 588324, 588660, 588669, 589868, 590962, 591140, 591838, 592327, 592353, 592467, 592486, 592978, 593143, 595243, 595944, 596082, 596088, 596188, 598450, 598456, 598462, 598467, 598472, 598482, 598495, 599452, 599913, 599917, 599934, 599942, 599951, 599956, 600074, 600084, 600085, 600201, 600342, 600378, 600595, 600605, 601701, 601781, 602388, 602606, 602681, 602686, 602855, 602857, 602913, 602980, 602985, 602993, 603070, 603630, 605620, 605818, 605826, 605988, 606084, 606129, 606164, 606196, 606836, 606865, 606937, 608423, 608877, 609494, 609853, 609862, 610364, 610375, 610840, 611728, 611845, 612005, 612954, 613052, 613376, 614013, 614518, 616020, 616825, 617987, 618336, 618398, 618428, 618624, 620615, 623359, 623853, 624491, 625363, 625387, 625437, 625616, 625673, 626025, 626797, 626816, 626935, 626982, 627082, 627098, 627220, 627445, 627455, 628420, 631338, 631348, 631509, 633253, 633304, 633614, 633645, 634406, 635988, 637186, 637755, 637983, 638734, 639355, 640518, 640786, 640814, 640836]
12,4,[264, 13257, 13265, 13287]
14,1,[181669]
15,19,[320, 4161, 4207, 12692, 14966, 34826, 35095, 35823, 38381, 41186, 47138, 58955, 74379, 103241, 111166, 111499, 125631, 135247, 153575]
17,78,[8099, 11286, 17816, 18490, 20563, 21382, 21743, 22106, 26572, 30912, 31104, 31164, 31363, 31819, 32157, 32613, 33519, 34396, 34564, 34685, 34723, 35964, 36480, 40072, 40086, 44135, 44137, 44139, 44292, 46807, 46821, 47127, 49497, 59006, 59113, 73955, 73958, 77970, 86575, 86594, 90474, 90477, 90480, 93606, 94167, 95384, 96090, 101423, 104987, 109011, 109014, 109033, 111607, 111609, 111612, 111622, 119897, 132168, 146609, 146744, 155263, 157142, 158726, 178143, 178329, 178676, 183573, 183590, 187053, 188804, 188820, 197389, 198452, 205172, 205256, 206638, 214998, 217071]
18,7,[4770, 7911, 12283, 21782, 27706, 28481, 34976]
19,3,[6427, 6602, 27225]
20,30,[265, 708, 902, 2308, 3608, 3725, 6542, 7280, 7543, 7891, 8392, 11896, 13489, 16408, 27221, 27332, 27935, 27937, 51026, 52404, 54086, 54088, 58534, 58861, 63176, 64416, 64968, 64993, 65100, 65539]
21,1,[30210]
22,18,[17001, 54612, 79534, 109401, 140385, 140520, 140522, 140543, 140824, 140884, 140902, 141217, 142049, 142419, 158666, 158764, 159376, 160732]
23,4,[1757, 3260, 22780, 29638]
25,1,[174240]
26,62,[629, 1074, 1267, 2701, 4108, 4224, 7061, 7803, 8067, 8413, 8922, 12482, 12925, 13129, 13600, 14074, 14572, 14963, 17058, 22266, 22370, 23630, 28046, 28155, 28765, 28768, 31045, 31653, 31878, 33496, 33633, 33791, 33921, 34205, 34338, 34826, 36083, 36097, 36117, 36245, 36317, 38228, 39213, 44018, 50168, 51040, 51171, 52081, 53103, 53501, 55248, 55250, 59726, 60062, 62082, 62085, 64537, 65814, 66374, 66399, 66511, 66951]
27,2,[33047, 73827]
28,1,[9116]
30,402,[18091, 28285, 35913, 41647, 41752, 46645, 46674, 48786, 49642, 50806, 53361, 53426, 58452, 58476, 63684, 64060, 88726, 88983, 88993, 90773, 91287, 93298, 109088, 127824, 132335, 162520, 164291, 164313, 164805, 205851, 229346, 247856, 248014, 248050, 248073, 248081, 248199, 250943, 255112, 257870, 259064, 259083, 259105, 294495, 302761, 305940, 309778, 310023, 311270, 311367, 312047, 312120, 313385, 314374, 314769, 315549, 315555, 315577, 315583, 315589, 316383, 316391, 316411, 316496, 316677, 320658, 321551, 321563, 323127, 323166, 323210, 323985, 324098, 324207, 324366, 326769, 327045, 328902, 329189, 330253, 330393, 331262, 331606, 331945, 332953, 333010, 333018, 333194, 333943, 333953, 334825, 334919, 335492, 335678, 336643, 336690, 337660, 337823, 342602, 343971, 344652, 344744, 345989, 346104, 350736, 350852, 351572, 352185, 353901, 354247, 354249, 355139, 363759, 363908, 363961, 364149, 364613, 364949, 365412, 366305, 367189, 367356, 367476, 367513, 368754, 369225, 370079, 370148, 370164, 371337, 371646, 372039, 372153, 372352, 372859, 374190, 377689, 377703, 380102, 381024, 381488, 381576, 382030, 383734, 384001, 384645, 388799, 389402, 389495, 389523, 389660, 389784, 389983, 390201, 390390, 390408, 390972, 392207, 392222, 392379, 392419, 392424, 393233, 394525, 398436, 398444, 398452, 398460, 400308, 400429, 400511, 401223, 405314, 422018, 430589, 431055, 431339, 431345, 433515, 433987, 434330, 434361, 434669, 434720, 435302, 435312, 440714, 440945, 444945, 445232, 445995, 449136, 454873, 457592, 457616, 457655, 457683, 458401, 463415, 465595, 466183, 466241, 467645, 470547, 471053, 472678, 474222, 474461, 482715, 482936, 485414, 486651, 486689, 486713, 486857, 488953, 489056, 489073, 490031, 490077, 491263, 493009, 493551, 493557, 494983, 497386, 498612, 498808, 499118, 506131, 507923, 511397, 512277, 512292, 521285, 522933, 525242, 529307, 529383, 529702, 531007, 536172, 536249, 536278, 539196, 542675, 544374, 545837, 548532, 549122, 549124, 549959, 553989, 553994, 555338, 556892, 557461, 558522, 560972, 561285, 561340, 568056, 569088, 572780, 579890, 584665, 584980, 585022, 585456, 585676, 585811, 586152, 586241, 586247, 586647, 587716, 588139, 588475, 588484, 589683, 590777, 590955, 591653, 592136, 592162, 592276, 592295, 592787, 592952, 595052, 595753, 595891, 595897, 595997, 598259, 598265, 598271, 598276, 598281, 598291, 598304, 599255, 599716, 599720, 599737, 599745, 599754, 599759, 599877, 599887, 599888, 600004, 600145, 600181, 600398, 600408, 601504, 601584, 602191, 602409, 602484, 602489, 602658, 602660, 602716, 602783, 602788, 602796, 602873, 603428, 605418, 605616, 605624, 605781, 605877, 605922, 605957, 605989, 606629, 606658, 606730, 608211, 608665, 609282, 609641, 609650, 610147, 610158, 610623, 611505, 611622, 611782, 612725, 612823, 613147, 613779, 614284, 615781, 616586, 617735, 618084, 618146, 618176, 618372, 620363, 623107, 623599, 624237, 625106, 625130, 625180, 625359, 625416, 625768, 626540, 626559, 626678, 626725, 626825, 626841, 626960, 627185, 627195, 628160, 631067, 631077, 631234, 632978, 633029, 633339, 633370, 634131, 635713, 636911, 637480, 637708, 638459, 639080, 640243, 640511, 640539, 640561]
7,1,[43]
10,402,[18185, 28379, 36011, 41745, 41850, 46743, 46772, 48884, 49740, 50904, 53460, 53525, 58551, 58575, 63787, 64163, 88833, 89090, 89100, 90880, 91394, 93405, 109199, 127935, 132447, 162643, 164414, 164436, 164928, 205993, 229496, 248009, 248167, 248203, 248226, 248234, 248352, 251096, 255265, 258026, 259220, 259239, 259261, 294652, 302919, 306098, 309936, 310181, 311429, 311526, 312206, 312279, 313544, 314533, 314928, 315708, 315714, 315736, 315742, 315748, 316542, 316550, 316570, 316655, 316836, 320817, 321710, 321722, 323286, 323325, 323369, 324144, 324257, 324366, 324525, 326928, 327204, 329061, 329348, 330412, 330552, 331421, 331765, 332104, 333112, 333169, 333177, 333353, 334102, 334112, 334984, 335078, 335651, 335837, 336802, 336849, 337819, 337982, 342761, 344130, 344811, 344903, 346148, 346263, 350895, 351011, 351731, 352344, 354060, 354406, 354408, 355298, 363922, 364071, 364124, 364312, 364776, 365112, 365575, 366468, 367352, 367519, 367639, 367676, 368917, 369388, 370242, 370311, 370327, 371500, 371809, 372202, 372316, 372515, 373022, 374353, 377852, 377866, 380265, 381187, 381651, 381739, 382193, 383897, 384164, 384808, 388962, 389565, 389658, 389686, 389823, 389947, 390146, 390364, 390553, 390571, 391135, 392370, 392385, 392542, 392582, 392587, 393399, 394691, 398602, 398610, 398618, 398626, 400474, 400595, 400677, 401389, 405480, 422184, 430759, 431225, 431509, 431515, 433685, 434157, 434500, 434531, 434839, 434890, 435472, 435482, 440884, 441115, 445115, 445402, 446165, 449306, 455043, 457762, 457786, 457825, 457853, 458571, 463586, 465766, 466354, 466412, 467816, 470718, 471224, 472848, 474392, 474631, 482880, 483101, 485578, 486814, 486852, 486876, 487020, 489114, 489217, 489234, 490191, 490237, 491423, 493169, 493711, 493717, 495142, 497555, 498781, 498977, 499287, 506300, 508092, 511566, 512446, 512461, 521457, 523105, 525414, 529482, 529558, 529877, 531182, 536347, 536424, 536453, 539371, 542850, 544549, 546012, 548707, 549300, 549302, 550137, 554167, 554172, 555516, 557070, 557639, 558700, 561150, 561463, 561518, 568236, 569268, 572960, 580070, 584850, 585165, 585207, 585641, 585861, 585996, 586337, 586426, 586432, 586832, 587901, 588324, 588660, 588669, 589868, 590962, 591140, 591838, 592327, 592353, 592467, 592486, 592978, 593143, 595243, 595944, 596082, 596088, 596188, 598450, 598456, 598462, 598467, 598472, 598482, 598495, 599452, 599913, 599917, 599934, 599942, 599951, 599956, 600074, 600084, 600085, 600201, 600342, 600378, 600595, 600605, 601701, 601781, 602388, 602606, 602681, 602686, 602855, 602857, 602913, 602980, 602985, 602993, 603070, 603630, 605620, 605818, 605826, 605988, 606084, 606129, 606164, 606196, 606836, 606865, 606937, 608423, 608877, 609494, 609853, 609862, 610364, 610375, 610840, 611728, 611845, 612005, 612954, 613052, 613376, 614013, 614518, 616020, 616825, 617987, 618336, 618398, 618428, 618624, 620615, 623359, 623853, 624491, 625363, 625387, 625437, 625616, 625673, 626025, 626797, 626816, 626935, 626982, 627082, 627098, 627220, 627445, 627455, 628420, 631338, 631348, 631509, 633253, 633304, 633614, 633645, 634406, 635988, 637186, 637755, 637983, 638734, 639355, 640518, 640786, 640814, 640836]
12,4,[264, 13257, 13265, 13287]
14,1,[181669]
15,19,[320, 4161, 4207, 12692, 14966, 34826, 35095, 35823, 38381, 41186, 47138, 58955, 74379, 103241, 111166, 111499, 125631, 135247, 153575]
17,78,[8099, 11286, 17816, 18490, 20563, 21382, 21743, 22106, 26572, 30912, 31104, 31164, 31363, 31819, 32157, 32613, 33519, 34396, 34564, 34685, 34723, 35964, 36480, 40072, 40086, 44135, 44137, 44139, 44292, 46807, 46821, 47127, 49497, 59006, 59113, 73955, 73958, 77970, 86575, 86594, 90474, 90477, 90480, 93606, 94167, 95384, 96090, 101423, 104987, 109011, 109014, 109033, 111607, 111609, 111612, 111622, 119897, 132168, 146609, 146744, 155263, 157142, 158726, 178143, 178329, 178676, 183573, 183590, 187053, 188804, 188820, 197389, 198452, 205172, 205256, 206638, 214998, 217071]
18,7,[4770, 7911, 12283, 21782, 27706, 28481, 34976]
19,3,[6427, 6602, 27225]
20,30,[265, 708, 902, 2308, 3608, 3725, 6542, 7280, 7543, 7891, 8392, 11896, 13489, 16408, 27221, 27332, 27935, 27937, 51026, 52404, 54086, 54088, 58534, 58861, 63176, 64416, 64968, 64993, 65100, 65539]
21,1,[30210]
22,18,[17001, 54612, 79534, 109401, 140385, 140520, 140522, 140543, 140824, 140884, 140902, 141217, 142049, 142419, 158666, 158764, 159376, 160732]
23,4,[1757, 3260, 22780, 29638]
25,1,[174240]
26,62,[629, 1074, 1267, 2701, 4108, 4224, 7061, 7803, 8067, 8413, 8922, 12482, 12925, 13129, 13600, 14074, 14572, 14963, 17058, 22266, 22370, 23630, 28046, 28155, 28765, 28768, 31045, 31653, 31878, 33496, 33633, 33791, 33921, 34205, 34338, 34826, 36083, 36097, 36117, 36245, 36317, 38228, 39213, 44018, 50168, 51040, 51171, 52081, 53103, 53501, 55248, 55250, 59726, 60062, 62082, 62085, 64537, 65814, 66374, 66399, 66511, 66951]
27,2,[33047, 73827]
28,1,[9116]
30,402,[18091, 28285, 35913, 41647, 41752, 46645, 46674, 48786, 49642, 50806, 53361, 53426, 58452, 58476, 63684, 64060, 88726, 88983, 88993, 90773, 91287, 93298, 109088, 127824, 132335, 162520, 164291, 164313, 164805, 205851, 229346, 247856, 248014, 248050, 248073, 248081, 248199, 250943, 255112, 257870, 259064, 259083, 259105, 294495, 302761, 305940, 309778, 310023, 311270, 311367, 312047, 312120, 313385, 314374, 314769, 315549, 315555, 315577, 315583, 315589, 316383, 316391, 316411, 316496, 316677, 320658, 321551, 321563, 323127, 323166, 323210, 323985, 324098, 324207, 324366, 326769, 327045, 328902, 329189, 330253, 330393, 331262, 331606, 331945, 332953, 333010, 333018, 333194, 333943, 333953, 334825, 334919, 335492, 335678, 336643, 336690, 337660, 337823, 342602, 343971, 344652, 344744, 345989, 346104, 350736, 350852, 351572, 352185, 353901, 354247, 354249, 355139, 363759, 363908, 363961, 364149, 364613, 364949, 365412, 366305, 367189, 367356, 367476, 367513, 368754, 369225, 370079, 370148, 370164, 371337, 371646, 372039, 372153, 372352, 372859, 374190, 377689, 377703, 380102, 381024, 381488, 381576, 382030, 383734, 384001, 384645, 388799, 389402, 389495, 389523, 389660, 389784, 389983, 390201, 390390, 390408, 390972, 392207, 392222, 392379, 392419, 392424, 393233, 394525, 398436, 398444, 398452, 398460, 400308, 400429, 400511, 401223, 405314, 422018, 430589, 431055, 431339, 431345, 433515, 433987, 434330, 434361, 434669, 434720, 435302, 435312, 440714, 440945, 444945, 445232, 445995, 449136, 454873, 457592, 457616, 457655, 457683, 458401, 463415, 465595, 466183, 466241, 467645, 470547, 471053, 472678, 474222, 474461, 482715, 482936, 485414, 486651, 486689, 486713, 486857, 488953, 489056, 489073, 490031, 490077, 491263, 493009, 493551, 493557, 494983, 497386, 498612, 498808, 499118, 506131, 507923, 511397, 512277, 512292, 521285, 522933, 525242, 529307, 529383, 529702, 531007, 536172, 536249, 536278, 539196, 542675, 544374, 545837, 548532, 549122, 549124, 549959, 553989, 553994, 555338, 556892, 557461, 558522, 560972, 561285, 561340, 568056, 569088, 572780, 579890, 584665, 584980, 585022, 585456, 585676, 585811, 586152, 586241, 586247, 586647, 587716, 588139, 588475, 588484, 589683, 590777, 590955, 591653, 592136, 592162, 592276, 592295, 592787, 592952, 595052, 595753, 595891, 595897, 595997, 598259, 598265, 598271, 598276, 598281, 598291, 598304, 599255, 599716, 599720, 599737, 599745, 599754, 599759, 599877, 599887, 599888, 600004, 600145, 600181, 600398, 600408, 601504, 601584, 602191, 602409, 602484, 602489, 602658, 602660, 602716, 602783, 602788, 602796, 602873, 603428, 605418, 605616, 605624, 605781, 605877, 605922, 605957, 605989, 606629, 606658, 606730, 608211, 608665, 609282, 609641, 609650, 610147, 610158, 610623, 611505, 611622, 611782, 612725, 612823, 613147, 613779, 614284, 615781, 616586, 617735, 618084, 618146, 618176, 618372, 620363, 623107, 623599, 624237, 625106, 625130, 625180, 625359, 625416, 625768, 626540, 626559, 626678, 626725, 626825, 626841, 626960, 627185, 627195, 628160, 631067, 631077, 631234, 632978, 633029, 633339, 633370, 634131, 635713, 636911, 637480, 637708, 638459, 639080, 640243, 640511, 640539, 640561]
