10,35,[7591, 59703, 60419, 62467, 63983, 64607, 69532, 69547, 69696, 69827, 69879, 69892, 69916, 69931, 69947, 70031, 70059, 70317, 73629, 90121, 92314, 99274, 99887, 100007, 100067, 100126, 100203, 114770, 114783, 356340, 458417, 468316, 468333, 468420, 468712]
12,3,[5729, 5764, 6189]
14,3,[122401, 178378, 190776]
15,4,[26512, 67141, 75654, 132540]
17,3,[17153, 17157, 96914]
20,1,[45814]
21,41,[181, 231, 249, 406, 806, 1094, 1133, 7784, 7797, 7838, 7891, 7905, 7920, 8789, 8799, 8825, 8831, 9155, 9163, 9184, 12256, 12267, 19804, 19819, 19859, 20091, 25010, 25017, 25021, 25088, 25093, 25625, 25628, 28945, 34682, 34997, 35082, 35087, 35622, 35882, 35945]
22,7,[42164, 48887, 48889, 49017, 49019, 63004, 156659]
25,3,[117266, 171060, 183437]
26,1,[46816]
28,7,[421, 10399, 10405, 10765, 11694, 11708, 11746]
30,35,[7497, 59600, 60316, 62364, 63880, 64504, 69429, 69444, 69593, 69724, 69776, 69789, 69813, 69828, 69844, 69928, 69956, 70214, 73526, 90014, 92207, 99167, 99780, 99900, 99960, 100019, 100096, 114659, 114672, 356181, 458247, 468145, 468162, 468249, 468541]
10,35,[7591, 59703, 60419, 62467, 63983, 64607, 69532, 69547, 69696, 69827, 69879, 69892, 69916, 69931, 69947, 70031, 70059, 70317, 73629, 90121, 92314, 99274, 99887, 100007, 100067, 100126, 100203, 114770, 114783, 356340, 458417, 468316, 468333, 468420, 468712]
12,3,[5729, 5764, 6189]
14,3,[122401, 178378, 190776]
15,4,[26512, 67141, 75654, 132540]
17,3,[17153, 17157, 96914]
20,1,[45814]
21,41,[181, 231, 249, 406, 806, 1094, 1133, 7784, 7797, 7838, 7891, 7905, 7920, 8789, 8799, 8825, 8831, 9155, 9163, 9184, 12256, 12267, 19804, 19819, 19859, 20091, 25010, 25017, 25021, 25088, 25093, 25625, 25628, 28945, 34682, 34997, 35082, 35087, 35622, 35882, 35945]
22,7,[42164, 48887, 48889, 49017, 49019, 63004, 156659]
25,3,[117266, 171060, 183437]
26,1,[46816]
28,7,[421, 10399, 10405, 10765, 11694, 11708, 11746]
30,35,[7497, 59600, 60316, 62364, 63880, 64504, 69429, 69444, 69593, 69724, 69776, 69789, 69813, 69828, 69844, 69928, 69956, 70214, 73526, 90014, 92207, 99167, 99780, 99900, 99960, 100019, 100096, 114659, 114672, 356181, 458247, 468145, 468162, 468249, 468541]
