10,92,[6313, 7646, 22866, 42715, 45761, 56180, 56231, 56274, 65041, 101874, 103438, 116076, 127979, 128582, 131372, 131419, 131484, 132060, 134609, 135027, 137746, 139686, 143144, 144957, 157578, 157879, 166593, 167038, 167162, 172579, 181156, 183421, 184351, 185549, 214263, 219119, 220635, 226233, 234071, 247172, 253228, 261544, 265245, 284808, 285079, 285085, 291083, 297102, 297522, 307611, 307675, 314596, 321784, 334824, 337803, 340828, 343978, 347525, 349855, 356327, 368730, 379265, 421914, 421921, 423844, 446570, 456066, 456148, 456214, 458629, 460369, 467045, 469539, 473418, 481530, 495010, 497746, 508423, 513472, 515368, 519637, 522969, 541258, 551828, 555676, 570670, 578325, 588879, 615138, 620046, 626117, 630999]
11,27,[339, 1221, 1378, 1397, 1415, 1458, 2565, 3815, 4983, 5082, 7888, 8382, 8711, 9751, 11105, 12064, 12157, 13036, 13398, 13435, 13837, 13970, 14147, 14232, 14611, 17075, 17120]
12,22,[786, 949, 2976, 3072, 3639, 4050, 5234, 5721, 6870, 8970, 9008, 9466, 11479, 12744, 13863, 14221, 15732, 15833, 16040, 16222, 17202, 22515]
13,2,[2405, 2588]
14,6,[93751, 94420, 100599, 112842, 132699, 146762]
15,89,[98, 3759, 4095, 4201, 4712, 6129, 7808, 8218, 8425, 9923, 10953, 17746, 18618, 19832, 19892, 20227, 20257, 23150, 23462, 24367, 24655, 25421, 26309, 28264, 28319, 29423, 31866, 32005, 32075, 32090, 32134, 32185, 32248, 32323, 32670, 32748, 32767, 32986, 39757, 41074, 43225, 52223, 64155, 69554, 70476, 70609, 72805, 72912, 76189, 79963, 82825, 83875, 88074, 88127, 90979, 98102, 99811, 100762, 100908, 100920, 107986, 108319, 108463, 108865, 109206, 110700, 112670, 113049, 113983, 118060, 118899, 121044, 127510, 127965, 132450, 142185, 145805, 152992, 153064, 154497, 155986, 156576, 158262, 158440, 159060, 159660, 164595, 166421, 169952]
16,33,[377, 788, 1413, 1483, 4695, 5791, 7012, 9017, 9086, 10664, 10678, 10835, 13794, 14466, 14685, 16671, 17664, 19098, 21932, 23744, 24043, 24154, 24307, 24384, 24500, 26333, 26761, 27812, 29791, 35505, 35620, 35629, 36501]
17,20,[7957, 8188, 15190, 35778, 52617, 77472, 77510, 81000, 88081, 91040, 99319, 102939, 102958, 103011, 110328, 141457, 151384, 167306, 176403, 208980]
18,3,[45281, 79005, 106368]
19,3,[6595, 26913, 26988]
20,2,[49388, 58272]
21,4,[11806, 11972, 17403, 24823]
22,35,[7800, 8081, 9138, 9657, 10806, 16673, 19135, 20266, 20422, 35053, 35135, 35661, 37877, 38490, 38573, 42621, 47222, 75938, 77153, 77169, 77178, 85899, 86881, 87103, 90683, 102592, 112587, 115838, 117357, 125721, 126191, 128591, 128618, 128624, 129171]
23,19,[4812, 5864, 6292, 9485, 10123, 10562, 11696, 14441, 15488, 16838, 16866, 21241, 22548, 22551, 23788, 24421, 27628, 27635, 29651]
24,89,[681, 686, 2519, 2735, 3100, 3334, 4808, 6194, 7726, 7782, 8019, 8050, 8157, 8193, 8299, 8461, 8903, 8909, 8926, 9109, 9238, 9281, 9661, 9695, 10496, 10717, 11891, 12047, 12235, 14472, 14665, 15366, 15495, 16165, 16335, 16353, 16367, 16391, 16424, 16472, 16723, 16748, 16837, 17531, 17542, 17563, 18154, 18758, 19318, 22367, 23096, 23239, 23784, 24981, 25625, 26037, 26760, 26813, 26876, 27000, 27248, 28058, 28723, 29649, 29661, 30570, 30581, 31314, 32313, 33166, 33181, 33303, 33690, 33982, 34311, 34510, 34843, 35637, 36309, 37544, 38699, 38760, 38779, 39912, 39931, 41805, 43202, 43300, 44159]
25,5,[89768, 90479, 104101, 108162, 126965]
26,2,[50433, 59461]
27,110,[811, 5445, 7367, 7673, 7732, 8204, 9188, 12013, 12100, 12105, 12817, 13678, 13985, 14152, 16575, 16749, 18759, 19056, 19192, 20066, 20458, 20951, 25592, 29793, 30327, 31487, 31979, 32643, 34792, 35570, 35777, 35834, 35874, 38259, 38362, 39476, 39847, 40314, 41104, 41915, 42932, 43109, 46160, 47166, 47209, 47458, 50048, 51078, 51707, 52151, 52732, 54613, 57678, 59032, 59297, 60234, 61181, 61239, 61329, 63660, 66345, 66737, 67872, 69194, 69265, 69998, 70035, 70425, 70520, 72631, 73247, 74402, 75298, 76372, 77801, 79093, 79728, 81635, 82869, 84117, 86173, 86579, 87420, 89520, 90700, 91655, 92691, 94521, 97474, 97777, 98647, 99153, 100194, 100508, 101656, 106294, 106409, 106489, 106554, 106575, 106656, 107513, 107537, 107542, 108001, 108335, 108343, 108490, 108778, 108913]
28,11,[3229, 4170, 5460, 6759, 8681, 8700, 8979, 9349, 10855, 11211, 11729]
30,92,[6219, 7552, 22772, 42617, 45663, 56081, 56132, 56175, 64938, 101767, 103331, 115965, 127868, 128470, 131260, 131307, 131372, 131948, 134497, 134915, 137634, 139574, 143032, 144844, 157465, 157766, 166470, 166915, 167039, 172456, 181033, 183289, 184219, 185417, 214121, 218979, 220485, 226083, 233921, 247019, 253075, 261388, 265089, 284652, 284923, 284929, 290927, 296944, 297364, 307453, 307517, 314437, 321625, 334665, 337644, 340669, 343819, 347366, 349696, 356168, 368567, 379102, 421748, 421755, 423678, 446400, 455896, 455978, 456044, 458459, 460199, 466874, 469368, 473248, 481364, 494851, 497577, 508254, 513303, 515199, 519465, 522797, 541083, 551650, 555498, 570490, 578145, 588694, 614904, 619794, 625860, 630728]
10,92,[6313, 7646, 22866, 42715, 45761, 56180, 56231, 56274, 65041, 101874, 103438, 116076, 127979, 128582, 131372, 131419, 131484, 132060, 134609, 135027, 137746, 139686, 143144, 144957, 157578, 157879, 166593, 167038, 167162, 172579, 181156, 183421, 184351, 185549, 214263, 219119, 220635, 226233, 234071, 247172, 253228, 261544, 265245, 284808, 285079, 285085, 291083, 297102, 297522, 307611, 307675, 314596, 321784, 334824, 337803, 340828, 343978, 347525, 349855, 356327, 368730, 379265, 421914, 421921, 423844, 446570, 456066, 456148, 456214, 458629, 460369, 467045, 469539, 473418, 481530, 495010, 497746, 508423, 513472, 515368, 519637, 522969, 541258, 551828, 555676, 570670, 578325, 588879, 615138, 620046, 626117, 630999]
11,27,[339, 1221, 1378, 1397, 1415, 1458, 2565, 3815, 4983, 5082, 7888, 8382, 8711, 9751, 11105, 12064, 12157, 13036, 13398, 13435, 13837, 13970, 14147, 14232, 14611, 17075, 17120]
12,22,[786, 949, 2976, 3072, 3639, 4050, 5234, 5721, 6870, 8970, 9008, 9466, 11479, 12744, 13863, 14221, 15732, 15833, 16040, 16222, 17202, 22515]
13,2,[2405, 2588]
14,6,[93751, 94420, 100599, 112842, 132699, 146762]
15,89,[98, 3759, 4095, 4201, 4712, 6129, 7808, 8218, 8425, 9923, 10953, 17746, 18618, 19832, 19892, 20227, 20257, 23150, 23462, 24367, 24655, 25421, 26309, 28264, 28319, 29423, 31866, 32005, 32075, 32090, 32134, 32185, 32248, 32323, 32670, 32748, 32767, 32986, 39757, 41074, 43225, 52223, 64155, 69554, 70476, 70609, 72805, 72912, 76189, 79963, 82825, 83875, 88074, 88127, 90979, 98102, 99811, 100762, 100908, 100920, 107986, 108319, 108463, 108865, 109206, 110700, 112670, 113049, 113983, 118060, 118899, 121044, 127510, 127965, 132450, 142185, 145805, 152992, 153064, 154497, 155986, 156576, 158262, 158440, 159060, 159660, 164595, 166421, 169952]
16,33,[377, 788, 1413, 1483, 4695, 5791, 7012, 9017, 9086, 10664, 10678, 10835, 13794, 14466, 14685, 16671, 17664, 19098, 21932, 23744, 24043, 24154, 24307, 24384, 24500, 26333, 26761, 27812, 29791, 35505, 35620, 35629, 36501]
17,20,[7957, 8188, 15190, 35778, 52617, 77472, 77510, 81000, 88081, 91040, 99319, 102939, 102958, 103011, 110328, 141457, 151384, 167306, 176403, 208980]
18,3,[45281, 79005, 106368]
19,3,[6595, 26913, 26988]
20,2,[49388, 58272]
21,4,[11806, 11972, 17403, 24823]
22,35,[7800, 8081, 9138, 9657, 10806, 16673, 19135, 20266, 20422, 35053, 35135, 35661, 37877, 38490, 38573, 42621, 47222, 75938, 77153, 77169, 77178, 85899, 86881, 87103, 90683, 102592, 112587, 115838, 117357, 125721, 126191, 128591, 128618, 128624, 129171]
23,19,[4812, 5864, 6292, 9485, 10123, 10562, 11696, 14441, 15488, 16838, 16866, 21241, 22548, 22551, 23788, 24421, 27628, 27635, 29651]
24,89,[681, 686, 2519, 2735, 3100, 3334, 4808, 6194, 7726, 7782, 8019, 8050, 8157, 8193, 8299, 8461, 8903, 8909, 8926, 9109, 9238, 9281, 9661, 9695, 10496, 10717, 11891, 12047, 12235, 14472, 14665, 15366, 15495, 16165, 16335, 16353, 16367, 16391, 16424, 16472, 16723, 16748, 16837, 17531, 17542, 17563, 18154, 18758, 19318, 22367, 23096, 23239, 23784, 24981, 25625, 26037, 26760, 26813, 26876, 27000, 27248, 28058, 28723, 29649, 29661, 30570, 30581, 31314, 32313, 33166, 33181, 33303, 33690, 33982, 34311, 34510, 34843, 35637, 36309, 37544, 38699, 38760, 38779, 39912, 39931, 41805, 43202, 43300, 44159]
25,5,[89768, 90479, 104101, 108162, 126965]
26,2,[50433, 59461]
27,110,[811, 5445, 7367, 7673, 7732, 8204, 9188, 12013, 12100, 12105, 12817, 13678, 13985, 14152, 16575, 16749, 18759, 19056, 19192, 20066, 20458, 20951, 25592, 29793, 30327, 31487, 31979, 32643, 34792, 35570, 35777, 35834, 35874, 38259, 38362, 39476, 39847, 40314, 41104, 41915, 42932, 43109, 46160, 47166, 47209, 47458, 50048, 51078, 51707, 52151, 52732, 54613, 57678, 59032, 59297, 60234, 61181, 61239, 61329, 63660, 66345, 66737, 67872, 69194, 69265, 69998, 70035, 70425, 70520, 72631, 73247, 74402, 75298, 76372, 77801, 79093, 79728, 81635, 82869, 84117, 86173, 86579, 87420, 89520, 90700, 91655, 92691, 94521, 97474, 97777, 98647, 99153, 100194, 100508, 101656, 106294, 106409, 106489, 106554, 106575, 106656, 107513, 107537, 107542, 108001, 108335, 108343, 108490, 108778, 108913]
28,11,[3229, 4170, 5460, 6759, 8681, 8700, 8979, 9349, 10855, 11211, 11729]
30,92,[6219, 7552, 22772, 42617, 45663, 56081, 56132, 56175, 64938, 101767, 103331, 115965, 127868, 128470, 131260, 131307, 131372, 131948, 134497, 134915, 137634, 139574, 143032, 144844, 157465, 157766, 166470, 166915, 167039, 172456, 181033, 183289, 184219, 185417, 214121, 218979, 220485, 226083, 233921, 247019, 253075, 261388, 265089, 284652, 284923, 284929, 290927, 296944, 297364, 307453, 307517, 314437, 321625, 334665, 337644, 340669, 343819, 347366, 349696, 356168, 368567, 379102, 421748, 421755, 423678, 446400, 455896, 455978, 456044, 458459, 460199, 466874, 469368, 473248, 481364, 494851, 497577, 508254, 513303, 515199, 519465, 522797, 541083, 551650, 555498, 570490, 578145, 588694, 614904, 619794, 625860, 630728]
