10,417,[1254, 1257, 6577, 12837, 13092, 13496, 25559, 27598, 33401, 38239, 39313, 44417, 46847, 46962, 46974, 46983, 47016, 47069, 47091, 47255, 47260, 47291, 47331, 47358, 47379, 47521, 47554, 47557, 47714, 48164, 48169, 48182, 48230, 48234, 48361, 48366, 48964, 48980, 49023, 49093, 49133, 49138, 49172, 49252, 49297, 49307, 49327, 49366, 49391, 49577, 49629, 51008, 51028, 51074, 51804, 52716, 52918, 54496, 54801, 54809, 55018, 55404, 55746, 55751, 55761, 55790, 55794, 55834, 55871, 55878, 55886, 55914, 55935, 55956, 56053, 56058, 56071, 56083, 56123, 56150, 56156, 56290, 56303, 56306, 56346, 56363, 56370, 56400, 56897, 56912, 57137, 57152, 57204, 57225, 57267, 57343, 57385, 57391, 57394, 57413, 57447, 57588, 57677, 58021, 83684, 83780, 84827, 84873, 85042, 95088, 96526, 101126, 101636, 101660, 101669, 101711, 110687, 111027, 117012, 124765, 131635, 131820, 132502, 132593, 141975, 149982, 165021, 165102, 165220, 182952, 186998, 187072, 187089, 189547, 196682, 204064, 204079, 204085, 204092, 204099, 204116, 204242, 204272, 204319, 204322, 204383, 205595, 205599, 205608, 205629, 205646, 205650, 205701, 207800, 207862, 208175, 208222, 208414, 208444, 208529, 208542, 208572, 208576, 208586, 208589, 208615, 208676, 208688, 208717, 208764, 210606, 212367, 212780, 212824, 212885, 216374, 216428, 216506, 219363, 222613, 224327, 228408, 228517, 229596, 231004, 232756, 232784, 234648, 237169, 237205, 237223, 237567, 238116, 238117, 249263, 249347, 249365, 250083, 250891, 251321, 251369, 254695, 254699, 254725, 254730, 254764, 254781, 254797, 254816, 254819, 254998, 255002, 255057, 255081, 255083, 255098, 255101, 255161, 256135, 256370, 256561, 256813, 256826, 256845, 256847, 256866, 256899, 256912, 256919, 256934, 257288, 257326, 257560, 257571, 257575, 257589, 257612, 257644, 260249, 260282, 260488, 260519, 260597, 260611, 260629, 260641, 260646, 260656, 260660, 260685, 260695, 260745, 260757, 260788, 260838, 262090, 262562, 263619, 263670, 263709, 266535, 268379, 269459, 274207, 276847, 277508, 277569, 277640, 277650, 277666, 278490, 279954, 281005, 281027, 281101, 281870, 281914, 281920, 281929, 281949, 281998, 282061, 287569, 287592, 287613, 292325, 292344, 295937, 298022, 304294, 304298, 304510, 305535, 305607, 305705, 305718, 305727, 305741, 305764, 306837, 306843, 308661, 311023, 314673, 314678, 314910, 320923, 320983, 325320, 326836, 335467, 338015, 339546, 340157, 340161, 342176, 345889, 347636, 347728, 347732, 348847, 350716, 350969, 352166, 352763, 354201, 354205, 354209, 355024, 357204, 361283, 361288, 361790, 362319, 362360, 362382, 363853, 364091, 368778, 368885, 375980, 376505, 380003, 380562, 384002, 389783, 389855, 390069, 395273, 398767, 398867, 426937, 426938, 429343, 429350, 429369, 433355, 433362, 437791, 437909, 446635, 447037, 447232, 454211, 463457, 463518, 463619, 463815, 463947, 465907, 466011, 466298, 466526, 466626, 469758, 470386, 471199, 471335, 472196, 473949, 477173, 485570, 486953, 487809, 489227, 490631, 491364, 492419, 494136, 494556, 495633, 496825, 501372, 510639, 510650, 510656, 565895, 576768, 578865, 592838, 614200, 616166, 620592, 623865, 624857, 625349, 625564, 626174, 632931, 633128, 635053, 635338, 638355, 638985, 639125, 640677, 640754]
12,1,[19111]
14,81,[1789, 7198, 8543, 14996, 17666, 22134, 24105, 27951, 28447, 32195, 34636, 39591, 40331, 49558, 50288, 50332, 53993, 54494, 54809, 57199, 57790, 60438, 60927, 61913, 64573, 66210, 66386, 66570, 66736, 67372, 73142, 74780, 75420, 75467, 76694, 82421, 94515, 96190, 98804, 101871, 103997, 109632, 110158, 115365, 118051, 118500, 121018, 125350, 125968, 126924, 133350, 136947, 137395, 137443, 137502, 138923, 139502, 140040, 147127, 149396, 150631, 150637, 152527, 155034, 156580, 157020, 158168, 159000, 159054, 159842, 164682, 165982, 169834, 181004, 184285, 191020, 193035, 193953, 194664, 195136, 199474]
15,40,[13102, 15541, 15845, 26258, 36992, 50564, 50595, 50650, 50694, 50711, 52401, 52460, 52862, 58801, 67391, 88955, 88974, 104952, 116578, 123157, 125176, 125304, 127016, 131463, 131556, 131723, 131895, 131990, 132157, 132203, 132643, 132826, 133251, 133255, 148289, 155784, 160877, 167047, 167073, 170491]
16,1,[32892]
17,61,[490, 1618, 1848, 2592, 2748, 2799, 3266, 9253, 9281, 17176, 25457, 30839, 31127, 35824, 35932, 44948, 45425, 53072, 56465, 59344, 62216, 64191, 64359, 64390, 64442, 70832, 73601, 78851, 81791, 84295, 91991, 91999, 92017, 92087, 92089, 92091, 92094, 92109, 92126, 92134, 92142, 92204, 97389, 98939, 114788, 114892, 155772, 155830, 156682, 157587, 162093, 163850, 171810, 186456, 188518, 191786, 206472, 207384, 207582, 207941, 207968]
18,10,[8738, 11385, 18275, 60909, 73519, 73735, 73966, 73974, 92439, 92441]
20,39,[2325, 2946, 4178, 4225, 4394, 4928, 6584, 10846, 13759, 13842, 14708, 14900, 15244, 15318, 15538, 17580, 17706, 19350, 19708, 19969, 23905, 24498, 24989, 25533, 26687, 27458, 28458, 29053, 31328, 36396, 36687, 37187, 37822, 44878, 45324, 45791, 63668, 63685, 64367]
21,9,[5072, 9035, 9076, 9123, 9136, 19630, 20305, 20380, 20387]
22,13,[30542, 56514, 56623, 56649, 66413, 92697, 93033, 94356, 94419, 124063, 124168, 124341, 124344]
23,1,[29742]
24,10,[1569, 20304, 20910, 27724, 31257, 31886, 36124, 36383, 36899, 37730]
25,89,[2094, 7420, 7809, 8765, 14945, 17384, 21665, 23458, 27080, 27551, 27595, 29853, 31084, 33360, 38053, 38803, 47621, 48315, 48354, 51841, 52320, 52620, 54839, 55403, 55448, 58037, 58482, 59488, 60061, 63236, 63398, 63572, 63617, 63691, 64264, 66066, 66183, 69639, 70124, 71193, 71827, 71877, 73110, 78713, 90555, 92140, 94731, 97714, 99859, 105053, 105735, 110462, 112966, 113447, 115930, 120060, 120687, 121608, 127656, 131126, 131588, 131631, 131689, 132990, 133663, 134208, 141091, 143264, 144396, 144402, 146163, 148449, 149918, 150326, 151442, 152195, 152246, 152941, 157835, 159087, 162899, 173594, 176758, 182434, 184896, 185799, 186490, 186942, 201818]
26,37,[2718, 3406, 4680, 4728, 4900, 5444, 7102, 11409, 14346, 15317, 15527, 15877, 15955, 16178, 18256, 18383, 20055, 20420, 20690, 24669, 25275, 25774, 26327, 27489, 28285, 29288, 29892, 32197, 37598, 38103, 38739, 45863, 46314, 46793, 65048, 65064, 65765]
27,9,[17140, 47510, 47621, 49023, 59912, 60104, 63162, 93096, 104956]
28,8,[335, 8316, 8725, 8749, 9222, 9233, 9259, 9301]
30,417,[1161, 1164, 6483, 12743, 12998, 13402, 25465, 27504, 33303, 38141, 39215, 44319, 46749, 46864, 46876, 46885, 46918, 46971, 46993, 47157, 47162, 47193, 47233, 47260, 47281, 47423, 47456, 47459, 47616, 48066, 48071, 48084, 48132, 48136, 48263, 48268, 48866, 48882, 48925, 48995, 49035, 49040, 49074, 49154, 49199, 49209, 49229, 49268, 49293, 49479, 49531, 50910, 50930, 50976, 51706, 52618, 52820, 54397, 54702, 54710, 54919, 55305, 55647, 55652, 55662, 55691, 55695, 55735, 55772, 55779, 55787, 55815, 55836, 55857, 55954, 55959, 55972, 55984, 56024, 56051, 56057, 56191, 56204, 56207, 56247, 56264, 56271, 56301, 56798, 56813, 57038, 57053, 57105, 57126, 57168, 57244, 57286, 57292, 57295, 57314, 57348, 57489, 57578, 57922, 83577, 83673, 84720, 84766, 84935, 94981, 96419, 101019, 101529, 101553, 101562, 101604, 110576, 110916, 116901, 124654, 131523, 131708, 132390, 132481, 141863, 149869, 164898, 164979, 165097, 182820, 186866, 186940, 186957, 189415, 196550, 203922, 203937, 203943, 203950, 203957, 203974, 204100, 204130, 204177, 204180, 204241, 205453, 205457, 205466, 205487, 205504, 205508, 205559, 207658, 207720, 208033, 208080, 208272, 208302, 208387, 208400, 208430, 208434, 208444, 208447, 208473, 208534, 208546, 208575, 208622, 210464, 212225, 212638, 212682, 212743, 216232, 216286, 216364, 219223, 222463, 224177, 228258, 228367, 229446, 230854, 232606, 232634, 234498, 237019, 237055, 237073, 237417, 237966, 237967, 249110, 249194, 249212, 249930, 250738, 251168, 251216, 254542, 254546, 254572, 254577, 254611, 254628, 254644, 254663, 254666, 254845, 254849, 254904, 254928, 254930, 254945, 254948, 255008, 255979, 256214, 256405, 256657, 256670, 256689, 256691, 256710, 256743, 256756, 256763, 256778, 257132, 257170, 257404, 257415, 257419, 257433, 257456, 257488, 260093, 260126, 260332, 260363, 260441, 260455, 260473, 260485, 260490, 260500, 260504, 260529, 260539, 260589, 260601, 260632, 260682, 261934, 262406, 263463, 263514, 263553, 266379, 268223, 269303, 274051, 276691, 277353, 277414, 277485, 277495, 277511, 278335, 279799, 280850, 280872, 280946, 281715, 281759, 281765, 281774, 281794, 281843, 281906, 287413, 287436, 287457, 292168, 292187, 295780, 297864, 304136, 304140, 304352, 305377, 305449, 305547, 305560, 305569, 305583, 305606, 306679, 306685, 308503, 310865, 314514, 314519, 314751, 320764, 320824, 325161, 326677, 335308, 337856, 339387, 339998, 340002, 342017, 345730, 347477, 347569, 347573, 348688, 350557, 350810, 352007, 352604, 354042, 354046, 354050, 354865, 357044, 361123, 361128, 361630, 362159, 362200, 362222, 363690, 363928, 368615, 368722, 375817, 376342, 379840, 380399, 383839, 389620, 389692, 389906, 395107, 398601, 398701, 426771, 426772, 429176, 429183, 429202, 433185, 433192, 437621, 437739, 446465, 446867, 447062, 454041, 463286, 463347, 463448, 463644, 463776, 465736, 465840, 466127, 466355, 466455, 469587, 470215, 471028, 471164, 472026, 473779, 477004, 485406, 486790, 487647, 489066, 490471, 491204, 492259, 493976, 494396, 495474, 496656, 501203, 510470, 510481, 510487, 565715, 576588, 578685, 592647, 613966, 615927, 620340, 623611, 624603, 625092, 625307, 625917, 632656, 632853, 634778, 635063, 638080, 638710, 638850, 640402, 640479]
10,417,[1254, 1257, 6577, 12837, 13092, 13496, 25559, 27598, 33401, 38239, 39313, 44417, 46847, 46962, 46974, 46983, 47016, 47069, 47091, 47255, 47260, 47291, 47331, 47358, 47379, 47521, 47554, 47557, 47714, 48164, 48169, 48182, 48230, 48234, 48361, 48366, 48964, 48980, 49023, 49093, 49133, 49138, 49172, 49252, 49297, 49307, 49327, 49366, 49391, 49577, 49629, 51008, 51028, 51074, 51804, 52716, 52918, 54496, 54801, 54809, 55018, 55404, 55746, 55751, 55761, 55790, 55794, 55834, 55871, 55878, 55886, 55914, 55935, 55956, 56053, 56058, 56071, 56083, 56123, 56150, 56156, 56290, 56303, 56306, 56346, 56363, 56370, 56400, 56897, 56912, 57137, 57152, 57204, 57225, 57267, 57343, 57385, 57391, 57394, 57413, 57447, 57588, 57677, 58021, 83684, 83780, 84827, 84873, 85042, 95088, 96526, 101126, 101636, 101660, 101669, 101711, 110687, 111027, 117012, 124765, 131635, 131820, 132502, 132593, 141975, 149982, 165021, 165102, 165220, 182952, 186998, 187072, 187089, 189547, 196682, 204064, 204079, 204085, 204092, 204099, 204116, 204242, 204272, 204319, 204322, 204383, 205595, 205599, 205608, 205629, 205646, 205650, 205701, 207800, 207862, 208175, 208222, 208414, 208444, 208529, 208542, 208572, 208576, 208586, 208589, 208615, 208676, 208688, 208717, 208764, 210606, 212367, 212780, 212824, 212885, 216374, 216428, 216506, 219363, 222613, 224327, 228408, 228517, 229596, 231004, 232756, 232784, 234648, 237169, 237205, 237223, 237567, 238116, 238117, 249263, 249347, 249365, 250083, 250891, 251321, 251369, 254695, 254699, 254725, 254730, 254764, 254781, 254797, 254816, 254819, 254998, 255002, 255057, 255081, 255083, 255098, 255101, 255161, 256135, 256370, 256561, 256813, 256826, 256845, 256847, 256866, 256899, 256912, 256919, 256934, 257288, 257326, 257560, 257571, 257575, 257589, 257612, 257644, 260249, 260282, 260488, 260519, 260597, 260611, 260629, 260641, 260646, 260656, 260660, 260685, 260695, 260745, 260757, 260788, 260838, 262090, 262562, 263619, 263670, 263709, 266535, 268379, 269459, 274207, 276847, 277508, 277569, 277640, 277650, 277666, 278490, 279954, 281005, 281027, 281101, 281870, 281914, 281920, 281929, 281949, 281998, 282061, 287569, 287592, 287613, 292325, 292344, 295937, 298022, 304294, 304298, 304510, 305535, 305607, 305705, 305718, 305727, 305741, 305764, 306837, 306843, 308661, 311023, 314673, 314678, 314910, 320923, 320983, 325320, 326836, 335467, 338015, 339546, 340157, 340161, 342176, 345889, 347636, 347728, 347732, 348847, 350716, 350969, 352166, 352763, 354201, 354205, 354209, 355024, 357204, 361283, 361288, 361790, 362319, 362360, 362382, 363853, 364091, 368778, 368885, 375980, 376505, 380003, 380562, 384002, 389783, 389855, 390069, 395273, 398767, 398867, 426937, 426938, 429343, 429350, 429369, 433355, 433362, 437791, 437909, 446635, 447037, 447232, 454211, 463457, 463518, 463619, 463815, 463947, 465907, 466011, 466298, 466526, 466626, 469758, 470386, 471199, 471335, 472196, 473949, 477173, 485570, 486953, 487809, 489227, 490631, 491364, 492419, 494136, 494556, 495633, 496825, 501372, 510639, 510650, 510656, 565895, 576768, 578865, 592838, 614200, 616166, 620592, 623865, 624857, 625349, 625564, 626174, 632931, 633128, 635053, 635338, 638355, 638985, 639125, 640677, 640754]
12,1,[19111]
14,81,[1789, 7198, 8543, 14996, 17666, 22134, 24105, 27951, 28447, 32195, 34636, 39591, 40331, 49558, 50288, 50332, 53993, 54494, 54809, 57199, 57790, 60438, 60927, 61913, 64573, 66210, 66386, 66570, 66736, 67372, 73142, 74780, 75420, 75467, 76694, 82421, 94515, 96190, 98804, 101871, 103997, 109632, 110158, 115365, 118051, 118500, 121018, 125350, 125968, 126924, 133350, 136947, 137395, 137443, 137502, 138923, 139502, 140040, 147127, 149396, 150631, 150637, 152527, 155034, 156580, 157020, 158168, 159000, 159054, 159842, 164682, 165982, 169834, 181004, 184285, 191020, 193035, 193953, 194664, 195136, 199474]
15,40,[13102, 15541, 15845, 26258, 36992, 50564, 50595, 50650, 50694, 50711, 52401, 52460, 52862, 58801, 67391, 88955, 88974, 104952, 116578, 123157, 125176, 125304, 127016, 131463, 131556, 131723, 131895, 131990, 132157, 132203, 132643, 132826, 133251, 133255, 148289, 155784, 160877, 167047, 167073, 170491]
16,1,[32892]
17,61,[490, 1618, 1848, 2592, 2748, 2799, 3266, 9253, 9281, 17176, 25457, 30839, 31127, 35824, 35932, 44948, 45425, 53072, 56465, 59344, 62216, 64191, 64359, 64390, 64442, 70832, 73601, 78851, 81791, 84295, 91991, 91999, 92017, 92087, 92089, 92091, 92094, 92109, 92126, 92134, 92142, 92204, 97389, 98939, 114788, 114892, 155772, 155830, 156682, 157587, 162093, 163850, 171810, 186456, 188518, 191786, 206472, 207384, 207582, 207941, 207968]
18,10,[8738, 11385, 18275, 60909, 73519, 73735, 73966, 73974, 92439, 92441]
20,39,[2325, 2946, 4178, 4225, 4394, 4928, 6584, 10846, 13759, 13842, 14708, 14900, 15244, 15318, 15538, 17580, 17706, 19350, 19708, 19969, 23905, 24498, 24989, 25533, 26687, 27458, 28458, 29053, 31328, 36396, 36687, 37187, 37822, 44878, 45324, 45791, 63668, 63685, 64367]
21,9,[5072, 9035, 9076, 9123, 9136, 19630, 20305, 20380, 20387]
22,13,[30542, 56514, 56623, 56649, 66413, 92697, 93033, 94356, 94419, 124063, 124168, 124341, 124344]
23,1,[29742]
24,10,[1569, 20304, 20910, 27724, 31257, 31886, 36124, 36383, 36899, 37730]
25,89,[2094, 7420, 7809, 8765, 14945, 17384, 21665, 23458, 27080, 27551, 27595, 29853, 31084, 33360, 38053, 38803, 47621, 48315, 48354, 51841, 52320, 52620, 54839, 55403, 55448, 58037, 58482, 59488, 60061, 63236, 63398, 63572, 63617, 63691, 64264, 66066, 66183, 69639, 70124, 71193, 71827, 71877, 73110, 78713, 90555, 92140, 94731, 97714, 99859, 105053, 105735, 110462, 112966, 113447, 115930, 120060, 120687, 121608, 127656, 131126, 131588, 131631, 131689, 132990, 133663, 134208, 141091, 143264, 144396, 144402, 146163, 148449, 149918, 150326, 151442, 152195, 152246, 152941, 157835, 159087, 162899, 173594, 176758, 182434, 184896, 185799, 186490, 186942, 201818]
26,37,[2718, 3406, 4680, 4728, 4900, 5444, 7102, 11409, 14346, 15317, 15527, 15877, 15955, 16178, 18256, 18383, 20055, 20420, 20690, 24669, 25275, 25774, 26327, 27489, 28285, 29288, 29892, 32197, 37598, 38103, 38739, 45863, 46314, 46793, 65048, 65064, 65765]
27,9,[17140, 47510, 47621, 49023, 59912, 60104, 63162, 93096, 104956]
28,8,[335, 8316, 8725, 8749, 9222, 9233, 9259, 9301]
30,417,[1161, 1164, 6483, 12743, 12998, 13402, 25465, 27504, 33303, 38141, 39215, 44319, 46749, 46864, 46876, 46885, 46918, 46971, 46993, 47157, 47162, 47193, 47233, 47260, 47281, 47423, 47456, 47459, 47616, 48066, 48071, 48084, 48132, 48136, 48263, 48268, 48866, 48882, 48925, 48995, 49035, 49040, 49074, 49154, 49199, 49209, 49229, 49268, 49293, 49479, 49531, 50910, 50930, 50976, 51706, 52618, 52820, 54397, 54702, 54710, 54919, 55305, 55647, 55652, 55662, 55691, 55695, 55735, 55772, 55779, 55787, 55815, 55836, 55857, 55954, 55959, 55972, 55984, 56024, 56051, 56057, 56191, 56204, 56207, 56247, 56264, 56271, 56301, 56798, 56813, 57038, 57053, 57105, 57126, 57168, 57244, 57286, 57292, 57295, 57314, 57348, 57489, 57578, 57922, 83577, 83673, 84720, 84766, 84935, 94981, 96419, 101019, 101529, 101553, 101562, 101604, 110576, 110916, 116901, 124654, 131523, 131708, 132390, 132481, 141863, 149869, 164898, 164979, 165097, 182820, 186866, 186940, 186957, 189415, 196550, 203922, 203937, 203943, 203950, 203957, 203974, 204100, 204130, 204177, 204180, 204241, 205453, 205457, 205466, 205487, 205504, 205508, 205559, 207658, 207720, 208033, 208080, 208272, 208302, 208387, 208400, 208430, 208434, 208444, 208447, 208473, 208534, 208546, 208575, 208622, 210464, 212225, 212638, 212682, 212743, 216232, 216286, 216364, 219223, 222463, 224177, 228258, 228367, 229446, 230854, 232606, 232634, 234498, 237019, 237055, 237073, 237417, 237966, 237967, 249110, 249194, 249212, 249930, 250738, 251168, 251216, 254542, 254546, 254572, 254577, 254611, 254628, 254644, 254663, 254666, 254845, 254849, 254904, 254928, 254930, 254945, 254948, 255008, 255979, 256214, 256405, 256657, 256670, 256689, 256691, 256710, 256743, 256756, 256763, 256778, 257132, 257170, 257404, 257415, 257419, 257433, 257456, 257488, 260093, 260126, 260332, 260363, 260441, 260455, 260473, 260485, 260490, 260500, 260504, 260529, 260539, 260589, 260601, 260632, 260682, 261934, 262406, 263463, 263514, 263553, 266379, 268223, 269303, 274051, 276691, 277353, 277414, 277485, 277495, 277511, 278335, 279799, 280850, 280872, 280946, 281715, 281759, 281765, 281774, 281794, 281843, 281906, 287413, 287436, 287457, 292168, 292187, 295780, 297864, 304136, 304140, 304352, 305377, 305449, 305547, 305560, 305569, 305583, 305606, 306679, 306685, 308503, 310865, 314514, 314519, 314751, 320764, 320824, 325161, 326677, 335308, 337856, 339387, 339998, 340002, 342017, 345730, 347477, 347569, 347573, 348688, 350557, 350810, 352007, 352604, 354042, 354046, 354050, 354865, 357044, 361123, 361128, 361630, 362159, 362200, 362222, 363690, 363928, 368615, 368722, 375817, 376342, 379840, 380399, 383839, 389620, 389692, 389906, 395107, 398601, 398701, 426771, 426772, 429176, 429183, 429202, 433185, 433192, 437621, 437739, 446465, 446867, 447062, 454041, 463286, 463347, 463448, 463644, 463776, 465736, 465840, 466127, 466355, 466455, 469587, 470215, 471028, 471164, 472026, 473779, 477004, 485406, 486790, 487647, 489066, 490471, 491204, 492259, 493976, 494396, 495474, 496656, 501203, 510470, 510481, 510487, 565715, 576588, 578685, 592647, 613966, 615927, 620340, 623611, 624603, 625092, 625307, 625917, 632656, 632853, 634778, 635063, 638080, 638710, 638850, 640402, 640479]
