10,112,[136, 141, 146, 151, 496167, 497796, 501173, 502028, 511273, 512890, 515532, 515539, 515759, 515777, 521408, 522926, 525110, 525752, 527952, 528051, 531387, 534125, 535938, 544759, 549116, 569816, 574169, 574443, 574759, 575552, 578710, 584495, 584607, 584709, 584719, 585328, 589110, 589125, 589741, 591122, 591191, 591198, 591362, 591793, 592108, 593293, 595166, 595203, 595207, 595240, 595254, 595266, 595277, 595281, 595290, 595387, 597858, 599695, 600131, 600156, 601677, 602037, 602338, 602367, 602472, 602522, 603652, 603666, 603676, 603699, 603732, 603934, 604000, 604034, 604041, 604181, 604455, 604994, 606099, 606722, 608100, 608169, 608314, 608360, 608446, 608512, 608649, 608677, 609042, 609582, 609785, 609986, 610283, 611519, 611677, 611700, 611764, 611799, 612030, 613033, 613372, 613902, 615689, 615745, 615985, 617788, 618887, 625467, 625701, 626659, 626881, 637161]
15,2,[730, 17356]
17,41,[6977, 7110, 9758, 9834, 10008, 10146, 10242, 10278, 10349, 12080, 12136, 19978, 42453, 51109, 180245, 180251, 180305, 180314, 180333, 180368, 184157, 184238, 185442, 187874, 187883, 187911, 187925, 187994, 187998, 188249, 189259, 191149, 191516, 191537, 194212, 195583, 196820, 198547, 199040, 202542, 203063]
22,7,[63371, 65769, 66341, 67808, 67809, 67934, 159983]
23,1,[29626]
27,1,[41280]
30,104,[497627, 501004, 501859, 511104, 512721, 515367, 515587, 515605, 521236, 522754, 524938, 525580, 527780, 531212, 533950, 535763, 544584, 569636, 573989, 574263, 574579, 575372, 578530, 584310, 584422, 584524, 584534, 585143, 588925, 588940, 589556, 590937, 591006, 591013, 591177, 591608, 591917, 593102, 594975, 595012, 595016, 595049, 595063, 595075, 595086, 595090, 595099, 595196, 597667, 599498, 599934, 599959, 601480, 601840, 602141, 602170, 602275, 602325, 603450, 603464, 603474, 603497, 603530, 603732, 603798, 603832, 603839, 603979, 604253, 604792, 605892, 606515, 607893, 607962, 608102, 608148, 608234, 608300, 608437, 608465, 608830, 609370, 609573, 609769, 610066, 611296, 611454, 611477, 611541, 611576, 611807, 612804, 613143, 613668, 615450, 615506, 615746, 617541, 618635, 625210, 625444, 626402, 626624, 636886]
10,112,[136, 141, 146, 151, 496167, 497796, 501173, 502028, 511273, 512890, 515532, 515539, 515759, 515777, 521408, 522926, 525110, 525752, 527952, 528051, 531387, 534125, 535938, 544759, 549116, 569816, 574169, 574443, 574759, 575552, 578710, 584495, 584607, 584709, 584719, 585328, 589110, 589125, 589741, 591122, 591191, 591198, 591362, 591793, 592108, 593293, 595166, 595203, 595207, 595240, 595254, 595266, 595277, 595281, 595290, 595387, 597858, 599695, 600131, 600156, 601677, 602037, 602338, 602367, 602472, 602522, 603652, 603666, 603676, 603699, 603732, 603934, 604000, 604034, 604041, 604181, 604455, 604994, 606099, 606722, 608100, 608169, 608314, 608360, 608446, 608512, 608649, 608677, 609042, 609582, 609785, 609986, 610283, 611519, 611677, 611700, 611764, 611799, 612030, 613033, 613372, 613902, 615689, 615745, 615985, 617788, 618887, 625467, 625701, 626659, 626881, 637161]
15,2,[730, 17356]
17,41,[6977, 7110, 9758, 9834, 10008, 10146, 10242, 10278, 10349, 12080, 12136, 19978, 42453, 51109, 180245, 180251, 180305, 180314, 180333, 180368, 184157, 184238, 185442, 187874, 187883, 187911, 187925, 187994, 187998, 188249, 189259, 191149, 191516, 191537, 194212, 195583, 196820, 198547, 199040, 202542, 203063]
22,7,[63371, 65769, 66341, 67808, 67809, 67934, 159983]
23,1,[29626]
27,1,[41280]
30,104,[497627, 501004, 501859, 511104, 512721, 515367, 515587, 515605, 521236, 522754, 524938, 525580, 527780, 531212, 533950, 535763, 544584, 569636, 573989, 574263, 574579, 575372, 578530, 584310, 584422, 584524, 584534, 585143, 588925, 588940, 589556, 590937, 591006, 591013, 591177, 591608, 591917, 593102, 594975, 595012, 595016, 595049, 595063, 595075, 595086, 595090, 595099, 595196, 597667, 599498, 599934, 599959, 601480, 601840, 602141, 602170, 602275, 602325, 603450, 603464, 603474, 603497, 603530, 603732, 603798, 603832, 603839, 603979, 604253, 604792, 605892, 606515, 607893, 607962, 608102, 608148, 608234, 608300, 608437, 608465, 608830, 609370, 609573, 609769, 610066, 611296, 611454, 611477, 611541, 611576, 611807, 612804, 613143, 613668, 615450, 615506, 615746, 617541, 618635, 625210, 625444, 626402, 626624, 636886]
