6,1,[306]
10,31,[27304, 45641, 53481, 53484, 53699, 83363, 189399, 229175, 272375, 288731, 289199, 307603, 328027, 330809, 334362, 337540, 337682, 338254, 344091, 348765, 360441, 375860, 375899, 376961, 405571, 476575, 479258, 482331, 494954, 531460, 625737]
15,5,[29999, 32461, 59216, 87720, 170249]
19,2,[5071, 13124]
20,5,[12405, 23542, 50336, 56071, 63795]
22,6,[85903, 140147, 140167, 140170, 145444, 148016]
26,7,[12991, 24311, 41267, 41858, 51385, 57229, 65181]
27,4,[64728, 100873, 102047, 104331]
30,31,[27210, 45543, 53382, 53385, 53600, 83256, 189267, 229025, 272219, 288575, 289043, 307445, 327868, 330650, 334203, 337381, 337523, 338095, 343932, 348606, 360281, 375697, 375736, 376798, 405405, 476406, 479090, 482165, 494795, 531285, 625480]
6,1,[306]
10,31,[27304, 45641, 53481, 53484, 53699, 83363, 189399, 229175, 272375, 288731, 289199, 307603, 328027, 330809, 334362, 337540, 337682, 338254, 344091, 348765, 360441, 375860, 375899, 376961, 405571, 476575, 479258, 482331, 494954, 531460, 625737]
15,5,[29999, 32461, 59216, 87720, 170249]
19,2,[5071, 13124]
20,5,[12405, 23542, 50336, 56071, 63795]
22,6,[85903, 140147, 140167, 140170, 145444, 148016]
26,7,[12991, 24311, 41267, 41858, 51385, 57229, 65181]
27,4,[64728, 100873, 102047, 104331]
30,31,[27210, 45543, 53382, 53385, 53600, 83256, 189267, 229025, 272219, 288575, 289043, 307445, 327868, 330650, 334203, 337381, 337523, 338095, 343932, 348606, 360281, 375697, 375736, 376798, 405405, 476406, 479090, 482165, 494795, 531285, 625480]
