10,8,[480772, 504013, 506691, 517991, 540342, 542628, 598400, 598406]
14,60,[4592, 5524, 11192, 17038, 18915, 21892, 27655, 27670, 28457, 32785, 32873, 35259, 38269, 38285, 43749, 47818, 47883, 64568, 72381, 73631, 86552, 89050, 90023, 90845, 91900, 96775, 96840, 100737, 110929, 112850, 116189, 120656, 123060, 123153, 124148, 135407, 136647, 139716, 141620, 143675, 152326, 160867, 160946, 160951, 162188, 162247, 166533, 169566, 170544, 175383, 176441, 181896, 185782, 185934, 190705, 190764, 190781, 191481, 191524, 197875]
15,3,[117040, 118553, 151581]
17,28,[5551, 52519, 61513, 63439, 64220, 65373, 72515, 72589, 72689, 73752, 75261, 81789, 83285, 84115, 92121, 148378, 155865, 160900, 160903, 161160, 161163, 161301, 161305, 169492, 169976, 171805, 206465, 207587]
20,4,[24516, 25461, 31572, 45003]
21,4,[6237, 24678, 31496, 31562]
22,28,[1303, 1368, 4940, 24329, 26874, 34285, 34346, 34447, 43380, 44167, 44182, 44184, 44246, 46406, 51406, 55738, 62801, 66250, 86096, 86108, 106146, 106538, 107821, 127255, 127362, 130606, 135279, 139677]
23,4,[5986, 7116, 7120, 17930]
24,7,[8, 258, 6935, 8740, 8801, 11382, 37572]
25,57,[5009, 5882, 11354, 16831, 18541, 21445, 26773, 26788, 27560, 31649, 31740, 33934, 41979, 45982, 46041, 68974, 70101, 82892, 85378, 86318, 87082, 88050, 92693, 92751, 96675, 106449, 108170, 111265, 115602, 117941, 118043, 118960, 129703, 130821, 133907, 135699, 137728, 145991, 154087, 154161, 154168, 155448, 155504, 159597, 162639, 163589, 168308, 169333, 174480, 178161, 178334, 183348, 183363, 183425, 183442, 183451, 200212]
26,8,[22137, 25293, 26255, 32443, 39246, 45991, 59146, 64629]
27,2,[66505, 90121]
28,1,[6570]
30,8,[480604, 503844, 506522, 517819, 540167, 542453, 598209, 598215]
10,8,[480772, 504013, 506691, 517991, 540342, 542628, 598400, 598406]
14,60,[4592, 5524, 11192, 17038, 18915, 21892, 27655, 27670, 28457, 32785, 32873, 35259, 38269, 38285, 43749, 47818, 47883, 64568, 72381, 73631, 86552, 89050, 90023, 90845, 91900, 96775, 96840, 100737, 110929, 112850, 116189, 120656, 123060, 123153, 124148, 135407, 136647, 139716, 141620, 143675, 152326, 160867, 160946, 160951, 162188, 162247, 166533, 169566, 170544, 175383, 176441, 181896, 185782, 185934, 190705, 190764, 190781, 191481, 191524, 197875]
15,3,[117040, 118553, 151581]
17,28,[5551, 52519, 61513, 63439, 64220, 65373, 72515, 72589, 72689, 73752, 75261, 81789, 83285, 84115, 92121, 148378, 155865, 160900, 160903, 161160, 161163, 161301, 161305, 169492, 169976, 171805, 206465, 207587]
20,4,[24516, 25461, 31572, 45003]
21,4,[6237, 24678, 31496, 31562]
22,28,[1303, 1368, 4940, 24329, 26874, 34285, 34346, 34447, 43380, 44167, 44182, 44184, 44246, 46406, 51406, 55738, 62801, 66250, 86096, 86108, 106146, 106538, 107821, 127255, 127362, 130606, 135279, 139677]
23,4,[5986, 7116, 7120, 17930]
24,7,[8, 258, 6935, 8740, 8801, 11382, 37572]
25,57,[5009, 5882, 11354, 16831, 18541, 21445, 26773, 26788, 27560, 31649, 31740, 33934, 41979, 45982, 46041, 68974, 70101, 82892, 85378, 86318, 87082, 88050, 92693, 92751, 96675, 106449, 108170, 111265, 115602, 117941, 118043, 118960, 129703, 130821, 133907, 135699, 137728, 145991, 154087, 154161, 154168, 155448, 155504, 159597, 162639, 163589, 168308, 169333, 174480, 178161, 178334, 183348, 183363, 183425, 183442, 183451, 200212]
26,8,[22137, 25293, 26255, 32443, 39246, 45991, 59146, 64629]
27,2,[66505, 90121]
28,1,[6570]
30,8,[480604, 503844, 506522, 517819, 540167, 542453, 598209, 598215]
