9,1,[1332]
10,77,[619, 2360, 23957, 25520, 30626, 43031, 88887, 105579, 108452, 110039, 111218, 111634, 113066, 134385, 170210, 189989, 190015, 200223, 200488, 245193, 245195, 256816, 296134, 296136, 307460, 429452, 433766, 433913, 433956, 458156, 470513, 479521, 489239, 502125, 502136, 502592, 503226, 503259, 510592, 510648, 510677, 518013, 524650, 524836, 534226, 534238, 538429, 538454, 539201, 545534, 546590, 549917, 551176, 552270, 552530, 555564, 556828, 559121, 559128, 559685, 559964, 560184, 560322, 562556, 575147, 597254, 597937, 619632, 619659, 620747, 622191, 624267, 627755, 629522, 629674, 630103, 630640]
12,1,[9136]
14,15,[66373, 69090, 81331, 81526, 83545, 92271, 97930, 160567, 160751, 160812, 173005, 178615, 179730, 179732, 199529]
15,13,[17076, 35140, 55547, 90344, 93367, 103093, 105983, 110946, 113078, 153599, 156283, 157346, 166713]
17,32,[17370, 18756, 24107, 46085, 62435, 62450, 62761, 93434, 95195, 125924, 128944, 131898, 141091, 143412, 144699, 159922, 165084, 166958, 166961, 173432, 174220, 185050, 187267, 187284, 187413, 189754, 197291, 198184, 200273, 202571, 202734, 202886]
18,127,[3209, 4998, 10661, 11183, 14506, 14664, 15194, 15198, 15393, 15415, 15419, 15430, 15569, 15665, 15797, 15800, 15834, 17213, 17323, 17378, 17468, 18020, 19737, 19804, 20805, 20890, 21531, 23701, 24234, 26205, 32711, 33553, 34425, 34600, 34681, 34876, 34916, 40733, 42402, 42447, 42577, 42775, 44121, 47793, 48915, 50721, 53028, 54414, 55118, 56494, 56533, 58069, 58457, 61215, 66043, 66189, 69139, 70422, 70519, 71741, 71753, 76300, 77682, 77692, 77735, 79646, 82199, 82312, 82760, 82942, 87940, 88023, 88421, 88947, 89624, 91658, 93508, 96413, 97074, 97103, 97118, 97615, 98393, 98409, 98423, 99315, 99720, 101882, 104664, 106241, 110495, 110973, 111064, 114211, 114308, 116041, 116407, 118434, 118799, 120474, 121313, 122716, 123002, 123006, 123099, 123199, 124064, 124217, 124415, 124444, 126646, 126800, 126810, 127134, 127210, 129172, 131285, 132044, 132677, 134152, 135814, 136130, 139360, 144405, 146376, 146962, 146992]
19,6,[5949, 5954, 6311, 6316, 13903, 23911]
20,15,[48, 1635, 23795, 29621, 34972, 36280, 36359, 37999, 38016, 38368, 38734, 46051, 52783, 63618, 65465]
21,19,[1811, 2791, 3477, 3774, 3873, 4488, 12232, 12937, 14331, 14353, 14857, 17700, 17931, 22098, 24344, 25027, 28433, 30262, 31004]
22,7,[4493, 4526, 5412, 7469, 13384, 47086, 76583]
23,6,[4130, 6570, 14409, 25515, 25753, 29969]
24,1,[14604]
25,19,[63386, 65853, 77651, 77837, 79831, 88425, 93825, 94573, 130664, 153726, 153872, 153924, 153974, 166108, 171280, 172324, 172326, 182923, 201874]
26,15,[407, 2008, 24559, 30463, 35864, 37185, 37264, 38917, 38934, 39311, 39678, 47053, 53882, 64997, 66878]
27,21,[4602, 16078, 19097, 21953, 24180, 24607, 24761, 45033, 50878, 57423, 65440, 68031, 69190, 71813, 75783, 80932, 82822, 87277, 90269, 104528, 105773]
28,3,[557, 6070, 6411]
30,77,[526, 2267, 23863, 25426, 30532, 42933, 88780, 105468, 108341, 109928, 111107, 111523, 112955, 134273, 170087, 189857, 189883, 200081, 200346, 245040, 245042, 256660, 295977, 295979, 307302, 429285, 433596, 433743, 433786, 457986, 470342, 479353, 489078, 501956, 501967, 502423, 503057, 503090, 510423, 510479, 510508, 517841, 524478, 524664, 534051, 534063, 538254, 538279, 539026, 545359, 546415, 549739, 550998, 552092, 552352, 555386, 556650, 558943, 558950, 559507, 559786, 560006, 560144, 562378, 574967, 597063, 597746, 619380, 619407, 620495, 621939, 624013, 627495, 629259, 629411, 629840, 630371]
9,1,[1332]
10,77,[619, 2360, 23957, 25520, 30626, 43031, 88887, 105579, 108452, 110039, 111218, 111634, 113066, 134385, 170210, 189989, 190015, 200223, 200488, 245193, 245195, 256816, 296134, 296136, 307460, 429452, 433766, 433913, 433956, 458156, 470513, 479521, 489239, 502125, 502136, 502592, 503226, 503259, 510592, 510648, 510677, 518013, 524650, 524836, 534226, 534238, 538429, 538454, 539201, 545534, 546590, 549917, 551176, 552270, 552530, 555564, 556828, 559121, 559128, 559685, 559964, 560184, 560322, 562556, 575147, 597254, 597937, 619632, 619659, 620747, 622191, 624267, 627755, 629522, 629674, 630103, 630640]
12,1,[9136]
14,15,[66373, 69090, 81331, 81526, 83545, 92271, 97930, 160567, 160751, 160812, 173005, 178615, 179730, 179732, 199529]
15,13,[17076, 35140, 55547, 90344, 93367, 103093, 105983, 110946, 113078, 153599, 156283, 157346, 166713]
17,32,[17370, 18756, 24107, 46085, 62435, 62450, 62761, 93434, 95195, 125924, 128944, 131898, 141091, 143412, 144699, 159922, 165084, 166958, 166961, 173432, 174220, 185050, 187267, 187284, 187413, 189754, 197291, 198184, 200273, 202571, 202734, 202886]
18,127,[3209, 4998, 10661, 11183, 14506, 14664, 15194, 15198, 15393, 15415, 15419, 15430, 15569, 15665, 15797, 15800, 15834, 17213, 17323, 17378, 17468, 18020, 19737, 19804, 20805, 20890, 21531, 23701, 24234, 26205, 32711, 33553, 34425, 34600, 34681, 34876, 34916, 40733, 42402, 42447, 42577, 42775, 44121, 47793, 48915, 50721, 53028, 54414, 55118, 56494, 56533, 58069, 58457, 61215, 66043, 66189, 69139, 70422, 70519, 71741, 71753, 76300, 77682, 77692, 77735, 79646, 82199, 82312, 82760, 82942, 87940, 88023, 88421, 88947, 89624, 91658, 93508, 96413, 97074, 97103, 97118, 97615, 98393, 98409, 98423, 99315, 99720, 101882, 104664, 106241, 110495, 110973, 111064, 114211, 114308, 116041, 116407, 118434, 118799, 120474, 121313, 122716, 123002, 123006, 123099, 123199, 124064, 124217, 124415, 124444, 126646, 126800, 126810, 127134, 127210, 129172, 131285, 132044, 132677, 134152, 135814, 136130, 139360, 144405, 146376, 146962, 146992]
19,6,[5949, 5954, 6311, 6316, 13903, 23911]
20,15,[48, 1635, 23795, 29621, 34972, 36280, 36359, 37999, 38016, 38368, 38734, 46051, 52783, 63618, 65465]
21,19,[1811, 2791, 3477, 3774, 3873, 4488, 12232, 12937, 14331, 14353, 14857, 17700, 17931, 22098, 24344, 25027, 28433, 30262, 31004]
22,7,[4493, 4526, 5412, 7469, 13384, 47086, 76583]
23,6,[4130, 6570, 14409, 25515, 25753, 29969]
24,1,[14604]
25,19,[63386, 65853, 77651, 77837, 79831, 88425, 93825, 94573, 130664, 153726, 153872, 153924, 153974, 166108, 171280, 172324, 172326, 182923, 201874]
26,15,[407, 2008, 24559, 30463, 35864, 37185, 37264, 38917, 38934, 39311, 39678, 47053, 53882, 64997, 66878]
27,21,[4602, 16078, 19097, 21953, 24180, 24607, 24761, 45033, 50878, 57423, 65440, 68031, 69190, 71813, 75783, 80932, 82822, 87277, 90269, 104528, 105773]
28,3,[557, 6070, 6411]
30,77,[526, 2267, 23863, 25426, 30532, 42933, 88780, 105468, 108341, 109928, 111107, 111523, 112955, 134273, 170087, 189857, 189883, 200081, 200346, 245040, 245042, 256660, 295977, 295979, 307302, 429285, 433596, 433743, 433786, 457986, 470342, 479353, 489078, 501956, 501967, 502423, 503057, 503090, 510423, 510479, 510508, 517841, 524478, 524664, 534051, 534063, 538254, 538279, 539026, 545359, 546415, 549739, 550998, 552092, 552352, 555386, 556650, 558943, 558950, 559507, 559786, 560006, 560144, 562378, 574967, 597063, 597746, 619380, 619407, 620495, 621939, 624013, 627495, 629259, 629411, 629840, 630371]
