10,40,[3226, 20504, 28198, 31057, 32048, 115557, 151916, 162022, 171033, 174926, 175659, 181438, 194738, 284045, 288021, 291583, 294035, 298180, 306490, 327173, 333055, 337757, 340482, 343099, 387405, 388504, 395393, 467847, 470983, 479593, 516982, 522783, 564220, 566350, 575719, 590723, 599577, 599597, 618724, 618827]
15,2,[57133, 158169]
17,13,[2071, 4989, 11815, 16916, 46503, 62089, 84358, 113418, 114770, 119030, 143816, 173353, 185732]
19,1,[23671]
21,2,[9300, 28916]
24,1,[41510]
26,2,[17029, 63346]
27,6,[29900, 51778, 55361, 68306, 96703, 107517]
30,40,[3132, 20410, 28104, 30963, 31950, 115446, 151803, 161899, 170910, 174803, 175536, 181315, 194606, 283889, 287865, 291427, 293878, 298022, 306332, 327014, 332896, 337598, 340323, 342940, 387242, 388341, 395227, 467676, 470812, 479425, 516810, 522611, 564042, 566170, 575539, 590538, 599380, 599400, 618472, 618575]
10,40,[3226, 20504, 28198, 31057, 32048, 115557, 151916, 162022, 171033, 174926, 175659, 181438, 194738, 284045, 288021, 291583, 294035, 298180, 306490, 327173, 333055, 337757, 340482, 343099, 387405, 388504, 395393, 467847, 470983, 479593, 516982, 522783, 564220, 566350, 575719, 590723, 599577, 599597, 618724, 618827]
15,2,[57133, 158169]
17,13,[2071, 4989, 11815, 16916, 46503, 62089, 84358, 113418, 114770, 119030, 143816, 173353, 185732]
19,1,[23671]
21,2,[9300, 28916]
24,1,[41510]
26,2,[17029, 63346]
27,6,[29900, 51778, 55361, 68306, 96703, 107517]
30,40,[3132, 20410, 28104, 30963, 31950, 115446, 151803, 161899, 170910, 174803, 175536, 181315, 194606, 283889, 287865, 291427, 293878, 298022, 306332, 327014, 332896, 337598, 340323, 342940, 387242, 388341, 395227, 467676, 470812, 479425, 516810, 522611, 564042, 566170, 575539, 590538, 599380, 599400, 618472, 618575]
