10,38,[6336, 9111, 10908, 10921, 25340, 31535, 36393, 36658, 36992, 37160, 37835, 200858, 209964, 209970, 261048, 261055, 312699, 317102, 350108, 350214, 357421, 369809, 371545, 396677, 399089, 401292, 402037, 406231, 410738, 486127, 510430, 538718, 578793, 581877, 609185, 622654, 629996, 637819]
15,1,[136820]
17,8,[15073, 56552, 61129, 61545, 122264, 204000, 207302, 216310]
20,3,[52700, 61303, 65309]
21,1,[26787]
22,2,[94678, 130719]
23,1,[29890]
26,3,[53798, 62606, 66722]
27,1,[80416]
30,38,[6242, 9017, 10814, 10827, 25246, 31441, 36295, 36560, 36894, 37062, 37737, 200716, 209822, 209828, 260892, 260899, 312540, 316943, 349949, 350055, 357261, 369646, 371382, 396511, 398923, 401126, 401871, 406065, 410572, 485963, 510261, 538543, 578613, 581697, 608973, 622402, 629733, 637544]
10,38,[6336, 9111, 10908, 10921, 25340, 31535, 36393, 36658, 36992, 37160, 37835, 200858, 209964, 209970, 261048, 261055, 312699, 317102, 350108, 350214, 357421, 369809, 371545, 396677, 399089, 401292, 402037, 406231, 410738, 486127, 510430, 538718, 578793, 581877, 609185, 622654, 629996, 637819]
15,1,[136820]
17,8,[15073, 56552, 61129, 61545, 122264, 204000, 207302, 216310]
20,3,[52700, 61303, 65309]
21,1,[26787]
22,2,[94678, 130719]
23,1,[29890]
26,3,[53798, 62606, 66722]
27,1,[80416]
30,38,[6242, 9017, 10814, 10827, 25246, 31441, 36295, 36560, 36894, 37062, 37737, 200716, 209822, 209828, 260892, 260899, 312540, 316943, 349949, 350055, 357261, 369646, 371382, 396511, 398923, 401126, 401871, 406065, 410572, 485963, 510261, 538543, 578613, 581697, 608973, 622402, 629733, 637544]
