10,7,[155611, 306662, 364440, 384194, 429952, 509650, 545065]
17,3,[31491, 38378, 38983]
19,1,[4595]
21,1,[11813]
22,11,[27290, 27291, 34002, 44322, 44334, 44426, 53985, 77086, 105752, 146644, 148257]
26,1,[57394]
27,2,[32119, 60445]
30,7,[155498, 306504, 364277, 384031, 429785, 509481, 544890]
10,7,[155611, 306662, 364440, 384194, 429952, 509650, 545065]
17,3,[31491, 38378, 38983]
19,1,[4595]
21,1,[11813]
22,11,[27290, 27291, 34002, 44322, 44334, 44426, 53985, 77086, 105752, 146644, 148257]
26,1,[57394]
27,2,[32119, 60445]
30,7,[155498, 306504, 364277, 384031, 429785, 509481, 544890]
