14,162,[3018, 3309, 6792, 9535, 10581, 10841, 13035, 14050, 14708, 14903, 15638, 15649, 17552, 18547, 18582, 19473, 20048, 21010, 21710, 24556, 27205, 27213, 27256, 27262, 28048, 28109, 28264, 28274, 28824, 29068, 29080, 30731, 31487, 31655, 34094, 34726, 35601, 35794, 35836, 36787, 36798, 37943, 40018, 41514, 41525, 41754, 43424, 45515, 46565, 46584, 49138, 52102, 52104, 52954, 53236, 53293, 53327, 55259, 55262, 58441, 59621, 65518, 65523, 67334, 70607, 72076, 72098, 75165, 76081, 77031, 77076, 78009, 78055, 81320, 81326, 81329, 82771, 83932, 83933, 83973, 85064, 87505, 88656, 88683, 89420, 90541, 94820, 94828, 95463, 97446, 98327, 98338, 99087, 99091, 99655, 99822, 100126, 104099, 104615, 105385, 112733, 114388, 115801, 116588, 116662, 120329, 121336, 122634, 122651, 122653, 122889, 122895, 122908, 123784, 124492, 124857, 126378, 127365, 127404, 129027, 132758, 132886, 132902, 133378, 135032, 136328, 138250, 139362, 141463, 142224, 144374, 149706, 151316, 153771, 154598, 158684, 158686, 158702, 160419, 161864, 163173, 163184, 163197, 164940, 169165, 169960, 173362, 174127, 178051, 178963, 178967, 180107, 181460, 183992, 184470, 184645, 187167, 190438, 190441, 191307, 192220, 193139]
15,1,[41482]
22,1,[623]
25,167,[699, 738, 762, 768, 777, 3425, 3712, 7028, 9770, 10758, 11019, 13086, 14011, 14856, 15546, 15557, 17274, 18182, 18217, 19042, 19565, 20617, 21235, 23885, 26353, 26393, 27164, 27230, 27379, 27389, 27895, 28124, 28150, 29718, 30414, 30590, 32873, 33437, 34237, 34454, 34505, 35416, 35427, 36552, 38496, 38499, 39906, 39917, 40142, 41656, 43705, 44731, 44742, 44764, 47215, 49981, 49983, 50777, 51049, 51142, 53028, 56068, 57265, 62143, 62148, 64227, 67350, 68696, 68717, 71551, 71566, 71604, 72526, 73426, 73470, 74474, 77641, 77646, 77649, 79042, 80200, 80201, 80225, 81406, 83811, 84987, 85016, 85709, 86787, 90844, 90852, 91433, 93364, 94217, 94228, 94987, 94991, 95519, 95678, 96019, 96109, 99027, 99953, 100413, 101109, 108058, 109592, 110875, 111636, 111699, 115239, 116275, 117463, 117479, 117773, 117779, 117787, 118616, 119279, 119645, 121086, 122027, 122066, 123538, 127017, 127224, 127682, 129336, 130515, 132367, 133517, 133520, 135551, 136261, 138401, 143552, 145012, 147278, 148035, 151926, 153598, 155136, 156382, 156393, 156406, 162232, 163010, 166418, 167145, 170752, 171605, 171609, 172725, 174034, 176475, 176930, 177103, 179455, 182930, 182933, 184179, 184184, 184187, 184986, 188556, 189558, 189565]
27,3,[12943, 95055, 104537]
14,162,[3018, 3309, 6792, 9535, 10581, 10841, 13035, 14050, 14708, 14903, 15638, 15649, 17552, 18547, 18582, 19473, 20048, 21010, 21710, 24556, 27205, 27213, 27256, 27262, 28048, 28109, 28264, 28274, 28824, 29068, 29080, 30731, 31487, 31655, 34094, 34726, 35601, 35794, 35836, 36787, 36798, 37943, 40018, 41514, 41525, 41754, 43424, 45515, 46565, 46584, 49138, 52102, 52104, 52954, 53236, 53293, 53327, 55259, 55262, 58441, 59621, 65518, 65523, 67334, 70607, 72076, 72098, 75165, 76081, 77031, 77076, 78009, 78055, 81320, 81326, 81329, 82771, 83932, 83933, 83973, 85064, 87505, 88656, 88683, 89420, 90541, 94820, 94828, 95463, 97446, 98327, 98338, 99087, 99091, 99655, 99822, 100126, 104099, 104615, 105385, 112733, 114388, 115801, 116588, 116662, 120329, 121336, 122634, 122651, 122653, 122889, 122895, 122908, 123784, 124492, 124857, 126378, 127365, 127404, 129027, 132758, 132886, 132902, 133378, 135032, 136328, 138250, 139362, 141463, 142224, 144374, 149706, 151316, 153771, 154598, 158684, 158686, 158702, 160419, 161864, 163173, 163184, 163197, 164940, 169165, 169960, 173362, 174127, 178051, 178963, 178967, 180107, 181460, 183992, 184470, 184645, 187167, 190438, 190441, 191307, 192220, 193139]
15,1,[41482]
22,1,[623]
25,167,[699, 738, 762, 768, 777, 3425, 3712, 7028, 9770, 10758, 11019, 13086, 14011, 14856, 15546, 15557, 17274, 18182, 18217, 19042, 19565, 20617, 21235, 23885, 26353, 26393, 27164, 27230, 27379, 27389, 27895, 28124, 28150, 29718, 30414, 30590, 32873, 33437, 34237, 34454, 34505, 35416, 35427, 36552, 38496, 38499, 39906, 39917, 40142, 41656, 43705, 44731, 44742, 44764, 47215, 49981, 49983, 50777, 51049, 51142, 53028, 56068, 57265, 62143, 62148, 64227, 67350, 68696, 68717, 71551, 71566, 71604, 72526, 73426, 73470, 74474, 77641, 77646, 77649, 79042, 80200, 80201, 80225, 81406, 83811, 84987, 85016, 85709, 86787, 90844, 90852, 91433, 93364, 94217, 94228, 94987, 94991, 95519, 95678, 96019, 96109, 99027, 99953, 100413, 101109, 108058, 109592, 110875, 111636, 111699, 115239, 116275, 117463, 117479, 117773, 117779, 117787, 118616, 119279, 119645, 121086, 122027, 122066, 123538, 127017, 127224, 127682, 129336, 130515, 132367, 133517, 133520, 135551, 136261, 138401, 143552, 145012, 147278, 148035, 151926, 153598, 155136, 156382, 156393, 156406, 162232, 163010, 166418, 167145, 170752, 171605, 171609, 172725, 174034, 176475, 176930, 177103, 179455, 182930, 182933, 184179, 184184, 184187, 184986, 188556, 189558, 189565]
27,3,[12943, 95055, 104537]
