14,3,[100118, 113899, 184192]
17,30,[60964, 60987, 61169, 63371, 64654, 68898, 71209, 71234, 72610, 73410, 74610, 74647, 75020, 79812, 82992, 83000, 83004, 105939, 130797, 130811, 131035, 137312, 137918, 139750, 139784, 142579, 144301, 144335, 150469, 169194]
18,6,[40995, 67546, 72904, 109450, 128959, 134382]
20,6,[8678, 19681, 21691, 43902, 49706, 65816]
22,4,[111509, 111515, 111650, 111652]
25,9,[96098, 113691, 115852, 136939, 161700, 161702, 175559, 176348, 176682]
26,6,[9219, 20392, 22437, 44862, 50750, 67232]
27,6,[22521, 29808, 49308, 49426, 63017, 64734]
14,3,[100118, 113899, 184192]
17,30,[60964, 60987, 61169, 63371, 64654, 68898, 71209, 71234, 72610, 73410, 74610, 74647, 75020, 79812, 82992, 83000, 83004, 105939, 130797, 130811, 131035, 137312, 137918, 139750, 139784, 142579, 144301, 144335, 150469, 169194]
18,6,[40995, 67546, 72904, 109450, 128959, 134382]
20,6,[8678, 19681, 21691, 43902, 49706, 65816]
22,4,[111509, 111515, 111650, 111652]
25,9,[96098, 113691, 115852, 136939, 161700, 161702, 175559, 176348, 176682]
26,6,[9219, 20392, 22437, 44862, 50750, 67232]
27,6,[22521, 29808, 49308, 49426, 63017, 64734]
