11,3,[2555, 5961, 10715]
12,7,[4574, 8774, 16024, 16078, 17219, 22273, 22979]
13,1,[1744]
15,18,[8382, 8422, 15506, 28140, 29388, 29815, 30763, 32038, 32274, 40271, 41047, 100326, 100591, 100973, 132921, 143210, 143594, 157295]
16,4,[9937, 19425, 19427, 27605]
18,1,[103281]
20,1,[38722]
22,5,[64258, 71998, 72002, 72050, 72061]
24,14,[3454, 4947, 8053, 14991, 17976, 21759, 25972, 26367, 28641, 33269, 34592, 35515, 42768, 43068]
26,1,[39666]
27,7,[8386, 15138, 25167, 57343, 79770, 94826, 108577]
11,3,[2555, 5961, 10715]
12,7,[4574, 8774, 16024, 16078, 17219, 22273, 22979]
13,1,[1744]
15,18,[8382, 8422, 15506, 28140, 29388, 29815, 30763, 32038, 32274, 40271, 41047, 100326, 100591, 100973, 132921, 143210, 143594, 157295]
16,4,[9937, 19425, 19427, 27605]
18,1,[103281]
20,1,[38722]
22,5,[64258, 71998, 72002, 72050, 72061]
24,14,[3454, 4947, 8053, 14991, 17976, 21759, 25972, 26367, 28641, 33269, 34592, 35515, 42768, 43068]
26,1,[39666]
27,7,[8386, 15138, 25167, 57343, 79770, 94826, 108577]
