10,11,[44726, 317239, 317839, 322815, 549851, 603210, 611691, 625712, 626068, 626324, 637140]
17,1,[100735]
20,12,[234, 781, 3953, 5160, 6056, 12073, 18398, 44133, 45106, 46767, 47022, 50315]
22,4,[77759, 77762, 78154, 105620]
26,12,[598, 1147, 4452, 5675, 6575, 12660, 19107, 45096, 46095, 47771, 48025, 51363]
27,1,[50621]
30,11,[44628, 317080, 317680, 322656, 549673, 603013, 611468, 625455, 625811, 626067, 636865]
10,11,[44726, 317239, 317839, 322815, 549851, 603210, 611691, 625712, 626068, 626324, 637140]
17,1,[100735]
20,12,[234, 781, 3953, 5160, 6056, 12073, 18398, 44133, 45106, 46767, 47022, 50315]
22,4,[77759, 77762, 78154, 105620]
26,12,[598, 1147, 4452, 5675, 6575, 12660, 19107, 45096, 46095, 47771, 48025, 51363]
27,1,[50621]
30,11,[44628, 317080, 317680, 322656, 549673, 603013, 611468, 625455, 625811, 626067, 636865]
