15,7,[26527, 48420, 52691, 64658, 70279, 115868, 144823]
16,2,[9926, 22204]
19,1,[27659]
22,35,[21421, 27550, 39059, 52637, 52640, 52654, 62157, 63512, 78299, 80936, 90819, 105440, 109296, 111550, 111949, 111961, 111964, 111989, 111991, 111993, 111995, 111997, 111999, 112001, 112003, 112005, 112064, 112067, 112069, 112071, 112077, 116507, 123642, 141482, 141484]
23,1,[2232]
24,13,[5335, 19135, 19190, 38025, 38102, 38276, 38384, 38492, 38850, 41142, 42932, 42941, 42948]
27,3,[103036, 103133, 103187]
15,7,[26527, 48420, 52691, 64658, 70279, 115868, 144823]
16,2,[9926, 22204]
19,1,[27659]
22,35,[21421, 27550, 39059, 52637, 52640, 52654, 62157, 63512, 78299, 80936, 90819, 105440, 109296, 111550, 111949, 111961, 111964, 111989, 111991, 111993, 111995, 111997, 111999, 112001, 112003, 112005, 112064, 112067, 112069, 112071, 112077, 116507, 123642, 141482, 141484]
23,1,[2232]
24,13,[5335, 19135, 19190, 38025, 38102, 38276, 38384, 38492, 38850, 41142, 42932, 42941, 42948]
27,3,[103036, 103133, 103187]
